 # k         Erhorho   E11       E22       E33       Erhou1    
---------------------------------------------------------------
         1  0.39108144835200E-05  0.19646271447030E-03  0.61667335963730E-04  0.41480829514420E-04  0.20783381854470E-04
         2  0.43397604723710E-04  0.23602368425150E-02  0.57282417218740E-03  0.66802045518960E-03  0.26755450424510E-03
         3  0.37166359199260E-04  0.31854941338430E-02  0.73198857286510E-03  0.11486871702390E-02  0.26740157949260E-03
         4  0.32049406269060E-04  0.24839408687450E-02  0.11226226392730E-02  0.93691898832290E-03  0.17063121290630E-03
         5  0.29958247589890E-04  0.14935927414880E-02  0.89086817266560E-03  0.81005781578990E-03  0.11845825606380E-03
         6  0.27539698611810E-04  0.10799350425010E-02  0.71118571815550E-03  0.64930274279940E-03  0.87463697651460E-04
         7  0.28418213421350E-04  0.86584383678610E-03  0.58127326527480E-03  0.65189024277950E-03  0.78087429745770E-04
         8  0.22697598254270E-04  0.70872357606200E-03  0.53132523960190E-03  0.53084290882260E-03  0.49573156347510E-04
         9  0.19743134474090E-04  0.59426521376280E-03  0.44289231600650E-03  0.45556971330400E-03  0.39896388698890E-04
        10  0.20024543864040E-04  0.53285125046610E-03  0.43745898105870E-03  0.40197155661100E-03  0.37834112223420E-04
        11  0.17533676616350E-04  0.40038755892630E-03  0.34127481125890E-03  0.33693636248330E-03  0.28838826269150E-04
        12  0.17422185024040E-04  0.37019572679250E-03  0.31050467476170E-03  0.31808299127050E-03  0.27717533827020E-04
        13  0.15928354795110E-04  0.28339984766630E-03  0.27262147424500E-03  0.27379472432390E-03  0.21536773808110E-04
        14  0.14968905292700E-04  0.28460047739190E-03  0.22672039936060E-03  0.22492913201240E-03  0.21885599153100E-04
        15  0.13407401699400E-04  0.24900783040170E-03  0.22834012987920E-03  0.21107414563280E-03  0.17099332823540E-04
        16  0.12435869209090E-04  0.21261287415760E-03  0.19002433421660E-03  0.19579470355250E-03  0.16114707079510E-04
        17  0.12152141336540E-04  0.19006065829150E-03  0.18546439238440E-03  0.17526252322710E-03  0.14351022725930E-04
        18  0.10509736670430E-04  0.17884411891670E-03  0.16078452945770E-03  0.15857888784500E-03  0.11823265142470E-04
        19  0.11008825162950E-04  0.15714841611700E-03  0.15134616773170E-03  0.14458078920680E-03  0.11776497497310E-04
        20  0.97771861281160E-05  0.14660508948140E-03  0.13432279537990E-03  0.13562821444050E-03  0.10719665636120E-04
        21  0.92351711937380E-05  0.13075477201490E-03  0.12288243424590E-03  0.12190957125910E-03  0.10137945848920E-04
        22  0.86611942736620E-05  0.12082809876380E-03  0.11034382224840E-03  0.11326258363510E-03  0.92006656446920E-05
        23  0.86690217392830E-05  0.10810622590470E-03  0.10325967655810E-03  0.10575275755660E-03  0.92717813290110E-05
        24  0.80382762881320E-05  0.10367870866190E-03  0.95764192513070E-04  0.97598699187940E-04  0.77464755942570E-05
        25  0.75708263448160E-05  0.95837827060790E-04  0.88585829002030E-04  0.91850581416630E-04  0.70111194666660E-05
        26  0.72199520239330E-05  0.92279267869990E-04  0.83578049764840E-04  0.82492318133600E-04  0.67976057713520E-05
        27  0.66995322985450E-05  0.82485648428950E-04  0.79453258537590E-04  0.77932071230360E-04  0.64271289943830E-05
        28  0.63698341870860E-05  0.75976025772910E-04  0.72680783185480E-04  0.71611977684330E-04  0.63135949646760E-05
        29  0.59424236310500E-05  0.71018902267960E-04  0.67570368374640E-04  0.67235343244260E-04  0.56394965577560E-05
        30  0.58520445383610E-05  0.67399317344850E-04  0.62567012147490E-04  0.62095711899120E-04  0.54431416561450E-05
        31  0.55060961502770E-05  0.62737180751810E-04  0.59190426910500E-04  0.59873579927380E-04  0.50656897871880E-05
        32  0.52474833540970E-05  0.60446491944610E-04  0.55545261558310E-04  0.55315497123450E-04  0.47702987421020E-05
        33  0.50720556483020E-05  0.56727361287400E-04  0.51234367451750E-04  0.51404591520800E-04  0.44200861320500E-05
        34  0.48947385320240E-05  0.51646447229170E-04  0.49066953377650E-04  0.48815332224120E-04  0.44106385587490E-05
        35  0.46267172974050E-05  0.49601683924900E-04  0.45788541904710E-04  0.45325070817750E-04  0.40682205495770E-05
        36  0.44920283437570E-05  0.46639541262210E-04  0.42335451264830E-04  0.42958364847770E-04  0.41084932966690E-05
        37  0.42516114178960E-05  0.42909833338840E-04  0.40695573026940E-04  0.40403688587390E-04  0.37285575447690E-05
        38  0.40494310656250E-05  0.41569043110990E-04  0.38725950351910E-04  0.37903334298400E-04  0.35925666139010E-05
        39  0.39184583880900E-05  0.39659516264890E-04  0.36987182147440E-04  0.36858805817060E-04  0.33348310930880E-05
        40  0.37583640296400E-05  0.37407209074550E-04  0.34442510937040E-04  0.34360724947270E-04  0.32629468053170E-05
        41  0.36199970678760E-05  0.34912665811300E-04  0.31901737786930E-04  0.32318181790420E-04  0.29565278409990E-05
        42  0.34759628621560E-05  0.33086410172510E-04  0.30092178504770E-04  0.30747122726330E-04  0.29229066329370E-05
        43  0.32555799142990E-05  0.31728884187820E-04  0.28435187202010E-04  0.28670242794700E-04  0.27195844971160E-05
        44  0.31580579348910E-05  0.29974158397010E-04  0.26975961499840E-04  0.27376206032020E-04  0.26061879034470E-05
        45  0.30406948450330E-05  0.28082170202250E-04  0.25839263884630E-04  0.26063878205730E-04  0.25382604304660E-05
        46  0.29491478328160E-05  0.26922178940290E-04  0.24554670007700E-04  0.24648806430500E-04  0.24209887449870E-05
        47  0.28595643852050E-05  0.26053148575320E-04  0.23341580948600E-04  0.23439230390910E-04  0.23422606432860E-05
        48  0.27182789251980E-05  0.24333279598230E-04  0.22322396405610E-04  0.22276395806470E-04  0.21923294599190E-05
        49  0.26243498973960E-05  0.23056365823560E-04  0.21178909969880E-04  0.21142420984700E-04  0.21343596544990E-05
        50  0.25344033950110E-05  0.22136663899650E-04  0.19805159523700E-04  0.19946066546100E-04  0.20461778159920E-05
        51  0.24208702894320E-05  0.20753306686650E-04  0.18875058020990E-04  0.19040461607830E-04  0.20191406732850E-05
        52  0.23230443031480E-05  0.20056279190130E-04  0.18341261210520E-04  0.18203266695350E-04  0.19248649075400E-05
        53  0.22563665081400E-05  0.19203456068280E-04  0.16947288547400E-04  0.17275669819550E-04  0.18012725617930E-05
        54  0.22086927063670E-05  0.17986316534750E-04  0.16410116399870E-04  0.16582345052280E-04  0.17641002588540E-05
        55  0.21156029010450E-05  0.17411015397120E-04  0.15793825951300E-04  0.15654396766650E-04  0.17016290025590E-05
        56  0.20427670227330E-05  0.16502090542460E-04  0.14948266201600E-04  0.15230231188500E-04  0.15942071288360E-05
        57  0.19667706574090E-05  0.15555522733330E-04  0.14207770433990E-04  0.14133319823650E-04  0.15136463607690E-05
        58  0.18785189833120E-05  0.15037521467260E-04  0.13745080718710E-04  0.13659178312110E-04  0.14956318146120E-05
        59  0.18315026378510E-05  0.14314659784950E-04  0.12954380078210E-04  0.12830702010830E-04  0.14036491092460E-05
        60  0.17695846236870E-05  0.13744060701690E-04  0.12503412265610E-04  0.12294644912850E-04  0.13839798280830E-05
        61  0.16987154646010E-05  0.13118011608790E-04  0.11754141747960E-04  0.11909799020120E-04  0.13217886318300E-05
        62  0.16606244692860E-05  0.12689492227990E-04  0.11269604505940E-04  0.11248364132970E-04  0.13150924624150E-05
        63  0.15988312027080E-05  0.11944414172600E-04  0.10813939656350E-04  0.10849963529620E-04  0.11995807962510E-05
        64  0.15614284431340E-05  0.11492683730730E-04  0.10363958849840E-04  0.10409524510830E-04  0.12081672162970E-05
        65  0.15005297830250E-05  0.11106588078740E-04  0.99271757012690E-05  0.99255873253910E-05  0.11757523715450E-05
        66  0.14360025986290E-05  0.10547430773920E-04  0.94583720585470E-05  0.94665003026470E-05  0.10749331790070E-05
        67  0.13932356105110E-05  0.10261021412820E-04  0.90025959043090E-05  0.91610911204360E-05  0.10847383928880E-05
        68  0.13451981615450E-05  0.97340599116350E-05  0.86627972314260E-05  0.87126421405970E-05  0.10173288210910E-05
        69  0.13073914317700E-05  0.93570548291550E-05  0.83827082091540E-05  0.82733267867540E-05  0.97461122449320E-06
        70  0.12682905913780E-05  0.90966185085700E-05  0.79743697555560E-05  0.80074365749870E-05  0.95453994014690E-06
        71  0.12169528867740E-05  0.86038748072140E-05  0.76873205194300E-05  0.76098153787010E-05  0.91378058178760E-06
        72  0.11967046459440E-05  0.84246416249800E-05  0.73995757826020E-05  0.74244700033990E-05  0.90272798892430E-06
        73  0.11423774230030E-05  0.79239142398670E-05  0.70299867818580E-05  0.70607332235220E-05  0.85430764826840E-06
        74  0.11246618156900E-05  0.76203775678650E-05  0.67475337651140E-05  0.67730327100610E-05  0.82635789857720E-06
        75  0.10817453404320E-05  0.73171991205410E-05  0.65217334715650E-05  0.65125607535030E-05  0.79428733455970E-06
        76  0.10479378927620E-05  0.70605628344440E-05  0.61689349748650E-05  0.62631415963310E-05  0.76279589434160E-06
        77  0.10151443690850E-05  0.68132776786510E-05  0.59785497332390E-05  0.60031451377290E-05  0.76226922293160E-06
        78  0.99687548110390E-06  0.65332298081830E-05  0.57093545224180E-05  0.57842066296360E-05  0.72631785621320E-06
        79  0.95495229242560E-06  0.62847175378420E-05  0.54864328914540E-05  0.55681649703080E-05  0.69247880982390E-06
        80  0.92198836234970E-06  0.60329850320050E-05  0.53128757998900E-05  0.53345491310700E-05  0.66757700152640E-06
        81  0.89509572988100E-06  0.57560964994820E-05  0.51570814677930E-05  0.51617530789340E-05  0.63696998152040E-06
        82  0.87092230241110E-06  0.55556128191110E-05  0.48939025276760E-05  0.49351429525820E-05  0.61390863799260E-06
        83  0.84559273137480E-06  0.53763494739840E-05  0.47111854278140E-05  0.47512887539300E-05  0.60400623868200E-06
        84  0.82653975835410E-06  0.51645520540400E-05  0.45461096354920E-05  0.45668657801150E-05  0.58966436722660E-06
        85  0.79890676976460E-06  0.49897732654200E-05  0.44280628916060E-05  0.43904953826810E-05  0.57102097372970E-06
        86  0.77128632318600E-06  0.47973514979420E-05  0.41953326380070E-05  0.42312243268770E-05  0.55037406381900E-06
        87  0.75341828901860E-06  0.46105674027470E-05  0.40131108517230E-05  0.40719128107960E-05  0.53112583967980E-06
        88  0.73757925453130E-06  0.44440464195150E-05  0.39170572020850E-05  0.38845836065820E-05  0.51942748486510E-06
        89  0.71005080146500E-06  0.42932062604690E-05  0.37523321018780E-05  0.37531730435540E-05  0.50107054352500E-06
        90  0.69465854563450E-06  0.41229340023300E-05  0.35947695978370E-05  0.36135608154240E-05  0.48182889900590E-06
        91  0.67038876130810E-06  0.39971686939910E-05  0.34989306069240E-05  0.34777582109640E-05  0.46708153421560E-06
        92  0.65202284588400E-06  0.38376089069970E-05  0.33780742192960E-05  0.33692539552170E-05  0.46272372889330E-06
        93  0.63653393249910E-06  0.36932150845980E-05  0.32350105195600E-05  0.32344295603930E-05  0.44396238210260E-06
        94  0.61665750118410E-06  0.35815935265870E-05  0.31426482846170E-05  0.31384315007500E-05  0.43477152933360E-06
        95  0.60143577988550E-06  0.34676459357880E-05  0.30302231134190E-05  0.30261541967890E-05  0.41854637237890E-06
        96  0.58051459385370E-06  0.33302036453240E-05  0.29191471930030E-05  0.28890953356350E-05  0.39902352575220E-06
        97  0.56951178620500E-06  0.32392775130020E-05  0.28171810155030E-05  0.28175314486190E-05  0.38964661362350E-06
        98  0.54921252667450E-06  0.31259321961070E-05  0.27025000607940E-05  0.26695286513230E-05  0.38350730273850E-06
        99  0.53350980413790E-06  0.30206209617670E-05  0.26073971647630E-05  0.26022785889340E-05  0.37056185710230E-06
       100  0.52329029898530E-06  0.28809231960970E-05  0.25354215667940E-05  0.25167323156120E-05  0.35448102977470E-06
       101  0.50564798264800E-06  0.28168480988340E-05  0.24579099400280E-05  0.24269484427690E-05  0.34915451414060E-06
       102  0.49132974974140E-06  0.27007201410980E-05  0.23401367861040E-05  0.23535662502740E-05  0.33314771096560E-06
       103  0.48020780976170E-06  0.26160945684840E-05  0.22728587752690E-05  0.22700655941620E-05  0.32473500033850E-06
       104  0.46506670292930E-06  0.25327209598770E-05  0.21928481256950E-05  0.21888033710010E-05  0.31847637407430E-06
       105  0.45348250127200E-06  0.24409124618560E-05  0.21345634974540E-05  0.21338920286530E-05  0.30634408897480E-06
       106  0.44133370293800E-06  0.23561216982050E-05  0.20576464057820E-05  0.20549641421920E-05  0.29476640481800E-06
       107  0.42594004795940E-06  0.22787786371680E-05  0.19825800712630E-05  0.19893352784570E-05  0.28886220776440E-06
       108  0.41854056794640E-06  0.22030978061590E-05  0.19114385895840E-05  0.19081260756440E-05  0.27897568868760E-06
       109  0.40367500697320E-06  0.21266164699050E-05  0.18629777686710E-05  0.18687866006790E-05  0.27460716310870E-06
       110  0.39536961555360E-06  0.20597336247440E-05  0.17887956750080E-05  0.18089623537530E-05  0.26094695825870E-06
       111  0.38555740166930E-06  0.20194718669570E-05  0.17358346340300E-05  0.17362211553750E-05  0.25773586962350E-06
       112  0.37379297939640E-06  0.19331823082470E-05  0.16732740841610E-05  0.16786388825010E-05  0.24909947855940E-06
       113  0.36415826054640E-06  0.18931238410320E-05  0.16282830174960E-05  0.16142263460380E-05  0.24179768228750E-06
       114  0.35559222997730E-06  0.18170569423400E-05  0.15674130376900E-05  0.15725626124170E-05  0.23701942263470E-06
       115  0.34696413124970E-06  0.17609153290220E-05  0.15230203277520E-05  0.15217585882070E-05  0.23047204056920E-06
       116  0.33655160138670E-06  0.17046588379860E-05  0.14730636190740E-05  0.14702208214020E-05  0.22157836279120E-06
       117  0.32899325490690E-06  0.16544444059400E-05  0.14296956258010E-05  0.14271230259230E-05  0.21612550372900E-06
       118  0.31947909350810E-06  0.15948786893020E-05  0.13860341442290E-05  0.13695469624930E-05  0.21088652896870E-06
       119  0.31181080279910E-06  0.15484215962170E-05  0.13256340351080E-05  0.13246468710810E-05  0.20269098358820E-06
       120  0.30301823683290E-06  0.15058786157470E-05  0.12933320881920E-05  0.12900231909460E-05  0.19720230329270E-06
       121  0.29617518294110E-06  0.14535814324180E-05  0.12502469785650E-05  0.12528289570850E-05  0.19088670366290E-06
       122  0.28726101037770E-06  0.14058877985090E-05  0.12139294471300E-05  0.12166900175770E-05  0.18760607168350E-06
       123  0.27993527161170E-06  0.13676941160820E-05  0.11756172949240E-05  0.11786417663140E-05  0.18021160749200E-06
       124  0.27363588380750E-06  0.13186134293010E-05  0.11444679537230E-05  0.11419347600030E-05  0.17528618195690E-06
       125  0.26589326767870E-06  0.12789036386080E-05  0.11066774254560E-05  0.11063999235570E-05  0.16910768390650E-06
       126  0.25843964467790E-06  0.12385946802750E-05  0.10735522636280E-05  0.10732915626600E-05  0.16723913580740E-06
       127  0.25251649690440E-06  0.12095566839990E-05  0.10439645641280E-05  0.10422153461610E-05  0.16358834406160E-06
       128  0.24556402945520E-06  0.11673872286390E-05  0.10033876645170E-05  0.99981996355500E-06  0.15746543980980E-06
       129  0.23968266199970E-06  0.11353903821960E-05  0.97756049345080E-06  0.97141825979370E-06  0.15193232847250E-06
       130  0.23318784728770E-06  0.10991970575760E-05  0.94241513128890E-06  0.94043782362420E-06  0.14995564666980E-06
       131  0.22723493603240E-06  0.10685897192240E-05  0.91373197152480E-06  0.91112810309440E-06  0.14515599644130E-06
       132  0.22104143397840E-06  0.10329326059480E-05  0.88757235947120E-06  0.89072768000360E-06  0.14188384213710E-06
       133  0.21641713817050E-06  0.10078343468810E-05  0.85944870058980E-06  0.86567134181410E-06  0.13694817185700E-06
       134  0.21225420505860E-06  0.97720611284330E-06  0.83220771650210E-06  0.83228520429250E-06  0.13450482155540E-06
       135  0.20545159933810E-06  0.94665492522780E-06  0.81008699376280E-06  0.81118348820630E-06  0.12766399423330E-06
       136  0.20103647393310E-06  0.91635169623040E-06  0.79050235408630E-06  0.78387604147350E-06  0.12758076183860E-06
       137  0.19481943246600E-06  0.88717359633070E-06  0.75940514021440E-06  0.76204657834790E-06  0.12165437550460E-06
       138  0.19014743273170E-06  0.86717298380320E-06  0.73801036497690E-06  0.74088198786900E-06  0.11965221052000E-06
       139  0.18661984063300E-06  0.84170049628260E-06  0.71659455753350E-06  0.71754715278770E-06  0.11642996232050E-06
       140  0.18144594806700E-06  0.81248725879280E-06  0.69509580719310E-06  0.70008019983950E-06  0.11319116448140E-06
       141  0.17669716331740E-06  0.78908891514960E-06  0.67522863178110E-06  0.67844845678690E-06  0.10922878755570E-06
       142  0.17301009192560E-06  0.76674393045090E-06  0.65639900903650E-06  0.65945562019660E-06  0.10802311341860E-06
       143  0.16851133399980E-06  0.74746300352860E-06  0.63877902650250E-06  0.63956685154040E-06  0.10432505259840E-06
       144  0.16414865068450E-06  0.72975905901650E-06  0.62141281043670E-06  0.62100403224290E-06  0.10111671586080E-06
       145  0.16026405958510E-06  0.70438549179820E-06  0.60385676431960E-06  0.60197755977920E-06  0.98411891778300E-07
       146  0.15611461668110E-06  0.68540817564160E-06  0.58426162315410E-06  0.58590604808480E-06  0.95753429435190E-07
       147  0.15258120323240E-06  0.66517950150530E-06  0.56734739721060E-06  0.56897183279510E-06  0.93309776165130E-07
       148  0.14841375350110E-06  0.64440527014010E-06  0.55443481308190E-06  0.55851727827460E-06  0.90308060940840E-07
       149  0.14484947346240E-06  0.62495818331490E-06  0.53615016540670E-06  0.53861795260440E-06  0.87853891197100E-07
       150  0.14106968478800E-06  0.61410415043050E-06  0.52479875391350E-06  0.52286845637450E-06  0.86569030611220E-07
       151  0.13795621987880E-06  0.59232239510410E-06  0.50581623444190E-06  0.50752766007370E-06  0.83748253304930E-07
       152  0.13540252478160E-06  0.57562681414950E-06  0.49432069829650E-06  0.49627503557640E-06  0.81463074241820E-07
       153  0.13123717082600E-06  0.56173197692350E-06  0.47749659168220E-06  0.47846254306420E-06  0.78941340410060E-07
       154  0.12813277695420E-06  0.54096234010920E-06  0.46433490038530E-06  0.46759075787460E-06  0.76567905321620E-07
       155  0.12447958723290E-06  0.52926473535070E-06  0.45516785796590E-06  0.45323426407880E-06  0.75429216868600E-07
       156  0.12279420825030E-06  0.51346472797160E-06  0.44147995849390E-06  0.43999264003030E-06  0.73030588960080E-07
       157  0.11936600802800E-06  0.49967852134290E-06  0.42641474077040E-06  0.42749413077170E-06  0.71107226931620E-07
       158  0.11673393914820E-06  0.48773441194680E-06  0.41515138902760E-06  0.41606611100720E-06  0.69328365117300E-07
       159  0.11423141922690E-06  0.47499197769070E-06  0.40501806822350E-06  0.40489543262630E-06  0.67713622523610E-07
       160  0.11117329602980E-06  0.46091881458010E-06  0.39307209989570E-06  0.39429624427480E-06  0.65505800422100E-07
       161  0.10850397592130E-06  0.44772159825200E-06  0.38250654961970E-06  0.38324305742430E-06  0.64259477343450E-07
       162  0.10594592342750E-06  0.43757070377190E-06  0.37202518819800E-06  0.37308456770110E-06  0.62666186202100E-07
       163  0.10308573049310E-06  0.42479331232010E-06  0.36217971015230E-06  0.36169268121860E-06  0.60898330148560E-07
       164  0.10084897543160E-06  0.41394899094380E-06  0.35266371239890E-06  0.35288919125820E-06  0.59829199688640E-07
       165  0.98368533781940E-07  0.40049490687010E-06  0.34368698324590E-06  0.34380100122050E-06  0.57158421331940E-07
       166  0.95954541033810E-07  0.38866906830030E-06  0.33348499410900E-06  0.33432035069440E-06  0.55800121222670E-07
       167  0.93819742050730E-07  0.38030925273440E-06  0.32631633872770E-06  0.32680822331580E-06  0.54488755039400E-07
       168  0.91931931379570E-07  0.37016036187630E-06  0.31537248979700E-06  0.31527541146160E-06  0.52935373224430E-07
       169  0.90067274322900E-07  0.36118066830850E-06  0.30789750876320E-06  0.30958869403000E-06  0.52638915452850E-07
       170  0.87825580036760E-07  0.35021252717070E-06  0.30051051019340E-06  0.30025198016420E-06  0.50701330183970E-07
       171  0.85525788141310E-07  0.34211761146450E-06  0.29066692475030E-06  0.29223619021700E-06  0.49302120260200E-07
       172  0.83432271338120E-07  0.33268286031350E-06  0.28247587479310E-06  0.28448708448510E-06  0.47622082118080E-07
       173  0.81467429925290E-07  0.32372789677720E-06  0.27396767221100E-06  0.27572666727730E-06  0.46444137073810E-07
       174  0.79720195163650E-07  0.31540453345870E-06  0.26932543859460E-06  0.26970536202000E-06  0.45421632072740E-07
       175  0.77993856164320E-07  0.30885949788270E-06  0.26194030600310E-06  0.26260534668540E-06  0.44521236743550E-07
       176  0.76322572066090E-07  0.29808856855540E-06  0.25430765659190E-06  0.25602700645120E-06  0.43412397214300E-07
       177  0.74354007567880E-07  0.28945398775740E-06  0.24783639722100E-06  0.24817258997830E-06  0.42105580181300E-07
       178  0.72436544276390E-07  0.28270186209870E-06  0.24231342150880E-06  0.24188563752970E-06  0.40848933644270E-07
       179  0.71080765058810E-07  0.27570043925820E-06  0.23594929811740E-06  0.23589824055130E-06  0.39920735550420E-07
       180  0.69419386624260E-07  0.26967092300240E-06  0.22916480273030E-06  0.22907457877120E-06  0.39045808604810E-07
       181  0.67843439880380E-07  0.26266461110480E-06  0.22345764966400E-06  0.22411757854150E-06  0.38071425400930E-07
       182  0.66402754320970E-07  0.25548714382370E-06  0.21873749036270E-06  0.21841055467000E-06  0.37039049476620E-07
       183  0.64542744799170E-07  0.24871564005200E-06  0.21229402281130E-06  0.21326958807370E-06  0.36084535535310E-07
       184  0.63332632097230E-07  0.24308322741240E-06  0.20747749088030E-06  0.20803632139350E-06  0.35423088831240E-07
       185  0.61698306956010E-07  0.23594507168770E-06  0.20147419113200E-06  0.20316881089000E-06  0.33985030184430E-07
       186  0.60206874054550E-07  0.23049823283040E-06  0.19645077612690E-06  0.19749793192030E-06  0.33090049955000E-07
       187  0.59091363831250E-07  0.22398277161000E-06  0.19180949379990E-06  0.19208059170890E-06  0.32710411576550E-07
       188  0.57577286509630E-07  0.21726038861440E-06  0.18621857619960E-06  0.18728423376010E-06  0.31332972327870E-07
       189  0.56430769715830E-07  0.21425846001670E-06  0.18245328292780E-06  0.18216767270990E-06  0.31233394621080E-07
       190  0.55166981927440E-07  0.20753496534960E-06  0.17771346527820E-06  0.17825973653460E-06  0.30296741859610E-07
       191  0.53738991772780E-07  0.20204234973050E-06  0.17365132275020E-06  0.17338066620740E-06  0.29333004749650E-07
       192  0.52586235952330E-07  0.19778645868270E-06  0.16895105993000E-06  0.16890581544940E-06  0.28902208145910E-07
       193  0.51270358111560E-07  0.19289226380180E-06  0.16486300565230E-06  0.16449778382810E-06  0.28045796840990E-07
       194  0.50338459725900E-07  0.18815259873830E-06  0.16018138752580E-06  0.16062673175590E-06  0.27425550873360E-07
       195  0.49281290052870E-07  0.18345868203190E-06  0.15645317018210E-06  0.15555078514260E-06  0.26780911080380E-07
       196  0.48041687286390E-07  0.17837404161290E-06  0.15223593905880E-06  0.15310661423360E-06  0.25918055057470E-07
       197  0.46991218085180E-07  0.17422704165200E-06  0.14920739765960E-06  0.14888689982670E-06  0.25331333457410E-07
       198  0.46091922264590E-07  0.17023398012170E-06  0.14630671065880E-06  0.14536646897810E-06  0.24797007947270E-07
       199  0.44797631546140E-07  0.16602740529980E-06  0.14160942530680E-06  0.14180635328310E-06  0.24229343798360E-07
       200  0.44010339664360E-07  0.16151912357020E-06  0.13750608721390E-06  0.13737339476240E-06  0.23625676222970E-07
       201  0.42951005501640E-07  0.15821535677570E-06  0.13558363333410E-06  0.13477044756870E-06  0.22971038916000E-07
       202  0.41840967418140E-07  0.15346611462390E-06  0.13168563768880E-06  0.13129348603560E-06  0.22017345050150E-07
       203  0.41055085608120E-07  0.14947883194280E-06  0.12885350576390E-06  0.12837441676400E-06  0.21793525692990E-07
       204  0.40059636158820E-07  0.14611437490800E-06  0.12478461670080E-06  0.12487811196210E-06  0.21244507956750E-07
       205  0.39361797646850E-07  0.14298389403850E-06  0.12231199238710E-06  0.12273904156620E-06  0.20851826351130E-07
       206  0.38403113474590E-07  0.13908884203870E-06  0.11942122227450E-06  0.11897333717600E-06  0.20235650919840E-07
       207  0.37486925910480E-07  0.13602945356740E-06  0.11600701378730E-06  0.11609976437890E-06  0.19516399957080E-07
       208  0.36771326554580E-07  0.13284233734290E-06  0.11339666676120E-06  0.11377635558820E-06  0.19211108945290E-07
       209  0.35925503537450E-07  0.12894090520350E-06  0.11046816867030E-06  0.11121171504520E-06  0.18734487339280E-07
       210  0.34998693200340E-07  0.12614539318120E-06  0.10775431743340E-06  0.10806061321320E-06  0.18368957839300E-07
       211  0.34462732951320E-07  0.12391562582390E-06  0.10559007312670E-06  0.10518814265290E-06  0.18015089177650E-07
       212  0.33537975648250E-07  0.12061734861950E-06  0.10330036941480E-06  0.10328893482170E-06  0.17526972697910E-07
       213  0.32871683629690E-07  0.11793921146330E-06  0.10082002792730E-06  0.10076470589520E-06  0.17019732597880E-07
       214  0.32096021349750E-07  0.11494366727900E-06  0.98532979772690E-07  0.98482256903140E-07  0.16544725221420E-07
       215  0.31424714770810E-07  0.11215372150280E-06  0.96057819172240E-07  0.96345699443940E-07  0.16313806418200E-07
       216  0.30792135290040E-07  0.10891421787250E-06  0.93478248714930E-07  0.93255003526190E-07  0.15803991951480E-07
       217  0.30116301099040E-07  0.10640784835750E-06  0.91373759559170E-07  0.91633587475630E-07  0.15327583098230E-07
       218  0.29555776629820E-07  0.10414114059680E-06  0.89590968762130E-07  0.89329208068240E-07  0.15233197459570E-07
       219  0.28808269015130E-07  0.10141754864270E-06  0.87070386249690E-07  0.86993026865120E-07  0.14717966170860E-07
       220  0.28207466883880E-07  0.98922710191090E-07  0.84914287720050E-07  0.85057547813930E-07  0.14198432819700E-07
       221  0.27633973745130E-07  0.96547537055060E-07  0.83239588814040E-07  0.83108690303320E-07  0.13999234541930E-07
       222  0.26980299830580E-07  0.94381958930320E-07  0.81121471732630E-07  0.81230501758260E-07  0.13677560117500E-07
       223  0.26427445840350E-07  0.92345330441170E-07  0.79211668463770E-07  0.79606515915680E-07  0.13264194357490E-07
       224  0.25827512228850E-07  0.90479124328120E-07  0.77257142571100E-07  0.77396976237830E-07  0.13083361188630E-07
       225  0.25403859796350E-07  0.88531988263810E-07  0.75651171873880E-07  0.75738964097470E-07  0.12847254132690E-07
       226  0.24769280933780E-07  0.86202724430200E-07  0.73824732814970E-07  0.73932402540320E-07  0.12482865275590E-07
       227  0.24272373183740E-07  0.83932479734310E-07  0.71924194636350E-07  0.72308325824640E-07  0.12109341876730E-07
       228  0.23743965281130E-07  0.82488504078650E-07  0.70383699779340E-07  0.70848640508690E-07  0.11865937886670E-07
       229  0.23259942357370E-07  0.80211893820400E-07  0.68868318150220E-07  0.69095412921940E-07  0.11561665076900E-07
       230  0.22729349955300E-07  0.78572596133000E-07  0.67317645146950E-07  0.67490627012280E-07  0.11296102384790E-07
       231  0.22261766805180E-07  0.76551157874680E-07  0.65976121202390E-07  0.66100702937850E-07  0.11105131027320E-07
       232  0.21779529443980E-07  0.74948908838140E-07  0.64165963237380E-07  0.64359221358310E-07  0.10807339871620E-07
       233  0.21289414944060E-07  0.73141617047630E-07  0.62703932396190E-07  0.62826835947400E-07  0.10535009675140E-07
       234  0.20866043813790E-07  0.71638443929870E-07  0.61379411004060E-07  0.61369706756200E-07  0.10306754042150E-07
       235  0.20411666380660E-07  0.69702995721500E-07  0.59880428484420E-07  0.60089832783070E-07  0.10052779914900E-07
       236  0.19966200332870E-07  0.68449452828070E-07  0.58684083164060E-07  0.58778264170460E-07  0.97305165687940E-08
       237  0.19550897660360E-07  0.66807412494310E-07  0.57415137749880E-07  0.57270295314300E-07  0.96118942918620E-08
       238  0.19126856239230E-07  0.65049379808540E-07  0.56215859975450E-07  0.56090399288320E-07  0.92929963301970E-08
       239  0.18773234361520E-07  0.63665224358490E-07  0.54750611220480E-07  0.54905334990380E-07  0.91545481527270E-08
       240  0.18361938264680E-07  0.62368528196780E-07  0.53702583153360E-07  0.53590288066910E-07  0.89117943040720E-08
       241  0.18014049898630E-07  0.61086468291130E-07  0.52402280095690E-07  0.52269947785160E-07  0.87768364364410E-08
       242  0.17611123669830E-07  0.59609054905610E-07  0.51422255242090E-07  0.51095084628390E-07  0.85755236498130E-08
       243  0.17221783855620E-07  0.58262123681860E-07  0.50080206820430E-07  0.50041166329940E-07  0.83559108731500E-08
       244  0.16895312315430E-07  0.57168969309680E-07  0.49065485161730E-07  0.48895545725600E-07  0.82363982217440E-08
       245  0.16460400366310E-07  0.55711394037290E-07  0.47842242446400E-07  0.47776402244780E-07  0.79486630226260E-08
       246  0.16124781464110E-07  0.54349580878570E-07  0.46857793247340E-07  0.46807077786580E-07  0.77695745107850E-08
       247  0.15863215895860E-07  0.53206947675780E-07  0.45867926315630E-07  0.45688487375750E-07  0.76323072596210E-08
       248  0.15506808208180E-07  0.52157042822150E-07  0.44853691203430E-07  0.44880126346770E-07  0.74636553468990E-08
       249  0.15166065307810E-07  0.51074613777130E-07  0.43802032703690E-07  0.43920936607840E-07  0.72831758529060E-08
       250  0.14833313216930E-07  0.49849850324420E-07  0.42764302947130E-07  0.42777456739680E-07  0.71122384523800E-08
       251  0.14536065208390E-07  0.48524067528320E-07  0.41875557306370E-07  0.42039219138380E-07  0.69036432715890E-08
       252  0.14219904145800E-07  0.47599916232040E-07  0.40781094089460E-07  0.40978700064210E-07  0.67666608057360E-08
       253  0.13933022305310E-07  0.46545502993120E-07  0.39988339856470E-07  0.40083180703680E-07  0.66036963938220E-08
       254  0.13648113303590E-07  0.45456810418840E-07  0.39137108700510E-07  0.39205481376810E-07  0.64476786882540E-08
       255  0.13369314025840E-07  0.44422875383290E-07  0.38283018660090E-07  0.38281562028010E-07  0.63511153219060E-08
       256  0.13094762405620E-07  0.43572840332530E-07  0.37309490483960E-07  0.37429194924720E-07  0.61599402395220E-08
       257  0.12827618012230E-07  0.42565517901990E-07  0.36745810008380E-07  0.36634898457990E-07  0.60370441325860E-08
       258  0.12540071667310E-07  0.41612285838660E-07  0.35721714048500E-07  0.35838341869860E-07  0.58422702206430E-08
       259  0.12284700123440E-07  0.40683304845860E-07  0.35030498426390E-07  0.35062461769090E-07  0.57061452937040E-08
       260  0.12010321450450E-07  0.39868798421550E-07  0.34267008784430E-07  0.34408149357550E-07  0.55570615428070E-08
       261  0.11799173079940E-07  0.38974609472720E-07  0.33652202306720E-07  0.33468927699770E-07  0.54808669814420E-08
       262  0.11541256111190E-07  0.38130191207150E-07  0.32806007468240E-07  0.32904229171880E-07  0.53580963404610E-08
       263  0.11335028224110E-07  0.37359894760540E-07  0.32175745409300E-07  0.32282017334600E-07  0.52630452557230E-08
       264  0.11073822352060E-07  0.36501685028050E-07  0.31376443047780E-07  0.31493076694850E-07  0.51453665125280E-08
       265  0.10875559162990E-07  0.35690658588920E-07  0.30775808998630E-07  0.30823783833160E-07  0.50159431172890E-08
       266  0.10644075036340E-07  0.34919432435170E-07  0.30077103004350E-07  0.30107796390600E-07  0.49164602539330E-08
       267  0.10426707454250E-07  0.34156703707910E-07  0.29420298421810E-07  0.29512291850070E-07  0.47984496076990E-08
       268  0.10253894602880E-07  0.33401052976840E-07  0.28834708708470E-07  0.28915255424070E-07  0.46945907141040E-08
       269  0.10010767304320E-07  0.32767606958560E-07  0.28267876919010E-07  0.28283911383890E-07  0.46106197497710E-08
       270  0.98165204728160E-08  0.31965185894740E-07  0.27544851591450E-07  0.27670868212750E-07  0.45031700630050E-08
       271  0.96002665809250E-08  0.31420197396770E-07  0.27012348314460E-07  0.27099825700260E-07  0.44123559438000E-08
       272  0.93890114310480E-08  0.30665367101970E-07  0.26354571501110E-07  0.26568205085140E-07  0.42876464779790E-08
       273  0.92390961041930E-08  0.30012140238100E-07  0.25880773416480E-07  0.25901568121350E-07  0.41874181855980E-08
       274  0.90120653907530E-08  0.29346081415550E-07  0.25356057167430E-07  0.25458929308370E-07  0.40807411846780E-08
       275  0.88231267862320E-08  0.28689552613640E-07  0.24743620760510E-07  0.24848634853890E-07  0.39922808882160E-08
       276  0.86896183639830E-08  0.28132570686940E-07  0.24222719433570E-07  0.24386033675520E-07  0.39322618267010E-08
       277  0.84873250544210E-08  0.27515365366910E-07  0.23721671822200E-07  0.23860314170790E-07  0.38509545313640E-08
       278  0.83377885913600E-08  0.26954528320980E-07  0.23292904295460E-07  0.23348821554930E-07  0.37441000450930E-08
       279  0.81385450730630E-08  0.26479859047710E-07  0.22796411592940E-07  0.22920397759020E-07  0.36599374352320E-08
       280  0.80010053945050E-08  0.25874369529080E-07  0.22367063521050E-07  0.22388690925540E-07  0.36027103502010E-08
       281  0.78265535875580E-08  0.25407950378940E-07  0.21883425304020E-07  0.21937845528120E-07  0.34971005676050E-08
       282  0.76697299966280E-08  0.24836852660690E-07  0.21376009401740E-07  0.21459297002670E-07  0.34063010285530E-08
       283  0.75280225769440E-08  0.24284845609680E-07  0.20966711866670E-07  0.21056883018980E-07  0.33509229284210E-08
       284  0.73650319104300E-08  0.23788950066700E-07  0.20532285934930E-07  0.20595744523660E-07  0.32805027827760E-08
       285  0.72285158781530E-08  0.23350351039010E-07  0.20117079723900E-07  0.20177718122510E-07  0.32296970553830E-08
       286  0.70762254556200E-08  0.22731430284230E-07  0.19652765757720E-07  0.19816834748150E-07  0.31081406737850E-08
       287  0.69394671433950E-08  0.22274576737110E-07  0.19287380344270E-07  0.19379713356050E-07  0.30441192705600E-08
       288  0.67818907659800E-08  0.21817388817390E-07  0.18849588929470E-07  0.18971177341360E-07  0.30207270626790E-08
       289  0.66554491235100E-08  0.21334753215080E-07  0.18560809134140E-07  0.18587406690070E-07  0.29277598358760E-08
       290  0.65360727789770E-08  0.20970277975770E-07  0.18096387647060E-07  0.18231292082140E-07  0.28733857675200E-08
       291  0.63964021867680E-08  0.20499370236270E-07  0.17745134813430E-07  0.17797961629930E-07  0.27988834776740E-08
       292  0.62697065243120E-08  0.20092543599330E-07  0.17366799525010E-07  0.17445090588040E-07  0.27419816119000E-08
       293  0.61596254497910E-08  0.19667514474280E-07  0.17073350002110E-07  0.17070585645180E-07  0.27068230456520E-08
       294  0.60203249488370E-08  0.19303889561970E-07  0.16670759326880E-07  0.16719009346580E-07  0.26468211309920E-08
       295  0.58996352576320E-08  0.18898520977460E-07  0.16307182404540E-07  0.16404502614350E-07  0.25837235411900E-08
       296  0.57924577072700E-08  0.18496082231910E-07  0.15956668348560E-07  0.16111822849020E-07  0.25313315093970E-08
       297  0.56692137600310E-08  0.18087917484920E-07  0.15654899394150E-07  0.15731663329920E-07  0.24706870344670E-08
       298  0.55663083042130E-08  0.17677751085680E-07  0.15316920653190E-07  0.15413904257110E-07  0.24047574197060E-08
       299  0.54533678209200E-08  0.17375070422450E-07  0.15055681448880E-07  0.15054694294690E-07  0.23554559733520E-08
       300  0.53532546821990E-08  0.17006534500920E-07  0.14773420881070E-07  0.14818347962650E-07  0.23042159822340E-08
       301  0.52415787417790E-08  0.16689618479280E-07  0.14463426229210E-07  0.14495057694390E-07  0.22516812885430E-08
       302  0.51253363927490E-08  0.16321758833760E-07  0.14179208816320E-07  0.14218872437860E-07  0.21953658612420E-08
       303  0.50451190178670E-08  0.16011313898790E-07  0.13909068332920E-07  0.13881234335290E-07  0.21695624028540E-08
       304  0.49446378551960E-08  0.15642537094800E-07  0.13621991990650E-07  0.13620073406180E-07  0.21163126139680E-08
       305  0.48460926577970E-08  0.15357655335750E-07  0.13326297932170E-07  0.13364578204940E-07  0.20659536698340E-08
       306  0.47504644642610E-08  0.15015807641630E-07  0.13070151499330E-07  0.13081794089200E-07  0.20142144635370E-08
       307  0.46551717235360E-08  0.14748804461860E-07  0.12806984024610E-07  0.12818700906830E-07  0.19792201482810E-08
       308  0.45563140580500E-08  0.14409937488220E-07  0.12548103059350E-07  0.12582121341770E-07  0.19317063422960E-08
       309  0.44735534768260E-08  0.14122975679820E-07  0.12301262642670E-07  0.12331779223370E-07  0.18936570438570E-08
       310  0.43844961672580E-08  0.13840997310760E-07  0.12041773302810E-07  0.12076721593510E-07  0.18470804567190E-08
       311  0.42945037923410E-08  0.13548385144080E-07  0.11824926405390E-07  0.11823705214460E-07  0.18024396746260E-08
       312  0.42218773085460E-08  0.13303955776710E-07  0.11569090543330E-07  0.11603718052660E-07  0.17831772701960E-08
       313  0.41247982314180E-08  0.13041169222410E-07  0.11364154340870E-07  0.11394464143310E-07  0.17423600748820E-08
       314  0.40492106164270E-08  0.12787881279250E-07  0.11120110266380E-07  0.11119908020010E-07  0.16916407088980E-08
       315  0.39688080374340E-08  0.12528758805300E-07  0.10912020120600E-07  0.10926886708190E-07  0.16628268878910E-08
       316  0.38967078852490E-08  0.12274144255180E-07  0.10694492009870E-07  0.10712506490260E-07  0.16283041126080E-08
       317  0.38176812891350E-08  0.12032667951750E-07  0.10467752243140E-07  0.10484275416160E-07  0.15925193287650E-08
       318  0.37487623387100E-08  0.11786533397650E-07  0.10260405323880E-07  0.10315361613710E-07  0.15529757312850E-08
       319  0.36769252494480E-08  0.11545192969700E-07  0.10057755150770E-07  0.10071489652220E-07  0.15195716789170E-08
       320  0.36022590178920E-08  0.11334397042500E-07  0.98694616036340E-08  0.98841717924640E-08  0.14860207540520E-08
       321  0.35276730684210E-08  0.11091629276200E-07  0.96614836721190E-08  0.96830657438780E-08  0.14591909486000E-08
       322  0.34694660223330E-08  0.10845368052590E-07  0.94708536263910E-08  0.94915923107690E-08  0.14229323032770E-08
       323  0.33984659967800E-08  0.10693883542950E-07  0.92835747125680E-08  0.93355368206710E-08  0.13999543389170E-08
       324  0.33348009061140E-08  0.10466001246250E-07  0.91356514517960E-08  0.91462693905950E-08  0.13741332539920E-08
       325  0.32740964028340E-08  0.10252869715600E-07  0.89256274959850E-08  0.89630840069890E-08  0.13326520308220E-08
       326  0.32093954054650E-08  0.10040549153090E-07  0.87377273861720E-08  0.87696723341160E-08  0.13172013159520E-08
       327  0.31476845334170E-08  0.98209830829030E-08  0.86025702156680E-08  0.86217219160450E-08  0.12818056403740E-08
       328  0.30843041185200E-08  0.96697415430250E-08  0.84285909900660E-08  0.84666370507650E-08  0.12536517364410E-08
       329  0.30254340700620E-08  0.94741418366120E-08  0.82372735694190E-08  0.82618362383950E-08  0.12311915507910E-08
       330  0.29763732377070E-08  0.92750738401450E-08  0.80980589573160E-08  0.81082992892210E-08  0.12010992116950E-08
       331  0.29134330247940E-08  0.91041515670210E-08  0.79459213209640E-08  0.79456657170590E-08  0.11872144875370E-08
       332  0.28561796317840E-08  0.89212261836100E-08  0.77712694443310E-08  0.78002920075430E-08  0.11514621100850E-08
       333  0.28050106834250E-08  0.87591175274410E-08  0.76262927140160E-08  0.76518404904940E-08  0.11298122183730E-08
       334  0.27481784667090E-08  0.85726349536310E-08  0.74933607098140E-08  0.74956292421010E-08  0.11113709166790E-08
       335  0.26930868036660E-08  0.84258618127610E-08  0.73565585473120E-08  0.73664701894880E-08  0.10797450652990E-08
       336  0.26409271439660E-08  0.82609206381450E-08  0.72147320184630E-08  0.72333023141610E-08  0.10643115720480E-08
       337  0.25981572869740E-08  0.80970659047930E-08  0.70734776163320E-08  0.70865925387580E-08  0.10356330304040E-08
       338  0.25462385616320E-08  0.79265989822320E-08  0.69357795010950E-08  0.69411019665860E-08  0.10173979344280E-08
       339  0.25004100831510E-08  0.77826157985590E-08  0.68077203337200E-08  0.68108406583180E-08  0.99738055936140E-09
       340  0.24510514907300E-08  0.76258164305180E-08  0.66893341975320E-08  0.66822329145810E-08  0.97335596548730E-09
       341  0.24056255616210E-08  0.74945240924630E-08  0.65431563009480E-08  0.65468662015760E-08  0.95861383918970E-09
       342  0.23576018019270E-08  0.73332985159050E-08  0.64174182241640E-08  0.64236848903240E-08  0.93524842802270E-09
       343  0.23198531572250E-08  0.71830971918770E-08  0.63050800412260E-08  0.63071466069710E-08  0.91618512810150E-09
       344  0.22764258998420E-08  0.70498235746920E-08  0.61783603519880E-08  0.61819260207870E-08  0.89923167967220E-09
       345  0.22292586321770E-08  0.69258089469870E-08  0.60634293083750E-08  0.60636151610830E-08  0.88275524751170E-09
       346  0.21890769123270E-08  0.68084184770520E-08  0.59550440221200E-08  0.59368429048830E-08  0.86203984917630E-09
       347  0.21469774754700E-08  0.66703223836450E-08  0.58547179847820E-08  0.58585598605790E-08  0.84463321246190E-09
       348  0.21028928979980E-08  0.65354248900540E-08  0.57321554892960E-08  0.57300299064850E-08  0.82586753031130E-09
       349  0.20626469043700E-08  0.64181860131980E-08  0.56258837031950E-08  0.56166196022420E-08  0.80405704595760E-09
       350  0.20290289497580E-08  0.62733026181180E-08  0.55246350497400E-08  0.55119909740420E-08  0.78427589722020E-09
       351  0.19914340666820E-08  0.61722066987430E-08  0.54168387696460E-08  0.54128925816520E-08  0.77645642026000E-09
       352  0.19532260137690E-08  0.60549490230770E-08  0.53141399711800E-08  0.53005844645040E-08  0.75621909674380E-09
       353  0.19157956797530E-08  0.59451892126710E-08  0.52126223631370E-08  0.52007775110380E-08  0.74280971510730E-09
       354  0.18805901487820E-08  0.58233434458960E-08  0.51158924020350E-08  0.51076932550220E-08  0.73014309111250E-09
       355  0.18458502408410E-08  0.57138998409610E-08  0.50145331710570E-08  0.50067934297710E-08  0.71228338306180E-09
       356  0.18132607295000E-08  0.55927700994900E-08  0.49079899031510E-08  0.49174283899660E-08  0.70023285864720E-09
       357  0.17804530391000E-08  0.54998727400170E-08  0.48259857601570E-08  0.48306948407400E-08  0.68992382356060E-09
       358  0.17477201233140E-08  0.53953422444250E-08  0.47433806888020E-08  0.47323832936980E-08  0.67215343902000E-09
       359  0.17147905372300E-08  0.53049848925400E-08  0.46526158217130E-08  0.46458308691600E-08  0.65651200657790E-09
       360  0.16830099811150E-08  0.52107684607100E-08  0.45630315510220E-08  0.45555238037930E-08  0.64827268429310E-09
       361  0.16478802815960E-08  0.51049876811980E-08  0.44734447920170E-08  0.44748157041980E-08  0.62783222401350E-09
       362  0.16173752028100E-08  0.50187524593530E-08  0.43990429815360E-08  0.43893110675540E-08  0.61737873438920E-09
       363  0.15885993877780E-08  0.49194023161150E-08  0.43079720088390E-08  0.43145442841920E-08  0.60545581594150E-09
       364  0.15604369395100E-08  0.48240763343730E-08  0.42329730957630E-08  0.42394660527320E-08  0.59109502909760E-09
       365  0.15305321952000E-08  0.47311950672030E-08  0.41584167879250E-08  0.41527901773590E-08  0.58086731839630E-09
       366  0.15060823305720E-08  0.46440844629260E-08  0.40848952725700E-08  0.40711522070260E-08  0.57166732538550E-09
       367  0.14789641441720E-08  0.45576679449110E-08  0.40022425624010E-08  0.40122438150720E-08  0.56090238779650E-09
       368  0.14528320408720E-08  0.44742484080280E-08  0.39272033607250E-08  0.39279810774520E-08  0.54773416104350E-09
       369  0.14247966919600E-08  0.43900681329240E-08  0.38605052106020E-08  0.38544450321740E-08  0.53689240683390E-09
       370  0.13990606186200E-08  0.43029657557850E-08  0.37908468934730E-08  0.37890784038260E-08  0.52403985623310E-09
       371  0.13725809649180E-08  0.42277177242700E-08  0.37264475041760E-08  0.37187227330850E-08  0.51193335904670E-09
       372  0.13493994214960E-08  0.41530018811160E-08  0.36497461025380E-08  0.36446356873790E-08  0.50754761049850E-09
       373  0.13220955986210E-08  0.40701323968760E-08  0.35851187137760E-08  0.35763655028930E-08  0.49316473126790E-09
       374  0.13004376575880E-08  0.39968715508460E-08  0.35105822176680E-08  0.35087741887180E-08  0.48574862562610E-09
       375  0.12751287172140E-08  0.39153772178030E-08  0.34580130600440E-08  0.34377407710730E-08  0.47156927840300E-09
       376  0.12565905261760E-08  0.38529087005870E-08  0.33909875696360E-08  0.33814613487710E-08  0.46650401220740E-09
       377  0.12319788850740E-08  0.37756270924330E-08  0.33276412025640E-08  0.33274853544840E-08  0.45640914118410E-09
       378  0.12095965947520E-08  0.37044328615340E-08  0.32665757901240E-08  0.32616212280550E-08  0.44595197640400E-09
       379  0.11882331286450E-08  0.36434172557390E-08  0.32055969844200E-08  0.32056996195290E-08  0.43626824903890E-09
       380  0.11683294967570E-08  0.35725529007320E-08  0.31453406871240E-08  0.31458398093550E-08  0.42962569750480E-09
       381  0.11464648918920E-08  0.35109150697350E-08  0.30944441237510E-08  0.30865966053390E-08  0.41804010753580E-09
       382  0.11264074097040E-08  0.34423462567670E-08  0.30404192806230E-08  0.30355871510350E-08  0.41152646688450E-09
       383  0.11042612312390E-08  0.33850452597880E-08  0.29820933579760E-08  0.29859376738230E-08  0.40121878318000E-09
       384  0.10853451270550E-08  0.33200510574640E-08  0.29310686258780E-08  0.29286743356650E-08  0.39535426773420E-09
       385  0.10664675999380E-08  0.32634792382580E-08  0.28763417176500E-08  0.28747593106540E-08  0.39051196435520E-09
       386  0.10466363810140E-08  0.32015021309880E-08  0.28292802263210E-08  0.28245755269150E-08  0.37530398678080E-09
       387  0.10286707249290E-08  0.31496554474580E-08  0.27702986526100E-08  0.27646430995300E-08  0.37476900855640E-09
       388  0.10116250658260E-08  0.30880905818800E-08  0.27214665355500E-08  0.27237916485680E-08  0.36472414184480E-09
       389  0.99142037675510E-09  0.30341102461050E-08  0.26741088246360E-08  0.26670258450340E-08  0.36052300288420E-09
       390  0.97519843799310E-09  0.29722324170030E-08  0.26258373211130E-08  0.26152760633570E-08  0.34892511569540E-09
       391  0.95593646409990E-09  0.29210978796680E-08  0.25796546993490E-08  0.25787048361350E-08  0.34206945925430E-09
       392  0.93990635463960E-09  0.28661277392830E-08  0.25358957266540E-08  0.25336797686390E-08  0.33510353953560E-09
       393  0.92582101128150E-09  0.28238874645230E-08  0.24920398552340E-08  0.24867912235600E-08  0.33116532318430E-09
       394  0.90848651359110E-09  0.27663264522120E-08  0.24419057095830E-08  0.24372179012770E-08  0.32356200328280E-09
       395  0.89444501568890E-09  0.27128056173290E-08  0.23945756211010E-08  0.23944356892870E-08  0.31755247530070E-09
       396  0.87811233130290E-09  0.26728050724710E-08  0.23573456162630E-08  0.23511254587360E-08  0.31111462927400E-09
       397  0.86372211536930E-09  0.26198584902580E-08  0.23146762754530E-08  0.23098038896050E-08  0.30557450642680E-09
       398  0.84549630491330E-09  0.25799707274100E-08  0.22748827304440E-08  0.22732103445060E-08  0.29830644844070E-09
       399  0.83418554851090E-09  0.25320371862100E-08  0.22385625369580E-08  0.22317053171350E-08  0.29423812225250E-09
       400  0.82010353678660E-09  0.24886260450430E-08  0.21998106200510E-08  0.21947162670920E-08  0.28927818711770E-09
       401  0.80503605248300E-09  0.24415977090230E-08  0.21596596221540E-08  0.21553971935880E-08  0.28151704782310E-09
       402  0.79062665804280E-09  0.23988124566070E-08  0.21191781855020E-08  0.21112250031160E-08  0.27680932982640E-09
       403  0.77879218555340E-09  0.23571454659970E-08  0.20809583360960E-08  0.20792703691650E-08  0.27199254902840E-09
       404  0.76652367561570E-09  0.23138954304810E-08  0.20457821811160E-08  0.20438554326120E-08  0.26446437492670E-09
       405  0.75208669440190E-09  0.22685662798270E-08  0.20086379072040E-08  0.20058941603610E-08  0.25987812094600E-09
       406  0.73928883736630E-09  0.22274613878580E-08  0.19709200934670E-08  0.19659433055850E-08  0.25352086714760E-09
       407  0.72769540571080E-09  0.21863865993750E-08  0.19344375784300E-08  0.19330818012120E-08  0.24952149539340E-09
       408  0.71636938468760E-09  0.21465346146660E-08  0.19048368828850E-08  0.18981672965300E-08  0.24413106309290E-09
       409  0.70493002383490E-09  0.21079106518740E-08  0.18704908079590E-08  0.18715159207340E-08  0.23987762025770E-09
       410  0.69321281227310E-09  0.20703975943750E-08  0.18348193268340E-08  0.18362870451500E-08  0.23536423743690E-09
       411  0.68160294151940E-09  0.20382342587250E-08  0.18036456112350E-08  0.18059809573630E-08  0.23310228914740E-09
       412  0.67082478635380E-09  0.20046663279860E-08  0.17693586171030E-08  0.17708964398880E-08  0.22942555216650E-09
       413  0.65868628364500E-09  0.19624243925000E-08  0.17409065172810E-08  0.17407317276440E-08  0.22186671764570E-09
       414  0.64779745450410E-09  0.19321666977620E-08  0.17125403493310E-08  0.17099113160900E-08  0.21728669330040E-09
       415  0.63830979795890E-09  0.18970287082950E-08  0.16799994561400E-08  0.16807557659460E-08  0.21353739405110E-09
       416  0.62769585604330E-09  0.18669356459180E-08  0.16510722465060E-08  0.16493986416420E-08  0.21089072737960E-09
       417  0.61779556047070E-09  0.18343056273480E-08  0.16200767709950E-08  0.16215505566330E-08  0.20568559486140E-09
       418  0.60765558259840E-09  0.18006136379740E-08  0.15968015703050E-08  0.15948783320970E-08  0.20207694617360E-09
       419  0.59796427199070E-09  0.17676643811840E-08  0.15672039650430E-08  0.15640001343830E-08  0.19724525306530E-09
       420  0.58943535323410E-09  0.17360805810060E-08  0.15408410502490E-08  0.15393311720520E-08  0.19516190431240E-09
       421  0.58007521309220E-09  0.17089576995560E-08  0.15116420661590E-08  0.15091986172220E-08  0.18984632980550E-09
       422  0.57187755623530E-09  0.16809020364510E-08  0.14878154771850E-08  0.14853847922710E-08  0.18704910204580E-09
       423  0.56281354595760E-09  0.16505664152020E-08  0.14622623121060E-08  0.14614701468830E-08  0.18403614500810E-09
       424  0.55417963332960E-09  0.16198408999540E-08  0.14390715764090E-08  0.14386160020110E-08  0.17998736295770E-09
       425  0.54581185806090E-09  0.15935225257560E-08  0.14139365917150E-08  0.14103117499100E-08  0.17580879390330E-09
       426  0.53693685527450E-09  0.15673621558720E-08  0.13869399237220E-08  0.13866636716040E-08  0.17256426074820E-09
       427  0.52936620960580E-09  0.15409655192330E-08  0.13645180863090E-08  0.13641281093210E-08  0.16947078697820E-09
       428  0.52194216799550E-09  0.15144263618340E-08  0.13406874774290E-08  0.13400570445380E-08  0.16682927714770E-09
       429  0.51321024847830E-09  0.14884953032810E-08  0.13218005665290E-08  0.13190214824750E-08  0.16359574097420E-09
       430  0.50755358685110E-09  0.14640291329230E-08  0.12958334321900E-08  0.12992150410820E-08  0.15973169690760E-09
       431  0.50012004182520E-09  0.14403404977160E-08  0.12751722583130E-08  0.12762708404980E-08  0.15843135378050E-09
       432  0.49192176146400E-09  0.14154814058600E-08  0.12549156915640E-08  0.12567133602800E-08  0.15485977999070E-09
       433  0.48581238599390E-09  0.13882674453000E-08  0.12348314170540E-08  0.12328146351040E-08  0.15232572138780E-09
       434  0.47830285577740E-09  0.13680036502740E-08  0.12083725874570E-08  0.12123528844860E-08  0.14922758035410E-09
       435  0.47282786822380E-09  0.13443960371190E-08  0.11907010205750E-08  0.11928134692960E-08  0.14615650617540E-09
       436  0.46592005149520E-09  0.13227654560930E-08  0.11729197533910E-08  0.11693805834670E-08  0.14517557483620E-09
       437  0.45969688693740E-09  0.13003715740480E-08  0.11523033282540E-08  0.11503688074970E-08  0.14115426635850E-09
       438  0.45353459426630E-09  0.12790911813110E-08  0.11320289405320E-08  0.11317471122810E-08  0.13836603678210E-09
       439  0.44795071805210E-09  0.12544598280310E-08  0.11124708022520E-08  0.11124239262090E-08  0.13618043322300E-09
       440  0.44137534216230E-09  0.12346372111890E-08  0.10959140327570E-08  0.10959103946440E-08  0.13316560534020E-09
       441  0.43595859426280E-09  0.12130733500380E-08  0.10758975977650E-08  0.10789522603760E-08  0.13116275651830E-09
       442  0.43092794331470E-09  0.11933361996140E-08  0.10568198181580E-08  0.10584836904990E-08  0.12859725111380E-09
       443  0.42556831245980E-09  0.11724350542670E-08  0.10410307189270E-08  0.10405304733020E-08  0.12566833012740E-09
       444  0.42105121034060E-09  0.11551370310400E-08  0.10232363348850E-08  0.10223881531160E-08  0.12379827784810E-09
       445  0.41521709079700E-09  0.11345698274570E-08  0.10061509129150E-08  0.10085205846170E-08  0.12068433420100E-09
       446  0.41051766149090E-09  0.11161889932340E-08  0.98924067092340E-09  0.99090891776130E-09  0.11927744782880E-09
       447  0.40535134506190E-09  0.10968675752090E-08  0.97396802358090E-09  0.97341347013390E-09  0.11684766319090E-09
       448  0.40136606021260E-09  0.10795024406960E-08  0.95853939237190E-09  0.95901880341330E-09  0.11388630044290E-09
       449  0.39750340451910E-09  0.10617754464360E-08  0.94078842328760E-09  0.94385154399680E-09  0.11301491161340E-09
       450  0.39314877752940E-09  0.10459469001670E-08  0.92537442714790E-09  0.92728537623610E-09  0.11093200291850E-09
       451  0.38926483066030E-09  0.10273789671650E-08  0.91093784473650E-09  0.91292833773810E-09  0.10816458091860E-09
       452  0.38449133956290E-09  0.10107414753700E-08  0.89570171011300E-09  0.89764617140750E-09  0.10620263802680E-09
       453  0.38091866947820E-09  0.99418625072830E-09  0.88442529720490E-09  0.88400367594960E-09  0.10447478040960E-09
       454  0.37730699057300E-09  0.97850514938310E-09  0.86803558469070E-09  0.87043464490090E-09  0.10263547695200E-09
       455  0.37447639901490E-09  0.96346030694110E-09  0.85427708852710E-09  0.85674399283270E-09  0.10113012742220E-09
       456  0.37096782309590E-09  0.94654048915730E-09  0.84084127869260E-09  0.84150469012920E-09  0.99818965206670E-10
       457  0.36769910478280E-09  0.93287987109140E-09  0.82895193667110E-09  0.82956807797300E-09  0.98419390450170E-10
       458  0.36410453090350E-09  0.91671500716340E-09  0.81446838843610E-09  0.81668287558630E-09  0.95724155540410E-10
       459  0.36200464841510E-09  0.90387313497540E-09  0.80433899751920E-09  0.80443604212650E-09  0.94928678149540E-10
       460  0.35924533283550E-09  0.89125600555240E-09  0.79088280348880E-09  0.79194929154220E-09  0.93504448742670E-10
       461  0.35743982105820E-09  0.87846426643340E-09  0.77789599651730E-09  0.77935603263920E-09  0.92108887561050E-10
       462  0.35491088239550E-09  0.86349942163790E-09  0.76638686907080E-09  0.76817350614730E-09  0.90125717643890E-10
       463  0.35339620653100E-09  0.84970595666120E-09  0.75590467201750E-09  0.75463714388110E-09  0.89333167306340E-10
       464  0.35106515455540E-09  0.83675755236970E-09  0.74219977852210E-09  0.74295470632870E-09  0.87553710015170E-10
       465  0.34972782945830E-09  0.82347878732370E-09  0.73235220026410E-09  0.73203120988220E-09  0.85834567263220E-10
       466  0.34765035724540E-09  0.81375968579570E-09  0.72113769460030E-09  0.71983648015780E-09  0.84429329028830E-10
       467  0.34600262793120E-09  0.80050024396880E-09  0.71147240756120E-09  0.71180075585410E-09  0.82245752101980E-10
       468  0.34563791686840E-09  0.78864722495410E-09  0.70098946982420E-09  0.69980943832720E-09  0.81374402695340E-10
       469  0.34466903419140E-09  0.77797707333940E-09  0.68922178835500E-09  0.68896243044030E-09  0.80018780256700E-10
       470  0.34374541426360E-09  0.76646639440690E-09  0.67955191819850E-09  0.67968298002730E-09  0.79513739503120E-10
       471  0.34272933203360E-09  0.75396820572730E-09  0.67003294569280E-09  0.66958012579610E-09  0.78208222024710E-10
       472  0.34195840816500E-09  0.74320611294950E-09  0.65891244399350E-09  0.65920588073480E-09  0.76785242908910E-10
       473  0.34210893119890E-09  0.73218005567640E-09  0.64961684593070E-09  0.65017680808050E-09  0.75854373929170E-10
       474  0.34207075769900E-09  0.72211833180940E-09  0.64104548601130E-09  0.64242340916830E-09  0.74484779388890E-10
       475  0.34332903986880E-09  0.71058263442870E-09  0.63082939115260E-09  0.63147063744580E-09  0.73767033316350E-10
       476  0.34326869101940E-09  0.70144552668830E-09  0.62214818976630E-09  0.62356075086630E-09  0.72625698637940E-10
       477  0.34321370259360E-09  0.69241994602670E-09  0.61456241008870E-09  0.61605911056160E-09  0.71811324290610E-10
       478  0.34531249750080E-09  0.68415167547420E-09  0.60658884768490E-09  0.60812056846570E-09  0.70870753034460E-10
       479  0.34596750674950E-09  0.67301062984380E-09  0.59747132908310E-09  0.59850710583810E-09  0.68888030869560E-10
       480  0.34847086721390E-09  0.66431206925710E-09  0.58970911557990E-09  0.59061596490590E-09  0.69006717307820E-10
       481  0.35073036115420E-09  0.65552849596090E-09  0.58288408087760E-09  0.58239485773270E-09  0.67603867677940E-10
       482  0.35214706135980E-09  0.64660881815030E-09  0.57541676312280E-09  0.57482794510500E-09  0.67180789281320E-10
       483  0.35626814504740E-09  0.63935341478890E-09  0.56812968394990E-09  0.56802528801110E-09  0.66227882535200E-10
       484  0.35781265325820E-09  0.63128751280680E-09  0.56070093573830E-09  0.55932061079890E-09  0.64250927772230E-10
       485  0.36099967826150E-09  0.62383633446160E-09  0.55340247348660E-09  0.55232410497330E-09  0.63986255259760E-10
       486  0.36605247816180E-09  0.61651069587920E-09  0.54652044114230E-09  0.54656259400760E-09  0.64005226791040E-10
       487  0.36997979829610E-09  0.60958321196690E-09  0.54098398701310E-09  0.54123582352230E-09  0.62961946048310E-10
       488  0.37556385806420E-09  0.60220465969330E-09  0.53409284084180E-09  0.53468911482850E-09  0.62343297854290E-10
       489  0.38012136349020E-09  0.59580467121300E-09  0.52869901142520E-09  0.52851777277680E-09  0.62222576127440E-10
       490  0.38503546797000E-09  0.58918105789780E-09  0.52347844481420E-09  0.52345340571880E-09  0.61680940786240E-10
       491  0.39210453060640E-09  0.58264973519940E-09  0.51625443269700E-09  0.51728137059390E-09  0.61151491215320E-10
       492  0.39667084283830E-09  0.57623553756870E-09  0.51108990665970E-09  0.50960980922320E-09  0.59526692320150E-10
       493  0.40500778914780E-09  0.57068470159850E-09  0.50604252112520E-09  0.50656252739520E-09  0.58475120952740E-10
       494  0.41393438202180E-09  0.56563925634020E-09  0.50168429154770E-09  0.50109006366550E-09  0.57913668296050E-10
       495  0.42155479270400E-09  0.55984618841800E-09  0.49656713187810E-09  0.49640067744480E-09  0.57723246550590E-10
       496  0.43261458286310E-09  0.55658076735880E-09  0.49200493569290E-09  0.49127738341770E-09  0.57511849632080E-10
       497  0.44172214199380E-09  0.55236494444110E-09  0.48806603553920E-09  0.48760917462510E-09  0.56934603898860E-10
       498  0.45545820178520E-09  0.54773921961350E-09  0.48379025459240E-09  0.48388522286840E-09  0.57438458889970E-10
       499  0.46911389515720E-09  0.54417746255280E-09  0.47985420355430E-09  0.48007851953940E-09  0.57194348423160E-10
       500  0.48376966570000E-09  0.54028242071800E-09  0.47666031400140E-09  0.47673615441240E-09  0.56887989277860E-10
       501  0.50034904941180E-09  0.53728614079210E-09  0.47255660622850E-09  0.47352839829110E-09  0.56876877300210E-10
       502  0.51970496398450E-09  0.53549320935650E-09  0.47077964101310E-09  0.47124218178860E-09  0.56613630219880E-10
       503  0.54262369514940E-09  0.53215917470410E-09  0.46761884518740E-09  0.46817051104390E-09  0.56468906731440E-10
       504  0.57047134777600E-09  0.53000675435800E-09  0.46535917277340E-09  0.46564090489400E-09  0.56496958766060E-10
       505  0.59985384427220E-09  0.52989429434520E-09  0.46301361543980E-09  0.46423787176090E-09  0.57667158820000E-10
       506  0.63805369210880E-09  0.52969005076150E-09  0.46272256677690E-09  0.46280520167110E-09  0.58314784361480E-10
       507  0.67521347488530E-09  0.52895349136870E-09  0.46204403447750E-09  0.46223113961730E-09  0.59161383194600E-10
       508  0.72827931927540E-09  0.53041780722340E-09  0.46204765309230E-09  0.46282988742670E-09  0.59851081957760E-10
       509  0.78798963482440E-09  0.53408817528800E-09  0.46193516967860E-09  0.46337289447310E-09  0.63487990165510E-10
       510  0.87122463692120E-09  0.53714630819650E-09  0.46292335233970E-09  0.46442812018620E-09  0.66837593502280E-10
       511  0.99188434784980E-09  0.54075762288870E-09  0.46506389460640E-09  0.46787644847890E-09  0.68938021946940E-10
