0 4 0 8 -3.7195394622296851e+02 1.0387428281906220e+03 -1.6709270602055346e+03 2.0471424096002008e+03 -1.7628352155094551e+03 1.0359165842648506e+03 -3.9617540139367088e+02 8.9020017252209911e+01 -8.9302159762542459e+00
1 3 0 8 -1.8790269667687639e+01 -2.0856975755721470e+02 4.4474067381248295e+02 -4.0867241005915679e+02 3.1282618591943634e+02 -1.7234714059571525e+02 6.3278280747182727e+01 -1.3824104644495804e+01 1.3585420451681873e+00
2 2 0 8 2.8585060945890226e+00 -4.2059441867370523e+01 -1.1714286148671904e+02 2.4870891456310019e+02 -1.4278975188846806e+02 6.9929776497890728e+01 -2.4071360848984948e+01 5.0485987193059145e+00 -4.8237978334327070e-01
3 1 0 8 -1.0149625482595779e+00 1.1200884170728578e+01 -7.2079486457293754e+01 -4.8396237486838359e+01 1.5212330891784521e+02 -5.5877732057743607e+01 1.7097845659074515e+01 -3.3620139913048885e+00 3.0839379379189008e-01
4 0 0 8 6.4887541425705619e-01 -6.3654297055880686e+00 3.0723098292730132e+01 -1.1293886089226569e+02 1.1025497145770538e+01 9.5280059766858315e+01 -2.1866664854630976e+01 3.8221241628936893e+00 -3.2869933002499413e-01
5 0 1 9 6.3519114172150304e-01 -6.2312836753670675e+00 3.0076107784943410e+01 -1.1056228306008690e+02 1.0791559641511588e+01 9.3278169307528870e+01 -2.1407599610871667e+01 3.7419485106052623e+00 -3.2181003998499824e-01
6 0 2 10 6.2179721479450389e-01 -6.0999838936007764e+00 2.9442844881814370e+01 -1.0823613084780779e+02 1.0562585381079831e+01 9.1318755057483230e+01 -2.0958274924457925e+01 3.6634740625429782e+00 -3.1506693184842732e-01
7 0 3 11 6.0868747335780404e-01 -5.9714699729887970e+00 2.8823018333717958e+01 -1.0595933441389165e+02 1.0338469055082079e+01 8.9400915844677257e+01 -2.0518484142428740e+01 3.5866647268050578e+00 -3.0846690433095908e-01
8 0 4 12 5.9585588798568712e-01 -5.8456828075377469e+00 2.8216343070622944e+01 -1.0373084661608631e+02 1.0119107587778382e+01 8.7523769618469970e+01 -2.0088024996591912e+01 3.5114851773142486e+00 -3.0200692195525636e-01
9 0 5 13 5.8329655719106210e-01 -5.7225645453432818e+00 2.7622540071011013e+01 -1.0154964253061478e+02 9.9044000910996086e+00 8.5686453043315325e+01 -1.9666699510578017e+01 3.4379008375715832e+00 -2.9568401365251401e-01
10 0 6 14 5.7100370469856720e-01 -5.6020585619670733e+00 2.7041336233615883e+01 -9.9414718980061508e+01 9.6942478167584891e+00 8.3888121102443151e+01 -1.9254313908830490e+01 3.3658778647387892e+00 -2.8949527139580911e-01
11 0 7 15 5.5897167678932758e-01 -5.4841094344112902e+00 2.6472464251643622e+01 -9.7325094072221347e+01 9.4885541114552776e+00 8.2127946708870894e+01 -1.8850678527329986e+01 3.2953831340696009e+00 -2.8343784886609985e-01
12 0 8 16 5.4719493970536748e-01 -5.3686629156124566e+00 2.5915662490016565e+01 -9.5279806748973485e+01 9.2872243730599369e+00 8.0405120324660231e+01 -1.8455607726418638e+01 3.2263842237000895e+00 -2.7750896013760878e-01
13 0 9 17 5.3566807709985553e-01 -5.2556659095238087e+00 2.5370674865081934e+01 -9.3277916343834107e+01 9.0901660063661343e+00 7.8718849589072619e+01 -1.8068919805569916e+01 3.1588493997099096e+00 -2.7170587840262106e-01
14 0 10 18 5.2438578754911469e-01 -5.1450664466764868e+00 2.4837250726610538e+01 -9.1318502148922789e+01 8.8972883798750324e+00 7.7068358954324353e+01 -1.7690436919602060e+01 3.0927476015564208e+00 -2.6602593471411873e-01
15 0 11 19 5.1334288211466894e-01 -5.0368136602680549e+00 2.4315144742647639e+01 -8.9400662992662134e+01 8.7085027862108788e+00 7.5452889327998960e+01 -1.7319984997049012e+01 3.0280484277631707e+00 -2.6046651675611426e-01
16 0 12 20 5.0253428195264382e-01 -4.9308577627667329e+00 2.3804116786747830e+01 -8.7523516823993290e+01 8.5237223986533373e+00 7.3871697725152188e+01 -1.6957393660038097e+01 2.9647221219399067e+00 -2.5502506764778571e-01
17 0 13 21 4.9195501597989610e-01 -4.8271500230436448e+00 2.3303931827334647e+01 -8.5686200307682114e+01 8.3428622333815330e+00 7.2324056925505772e+01 -1.6602496145831669e+01 2.9027395591187632e+00 -2.4969908476319186e-01
18 0 14 22 4.8160021859329616e-01 -4.7256427439267803e+00 2.2814359819893788e+01 -8.3887868427112934e+01 8.1658391097630787e+00 7.0809255139395262e+01 -1.6255129230368343e+01 2.8420722323439196e+00 -2.4448611858127942e-01
19 0 15 23 4.7146512742127350e-01 -4.6262892402906548e+00 2.2335175600924430e+01 -8.2127694094809868e+01 7.9925716107969951e+00 6.9326595680970271e+01 -1.5915133153005300e+01 2.7826922395517801e+00 -2.3938377155893065e-01
20 0 16 24 4.6154508114356652e-01 -4.5290438175615630e+00 2.1866158784384005e+01 -8.0404867773194624e+01 7.8229800477921456e+00 6.7875396646724980e+01 -1.5582351543000128e+01 2.7245722707415583e+00 -2.3438969702994139e-01
21 0 17 25 4.5183551734174382e-01 -4.4338617507051472e+00 2.1407093660580756e+01 -7.8718597101784539e+01 7.6569864225468756e+00 6.6454990602440844e+01 -1.5256631347737065e+01 2.6676855954408363e+00 -2.2950159812431048e-01
22 0 18 26 4.4233197040105271e-01 -4.3406992636964992e+00 2.0957769096760686e+01 -7.7068106532529114e+01 7.4945143913861774e+00 6.5064724276356060e+01 -1.4937822762353470e+01 2.6120060503884073e+00 -2.2471722671329486e-01
23 0 19 27 4.3303006946135436e-01 -4.2495135093301917e+00 2.0517978439935540e+01 -7.5452636973139718e+01 7.3354892299693244e+00 6.3703958258675662e+01 -1.4625779160702127e+01 2.5575080275026290e+00 -2.2003438237247033e-01
24 0 20 28 4.2392553639971498e-01 -4.1602625495245604e+00 2.0087519421955896e+01 -7.3871445438523097e+01 7.1798377998890803e+00 6.2372066707057428e+01 -1.4320357027978975e+01 2.5041664620982917e+00 -2.1545091137377922e-01
25 0 21 29 4.1501418386641536e-01 -4.0729053360558307e+00 1.9666194066554837e+01 -7.2323804708525472e+01 7.0274885139296748e+00 6.1068437059245973e+01 -1.4021415894706402e+01 2.4519568213811014e+00 -2.1096470569029740e-01
26 0 22 30 4.0629191336053228e-01 -3.9874016916912636e+00 1.9253808598189224e+01 -7.0809002993817927e+01 6.8783713040277936e+00 5.9792469751023511e+01 -1.3728818272192937e+01 2.4008550931321255e+00 -2.0657370203106207e-01
27 0 23 31 3.9775471334472867e-01 -3.9037122916692852e+00 1.8850173352913199e+01 -6.9326343608001295e+01 6.7324175878810264e+00 5.8543577940895489e+01 -1.3442429589172381e+01 2.3508377746994071e+00 -2.0227588089088655e-01
28 0 24 32 3.8939865739730400e-01 -3.8217986456447921e+00 1.8455102691179366e+01 -6.7875144648076201e+01 6.5895602392188142e+00 5.7321187239429513e+01 -1.3162118130055159e+01 2.3018818621701738e+00 -1.9806926561902014e-01
29 0 25 33 3.8121990240931214e-01 -3.7416230799643904e+00 1.8068414912503034e+01 -6.6454738679733538e+01 6.4497335546872581e+00 5.6124735446135560e+01 -1.2887754974308544e+01 2.2539648397858572e+00 -1.9395192151455154e-01
30 0 26 34 3.7321468681336584e-01 -3.6631487203591244e+00 1.7689932171714123e+01 -6.5064472431168568e+01 6.3128732253644921e+00 5.4953672290002444e+01 -1.2619213937032979e+01 2.2070646695973690e+00 -1.8992195493112191e-01
31 0 27 35 3.6537932885997620e-01 -3.5863394749644146e+00 1.7319480397434980e+01 -6.3703706492695176e+01 6.1789163069804065e+00 5.3807459176595543e+01 -1.2356371511116008e+01 2.1611597813159507e+00 -1.8597751241125760e-01
32 0 28 36 3.5771022491592741e-01 -3.5111600177493889e+00 1.6956889211855600e+01 -6.2371815021882441e+01 6.0478011896955364e+00 5.2685568940874475e+01 -1.2099106810296187e+01 2.1162290624173612e+00 -1.8211677983088548e-01
33 0 29 37 3.5020384781593722e-01 -3.4375757722584082e+00 1.6601991852355628e+01 -6.1068185456699645e+01 5.9194675716878997e+00 5.1587485603913727e+01 -1.1847301513655633e+01 2.0722518484059504e+00 -1.7833798156545083e-01
34 0 30 38 3.4285674523413701e-01 -3.3655528956811858e+00 1.6254625094899584e+01 -5.9792218232847389e+01 5.7938564294008925e+00 5.0512704136492090e+01 -1.1600839811149152e+01 2.0292079133253678e+00 -1.7463937967434245e-01
35 0 31 39 3.3566553809572969e-01 -3.2950582633288921e+00 1.5914629178844562e+01 -5.8543326508787331e+01 5.6709099921472728e+00 4.9460730226004479e+01 -1.1359608350327049e+01 1.9870774604514752e+00 -1.7101927310024537e-01
36 0 32 40 3.2862691902910407e-01 -3.2260594533679718e+00 1.5581847733629671e+01 -5.7320935895438126e+01 5.5505717144871554e+00 4.8431080049624128e+01 -1.1123496184264688e+01 1.9458411131876112e+00 -1.6747599688688480e-01
37 0 33 41 3.2173765083682770e-01 -3.1585247319353811e+00 1.5256127706710368e+01 -5.6124484191988500e+01 5.4327862504407429e+00 4.7423280051675022e+01 -1.0892394720473074e+01 1.9054799061486101e+00 -1.6400792141461604e-01
38 0 34 42 3.1499456501436374e-01 -3.0924230385220457e+00 1.4937319293228269e+01 -5.4953421127557867e+01 5.3174994283304393e+00 4.6436866725668999e+01 -1.0666197670962596e+01 1.8659752764502364e+00 -1.6061345164979920e-01
39 0 35 43 3.0839456028718776e-01 -3.0277239716990363e+00 1.4625275867147403e+01 -5.3807208107991990e+01 5.2046582256532412e+00 4.5471386401280654e+01 -1.0444801003430650e+01 1.8273090551645135e+00 -1.5729102641132200e-01
40 0 36 44 3.0193460118683013e-01 -2.9643977751335480e+00 1.4319853913737257e+01 -5.2685317967938985e+01 5.0942107443409395e+00 4.4526395035842327e+01 -1.0228102893341505e+01 1.7894634589595690e+00 -1.5403911765288708e-01
41 0 37 45 2.9561171665470909e-01 -2.9024153238948780e+00 1.4020912963582804e+01 -5.1587234728789213e+01 4.9861061876047836e+00 4.3601458009762972e+01 -1.0016003677086072e+01 1.7524210819249686e+00 -1.5085622976007385e-01
42 0 38 46 2.8942299867502441e-01 -2.8417481110664684e+00 1.3728315528070342e+01 -5.0512453361199555e+01 4.8802948361739142e+00 4.2696149926842530e+01 -9.8084058062024599e+00 1.7161648875688018e+00 -1.4774089886212718e-01
43 0 39 47 2.8336560093743995e-01 -2.7823682346454985e+00 1.3441927036069524e+01 -4.9460479552688376e+01 4.7767280253012885e+00 4.1810054418694484e+01 -9.6052138024854212e+00 1.6806782009760273e+00 -1.4469169215946598e-01
44 0 40 48 2.7743673752963105e-01 -2.7242483846927548e+00 1.3161615772033821e+01 -4.8430829480441844e+01 4.6753581226279897e+00 4.0942763953109008e+01 -9.4063342140469075e+00 1.6459447011453694e+00 -1.4170720726431205e-01
45 0 41 49 2.7163368165368407e-01 -2.6673618307772231e+00 1.2887252815478570e+01 -4.7423029588838951e+01 4.5761385063224198e+00 4.0093879646620337e+01 -9.2116755723852162e+00 1.6119484134817939e+00 -1.3878607155541722e-01
46 0 42 50 2.6595376437271806e-01 -2.6116824096880151e+00 1.2618711981656690e+01 -4.6436616371441495e+01 4.4790235432692880e+00 3.9263011081227930e+01 -9.0211483502957091e+00 1.5786737024458419e+00 -1.3592694154724599e-01
47 0 43 51 2.6039437338407256e-01 -2.5571845133958555e+00 1.2355869763496118e+01 -4.5471136158005706e+01 4.3839685684538177e+00 3.8449776124642078e+01 -8.8346649206675210e+00 1.5461052643648059e+00 -1.3312850227181217e-01
48 0 44 52 2.5495295181742383e-01 -2.5038430772741052e+00 1.2098605274858221e+01 -4.4526144905838819e+01 4.2909298643695175e+00 3.7653800754567925e+01 -8.6521395162225545e+00 1.5142281203965144e+00 -1.3038946667412235e-01
49 0 45 53 2.4962699705822092e-01 -2.4516335685796418e+00 1.1846800194909326e+01 -4.3601207995424737e+01 4.1998646406794995e+00 3.6874718886800885e+01 -8.4734881900619854e+00 1.4830276096382022e+00 -1.2770857501976920e-01
50 0 46 54 2.4441405959805448e-01 -2.4005319751627865e+00 1.1600338713678079e+01 -4.2695900030637183e+01 4.1107310147411082e+00 3.6112172206756561e+01 -8.2986287770378233e+00 1.4524893823799958e+00 -1.2508459431600832e-01
51 0 47 55 2.3931174190693230e-01 -2.3505147944205098e+00 1.1359107478825232e+01 -4.1809804643101614e+01 4.0234879923132185e+00 3.5365810004676220e+01 -8.1274808559668053e+00 1.4225993935122339e+00 -1.2251631774490883e-01
52 0 48 56 2.3431769733073285e-01 -2.3015590224968796e+00 1.1122995543517154e+01 -4.0942514300702797e+01 3.9380954487350879e+00 3.4635289014330311e+01 -7.9599657126705790e+00 1.3933438960642823e+00 -1.2000256410731433e-01
53 0 49 57 2.2942962901265312e-01 -2.2536421436980074e+00 1.0891894315373545e+01 -4.0093630120036927e+01 3.8545141102636138e+00 3.3920273255248944e+01 -7.7960063037585980e+00 1.3647094348754309e+00 -1.1754217728065230e-01
54 0 50 58 2.2464528883601345e-01 -2.2067421201327271e+00 1.0665697506509545e+01 -3.9262761683067261e+01 3.7727055362156965e+00 3.3220433878070594e+01 -7.6355272211590082e+00 1.3366828404138948e+00 -1.1513402568674598e-01
55 0 51 59 2.1996247639084460e-01 -2.1608373815817683e+00 1.0444301084710377e+01 -3.8449526857656920e+01 3.6926321014271801e+00 3.2535449013255558e+01 -7.4784546574923754e+00 1.3092512227182183e+00 -1.1277700177111206e-01
56 0 52 60 2.1537903796136559e-01 -2.1159068155797245e+00 1.0227603225551775e+01 -3.7653551621545574e+01 3.6142569784647742e+00 3.1865003623283840e+01 -7.3247163721092479e+00 1.2824019654672614e+00 -1.1047002149447102e-01
57 0 53 61 2.1089286553614633e-01 -2.0719297577003557e+00 1.0015504265530126e+01 -3.6874469890542976e+01 3.5375441211270400e+00 3.1208789357539967e+01 -7.1742416578370971e+00 1.2561227201803711e+00 -1.0821202383322291e-01
58 0 54 62 2.0650189583832920e-01 -2.0288859820490339e+00 9.8079066562945485e+00 -3.6111923350161852e+01 3.4624582477871324e+00 3.0566504410550394e+01 -7.0269613085024671e+00 1.2304014005345270e+00 -1.0600197029157800e-01
59 0 55 63 2.0220410937555713e-01 -1.9867556919695410e+00 9.6047149197441470e+00 -3.5365561290655940e+01 3.3889648249038387e+00 2.9937853383289912e+01 -6.8828075870691405e+00 1.2052261768057262e+00 -1.0383884442455971e-01
60 0 56 64 1.9799752951324628e-01 -1.9455195109351995e+00 9.4058356041111058e+00 -3.4635040445929327e+01 3.3170300515347471e+00 2.9322547147127079e+01 -6.7417141944840955e+00 1.1805854704325853e+00 -1.0172165137014147e-01
61 0 57 65 1.9388022156433368e-01 -1.9051584736357767e+00 9.2111772410220176e+00 -3.3920024835557037e+01 3.2466208435523081e+00 2.8720302710980867e+01 -6.6036162392251638e+00 1.1564679486899707e+00 -9.9649417391522180e-02
62 0 58 66 1.8985029189900079e-01 -1.8656540172588509e+00 9.0206503033756817e+00 -3.3220185610167960e+01 3.1777048183128791e+00 2.8130843091221024e+01 -6.4684502074250876e+00 1.1328625194730544e+00 -9.7621189429743044e-02
63 0 59 67 1.8590588707491459e-01 -1.8269879729448391e+00 8.8341671641763853e+00 -3.2535200900366895e+01 3.1102502800439660e+00 2.7553897184127024e+01 -6.3361539336444732e+00 1.1097583261985950e+00 -9.5636034664676295e-02
64 0 60 68 1.8204519298367250e-01 -1.7891425574354893e+00 8.6516420562778986e+00 -3.1864755668675393e+01 3.0442262051867020e+00 2.6989199641254764e+01 -6.2066665723165224e+00 1.0871447428111936e+00 -9.3693040086826621e-02
65 0 61 69 1.7826643401694511e-01 -1.7521003648999860e+00 8.4729910329034528e+00 -3.1208541564515301e+01 2.9796022279346519e+00 2.6436490747480686e+01 -6.0799285697420036e+00 1.0650113688981642e+00 -9.1791312076608927e-02
66 0 62 70 1.7456787225055601e-01 -1.7158443589239476e+00 8.2981319290286262e+00 -3.0566256782537906e+01 2.9163486265514424e+00 2.5895516301431496e+01 -5.9558816367077867e+00 1.0433480249016607e+00 -8.9929975994141015e-02
67 0 63 71 1.7094780664406289e-01 -1.6803578646708026e+00 8.1269843236121666e+00 -2.9937605923700403e+01 2.8544363094353571e+00 2.5366027498680815e+01 -5.8344687216679576e+00 1.0221447474431757e+00 -8.8108175776412168e-02
68 0 64 72 1.6740457225860347e-01 -1.6456245612211158e+00 7.9594695025995321e+00 -2.9322299859529373e+01 2.7938368020164943e+00 2.4847780817207948e+01 -5.7156339845240103e+00 1.0013917847356184e+00 -8.6325073543698214e-02
69 0 65 73 1.6393653949185807e-01 -1.6116284740588882e+00 7.7955104227249139e+00 -2.8720055598987290e+01 2.7345222333238173e+00 2.4340537905543357e+01 -5.5993227709241298e+00 9.8107959210081142e-01 -8.4579849214449443e-02
70 0 66 74 1.6054211332762117e-01 -1.5783539677297336e+00 7.6350316760638561e+00 -2.8130596158489084e+01 2.6764653235264122e+00 2.3844065472976276e+01 -5.4854815871266478e+00 9.6119882757873265e-01 -8.2871700127431974e-02
71 0 67 75 1.5721973260325567e-01 -1.5457857386459319e+00 7.4779594553840214e+00 -2.7553650434408535e+01 2.6196393711413117e+00 2.3358135182382302e+01 -5.3740580754135605e+00 9.4174034763092918e-01 -8.1199840673791421e-02
72 0 68 76 1.5396786929051276e-01 -1.5139088080529290e+00 7.3242215201647847e+00 -2.6988953078389819e+01 2.5640182407999150e+00 2.2882523545173793e+01 -5.2650009899913837e+00 9.2269520293963059e-01 -7.9563501934505731e-02
73 0 69 77 1.5078502779419672e-01 -1.4827085151359505e+00 7.1737471633921102e+00 -2.6436244375390508e+01 2.5095763513595872e+00 2.2417011818473444e+01 -5.1582601734497731e+00 9.0405463428422195e-01 -7.7961931327328565e-02
74 0 70 78 1.4766974426267068e-01 -1.4521705102757307e+00 7.0264671790253592e+00 -2.5895270124069327e+01 2.4562886638201102e+00 2.1961385904637101e+01 -5.0537865336571661e+00 8.8581006851790267e-01 -7.6394392260920527e-02
75 0 71 79 1.4462058591564997e-01 -1.4222807484540465e+00 6.8823138301727296e+00 -2.5365781520118105e+01 2.4041306702907206e+00 2.1515436252565006e+01 -4.9515320212010234e+00 8.6795311462432934e-01 -7.4860163795258922e-02
76 0 72 80 1.4163615038529045e-01 -1.3930254827902511e+00 6.7412208179673616e+00 -2.4847535041619711e+01 2.3530783822697714e+00 2.1078957761548146e+01 -4.8514496073056019e+00 8.5047555985584389e-01 -7.3358540310850040e-02
77 0 73 81 1.3871506507028569e-01 -1.3643912582231559e+00 6.6031232510172515e+00 -2.4340292337097605e+01 2.3031083197787514e+00 2.0651749686842887e+01 -4.7534932621628219e+00 8.3336936595825195e-01 -7.1888831183847285e-02
78 0 74 82 1.3585598650619790e-01 -1.3363649053162965e+00 6.4679576156070571e+00 -2.3843820116018858e+01 2.2541975007401178e+00 2.0233615547268759e+01 -4.6576179337925128e+00 8.1662666547396190e-01 -7.0450360468425788e-02
79 0 75 83 1.3305759974565395e-01 -1.3089335342064088e+00 6.3356617464834084e+00 -2.3357890041316697e+01 2.2063234300753312e+00 1.9824363035003646e+01 -4.5637795273226098e+00 8.0023975812375980e-01 -6.9042466586084927e-02
80 0 76 84 1.3031861775493536e-01 -1.2820845286750726e+00 6.2061747982301627e+00 -2.2882278624473422e+01 2.1594640895849699e+00 1.9423803927027098e+01 -4.4719348846914295e+00 7.8420110726390002e-01 -6.7664502021141756e-02
81 0 77 85 1.2763778082181612e-01 -1.2558055403400770e+00 6.0794372173164977e+00 -2.2416767122741533e+01 2.1135979277857193e+00 1.9031753998569833e+01 -4.3820417648102099e+00 7.6850333642115254e-01 -6.6315833023199003e-02
82 0 78 86 1.2501385597531794e-01 -1.2300844829829940e+00 5.9553907147004219e+00 -2.1961141438498945e+01 2.0687038499447081e+00 1.8648032938411557e+01 -4.2940588241353614e+00 7.5313922590063431e-01 -6.4995839315339851e-02
83 0 79 87 1.2244563641985834e-01 -1.2049095269886785e+00 5.8339782390136037e+00 -2.1515192020803131e+01 2.0247612084223565e+00 1.8272464265934609e+01 -4.2079455976522961e+00 7.3810170946273990e-01 -6.3703913809061014e-02
84 0 80 88 1.1993194097950347e-01 -1.1802690939021310e+00 5.7151439503243067e+00 -2.1078713769000906e+01 1.9817497931395511e+00 1.7904875249965841e+01 -4.1236624802568196e+00 7.2338387107582824e-01 -6.2439462325173889e-02
85 0 81 89 1.1747161355484544e-01 -1.1561518511064734e+00 5.5988331944628280e+00 -2.0651505938444558e+01 1.9396498223739060e+00 1.7545096829296185e+01 -4.0411707085519319e+00 7.0897894173535336e-01 -6.1201903320153794e-02
86 0 82 90 1.1506352259144453e-01 -1.1325467066097399e+00 5.4849924778824866e+00 -2.0233372048091045e+01 1.8984419335194815e+00 1.7192963534998782e+01 -3.9604323430212567e+00 6.9488029634909310e-01 -5.9990667619246422e-02
87 0 83 91 1.1270656055915346e-01 -1.1094428039427660e+00 5.3735694430408651e+00 -1.9824119790171672e+01 1.8581071742615176e+00 1.6848313414278334e+01 -3.8814102505634871e+00 6.8108145069212200e-01 -5.8805198154066478e-02
88 0 84 92 1.1039964344302823e-01 -1.0868295171654325e+00 5.2645128443416978e+00 -1.9423560941793696e+01 1.8186269939287372e+00 1.6510987955964037e+01 -3.8040680874336070e+00 6.6757605842213241e-01 -5.7644949706896410e-02
89 0 85 93 1.0814171024426641e-01 -1.0646964459812105e+00 5.1577725245575152e+00 -1.9031511278268997e+01 1.7799832347693829e+00 1.6180832017688029e+01 -3.7283702825127145e+00 6.5435790816334505e-01 -5.6509388659616917e-02
90 0 86 94 1.0593172249284234e-01 -1.0430334109546542e+00 5.0532993917549129e+00 -1.8647790488503738e+01 1.7421581238425230e+00 1.5857693754426053e+01 -3.6542820209567752e+00 6.4142092064733180e-01 -5.5397992748495418e-02
91 0 87 95 1.0376866376966239e-01 -1.0218304488260261e+00 4.9510453967306995e+00 -1.8272222091966267e+01 1.7051342646153660e+00 1.5541424548762809e+01 -3.5817692281817752e+00 6.2875914591934901e-01 -5.4310250823817546e-02
92 0 88 96 1.0165153923870800e-01 -1.0010778079336171e+00 4.8509635108961211e+00 -1.7904633357594758e+01 1.6688946291403617e+00 1.5231878942461702e+01 -3.5107985541932116e+00 6.1636676059968121e-01 -5.3245662614987109e-02
93 0 89 97 9.9579375190243208e-02 -9.8076594372412829e-01 4.7530077046610097e+00 -1.7544855224303554e+01 1.6334225500932096e+00 1.4928914569621568e+01 -3.4413373582456082e+00 6.0423806520759193e-01 -5.2203738500332414e-02
94 0 90 98 9.7551218592120140e-02 -9.6088551436672054e-01 4.6571329262557004e+00 -1.7192722223272430e+01 1.5987017132152221e+00 1.4632392091155060e+01 -3.3733536938354471e+00 5.9236748153839436e-01 -5.1183999281898485e-02
95 0 91 99 9.5566136652209699e-02 -9.4142737645378771e-01 4.5632950810158075e+00 -1.6848072401797236e+01 1.5647161497021396e+00 1.4342175130751237e+01 -3.3068162940034269e+00 5.8074955009816076e-01 -5.0185975965104837e-02
96 0 92 100 9.3623216388794908e-02 -9.2238258079743707e-01 4.4714510110958621e+00 -1.6510747248850389e+01 1.5314502289609560e+00 1.4058130212104695e+01 -3.2416945569523579e+00 5.6937892759293884e-01 -4.9209209543062800e-02
97 0 93 101 9.1721564211169282e-02 -9.0374236831258326e-01 4.3815584756315520e+00 -1.6180591622159142e+01 1.4988886513682573e+00 1.3780126697553305e+01 -3.1779585319792383e+00 5.5825038447219710e-01 -4.8253250785517975e-02
98 0 94 102 8.9860305508238036e-02 -8.8549816598996078e-01 4.2935761313029515e+00 -1.5857453676841674e+01 1.4670164412291917e+00 1.3508036727999839e+01 -3.1155789056993815e+00 5.4735880252285729e-01 -4.7317660032060511e-02
99 0 95 103 8.8038584246604948e-02 -8.6764158295111837e-01 4.2074635133184648e+00 -1.5541184795578122e+01 1.4358189398984591e+00 1.3241735164102419e+01 -3.0545269885611281e+00 5.3669917251462962e-01 -4.6402006990208189e-02
100 0 96 104 8.6255562576519049e-02 -8.5016440658957471e-01 4.1231810168083225e+00 -1.5231639520268233e+01 1.4052817990517499e+00 1.2981099528709549e+01 -2.9947747016491872e+00 5.2626659189809744e-01 -4.5505870537242775e-02
101 0 97 105 8.4510420446745518e-02 -8.3305859879528388e-01 4.0406898786143355e+00 -1.4928675485138076e+01 1.3753909740993393e+00 1.2726009950532138e+01 -2.9362945637807671e+00 5.1605626254823345e-01 -4.4628838526666083e-02
102 0 98 106 8.2802355227346261e-02 -8.1631629225654112e-01 3.9599521594529166e+00 -1.4632153351216742e+01 1.3461327176414923e+00 1.2476349109047517e+01 -2.8790596788557448e+00 5.0606348855843630e-01 -4.3770507598681029e-02
103 0 99 107 8.1130581340559102e-02 -7.9992978684165750e-01 3.8809307264667106e+00 -1.4341936742320597e+01 1.3174935732793225e+00 1.2232002180478826e+01 -2.8230437234893260e+00 4.9628367408070551e-01 -4.2930482994544113e-02
104 0 100 108 7.9494329899461313e-02 -7.8389154605712164e-01 3.8035892361576740e+00 -1.4057892182282576e+01 1.2894603693185700e+00 1.1992856785038178e+01 -2.7682209349109264e+00 4.8671232121191216e-01 -4.2108378375172964e-02
105 0 101 109 7.7892848354184224e-02 -7.6819419358311791e-01 3.7278921176574102e+00 -1.3779889033569900e+01 1.2620202127436531e+00 1.1758802935224153e+01 -2.7145660991083744e+00 4.7734502792541378e-01 -4.1303815643422753e-02
106 0 102 110 7.6325400146205341e-02 -7.5283050987876698e-01 3.6538045563752815e+00 -1.3507799437225131e+01 1.2351604833197638e+00 1.1529732985222314e+01 -2.6620545392358888e+00 4.6817748604629311e-01 -4.0516424770070197e-02
107 0 103 111 7.4791264369059626e-02 -7.3779342886266075e-01 3.5812924779865383e+00 -1.3241498254031809e+01 1.2088688277341564e+00 1.1305541581423681e+01 -2.6106621042646809e+00 4.5920547926958294e-01 -3.9745843623867329e-02
108 0 104 112 7.3289735437094314e-02 -7.2307603466333781e-01 3.5103225327558225e+00 -1.2980863006976906e+01 1.1831331539506942e+00 1.1086125613949758e+01 -2.5603651578704119e+00 4.5042488122206875e-01 -3.8991717804782666e-02
109 0 105 113 7.1820122760954175e-02 -7.0867155843787721e-01 3.4408620802061316e+00 -1.2725773824932036e+01 1.1579416256625032e+00 1.0871384169228650e+01 -2.5111405675709153e+00 4.4183165356378329e-01 -3.8253700481193698e-02
110 0 106 114 7.0381750429744289e-02 -6.9457337525911100e-01 3.3728791741017128e+00 -1.2476113387484057e+01 1.1332826567789864e+00 1.0661218483612574e+01 -2.4629656940809861e+00 4.3342184413134094e-01 -3.7531452230203176e-02
111 0 107 115 6.8973956900368311e-02 -6.8077500106863287e-01 3.3063425477534896e+00 -1.2231766871023222e+01 1.1091449061887977e+00 1.0455531897913442e+01 -2.4158183809016278e+00 4.2519158511904098e-01 -3.6824640881655192e-02
112 0 108 116 6.7596094693159983e-02 -6.6727008969363921e-01 3.2412215996457605e+00 -1.1992621895899596e+01 1.0855172724662436e+00 1.0254229812980375e+01 -2.3696769441284444e+00 4.1713709130151105e-01 -3.6132941365371637e-02
113 0 109 117 6.6247530094018667e-02 -6.5405242993035229e-01 3.1774863793572234e+00 -1.1758568474765029e+01 1.0623888888322361e+00 1.0057219646163785e+01 -2.3245201624825804e+00 4.0925465829230673e-01 -3.5456035561607771e-02
114 0 110 118 6.4927642863203058e-02 -6.4111594268533956e-01 3.1151075737883276e+00 -1.1529498961956506e+01 1.0397491180876230e+00 9.8644107887671417e+00 -2.2803272675497146e+00 4.0154066084001505e-01 -3.4793612154749409e-02
115 0 111 119 6.3635825949688862e-02 -6.2845467818022349e-01 3.0540564936735159e+00 -1.1305308004009033e+01 1.0175875477702934e+00 9.6757145643498923e+00 -2.2370779342248115e+00 3.9399155116092038e-01 -3.4145366490242905e-02
116 0 112 120 6.2371485212265647e-02 -6.1606281321467682e-01 2.9943050603944927e+00 -1.1085892491203703e+01 9.9589398535894980e-01 9.4910441879459615e+00 -2.1947522713671397e+00 3.8660385730817243e-01 -3.3511000434323236e-02
117 0 113 121 6.1134039146036989e-02 -6.0393464848942968e-01 2.9358257930639695e+00 -1.0871151510135054e+01 9.7465845357302283e-01 9.3103147261595058e+00 -2.1533308126548643e+00 3.7937418157385405e-01 -3.2890222237041238e-02
118 0 114 122 5.9922918615153004e-02 -5.9206460598388388e-01 2.8785917958818268e+00 -1.0660986297291144e+01 9.5387118576878938e-01 9.1334430581052040e+00 -2.1127945076250194e+00 3.7229919892712787e-01 -3.2282746398053917e-02
119 0 115 123 5.8737566590940184e-02 -5.8044722639078039e-01 2.8225767457698399e+00 -1.0455300193663687e+01 9.3352262150894971e-01 8.9603478371524101e+00 -2.0731247129173176e+00 3.6537565548494277e-01 -3.1688293535297250e-02
120 0 116 124 5.7577437895686083e-02 -5.6907716660554064e-01 2.7677548802672471e+00 -1.0253998600253750e+01 9.1360340208816360e-01 8.7909494535497572e+00 -2.0343031837005152e+00 3.5860036701549758e-01 -3.1106590256545955e-02
121 0 117 125 5.6441998951894452e-02 -5.5794919726916403e-01 2.7141009856736584e+00 -1.0056988934582636e+01 8.9410436627514533e-01 8.6251699977880065e+00 -1.9963120652767679e+00 3.5197021747350460e-01 -3.0537369033641935e-02
122 0 118 126 5.5330727536986909e-02 -5.4705820036179531e-01 2.6615903854601366e+00 -9.8641805881172981e+00 8.7501654609869117e-01 8.4629332247679034e+00 -1.9591338848725182e+00 3.4548215756739814e-01 -2.9980368079504761e-02
123 0 119 127 5.4243112542857609e-02 -5.3639916685019406e-01 2.6101989289188507e+00 -9.6754848845858632e+00 8.5633116270576715e-01 8.3041645187423718e+00 -1.9227515436031943e+00 3.3913320335713382e-01 -2.9435331227729743e-02
124 0 120 128 5.3178653741051143e-02 -5.2596719438354989e-01 2.5599029800529776e+00 -9.4908150391971038e+00 8.3803962233277574e-01 8.1487908589958735e+00 -1.8871483086088960e+00 3.3292043488168460e-01 -2.8902007814813280e-02
125 0 121 129 5.2136861552540555e-02 -5.1575748503803187e-01 2.5106794067065867e+00 -9.3100861187256765e+00 8.2013351234915510e-01 7.9967407862621425e+00 -1.8523078053581832e+00 3.2684099481627849e-01 -2.8380152564811259e-02
126 0 122 130 5.1117256822514362e-02 -5.0576534311050825e-01 2.4625055699262623e+00 -9.1332150024532464e+00 8.0260459739534185e-01 7.8479443698560729e+00 -1.8182140101177275e+00 3.2089208715789286e-01 -2.7869525476602267e-02
127 0 123 131 5.0119370600044344e-02 -4.9598617295879943e-01 2.4153593135489584e+00 -8.9601203439346939e+00 7.8544481558453749e-01 7.7023331755146431e+00 -1.7848512425810246e+00 3.1507097593984057e-01 -2.7369891713506452e-02
128 0 124 132 4.9142743922391742e-02 -4.8641547688827236e-01 2.3692189540124198e+00 -8.7907225335952255e+00 7.6864627481541126e-01 7.5598402339142456e+00 -1.7522041586590729e+00 3.0937498397337732e-01 -2.6881021495275093e-02
129 0 125 133 4.8186927603902377e-02 -4.7704885308285672e-01 2.3240632703822577e+00 -8.6249436621015239e+00 7.5220124911312047e-01 7.4204000098843013e+00 -1.7202577434232107e+00 3.0380149161649034e-01 -2.6402689992480969e-02
130 0 126 134 4.7251482029354447e-02 -4.6788199358055660e-01 2.2798714945892571e+00 -8.4627074845391466e+00 7.3610217509728404e-01 7.2839483722557539e+00 -1.6889973041981454e+00 2.9834793556926964e-01 -2.5934677223070735e-02
131 0 127 135 4.6335976951804178e-02 -4.5891068229170501e-01 2.2366233018808712e+00 -8.3039393853466272e+00 7.2034164850025695e-01 7.1504225643684753e+00 -1.6584084638067056e+00 2.9301180769486851e-01 -2.5476767951238682e-02
132 0 128 136 4.5439991294589137e-02 -4.5013079306023884e-01 2.1942988014716716e+00 -8.1485663439903853e+00 7.0491242074880200e-01 7.0197611752135511e+00 -1.6284771539556195e+00 2.8779065386603392e-01 -2.5028751588404449e-02
133 0 129 137 4.4563112957759554e-02 -4.4153828776580811e-01 2.1528785273950897e+00 -7.9965169013924156e+00 6.8980739565198024e-01 6.8919041111790991e+00 -1.5991896087656099e+00 2.8268207283636798e-01 -2.4590422096463109e-02
134 0 130 138 4.3704938628467450e-02 -4.3312921446635744e-01 2.1123434295523169e+00 -7.8477211270570759e+00 6.7501962612028488e-01 6.7667925684195245e+00 -1.5705323584408830e+00 2.7768371513669665e-01 -2.4161577892974156e-02
135 0 131 139 4.2865073595453010e-02 -4.2489970558090401e-01 2.0726748649490525e+00 -7.7021105869122817e+00 6.6054231098180793e-01 6.6443690058076443e+00 -1.5424922230762048e+00 2.7279328199391628e-01 -2.3742021758483473e-02
136 0 132 140 4.2043131567507906e-02 -4.1684597610985302e-01 2.0338545891198976e+00 -7.5596183118246705e+00 6.4636879183154328e-01 6.5245771184794394e+00 -1.5150563065919609e+00 2.6800852427393956e-01 -2.3331560745843249e-02
137 0 133 141 4.1238734495722511e-02 -4.0896432189446769e-01 1.9958647477379747e+00 -7.4201787668184229e+00 6.3249255000657434e-01 6.4073618119204534e+00 -1.4882119908038145e+00 2.6332724144747177e-01 -2.2930006091492018e-02
138 0 134 142 4.0451512399661056e-02 -4.0125111791322271e-01 1.9586878684066129e+00 -7.2837278209212446e+00 6.1890720355907114e-01 6.2926691766412270e+00 -1.4619469296216749e+00 2.5874728057822316e-01 -2.2537173128653359e-02
139 0 135 143 3.9681103197118546e-02 -3.9370281661485290e-01 1.9223068526187912e+00 -7.1502027176686047e+00 6.0560650432647123e-01 6.1804464633813012e+00 -1.4362490433702721e+00 2.5426653533246441e-01 -2.2152881202416468e-02
140 0 136 144 3.8927152537651534e-02 -3.8631594628577953e-01 1.8867049678939576e+00 -7.0195420462452480e+00 5.9258433506263375e-01 6.0706420588456567e+00 -1.4111065132326714e+00 2.4988294501049665e-01 -2.1776953586697265e-02
141 0 137 145 3.8189313639451244e-02 -3.7908710945373036e-01 1.8518658400839842e+00 -6.8916857132430165e+00 5.7983470662749759e-01 5.9632054619654422e+00 -1.3865077758158935e+00 2.4559449359920932e-01 -2.1409217402944589e-02
142 0 138 146 3.7467247129912160e-02 -3.7201298132529337e-01 1.8177734458417651e+00 -6.7665749150173831e+00 5.6735175522376102e-01 5.8580872606768635e+00 -1.3624415178336973e+00 2.4139920884477487e-01 -2.1049503540702886e-02
143 0 139 147 3.6760620889502466e-02 -3.6509030825633021e-01 1.7844121052497202e+00 -6.6441521106418540e+00 5.5512973969977797e-01 5.7552391091948207e+00 -1.3388966709016354e+00 2.3729516134578010e-01 -2.0697646579781615e-02
144 0 140 148 3.6069109898976784e-02 -3.5831590625535042e-01 1.7517664746096040e+00 -6.5243609954515103e+00 5.4316303892255102e-01 5.6546137057722605e+00 -1.3158624064479181e+00 2.3328046366566435e-01 -2.0353484714277992e-02
145 0 141 149 3.5392396089839066e-02 -3.5168665951915296e-01 1.7198215393858818e+00 -6.4071464751378908e+00 5.3144614917341504e-01 5.5561647709528756e+00 -1.2933281307321096e+00 2.2935326946526532e-01 -2.0016859678123829e-02
146 0 142 150 3.4730168198070448e-02 -3.4519951899997781e-01 1.6885626072993205e+00 -6.2924546404202983e+00 5.1997368163948832e-01 5.4598470262774148e+00 -1.2712834799750190e+00 2.2551177265337544e-01 -1.9687616672374505e-02
147 0 143 151 3.4082121620935872e-02 -3.3885150100247363e-01 1.6579753015697472e+00 -6.1802327422378456e+00 5.0874035990586375e-01 5.3656161734720973e+00 -1.2497183155908738e+00 2.2175420655653727e-01 -1.9365604293988370e-02
148 0 144 152 3.3447958276804621e-02 -3.3263968581170056e-01 1.6280455543023653e+00 -6.0704291675035327e+00 4.9774101755996203e-01 5.2734288740613584e+00 -1.2286227195252075e+00 2.1807884310620221e-01 -1.9050674466251617e-02
149 0 145 153 3.2827386468089949e-02 -3.2656121634970214e-01 1.5987596000196966e+00 -5.9629934153550765e+00 4.8697059578898366e-01 5.1832427294470245e+00 -1.2079869896927855e+00 2.1448399204445423e-01 -1.8742682370684851e-02
150 0 146 154 3.2220120746981676e-02 -3.2061329686199574e-01 1.5701039693287497e+00 -5.8578760739382867e+00 4.7642414107661119e-01 5.0950162613983627e+00 -1.1878016355165035e+00 2.1096800014656905e-01 -1.8441486380488630e-02
151 0 147 155 3.1625881784234221e-02 -3.1479319163105357e-01 1.5420654827272318e+00 -5.7550287976721721e+00 4.6609680290350930e-01 5.0087088929852177e+00 -1.1680573735625481e+00 2.0752925046098622e-01 -1.8146947995405508e-02
152 0 148 156 3.1044396240548982e-02 -3.0909822371825424e-01 1.5146312445400008e+00 -5.6544042850200755e+00 4.5598383153205491e-01 4.9242809299092514e+00 -1.1487451232709378e+00 2.0416616156548531e-01 -1.7858931778073631e-02
153 0 149 157 3.0475396640909768e-02 -3.0352577373216716e-01 1.4877886369892253e+00 -5.5559562567308207e+00 4.4608057581106481e-01 4.8416935422520480e+00 -1.1298560027787443e+00 2.0087718684023520e-01 -1.7577305291750594e-02
154 0 150 158 2.9918621251456091e-02 -2.9807327862409977e-01 1.4615253143907221e+00 -5.4596394345590937e+00 4.3638248104868144e-01 4.7609087466115794e+00 -1.1113813248362954e+00 1.9766081375649264e-01 -1.7301939039443201e-02
155 0 151 159 2.9373813959137851e-02 -2.9273823050891723e-01 1.4358291974759914e+00 -5.3654095204342216e+00 4.2688508690329940e-01 4.6818893886395330e+00 -1.0933125928116416e+00 1.9451556318119786e-01 -1.7032706404379400e-02
156 0 152 160 2.8840724153832570e-02 -2.8751817551154901e-01 1.4106884678353300e+00 -5.2732231760916681e+00 4.1758402534399852e-01 4.6045991259480097e+00 -1.0756414967829147e+00 1.9143998869676884e-01 -1.6769483591807216e-02
157 0 153 161 2.8319106613082515e-02 -2.8241071263801432e-01 1.3860915624832519e+00 -5.1830380031383108e+00 4.0847501863462177e-01 4.5290024113982827e+00 -1.0583599097169101e+00 1.8843267593608456e-01 -1.6512149572088370e-02
158 0 154 162 2.7808721389225508e-02 -2.7741349267122623e-01 1.3620271685394800e+00 -5.0948125235533093e+00 3.9955387736947773e-01 4.4550644767508167e+00 -1.0414598837314577e+00 1.8549224193206040e-01 -1.6260586025067230e-02
159 0 155 163 2.7309333699048192e-02 -2.7252421709021307e-01 1.3384842180259358e+00 -5.0085061606111303e+00 3.9081649854502470e-01 4.3827513166752912e+00 -1.0249336464400376e+00 1.8261733448176901e-01 -1.6014677285687774e-02
160 0 156 164 2.6820713815727346e-02 -2.6774063701287892e-01 1.3154518827761357e+00 -4.9240792202204675e+00 3.8225886367522149e-01 4.3120296731098877e+00 -1.0087735973775120e+00 1.7980663152472157e-01 -1.5774310290835362e-02
161 0 157 165 2.6342636963153556e-02 -2.6306055216151697e-01 1.2929195694549631e+00 -4.8414928726668176e+00 3.7387703694086782e-01 4.2428670199667033e+00 -9.9297230450501694e-01 1.7705884053504220e-01 -1.5539374527378498e-02
162 0 158 166 2.5874883212499415e-02 -2.5848180985066310e-01 1.2708769146859020e+00 -4.7607091347538217e+00 3.6566716338002914e-01 4.1752315481723121e+00 -9.7752250079203218e-01 1.7437269792712831e-01 -1.5309761981354014e-02
163 0 159 167 2.5417237381029002e-02 -2.5400230399676138e-01 1.2493137802844720e+00 -4.6816908523340768e+00 3.5762546711494964e-01 4.1090921510384195e+00 -9.6241708087423417e-01 1.7174696847455420e-01 -1.5085367088352118e-02
164 0 160 168 2.4969488933074855e-02 -2.4961997414935372e-01 1.2282202485952134e+00 -4.6044016832212602e+00 3.4974824961563866e-01 4.0444184099548606e+00 -9.4764909778557505e-01 1.6918044474242352e-01 -1.4866086685021984e-02
165 0 161 169 2.4531431883183588e-02 -2.4533280454338141e-01 1.2075866179306882e+00 -4.5288060804775068e+00 3.4203188800266343e-01 3.9811805803984299e+00 -9.3321175976463111e-01 1.6667194653212714e-01 -1.4651819961573007e-02
166 0 162 170 2.4102864701322710e-02 -2.4113882317177987e-01 1.1874033981084480e+00 -4.4548692760589326e+00 3.3447283337053174e-01 3.9193495782584438e+00 -9.1909842713074252e-01 1.6422032033827319e-01 -1.4442468415564456e-02
167 0 163 171 2.3683590220141985e-02 -2.3703610087824017e-01 1.1676613060852350e+00 -4.3825572648292335e+00 3.2706760916337030e-01 3.8588969664542452e+00 -9.0530260922793826e-01 1.6182443881895553e-01 -1.4237935806536045e-02
168 0 164 172 2.3273415544278111e-02 -2.3302275046998472e-01 1.1483512616902296e+00 -4.3118367889277796e+00 3.1981280959006869e-01 3.7997949418526171e+00 -8.9181796144468306e-01 1.5948320027717475e-01 -1.4038128111921134e-02
169 0 165 173 2.2872151961548449e-02 -2.2909692584954139e-01 1.1294643834463423e+00 -4.2426753224516913e+00 3.1270509801716190e-01 3.7420163224987233e+00 -8.7863828229372032e-01 1.5719552815488383e-01 -1.3842953483706602e-02
170 0 166 174 2.2479614856153435e-02 -2.2525682116545714e-01 1.1109919844832716e+00 -4.1750410565191931e+00 3.0574120548132350e-01 3.6855345350945186e+00 -8.6575751056123951e-01 1.5496037053690292e-01 -1.3652322206280355e-02
171 0 167 175 2.2095623623683971e-02 -2.2150066998080503e-01 1.0929255685449408e+00 -4.1089028846213278e+00 2.9891792914224996e-01 3.6303236027947654e+00 -8.5316972251631906e-01 1.5277669966805316e-01 -1.3466146655241413e-02
172 0 168 176 2.1720001587975241e-02 -2.1782674446192649e-01 1.0752568260808337e+00 -4.0442303883388560e+00 2.9223213086108035e-01 3.5763581332366452e+00 -8.4086912918939372e-01 1.5064351148076427e-01 -1.3284341257122507e-02
173 0 169 177 2.1352575919964843e-02 -2.1423335458281551e-01 1.0579776304264321e+00 -3.9809938233285447e+00 2.8568073570721270e-01 3.5236133068865545e+00 -8.2885007371223540e-01 1.4855982513351737e-01 -1.3106822450085813e-02
174 0 170 178 2.0993177557962095e-02 -2.1071884734788487e-01 1.0410800340588766e+00 -3.9191641056490218e+00 2.7926073056368417e-01 3.4720648656156476e+00 -8.1710702871322438e-01 1.4652468255945189e-01 -1.2933508645491329e-02
175 0 171 179 2.0641641130000329e-02 -2.0728160603063900e-01 1.0245562649454660e+00 -3.8587127983927019e+00 2.7296916274947503e-01 3.4216891015381314e+00 -8.0563459377525681e-01 1.4453714802598541e-01 -1.2764320190460254e-02
176 0 172 180 2.0297804877564600e-02 -2.0392004943082884e-01 1.0083987229703040e+00 -3.7996120986033239e+00 2.6680313865557731e-01 3.3724628461103943e+00 -7.9442749295355719e-01 1.4259630770518009e-01 -1.2599179331310231e-02
177 0 173 181 1.9961510581321146e-02 -2.0063263114723789e-01 9.9259997643732800e-01 -3.7418348244866952e+00 2.6075982241307016e-01 3.3243634594773783e+00 -7.8348057235090840e-01 1.4070126925350732e-01 -1.2438010177763678e-02
178 0 174 182 1.9632603488235610e-02 -1.9741783886553135e-01 9.7715275864996853e-01 -3.6853544029041188e+00 2.5483643457985772e-01 3.2773688200651079e+00 -7.7278879774659004e-01 1.3885116140127401e-01 -1.2280738668203707e-02
179 0 175 183 1.9310932240303304e-02 -1.9427419366239942e-01 9.6204996456891467e-01 -3.6301448571578665e+00 2.4903025087434627e-01 3.2314573143986274e+00 -7.6234725227898914e-01 1.3704513355255563e-01 -1.2127292535492121e-02
180 0 176 184 1.8996348804931153e-02 -1.9120024932560892e-01 9.4728464754745911e-01 -3.5761807950494560e+00 2.4333860093154638e-01 3.1866078271598504e+00 -7.5215113418827917e-01 1.3528235539349159e-01 -1.1977601273934515e-02
181 0 177 185 1.8688708406792300e-02 -1.8819459168870042e-01 9.3285001613389629e-01 -3.5234373971824438e+00 2.3775886704015931e-01 3.1427997314899137e+00 -7.4219575460435150e-01 1.3356201651156605e-01 -1.1831596106831837e-02
182 0 178 186 1.8387869461263584e-02 -1.8525583798051393e-01 9.1873943094757615e-01 -3.4718904055734860e+00 2.3228848299220806e-01 3.1000128794800159e+00 -7.3247653539474444e-01 1.3188332602260014e-01 -1.1689209954919417e-02
183 0 179 187 1.8093693509202986e-02 -1.8238263618827777e-01 9.0494640162662954e-01 -3.4215161124652269e+00 2.2692493283923582e-01 3.0582275929347400e+00 -7.2298900705820801e-01 1.3024551220743652e-01 -1.1550377405532160e-02
184 0 180 188 1.7806045153159176e-02 -1.7957366443632300e-01 8.9146458383793847e-01 -3.3722913494450268e+00 2.2166574978605194e-01 3.0174246542976264e+00 -7.1372880666751293e-01 1.2864782215667406e-01 -1.1415034682587488e-02
185 0 181 189 1.7524791995207133e-02 -1.7682763037705276e-01 8.7828777636472399e-01 -3.3241934767823538e+00 2.1650851503304919e-01 2.9775852978223729e+00 -7.0469167586381198e-01 1.2708952142514887e-01 -1.1283119617283536e-02
186 0 182 190 1.7249804575830717e-02 -1.7414327059759682e-01 8.6540991825215818e-01 -3.2772003730185038e+00 2.1145085667513899e-01 2.9386912009384267e+00 -6.9587345890006580e-01 1.2556989369422217e-01 -1.1154571619610504e-02
187 0 183 191 1.6980956314545881e-02 -1.7151935003783322e-01 8.5282508601894647e-01 -3.2312904247844894e+00 2.0649044859389598e-01 2.9007244758317539e+00 -6.8727010072911388e-01 1.2408824044275278e-01 -1.1029331650458394e-02
188 0 184 192 1.6718123451482717e-02 -1.6895466142213983e-01 8.4052749093175427e-01 -3.1864425168690613e+00 2.0162500940613862e-01 2.8636676612103042e+00 -6.7887764513943005e-01 1.2264388062549446e-01 -1.0907342194543404e-02
189 0 185 193 1.6461184990473846e-02 -1.6644802470375486e-01 8.2851147634392042e-01 -3.1426360225002496e+00 1.9685230139745086e-01 2.8275037142798642e+00 -6.7069223293416347e-01 1.2123615036048035e-01 -1.0788547234021994e-02
190 0 186 194 1.6210022643347914e-02 -1.6399828652246484e-01 8.1677151509365931e-01 -3.0998507938695576e+00 1.9217012951671042e-01 2.7922160028952931e+00 -6.6271010015820253e-01 1.1986440262395284e-01 -1.0672892222738629e-02
191 0 187 195 1.5964520775552372e-02 -1.6160431967367472e-01 8.0530220696255772e-01 -3.0580671528530061e+00 1.8757634034078924e-01 2.7577882979243560e+00 -6.5492757636817267e-01 1.1852800695280086e-01 -1.0560324061202843e-02
192 0 188 196 1.5724566352851466e-02 -1.5926502258984729e-01 7.9409827618836959e-01 -3.0172658819643425e+00 1.8306882109487005e-01 2.7242047657777944e+00 -6.4734108294224790e-01 1.1722634915478201e-01 -1.0450791072229517e-02
193 0 189 197 1.5490048889376867e-02 -1.5697931883339766e-01 7.8315456904115321e-01 -2.9774282155231857e+00 1.7864549868978782e-01 2.6914499611226987e+00 -6.3994713143569748e-01 1.1595883102643577e-01 -1.0344242977171699e-02
194 0 190 198 1.5260860396696050e-02 -1.5474615660189545e-01 7.7246605145297187e-01 -2.9385358310165812e+00 1.7430433875510531e-01 2.6595088197866805e+00 -6.3274232197808322e-01 1.1472487007803100e-01 -1.0240630872924598e-02
195 0 191 199 1.5036895334184199e-02 -1.5256450824407292e-01 7.6202780670009951e-01 -2.9005708406715449e+00 1.7004334470429763e-01 2.6283666518281494e+00 -6.2572334170778310e-01 1.1352389926603484e-01 -1.0139907209364727e-02
196 0 192 200 1.4818050560441056e-02 -1.5043336978677782e-01 7.5183503314293110e-01 -2.8635157832360307e+00 1.6586055683046849e-01 2.5980091347749341e+00 -6.1888696325033610e-01 1.1235536673199321e-01 -1.0042025767623329e-02
197 0 193 201 1.4604225285772191e-02 -1.4835176047317458e-01 7.4188304201745092e-01 -2.8273536159366954e+00 1.6175405138188870e-01 2.5684223070461556e+00 -6.1223004323213692e-01 1.1121873554955891e-01 -9.9469416388193246e-03
198 0 194 202 1.4395321025869731e-02 -1.4631872231196755e-01 7.3216725527842597e-01 -2.7920677066559216e+00 1.5772193970992898e-01 2.5395925615174448e+00 -6.0574952083763489e-01 1.1011348347731884e-01 -9.8546112034643852e-03
199 0 195 203 1.4191241556486331e-02 -1.4433331963609794e-01 7.2268320349425186e-01 -2.7576418262629931e+00 1.5376236736006776e-01 2.5115066392815386e+00 -5.9944241640085327e-01 1.0903910271906665e-01 -9.7649921114668185e-03
200 0 196 204 1.3991892869097307e-02 -1.4239463867272611e-01 7.1342652378852955e-01 -2.7240601411654968e+00 1.4987351325381859e-01 2.4841516235337928e+00 -5.9330583003461512e-01 1.0799509969022916e-01 -9.6780432626297000e-03
201 0 197 205 1.3797183127731760e-02 -1.4050178712231082e-01 7.0439295783680012e-01 -2.6913072060201553e+00 1.4605358883192329e-01 2.4575149336410771e+00 -5.8733694029814332e-01 1.0698099479092255e-01 -9.5937247878454032e-03
202 0 198 206 1.3607022626594630e-02 -1.3865389374875786e-01 6.9557834990552592e-01 -2.6593679566291346e+00 1.4230083723587994e-01 2.4315843193528606e+00 -5.8153300289796550e-01 1.0599632218576932e-01 -9.5119980307723506e-03
203 0 199 207 1.3421323748945176e-02 -1.3685010797837668e-01 6.8697864494221450e-01 -2.6282277030177226e+00 1.3861353250984326e-01 2.4063478551632471e+00 -5.7589134942777098e-01 1.0504062958971032e-01 -9.4328255300900575e-03
204 0 200 208 1.3240000926669953e-02 -1.3508959950858748e-01 6.7858988670969844e-01 -2.5978721226678116e+00 1.3498997878759217e-01 2.3817939348356485e+00 -5.7040938614108239e-01 1.0411347806021863e-01 -9.3561710023460296e-03
205 0 201 209 1.3062970600964395e-02 -1.3337155792604521e-01 6.7040821596512057e-01 -2.5682872539380797e+00 1.3142850952850613e-01 2.3579112660569028e+00 -5.6508459275767464e-01 1.0321444179552249e-01 -9.2819993252166062e-03
206 0 202 210 1.2890151183895322e-02 -1.3169519233361049e-01 6.6242986868683751e-01 -2.5394594896415046e+00 1.2792748674597698e-01 2.3346888652469682e+00 -5.5991452130570418e-01 1.0234310793860936e-01 -9.2102765214680093e-03
207 0 203 211 1.2721463020823201e-02 -1.3005973098686607e-01 6.5465117434203735e-01 -2.5113755707835876e+00 1.2448530024856572e-01 2.3121160525084825e+00 -5.5489679499405409e-01 1.0149907638790821e-01 -9.1409697433092116e-03
208 0 204 212 1.2556828353849497e-02 -1.2846442093919017e-01 6.4706855419952802e-01 -2.4840225804735732e+00 1.2110036691769201e-01 2.2901824467077518e+00 -5.5002910712185893e-01 1.0068195961314440e-01 -9.0740472573434001e-03
209 0 205 213 1.2396171285996670e-02 -1.2690852769522887e-01 6.3967851968343947e-01 -2.4573879379690808e+00 1.1777112995038340e-01 2.2688779607137448e+00 -5.4530922001664772e-01 9.9891382477363164e-02 -9.0094784299701077e-03
210 0 206 214 1.2239417746310197e-02 -1.2539133487326631e-01 6.3247767076694572e-01 -2.4314593929025627e+00 1.1449605817053207e-01 2.2481927967460629e+00 -5.4073496400486354e-01 9.9126982064185132e-02 -8.9472337133433555e-03
211 0 207 215 1.2086495455828065e-02 -1.2391214387536714e-01 6.2546269441116531e-01 -2.4062250196410457e+00 1.1127364530827126e-01 2.2281174418758933e+00 -5.3630423641429659e-01 9.8388407511341244e-02 -8.8872846317897009e-03
212 0 208 216 1.1937333894285907e-02 -1.2247027356673423e-01 6.1863036304023222e-01 -2.3816732118048205e+00 1.0810240931776925e-01 2.2086426636467702e+00 -5.3201500060792761e-01 9.7675319849159073e-02 -8.8296037687341563e-03
213 0 209 217 1.1791864267790379e-02 -1.2106505996205102e-01 6.1197753305699321e-01 -2.3577926769240269e+00 1.0498089168325318e-01 2.1897595058338064e+00 -5.2786528504638675e-01 9.6987391844710669e-02 -8.7741647540890300e-03
214 0 210 218 1.1650019477113307e-02 -1.1969585592026868e-01 6.0550114339668193e-01 -2.3345724312511438e+00 1.0190765676138477e-01 2.1714592843182219e+00 -5.2385318238115008e-01 9.6324307851353985e-02 -8.7209422521933536e-03
215 0 211 219 1.1511734086903872e-02 -1.1836203084700203e-01 5.9919821412062679e-01 -2.3120017947064446e+00 9.8881291113251529e-02 2.1537335830967508e+00 -5.1997684857790194e-01 9.5685763663918524e-02 -8.6699119501027974e-03
216 0 212 220 1.1376944295585152e-02 -1.1706297040482504e-01 5.9306584504483661e-01 -2.2900703859662865e+00 9.5900402857134234e-02 2.1365742504110887e+00 -5.1623450206940202e-01 9.5071466378341574e-02 -8.6210505464726465e-03
217 0 213 221 1.1245587906066164e-02 -1.1579807623045471e-01 5.8710121440555574e-01 -2.2687681176844103e+00 9.2963621018860923e-02 2.1199733950014528e+00 -5.1262442293348887e-01 9.4481134257205154e-02 -8.5743357407868075e-03
218 0 214 222 1.1117604297141341e-02 -1.1456676565989975e-01 5.8130157756277023e-01 -2.2480851918644853e+00 9.0069594924516244e-02 2.1039233824669443e+00 -5.0914495210377830e-01 9.3914496599962746e-02 -8.5297462231714496e-03
219 0 215 223 1.0992934395664256e-02 -1.1336847146060300e-01 5.7566426573897156e-01 -2.2280120953405493e+00 8.7216993551576055e-02 2.0884168317669127e+00 -5.0579449060631876e-01 9.3371293618897289e-02 -8.4872616645507958e-03
220 -1 215 223 -1.1259595302575497e-02 1.0886526917782770e-01 -4.9139467913690621e-01 1.4264502466090518e+00 -3.4520334218370938e+00 1.2887879394186559e+00 1.2954572988091100e+00 -1.7936606881685380e-01 1.4493011078783922e-02
221 -2 215 223 1.9215636421432498e-02 -1.7836482423753244e-01 7.5481100534229106e-01 -1.9477289567683258e+00 3.5352879299977213e+00 -5.4779238566674113e+00 2.6043853097713066e+00 7.3485222249111759e-01 -4.4534466350599343e-02
222 -3 215 223 -5.9010777223958602e-02 5.3255926701236289e-01 -2.1636391314211627e+00 5.2343533810415330e+00 -8.4454622946822386e+00 9.8150504052539080e+00 -9.5095368890659504e+00 4.2764714592418542e+00 3.1921457984365215e-01
223 -4 215 223 4.2272189785062386e-01 -3.7372585158675911e+00 1.4762237752598207e+01 -3.4286114822001458e+01 5.1864067978583535e+01 -5.3579641471407228e+01 3.8935391199899186e+01 -2.1566101936651435e+01 7.1846979169961642e+00