0 2 0 5 -3.9842021360177869e+08 1.9100235158251672e+09 -3.6618415058422213e+09 3.5094085546585779e+09 -1.6812873674933596e+09 3.2211701645361537e+08
1 1 0 5 -3.9842021360177869e+08 1.9100235158251672e+09 -3.6618415058422213e+09 3.5094085546585779e+09 -1.6812873674933596e+09 3.2211701645361537e+08
2 0 0 5 -3.9842021360177869e+08 1.9100235158251672e+09 -3.6618415058422213e+09 3.5094085546585779e+09 -1.6812873674933596e+09 3.2211701645361537e+08
3 0 1 6 -3.5823939378836119e+08 1.7174101797950172e+09 -3.2925946985398946e+09 3.1555578646090941e+09 -1.5117769839769485e+09 2.8964303190109289e+08
4 0 2 7 -3.2211722481887972e+08 1.5442515763351367e+09 -2.9606412206597552e+09 2.8374434612627568e+09 -1.3593848799219191e+09 2.6044828780266020e+08
5 0 3 8 -2.8964322324865860e+08 1.3885801821855853e+09 -2.6622096426283579e+09 2.5514515449225550e+09 -1.2223800669972644e+09 2.3420120576614025e+08
6 0 4 9 -2.6044846352337459e+08 1.2486276616172626e+09 -2.3939103316946859e+09 2.2943341414694271e+09 -1.0992067784059227e+09 2.1060377053729376e+08
7 0 5 10 -2.3420136713873807e+08 1.1228046843667631e+09 -2.1526967686851768e+09 2.0631720384452550e+09 -9.8846671672179532e+08 1.8938812973369300e+08
8 0 6 11 -2.1060391873508817e+08 1.0096827898269056e+09 -1.9358307867681530e+09 1.8553414788541663e+09 -8.8890310147810745e+08 1.7031353830027664e+08
9 0 7 12 -1.8938826583399743e+08 9.0797808992642462e+08 -1.7408513343543489e+09 1.6684842315069113e+09 -7.9938633396057475e+08 1.5316361271558458e+08
10 0 8 13 -1.7031366329281810e+08 8.1653662415958142e+08 -1.5655464046558561e+09 1.5004806954084549e+09 -7.1890111514844060e+08 1.3774386352907902e+08
11 0 9 14 -1.5316372750813413e+08 7.3432119919583440e+08 -1.4079278107006440e+09 1.3494257304277229e+09 -6.4653486941670978e+08 1.2387947800193052e+08
12 0 10 15 -1.3774396895523039e+08 6.6039956248390543e+08 -1.2662085171895237e+09 1.2136069377498868e+09 -5.8146734157551003e+08 1.1141332748647197e+08
13 0 11 16 -1.2387957482782346e+08 5.9393377454466105e+08 -1.1387822698789270e+09 1.0914851416539176e+09 -5.2296124823857266e+08 1.0020417674674460e+08
14 0 12 17 -1.1141341641470978e+08 5.3417065839415717e+08 -1.0242052894922800e+09 9.8167684936321342e+08 -4.7035387659947729e+08 9.0125074749096364e+07
15 0 13 18 -1.0020425842276388e+08 4.8043321685913551e+08 -9.2117982077506185e+08 8.8293848837688887e+08 -4.2304953455274224e+08 8.1061908514543563e+07
16 0 14 19 -9.0125149765665904e+07 4.3211291962319458e+08 -8.2853934858680582e+08 7.9415224104524875e+08 -3.8051276581748271e+08 7.2912103501511037e+07
17 0 15 20 -8.1061977415327981e+07 3.8866277182671648e+08 -7.4523531198856723e+08 7.1431331442360234e+08 -3.4226225250997818e+08 6.5583455663554743e+07
18 0 16 21 -7.2912166786440507e+07 3.4959108496308666e+08 -6.7032516443658674e+08 6.4251849989383662e+08 -3.0786533546210343e+08 5.8993081828207396e+07
19 0 17 22 -6.5583513791342586e+07 3.1445587886862212e+08 -6.0296164361246932e+08 5.7795589178108060e+08 -2.7693308965034550e+08 5.3066476404454790e+07
20 0 18 23 -5.8993135219720595e+07 2.8285985082939553e+08 -5.4238312824683774e+08 5.1989564746751428e+08 -2.4911589846971685e+08 4.7736663639365464e+07
21 0 19 24 -5.3066525446537964e+07 2.5444585430281454e+08 -4.8790497174601907e+08 4.6768168343347025e+08 -2.2409947628215364e+08 4.2943435738425843e+07
22 0 20 25 -4.7736708687274694e+07 2.2889283559988591e+08 -4.3891171360828322e+08 4.2072421234942079e+08 -2.0160129379914704e+08 3.8632668145398468e+07
23 0 21 26 -4.2943477118114129e+07 2.0591218210832563e+08 -3.9485007965458173e+08 3.7849303597101402e+08 -1.8136736546964061e+08 3.4755704162996769e+07
24 0 22 27 -3.8632706156205602e+07 1.8524444034094244e+08 -3.5522269111906296e+08 3.4051151723482090e+08 -1.6316936218603039e+08 3.1268801885535687e+07
25 0 23 28 -3.4755739079855315e+07 1.6665636632703334e+08 -3.1958241076367313e+08 3.0635116272484785e+08 -1.4680201633867416e+08 2.8132637130321302e+07
26 0 24 29 -3.1268833960945804e+07 1.4993827466866562e+08 -2.8752726145807427e+08 2.7562675365312165e+08 -1.3208078959429352e+08 2.5311856691526324e+07
27 0 25 30 -2.8132666596012596e+07 1.3490165599482685e+08 -2.5869585921751562e+08 2.4799196977504668e+08 -1.1883977677616428e+08 2.2774676819818977e+07
28 0 26 31 -2.5311883760386817e+07 1.2137703561794081e+08 -2.3276330856691828e+08 2.2313545629274935e+08 -1.0692982192724890e+08 2.0492522343863837e+07
29 0 27 32 -2.2774701687393092e+07 1.0921204895164114e+08 -2.0943751339297852e+08 2.0077728886711118e+08 -9.6216825055307925e+07 1.8439702316927195e+07
30 0 28 33 -2.0492545189518411e+07 9.8269711732380196e+07 -1.8845586118915829e+08 1.8066579640361115e+08 -8.6580220246496528e+07 1.6593118489181906e+07
31 0 29 34 -1.8439723305558417e+07 8.8426865307192191e+07 -1.6958224286676216e+08 1.6257470537343761e+08 -7.7911607787776530e+07 1.4932003279467259e+07
32 0 30 35 -1.6593137772142371e+07 7.9572779254564315e+07 -1.5260437414441434e+08 1.4630057309963772e+08 -7.0113524697623998e+07 1.3437684259978674e+07
33 0 31 36 -1.4932020995759422e+07 7.1607895403973997e+07 -1.3733138796725518e+08 1.3166048074057946e+08 -6.3098339649211280e+07 1.2093372467672419e+07
34 0 32 37 -1.3437700537270617e+07 6.4442698930404998e+07 -1.2359167050832765e+08 1.1848995967148484e+08 -5.6787259686517507e+07 1.0883972130225917e+07
35 0 33 38 -1.2093387423154041e+07 5.7996703656836472e+07 -1.1123091608365247e+08 1.0664112762687750e+08 -5.1109437414787747e+07 9.7959096378803011e+06
36 0 34 39 -1.0883985871585533e+07 5.2197539998102963e+07 -1.0011037881431189e+08 9.5981013366391182e+07 -4.6001168491099894e+07 8.8169798125031553e+06
37 0 35 40 -9.7959222639750987e+06 4.6980135153875284e+07 -9.0105301114694908e+07 8.6390050774654537e+07 -4.1405170272624321e+07 7.9362077227645097e+06
38 0 36 41 -8.8169914141158741e+06 4.2285976211054064e+07 -8.1103501104386106e+07 7.7760725242867172e+07 -3.7269933407191724e+07 7.1437244717724947e+06
39 0 37 42 -7.9362183833090942e+06 3.8062447761506997e+07 -7.3004102855359286e+07 6.9996356916738987e+07 -3.3549138982207287e+07 6.4306555426296946e+06
40 0 38 43 -7.1437342678321321e+06 3.4262236492651962e+07 -6.5716395016696677e+07 6.3010006956922725e+07 -3.0201134596128732e+07 5.7890204310828391e+06
41 0 39 44 -6.4306645445232214e+06 3.0842795972119365e+07 -5.9158804822659224e+07 5.6723494361830816e+07 -2.7188463389744710e+07 5.2116424229769809e+06
42 0 40 45 -5.7890287034220686e+06 2.7765865533927813e+07 -5.3257975807133727e+07 5.1066512164483584e+07 -2.4477440677747428e+07 4.6920674898918224e+06
43 0 41 46 -5.2116500250978014e+06 2.4997037791611727e+07 -4.7947938730304927e+07 4.5975832947415598e+07 -2.2037773364012334e+07 4.2244913803877374e+06
44 0 42 47 -4.6920744762784895e+06 2.2505369857942965e+07 -4.3169366285852134e+07 4.1394594638584569e+07 -1.9842217812174737e+07 3.8036940777778262e+06
45 0 43 48 -4.2244978010969386e+06 2.0263033848899312e+07 -3.8868903112285390e+07 3.7271658466552049e+07 -1.7866272281218994e+07 3.4249808791499608e+06
46 0 44 49 -3.8036999787853155e+06 1.8245002697749995e+07 -3.4998563490801521e+07 3.3561031775444515e+07 -1.6087900429552982e+07 3.0841294259453001e+06
47 0 45 50 -3.4249863026736951e+06 1.6428767707613019e+07 -3.1515189882985234e+07 3.0221349139280107e+07 -1.4487282745433304e+07 2.7773420841991161e+06
48 0 46 51 -3.0841344107725066e+06 1.4794084632147659e+07 -2.8379966155023158e+07 2.7215405879770130e+07 -1.3046593079543592e+07 2.5012031334214732e+06
49 0 47 52 -2.7773466659582835e+06 1.3322745399331313e+07 -2.5557979958268795e+07 2.4509738688333675e+07 -1.1749797741353421e+07 2.2526402779155103e+06
50 0 48 53 -2.5012073448339170e+06 1.1998372885366691e+07 -2.3017829295589037e+07 2.2074248589502614e+07 -1.0582474877972323e+07 2.0288900435259677e+06
51 0 49 54 -2.2526441490380326e+06 1.0806236408053221e+07 -2.0731268806123249e+07 1.9881861965126608e+07 -9.5316520850816015e+06 1.8274666670630507e+06
52 0 50 55 -2.0288936019729893e+06 9.7330858449846171e+06 -1.8672891753298089e+07 1.7908225791963644e+07 -8.5856604070291985e+06 1.6461341253520160e+06
53 0 51 56 -1.8274699382004130e+06 8.7670024939202555e+06 -1.6819844107288573e+07 1.6131433634542180e+07 -7.7340030695783049e+06 1.4828809866048510e+06
54 0 52 57 -1.6461371324748979e+06 7.8972649832062218e+06 -1.5151567478222046e+07 1.4531779285103314e+07 -6.9672374565683240e+06 1.3358977989557351e+06
55 0 53 58 -1.4828837511195154e+06 7.1142287112574792e+06 -1.3649567984631637e+07 1.3091535257042116e+07 -6.2768689923193892e+06 1.2035567597709480e+06
56 0 54 59 -1.3359003405273499e+06 6.4092174480642332e+06 -1.2297208436788308e+07 1.1794753620768132e+07 -5.6552557268565493e+06 1.0843934353398406e+06
57 0 55 60 -1.2035590964602865e+06 5.7744258700613324e+06 -1.1079521479435761e+07 1.0627086924884574e+07 -5.0955225429029958e+06 9.7709032385313848e+05
58 0 56 61 -1.0843955837438344e+06 5.2028319238000633e+06 -9.9830415767471176e+06 9.5756271740275417e+06 -4.5914840128169227e+06 8.8046207548026857e+05
59 0 57 62 -9.7709229921772587e+05 4.6881180257096207e+06 -8.9956539365553707e+06 8.6287610397373699e+06 -4.1375750319045736e+06 7.9344220223067934e+05
60 0 58 63 -8.8046389181066863e+05 4.2246002056474676e+06 -8.1064586632296527e+06 7.7760396651977682e+06 -3.7287884429885251e+06 7.1507112718360848e+05
61 0 59 64 -7.9344387239794433e+05 3.8071643920542407e+06 -7.3056486015945701e+06 7.0080615904610502e+06 -3.3606189463872048e+06 6.4448543786442594e+05
62 0 60 65 -7.1507266301151656e+05 3.4312091177419545e+06 -6.5843994897679994e+06 6.3163674736309107e+06 -3.0290126608286467e+06 5.8090822223529627e+05
63 0 61 66 -6.4448685021480138e+05 3.0925939982017484e+06 -5.9347711784469029e+06 5.6933454174281443e+06 -2.7303217650183453e+06 5.2364037805015652e+05
64 0 62 67 -5.8090952109040599e+05 2.7875933997807186e+06 -5.3496187997927573e+06 5.1321458309197836e+06 -2.4612637071643695e+06 4.7205279734702926e+05
65 0 63 68 -5.2364157258139696e+05 2.5128547740341276e+06 -4.8225128819869235e+06 4.6266048643094208e+06 -2.2188845215761322e+06 4.2557933780090435e+05
66 0 64 69 -4.7205389598134876e+05 2.2653611874657595e+06 -4.3476675068969931e+06 4.1711755519043533e+06 -2.0005258380486071e+06 3.8371050155683671e+05
67 0 65 70 -4.2558034828158974e+05 2.0423976234039562e+06 -3.9198756995443520e+06 3.7608658857892551e+06 -1.8037952115713910e+06 3.4598775020412053e+05
68 0 66 71 -3.8371143099965050e+05 1.8415206755657720e+06 -3.5344513199934554e+06 3.3911831212409283e+06 -1.6265394375490868e+06 3.1199839173549321e+05
69 0 67 72 -3.4598860514765995e+05 1.6605312912651484e+06 -3.1871768019940103e+06 3.0580836855480964e+06 -1.4668205515063948e+06 2.8137098183482012e+05
70 0 68 73 -3.1199917818794004e+05 1.4974502567917069e+06 -2.8742561488881670e+06 2.7579281253255885e+06 -1.3228942426882116e+06 2.5377118764702309e+05
71 0 69 74 -2.8137170531832549e+05 1.3504961485092549e+06 -2.5922726568513578e+06 2.4874405844931132e+06 -1.1931904382526039e+06 2.2889806741991907e+05
72 0 70 75 -2.5377185323578320e+05 1.2180655011666878e+06 -2.3381508890395816e+06 2.2436723563256352e+06 -1.0762958393379427e+06 2.0648072412098429e+05
73 0 71 76 -2.2889867977790858e+05 1.0987149699865910e+06 -2.1091224722914845e+06 2.0239690990942644e+06 -9.7093821235719195e+05 1.8627529534572983e+05
74 0 72 77 -2.0648128753398117e+05 9.9114528564825736e+05 -1.9026953312996174e+06 1.8259413462373908e+06 -8.7597225870722951e+05 1.6806224565518004e+05
75 0 73 78 -1.8627581375269496e+05 8.9418682157464966e+05 -1.7166260139979741e+06 1.6474379792464073e+06 -7.9036690395376249e+05 1.5164393088337500e+05
76 0 74 79 -1.6806272267719821e+05 8.0678661112831312e+05 -1.5488947968791088e+06 1.4865223649460191e+06 -7.1319386355019233e+05 1.3684240703216716e+05
77 0 75 80 -1.5164436984774953e+05 7.2799666873826750e+05 -1.3976832903483168e+06 1.3414508889123006e+06 -6.4361735659241816e+05 1.2349745913791616e+05
78 0 76 81 -1.3684281099762552e+05 6.5696348368371266e+05 -1.2613542924447453e+06 1.2106536438611445e+06 -5.8088485207190167e+05 1.1146482796941532e+05
79 0 77 82 -1.2349783091625010e+05 5.9291856850154302e+05 -1.1384336646626669e+06 1.0927170561471735e+06 -5.2431874372340832e+05 1.0061461465360869e+05
80 0 78 83 -1.1146517014485455e+05 5.3516995590518788e+05 -1.0275940264087191e+06 9.8636825537301041e+05 -4.7330886005612992e+05 9.0829845331505188e+04
81 0 79 84 -1.0061492960186509e+05 4.8309454878150439e+05 -9.2764008514353354e+05 8.9046101178087213e+05 -4.2730572556672763e+05 8.2005179749749732e+04
82 0 80 85 -9.0830135236561968e+04 4.3613123746189522e+05 -8.3749543770518748e+05 8.0396308376191230e+05 -3.8581449759829580e+05 7.4045749316237954e+04
83 0 81 86 -8.2005446619329581e+04 3.9377470711395831e+05 -7.5619069488649280e+05 7.2594483370898594e+05 -3.4838951092243742e+05 6.6866111605315542e+04
84 0 82 87 -7.4045994996028268e+04 3.5556986587004433e+05 -6.8285279624438460e+05 6.5556898472377355e+05 -3.1462936896422936e+05 6.0389309610824290e+04
85 0 83 88 -6.6866337792285878e+04 3.2110683130215248e+05 -6.1669539552023448e+05 5.9208140353250864e+05 -2.8417252674421977e+05 5.4546025222078970e+04
86 0 84 89 -6.0389517865242218e+04 2.9001641913602548e+05 -5.5701020910152560e+05 5.3480280651091901e+05 -2.5669331613848382e+05 4.9273817458307072e+04
87 0 85 90 -5.4546216978341712e+04 2.6196608375079194e+05 -5.0315923078558902e+05 4.8312129609834211e+05 -2.3189836903639825e+05 4.4516436951194963e+04
88 0 86 91 -4.9273994035443597e+04 2.3665626508690670e+05 -4.5456772584436886e+05 4.3648564421938633e+05 -2.0952339844578560e+05 4.0223209019304813e+04
89 0 87 92 -4.4516599562012547e+04 2.1381710115500356e+05 -4.1071792615282402e+05 3.9439924772230239e+05 -1.8933030161389979e+05 3.6348478451430390e+04
90 0 88 93 -4.0223358779024704e+04 1.9320546944777420e+05 -3.7114335601096571e+05 3.5641468838845799e+05 -1.7110455285231469e+05 3.2851109806072898e+04
91 0 89 94 -3.6348616385628695e+04 1.7460232424519083e+05 -3.3542372537495039e+05 3.2212883685666037e+05 -1.5465285700022336e+05 2.9694037658951256e+04
92 0 90 95 -3.2851236857855394e+04 1.5781030012879262e+05 -3.0318033357561013e+05 2.9117844590260868e+05 -1.3980103738707211e+05 2.6843861789136376e+04
93 0 91 96 -2.9694154695663925e+04 1.4265155500348916e+05 -2.7407193232989253e+05 2.6323618400503782e+05 -1.2639213478209441e+05 2.4270482799123834e+04
94 0 92 97 -2.6843969608480817e+04 1.2896582861198048e+05 -2.4779100199647242e+05 2.3800706506004979e+05 -1.1428469618313487e+05 2.1946774116057801e+04
95 0 93 98 -2.4270582134773569e+04 1.1660869494049919e+05 -2.2406039965763071e+05 2.1522523454410789e+05 -1.0335123442150772e+05 1.9848286729304880e+04
96 0 94 99 -2.1946865642802393e+04 1.0544998908642121e+05 -2.0263034177053545e+05 1.9465107641387128e+05 -9.3476841472396147e+04 1.7952983385441548e+04
97 0 95 100 -1.9848371067858930e+04 9.5372391109899909e+04 -1.8327568787558132e+05 1.7606860862077493e+05 -8.4557940078369531e+04 1.6240999291134976e+04
98 0 96 101 -1.7953061106774974e+04 8.6270151148232588e+04 -1.6579349521563528e+05 1.5928313834312072e+05 -7.6501159839527099e+04 1.4694426670584098e+04
99 0 97 102 -1.6241070920470444e+04 7.8047941650483423e+04 -1.5000081714713856e+05 1.4411915094069915e+05 -6.9222325314142494e+04 1.3297120790568883e+04
100 0 98 103 -1.4694492691090340e+04 7.0619824009663513e+04 -1.3573272094694144e+05 1.3041840924675361e+05 -6.2645544924272064e+04 1.2034525305886720e+04
101 0 99 104 -1.3297181646786446e+04 6.3908318147088190e+04 -1.2284050306743933e+05 1.1803824215907988e+05 -5.6702390584944995e+04 1.0893514993002707e+04
102 0 100 105 -1.2034581406789212e+04 5.7843564752256920e+04 -1.1119008209541088e+05 1.0685000360261249e+05 -5.1331158986720424e+04 9.8622541340511088e+03
103 0 101 106 -1.0893566714873143e+04 5.2362570914755859e+04 -1.0066055164962316e+05 9.6737684834417931e+04 -4.6476206371939035e+04 8.9300689872615603e+03
104 0 102 107 -9.8623018231414972e+03 4.7408530813130776e+04 -9.1142877234806205e+04 8.7596664770239120e+04 -4.2087349462181315e+04 8.0873329367591386e+03
105 0 103 108 -8.9301129621680211e+03 4.2930213962364323e+04 -8.2538722671762356e+04 7.9332584546706828e+04 -3.8119325930938729e+04 7.3253630557979504e+03
106 0 104 109 -8.0873734906688915e+03 3.8881414272693524e+04 -7.4759393164388443e+04 7.1860333915651019e+04 -3.4531308477486884e+04 6.6363269441996608e+03
107 0 105 110 -7.3254004585288412e+03 3.5220453848591111e+04 -6.7724883361239758e+04 6.5103138309280803e+04 -3.1286467153026861e+04 6.0131588149235340e+03
108 0 106 111 -6.6363614440624251e+03 3.1909736065372781e+04 -6.1363019935374658e+04 5.8991736532870891e+04 -2.8351575126217227e+04 5.4494839074106276e+03
109 0 107 112 -6.0131906404703486e+03 2.8915343007557469e+04 -5.5608689255092526e+04 5.3463640047362263e+04 -2.5696653556857695e+04 4.9395503975008296e+03
110 0 108 113 -5.4495132690047940e+03 2.6206672845434019e+04 -5.0403141662281436e+04 4.8462465708696924e+04 -2.3294651679829207e+04 4.4781680569844921e+03
111 0 109 114 -4.9395774887769940e+03 2.3756113169136046e+04 -4.5693364723568957e+04 4.3937334644438124e+04 -2.1121158591634572e+04 4.0606529904063395e+03
112 0 109 114 -4.9395774887769940e+03 2.3756113169136046e+04 -4.5693364723568957e+04 4.3937334644438124e+04 -2.1121158591634572e+04 4.0606529904063395e+03
113 0 110 115 -4.4781930561935706e+03 2.1538746697494822e+04 -4.1431518583602156e+04 3.9842330680629064e+04 -1.9154143582436471e+04 3.6827778441083146e+03
114 0 111 116 -4.0606760616476490e+03 1.9532086137589602e+04 -3.7574427236671785e+04 3.6136012390185526e+04 -1.7373722172320988e+04 3.3407269428652889e+03
115 0 112 117 -3.6827991384633342e+03 1.7715835293059488e+04 -3.4083120151232419e+04 3.2780973426944758e+04 -1.5761945294267560e+04 3.0310558639590586e+03
116 0 113 118 -3.3407465994319341e+03 1.6071673809409172e+04 -3.0922419237875118e+04 2.9743446342395207e+04 -1.4302609321975135e+04 2.7506550074778074e+03
117 0 114 119 -3.0310740108183199e+03 1.4583063205379634e+04 -2.8060566651833262e+04 2.6992945562124958e+04 -1.2981084870543738e+04 2.4967167656907309e+03
118 0 115 120 -2.7506717625745773e+03 1.3235072074297028e+04 -2.5468889371359281e+04 2.4501945630460268e+04 -1.1784162504774040e+04 2.2667059339505950e+03
119 0 116 121 -2.4967322376353841e+03 1.2014218550628904e+04 -2.3121496898477344e+04 2.2245591220200306e+04 -1.0699913676040640e+04 2.0583330413241565e+03
120 0 117 122 -2.2667202227712442e+03 1.0908328326998524e+04 -2.0995008793036472e+04 2.0201435753879476e+04 -9.7175653762426209e+03 1.8695303111723351e+03
121 0 118 123 -2.0583462391521284e+03 9.9064066779462355e+03 -1.9068309079240960e+04 1.8349205797517494e+04 -8.8273871479003556e+03 1.6984299908297153e+03
122 0 119 124 -1.8695425028654920e+03 8.9985231007923176e+03 -1.7322324858922359e+04 1.6670588670705878e+04 -8.0205892252351096e+03 1.5433448155247652e+03
123 0 120 125 -1.6984412545570449e+03 8.1757073223408634e+03 -1.5739826731490291e+04 1.5149040971735294e+04 -7.2892307030958509e+03 1.4027503950670311e+03
124 0 121 126 -1.5433552232985546e+03 7.4298555448847537e+03 -1.4305248859653280e+04 1.3769615945609210e+04 -6.6261367404321509e+03 1.2752693328900200e+03
125 0 122 127 -1.4027600132316722e+03 6.7536459172043778e+03 -1.3004526735150528e+04 1.2518807829103889e+04 -6.0248239039122345e+03 1.1596569059861663e+03
126 0 123 128 -1.2752782225730073e+03 6.1404623171796356e+03 -1.1824950892395962e+04 1.1384411492726143e+04 -5.4794328462692411e+03 1.0547881513324260e+03
127 0 124 129 -1.1596651235130955e+03 5.5843256235409744e+03 -1.0755034992256809e+04 1.0355395866540255e+04 -4.9846675940603773e+03 9.5964621974905651e+02
128 0 125 130 -1.0547957486076400e+03 5.0798317360942865e+03 -9.7843968551108974e+03 9.4217897872828216e+03 -4.5357407916268594e+03 8.7331187196828887e+02
129 0 126 131 -9.5965324460753402e+02 4.6220956773907074e+03 -8.9036511635331608e+03 8.5745790395921103e+03 -4.1283243129577240e+03 7.9495400411560240e+02
130 0 127 132 -8.7331836849814772e+02 4.2067011750843321e+03 -8.1043126821243504e+03 7.8056134860835800e+03 -3.7585047115602902e+03 7.2382110101487717e+02
131 0 128 133 -7.9496001295405972e+02 3.8296551839106660e+03 -7.3787089564200860e+03 7.1075232907208820e+03 -3.4227430310680020e+03 6.5923352581059839e+02
132 0 129 134 -7.2382665962283488e+02 3.4873468599088997e+03 -6.7199015558549117e+03 6.4736433387521956e+03 -3.1178385466548316e+03 6.0057656347148463e+02
133 0 130 135 -6.5923866872307030e+02 3.1765105478849277e+03 -6.1216150185307997e+03 5.8979450454050984e+03 -2.8408960499566529e+03 5.4729414392049614e+02
134 0 131 136 -6.0058132252903351e+02 2.8941923866545167e+03 -5.5781727390338820e+03 5.3749748256198100e+03 -2.5892963285995238e+03 4.9888317788811247e+02
135 0 132 137 -5.4729854848250318e+02 2.6377201757912921e+03 -5.0844391157549617e+03 4.8997985692166967e+03 -2.3606695259882422e+03 4.5488844521771983e+02
136 0 133 138 -4.9888725502875963e+02 2.4046761829148027e+03 -4.6357673418644117e+03 4.4679515308015407e+03 -2.1528710981325962e+03 4.1489798130942404e+02
137 0 134 139 -4.5489221990542285e+02 2.1928726023280701e+03 -4.2279522850687008e+03 4.0753931021832718e+03 -1.9639601123089139e+03 3.7853891277169390e+02
138 0 135 140 -4.1490147657306841e+02 2.0003294044375607e+03 -3.8571879561587980e+03 3.7184659877228491e+03 -1.7921796576101926e+03 3.4547369818164793e+02
139 0 136 141 -3.7854214985406117e+02 1.8252543411510567e+03 -3.5200291158233304e+03 3.3938593504610822e+03 -1.6359391601491677e+03 3.1539673421442092e+02
140 0 137 142 -3.4547669667915750e+02 1.6660248956754176e+03 -3.2133566137173289e+03 3.0985755395502397e+03 -1.4937984161558288e+03 2.8803129132665822e+02
141 0 138 143 -3.1539951220655661e+02 1.5211719860296075e+03 -2.9343460938746161e+03 2.8299000479876408e+03 -1.3644531746510690e+03 2.6312674671499389e+02
142 0 139 144 -2.8803386549541250e+02 1.3893652504137342e+03 -2.6804397366753360e+03 2.5853743842880926e+03 -1.2467221179843664e+03 2.4045608545328818e+02
143 0 140 145 -2.6312913245451227e+02 1.2693997595386102e+03 -2.4493207401186824e+03 2.3627715729336373e+03 -1.1395351034791656e+03 2.1981364358011328e+02
144 0 141 146 -2.4045829697045070e+02 1.1601840162956041e+03 -2.2388902724542618e+03 2.1600740265437198e+03 -1.0419225429089529e+03 2.0101306949434192e+02
145 0 142 147 -2.1981569398778129e+02 1.0607291169031023e+03 -2.0472466546210735e+03 1.9754535580323206e+03 -9.5300580866740302e+02 1.8388548234083461e+02
146 0 143 148 -2.0101497089682212e+02 9.7013896006282516e+02 -1.8726665547370321e+03 1.8072533238322555e+03 -8.7198856643083229e+02 1.6827780816960569e+02
147 0 144 149 -1.8388724591282309e+02 8.8760140183127805e+02 -1.7135879983010079e+03 1.6539715098150341e+03 -7.9814894396941679e+02 1.5405127653693552e+02
148 0 145 150 -1.6827944422863987e+02 8.1238026396820555e+02 -1.5685950170836204e+03 1.5142465900576972e+03 -7.3083245463749995e+02 1.4108006192385736e+02
149 0 146 151 -1.5405279461022536e+02 7.4380811259529082e+02 -1.4364037770702932e+03 1.3868440052875139e+03 -6.6944560208035193e+02 1.2925005587806564e+02
150 0 147 152 -1.4108147080991935e+02 6.8127973216225701e+02 -1.3158500415038202e+03 1.2706441228802973e+03 -6.1345009989978473e+02 1.1845775717096973e+02
151 0 148 153 -1.2925136370339717e+02 6.2424622708456548e+02 -1.2058778391943963e+03 1.1646313538309505e+03 -5.6235764652300509e+02 1.0860926850528294e+02
152 0 149 154 -1.1845897144233771e+02 5.7220969004751441e+02 -1.1055292210004463e+03 1.0678843143336519e+03 -5.1572520137178287e+02 9.9619389433400826e+01
153 0 150 155 -1.0861039615776104e+02 5.2471838195330361e+02 -1.0139349988534062e+03 9.7956693060981138e+02 -4.7315071370970776e+02 9.1410796157759961e+01
154 0 151 156 -9.9620436874731126e+01 4.8136237387488245e+02 -9.3030637204457389e+02 8.9892039554834093e+02 -4.3426926030205613e+02 8.3913299798137757e+01
155 0 152 157 -9.1411769309239673e+01 4.4176960623923367e+02 -8.5392735481225111e+02 8.2525589466281178e+02 -3.9874955231277153e+02 7.7063175532216903e+01
156 0 153 158 -8.3914204132246098e+01 4.0560232484099674e+02 -7.8414792767343363e+02 7.5794802693442296e+02 -3.6629077572800600e+02 7.0802555758266124e+01
157 0 154 159 -7.7064016107258823e+01 3.7255385723580872e+02 -7.2037784251790413e+02 6.9642885337575058e+02 -3.3661973308325503e+02 6.5078881096858680e+01
158 0 155 160 -7.0803337250390967e+01 3.4234569662026649e+02 -6.6208101831435090e+02 6.4018251270592805e+02 -3.0948825741313919e+02 5.9844403651686434e+01
159 0 156 161 -6.5079607829492247e+01 3.1472486351529437e+02 -6.0877047043642926e+02 5.8874034943502841e+02 -2.8467087217738697e+02 5.5055737492985649e+01
160 0 157 162 -5.9845079622687088e+01 2.8946151846279059e+02 -5.6000372217022993e+02 5.4167650498489400e+02 -2.6196267347226529e+02 5.0673451817497771e+01
161 0 158 163 -5.5056366399684826e+01 2.6634680155440168e+02 -5.1537865197227359e+02 4.9860392727834602e+02 -2.4117741314168484e+02 4.6661702680895559e+01
162 0 159 164 -5.0674037079784668e+01 2.4519087696437470e+02 -4.7452973456403271e+02 4.5917075856279394e+02 -2.2214576348079024e+02 4.2987899597438940e+01
163 0 160 165 -4.6662247462483684e+01 2.2582116278066886e+02 -4.3712463802221816e+02 4.2305706514269428e+02 -2.0471374609997849e+02 3.9622403661317243e+01
164 0 161 166 -4.2988406825481363e+01 2.0808072834242799e+02 -4.0286114269823230e+02 3.8997187622124471e+02 -1.8874130920851732e+02 3.6538254168558247e+01
165 0 162 167 -3.9622876044486844e+01 1.9182684301860499e+02 -3.7146435111488461e+02 3.5965050223249585e+02 -1.7410103910307376e+02 3.3710921011344382e+01
166 0 163 168 -3.6538694213774768e+01 1.7692966192012724e+02 -3.4268416097842771e+02 3.3185210591482786e+02 -1.6067699302313903e+02 3.1118080380386367e+01
167 0 164 169 -3.3711331039131949e+01 1.6327103544305720e+02 -3.1629297614190045e+02 3.0635750196503352e+02 -1.4836364177635855e+02 2.8739411549300186e+01
168 0 165 170 -3.1118462539000451e+01 1.5074343080871844e+02 -2.9208363278985217e+02 2.8296716344863938e+02 -1.3706491165923029e+02 2.6556412730725089e+01
169 0 166 171 -2.8739767827964901e+01 1.3924895490984017e+02 -2.6986752031009422e+02 2.6149941525103605e+02 -1.2669331620947517e+02 2.4552234186658080e+01
170 0 167 172 -2.6556744971616911e+01 1.2869846880476686e+02 -2.4947287830316836e+02 2.4178879675603960e+02 -1.1716916923816058e+02 2.2711526952139447e+01
171 0 168 173 -2.4552544096055676e+01 1.1901078513444230e+02 -2.3074325296545723e+02 2.2368457765436057e+02 -1.0841987141537716e+02 2.1020305688087156e+01
172 0 169 174 -2.2711816110693793e+01 1.1011194057566627e+02 -2.1353609769968514e+02 2.0704941233679875e+02 -1.0037926342529268e+02 1.9465824323206547e+01
173 0 170 175 -2.1020575560342081e+01 1.0193453620562926e+02 -1.9772150426226176e+02 1.9175811972440889e+02 -9.2987039380126106e+01 1.8036463272691758e+01
174 0 171 176 -1.9466076266412596e+01 9.4417139336204343e+01 -1.8318105207502069e+02 1.7769657665330470e+02 -8.6188214786287176e+01 1.6721627138211456e+01
175 0 172 177 -1.8036698544772669e+01 8.7503740996948864e+01 -1.6980676451546776e+02 1.6476071406921523e+02 -7.9932643904669177e+01 1.5511651898745535e+01
176 0 173 178 -1.6721846905277417e+01 8.1143263803052847e+01 -1.5750016207240944e+02 1.5285560631946032e+02 -7.4174581841472076e+01 1.4397720696645740e+01
177 0 174 179 -1.5511857242007421e+01 7.5289115449105452e+01 -1.4617140322357898e+02 1.4189464475947503e+02 -6.8872287152015119e+01 1.3371787409021074e+01
178 0 175 180 -1.4397912618778193e+01 6.9898783526023266e+01 -1.3573850476691933e+02 1.3179878773114359e+02 -6.3987661143305075e+01 1.2426507271835764e+01
179 0 176 181 -1.3371966840009119e+01 6.4933467769343778e+01 -1.2612663412700914e+02 1.2249587972855868e+02 -5.9485920424948787e+01 1.1555173894064531e+01
180 0 177 182 -1.2426675074382928e+01 6.0357746218966334e+01 -1.1726746687208522e+02 1.1392003325265789e+02 -5.5335299587837895e+01 1.0751662062681843e+01
181 0 178 183 -1.1555330868667783e+01 5.6139272105873225e+01 -1.0909860332192856e+02 1.0601106747581292e+02 -5.1506781186801241e+01 1.0010375795711443e+01
182 0 179 184 -1.0751808952199822e+01 5.2248498585195890e+01 -1.0156303871090576e+02 9.8713998396810055e+01 -4.7973850471879558e+01 9.3262011529792197e+00
183 0 180 185 -1.0010513289681128e+01 4.8658428709349266e+01 -9.4608681895203986e+01 9.1978575672141631e+01 -4.4712272556589880e+01 8.6944633599840877e+00
184 0 181 186 -9.3263298915662460e+00 4.5344388281633250e+01 -8.8187918070909362e+01 8.5758861767287712e+01 -4.1699889929478282e+01 8.1108878430329447e+00
185 0 182 187 -8.6945839375914993e+00 4.2283819456007201e+01 -8.2257211398362927e+01 8.0012849483321830e+01 -3.8916438414914666e+01 7.5715648115400542e+00
186 0 183 188 -8.1110008117182275e+00 3.9456093149847113e+01 -7.6776743817771049e+01 7.4702114289380845e+01 -3.6343379867764455e+01 7.0729170580258032e+00
187 0 184 189 -7.5716706841301011e+00 3.6842338520159004e+01 -7.1710086692375455e+01 6.9791498227881718e+01 -3.3963750048799248e+01 6.6116706772640983e+00
188 0 185 190 -7.0730163109911937e+00 3.4425287919075927e+01 -6.7023902233572471e+01 6.5248822465286239e+01 -3.1762020274198413e+01 6.1848284343999209e+00
189 0 186 191 -6.6117637533860671e+00 3.2189135893861653e+01 -6.2687671949095474e+01 6.1044625836705194e+01 -2.9723971565174832e+01 5.7896455370895223e+00
190 0 187 192 -6.1849157452311720e+00 3.0119410931824870e+01 -5.8673449615853976e+01 5.7151926982783387e+01 -2.7836580143500637e+01 5.4236075899775278e+00
191 0 188 193 -5.7897274652438906e+00 2.8202858773115331e+01 -5.4955636513721117e+01 5.3546007902868652e+01 -2.6087913227485668e+01 5.0844105304666911e+00
192 0 189 194 -5.4236844912456519e+00 2.6427336224756427e+01 -5.1510776869567934e+01 5.0204216953016022e+01 -2.4467034180602038e+01 4.7699423636431559e+00
193 0 190 195 -5.0844827357414211e+00 2.4781714509682558e+01 -4.8317371652938455e+01 4.7105789501700784e+01 -2.2963916154026624e+01 4.4782665313231638e+00
194 0 191 196 -4.7700101807426645e+00 2.3255791274835584e+01 -4.5355709038775899e+01 4.4231684623893528e+01 -2.1569363444773654e+01 4.2076067655630967e+00
195 0 192 197 -4.4783302466655641e+00 2.1840210464336828e+01 -4.2607710010360670e+01 4.1564436365285701e+01 -2.0274939863511580e+01 3.9563332909152877e+00
196 0 193 198 -4.2076666456947587e+00 2.0526389338198051e+01 -4.0056787718175904e+01 3.9088018245384944e+01 -1.9072903472184930e+01 3.7229502524726041e+00
197 0 194 199 -3.9563895839546599e+00 1.9306451983895389e+01 -3.7687719339143847e+01 3.6787719792289685e+01 -1.7956147111098890e+01 3.5060842580123208e+00
198 0 195 200 -3.7230031894245990e+00 1.8173168728934215e+01 -3.5486529297964772e+01 3.4650034014287392e+01 -1.6918144188967457e+01 3.3044739331352191e+00
199 0 196 201 -3.5061340540037560e+00 1.7119900917754968e+01 -3.3440382817655319e+01 3.2662554814967287e+01 -1.5952899258518956e+01 3.1169603974557742e+00
200 0 197 202 -3.3045207885471970e+00 1.6140550565864395e+01 -3.1537488862596078e+01 3.0813883450817105e+01 -1.5054902944115854e+01 2.9424785785776333e+00
201 0 198 203 -3.1170044989661161e+00 1.5229514449543913e+01 -2.9767011623776114e+01 2.9093543213311470e+01 -1.4219090828310454e+01 2.7800492881972985e+00
202 0 199 204 -2.9425201001476275e+00 1.4381642230004331e+01 -2.8118989774720820e+01 2.7491901593481685e+01 -1.3440805940284417e+01 2.6287719916668459e+00
203 0 200 205 -2.7800883919615678e+00 1.3592198248141624e+01 -2.6584262797804499e+01 2.6000099255047573e+01 -1.2715764522142647e+01 2.4878182087195242e+00
204 0 201 206 -2.6288088287784919e+00 1.2856826659532336e+01 -2.5154403745066695e+01 2.4609985204474757e+01 -1.2040024778881435e+01 2.3564254887195277e+00
205 0 202 207 -2.4878529201216799e+00 1.2171519609623914e+01 -2.3821657856255644e+01 2.3314057602417098e+01 -1.1409958344706817e+01 2.2338919090431326e+00
206 0 203 208 -2.3564582058580599e+00 1.1532588176805847e+01 -2.2578886509710440e+01 2.2105409711923855e+01 -1.0822224223060344e+01 2.1195710498991400e+00
207 0 204 209 -2.2339227545390665e+00 1.0936635835833821e+01 -2.1419516029741153e+01 2.0977680525105487e+01 -1.0273744979785775e+01 2.0128674031266889e+00
208 0 205 210 -2.1196001381576104e+00 1.0380534216851528e+01 -2.0337490917843546e+01 1.9925009651749360e+01 -9.7616849890623278e+00 1.9132321764625928e+00
209 0 206 211 -2.0128948409166436e+00 9.8614009557829458e+00 -1.9327231114429470e+01 1.8941996091435083e+01 -9.2834305500523104e+00 1.8201594581803924e+00
210 0 207 212 -1.9132580634436387e+00 9.3765794504065845e+00 -1.8383592933782086e+01 1.8023660545159657e+01 -8.8365717086172300e+00 1.7331827102767139e+00
211 0 208 213 -1.8201838873905811e+00 8.9236203534723995e+00 -1.7501833347242545e+01 1.7165410953613822e+01 -8.4188856336661395e+00 1.6518715612130423e+00
212 0 209 214 -1.7332057685938012e+00 8.5002646493681961e+00 -1.6677577319261335e+01 1.6363010977835284e+01 -8.0283214112362877e+00 1.5758288718879432e+00
213 0 210 215 -1.6518933297767788e+00 8.1044281748824343e+00 -1.5906787927657739e+01 1.5612551163531416e+01 -7.6629861318324073e+00 1.5046880508530767e+00
214 0 211 216 -1.5758494264912308e+00 7.7341874571895080e+00 -1.5185739023779156e+01 1.4910422553838474e+01 -7.3211321577440041e+00 1.4381105969864059e+00
215 0 212 217 -1.5047074623052821e+00 7.3877667536510812e+00 -1.4510990210204545e+01 1.4253292536406775e+01 -7.0011454673218232e+00 1.3757838497737966e+00
216 0 213 218 -1.4381289314545369e+00 7.0635261884013376e+00 -1.3879363933752703e+01 1.3638082730088644e+01 -6.7015349824378658e+00 1.3174189291551226e+00
217 0 214 219 -1.3758011690963832e+00 6.7599508901666390e+00 -1.3287924509687524e+01 1.3061948733893393e+01 -6.4209227937456150e+00 1.2627488484694915e+00
218 0 215 220 -1.3174352911285361e+00 6.4756410443454318e+00 -1.2733958909580469e+01 1.2522261576809830e+01 -6.1580352060153780e+00 1.2115267855691190e+00
219 0 216 221 -1.2627643071228714e+00 6.2093027801585681e+00 -1.2214959160175928e+01 1.2016590721524381e+01 -5.9116945328246251e+00 1.1635244984404747e+00
220 0 217 222 -1.2115413914158328e+00 5.9597398207292294e+00 -1.1728606214418184e+01 1.1542688488263257e+01 -5.6808115761047686e+00 1.1185308729462955e+00
221 0 218 223 -1.1635382987097413e+00 5.7258458304865059e+00 -1.1272755168047958e+01 1.1098475776785016e+01 -5.4643787318660566e+00 1.0763505913522360e+00
222 -1 218 223 -1.1635382987097413e+00 5.7258458304865059e+00 -1.1272755168047958e+01 1.1098475776785016e+01 -5.4643787318660566e+00 1.0763505913522360e+00
223 -2 218 223 -1.1635382987097413e+00 5.7258458304865059e+00 -1.1272755168047958e+01 1.1098475776785016e+01 -5.4643787318660566e+00 1.0763505913522360e+00