    0.000000        0.000000        1.000000      (2.1979213E-02,1.2181699E-02)
   (-1.3560057E-02,-1.7285347E-02)  (0.000000,0.000000)
    0.000000        0.000000        2.000000      
 (3.0640513E-03,-4.7264621E-04)  (3.8184226E-03,3.3341348E-03)  
 (0.000000,0.000000)
    0.000000        1.000000        0.000000      (3.2410026E-03,4.3772161E-03)
   (0.000000,0.000000)  (4.8428774E-03,-7.9628080E-04)
    0.000000        1.000000        1.000000      (6.0163438E-03,7.7113509E-03)
   (4.9918890E-03,-4.1909516E-03)  (-4.9918890E-03,4.1909516E-03)
    0.000000        1.000000        2.000000      
 (-5.7183206E-03,-1.1920929E-03)  (-1.2060627E-03,-2.4866313E-03)  
 (6.0303137E-04,1.2433156E-03)
    0.000000        2.000000        0.000000      
 (-3.2782555E-03,1.4062971E-03)  (0.000000,0.000000)  
 (1.2340024E-03,2.0395964E-03)
    0.000000        2.000000        1.000000      
 (3.1385571E-03,-2.0209700E-03)  (-9.4063580E-04,-6.0303137E-04)  
 (1.8812716E-03,1.2060627E-03)
    0.000000       -2.000000        0.000000      
 (-3.2782555E-03,-1.4062971E-03)  (0.000000,0.000000)  
 (1.2340024E-03,-2.0395964E-03)
    0.000000       -2.000000        1.000000      
 (-6.8359077E-03,-7.5995922E-03)  (-1.5040860E-03,-1.1030352E-04)  
 (-3.0081719E-03,-2.2060703E-04)
    0.000000       -1.000000        0.000000      
 (3.2410026E-03,-4.3772161E-03)  (0.000000,0.000000)  
 (4.8428774E-03,7.9628080E-04)
    0.000000       -1.000000        1.000000      
 (8.9779496E-03,-4.0419400E-03)  (-9.9651515E-04,-5.8859587E-03)  
 (-9.9651515E-04,-5.8859587E-03)
    0.000000       -1.000000        2.000000      
 (-8.7916851E-03,-9.5926225E-04)  (-2.6542693E-03,-2.9243529E-03)  
 (-1.3271347E-03,-1.4621764E-03)
    1.000000        0.000000        0.000000      (0.000000,0.000000)  
 (-2.9206276E-02,6.5006316E-03)  (1.6093254E-02,1.9893050E-02)
    1.000000        0.000000        1.000000      
 (-3.9674342E-03,-2.1699816E-03)  (-1.5795231E-02,1.3597310E-02)  
 (3.9674342E-03,2.1699816E-03)
    1.000000        0.000000        2.000000      (6.2573235E-05,1.7695129E-03)
   (3.0733645E-03,5.1967800E-03)  (-3.1286618E-05,-8.8475645E-04)
    1.000000        1.000000        0.000000      
 (1.8533319E-03,-1.2759119E-03)  (-1.8533319E-03,1.2759119E-03)  
 (-2.7357601E-04,3.8370490E-03)
    1.000000        1.000000        1.000000      (1.8998981E-03,3.4645200E-03)
   (-2.9150397E-03,-3.4924597E-03)  (1.0244548E-03,2.4301698E-05)
    1.000000        1.000000        2.000000      
 (-2.9616058E-03,1.9650906E-03)  (5.0757080E-04,-1.9650906E-03)  
 (1.2246892E-03,-2.8467184E-06)
    1.000000        2.000000        0.000000      (3.3807009E-03,1.8207356E-03)
   (-1.6903505E-03,-9.1036782E-04)  (1.5925616E-03,4.6193600E-03)
    1.000000        2.000000        1.000000      (1.4714897E-03,1.8393621E-03)
   (-1.8067658E-03,7.3341653E-04)  (2.1420419E-03,-3.3061951E-03)
    1.000000       -2.000000        0.000000      (1.4854595E-03,3.2596290E-03)
   (7.4272975E-04,1.6298145E-03)  (-2.9243529E-03,-2.3050234E-04)
    1.000000       -2.000000        1.000000      
 (-2.9243529E-03,-1.8393621E-03)  (-1.4388934E-03,-1.4994293E-03)  
 (4.8894435E-05,-1.1594966E-03)
    1.000000       -1.000000        0.000000      
 (6.5192580E-04,-1.1583325E-04)  (6.5192580E-04,-1.1583325E-04)  
 (-7.1153045E-03,2.5611371E-03)
    1.000000       -1.000000        1.000000      
 (7.7486038E-03,-5.0477684E-03)  (1.8486753E-03,-2.7474016E-03)  
 (-5.9045851E-03,2.3003668E-03)
    1.000000       -1.000000        2.000000      
 (-4.1536987E-03,-1.9278377E-03)  (-5.8114529E-03,-3.3993274E-03)  
 (-8.2422048E-04,-7.3807314E-04)
    2.000000        0.000000        0.000000      (0.000000,0.000000)  
 (6.5006316E-03,-6.0768798E-04)  (-7.3807314E-04,-1.1175871E-03)
    2.000000        0.000000        1.000000      
 (-8.6845830E-04,3.8556755E-03)  (1.7415732E-03,5.0663948E-03)  
 (1.7369166E-03,-7.7113509E-03)
    2.000000        1.000000        0.000000      
 (-1.3224781E-03,-2.5797635E-03)  (2.6449561E-03,5.1595271E-03)  
 (-5.6810677E-03,5.9604645E-03)
    2.000000        1.000000        1.000000      (1.8998981E-03,2.0489097E-03)
   (-1.3504177E-03,-8.0466270E-03)  (-2.4493784E-03,3.9301813E-03)
    2.000000       -1.000000        0.000000      
 (-3.7997961E-03,-1.7276034E-03)  (-7.5995922E-03,-3.4552068E-03)  
 (-1.0430813E-03,2.7660280E-03)
    2.000000       -1.000000        1.000000      
 (-2.1979213E-03,1.3923272E-03)  (-8.6147338E-04,5.4761767E-03)  
 (3.5297126E-03,2.6822090E-03)
