   0.00000000       0.00000000      -2.00000000     (  6.63101673E-03,  3.87430191E-03) (  1.91386789E-03, -1.47148967E-03) (  0.00000000    ,  0.00000000    )
   0.00000000       0.00000000      -1.00000000     (  2.30967999E-02, -1.16974115E-02) ( -3.43425199E-05,  2.28732824E-02) (  0.00000000    ,  0.00000000    )
   0.00000000       1.00000000      -2.00000000     ( -3.93949449E-03, -2.63753464E-06) (  4.56348062E-04, -3.66941094E-03) (  2.28174031E-04, -1.83470547E-03)
   0.00000000       1.00000000      -1.00000000     (  1.00955367E-02,  1.27777457E-02) ( -2.52388418E-03,  2.63564289E-03) ( -2.52388418E-03,  2.63564289E-03)
   0.00000000       2.00000000      -1.00000000     ( -9.08970833E-03,  3.10130417E-03) ( -1.77416950E-03, -9.66247171E-04) ( -3.54833901E-03, -1.93249434E-03)
   0.00000000      -2.00000000      -1.00000000     (  5.96046448E-03, -9.73232090E-04) ( -1.22003257E-03,  2.42143869E-03) (  2.44006515E-03, -4.84287739E-03)
   0.00000000      -1.00000000      -2.00000000     ( -7.18981028E-03,  9.54605639E-04) ( -6.96629286E-03, -5.11063263E-04) (  3.48314643E-03,  2.55531631E-04)
   0.00000000      -1.00000000      -1.00000000     (  3.25031579E-03,  3.49245965E-03) (  6.89178705E-03,  7.11530447E-03) ( -6.89178705E-03, -7.11530447E-03)
   1.00000000       0.00000000      -2.00000000     (  2.95229256E-03,  4.69386578E-03) ( -3.18512321E-03,  7.72997737E-03) (  1.47614628E-03,  2.34693289E-03)
   1.00000000       0.00000000      -1.00000000     (  3.68803740E-03,  3.78349796E-04) (  8.75443220E-03, -1.00117177E-03) (  3.68803740E-03,  3.78349796E-04)
   1.00000000       1.00000000      -2.00000000     ( -3.94880772E-03, -3.52971256E-03) (  4.48897481E-03, -7.84173608E-03) (  2.69501470E-04, -5.68106771E-03)
   1.00000000       1.00000000      -1.00000000     ( -7.50645995E-03, -4.63798642E-03) (  5.02914190E-03, -2.22353265E-04) ( -2.49594450E-03, -4.86150384E-03)
   1.00000000       2.00000000      -1.00000000     ( -5.92321157E-03, -2.64495611E-03) (  8.68458301E-04,  1.27125531E-03) ( -4.18163836E-03, -1.03318598E-04)
   1.00000000      -2.00000000      -1.00000000     (  5.49480319E-04, -3.77185643E-03) (  4.62750904E-05, -3.31550837E-03) (  4.57512215E-04,  2.85916030E-03)
   1.00000000      -1.00000000      -2.00000000     (  1.36904418E-03,  1.37370080E-03) (  9.08039510E-05,  7.66012818E-04) (  6.37955964E-04,  3.02679837E-04)
   1.00000000      -1.00000000      -1.00000000     ( -4.88013029E-03,  1.11293048E-03) ( -6.87316060E-03,  9.24337655E-04) (  1.99303031E-03,  1.90921128E-04)
   2.00000000       0.00000000      -1.00000000     ( -1.84867531E-03,  1.85333192E-03) ( -6.98491931E-03,  4.16301191E-03) ( -3.69735062E-03,  3.70666385E-03)
   2.00000000       1.00000000      -1.00000000     (  9.15024430E-04,  1.63912773E-03) (  2.16066837E-03, -5.23403287E-03) (  3.99537385E-03, -1.94646418E-03)
   2.00000000      -1.00000000      -1.00000000     (  2.18278728E-04, -1.68569386E-03) (  2.15135515E-03, -4.33064997E-04) ( -1.71829015E-03, -2.93366611E-03)
