   0.00000000       0.00000000      -2.00000000     (  4.32133675E-03,  7.82310963E-04) ( -5.69969416E-03,  3.20374966E-03) (  0.00000000    ,  0.00000000    )
   0.00000000       0.00000000      -1.00000000     (  2.68220901E-03,  1.13248825E-02) (  2.71946192E-02, -4.37721610E-04) (  0.00000000    ,  0.00000000    )
   0.00000000       1.00000000      -2.00000000     ( -1.14087015E-04,  1.91852450E-03) (  1.67638063E-03, -5.21540642E-04) (  8.38190317E-04, -2.60770321E-04)
   0.00000000       1.00000000      -1.00000000     ( -6.78002834E-03,  1.45658851E-02) ( -7.22706318E-03, -5.02914190E-03) ( -7.22706318E-03, -5.02914190E-03)
   0.00000000       2.00000000      -1.00000000     ( -1.06170774E-03, -1.48080289E-03) ( -9.40635800E-04,  2.88709998E-04) ( -1.88127160E-03,  5.77419996E-04)
   0.00000000      -2.00000000      -1.00000000     ( -5.16884029E-04,  2.96160579E-03) ( -3.86498868E-04, -8.28877091E-04) (  7.72997737E-04,  1.65775418E-03)
   0.00000000      -1.00000000      -2.00000000     (  2.98023224E-03,  3.09199095E-03) ( -5.77419996E-04, -1.67638063E-03) (  2.88709998E-04,  8.38190317E-04)
   0.00000000      -1.00000000      -1.00000000     (  4.17931005E-04, -5.07570803E-04) (  4.04193997E-03,  1.21537596E-03) ( -4.04193997E-03, -1.21537596E-03)
   1.00000000       0.00000000      -2.00000000     ( -1.24797225E-03, -5.72763383E-04) (  1.34110451E-03,  4.28408384E-03) ( -6.23986125E-04, -2.86381692E-04)
   1.00000000       0.00000000      -1.00000000     (  9.94652510E-03, -5.53205609E-03) ( -5.02914190E-03,  2.58535147E-02) (  9.94652510E-03, -5.53205609E-03)
   1.00000000       1.00000000      -2.00000000     (  1.60187483E-03,  1.88127160E-03) ( -3.89292836E-03,  2.65426934E-04) ( -1.14552677E-03,  1.07102096E-03)
   1.00000000       1.00000000      -1.00000000     ( -7.72997737E-04,  6.14672899E-03) ( -1.83470547E-03, -3.91155481E-03) ( -2.60770321E-03,  2.23517418E-03)
   1.00000000       2.00000000      -1.00000000     (  1.65775418E-03, -3.42261046E-04) ( -1.08033419E-03, -3.44589353E-04) ( -4.98257577E-04, -1.03376806E-03)
   1.00000000      -2.00000000      -1.00000000     ( -2.56113708E-04, -9.77888703E-04) ( -6.46105036E-05, -3.44589353E-04) ( -1.28056854E-04, -2.88709998E-04)
   1.00000000      -1.00000000      -2.00000000     ( -4.58676368E-04, -2.21654773E-03) ( -8.52160156E-04,  2.27242708E-03) (  1.96741894E-04, -2.25380063E-03)
   1.00000000      -1.00000000      -1.00000000     ( -1.68802217E-04,  4.70317900E-04) ( -5.26197255E-04, -1.30385160E-03) (  3.58559191E-04,  1.77882612E-03)
   2.00000000       0.00000000      -1.00000000     ( -1.23865902E-03,  1.76951289E-04) ( -1.58324838E-04, -1.38767064E-03) ( -2.47731805E-03,  3.53902578E-04)
   2.00000000       1.00000000      -1.00000000     (  5.79166226E-05, -3.63215804E-04) ( -2.19792128E-03, -2.67755240E-04) ( -2.08616257E-03, -9.96515155E-04)
   2.00000000      -1.00000000      -1.00000000     (  1.04308128E-03, -1.75787136E-04) (  8.38190317E-04,  1.24797225E-03) (  1.24797225E-03, -1.60187483E-03)
