   0.00000000       0.00000000      -2.00000000     (  6.70552254E-03,  4.47034836E-03) (  1.13621354E-03, -1.46683306E-03) (  0.00000000    ,  0.00000000    )
   0.00000000       0.00000000      -1.00000000     (  2.29477882E-02, -1.14366412E-02) (  1.17812306E-03,  2.35438347E-02) (  0.00000000    ,  0.00000000    )
   0.00000000       1.00000000      -2.00000000     ( -2.87778676E-03,  9.33650881E-04) (  6.65895641E-04, -3.07336450E-03) (  3.32947820E-04, -1.53668225E-03)
   0.00000000       1.00000000      -1.00000000     (  1.08405948E-02,  1.33365393E-02) ( -2.24448740E-03,  2.41212547E-03) ( -2.24448740E-03,  2.41212547E-03)
   0.00000000       2.00000000      -1.00000000     ( -9.42498446E-03,  1.96974725E-03) ( -1.55065209E-03, -1.14552677E-03) ( -3.10130417E-03, -2.29105353E-03)
   0.00000000      -2.00000000      -1.00000000     (  5.23403287E-03, -2.12807208E-03) ( -1.60653144E-03,  2.48663127E-03) (  3.21306288E-03, -4.97326255E-03)
   0.00000000      -1.00000000      -2.00000000     ( -7.48783350E-03,  7.75326043E-04) ( -6.83590770E-03, -5.58793545E-04) (  3.41795385E-03,  2.79396772E-04)
   0.00000000      -1.00000000      -1.00000000     (  3.11061740E-03,  3.98606062E-03) (  6.50063157E-03,  7.35744834E-03) ( -6.50063157E-03, -7.35744834E-03)
   1.00000000       0.00000000      -2.00000000     (  2.40281224E-03,  5.02914190E-03) ( -3.68803740E-03,  8.12113285E-03) (  1.20140612E-03,  2.51457095E-03)
   1.00000000       0.00000000      -1.00000000     (  3.52039933E-03,  3.99304554E-04) (  8.12113285E-03, -9.19681042E-04) (  3.52039933E-03,  3.99304554E-04)
   1.00000000       1.00000000      -2.00000000     ( -4.47034836E-03, -3.59490514E-03) (  5.32716513E-03, -7.22706318E-03) (  4.28408384E-04, -5.42029738E-03)
   1.00000000       1.00000000      -1.00000000     ( -7.87898898E-03, -4.56348062E-03) (  5.73694706E-03, -1.60071068E-04) ( -2.14204192E-03, -4.73111868E-03)
   1.00000000       2.00000000      -1.00000000     ( -5.32716513E-03, -1.96509063E-03) (  6.42612576E-04,  1.33644789E-03) ( -4.04193997E-03,  7.10133463E-04)
   1.00000000      -2.00000000      -1.00000000     (  6.03031367E-04, -3.36207449E-03) (  4.16766852E-04, -3.23168933E-03) ( -2.31666490E-04,  3.11061740E-03)
   1.00000000      -1.00000000      -2.00000000     (  7.68341124E-04,  7.77654350E-04) (  6.19329512E-04,  1.42608769E-04) (  7.47968443E-05,  3.17813829E-04)
   1.00000000      -1.00000000      -1.00000000     ( -4.39584255E-03,  9.49949026E-04) ( -6.85453415E-03,  8.94069672E-04) (  2.45869160E-03,  5.54427970E-05)
   2.00000000       0.00000000      -1.00000000     ( -2.08150595E-03,  1.33179128E-03) ( -8.38190317E-03,  3.90224159E-03) ( -4.16301191E-03,  2.66358256E-03)
   2.00000000       1.00000000      -1.00000000     (  9.10367817E-04,  1.87661499E-03) (  1.86730176E-03, -5.12227416E-03) (  3.68803740E-03, -1.36438757E-03)
   2.00000000      -1.00000000      -1.00000000     (  5.70435077E-04, -1.97440386E-03) (  2.44006515E-03, -1.44354999E-03) ( -1.29919499E-03, -2.51457095E-03)
