    0.000000        0.000000        1.000000      (2.2128224E-02,1.2069941E-02)
   (-6.6123903E-03,-1.8104911E-02)  (0.000000,0.000000)
    0.000000        0.000000        2.000000      
 (8.1397593E-03,-1.9418076E-03)  (5.8859587E-03,3.9953738E-03)  
 (0.000000,0.000000)
    0.000000        1.000000        0.000000      (5.3783879E-04,1.0281801E-02)
   (0.000000,0.000000)  (3.2689422E-03,-3.0640513E-03)
    0.000000        1.000000        1.000000      (4.0978193E-03,7.8463927E-04)
   (6.8917871E-03,-5.3271651E-03)  (-6.8917871E-03,5.3271651E-03)
    0.000000        1.000000        2.000000      
 (-8.3446503E-03,-2.5425106E-03)  (-7.0407987E-03,-4.8079528E-04)  
 (3.5203993E-03,2.4039764E-04)
    0.000000        2.000000        0.000000      
 (-1.9138679E-03,-2.8125942E-03)  (0.000000,0.000000)  
 (-1.9185245E-03,2.8358772E-03)
    0.000000        2.000000        1.000000      
 (1.1455268E-02,-3.2875687E-03)  (-8.3091436E-05,-2.3329630E-03)  
 (1.6618287E-04,4.6659261E-03)
    0.000000       -2.000000        0.000000      
 (-1.9138679E-03,2.8125942E-03)  (0.000000,0.000000)  
 (-1.9185245E-03,-2.8358772E-03)
    0.000000       -2.000000        1.000000      
 (-1.3038516E-02,-1.0840595E-02)  (-4.1630119E-03,1.1152588E-03)  
 (-8.3260238E-03,2.2305176E-03)
    0.000000       -1.000000        0.000000      
 (5.3783879E-04,-1.0281801E-02)  (0.000000,0.000000)  
 (3.2689422E-03,3.0640513E-03)
    0.000000       -1.000000        1.000000      
 (6.5937638E-03,-7.9348683E-03)  (-2.4400651E-03,-4.0046871E-03)  
 (-2.4400651E-03,-4.0046871E-03)
    0.000000       -1.000000        2.000000      
 (-1.2665987E-02,3.0547380E-03)  (-1.6670674E-03,3.7252903E-03)  
 (-8.3353370E-04,1.8626451E-03)
    1.000000        0.000000        0.000000      (0.000000,0.000000)  
 (-2.5033951E-02,4.8801303E-03)  (1.9222498E-02,1.8253922E-02)
    1.000000        0.000000        1.000000      
 (-1.1967495E-03,-3.9488077E-03)  (-2.1308661E-02,1.5422702E-02)  
 (1.1967495E-03,3.9488077E-03)
    1.000000        0.000000        2.000000      (1.0849908E-03,1.2922101E-03)
   (5.1036477E-03,1.0784715E-02)  (-5.4249540E-04,-6.4610504E-04)
    1.000000        1.000000        0.000000      
 (4.2095780E-03,-1.3224781E-03)  (-4.2095780E-03,1.3224781E-03)  
 (-3.6321580E-03,2.0675361E-03)
    1.000000        1.000000        1.000000      
 (-5.3900294E-04,3.7159771E-03)  (-8.0093741E-04,-2.4028122E-03)  
 (1.3387762E-03,-1.3108365E-03)
    1.000000        1.000000        2.000000      
 (-3.7997961E-03,-1.2369128E-04)  (-1.3690442E-03,-5.8859587E-03)  
 (2.5844201E-03,3.0081719E-03)
    1.000000        2.000000        0.000000      (1.1129305E-03,2.9522926E-03)
   (-5.5646524E-04,-1.4761463E-03)  (3.4365803E-03,1.0039657E-02)
    1.000000        2.000000        1.000000      (4.8428774E-03,4.2188913E-03)
   (-1.5879050E-03,-5.4831617E-04)  (-1.6624108E-03,-3.1199306E-03)
    1.000000       -2.000000        0.000000      
 (-1.6734703E-04,6.8731606E-03)  (-8.3673513E-05,3.4365803E-03)  
 (-6.8731606E-03,-1.0756776E-03)
    1.000000       -2.000000        1.000000      
 (-1.4225952E-03,4.4819899E-04)  (2.0481821E-05,1.0011718E-03)  
 (1.4621764E-03,1.5506521E-03)
    1.000000       -1.000000        0.000000      
 (-2.6915222E-03,1.0681106E-04)  (-2.6915222E-03,1.0681106E-04)  
 (-5.1036477E-03,3.9301813E-03)
    1.000000       -1.000000        1.000000      (1.4603138E-02,3.4458935E-03)
   (5.2526593E-03,3.9022416E-03)  (-9.3318522E-03,4.6100467E-04)
    1.000000       -1.000000        2.000000      
 (-1.6903505E-03,1.7415732E-03)  (-3.8743019E-03,-3.5297126E-03)  
 (-1.0919757E-03,-2.6356429E-03)
    2.000000        0.000000        0.000000      (0.000000,0.000000)  
 (1.4342368E-02,-5.8487058E-03)  (-9.4762072E-04,3.1571835E-03)
    2.000000        0.000000        1.000000      
 (-4.2282045E-03,4.2375177E-03)  (5.4482371E-03,1.1883676E-02)  
 (8.4564090E-03,-8.4750354E-03)
    2.000000        1.000000        0.000000      
 (-1.7974526E-03,-1.9837171E-03)  (3.5949051E-03,3.9674342E-03)  
 (-6.4633787E-03,1.0523945E-03)
    2.000000        1.000000        1.000000      (3.5949051E-03,5.5227429E-03)
   (-5.9232116E-03,-1.3746321E-02)  (-1.2665987E-03,2.6775524E-03)
    2.000000       -1.000000        0.000000      
 (-1.4435500E-03,-3.1851232E-03)  (-2.8871000E-03,-6.3702464E-03)  
 (2.3283064E-03,4.2747706E-03)
    2.000000       -1.000000        1.000000      
 (-5.4202974E-03,1.8067658E-03)  (-5.4016709E-03,3.9394945E-03)  
 (5.4389238E-03,3.2596290E-04)
