   0.00000000       0.00000000       1.00000000     (  1.17346644E-02, -1.08405948E-02) (  4.17232513E-02, -1.03935599E-02) (  0.00000000    ,  0.00000000    )
   0.00000000       0.00000000       2.00000000     (  3.35276127E-04, -1.21071935E-04) ( -2.79396772E-04, -3.95812094E-05) (  0.00000000    ,  0.00000000    )
   0.00000000       1.00000000       0.00000000     ( -1.02911144E-03, -4.52622771E-03) (  0.00000000    ,  0.00000000    ) (  1.48266554E-02,  6.53788447E-03)
   0.00000000       1.00000000       1.00000000     (  8.28877091E-03,  6.68689609E-03) (  1.91386789E-03, -1.28522515E-03) ( -1.91386789E-03,  1.28522515E-03)
   0.00000000       1.00000000       2.00000000     (  1.02445483E-04, -1.30385160E-04) ( -8.38190317E-05,  6.51925802E-05) (  4.19095159E-05, -3.25962901E-05)
   0.00000000       2.00000000       0.00000000     (  1.86264515E-04,  1.02445483E-04) (  0.00000000    ,  0.00000000    ) ( -1.21071935E-04,  4.19095159E-05)
   0.00000000       2.00000000       1.00000000     (  2.42143869E-04, -6.51925802E-05) ( -4.19095159E-05, -5.12227416E-05) (  8.38190317E-05,  1.02445483E-04)
   0.00000000      -2.00000000       0.00000000     (  1.86264515E-04, -1.02445483E-04) (  0.00000000    ,  0.00000000    ) ( -1.21071935E-04, -4.19095159E-05)
   0.00000000      -2.00000000       1.00000000     ( -1.11758709E-04,  1.51339918E-05) ( -1.11758709E-04, -1.30385160E-04) ( -2.23517418E-04, -2.60770321E-04)
   0.00000000      -1.00000000       0.00000000     ( -1.02911144E-03,  4.52622771E-03) (  0.00000000    ,  0.00000000    ) (  1.48266554E-02, -6.53788447E-03)
   0.00000000      -1.00000000       1.00000000     ( -6.78002834E-03, -2.70456076E-02) ( -9.77888703E-03,  3.57627869E-03) ( -9.77888703E-03,  3.57627869E-03)
   0.00000000      -1.00000000       2.00000000     (  1.30385160E-04, -6.51925802E-05) (  9.31322575E-05, -3.95812094E-05) (  4.65661287E-05, -1.97906047E-05)
   1.00000000       0.00000000       0.00000000     (  0.00000000    ,  0.00000000    ) ( -3.19629908E-02,  2.25007534E-02) (  1.87754631E-02,  2.40979716E-04)
   1.00000000       0.00000000       1.00000000     ( -3.50177288E-03,  5.33182174E-04) ( -1.52364373E-02, -1.82166696E-02) (  3.50177288E-03, -5.33182174E-04)
   1.00000000       0.00000000       2.00000000     ( -2.23517418E-04, -1.21071935E-04) (  1.30385160E-04,  8.38190317E-05) (  1.11758709E-04,  6.05359674E-05)
   1.00000000       1.00000000       0.00000000     (  2.86847353E-03,  4.86150384E-03) ( -2.86847353E-03, -4.86150384E-03) ( -3.87430191E-03,  1.16974115E-02)
   1.00000000       1.00000000       1.00000000     (  1.02445483E-04,  1.21071935E-04) ( -3.35276127E-04,  1.39698386E-05) (  2.42143869E-04, -1.39698386E-04)
   1.00000000       1.00000000       2.00000000     ( -3.72529030E-04,  6.51925802E-05) (  1.49011612E-04,  2.04890966E-04) (  1.11758709E-04, -1.39698386E-04)
   1.00000000       2.00000000       0.00000000     ( -4.19095159E-05,  9.31322575E-05) (  2.09547579E-05, -4.65661287E-05) ( -1.30385160E-04, -1.86264515E-05)
   1.00000000       2.00000000       1.00000000     ( -1.86264515E-05,  6.05359674E-05) ( -9.31322575E-05,  3.63797881E-07) (  2.04890966E-04, -6.05359674E-05)
   1.00000000      -2.00000000       0.00000000     ( -4.94765118E-06,  1.21071935E-04) ( -2.47382559E-06,  6.05359674E-05) ( -9.31322575E-05, -2.04890966E-04)
   1.00000000      -2.00000000       1.00000000     ( -2.04890966E-04, -6.98491931E-05) ( -4.65661287E-05, -2.09547579E-05) (  1.11758709E-04,  2.56113708E-05)
   1.00000000      -1.00000000       0.00000000     (  1.04075298E-03, -4.74043190E-03) (  1.04075298E-03, -4.74043190E-03) ( -8.34465027E-03,  3.29315662E-02)
   1.00000000      -1.00000000       1.00000000     (  4.47034836E-04,  1.86264515E-04) (  1.51339918E-05, -3.35276127E-04) ( -4.09781933E-04, -5.21540642E-04)
   1.00000000      -1.00000000       2.00000000     ( -1.86264515E-04, -6.98491931E-06) ( -7.91624188E-05,  1.58324838E-04) (  5.12227416E-05,  8.38190317E-05)
   2.00000000       0.00000000       0.00000000     (  0.00000000    ,  0.00000000    ) (  8.38190317E-05,  2.79396772E-04) ( -1.30385160E-04, -3.02679837E-05)
   2.00000000       0.00000000       1.00000000     ( -3.02679837E-05,  1.16415322E-05) ( -1.51339918E-05,  5.58793545E-05) (  6.05359674E-05, -2.32830644E-05)
   2.00000000       1.00000000       0.00000000     (  4.19095159E-05,  3.02679837E-05) ( -8.38190317E-05, -6.05359674E-05) (  4.19095159E-05,  1.11758709E-04)
   2.00000000       1.00000000       1.00000000     ( -3.20142135E-06, -3.95812094E-05) ( -1.30385160E-04,  9.31322575E-05) (  1.39698386E-04, -1.74622983E-05)
   2.00000000      -1.00000000       0.00000000     ( -7.91624188E-05, -4.65661287E-05) ( -1.58324838E-04, -9.31322575E-05) ( -1.04773790E-05, -1.86264515E-05)
   2.00000000      -1.00000000       1.00000000     ( -3.25962901E-05, -1.67638063E-04) ( -9.31322575E-05, -1.21071935E-04) ( -3.02679837E-05,  2.23517418E-04)
