   0.00000000       0.00000000       1.00000000     (  1.60560012E-02, -4.88013029E-03) (  3.97861004E-02, -1.70618296E-02) (  0.00000000    ,  0.00000000    )
   0.00000000       0.00000000       2.00000000     (  9.31322575E-05, -1.11758709E-04) ( -1.11758709E-04,  1.39698386E-05) (  0.00000000    ,  0.00000000    )
   0.00000000       1.00000000       0.00000000     ( -7.26431608E-03, -3.45520675E-03) (  0.00000000    ,  0.00000000    ) (  1.03563070E-02,  1.23307109E-02)
   0.00000000       1.00000000       1.00000000     (  8.97794962E-03,  1.04308128E-02) ( -9.75560397E-04, -1.98837370E-03) (  9.75560397E-04,  1.98837370E-03)
   0.00000000       1.00000000       2.00000000     ( -1.39698386E-05, -4.65661287E-05) ( -3.72529030E-05,  2.32830644E-05) (  1.86264515E-05, -1.16415322E-05)
   0.00000000       2.00000000       0.00000000     (  2.79396772E-05,  1.11758709E-04) (  0.00000000    ,  0.00000000    ) ( -1.49011612E-04,  4.65661287E-05)
   0.00000000       2.00000000       1.00000000     (  1.30385160E-04, -3.25962901E-05) ( -3.72529030E-05, -9.31322575E-06) (  7.45058060E-05,  1.86264515E-05)
   0.00000000      -2.00000000       0.00000000     (  2.79396772E-05, -1.11758709E-04) (  0.00000000    ,  0.00000000    ) ( -1.49011612E-04, -4.65661287E-05)
   0.00000000      -2.00000000       1.00000000     ( -3.72529030E-05, -2.32830644E-05) ( -9.31322575E-06, -5.58793545E-05) ( -1.86264515E-05, -1.11758709E-04)
   0.00000000      -1.00000000       0.00000000     ( -7.26431608E-03,  3.45520675E-03) (  0.00000000    ,  0.00000000    ) (  1.03563070E-02, -1.23307109E-02)
   0.00000000      -1.00000000       1.00000000     ( -4.70317900E-03, -3.06963921E-02) ( -7.95349479E-03,  2.27708369E-03) ( -7.95349479E-03,  2.27708369E-03)
   0.00000000      -1.00000000       2.00000000     (  7.45058060E-05, -4.07453626E-06) (  4.65661287E-06, -3.72529030E-05) (  2.32830644E-06, -1.86264515E-05)
   1.00000000       0.00000000       0.00000000     (  0.00000000    ,  0.00000000    ) ( -2.48104334E-02,  2.08616257E-02) (  2.19047070E-02,  6.92903996E-03)
   1.00000000       0.00000000       1.00000000     ( -3.77185643E-03,  1.14087015E-04) ( -2.16066837E-02, -1.37835741E-02) (  3.77185643E-03, -1.14087015E-04)
   1.00000000       0.00000000       2.00000000     ( -9.31322575E-05, -1.01863407E-06) (  5.58793545E-05,  5.58793545E-05) (  4.65661287E-05,  5.09317033E-07)
   1.00000000       1.00000000       0.00000000     (  3.51574272E-04,  3.34344804E-03) ( -3.51574272E-04, -3.34344804E-03) ( -8.51228833E-03,  1.19209290E-02)
   1.00000000       1.00000000       1.00000000     (  3.72529030E-05,  1.62981451E-05) ( -1.49011612E-04, -9.31322575E-06) (  1.11758709E-04, -8.14907253E-06)
   1.00000000       1.00000000       2.00000000     ( -1.86264515E-04,  1.62981451E-05) (  3.72529030E-05,  7.45058060E-05) (  7.45058060E-05, -4.65661287E-05)
   1.00000000       2.00000000       0.00000000     (  6.51925802E-05, -1.86264515E-05) ( -3.25962901E-05,  9.31322575E-06) ( -5.58793545E-05,  7.45058060E-05)
   1.00000000       2.00000000       1.00000000     ( -2.91038305E-06,  2.32830644E-05) ( -4.65661287E-05,  1.62981451E-05) (  9.31322575E-05, -5.58793545E-05)
   1.00000000      -2.00000000       0.00000000     ( -6.51925802E-05,  1.16415322E-05) ( -3.25962901E-05,  5.82076609E-06) ( -6.51925802E-05, -1.11758709E-04)
   1.00000000      -2.00000000       1.00000000     ( -7.45058060E-05, -5.58793545E-05) ( -1.62981451E-05, -3.72529030E-05) (  4.65661287E-05, -2.32830644E-05)
   1.00000000      -1.00000000       0.00000000     ( -1.23691279E-04, -6.29574060E-03) ( -1.23691279E-04, -6.29574060E-03) ( -9.85339284E-03,  3.21120024E-02)
   1.00000000      -1.00000000       1.00000000     (  1.86264515E-04,  6.51925802E-05) ( -1.16415322E-05, -1.49011612E-04) ( -1.86264515E-04, -2.23517418E-04)
   1.00000000      -1.00000000       2.00000000     ( -9.31322575E-05,  4.65661287E-05) ( -7.45058060E-05,  6.51925802E-05) (  9.31322575E-06,  9.31322575E-06)
   2.00000000       0.00000000       0.00000000     (  0.00000000    ,  0.00000000    ) (  5.58793545E-05,  1.49011612E-04) ( -4.65661287E-05,  5.58793545E-05)
   2.00000000       0.00000000       1.00000000     ( -2.91038305E-06, -1.39698386E-05) (  3.72529030E-05,  7.45058060E-05) (  5.82076609E-06,  2.79396772E-05)
   2.00000000       1.00000000       0.00000000     (  3.72529030E-05,  4.65661287E-05) ( -7.45058060E-05, -9.31322575E-05) ( -5.58793545E-05,  1.11758709E-04)
   2.00000000       1.00000000       1.00000000     (  2.79396772E-05, -9.31322575E-06) ( -6.51925802E-05, -9.31322575E-06) (  1.62981451E-05,  2.79396772E-05)
   2.00000000      -1.00000000       0.00000000     ( -2.32830644E-05,  4.65661287E-06) ( -4.65661287E-05,  9.31322575E-06) ( -5.58793545E-05, -1.86264515E-05)
   2.00000000      -1.00000000       1.00000000     ( -2.79396772E-05, -3.25962901E-05) ( -9.31322575E-05, -3.72529030E-05) ( -3.25962901E-05,  2.79396772E-05)
