   0.00000000       0.00000000      -2.00000000     (  6.74277544E-03,  4.61935997E-03) (  9.35979187E-04, -1.47614628E-03) (  0.00000000    ,  0.00000000    )
   0.00000000       0.00000000      -1.00000000     (  2.30222940E-02, -1.13993883E-02) (  1.48545951E-03,  2.37673521E-02) (  0.00000000    ,  0.00000000    )
   0.00000000       1.00000000      -2.00000000     ( -2.63564289E-03,  1.17346644E-03) (  7.07805157E-04, -2.89641321E-03) (  3.53902578E-04, -1.44820660E-03)
   0.00000000       1.00000000      -1.00000000     (  1.10641122E-02,  1.35228038E-02) ( -2.16998160E-03,  2.37487257E-03) ( -2.16998160E-03,  2.37487257E-03)
   0.00000000       2.00000000      -1.00000000     ( -9.57399607E-03,  1.69966370E-03) ( -1.51805580E-03, -1.20140612E-03) ( -3.03611159E-03, -2.40281224E-03)
   0.00000000      -2.00000000      -1.00000000     (  5.06639481E-03, -2.41212547E-03) ( -1.70897692E-03,  2.50525773E-03) (  3.41795385E-03, -5.01051545E-03)
   0.00000000      -1.00000000      -2.00000000     ( -7.56233931E-03,  7.28759915E-04) ( -6.79865479E-03, -5.61121851E-04) (  3.39932740E-03,  2.80560926E-04)
   0.00000000      -1.00000000      -1.00000000     (  3.10130417E-03,  4.09781933E-03) (  6.40749931E-03,  7.43195415E-03) ( -6.40749931E-03, -7.43195415E-03)
   1.00000000       0.00000000      -2.00000000     (  2.28174031E-03,  5.12227416E-03) ( -3.82773578E-03,  8.23289156E-03) (  1.14087015E-03,  2.56113708E-03)
   1.00000000       0.00000000      -1.00000000     (  3.49245965E-03,  4.00468707E-04) (  7.97212124E-03, -9.22009349E-04) (  3.49245965E-03,  4.00468707E-04)
   1.00000000       1.00000000      -2.00000000     ( -4.61935997E-03, -3.59490514E-03) (  5.55068254E-03, -7.09667802E-03) (  4.61004674E-04, -5.34579158E-03)
   1.00000000       1.00000000      -1.00000000     ( -8.00937414E-03, -4.56348062E-03) (  5.94183803E-03, -1.40862539E-04) ( -2.06753612E-03, -4.69386578E-03)
   1.00000000       2.00000000      -1.00000000     ( -5.19677997E-03, -1.77882612E-03) (  5.89061528E-04,  1.37370080E-03) ( -4.01400030E-03,  9.66247171E-04)
   1.00000000      -2.00000000      -1.00000000     (  5.84404916E-04, -3.25962901E-03) (  4.99421731E-04, -3.20374966E-03) ( -4.12110239E-04,  3.13855708E-03)
   1.00000000      -1.00000000      -2.00000000     (  6.23986125E-04,  6.03031367E-04) (  7.28759915E-04, -1.83354132E-05) ( -5.32600097E-05,  3.10828909E-04)
   1.00000000      -1.00000000      -1.00000000     ( -4.28408384E-03,  9.10367817E-04) ( -6.85453415E-03,  8.89413059E-04) (  2.57045031E-03,  2.06637196E-05)
   2.00000000       0.00000000      -1.00000000     ( -2.13738531E-03,  1.20140612E-03) ( -8.71717930E-03,  3.84636223E-03) ( -4.27477062E-03,  2.40281224E-03)
   2.00000000       1.00000000      -1.00000000     (  8.98726285E-04,  1.93249434E-03) (  1.80210918E-03, -5.10364771E-03) (  3.59490514E-03, -1.23400241E-03)
   2.00000000      -1.00000000      -1.00000000     (  6.47269189E-04, -2.04425305E-03) (  2.50525773E-03, -1.69966370E-03) ( -1.21071935E-03, -2.38418579E-03)
