   0.00000000       0.00000000      -2.00000000     (  6.81728125E-03,  4.84287739E-03) (  6.72880560E-04, -1.50408596E-03) (  0.00000000    ,  0.00000000    )
   0.00000000       0.00000000      -1.00000000     (  2.30967999E-02, -1.13621354E-02) (  1.88592821E-03,  2.40653753E-02) (  0.00000000    ,  0.00000000    )
   0.00000000       1.00000000      -2.00000000     ( -2.34693289E-03,  1.49477273E-03) (  7.59027898E-04, -2.66358256E-03) (  3.79513949E-04, -1.33179128E-03)
   0.00000000       1.00000000      -1.00000000     (  1.13621354E-02,  1.37463212E-02) ( -2.06753612E-03,  2.31899321E-03) ( -2.06753612E-03,  2.31899321E-03)
   0.00000000       2.00000000      -1.00000000     ( -9.79751348E-03,  1.35041773E-03) ( -1.49942935E-03, -1.27591193E-03) ( -2.99885869E-03, -2.55182385E-03)
   0.00000000      -2.00000000      -1.00000000     (  4.89875674E-03, -2.80328095E-03) ( -1.84867531E-03,  2.52388418E-03) (  3.69735062E-03, -5.04776835E-03)
   0.00000000      -1.00000000      -2.00000000     ( -7.71135092E-03,  6.63567334E-04) ( -6.76140189E-03, -5.62286004E-04) (  3.38070095E-03,  2.81143002E-04)
   0.00000000      -1.00000000      -1.00000000     (  3.09199095E-03,  4.22820449E-03) (  6.27711415E-03,  7.52508640E-03) ( -6.27711415E-03, -7.52508640E-03)
   1.00000000       0.00000000      -2.00000000     (  2.13272870E-03,  5.28991222E-03) ( -4.03262675E-03,  8.41915607E-03) (  1.06636435E-03,  2.64495611E-03)
   1.00000000       0.00000000      -1.00000000     (  3.45520675E-03,  4.00468707E-04) (  7.76723027E-03, -9.33650881E-04) (  3.45520675E-03,  4.00468707E-04)
   1.00000000       1.00000000      -2.00000000     ( -4.84287739E-03, -3.59490514E-03) (  5.84870577E-03, -6.96629286E-03) (  5.02914190E-04, -5.28991222E-03)
   1.00000000       1.00000000      -1.00000000     ( -8.19563866E-03, -4.55416739E-03) (  6.22123480E-03, -1.12049747E-04) ( -1.98837370E-03, -4.67523932E-03)
   1.00000000       2.00000000      -1.00000000     ( -5.04776835E-03, -1.53668225E-03) (  5.20376489E-04,  1.43423676E-03) ( -4.01400030E-03,  1.33644789E-03)
   1.00000000      -2.00000000      -1.00000000     (  5.45987859E-04, -3.14787030E-03) (  6.03031367E-04, -3.16649675E-03) ( -6.58910722E-04,  3.17580998E-03)
   1.00000000      -1.00000000      -2.00000000     (  4.34229150E-04,  3.57395038E-04) (  8.66129994E-04, -2.35158950E-04) ( -2.15950422E-04,  2.95694917E-04)
   1.00000000      -1.00000000      -1.00000000     ( -4.16301191E-03,  8.63801688E-04) ( -6.89178705E-03,  8.91741365E-04) (  2.72877514E-03, -2.69210432E-05)
   2.00000000       0.00000000      -1.00000000     ( -2.21654773E-03,  1.03609636E-03) ( -9.16421413E-03,  3.79048288E-03) ( -4.43309546E-03,  2.07219273E-03)
   2.00000000       1.00000000      -1.00000000     (  8.80099833E-04,  2.00700015E-03) (  1.73691660E-03, -5.08502126E-03) (  3.49245965E-03, -1.07800588E-03)
   2.00000000      -1.00000000      -1.00000000     (  7.47386366E-04, -2.13738531E-03) (  2.59838998E-03, -2.05822289E-03) ( -1.10827386E-03, -2.21654773E-03)
