   0.00000000       0.00000000      -2.00000000     (  5.02914190E-03,  9.31322575E-04) ( -6.78002834E-03,  3.85567546E-03) (  0.00000000    ,  0.00000000    )
   0.00000000       0.00000000      -1.00000000     (  2.29105353E-03,  1.12131238E-02) (  2.62260437E-02, -9.49949026E-04) (  0.00000000    ,  0.00000000    )
   0.00000000       1.00000000      -2.00000000     ( -3.21306288E-04,  2.25380063E-03) (  1.83470547E-03, -7.21774995E-04) (  9.17352736E-04, -3.60887498E-04)
   0.00000000       1.00000000      -1.00000000     ( -6.81728125E-03,  1.39698386E-02) ( -7.00354576E-03, -5.12227416E-03) ( -7.00354576E-03, -5.12227416E-03)
   0.00000000       2.00000000      -1.00000000     ( -9.82545316E-04, -1.58324838E-03) ( -9.91858542E-04,  2.20024958E-04) ( -1.98371708E-03,  4.40049917E-04)
   0.00000000      -2.00000000      -1.00000000     ( -7.12461770E-04,  3.53902578E-03) ( -5.49480319E-04, -1.04773790E-03) (  1.09896064E-03,  2.09547579E-03)
   0.00000000      -1.00000000      -2.00000000     (  3.55765224E-03,  3.61353159E-03) ( -7.68341124E-04, -1.96509063E-03) (  3.84170562E-04,  9.82545316E-04)
   0.00000000      -1.00000000      -1.00000000     ( -9.48784873E-05, -2.05473043E-04) (  4.06056643E-03,  1.22468919E-03) ( -4.06056643E-03, -1.22468919E-03)
   1.00000000       0.00000000      -2.00000000     ( -1.40629709E-03, -6.79865479E-04) (  1.40629709E-03,  4.91738319E-03) ( -7.03148544E-04, -3.39932740E-04)
   1.00000000       0.00000000      -1.00000000     (  9.79751348E-03, -5.53205609E-03) ( -4.86150384E-03,  2.60770321E-02) (  9.79751348E-03, -5.53205609E-03)
   1.00000000       1.00000000      -2.00000000     (  1.85333192E-03,  2.18860805E-03) ( -4.58210707E-03,  3.11993062E-04) ( -1.35973096E-03,  1.24797225E-03)
   1.00000000       1.00000000      -1.00000000     ( -5.68106771E-04,  6.92903996E-03) ( -2.05822289E-03, -4.47034836E-03) ( -2.62632966E-03,  2.47731805E-03)
   1.00000000       2.00000000      -1.00000000     (  1.97440386E-03, -3.49245965E-04) ( -1.16415322E-03, -3.65544111E-04) ( -3.49245965E-04, -1.08499080E-03)
   1.00000000      -2.00000000      -1.00000000     ( -2.25845724E-04, -9.82545316E-04) ( -1.03609636E-04, -3.67872417E-04) ( -1.99361239E-05, -2.44472176E-04)
   1.00000000      -1.00000000      -2.00000000     ( -6.42612576E-04, -2.66358256E-03) ( -9.17352736E-04,  2.71946192E-03) (  1.37370080E-04, -2.68220901E-03)
   1.00000000      -1.00000000      -1.00000000     ( -2.79396772E-04,  5.05242497E-04) ( -6.56582415E-04, -1.69500709E-03) (  3.77185643E-04,  2.19792128E-03)
   2.00000000       0.00000000      -1.00000000     ( -1.40629709E-03,  1.87428668E-04) ( -3.86498868E-04, -1.43423676E-03) ( -2.81259418E-03,  3.74857336E-04)
   2.00000000       1.00000000      -1.00000000     (  1.22818165E-04, -3.35276127E-04) ( -2.62632966E-03, -5.40167093E-04) ( -2.36555934E-03, -1.21071935E-03)
   2.00000000      -1.00000000      -1.00000000     (  1.17346644E-03, -2.43308023E-04) (  1.05705112E-03,  1.35973096E-03) (  1.28522515E-03, -1.85333192E-03)
