   0.00000000       0.00000000      -2.00000000     (  8.38190317E-03,  2.35624611E-03) ( -1.23679638E-02,  6.33299351E-03) (  0.00000000    ,  0.00000000    )
   0.00000000       0.00000000      -1.00000000     (  3.77185643E-04,  1.08405948E-02) (  2.19047070E-02, -3.93018126E-03) (  0.00000000    ,  0.00000000    )
   0.00000000       1.00000000      -2.00000000     ( -1.88127160E-03,  3.33413482E-03) (  1.38767064E-03, -2.72877514E-03) (  6.93835318E-04, -1.36438757E-03)
   0.00000000       1.00000000      -1.00000000     ( -7.41332769E-03,  1.15111470E-02) ( -5.73694706E-03, -5.69969416E-03) ( -5.73694706E-03, -5.69969416E-03)
   0.00000000       2.00000000      -1.00000000     (  1.45751983E-03, -1.03842467E-03) ( -7.45058060E-04, -2.40979716E-04) ( -1.49011612E-03, -4.81959432E-04)
   0.00000000      -2.00000000      -1.00000000     ( -8.98726285E-04,  4.65661287E-03) ( -1.71363354E-03, -1.59721822E-03) (  3.42726707E-03,  3.19443643E-03)
   0.00000000      -1.00000000      -2.00000000     (  6.12810254E-03,  5.15952706E-03) ( -2.91503966E-03, -2.50525773E-03) (  1.45751983E-03,  1.25262886E-03)
   0.00000000      -1.00000000      -1.00000000     ( -3.63215804E-03,  1.63912773E-03) (  4.06056643E-03,  1.25728548E-03) ( -4.06056643E-03, -1.25728548E-03)
   1.00000000       0.00000000      -2.00000000     ( -2.01165676E-03, -1.34576112E-03) (  5.56465238E-04,  6.85453415E-03) ( -1.00582838E-03, -6.72880560E-04)
   1.00000000       0.00000000      -1.00000000     (  9.49949026E-03, -5.58793545E-03) ( -3.98606062E-03,  2.77161598E-02) (  9.49949026E-03, -5.58793545E-03)
   1.00000000       1.00000000      -2.00000000     (  2.13272870E-03,  2.99885869E-03) ( -5.99771738E-03, -3.16649675E-04) ( -1.93715096E-03,  1.34110451E-03)
   1.00000000       1.00000000      -1.00000000     (  2.08616257E-03,  8.19563866E-03) ( -1.85333192E-03, -5.55068254E-03) (  2.37487257E-04,  2.65426934E-03)
   1.00000000       2.00000000      -1.00000000     (  2.87778676E-03,  8.66129994E-04) ( -4.81959432E-04, -3.87080945E-05) (  1.90921128E-03,  7.89295882E-04)
   1.00000000      -2.00000000      -1.00000000     (  4.77302819E-04,  1.25728548E-03) ( -8.03265721E-05,  1.28056854E-04) (  6.37955964E-04,  1.00117177E-03)
   1.00000000      -1.00000000      -2.00000000     ( -1.43889338E-03, -5.25265932E-03) ( -1.02445483E-03,  4.09781933E-03) ( -2.07219273E-04, -4.67523932E-03)
   1.00000000      -1.00000000      -1.00000000     ( -1.76951289E-03,  4.91272658E-04) ( -1.98371708E-03, -4.41446900E-03) (  2.16532499E-04,  4.89875674E-03)
   2.00000000       0.00000000      -1.00000000     ( -1.86264515E-03, -4.13274392E-05) ( -3.36207449E-03, -5.44823706E-04) ( -3.72529030E-03, -8.26548785E-05)
   2.00000000       1.00000000      -1.00000000     (  1.31782144E-03,  9.22009349E-04) ( -4.17232513E-03, -2.76602805E-03) ( -1.53668225E-03, -9.17352736E-04)
   2.00000000      -1.00000000      -1.00000000     (  9.77888703E-04, -7.40401447E-04) (  1.90921128E-03,  9.63918865E-04) (  4.17639967E-05, -2.44006515E-03)
