    0.000000        0.000000       -2.000000      (2.4866313E-03,2.7474016E-04)
   (3.2037497E-03,-2.8312206E-03)  (0.000000,0.000000)
    0.000000        0.000000       -1.000000      
 (2.2426248E-02,-1.2442470E-02)  (-1.4379621E-02,1.7806888E-02)  
 (0.000000,0.000000)
    0.000000        1.000000       -2.000000      
 (-7.4505806E-03,1.0104850E-03)  (-2.3562461E-03,2.8498471E-03)  
 (-1.1781231E-03,1.4249235E-03)
    0.000000        1.000000       -1.000000      (9.6112490E-03,3.9674342E-03)
   (-8.9174137E-04,6.1467290E-03)  (-8.9174137E-04,6.1467290E-03)
    0.000000        2.000000       -1.000000      
 (-5.5693090E-03,6.4074993E-03)  (-1.1315569E-03,2.0838343E-04)  
 (-2.2631139E-03,4.1676685E-04)
    0.000000       -2.000000       -1.000000      (2.2724271E-03,1.7508864E-03)
   (-9.0338290E-04,4.4703484E-04)  (1.8067658E-03,-8.9406967E-04)
    0.000000       -1.000000       -2.000000      
 (-4.9173832E-03,9.5460564E-04)  (-7.5902790E-04,2.2724271E-03)  
 (3.7951395E-04,-1.1362135E-03)
    0.000000       -1.000000       -1.000000      
 (6.3888729E-03,-8.5309148E-03)  (4.8987567E-03,4.2468309E-03)  
 (-4.8987567E-03,-4.2468309E-03)
    1.000000        0.000000       -2.000000      (4.4144690E-03,9.9651515E-04)
   (-3.6507845E-03,1.0617077E-03)  (2.2072345E-03,4.9825758E-04)
    1.000000        0.000000       -1.000000      
 (3.2503158E-03,-1.6670674E-03)  (4.6566129E-03,-7.7858567E-03)  
 (3.2503158E-03,-1.6670674E-03)
    1.000000        1.000000       -2.000000      
 (-2.5797635E-03,2.0675361E-03)  (-2.4121255E-03,-6.7800283E-03)  
 (-2.4959445E-03,-2.3655593E-03)
    1.000000        1.000000       -1.000000      
 (-4.8615038E-03,2.1792948E-03)  (2.2351742E-03,-1.2805685E-03)  
 (-2.6170164E-03,9.0338290E-04)
    1.000000        2.000000       -1.000000      
 (-3.4458935E-03,1.5180558E-03)  (1.3911631E-04,1.6018748E-03)  
 (-3.1664968E-03,4.7311187E-03)
    1.000000       -2.000000       -1.000000      
 (1.1734664E-03,-5.5879354E-04)  (-3.4051482E-05,-5.9604645E-04)  
 (1.2386590E-03,6.3329935E-04)
    1.000000       -1.000000       -2.000000      
 (2.0023435E-03,-1.0523945E-03)  (-3.4831464E-03,9.2666596E-04)  
 (2.7380884E-03,-9.9185854E-04)
    1.000000       -1.000000       -1.000000      
 (-5.5320561E-03,3.8743019E-03)  (-1.9744039E-03,-1.1990778E-04)  
 (-3.5576522E-03,4.0046871E-03)
    2.000000        0.000000       -1.000000      (2.2072345E-03,1.1874363E-03)
   (7.7858567E-03,3.9115548E-03)  (4.4144690E-03,2.3748726E-03)
    2.000000        1.000000       -1.000000      
 (-1.1641532E-03,-1.8253922E-03)  (8.5681677E-04,6.2631443E-04)  
 (-1.4668331E-03,-3.0267984E-03)
    2.000000       -1.000000       -1.000000      
 (-9.6391886E-04,1.3038516E-03)  (-6.0535967E-04,2.8312206E-03)  
 (-1.3224781E-03,-2.2700988E-04)
