    0.000000        0.000000       -2.000000      (7.7113509E-03,3.1851232E-03)
   (3.8370490E-03,-2.0256266E-03)  (0.000000,0.000000)
    0.000000        0.000000       -1.000000      
 (2.3245811E-02,-1.2181699E-02)  (-2.5983900E-03,2.1308661E-02)  
 (0.000000,0.000000)
    0.000000        1.000000       -2.000000      
 (-7.4319541E-03,-1.8859282E-03)  (-1.0419171E-04,-4.8801303E-03)  
 (-5.2095857E-05,-2.4400651E-03)
    0.000000        1.000000       -1.000000      (8.4936619E-03,1.1324883E-02)
   (-2.8312206E-03,3.1944364E-03)  (-2.8312206E-03,3.1944364E-03)
    0.000000        2.000000       -1.000000      
 (-1.0728836E-02,6.3888729E-03)  (-2.9150397E-03,-9.0338290E-04)  
 (-5.8300793E-03,-1.8067658E-03)
    0.000000       -2.000000       -1.000000      (8.6799264E-03,1.2991950E-03)
   (-6.1583705E-04,2.5192276E-03)  (1.2316741E-03,-5.0384551E-03)
    0.000000       -1.000000       -2.000000      
 (-7.8417361E-03,1.5925616E-03)  (-8.1025064E-03,-3.5390258E-04)  
 (4.0512532E-03,1.7695129E-04)
    0.000000       -1.000000       -1.000000      (3.6507845E-03,2.1606684E-03)
   (7.3574483E-03,6.5565109E-03)  (-7.3574483E-03,-6.5565109E-03)
    1.000000        0.000000       -2.000000      (4.9639493E-03,4.6566129E-03)
   (-2.6170164E-03,8.0093741E-03)  (2.4819747E-03,2.3283064E-03)
    1.000000        0.000000       -1.000000      (4.0046871E-03,2.2060703E-04)
   (9.5367432E-03,-1.5320256E-03)  (4.0046871E-03,2.2060703E-04)
    1.000000        1.000000       -2.000000      
 (-3.4831464E-03,-3.4831464E-03)  (3.1385571E-03,-1.0617077E-02)  
 (-1.7404091E-04,-7.0594251E-03)
    1.000000        1.000000       -1.000000      
 (-8.1025064E-03,-5.2712858E-03)  (4.3120235E-03,-4.0978193E-04)  
 (-3.7811697E-03,-5.6810677E-03)
    1.000000        2.000000       -1.000000      
 (-8.2701445E-03,-3.9394945E-03)  (1.4668331E-03,1.7322600E-03)  
 (-5.3457916E-03,-4.7381036E-04)
    1.000000       -2.000000       -1.000000      
 (-9.3132257E-05,-5.2340329E-03)  (-9.2200935E-04,-3.7159771E-03)  
 (1.7508864E-03,2.1839514E-03)
    1.000000       -1.000000       -2.000000      (3.0640513E-03,2.3422763E-03)
   (-1.4901161E-03,2.1187589E-03)  (2.2770837E-03,1.1263182E-04)
    1.000000       -1.000000       -1.000000      
 (-6.9104135E-03,1.8207356E-03)  (-7.9721212E-03,1.1059456E-03)  
 (1.0523945E-03,7.1246177E-04)
    2.000000        0.000000       -1.000000      
 (-1.4062971E-03,3.2689422E-03)  (-4.3027103E-03,5.6810677E-03)  
 (-2.8125942E-03,6.5378845E-03)
    2.000000        1.000000       -1.000000      (7.7066943E-04,1.1897646E-03)
   (3.3155084E-03,-6.3516200E-03)  (4.8615038E-03,-3.9674342E-03)
    2.000000       -1.000000       -1.000000      
 (-7.1944669E-04,-9.7788870E-04)  (1.7182902E-03,1.8673018E-03)  
 (-3.1571835E-03,-3.8184226E-03)
