    0.000000        0.000000       -2.000000      (2.3562461E-03,2.3050234E-04)
   (3.0547380E-03,-2.7194619E-03)  (0.000000,0.000000)
    0.000000        0.000000       -1.000000      
 (2.2649765E-02,-1.2554228E-02)  (-1.4603138E-02,1.8030405E-02)  
 (0.000000,0.000000)
    0.000000        1.000000       -2.000000      
 (-7.1525574E-03,1.0058284E-03)  (-2.2724271E-03,2.8125942E-03)  
 (-1.1362135E-03,1.4062971E-03)
    0.000000        1.000000       -1.000000      (9.7975135E-03,3.9674342E-03)
   (-8.6612999E-04,6.2212348E-03)  (-8.6612999E-04,6.2212348E-03)
    0.000000        2.000000       -1.000000      
 (-5.2712858E-03,6.1281025E-03)  (-1.0430813E-03,2.2584572E-04)  
 (-2.0861626E-03,4.5169145E-04)
    0.000000       -2.000000       -1.000000      (2.0768493E-03,1.6856939E-03)
   (-8.9406967E-04,4.1443855E-04)  (1.7881393E-03,-8.2887709E-04)
    0.000000       -1.000000       -2.000000      
 (-4.7124922E-03,8.9872628E-04)  (-6.6123903E-04,2.2165477E-03)  
 (3.3061951E-04,-1.1082739E-03)
    0.000000       -1.000000       -1.000000      
 (6.5192580E-03,-8.7916851E-03)  (4.8801303E-03,4.2654574E-03)  
 (-4.8801303E-03,-4.2654574E-03)
    1.000000        0.000000       -2.000000      (4.2095780E-03,9.2666596E-04)
   (-3.5390258E-03,1.0058284E-03)  (2.1047890E-03,4.6333298E-04)
    1.000000        0.000000       -1.000000      
 (3.2503158E-03,-1.7043203E-03)  (4.5821071E-03,-7.9348683E-03)  
 (3.2503158E-03,-1.7043203E-03)
    1.000000        1.000000       -2.000000      
 (-2.4959445E-03,2.0489097E-03)  (-2.3003668E-03,-6.4447522E-03)  
 (-2.4028122E-03,-2.2072345E-03)
    1.000000        1.000000       -1.000000      
 (-4.6566129E-03,2.1513551E-03)  (2.2072345E-03,-1.2293458E-03)  
 (-2.4586916E-03,9.2200935E-04)
    1.000000        2.000000       -1.000000      
 (-3.2596290E-03,1.4668331E-03)  (1.1932570E-04,1.5366822E-03)  
 (-3.0081719E-03,4.5448542E-03)
    1.000000       -2.000000       -1.000000      
 (1.1222437E-03,-5.2154064E-04)  (-2.8230716E-05,-6.0303137E-04)  
 (1.1781231E-03,6.8685040E-04)
    1.000000       -1.000000       -2.000000      
 (1.8905848E-03,-1.0291114E-03)  (-3.3900142E-03,9.1269612E-04)  
 (2.6356429E-03,-9.6857548E-04)
    1.000000       -1.000000       -1.000000      
 (-5.2899122E-03,3.7625432E-03)  (-1.8440187E-03,-1.3445970E-04)  
 (-3.4272671E-03,3.8929284E-03)
    2.000000        0.000000       -1.000000      (2.1234155E-03,1.0989606E-03)
   (7.5250864E-03,3.7439167E-03)  (4.2468309E-03,2.1979213E-03)
    2.000000        1.000000       -1.000000      
 (-1.1269003E-03,-1.7601997E-03)  (7.9162419E-04,7.0314854E-04)  
 (-1.4575198E-03,-2.8219074E-03)
    2.000000       -1.000000       -1.000000      
 (-9.4994903E-04,1.2246892E-03)  (-6.3795596E-04,2.6822090E-03)  
 (-1.2619421E-03,-2.3166649E-04)
