    0.000000        0.000000       -2.000000      (7.9907477E-03,1.8579885E-03)
   (5.9604645E-03,-4.1630119E-03)  (0.000000,0.000000)
    0.000000        0.000000       -1.000000      
 (2.1830201E-02,-1.1958182E-02)  (-6.9290400E-03,1.7732382E-02)  
 (0.000000,0.000000)
    0.000000        1.000000       -2.000000      
 (-1.2926757E-02,-2.9429793E-03)  (-1.8347055E-03,-3.3620745E-03)  
 (-9.1735274E-04,-1.6810372E-03)
    0.000000        1.000000       -1.000000      (6.4820051E-03,7.5250864E-03)
   (-2.3376197E-03,4.0419400E-03)  (-2.3376197E-03,4.0419400E-03)
    0.000000        2.000000       -1.000000      
 (-1.3075769E-02,1.1026859E-02)  (-4.1536987E-03,-1.1408702E-03)  
 (-8.3073974E-03,-2.2817403E-03)
    0.000000       -2.000000       -1.000000      (1.1399388E-02,3.2875687E-03)
   (-9.6915755E-05,2.2770837E-03)  (1.9383151E-04,-4.5541674E-03)
    0.000000       -1.000000       -2.000000      
 (-8.3073974E-03,2.5704503E-03)  (-6.7427754E-03,6.1234459E-04)  
 (3.3713877E-03,-3.0617230E-04)
    0.000000       -1.000000       -1.000000      
 (4.0978193E-03,-1.0896474E-03)  (6.7427754E-03,5.1595271E-03)  
 (-6.7427754E-03,-5.1595271E-03)
    1.000000        0.000000       -2.000000      (8.3446503E-03,3.4365803E-03)
   (-2.6077032E-03,6.3516200E-03)  (4.1723251E-03,1.7182902E-03)
    1.000000        0.000000       -1.000000      
 (4.0233135E-03,-4.0163286E-04)  (8.4936619E-03,-3.2689422E-03)  
 (4.0233135E-03,-4.0163286E-04)
    1.000000        1.000000       -2.000000      
 (-3.0267984E-03,-1.6437843E-03)  (-8.3819032E-04,-1.3783574E-02)  
 (-1.9324943E-03,-7.7113509E-03)
    1.000000        1.000000       -1.000000      
 (-8.4377825E-03,-3.2968819E-03)  (2.6635826E-03,-1.0035001E-03)  
 (-5.7835132E-03,-4.2933971E-03)
    1.000000        2.000000       -1.000000      
 (-9.9092722E-03,-2.0582229E-03)  (1.9324943E-03,2.8172508E-03)  
 (-6.0349703E-03,3.5762787E-03)
    1.000000       -2.000000       -1.000000      
 (-6.8917871E-04,-6.1094761E-03)  (-1.4086254E-03,-2.8591603E-03)  
 (2.1280721E-03,-3.8184226E-04)
    1.000000       -1.000000       -2.000000      (5.0198287E-03,1.6484410E-03)
   (-4.1350722E-03,2.3702160E-03)  (4.5821071E-03,-3.6088750E-04)
    1.000000       -1.000000       -1.000000      
 (-9.9465251E-03,3.5483390E-03)  (-7.7299774E-03,7.0198439E-04)  
 (-2.2165477E-03,2.8498471E-03)
    2.000000        0.000000       -1.000000      (7.2061084E-04,4.7497451E-03)
   (3.8184226E-03,7.6182187E-03)  (1.4412217E-03,9.4994903E-03)
    2.000000        1.000000       -1.000000      
 (-3.2305252E-04,-9.4063580E-04)  (4.3306500E-03,-6.4074993E-03)  
 (3.6880374E-03,-8.2887709E-03)
    2.000000       -1.000000       -1.000000      
 (-1.9045547E-03,1.6437843E-03)  (4.3655746E-04,5.9045851E-03)  
 (-4.2468309E-03,-2.6170164E-03)
