   0.00000000       0.00000000       1.00000000     (  2.48104334E-02,  4.26545739E-03) (  3.35276127E-02, -3.00258398E-02) (  0.00000000    ,  0.00000000    )
   0.00000000       0.00000000       2.00000000     ( -3.53902578E-04,  2.19792128E-03) (  1.73225999E-03,  6.98491931E-04) (  0.00000000    ,  0.00000000    )
   0.00000000       1.00000000       0.00000000     ( -1.88872218E-02, -5.49480319E-04) (  0.00000000    ,  0.00000000    ) (  4.84287739E-03,  1.65775418E-02)
   0.00000000       1.00000000       1.00000000     (  8.25151801E-03,  8.45640898E-03) ( -2.79862434E-03, -7.35744834E-03) (  2.79862434E-03,  7.35744834E-03)
   0.00000000       1.00000000       2.00000000     (  1.49011612E-03,  2.49128789E-04) (  8.38190317E-04, -4.93600965E-04) ( -4.19095159E-04,  2.46800482E-04)
   0.00000000       2.00000000       0.00000000     ( -4.98257577E-04, -1.91852450E-03) (  0.00000000    ,  0.00000000    ) (  2.14204192E-03, -2.42143869E-03)
   0.00000000       2.00000000       1.00000000     ( -1.10827386E-03, -1.65309757E-04) (  7.54371285E-04, -3.72529030E-04) ( -1.50874257E-03,  7.45058060E-04)
   0.00000000      -2.00000000       0.00000000     ( -4.98257577E-04,  1.91852450E-03) (  0.00000000    ,  0.00000000    ) (  2.14204192E-03,  2.42143869E-03)
   0.00000000      -2.00000000       1.00000000     (  2.68220901E-03, -2.81725079E-04) (  3.58559191E-04, -5.52972779E-05) (  7.17118382E-04, -1.10594556E-04)
   0.00000000      -1.00000000       0.00000000     ( -1.88872218E-02,  5.49480319E-04) (  0.00000000    ,  0.00000000    ) (  4.84287739E-03, -1.65775418E-02)
   0.00000000      -1.00000000       1.00000000     (  2.93366611E-03, -3.18139791E-02) ( -3.03611159E-03,  3.46451998E-03) ( -3.03611159E-03,  3.46451998E-03)
   0.00000000      -1.00000000       2.00000000     ( -1.95577741E-04,  1.88592821E-04) (  4.14438546E-04,  6.70552254E-04) (  2.07219273E-04,  3.35276127E-04)
   1.00000000       0.00000000       0.00000000     (  0.00000000    ,  0.00000000    ) ( -1.50501728E-02,  1.68010592E-02) (  3.30805779E-02,  2.14949250E-02)
   1.00000000       0.00000000       1.00000000     (  1.56462193E-03, -3.76254320E-03) ( -3.40491533E-02, -8.26548785E-04) ( -1.56462193E-03,  3.76254320E-03)
   1.00000000       0.00000000       2.00000000     (  2.61934474E-05, -1.43423676E-03) ( -1.28522515E-03, -1.21071935E-03) ( -1.30967237E-05,  7.17118382E-04)
   1.00000000       1.00000000       0.00000000     (  3.13855708E-03,  3.92086804E-03) ( -3.13855708E-03, -3.92086804E-03) ( -1.10082328E-02,  1.29267573E-02)
   1.00000000       1.00000000       1.00000000     ( -1.08964741E-03,  1.11758709E-03) (  1.86264515E-03,  3.43425199E-05) ( -7.63684511E-04, -1.14552677E-03)
   1.00000000       1.00000000       2.00000000     (  1.02445483E-03,  2.42143869E-04) ( -1.51339918E-04, -2.67755240E-04) ( -4.33064997E-04,  1.22236088E-05)
   1.00000000       2.00000000       0.00000000     (  1.37370080E-04, -4.79631126E-04) ( -6.86850399E-05,  2.39815563E-04) ( -1.52736902E-03, -3.35276127E-04)
   1.00000000       2.00000000       1.00000000     ( -1.91852450E-03, -6.42612576E-04) (  1.30385160E-03,  4.19095159E-04) ( -6.79865479E-04, -1.90921128E-04)
   1.00000000      -2.00000000       0.00000000     (  7.26431608E-04,  1.00582838E-03) (  3.63215804E-04,  5.02914190E-04) (  9.59262252E-04,  1.30385160E-03)
   1.00000000      -2.00000000       1.00000000     (  5.54136932E-04, -9.49949026E-04) (  2.51457095E-04, -7.35744834E-04) ( -5.47152013E-05, -5.21540642E-04)
   1.00000000      -1.00000000       0.00000000     ( -1.40629709E-03, -1.33365393E-02) ( -1.40629709E-03, -1.33365393E-02) ( -1.38580799E-02,  2.25007534E-02)
   1.00000000      -1.00000000       1.00000000     ( -1.54599547E-03, -4.00468707E-04) (  7.91624188E-04,  2.68220901E-03) (  2.34693289E-03,  3.05473804E-03)
   1.00000000      -1.00000000       2.00000000     (  2.03028321E-03, -2.03028321E-03) (  6.51925802E-04, -6.33299351E-04) ( -6.89178705E-04,  6.98491931E-04)
   2.00000000       0.00000000       0.00000000     (  0.00000000    ,  0.00000000    ) ( -1.84401870E-03, -2.23517418E-03) (  9.40635800E-04, -1.78813934E-03)
   2.00000000       0.00000000       1.00000000     ( -6.42612576E-04,  1.05239451E-03) ( -4.42378223E-04, -1.24797225E-03) (  1.28522515E-03, -2.10478902E-03)
   2.00000000       1.00000000       0.00000000     (  4.23751771E-04, -7.91624188E-04) ( -8.47503543E-04,  1.58324838E-03) (  8.28877091E-04, -1.22934580E-03)
   2.00000000       1.00000000       1.00000000     ( -2.18860805E-04, -2.93366611E-04) ( -6.42612576E-04,  2.19792128E-03) (  1.08033419E-03, -1.62050128E-03)
   2.00000000      -1.00000000       0.00000000     (  4.37721610E-04, -8.66129994E-04) (  8.75443220E-04, -1.73225999E-03) (  6.05359674E-04, -5.63450158E-04)
   2.00000000      -1.00000000       1.00000000     (  9.03382897E-04, -1.16415322E-04) (  2.06753612E-03, -2.16532499E-04) (  2.53785402E-04,  1.48429535E-05)
