    0.000000        0.000000       -2.000000      (6.7614019E-03,1.5599653E-03)
   (6.1467290E-03,-4.8708171E-03)  (0.000000,0.000000)
    0.000000        0.000000       -1.000000      
 (2.1010637E-02,-1.1585653E-02)  (-8.9406967E-03,1.6391277E-02)  
 (0.000000,0.000000)
    0.000000        1.000000       -2.000000      
 (-1.3560057E-02,-1.7089769E-03)  (-2.6682392E-03,-7.2875991E-04)  
 (-1.3341196E-03,-3.6437996E-04)
    0.000000        1.000000       -1.000000      (6.4447522E-03,5.7183206E-03)
   (-1.8067658E-03,4.5076013E-03)  (-1.8067658E-03,4.5076013E-03)
    0.000000        2.000000       -1.000000      
 (-1.2665987E-02,1.1511147E-02)  (-3.7439167E-03,-1.0593794E-03)  
 (-7.4878335E-03,-2.1187589E-03)
    0.000000       -2.000000       -1.000000      (9.9837780E-03,3.0267984E-03)
   (-3.7951395E-04,1.8626451E-03)  (7.5902790E-04,-3.7252903E-03)
    0.000000       -1.000000       -2.000000      
 (-8.2515180E-03,2.4726614E-03)  (-4.8428774E-03,1.5599653E-03)  
 (2.4214387E-03,-7.7998266E-04)
    0.000000       -1.000000       -1.000000      
 (4.3399632E-03,-2.9802322E-03)  (5.9977174E-03,4.5448542E-03)  
 (-5.9977174E-03,-4.5448542E-03)
    1.000000        0.000000       -2.000000      (8.6612999E-03,2.7008355E-03)
   (-3.8091093E-03,4.4703484E-03)  (4.3306500E-03,1.3504177E-03)
    1.000000        0.000000       -1.000000      
 (3.7625432E-03,-7.6368451E-04)  (7.2643161E-03,-4.3958426E-03)  
 (3.7625432E-03,-7.6368451E-04)
    1.000000        1.000000       -2.000000      
 (-3.3993274E-03,-1.9557774E-04)  (-2.8777868E-03,-1.3485551E-02)  
 (-3.1385571E-03,-6.8359077E-03)
    1.000000        1.000000       -1.000000      
 (-8.2515180E-03,-7.9628080E-04)  (2.1560118E-03,-1.4668331E-03)  
 (-6.0908496E-03,-2.2631139E-03)
    1.000000        2.000000       -1.000000      
 (-8.9220703E-03,-8.0763130E-05)  (1.5087426E-03,2.8591603E-03)  
 (-5.9045851E-03,5.6345016E-03)
    1.000000       -2.000000       -1.000000      
 (5.0058588E-04,-4.2561442E-03)  (-7.1944669E-04,-1.5599653E-03)  
 (1.9371510E-03,-1.1315569E-03)
    1.000000       -1.000000       -2.000000      (4.8708171E-03,3.2479875E-04)
   (-4.3399632E-03,1.5879050E-03)  (4.6007335E-03,-6.3213520E-04)
    1.000000       -1.000000       -1.000000      
 (-1.0263175E-02,4.4889748E-03)  (-6.3702464E-03,4.0512532E-04)  
 (-3.8929284E-03,4.0791929E-03)
    2.000000        0.000000       -1.000000      (2.0302832E-03,4.2282045E-03)
   (7.7486038E-03,7.5995922E-03)  (4.0605664E-03,8.4564090E-03)
    2.000000        1.000000       -1.000000      
 (-1.0943040E-03,-1.9324943E-03)  (3.8929284E-03,-4.8242509E-03)  
 (1.7043203E-03,-8.6985528E-03)
    2.000000       -1.000000       -1.000000      
 (-1.6018748E-03,2.5518239E-03)  (2.4796464E-04,6.3329935E-03)  
 (-3.4552068E-03,-1.2223609E-03)
