   0.00000000       0.00000000       1.00000000     (  1.43051147E-02, -8.47503543E-03) (  4.23192978E-02, -1.38208270E-02) (  0.00000000    ,  0.00000000    )
   0.00000000       0.00000000       2.00000000     ( -1.30385160E-04,  7.45058060E-05) (  1.11758709E-04, -1.74622983E-06) (  0.00000000    ,  0.00000000    )
   0.00000000       1.00000000       0.00000000     ( -3.69735062E-03, -4.29339707E-03) (  0.00000000    ,  0.00000000    ) (  1.31130219E-02,  9.61124897E-03)
   0.00000000       1.00000000       1.00000000     (  9.22009349E-03,  8.84756446E-03) (  6.06523827E-04, -1.53668225E-03) ( -6.06523827E-04,  1.53668225E-03)
   0.00000000       1.00000000       2.00000000     ( -2.32830644E-05,  4.65661287E-05) (  4.65661287E-05, -2.79396772E-05) ( -2.32830644E-05,  1.39698386E-05)
   0.00000000       2.00000000       0.00000000     ( -5.58793545E-05, -6.51925802E-05) (  0.00000000    ,  0.00000000    ) (  9.31322575E-05, -1.86264515E-05)
   0.00000000       2.00000000       1.00000000     ( -1.30385160E-04,  2.32830644E-05) (  3.25962901E-05,  2.32830644E-05) ( -6.51925802E-05, -4.65661287E-05)
   0.00000000      -2.00000000       0.00000000     ( -5.58793545E-05,  6.51925802E-05) (  0.00000000    ,  0.00000000    ) (  9.31322575E-05,  1.86264515E-05)
   0.00000000      -2.00000000       1.00000000     (  3.72529030E-05,  1.39698386E-05) (  3.72529030E-05,  5.58793545E-05) (  7.45058060E-05,  1.11758709E-04)
   0.00000000      -1.00000000       0.00000000     ( -3.69735062E-03,  4.29339707E-03) (  0.00000000    ,  0.00000000    ) (  1.31130219E-02, -9.61124897E-03)
   0.00000000      -1.00000000       1.00000000     ( -6.16535544E-03, -2.96533108E-02) ( -9.29459929E-03,  3.01748514E-03) ( -9.29459929E-03,  3.01748514E-03)
   0.00000000      -1.00000000       2.00000000     ( -7.45058060E-05,  1.39698386E-05) ( -2.32830644E-05,  2.32830644E-05) ( -1.16415322E-05,  1.16415322E-05)
   1.00000000       0.00000000       0.00000000     (  0.00000000    ,  0.00000000    ) ( -2.95788050E-02,  2.27987766E-02) (  2.01910734E-02,  3.20374966E-03)
   1.00000000       0.00000000       1.00000000     ( -3.93949449E-03,  6.20493665E-04) ( -1.86264515E-02, -1.70990825E-02) (  3.93949449E-03, -6.20493665E-04)
   1.00000000       0.00000000       2.00000000     (  9.31322575E-05,  3.25962901E-05) ( -6.51925802E-05, -4.65661287E-05) ( -4.65661287E-05, -1.62981451E-05)
   1.00000000       1.00000000       0.00000000     (  1.65309757E-03,  4.60073352E-03) ( -1.65309757E-03, -4.60073352E-03) ( -6.25848770E-03,  1.20326877E-02)
   1.00000000       1.00000000       1.00000000     ( -3.72529030E-05, -4.65661287E-05) (  1.49011612E-04,  4.65661287E-06) ( -1.11758709E-04,  3.72529030E-05)
   1.00000000       1.00000000       2.00000000     (  1.86264515E-04, -2.79396772E-05) ( -5.58793545E-05, -9.31322575E-05) ( -6.51925802E-05,  5.58793545E-05)
   1.00000000       2.00000000       0.00000000     ( -9.31322575E-06, -9.31322575E-06) (  4.65661287E-06,  4.65661287E-06) (  6.51925802E-05, -2.32830644E-05)
   1.00000000       2.00000000       1.00000000     (  1.86264515E-05, -1.62981451E-05) (  4.65661287E-05, -1.16415322E-05) ( -1.11758709E-04,  3.72529030E-05)
   1.00000000      -2.00000000       0.00000000     (  3.25962901E-05, -3.72529030E-05) (  1.62981451E-05, -1.86264515E-05) (  4.65661287E-05,  9.31322575E-05)
   1.00000000      -2.00000000       1.00000000     (  9.31322575E-05,  5.58793545E-05) (  1.39698386E-05,  2.79396772E-05) ( -5.58793545E-05,  5.82076609E-06)
   1.00000000      -1.00000000       0.00000000     (  4.26080078E-04, -5.47617674E-03) (  4.26080078E-04, -5.47617674E-03) ( -9.03382897E-03,  3.42726707E-02)
   1.00000000      -1.00000000       1.00000000     ( -1.86264515E-04, -7.45058060E-05) (  9.09494702E-08,  1.49011612E-04) (  1.86264515E-04,  2.23517418E-04)
   1.00000000      -1.00000000       2.00000000     (  7.45058060E-05, -9.31322575E-06) (  5.58793545E-05, -7.45058060E-05) ( -1.16415322E-05, -3.25962901E-05)
   2.00000000       0.00000000       0.00000000     (  0.00000000    ,  0.00000000    ) ( -4.65661287E-05, -1.30385160E-04) (  5.58793545E-05, -1.62981451E-05)
   2.00000000       0.00000000       1.00000000     (  1.16415322E-05, -7.27595761E-07) ( -1.86264515E-05, -4.65661287E-05) ( -2.32830644E-05,  1.45519152E-06)
   2.00000000       1.00000000       0.00000000     ( -3.25962901E-05, -2.32830644E-05) (  6.51925802E-05,  4.65661287E-05) (  8.14907253E-06, -7.45058060E-05)
   2.00000000       1.00000000       1.00000000     ( -9.31322575E-06,  1.86264515E-05) (  6.51925802E-05, -2.79396772E-05) ( -4.65661287E-05, -1.16415322E-05)
   2.00000000      -1.00000000       0.00000000     (  2.79396772E-05,  9.31322575E-06) (  5.58793545E-05,  1.86264515E-05) (  3.72529030E-05,  1.62981451E-05)
   2.00000000      -1.00000000       1.00000000     (  2.32830644E-05,  5.58793545E-05) (  6.51925802E-05,  4.65661287E-05) (  1.62981451E-05, -6.51925802E-05)
