   0.00000000       0.00000000       1.00000000     (  2.55554914E-02,  1.11386180E-02) (  1.03935599E-02, -3.00258398E-02) (  0.00000000    ,  0.00000000    )
   0.00000000       0.00000000       2.00000000     (  3.37138772E-03, -4.17232513E-03) ( -2.44006515E-03,  3.37604433E-04) (  0.00000000    ,  0.00000000    )
   0.00000000       1.00000000       0.00000000     ( -9.03382897E-03,  7.93486834E-03) (  0.00000000    ,  0.00000000    ) (  2.30967999E-03,  2.27708369E-03)
   0.00000000       1.00000000       1.00000000     (  4.73111868E-03, -5.12227416E-03) (  3.70666385E-03, -9.76026058E-03) ( -3.70666385E-03,  9.76026058E-03)
   0.00000000       1.00000000       2.00000000     ( -4.93600965E-03,  1.19209290E-03) ( -2.10478902E-03,  8.26548785E-05) (  1.05239451E-03, -4.13274392E-05)
   0.00000000       2.00000000       0.00000000     ( -3.40864062E-03, -2.90572643E-03) (  0.00000000    ,  0.00000000    ) ( -3.98606062E-03,  6.86850399E-04)
   0.00000000       2.00000000       1.00000000     (  1.60187483E-03,  4.17232513E-03) ( -1.79745257E-03, -1.10827386E-03) (  3.59490514E-03,  2.21654773E-03)
   0.00000000      -2.00000000       0.00000000     ( -3.40864062E-03,  2.90572643E-03) (  0.00000000    ,  0.00000000    ) ( -3.98606062E-03, -6.86850399E-04)
   0.00000000      -2.00000000       1.00000000     ( -8.15838575E-03,  2.07684934E-03) ( -1.40164047E-03,  1.17346644E-03) ( -2.80328095E-03,  2.34693289E-03)
   0.00000000      -1.00000000       0.00000000     ( -9.03382897E-03, -7.93486834E-03) (  0.00000000    ,  0.00000000    ) (  2.30967999E-03, -2.27708369E-03)
   0.00000000      -1.00000000       1.00000000     (  1.53481960E-02, -1.78813934E-02) (  9.80799086E-05, -1.56927854E-03) (  9.80799086E-05, -1.56927854E-03)
   0.00000000      -1.00000000       2.00000000     (  4.35393304E-04, -2.35624611E-03) (  6.05359674E-04, -1.72294676E-03) (  3.02679837E-04, -8.61473382E-04)
   1.00000000       0.00000000       0.00000000     (  0.00000000    ,  0.00000000    ) ( -1.54599547E-02,  7.45058060E-03) (  2.92062759E-02,  2.45124102E-02)
   1.00000000       0.00000000       1.00000000     (  4.63798642E-03, -2.51457095E-03) ( -3.01003456E-02,  1.49384141E-02) ( -4.63798642E-03,  2.51457095E-03)
   1.00000000       0.00000000       2.00000000     (  1.22003257E-03,  2.48663127E-03) (  6.44475222E-03,  2.68220901E-03) ( -6.10016286E-04, -1.24331564E-03)
   1.00000000       1.00000000       0.00000000     (  5.84870577E-03,  4.86150384E-03) ( -5.84870577E-03, -4.86150384E-03) ( -9.12696123E-03,  6.76140189E-03)
   1.00000000       1.00000000       1.00000000     ( -2.35624611E-03, -1.38767064E-03) (  1.13621354E-03,  4.12110239E-04) (  1.22003257E-03,  9.77888703E-04)
   1.00000000       1.00000000       2.00000000     ( -4.14438546E-04, -1.70432031E-03) ( -3.52039933E-03, -9.42964107E-05) (  1.96509063E-03,  8.98726285E-04)
   1.00000000       2.00000000       0.00000000     ( -1.34576112E-03,  4.88013029E-03) (  6.72880560E-04, -2.44006515E-03) ( -5.12227416E-04,  2.44006515E-03)
   1.00000000       2.00000000       1.00000000     (  4.63798642E-03,  1.29919499E-03) ( -3.52039933E-03, -1.84401870E-03) (  2.41212547E-03,  2.37487257E-03)
   1.00000000      -2.00000000       0.00000000     (  3.34111974E-04, -2.36555934E-03) (  1.67055987E-04, -1.18277967E-03) ( -1.06636435E-03,  2.19792128E-03)
   1.00000000      -2.00000000       1.00000000     ( -7.26431608E-04,  1.89989805E-03) ( -1.08033419E-03,  2.36555934E-03) ( -1.43423676E-03,  2.83122063E-03)
   1.00000000      -1.00000000       0.00000000     ( -5.94183803E-03, -1.18836761E-02) ( -5.94183803E-03, -1.18836761E-02) ( -6.91041350E-03,  7.28294253E-03)
   1.00000000      -1.00000000       1.00000000     (  1.77882612E-03,  3.42726707E-03) ( -1.97440386E-03,  1.10827386E-03) ( -3.76254320E-03, -2.31899321E-03)
   1.00000000      -1.00000000       2.00000000     (  2.09547579E-03,  2.90572643E-03) (  3.53902578E-03,  2.84984708E-03) (  7.21774995E-04, -3.34694050E-05)
   2.00000000       0.00000000       0.00000000     (  0.00000000    ,  0.00000000    ) (  6.03497028E-03, -1.45286322E-03) ( -3.65078449E-03,  1.88592821E-04)
   2.00000000       0.00000000       1.00000000     ( -1.12690032E-03, -1.92783773E-03) (  8.84756446E-04,  4.97326255E-03) (  2.25380063E-03,  3.85567546E-03)
   2.00000000       1.00000000       0.00000000     ( -2.13272870E-03,  2.08383426E-04) (  4.26545739E-03, -4.16766852E-04) (  8.03265721E-05, -6.51925802E-03)
   2.00000000       1.00000000       1.00000000     (  1.14087015E-04,  1.96509063E-03) ( -8.98726285E-04, -3.74391675E-03) (  6.68223947E-04, -1.83936208E-04)
   2.00000000      -1.00000000       0.00000000     (  1.15018338E-03,  1.42492354E-03) (  2.30036676E-03,  2.84984708E-03) ( -1.57742761E-04,  1.49942935E-03)
   2.00000000      -1.00000000       1.00000000     ( -2.27242708E-03,  6.21657819E-04) ( -1.71363354E-03, -7.35744834E-04) (  2.83122063E-03, -1.97440386E-03)
