    0.000000        0.000000       -2.000000      (7.0966780E-03,3.3900142E-03)
   (3.0174851E-03,-1.7043203E-03)  (0.000000,0.000000)
    0.000000        0.000000       -1.000000      
 (2.3394823E-02,-1.2107193E-02)  (-1.6065314E-03,2.2128224E-02)  
 (0.000000,0.000000)
    0.000000        1.000000       -2.000000      
 (-5.8114529E-03,-1.1408702E-03)  (1.4289981E-04,-4.4051558E-03)  
 (7.1449904E-05,-2.2025779E-03)
    0.000000        1.000000       -1.000000      (9.1642141E-03,1.2032688E-02)
   (-2.7753413E-03,2.9895455E-03)  (-2.7753413E-03,2.9895455E-03)
    0.000000        2.000000       -1.000000      
 (-9.7230077E-03,4.8987567E-03)  (-2.3655593E-03,-8.7777153E-04)  
 (-4.7311187E-03,-1.7555431E-03)
    0.000000       -2.000000       -1.000000      (7.3947012E-03,4.0745363E-04)
   (-8.3120540E-04,2.4400651E-03)  (1.6624108E-03,-4.8801303E-03)
    0.000000       -1.000000       -2.000000      
 (-7.3947012E-03,1.2852252E-03)  (-7.5437129E-03,-4.2375177E-04)  
 (3.7718564E-03,2.1187589E-04)
    0.000000       -1.000000       -1.000000      (3.5203993E-03,2.7474016E-03)
   (7.2829425E-03,6.8359077E-03)  (-7.2829425E-03,-6.8359077E-03)
    1.000000        0.000000       -2.000000      (4.0046871E-03,4.5821071E-03)
   (-2.7846545E-03,7.7486038E-03)  (2.0023435E-03,2.2910535E-03)
    1.000000        0.000000       -1.000000      (3.9301813E-03,3.0384399E-04)
   (9.3877316E-03,-1.2852252E-03)  (3.9301813E-03,3.0384399E-04)
    1.000000        1.000000       -2.000000      
 (-3.5855919E-03,-3.4924597E-03)  (3.6507845E-03,-9.2759728E-03)  
 (3.1795935E-05,-6.3888729E-03)
    1.000000        1.000000       -1.000000      
 (-7.6740980E-03,-4.9732625E-03)  (4.4982880E-03,-3.1548552E-04)  
 (-3.1758100E-03,-5.2899122E-03)
    1.000000        2.000000       -1.000000      
 (-7.1711838E-03,-3.4831464E-03)  (1.2107193E-03,1.4575198E-03)  
 (-4.7497451E-03,-5.6694262E-04)
    1.000000       -2.000000       -1.000000      
 (2.3632310E-04,-4.5541674E-03)  (-5.1339157E-04,-3.5203993E-03)  
 (1.2619421E-03,2.4773180E-03)
    1.000000       -1.000000       -2.000000      (2.3096800E-03,1.9883737E-03)
   (-7.6834112E-04,1.5739352E-03)  (1.5413389E-03,2.0663720E-04)
    1.000000       -1.000000       -1.000000      
 (-5.9418380E-03,1.4621764E-03)  (-7.3947012E-03,1.0244548E-03)  
 (1.4528632E-03,4.4121407E-04)
    2.000000        0.000000       -1.000000      
 (-1.5972182E-03,2.6449561E-03)  (-5.4016709E-03,4.9360096E-03)  
 (-3.1944364E-03,5.2899122E-03)
    2.000000        1.000000       -1.000000      (8.5448846E-04,1.3876706E-03)
   (2.7846545E-03,-5.7742000E-03)  (4.4982880E-03,-2.9988587E-03)
    2.000000       -1.000000       -1.000000      
 (-3.0384399E-04,-1.3038516E-03)  (1.8859282E-03,8.6612999E-04)  
 (-2.4866313E-03,-3.4738332E-03)
