   0.00000000       0.00000000       1.00000000     (  2.79396772E-02,  1.02631748E-02) (  1.91107392E-02, -3.41981649E-02) (  0.00000000    ,  0.00000000    )
   0.00000000       0.00000000       2.00000000     (  1.01514161E-03, -2.70083547E-03) ( -1.99303031E-03, -4.61004674E-04) (  0.00000000    ,  0.00000000    )
   0.00000000       1.00000000       0.00000000     ( -1.50129199E-02,  4.37721610E-03) (  0.00000000    ,  0.00000000    ) (  3.09199095E-03,  7.76723027E-03)
   0.00000000       1.00000000       1.00000000     (  7.24568963E-03, -2.24914402E-03) (  1.15716830E-03, -1.11386180E-02) ( -1.15716830E-03,  1.11386180E-02)
   0.00000000       1.00000000       2.00000000     ( -2.79396772E-03,  1.04308128E-03) ( -6.61239028E-04,  2.04890966E-04) (  3.30619514E-04, -1.02445483E-04)
   0.00000000       2.00000000       0.00000000     ( -1.73225999E-03, -2.11875886E-04) (  0.00000000    ,  0.00000000    ) ( -1.75088644E-03,  1.37835741E-03)
   0.00000000       2.00000000       1.00000000     (  1.07102096E-03,  2.23517418E-03) ( -8.84756446E-04, -3.37604433E-04) (  1.76951289E-03,  6.75208867E-04)
   0.00000000      -2.00000000       0.00000000     ( -1.73225999E-03,  2.11875886E-04) (  0.00000000    ,  0.00000000    ) ( -1.75088644E-03, -1.37835741E-03)
   0.00000000      -2.00000000       1.00000000     ( -4.95463610E-03,  1.20140612E-03) ( -1.00582838E-03,  7.26431608E-04) ( -2.01165676E-03,  1.45286322E-03)
   0.00000000      -1.00000000       0.00000000     ( -1.50129199E-02, -4.37721610E-03) (  0.00000000    ,  0.00000000    ) (  3.09199095E-03, -7.76723027E-03)
   0.00000000      -1.00000000       1.00000000     (  1.49011612E-02, -2.24262476E-02) (  1.02678314E-03, -1.26601662E-05) (  1.02678314E-03, -1.26601662E-05)
   0.00000000      -1.00000000       2.00000000     ( -5.35510480E-05, -9.12696123E-04) (  6.05359674E-04, -1.40629709E-03) (  3.02679837E-04, -7.03148544E-04)
   1.00000000       0.00000000       0.00000000     (  0.00000000    ,  0.00000000    ) ( -1.37463212E-02,  1.04680657E-02) (  3.36021185E-02,  2.80141830E-02)
   1.00000000       0.00000000       1.00000000     (  5.38304448E-03, -2.68220901E-03) ( -3.50922346E-02,  1.26287341E-02) ( -5.38304448E-03,  2.68220901E-03)
   1.00000000       0.00000000       2.00000000     (  8.00937414E-04,  1.46217644E-03) (  3.57627869E-03,  1.69500709E-03) ( -4.00468707E-04, -7.31088221E-04)
   1.00000000       1.00000000       0.00000000     (  6.53788447E-03,  6.96629286E-03) ( -6.53788447E-03, -6.96629286E-03) ( -1.01327896E-02,  9.61124897E-03)
   1.00000000       1.00000000       1.00000000     ( -4.19095159E-04, -1.49011612E-03) ( -4.37721610E-04,  2.67755240E-04) (  8.56816769E-04,  1.22003257E-03)
   1.00000000       1.00000000       2.00000000     ( -1.55996531E-04, -5.49480319E-04) ( -1.29453838E-03,  2.72411853E-04) (  7.26431608E-04,  1.39698386E-04)
   1.00000000       2.00000000       0.00000000     ( -1.04308128E-03,  2.49594450E-03) (  5.21540642E-04, -1.24797225E-03) (  6.10016286E-04, -3.44589353E-04)
   1.00000000       2.00000000       1.00000000     (  2.55182385E-03,  1.08266249E-04) ( -2.29105353E-03, -7.21774995E-04) (  2.03028321E-03,  1.34110451E-03)
   1.00000000      -2.00000000       0.00000000     (  4.77302819E-05, -1.50874257E-03) (  2.38651410E-05, -7.54371285E-04) ( -1.19209290E-03,  4.56348062E-04)
   1.00000000      -2.00000000       1.00000000     ( -2.56113708E-04,  2.04890966E-03) ( -4.98257577E-04,  1.84401870E-03) ( -7.45058060E-04,  1.62050128E-03)
   1.00000000      -1.00000000       0.00000000     ( -4.38652933E-03, -1.60560012E-02) ( -4.38652933E-03, -1.60560012E-02) ( -1.02445483E-02,  1.13621354E-02)
   1.00000000      -1.00000000       1.00000000     (  8.66129994E-04,  7.54371285E-04) ( -1.48080289E-03, -1.40629709E-03) ( -2.34693289E-03, -2.16066837E-03)
   1.00000000      -1.00000000       2.00000000     (  1.65309757E-04,  1.36904418E-03) (  5.12227416E-04,  1.01514161E-03) (  1.72294676E-04, -1.78115442E-04)
   2.00000000       0.00000000       0.00000000     (  0.00000000    ,  0.00000000    ) (  2.77534127E-03,  3.58559191E-04) ( -1.80676579E-03,  3.72529030E-05)
   2.00000000       0.00000000       1.00000000     (  2.14204192E-04, -1.07102096E-03) (  3.53902578E-04,  1.75088644E-03) ( -4.28408384E-04,  2.14204192E-03)
   2.00000000       1.00000000       0.00000000     ( -1.23865902E-03,  1.19907781E-04) (  2.47731805E-03, -2.39815563E-04) (  9.42964107E-05, -2.60770321E-03)
   2.00000000       1.00000000       1.00000000     ( -3.60887498E-04,  6.23986125E-04) (  8.19563866E-04, -1.93715096E-03) ( -1.01281330E-04,  6.89178705E-04)
   2.00000000      -1.00000000       0.00000000     (  1.14087015E-04,  1.06170774E-03) (  2.28174031E-04,  2.12341547E-03) ( -1.28056854E-04,  1.15483999E-03)
   2.00000000      -1.00000000       1.00000000     ( -1.50874257E-03,  1.38534233E-04) ( -1.50874257E-03, -6.17001206E-05) (  1.49011612E-03, -3.39932740E-04)
