   0.00000000       0.00000000       1.00000000     (  2.31713057E-02,  1.16974115E-02) (  2.17114575E-04, -2.30967999E-02) (  0.00000000    ,  0.00000000    )
   0.00000000       0.00000000       2.00000000     (  6.61239028E-03, -3.97674739E-03) (  1.75088644E-03,  1.46217644E-03) (  0.00000000    ,  0.00000000    )
   0.00000000       1.00000000       0.00000000     ( -2.47731805E-03,  1.16974115E-02) (  0.00000000    ,  0.00000000    ) (  2.02096999E-03, -2.71946192E-03)
   0.00000000       1.00000000       1.00000000     (  3.23168933E-03, -3.61353159E-03) (  6.83590770E-03, -7.18981028E-03) ( -6.83590770E-03,  7.18981028E-03)
   0.00000000       1.00000000       2.00000000     ( -7.22706318E-03, -9.15024430E-04) ( -6.92903996E-03,  5.23868948E-04) (  3.46451998E-03, -2.61934474E-04)
   0.00000000       2.00000000       0.00000000     ( -3.03843990E-04, -6.37024641E-03) (  0.00000000    ,  0.00000000    ) ( -4.63798642E-03,  4.12110239E-04)
   0.00000000       2.00000000       1.00000000     (  5.77419996E-03,  1.20606273E-03) ( -1.29453838E-03, -2.43075192E-03) (  2.58907676E-03,  4.86150384E-03)
   0.00000000      -2.00000000       0.00000000     ( -3.03843990E-04,  6.37024641E-03) (  0.00000000    ,  0.00000000    ) ( -4.63798642E-03, -4.12110239E-04)
   0.00000000      -2.00000000       1.00000000     ( -9.12696123E-03, -2.84984708E-03) ( -1.71363354E-03,  9.96515155E-04) ( -3.42726707E-03,  1.99303031E-03)
   0.00000000      -1.00000000       0.00000000     ( -2.47731805E-03, -1.16974115E-02) (  0.00000000    ,  0.00000000    ) (  2.02096999E-03,  2.71946192E-03)
   0.00000000      -1.00000000       1.00000000     (  1.02818012E-02, -1.29640102E-02) ( -2.47731805E-03, -2.59838998E-03) ( -2.47731805E-03, -2.59838998E-03)
   0.00000000      -1.00000000       2.00000000     ( -3.69735062E-03, -1.83936208E-04) (  5.02914190E-04,  3.54833901E-03) (  2.51457095E-04,  1.77416950E-03)
   1.00000000       0.00000000       0.00000000     (  0.00000000    ,  0.00000000    ) ( -2.06381083E-02,  5.27128577E-03) (  2.39908695E-02,  1.98930502E-02)
   1.00000000       0.00000000       1.00000000     (  1.84401870E-03, -4.32133675E-03) ( -2.50339508E-02,  1.57207251E-02) ( -1.84401870E-03,  4.32133675E-03)
   1.00000000       0.00000000       2.00000000     (  1.04540959E-03,  2.16532499E-03) (  4.99188900E-03,  5.15952706E-03) ( -5.22704795E-04, -1.08266249E-03)
   1.00000000       1.00000000       0.00000000     (  5.27128577E-03,  1.01514161E-03) ( -5.27128577E-03, -1.01514161E-03) ( -6.74277544E-03,  2.95229256E-03)
   1.00000000       1.00000000       1.00000000     ( -3.20374966E-03,  1.05705112E-03) (  2.26311386E-03, -6.10016286E-04) (  9.47620720E-04, -4.47034836E-04)
   1.00000000       1.00000000       2.00000000     ( -2.17463821E-03, -2.44006515E-03) ( -4.39584255E-03, -3.75322998E-03) (  3.28756869E-03,  3.09199095E-03)
   1.00000000       2.00000000       0.00000000     ( -1.79745257E-03,  5.27128577E-03) (  8.98726285E-04, -2.63564289E-03) ( -4.50527295E-04,  9.35047865E-03)
   1.00000000       2.00000000       1.00000000     (  6.38887286E-03,  2.71946192E-03) ( -2.20723450E-03, -2.14204192E-03) ( -1.96974725E-03,  1.56927854E-03)
   1.00000000      -2.00000000       0.00000000     ( -4.99421731E-04, -1.32713467E-03) ( -2.49710865E-04, -6.63567334E-04) ( -2.56113708E-03,  7.03148544E-04)
   1.00000000      -2.00000000       1.00000000     ( -2.05356628E-03,  7.61356205E-04) ( -1.96509063E-03,  1.45751983E-03) ( -1.87661499E-03,  2.15135515E-03)
   1.00000000      -1.00000000       0.00000000     ( -5.56930900E-03, -3.87430191E-03) ( -5.56930900E-03, -3.87430191E-03) ( -4.32133675E-03,  4.37721610E-03)
   1.00000000      -1.00000000       1.00000000     (  7.72997737E-03,  8.10250640E-03) (  1.80210918E-03,  7.39470124E-03) ( -5.94183803E-03, -7.19446689E-04)
   1.00000000      -1.00000000       2.00000000     (  3.62284482E-03,  5.94183803E-03) (  5.64381480E-03,  1.87661499E-03) (  1.00582838E-03, -2.03493983E-03)
   2.00000000       0.00000000       0.00000000     (  0.00000000    ,  0.00000000    ) (  1.10641122E-02, -6.35161996E-03) ( -3.59490514E-03,  4.20026481E-03)
   2.00000000       0.00000000       1.00000000     ( -4.39584255E-03, -4.72646207E-04) (  3.59490514E-03,  1.09151006E-02) (  8.79168510E-03,  9.45292413E-04)
   2.00000000       1.00000000       0.00000000     ( -1.93715096E-03,  5.77419996E-04) (  3.87430191E-03, -1.15483999E-03) ( -1.37835741E-03, -6.48200512E-03)
   2.00000000       1.00000000       1.00000000     (  2.18860805E-03,  4.50760126E-03) ( -5.08502126E-03, -7.86036253E-03) (  7.00820237E-04, -1.15483999E-03)
   2.00000000      -1.00000000       0.00000000     (  1.28056854E-03, -6.35627657E-04) (  2.56113708E-03, -1.27125531E-03) (  5.14555722E-04,  2.03959644E-03)
   2.00000000      -1.00000000       1.00000000     ( -3.95812094E-03,  4.76138666E-04) ( -3.75322998E-03, -1.77882612E-03) (  4.16301191E-03, -2.72877514E-03)
