   0.00000000       0.00000000       1.00000000     (  2.42888927E-02,  1.10641122E-02) (  7.18981028E-03, -2.77906656E-02) (  0.00000000    ,  0.00000000    )
   0.00000000       0.00000000       2.00000000     (  5.10364771E-03, -5.02914190E-03) ( -2.16066837E-03,  9.59262252E-04) (  0.00000000    ,  0.00000000    )
   0.00000000       1.00000000       0.00000000     ( -6.85453415E-03,  9.12696123E-03) (  0.00000000    ,  0.00000000    ) (  1.96509063E-03,  5.96046448E-04)
   0.00000000       1.00000000       1.00000000     (  3.80910933E-03, -5.19677997E-03) (  4.58210707E-03, -8.90344381E-03) ( -4.58210707E-03,  8.90344381E-03)
   0.00000000       1.00000000       2.00000000     ( -6.44475222E-03,  7.49714673E-04) ( -3.66941094E-03,  1.61235221E-04) (  1.83470547E-03, -8.06176104E-05)
   0.00000000       2.00000000       0.00000000     ( -3.66941094E-03, -4.89875674E-03) (  0.00000000    ,  0.00000000    ) ( -5.58793545E-03,  4.37721610E-04)
   0.00000000       2.00000000       1.00000000     (  2.23517418E-03,  4.89875674E-03) ( -2.32830644E-03, -1.65775418E-03) (  4.65661287E-03,  3.31550837E-03)
   0.00000000      -2.00000000       0.00000000     ( -3.66941094E-03,  4.89875674E-03) (  0.00000000    ,  0.00000000    ) ( -5.58793545E-03, -4.37721610E-04)
   0.00000000      -2.00000000       1.00000000     ( -9.76026058E-03,  1.89058483E-03) ( -1.51339918E-03,  1.45751983E-03) ( -3.02679837E-03,  2.91503966E-03)
   0.00000000      -1.00000000       0.00000000     ( -6.85453415E-03, -9.12696123E-03) (  0.00000000    ,  0.00000000    ) (  1.96509063E-03, -5.96046448E-04)
   0.00000000      -1.00000000       1.00000000     (  1.43051147E-02, -1.63167715E-02) ( -6.26314431E-04, -1.87195837E-03) ( -6.26314431E-04, -1.87195837E-03)
   0.00000000      -1.00000000       2.00000000     (  2.25263648E-04, -3.10130417E-03) (  6.56582415E-04, -1.01514161E-03) (  3.28291208E-04, -5.07570803E-04)
   1.00000000       0.00000000       0.00000000     (  0.00000000    ,  0.00000000    ) ( -1.63167715E-02,  6.57513738E-03) (  2.72691250E-02,  2.26497650E-02)
   1.00000000       0.00000000       1.00000000     (  3.96743417E-03, -2.81259418E-03) ( -2.79396772E-02,  1.50874257E-02) ( -3.96743417E-03,  2.81259418E-03)
   1.00000000       0.00000000       2.00000000     (  1.26194209E-03,  3.03611159E-03) (  7.56233931E-03,  3.26894224E-03) ( -6.30971044E-04, -1.51805580E-03)
   1.00000000       1.00000000       0.00000000     (  5.56930900E-03,  3.76254320E-03) ( -5.56930900E-03, -3.76254320E-03) ( -8.53091478E-03,  5.47617674E-03)
   1.00000000       1.00000000       1.00000000     ( -3.44589353E-03, -9.54605639E-04) (  2.10478902E-03,  3.14321369E-04) (  1.34110451E-03,  6.40284270E-04)
   1.00000000       1.00000000       2.00000000     ( -9.77888703E-04, -2.53319740E-03) ( -4.91738319E-03, -7.77654350E-04) (  2.94297934E-03,  1.65775418E-03)
   1.00000000       2.00000000       0.00000000     ( -1.64378434E-03,  6.03497028E-03) (  8.21892172E-04, -3.01748514E-03) ( -1.24331564E-03,  5.06639481E-03)
   1.00000000       2.00000000       1.00000000     (  6.12810254E-03,  2.16066837E-03) ( -3.93018126E-03, -2.56113708E-03) (  1.71829015E-03,  2.96160579E-03)
   1.00000000      -2.00000000       0.00000000     (  4.14438546E-04, -3.05473804E-03) (  2.07219273E-04, -1.52736902E-03) ( -9.35979187E-04,  2.92435288E-03)
   1.00000000      -2.00000000       1.00000000     ( -1.24797225E-03,  1.46683306E-03) ( -1.56927854E-03,  2.27242708E-03) ( -1.89058483E-03,  3.06405127E-03)
   1.00000000      -1.00000000       0.00000000     ( -6.18398190E-03, -9.61124897E-03) ( -6.18398190E-03, -9.61124897E-03) ( -5.75557351E-03,  6.07222319E-03)
   1.00000000      -1.00000000       1.00000000     (  3.08267772E-03,  5.81145287E-03) ( -1.69966370E-03,  3.48314643E-03) ( -4.78699803E-03, -2.31899321E-03)
   1.00000000      -1.00000000       2.00000000     (  3.39001417E-03,  4.50760126E-03) (  5.79282641E-03,  3.69735062E-03) (  1.20606273E-03, -4.02797014E-04)
   2.00000000       0.00000000       0.00000000     (  0.00000000    ,  0.00000000    ) (  8.53091478E-03, -3.02679837E-03) ( -4.74974513E-03,  1.06170774E-03)
   2.00000000       0.00000000       1.00000000     ( -2.32830644E-03, -2.40281224E-03) (  1.52271241E-03,  7.74860382E-03) (  4.65661287E-03,  4.80562449E-03)
   2.00000000       1.00000000       0.00000000     ( -2.58907676E-03,  5.05242497E-04) (  5.17815351E-03, -1.01048499E-03) ( -4.56930138E-05, -8.56816769E-03)
   2.00000000       1.00000000       1.00000000     (  6.91507012E-04,  3.04542482E-03) ( -2.51457095E-03, -5.40167093E-03) (  1.13621354E-03, -6.84522092E-04)
   2.00000000      -1.00000000       0.00000000     (  1.69500709E-03,  1.37370080E-03) (  3.39001417E-03,  2.74740160E-03) ( -1.53668225E-04,  1.55996531E-03)
   2.00000000      -1.00000000       1.00000000     ( -2.81259418E-03,  8.75443220E-04) ( -1.93715096E-03, -1.32713467E-03) (  3.68803740E-03, -3.08267772E-03)
