   0.00000000       0.00000000       1.00000000     (  2.74181366E-02,  1.10268593E-02) (  1.51991844E-02, -3.30060720E-02) (  0.00000000    ,  0.00000000    )
   0.00000000       0.00000000       2.00000000     (  1.70432031E-03, -3.09199095E-03) ( -2.14204192E-03, -1.99070200E-04) (  0.00000000    ,  0.00000000    )
   0.00000000       1.00000000       0.00000000     ( -1.23679638E-02,  6.18398190E-03) (  0.00000000    ,  0.00000000    ) (  2.80328095E-03,  5.08502126E-03)
   0.00000000       1.00000000       1.00000000     (  6.22123480E-03, -4.14438546E-03) (  2.41678208E-03, -1.08033419E-02) ( -2.41678208E-03,  1.08033419E-02)
   0.00000000       1.00000000       2.00000000     ( -3.35276127E-03,  1.20140612E-03) ( -9.96515155E-04,  1.28056854E-04) (  4.98257577E-04, -6.40284270E-05)
   0.00000000       2.00000000       0.00000000     ( -2.40281224E-03, -1.04308128E-03) (  0.00000000    ,  0.00000000    ) ( -2.34693289E-03,  1.02445483E-03)
   0.00000000       2.00000000       1.00000000     (  1.21071935E-03,  2.88709998E-03) ( -1.12690032E-03, -5.91389835E-04) (  2.25380063E-03,  1.18277967E-03)
   0.00000000      -2.00000000       0.00000000     ( -2.40281224E-03,  1.04308128E-03) (  0.00000000    ,  0.00000000    ) ( -2.34693289E-03, -1.02445483E-03)
   0.00000000      -2.00000000       1.00000000     ( -5.92321157E-03,  1.59256160E-03) ( -1.12690032E-03,  8.42846930E-04) ( -2.25380063E-03,  1.68569386E-03)
   0.00000000      -1.00000000       0.00000000     ( -1.23679638E-02, -6.18398190E-03) (  0.00000000    ,  0.00000000    ) (  2.80328095E-03, -5.08502126E-03)
   0.00000000      -1.00000000       1.00000000     (  1.59814954E-02, -2.04145908E-02) (  8.47503543E-04, -8.77771527E-04) (  8.47503543E-04, -8.77771527E-04)
   0.00000000      -1.00000000       2.00000000     (  1.95577741E-04, -1.35041773E-03) (  6.05359674E-04, -1.60187483E-03) (  3.02679837E-04, -8.00937414E-04)
   1.00000000       0.00000000       0.00000000     (  0.00000000    ,  0.00000000    ) ( -1.46031380E-02,  9.05245543E-03) (  3.21120024E-02,  2.70456076E-02)
   1.00000000       0.00000000       1.00000000     (  5.30853868E-03, -2.47731805E-03) ( -3.33786011E-02,  1.42678618E-02) ( -5.30853868E-03,  2.47731805E-03)
   1.00000000       0.00000000       2.00000000     (  9.68575478E-04,  1.76951289E-03) (  4.50760126E-03,  1.95577741E-03) ( -4.84287739E-04, -8.84756446E-04)
   1.00000000       1.00000000       0.00000000     (  6.35161996E-03,  6.25848770E-03) ( -6.35161996E-03, -6.25848770E-03) ( -9.87201929E-03,  8.47503543E-03)
   1.00000000       1.00000000       1.00000000     ( -1.08964741E-03, -1.44354999E-03) (  1.17579475E-04,  3.39932740E-04) (  9.68575478E-04,  1.10827386E-03)
   1.00000000       1.00000000       2.00000000     ( -1.46683306E-04, -8.80099833E-04) ( -1.99303031E-03,  2.13040039E-04) (  1.06170774E-03,  3.35276127E-04)
   1.00000000       2.00000000       0.00000000     ( -1.08033419E-03,  3.29688191E-03) (  5.40167093E-04, -1.64844096E-03) (  2.06055120E-04,  4.42378223E-04)
   1.00000000       2.00000000       1.00000000     (  3.11061740E-03,  4.70317900E-04) ( -2.68220901E-03, -1.05239451E-03) (  2.25380063E-03,  1.62981451E-03)
   1.00000000      -2.00000000       0.00000000     (  1.80443749E-04, -1.71363354E-03) (  9.02218744E-05, -8.56816769E-04) ( -1.11758709E-03,  1.10827386E-03)
   1.00000000      -2.00000000       1.00000000     ( -3.60887498E-04,  2.01165676E-03) ( -6.75208867E-04,  2.03028321E-03) ( -9.87201929E-04,  2.03028321E-03)
   1.00000000      -1.00000000       0.00000000     ( -5.28991222E-03, -1.46403909E-02) ( -5.28991222E-03, -1.46403909E-02) ( -8.75443220E-03,  9.44361091E-03)
   1.00000000      -1.00000000       1.00000000     (  9.96515155E-04,  1.46217644E-03) ( -1.67638063E-03, -6.33299351E-04) ( -2.68220901E-03, -2.10478902E-03)
   1.00000000      -1.00000000       2.00000000     (  8.24220479E-04,  1.66706741E-03) (  1.40629709E-03,  1.61118805E-03) (  2.91038305E-04, -2.60479283E-05)
   2.00000000       0.00000000       0.00000000     (  0.00000000    ,  0.00000000    ) (  3.61353159E-03, -1.89756975E-04) ( -2.36555934E-03, -1.06520019E-04)
   2.00000000       0.00000000       1.00000000     ( -1.79279596E-04, -1.29453838E-03) (  4.84287739E-04,  2.58907676E-03) (  3.58559191E-04,  2.58907676E-03)
   2.00000000       1.00000000       0.00000000     ( -1.50874257E-03,  7.45058060E-05) (  3.01748514E-03, -1.49011612E-04) (  1.10012479E-04, -3.91155481E-03)
   2.00000000       1.00000000       1.00000000     ( -2.77068466E-04,  9.87201929E-04) (  3.84170562E-04, -2.32830644E-03) (  1.68802217E-04,  3.58559191E-04)
   2.00000000      -1.00000000       0.00000000     (  4.65661287E-04,  1.18277967E-03) (  9.31322575E-04,  2.36555934E-03) ( -1.26892701E-04,  1.26659870E-03)
   2.00000000      -1.00000000       1.00000000     ( -1.71363354E-03,  2.86381692E-04) ( -1.48080289E-03, -2.56113708E-04) (  1.93715096E-03, -8.28877091E-04)
