    0.000000        0.000000        1.000000      (2.0787120E-02,1.1511147E-02)
   (-1.1064112E-02,-1.6093254E-02)  (0.000000,0.000000)
    0.000000        0.000000        2.000000      
 (4.9453229E-03,-1.1245720E-03)  (5.4016709E-03,4.5448542E-03)  
 (0.000000,0.000000)
    0.000000        1.000000        0.000000      (2.2351742E-03,6.1653554E-03)
   (0.000000,0.000000)  (4.0978193E-03,-1.4714897E-03)
    0.000000        1.000000        1.000000      (4.9546361E-03,5.1781535E-03)
   (5.3457916E-03,-4.1909516E-03)  (-5.3457916E-03,4.1909516E-03)
    0.000000        1.000000        2.000000      
 (-7.5437129E-03,-1.9511208E-03)  (-2.9057264E-03,-2.4447218E-03)  
 (1.4528632E-03,1.2223609E-03)
    0.000000        2.000000        0.000000      
 (-4.3492764E-03,9.0803951E-04)  (0.000000,0.000000)  
 (4.3772161E-04,2.5704503E-03)
    0.000000        2.000000        1.000000      
 (6.5751374E-03,-2.6356429E-03)  (-7.8929588E-04,-1.1990778E-03)  
 (1.5785918E-03,2.3981556E-03)
    0.000000       -2.000000        0.000000      
 (-4.3492764E-03,-9.0803951E-04)  (0.000000,0.000000)  
 (4.3772161E-04,-2.5704503E-03)
    0.000000       -2.000000        1.000000      
 (-1.0505319E-02,-1.0393560E-02)  (-2.7287751E-03,4.6915375E-04)  
 (-5.4575503E-03,9.3830749E-04)
    0.000000       -1.000000        0.000000      
 (2.2351742E-03,-6.1653554E-03)  (0.000000,0.000000)  
 (4.0978193E-03,1.4714897E-03)
    0.000000       -1.000000        1.000000      
 (7.3015690E-03,-4.5076013E-03)  (-1.3364479E-03,-5.1222742E-03)  
 (-1.3364479E-03,-5.1222742E-03)
    0.000000       -1.000000        2.000000      
 (-1.2069941E-02,-7.2577677E-06)  (-3.0267984E-03,-1.8812716E-03)  
 (-1.5133992E-03,-9.4063580E-04)
    1.000000        0.000000        0.000000      (0.000000,0.000000)  
 (-2.6673079E-02,5.5320561E-03)  (1.5944242E-02,1.8104911E-02)
    1.000000        0.000000        1.000000      
 (-3.0919909E-03,-2.5797635E-03)  (-1.6689301E-02,1.3411045E-02)  
 (3.0919909E-03,2.5797635E-03)
    1.000000        0.000000        2.000000      (2.1129381E-04,1.9604340E-03)
   (4.0605664E-03,8.1583858E-03)  (-1.0564690E-04,-9.8021701E-04)
    1.000000        1.000000        0.000000      
 (2.5425106E-03,-1.4156103E-03)  (-2.5425106E-03,1.4156103E-03)  
 (-1.1129305E-03,2.9522926E-03)
    1.000000        1.000000        1.000000      (2.1187589E-03,4.2468309E-03)
   (-3.4831464E-03,-3.7346035E-03)  (1.3643876E-03,-5.0873496E-04)
    1.000000        1.000000        2.000000      
 (-3.9581209E-03,2.0395964E-03)  (3.1432137E-04,-3.7811697E-03)  
 (1.8253922E-03,8.7078661E-04)
    1.000000        2.000000        0.000000      (3.7252903E-03,2.1094456E-03)
   (-1.8626451E-03,-1.0547228E-03)  (3.0547380E-03,6.9104135E-03)
    1.000000        2.000000        1.000000      (2.2351742E-03,2.5145710E-03)
   (-2.2305176E-03,1.0314398E-03)  (2.2305176E-03,-4.5821071E-03)
    1.000000       -2.000000        0.000000      (1.5692785E-03,6.0535967E-03)
   (7.8463927E-04,3.0267984E-03)  (-4.4610351E-03,-6.6822395E-04)
    1.000000       -2.000000        1.000000      
 (-3.3434480E-03,-1.6484410E-03)  (-1.3131648E-03,-1.2665987E-03)  
 (7.1711838E-04,-8.8708475E-04)
    1.000000       -1.000000        0.000000      
 (-3.7136488E-04,3.1548552E-04)  (-3.7136488E-04,3.1548552E-04)  
 (-6.1281025E-03,3.0267984E-03)
    1.000000       -1.000000        1.000000      
 (1.1287630E-02,-4.2188913E-03)  (3.0826777E-03,-1.9511208E-03)  
 (-8.1956387E-03,2.2631139E-03)
    1.000000       -1.000000        2.000000      
 (-4.6938658E-03,-1.7695129E-03)  (-7.6740980E-03,-4.3679029E-03)  
 (-1.4947727E-03,-1.2991950E-03)
    2.000000        0.000000        0.000000      (0.000000,0.000000)  
 (9.8720193E-03,-1.9883737E-03)  (-5.0640665E-04,-4.7497451E-04)
    2.000000        0.000000        1.000000      
 (-1.7648563E-03,5.1781535E-03)  (2.7846545E-03,7.2270632E-03)  
 (3.5297126E-03,-1.0356307E-02)
    2.000000        1.000000        0.000000      
 (-1.8440187E-03,-3.1478703E-03)  (3.6880374E-03,6.2957406E-03)  
 (-7.3947012E-03,6.3143671E-03)
    2.000000        1.000000        1.000000      (2.6449561E-03,3.2503158E-03)
   (-2.7287751E-03,-1.1473894E-02)  (-2.5611371E-03,4.9825758E-03)
    2.000000       -1.000000        0.000000      
 (-4.1536987E-03,-2.7194619E-03)  (-8.3073974E-03,-5.4389238E-03)  
 (9.0221874E-05,3.6414713E-03)
    2.000000       -1.000000        1.000000      
 (-3.4552068E-03,2.3795292E-03)  (-2.1792948E-03,7.5250864E-03)  
 (4.7311187E-03,2.7753413E-03)
