   0.00000000       0.00000000      -2.00000000     (  1.25728548E-04,  6.33299351E-04) ( -5.02914190E-04,  1.86264515E-04) (  0.00000000    ,  0.00000000    )
   0.00000000       0.00000000      -1.00000000     (  2.76416540E-02, -8.56816769E-03) (  2.43633986E-02,  3.40491533E-02) (  0.00000000    ,  0.00000000    )
   0.00000000       1.00000000      -2.00000000     ( -9.31322575E-05,  1.62981451E-04) (  1.16415322E-04,  2.98023224E-04) (  5.82076609E-05,  1.49011612E-04)
   0.00000000       1.00000000      -1.00000000     (  1.14366412E-02,  2.56299973E-02) (  3.60887498E-04, -1.38767064E-03) (  3.60887498E-04, -1.38767064E-03)
   0.00000000       2.00000000      -1.00000000     ( -1.08033419E-03, -1.95577741E-04) ( -2.23517418E-04, -1.58324838E-04) ( -4.47034836E-04, -3.16649675E-04)
   0.00000000      -2.00000000      -1.00000000     (  2.51457095E-04, -4.09781933E-04) ( -2.04890966E-04,  1.22236088E-05) (  4.09781933E-04, -2.44472176E-05)
   0.00000000      -1.00000000      -2.00000000     ( -6.14672899E-04, -1.67638063E-04) ( -1.44354999E-04, -9.31322575E-05) (  7.21774995E-05,  4.65661287E-05)
   0.00000000      -1.00000000      -1.00000000     (  8.00937414E-03, -1.51339918E-03) ( -5.93718141E-04,  1.06915832E-02) (  5.93718141E-04, -1.06915832E-02)
   1.00000000       0.00000000      -2.00000000     ( -3.35276127E-04,  3.53902578E-04) ( -3.35276127E-04,  4.28408384E-04) ( -1.67638063E-04,  1.76951289E-04)
   1.00000000       0.00000000      -1.00000000     (  8.12113285E-03, -2.07684934E-03) ( -6.57513738E-03, -3.30619514E-03) (  8.12113285E-03, -2.07684934E-03)
   1.00000000       1.00000000      -2.00000000     ( -4.28408384E-04,  1.95577741E-04) (  1.07102096E-04, -4.65661287E-04) ( -1.58324838E-04, -1.35041773E-04)
   1.00000000       1.00000000      -1.00000000     ( -3.07336450E-04, -5.12227416E-05) (  4.09781933E-04,  1.95577741E-04) (  1.11758709E-04,  1.44354999E-04)
   1.00000000       2.00000000      -1.00000000     (  4.07453626E-05,  1.62981451E-04) ( -1.25728548E-04,  1.44354999E-04) ( -2.14204192E-04,  4.47034836E-04)
   1.00000000      -2.00000000      -1.00000000     (  2.42143869E-04,  3.72529030E-05) (  2.23517418E-04,  2.32830644E-04) ( -2.04890966E-04, -4.28408384E-04)
   1.00000000      -1.00000000      -2.00000000     (  3.14321369E-05, -3.25962901E-04) ( -1.35041773E-04, -1.07102096E-04) (  8.14907253E-05, -1.11758709E-04)
   1.00000000      -1.00000000      -1.00000000     ( -1.95577741E-04,  2.04890966E-04) ( -4.09781933E-04,  7.45058060E-05) (  2.14204192E-04,  1.35041773E-04)
   2.00000000       0.00000000      -1.00000000     ( -1.76951289E-04, -7.91624188E-05) ( -7.91624188E-05,  3.37604433E-05) ( -3.53902578E-04, -1.58324838E-04)
   2.00000000       1.00000000      -1.00000000     ( -1.67638063E-04, -7.91624188E-05) (  2.88709998E-04, -1.62981451E-04) ( -4.07453626E-05, -3.25962901E-04)
   2.00000000      -1.00000000      -1.00000000     ( -4.88944352E-05,  7.45058060E-05) (  1.21071935E-04, -2.88709998E-04) ( -2.14204192E-04,  4.47034836E-04)
