   0.00000000       0.00000000      -2.00000000     (  9.31322575E-04,  2.42143869E-04) ( -8.94069672E-04,  2.51457095E-04) (  0.00000000    ,  0.00000000    )
   0.00000000       0.00000000      -1.00000000     (  8.94069672E-03,  1.21071935E-02) (  3.91900539E-02,  7.07805157E-03) (  0.00000000    ,  0.00000000    )
   0.00000000       1.00000000      -2.00000000     (  2.79396772E-04,  2.60770321E-04) (  3.63215804E-04,  4.54019755E-05) (  1.81607902E-04,  2.27009878E-05)
   0.00000000       1.00000000      -1.00000000     ( -6.94766641E-03,  2.39163637E-02) ( -9.59262252E-03, -3.99537385E-03) ( -9.59262252E-03, -3.99537385E-03)
   0.00000000       2.00000000      -1.00000000     ( -3.53902578E-04, -2.18860805E-04) ( -3.07336450E-04,  2.98023224E-04) ( -6.14672899E-04,  5.96046448E-04)
   0.00000000      -2.00000000      -1.00000000     (  4.00468707E-04,  2.70083547E-04) ( -4.88944352E-05,  8.84756446E-05) (  9.77888703E-05, -1.76951289E-04)
   0.00000000      -1.00000000      -2.00000000     (  3.91155481E-04,  4.65661287E-04) ( -1.58324838E-04, -2.04890966E-04) (  7.91624188E-05,  1.02445483E-04)
   0.00000000      -1.00000000      -1.00000000     (  6.46337867E-03, -4.74974513E-03) (  2.89641321E-03,  1.18045136E-03) ( -2.89641321E-03, -1.18045136E-03)
   1.00000000       0.00000000      -2.00000000     ( -3.63215804E-04, -1.49011612E-04) (  3.81842256E-04,  9.31322575E-04) ( -1.81607902E-04, -7.45058060E-05)
   1.00000000       0.00000000      -1.00000000     (  1.17346644E-02, -5.79282641E-03) ( -7.33882189E-03,  2.20537186E-02) (  1.17346644E-02, -5.79282641E-03)
   1.00000000       1.00000000      -2.00000000     (  1.95577741E-04,  3.53902578E-04) ( -4.00468707E-04, -2.60770321E-04) ( -1.04773790E-04,  4.65661287E-05)
   1.00000000       1.00000000      -1.00000000     ( -7.45058060E-04,  1.45286322E-03) ( -1.76951289E-04, -8.38190317E-04) ( -9.31322575E-04,  6.33299351E-04)
   1.00000000       2.00000000      -1.00000000     (  5.00585884E-05, -1.49011612E-04) ( -1.62981451E-04, -2.98314262E-06) ( -2.79396772E-04, -1.53668225E-04)
   1.00000000      -2.00000000      -1.00000000     ( -6.28642738E-05, -2.42143869E-04) (  1.30385160E-04, -1.07102096E-04) ( -3.16649675E-04, -2.67755240E-05)
   1.00000000      -1.00000000      -2.00000000     (  1.25728548E-04, -3.63215804E-04) ( -2.04890966E-04,  7.45058060E-05) (  1.62981451E-04, -2.18860805E-04)
   1.00000000      -1.00000000      -1.00000000     ( -1.51339918E-05,  2.14204192E-04) ( -1.86264515E-04,  1.30385160E-04) (  1.72294676E-04,  8.14907253E-05)
   2.00000000       0.00000000      -1.00000000     ( -3.07336450E-04,  2.27009878E-05) (  2.04890966E-04, -5.21540642E-04) ( -6.14672899E-04,  4.54019755E-05)
   2.00000000       1.00000000      -1.00000000     (  5.82076609E-05, -1.21071935E-04) ( -3.72529030E-04,  4.09781933E-04) ( -2.60770321E-04,  1.72294676E-04)
   2.00000000      -1.00000000      -1.00000000     (  2.70083547E-04,  4.42378223E-05) (  1.44354999E-04,  2.51457095E-04) (  4.00468707E-04, -1.58324838E-04)
