    0.000000        0.000000       -2.000000      (8.3073974E-03,2.0768493E-03)
   (5.7835132E-03,-3.7439167E-03)  (0.000000,0.000000)
    0.000000        0.000000       -1.000000      
 (2.2426248E-02,-1.2181699E-02)  (-6.1467290E-03,1.8551946E-02)  
 (0.000000,0.000000)
    0.000000        1.000000       -2.000000      
 (-1.2256205E-02,-3.1571835E-03)  (-1.4435500E-03,-4.1630119E-03)  
 (-7.2177500E-04,-2.0815060E-03)
    0.000000        1.000000       -1.000000      (6.7614019E-03,8.4191561E-03)
   (-2.5611371E-03,3.9115548E-03)  (-2.5611371E-03,3.9115548E-03)
    0.000000        2.000000       -1.000000      
 (-1.3001263E-02,1.0542572E-02)  (-4.1536987E-03,-1.0826625E-03)  
 (-8.3073974E-03,-2.1653250E-03)
    0.000000       -2.000000       -1.000000      (1.1455268E-02,3.2410026E-03)
   (-8.4546627E-05,2.4028122E-03)  (1.6909325E-04,-4.8056245E-03)
    0.000000       -1.000000       -2.000000      
 (-8.3819032E-03,2.4912879E-03)  (-7.4319541E-03,3.2247044E-04)  
 (3.7159771E-03,-1.6123522E-04)
    0.000000       -1.000000       -1.000000      
 (4.0605664E-03,-3.7252903E-04)  (7.0407987E-03,5.4948032E-03)  
 (-7.0407987E-03,-5.4948032E-03)
    1.000000        0.000000       -2.000000      (7.9534948E-03,3.7904829E-03)
   (-2.3515895E-03,7.0221722E-03)  (3.9767474E-03,1.8952414E-03)
    1.000000        0.000000       -1.000000      
 (4.1164458E-03,-2.6193447E-04)  (8.9779496E-03,-2.8871000E-03)  
 (4.1164458E-03,-2.6193447E-04)
    1.000000        1.000000       -2.000000      
 (-3.0081719E-03,-2.1420419E-03)  (7.8580342E-05,-1.3671815E-02)  
 (-1.4621764E-03,-7.9162419E-03)
    1.000000        1.000000       -1.000000      
 (-8.5122883E-03,-4.1164458E-03)  (3.0081719E-03,-8.5681677E-04)  
 (-5.5134296E-03,-4.9732625E-03)
    1.000000        2.000000       -1.000000      
 (-1.0058284E-02,-2.8358772E-03)  (1.9697472E-03,2.7008355E-03)  
 (-6.1281025E-03,2.5704503E-03)
    1.000000       -2.000000       -1.000000      
 (-9.0105459E-04,-6.4074993E-03)  (-1.5692785E-03,-3.2782555E-03)  
 (2.2351742E-03,1.4231773E-04)
    1.000000       -1.000000       -2.000000      (4.9173832E-03,2.0908192E-03)
   (-3.8743019E-03,2.6356429E-03)  (4.3958426E-03,-2.7357601E-04)
    1.000000       -1.000000       -1.000000      
 (-9.6112490E-03,3.2037497E-03)  (-8.1583858E-03,8.4517524E-04)  
 (-1.4668331E-03,2.3655593E-03)
    2.000000        0.000000       -1.000000      (1.9557774E-04,4.7218055E-03)
   (2.0489097E-03,7.4878335E-03)  (3.9115548E-04,9.4436109E-03)
    2.000000        1.000000       -1.000000      
 (-3.0704541E-05,-4.6682544E-04)  (4.3399632E-03,-6.7427754E-03)  
 (4.2747706E-03,-7.6740980E-03)
    2.000000       -1.000000       -1.000000      
 (-1.9045547E-03,1.1269003E-03)  (6.1234459E-04,5.4202974E-03)  
 (-4.4144690E-03,-3.1664968E-03)
