    0.000000        0.000000       -2.000000      (3.9860606E-03,8.1257895E-04)
   (4.6566129E-03,-3.9953738E-03)  (0.000000,0.000000)
    0.000000        0.000000       -1.000000      
 (2.1159649E-02,-1.1734664E-02)  (-1.2181699E-02,1.6540289E-02)  
 (0.000000,0.000000)
    0.000000        1.000000       -2.000000      
 (-1.0542572E-02,6.0768798E-04)  (-2.9243529E-03,2.5983900E-03)  
 (-1.4621764E-03,1.2991950E-03)
    0.000000        1.000000       -1.000000      (8.0093741E-03,4.2095780E-03)
   (-1.1594966E-03,5.4575503E-03)  (-1.1594966E-03,5.4575503E-03)
    0.000000        2.000000       -1.000000      
 (-8.7544322E-03,9.1269612E-03)  (-2.1141022E-03,-1.4784746E-04)  
 (-4.2282045E-03,-2.9569492E-04)
    0.000000       -2.000000       -1.000000      (4.7683716E-03,2.3562461E-03)
   (-8.9872628E-04,8.8475645E-04)  (1.7974526E-03,-1.7695129E-03)
    0.000000       -1.000000       -2.000000      
 (-6.7241490E-03,1.5739352E-03)  (-2.0209700E-03,2.5704503E-03)  
 (1.0104850E-03,-1.2852252E-03)
    0.000000       -1.000000       -1.000000      
 (5.4016709E-03,-6.3329935E-03)  (5.1409006E-03,4.1350722E-03)  
 (-5.1409006E-03,-4.1350722E-03)
    1.000000        0.000000       -2.000000      (6.4261258E-03,1.7043203E-03)
   (-4.5821071E-03,1.8905848E-03)  (3.2130629E-03,8.5216016E-04)
    1.000000        0.000000       -1.000000      
 (3.3713877E-03,-1.3131648E-03)  (5.5320561E-03,-6.3702464E-03)  
 (3.3713877E-03,-1.3131648E-03)
    1.000000        1.000000       -2.000000      
 (-3.2782555E-03,1.8440187E-03)  (-3.3248216E-03,-1.0132790E-02)  
 (-3.3061951E-03,-4.1536987E-03)
    1.000000        1.000000       -1.000000      
 (-6.6496432E-03,2.0349398E-03)  (2.3189932E-03,-1.6996637E-03)  
 (-4.3213367E-03,3.3294782E-04)
    1.000000        2.000000       -1.000000      
 (-5.6251884E-03,1.6903505E-03)  (4.5518391E-04,2.2165477E-03)  
 (-4.7124922E-03,6.1281025E-03)
    1.000000       -2.000000       -1.000000      
 (1.5366822E-03,-1.2619421E-03)  (-1.1670636E-04,-5.5297278E-04)  
 (1.7695129E-03,-1.5599653E-04)
    1.000000       -1.000000       -2.000000      
 (3.2130629E-03,-1.0873191E-03)  (-4.1443855E-03,1.0477379E-03)  
 (3.6787242E-03,-1.0686927E-03)
    1.000000       -1.000000       -1.000000      
 (-8.0093741E-03,4.7869980E-03)  (-3.5203993E-03,6.8976078E-05)  
 (-4.4889748E-03,4.7311187E-03)
    2.000000        0.000000       -1.000000      (2.7474016E-03,2.2351742E-03)
   (9.6112490E-03,5.6810677E-03)  (5.4948032E-03,4.4703484E-03)
    2.000000        1.000000       -1.000000      
 (-1.4482066E-03,-2.2910535E-03)  (1.8486753E-03,-8.1025064E-04)  
 (-1.0477379E-03,-5.3830445E-03)
    2.000000       -1.000000       -1.000000      
 (-1.0919757E-03,2.1187589E-03)  (-1.7986167E-04,4.4424087E-03)  
 (-2.0070001E-03,-2.0081643E-04)
