   0.00000000       0.00000000       1.00000000     (  1.54599547E-02, -6.31436706E-03) (  4.09036875E-02, -1.58324838E-02) (  0.00000000    ,  0.00000000    )
   0.00000000       0.00000000       2.00000000     ( -2.23517418E-04,  1.86264515E-04) (  2.23517418E-04, -2.09547579E-05) (  0.00000000    ,  0.00000000    )
   0.00000000       1.00000000       0.00000000     ( -5.81145287E-03, -3.84636223E-03) (  0.00000000    ,  0.00000000    ) (  1.14366412E-02,  1.13993883E-02)
   0.00000000       1.00000000       1.00000000     (  9.16421413E-03,  9.96515155E-03) ( -3.84170562E-04, -1.78348273E-03) (  3.84170562E-04,  1.78348273E-03)
   0.00000000       1.00000000       2.00000000     ( -2.91038305E-06,  9.31322575E-05) (  8.38190317E-05, -5.58793545E-05) ( -4.19095159E-05,  2.79396772E-05)
   0.00000000       2.00000000       0.00000000     ( -6.98491931E-05, -1.86264515E-04) (  0.00000000    ,  0.00000000    ) (  2.60770321E-04, -6.05359674E-05)
   0.00000000       2.00000000       1.00000000     ( -2.79396772E-04,  6.05359674E-05) (  7.45058060E-05,  3.25962901E-05) ( -1.49011612E-04, -6.51925802E-05)
   0.00000000      -2.00000000       0.00000000     ( -6.98491931E-05,  1.86264515E-04) (  0.00000000    ,  0.00000000    ) (  2.60770321E-04,  6.05359674E-05)
   0.00000000      -2.00000000       1.00000000     (  6.98491931E-05,  4.19095159E-05) (  4.19095159E-05,  1.11758709E-04) (  8.38190317E-05,  2.23517418E-04)
   0.00000000      -1.00000000       0.00000000     ( -5.81145287E-03,  3.84636223E-03) (  0.00000000    ,  0.00000000    ) (  1.14366412E-02, -1.13993883E-02)
   0.00000000      -1.00000000       1.00000000     ( -5.34579158E-03, -3.04728746E-02) ( -8.51228833E-03,  2.51922756E-03) ( -8.51228833E-03,  2.51922756E-03)
   0.00000000      -1.00000000       2.00000000     ( -1.49011612E-04,  1.39698386E-05) ( -2.56113708E-05,  6.51925802E-05) ( -1.28056854E-05,  3.25962901E-05)
   1.00000000       0.00000000       0.00000000     (  0.00000000    ,  0.00000000    ) ( -2.67475843E-02,  2.17556953E-02) (  2.11596489E-02,  5.45755029E-03)
   1.00000000       0.00000000       1.00000000     ( -3.95812094E-03,  4.08617780E-04) ( -2.05263495E-02, -1.52364373E-02) (  3.95812094E-03, -4.08617780E-04)
   1.00000000       0.00000000       2.00000000     (  1.86264515E-04,  3.02679837E-05) ( -1.21071935E-04, -1.02445483E-04) ( -9.31322575E-05, -1.51339918E-05)
   1.00000000       1.00000000       0.00000000     (  7.75326043E-04,  3.90224159E-03) ( -7.75326043E-04, -3.90224159E-03) ( -7.69272447E-03,  1.19581819E-02)
   1.00000000       1.00000000       1.00000000     ( -7.45058060E-05, -6.05359674E-05) (  2.98023224E-04,  1.62981451E-05) ( -2.23517418E-04,  4.19095159E-05)
   1.00000000       1.00000000       2.00000000     (  3.72529030E-04, -4.19095159E-05) ( -8.38190317E-05, -1.67638063E-04) ( -1.49011612E-04,  1.02445483E-04)
   1.00000000       2.00000000       0.00000000     ( -8.38190317E-05,  2.32830644E-05) (  4.19095159E-05, -1.16415322E-05) (  1.30385160E-04, -1.02445483E-04)
   1.00000000       2.00000000       1.00000000     (  2.79396772E-05, -3.72529030E-05) (  8.38190317E-05, -3.49245965E-05) ( -2.04890966E-04,  1.02445483E-04)
   1.00000000      -2.00000000       0.00000000     (  1.02445483E-04, -4.19095159E-05) (  5.12227416E-05, -2.09547579E-05) (  1.11758709E-04,  2.04890966E-04)
   1.00000000      -2.00000000       1.00000000     (  1.67638063E-04,  1.11758709E-04) (  2.79396772E-05,  7.45058060E-05) ( -1.02445483E-04,  3.72529030E-05)
   1.00000000      -1.00000000       0.00000000     (  6.46105036E-05, -5.90458512E-03) (  6.46105036E-05, -5.90458512E-03) ( -9.51811671E-03,  3.32295895E-02)
   1.00000000      -1.00000000       1.00000000     ( -3.72529030E-04, -1.39698386E-04) (  1.51339918E-05,  2.98023224E-04) (  3.72529030E-04,  4.47034836E-04)
   1.00000000      -1.00000000       2.00000000     (  1.86264515E-04, -6.05359674E-05) (  1.39698386E-04, -1.30385160E-04) ( -1.74622983E-05, -3.72529030E-05)
   2.00000000       0.00000000       0.00000000     (  0.00000000    ,  0.00000000    ) ( -1.11758709E-04, -2.79396772E-04) (  1.02445483E-04, -8.38190317E-05)
   2.00000000       0.00000000       1.00000000     (  1.51339918E-05,  1.28056854E-05) ( -6.51925802E-05, -1.21071935E-04) ( -3.02679837E-05, -2.56113708E-05)
   2.00000000       1.00000000       0.00000000     ( -7.45058060E-05, -6.98491931E-05) (  1.49011612E-04,  1.39698386E-04) (  7.45058060E-05, -2.04890966E-04)
   2.00000000       1.00000000       1.00000000     ( -4.19095159E-05,  3.25962901E-05) (  1.39698386E-04, -1.86264515E-05) ( -6.05359674E-05, -4.65661287E-05)
   2.00000000      -1.00000000       0.00000000     (  4.65661287E-05,  9.45874490E-07) (  9.31322575E-05,  1.89174898E-06) (  1.02445483E-04,  3.72529030E-05)
   2.00000000      -1.00000000       1.00000000     (  5.12227416E-05,  8.38190317E-05) (  1.49011612E-04,  9.31322575E-05) (  5.12227416E-05, -8.38190317E-05)
