   0.00000000       0.00000000      -2.00000000     (  2.86847353E-03,  5.12227416E-04) ( -3.46451998E-03,  1.82539225E-03) (  0.00000000    ,  0.00000000    )
   0.00000000       0.00000000      -1.00000000     (  3.98606062E-03,  1.18091702E-02) (  3.03238630E-02,  1.16880983E-03) (  0.00000000    ,  0.00000000    )
   0.00000000       1.00000000      -2.00000000     (  2.28174031E-04,  1.18277967E-03) (  1.24797225E-03, -2.00234354E-04) (  6.23986125E-04, -1.00117177E-04)
   0.00000000       1.00000000      -1.00000000     ( -6.78002834E-03,  1.67638063E-02) ( -7.93486834E-03, -4.78699803E-03) ( -7.93486834E-03, -4.78699803E-03)
   0.00000000       2.00000000      -1.00000000     ( -9.68575478E-04, -1.13621354E-03) ( -7.54371285E-04,  3.91155481E-04) ( -1.50874257E-03,  7.82310963E-04)
   0.00000000      -2.00000000      -1.00000000     ( -6.17001206E-05,  1.69500709E-03) ( -1.24564394E-04, -3.44589353E-04) (  2.49128789E-04,  6.89178705E-04)
   0.00000000      -1.00000000      -2.00000000     (  1.76951289E-03,  1.97440386E-03) ( -2.91038305E-04, -1.02445483E-03) (  1.45519152E-04,  5.12227416E-04)
   0.00000000      -1.00000000      -1.00000000     (  1.91852450E-03, -1.45286322E-03) (  3.95812094E-03,  1.20606273E-03) ( -3.95812094E-03, -1.20606273E-03)
   1.00000000       0.00000000      -2.00000000     ( -8.94069672E-04, -3.63215804E-04) (  1.10827386E-03,  2.86847353E-03) ( -4.47034836E-04, -1.81607902E-04)
   1.00000000       0.00000000      -1.00000000     (  1.05053186E-02, -5.62518835E-03) ( -5.62518835E-03,  2.56299973E-02) (  1.05053186E-02, -5.62518835E-03)
   1.00000000       1.00000000      -2.00000000     (  9.96515155E-04,  1.21071935E-03) ( -2.36555934E-03,  6.17001206E-05) ( -6.79865479E-04,  6.33299351E-04)
   1.00000000       1.00000000      -1.00000000     ( -1.02445483E-03,  4.28408384E-03) ( -1.22934580E-03, -2.68220901E-03) ( -2.25380063E-03,  1.63912773E-03)
   1.00000000       2.00000000      -1.00000000     (  9.12696123E-04, -2.49128789E-04) ( -7.72997737E-04, -2.53785402E-04) ( -6.23986125E-04, -7.63684511E-04)
   1.00000000      -2.00000000      -1.00000000     ( -2.74740160E-04, -7.91624188E-04) (  2.27009878E-05, -2.72411853E-04) ( -3.21306288E-04, -2.46800482E-04)
   1.00000000      -1.00000000      -2.00000000     ( -1.11758709E-04, -1.34110451E-03) ( -6.79865479E-04,  1.28522515E-03) (  2.84053385E-04, -1.31316483E-03)
   1.00000000      -1.00000000      -1.00000000     ( -1.80443749E-05,  3.81842256E-04) ( -3.14321369E-04, -5.44823706E-04) (  2.95694917E-04,  9.31322575E-04)
   2.00000000       0.00000000      -1.00000000     ( -8.56816769E-04,  1.33877620E-04) (  1.57160684E-04, -1.18277967E-03) ( -1.71363354E-03,  2.67755240E-04)
   2.00000000       1.00000000      -1.00000000     ( -9.38598532E-06, -3.44589353E-04) ( -1.34110451E-03,  2.02562660E-04) ( -1.35973096E-03, -4.88944352E-04)
   2.00000000      -1.00000000      -1.00000000     (  7.26431608E-04, -4.59840521E-05) (  4.33064997E-04,  9.22009349E-04) (  1.02445483E-03, -1.01514161E-03)
