   0.00000000       0.00000000       1.00000000     (  1.59069896E-02, -5.15952706E-03) (  3.98606062E-02, -1.67638063E-02) (  0.00000000    ,  0.00000000    )
   0.00000000       0.00000000       2.00000000     (  0.00000000    ,  0.00000000    ) (  0.00000000    ,  0.00000000    ) (  0.00000000    ,  0.00000000    )
   0.00000000       1.00000000       0.00000000     ( -6.92903996E-03, -3.53902578E-03) (  0.00000000    ,  0.00000000    ) (  1.05798244E-02,  1.21071935E-02)
   0.00000000       1.00000000       1.00000000     (  8.99657607E-03,  1.03190541E-02) ( -8.54488462E-04, -1.93715096E-03) (  8.54488462E-04,  1.93715096E-03)
   0.00000000       1.00000000       2.00000000     (  0.00000000    ,  0.00000000    ) (  0.00000000    ,  0.00000000    ) (  0.00000000    ,  0.00000000    )
   0.00000000       2.00000000       0.00000000     (  0.00000000    ,  0.00000000    ) (  0.00000000    ,  0.00000000    ) (  0.00000000    ,  0.00000000    )
   0.00000000       2.00000000       1.00000000     (  0.00000000    ,  0.00000000    ) (  0.00000000    ,  0.00000000    ) (  0.00000000    ,  0.00000000    )
   0.00000000      -2.00000000       0.00000000     (  0.00000000    ,  0.00000000    ) (  0.00000000    ,  0.00000000    ) (  0.00000000    ,  0.00000000    )
   0.00000000      -2.00000000       1.00000000     (  0.00000000    ,  0.00000000    ) (  0.00000000    ,  0.00000000    ) (  0.00000000    ,  0.00000000    )
   0.00000000      -1.00000000       0.00000000     ( -6.92903996E-03,  3.53902578E-03) (  0.00000000    ,  0.00000000    ) (  1.05798244E-02, -1.21071935E-02)
   0.00000000      -1.00000000       1.00000000     ( -4.82425094E-03, -3.05473804E-02) ( -8.04662704E-03,  2.31433660E-03) ( -8.04662704E-03,  2.31433660E-03)
   0.00000000      -1.00000000       2.00000000     (  0.00000000    ,  0.00000000    ) (  0.00000000    ,  0.00000000    ) (  0.00000000    ,  0.00000000    )
   1.00000000       0.00000000       0.00000000     (  0.00000000    ,  0.00000000    ) ( -2.51084566E-02,  2.10106373E-02) (  2.16811895E-02,  6.59376383E-03)
   1.00000000       0.00000000       1.00000000     ( -3.80910933E-03,  1.85682438E-04) ( -2.13086605E-02, -1.40443444E-02) (  3.80910933E-03, -1.85682438E-04)
   1.00000000       0.00000000       2.00000000     (  0.00000000    ,  0.00000000    ) (  0.00000000    ,  0.00000000    ) (  0.00000000    ,  0.00000000    )
   1.00000000       1.00000000       0.00000000     (  4.24915925E-04,  3.45520675E-03) ( -4.24915925E-04, -3.45520675E-03) ( -8.32602382E-03,  1.18836761E-02)
   1.00000000       1.00000000       1.00000000     (  0.00000000    ,  0.00000000    ) (  0.00000000    ,  0.00000000    ) (  0.00000000    ,  0.00000000    )
   1.00000000       1.00000000       2.00000000     (  0.00000000    ,  0.00000000    ) (  0.00000000    ,  0.00000000    ) (  0.00000000    ,  0.00000000    )
   1.00000000       2.00000000       0.00000000     (  0.00000000    ,  0.00000000    ) (  0.00000000    ,  0.00000000    ) (  0.00000000    ,  0.00000000    )
   1.00000000       2.00000000       1.00000000     (  0.00000000    ,  0.00000000    ) (  0.00000000    ,  0.00000000    ) (  0.00000000    ,  0.00000000    )
   1.00000000      -2.00000000       0.00000000     (  0.00000000    ,  0.00000000    ) (  0.00000000    ,  0.00000000    ) (  0.00000000    ,  0.00000000    )
   1.00000000      -2.00000000       1.00000000     (  0.00000000    ,  0.00000000    ) (  0.00000000    ,  0.00000000    ) (  0.00000000    ,  0.00000000    )
   1.00000000      -1.00000000       0.00000000     ( -8.67294148E-05, -6.18398190E-03) ( -8.67294148E-05, -6.18398190E-03) ( -9.76026058E-03,  3.22610140E-02)
   1.00000000      -1.00000000       1.00000000     (  0.00000000    ,  0.00000000    ) (  0.00000000    ,  0.00000000    ) (  0.00000000    ,  0.00000000    )
   1.00000000      -1.00000000       2.00000000     (  0.00000000    ,  0.00000000    ) (  0.00000000    ,  0.00000000    ) (  0.00000000    ,  0.00000000    )
   2.00000000       0.00000000       0.00000000     (  0.00000000    ,  0.00000000    ) (  0.00000000    ,  0.00000000    ) (  0.00000000    ,  0.00000000    )
   2.00000000       0.00000000       1.00000000     (  0.00000000    ,  0.00000000    ) (  0.00000000    ,  0.00000000    ) (  0.00000000    ,  0.00000000    )
   2.00000000       1.00000000       0.00000000     (  0.00000000    ,  0.00000000    ) (  0.00000000    ,  0.00000000    ) (  0.00000000    ,  0.00000000    )
   2.00000000       1.00000000       1.00000000     (  0.00000000    ,  0.00000000    ) (  0.00000000    ,  0.00000000    ) (  0.00000000    ,  0.00000000    )
   2.00000000      -1.00000000       0.00000000     (  0.00000000    ,  0.00000000    ) (  0.00000000    ,  0.00000000    ) (  0.00000000    ,  0.00000000    )
   2.00000000      -1.00000000       1.00000000     (  0.00000000    ,  0.00000000    ) (  0.00000000    ,  0.00000000    ) (  0.00000000    ,  0.00000000    )
