   0.00000000       0.00000000      -2.00000000     (  1.29453838E-03,  2.66358256E-03) ( -2.16066837E-03, -1.94995664E-05) (  0.00000000    ,  0.00000000    )
   0.00000000       0.00000000      -1.00000000     (  1.76578760E-02,  5.34346327E-04) (  3.44216824E-02,  2.07126141E-02) (  0.00000000    ,  0.00000000    )
   0.00000000       1.00000000      -2.00000000     (  1.17346644E-03, -1.59161573E-07) ( -6.98491931E-04,  8.84756446E-04) ( -3.49245965E-04,  4.42378223E-04)
   0.00000000       1.00000000      -1.00000000     ( -2.16066837E-03,  2.96533108E-02) ( -5.69969416E-03, -2.43075192E-03) ( -5.69969416E-03, -2.43075192E-03)
   0.00000000       2.00000000      -1.00000000     ( -1.71363354E-03,  2.72411853E-04) (  1.59488991E-04,  7.26431608E-04) (  3.18977982E-04,  1.45286322E-03)
   0.00000000      -2.00000000      -1.00000000     (  2.16066837E-03,  9.31322575E-04) ( -7.45058060E-04, -2.23517418E-04) (  1.49011612E-03,  4.47034836E-04)
   0.00000000      -1.00000000      -2.00000000     ( -1.05239451E-03,  9.31322575E-04) ( -9.40635800E-04, -2.28174031E-04) (  4.70317900E-04,  1.14087015E-04)
   0.00000000      -1.00000000      -1.00000000     (  7.91624188E-03, -1.00955367E-02) ( -2.32364982E-03,  3.11993062E-03) (  2.32364982E-03, -3.11993062E-03)
   1.00000000       0.00000000      -2.00000000     ( -1.03376806E-03,  2.64844857E-05) ( -1.06170774E-03,  1.19209290E-03) ( -5.16884029E-04,  1.32422429E-05)
   1.00000000       0.00000000      -1.00000000     (  8.75443220E-03, -4.95463610E-03) ( -9.61124897E-03,  8.96397978E-04) (  8.75443220E-03, -4.95463610E-03)
   1.00000000       1.00000000      -2.00000000     ( -7.91624188E-04, -2.67755240E-04) (  9.03382897E-04, -2.30967999E-03) (  5.82076609E-05, -1.28522515E-03)
   1.00000000       1.00000000      -1.00000000     ( -1.88127160E-03,  1.50874257E-03) (  2.47731805E-03,  4.33064997E-04) (  6.10016286E-04,  1.95577741E-03)
   1.00000000       2.00000000      -1.00000000     (  4.74974513E-04, -1.72294676E-04) ( -7.21774995E-04, -5.40167093E-04) ( -9.68575478E-04, -1.24797225E-03)
   1.00000000      -2.00000000      -1.00000000     (  1.63912773E-03,  4.98257577E-04) (  1.06170774E-03,  6.28642738E-04) ( -4.70317900E-04, -7.54371285E-04)
   1.00000000      -1.00000000      -2.00000000     (  8.75443220E-04, -9.31322575E-04) (  1.22003257E-03, -6.75208867E-04) ( -1.71130523E-04, -1.26892701E-04)
   1.00000000      -1.00000000      -1.00000000     ( -3.20142135E-05,  1.95577741E-03) ( -1.36904418E-03,  1.03376806E-03) (  1.34110451E-03,  9.22009349E-04)
   2.00000000       0.00000000      -1.00000000     ( -5.30853868E-04, -3.37604433E-04) (  5.02914190E-04, -3.28291208E-04) ( -1.06170774E-03, -6.75208867E-04)
   2.00000000       1.00000000      -1.00000000     (  3.32947820E-04,  3.35276127E-04) ( -2.84053385E-04,  3.53902578E-04) (  3.81842256E-04,  1.02445483E-03)
   2.00000000      -1.00000000      -1.00000000     (  3.81842256E-04,  8.90577212E-05) (  1.32247806E-03, -1.21071935E-03) ( -5.58793545E-04,  1.38767064E-03)
