   0.00000000       0.00000000       1.00000000     (  2.59838998E-03, -1.12876296E-02) (  2.69711018E-02,  5.44823706E-04) (  0.00000000    ,  0.00000000    )
   0.00000000       0.00000000       2.00000000     (  4.43309546E-03, -8.00937414E-04) ( -5.84870577E-03, -3.29688191E-03) (  0.00000000    ,  0.00000000    )
   0.00000000       1.00000000       0.00000000     (  4.17232513E-03, -3.27825546E-03) (  0.00000000    ,  0.00000000    ) (  1.49756670E-02, -1.95577741E-03)
   0.00000000       1.00000000       1.00000000     (  3.11993062E-04,  4.44706529E-04) (  4.04193997E-03, -1.22003257E-03) ( -4.04193997E-03,  1.22003257E-03)
   0.00000000       1.00000000       2.00000000     (  3.05473804E-03, -3.16649675E-03) ( -6.05359674E-04,  1.71363354E-03) (  3.02679837E-04, -8.56816769E-04)
   0.00000000       2.00000000       0.00000000     (  1.63912773E-03,  2.98023224E-03) (  0.00000000    ,  0.00000000    ) ( -2.32830644E-04,  1.72294676E-03)
   0.00000000       2.00000000       1.00000000     ( -5.49480319E-04, -3.03611159E-03) ( -4.12110239E-04,  8.61473382E-04) (  8.24220479E-04, -1.72294676E-03)
   0.00000000      -2.00000000       0.00000000     (  1.63912773E-03, -2.98023224E-03) (  0.00000000    ,  0.00000000    ) ( -2.32830644E-04, -1.72294676E-03)
   0.00000000      -2.00000000       1.00000000     ( -1.04308128E-03,  1.48080289E-03) ( -9.40635800E-04, -2.72411853E-04) ( -1.88127160E-03, -5.44823706E-04)
   0.00000000      -1.00000000       0.00000000     (  4.17232513E-03,  3.27825546E-03) (  0.00000000    ,  0.00000000    ) (  1.49756670E-02,  1.95577741E-03)
   0.00000000      -1.00000000       1.00000000     ( -6.78002834E-03, -1.44168735E-02) ( -7.17118382E-03,  5.04776835E-03) ( -7.17118382E-03,  5.04776835E-03)
   0.00000000      -1.00000000       2.00000000     ( -1.51339918E-04, -1.96509063E-03) (  1.69500709E-03,  5.54136932E-04) (  8.47503543E-04,  2.77068466E-04)
   1.00000000       0.00000000       0.00000000     (  0.00000000    ,  0.00000000    ) ( -2.65240669E-02,  1.16974115E-02) (  1.44168735E-02, -4.17232513E-03)
   1.00000000       0.00000000       1.00000000     ( -1.82539225E-03, -1.09896064E-03) ( -3.04542482E-03, -1.15483999E-02) (  1.82539225E-03,  1.09896064E-03)
   1.00000000       0.00000000       2.00000000     ( -2.66358256E-03, -1.53668225E-03) (  1.95577741E-04,  1.20140612E-03) (  1.33179128E-03,  7.68341124E-04)
   1.00000000       1.00000000       0.00000000     (  2.75671482E-03,  2.01165676E-03) ( -2.75671482E-03, -2.01165676E-03) (  4.37721610E-03,  1.07288361E-02)
   1.00000000       1.00000000       1.00000000     ( -4.91272658E-04,  9.95351002E-05) ( -9.87201929E-04,  1.96509063E-03) (  1.48080289E-03, -2.06753612E-03)
   1.00000000       1.00000000       2.00000000     ( -2.53319740E-03,  4.00468707E-04) (  1.79745257E-03,  1.68569386E-03) (  3.63215804E-04, -1.04308128E-03)
   1.00000000       2.00000000       0.00000000     (  2.84053385E-04,  2.17929482E-03) ( -1.42026693E-04, -1.08964741E-03) ( -1.85333192E-03,  5.72763383E-04)
   1.00000000       2.00000000       1.00000000     (  1.76951289E-03,  1.25728548E-03) ( -6.33299351E-04, -4.47034836E-04) ( -4.98257577E-04, -3.60887498E-04)
   1.00000000      -2.00000000       0.00000000     (  8.42846930E-04,  7.96280801E-04) (  4.21423465E-04,  3.98140401E-04) ( -1.61118805E-03,  1.80443749E-04)
   1.00000000      -2.00000000       1.00000000     ( -1.54599547E-03,  3.32947820E-04) ( -4.74974513E-04,  6.19329512E-04) (  6.00703061E-04,  9.08039510E-04)
   1.00000000      -1.00000000       0.00000000     (  3.12924385E-03, -5.00585884E-04) (  3.12924385E-03, -5.00585884E-04) ( -4.93600965E-03,  1.41561031E-02)
   1.00000000      -1.00000000       1.00000000     (  2.55182385E-03,  2.45869160E-03) ( -2.30502337E-04, -3.65078449E-03) ( -2.77534127E-03, -6.10947609E-03)
   1.00000000      -1.00000000       2.00000000     ( -3.24100256E-03, -8.89413059E-04) (  1.04308128E-03,  2.95694917E-04) (  2.14204192E-03,  5.91389835E-04)
   2.00000000       0.00000000       0.00000000     (  0.00000000    ,  0.00000000    ) ( -7.96280801E-04,  3.01748514E-03) ( -9.96515155E-04, -1.36904418E-03)
   2.00000000       0.00000000       1.00000000     ( -4.93600965E-04,  4.65661287E-04) ( -1.89058483E-03, -1.11758709E-03) (  9.87201929E-04, -9.31322575E-04)
   2.00000000       1.00000000       0.00000000     ( -2.81725079E-04, -4.63332981E-04) (  5.63450158E-04,  9.26665962E-04) (  5.54136932E-04,  1.17346644E-03)
   2.00000000       1.00000000       1.00000000     ( -2.95694917E-04,  8.20728019E-05) ( -8.61473382E-04,  8.38190317E-04) (  1.45286322E-03, -1.00117177E-03)
   2.00000000      -1.00000000       0.00000000     ( -1.61118805E-03, -1.05239451E-03) ( -3.22237611E-03, -2.10478902E-03) (  1.32247806E-03,  2.84984708E-03)
   2.00000000      -1.00000000       1.00000000     (  7.45058060E-04, -1.69500709E-03) ( -7.35744834E-04,  3.25962901E-05) ( -2.21654773E-03,  3.42726707E-03)
