   0.00000000       0.00000000       1.00000000     (  1.61305070E-02, -4.39584255E-03) (  3.91155481E-02, -1.73598528E-02) (  0.00000000    ,  0.00000000    )
   0.00000000       0.00000000       2.00000000     (  2.60770321E-04, -2.98023224E-04) ( -2.98023224E-04,  3.95812094E-05) (  0.00000000    ,  0.00000000    )
   0.00000000       1.00000000       0.00000000     ( -7.67409801E-03, -3.29688191E-03) (  0.00000000    ,  0.00000000    ) (  9.96515155E-03,  1.25169754E-02)
   0.00000000       1.00000000       1.00000000     (  8.84756446E-03,  1.04308128E-02) ( -1.14319846E-03, -2.04890966E-03) (  1.14319846E-03,  2.04890966E-03)
   0.00000000       1.00000000       2.00000000     ( -4.88944352E-05, -1.39698386E-04) ( -1.11758709E-04,  6.05359674E-05) (  5.58793545E-05, -3.02679837E-05)
   0.00000000       2.00000000       0.00000000     (  7.45058060E-05,  3.16649675E-04) (  0.00000000    ,  0.00000000    ) ( -4.09781933E-04,  1.30385160E-04)
   0.00000000       2.00000000       1.00000000     (  3.72529030E-04, -9.77888703E-05) ( -1.11758709E-04, -2.21189111E-05) (  2.23517418E-04,  4.42378223E-05)
   0.00000000      -2.00000000       0.00000000     (  7.45058060E-05, -3.16649675E-04) (  0.00000000    ,  0.00000000    ) ( -4.09781933E-04, -1.30385160E-04)
   0.00000000      -2.00000000       1.00000000     ( -1.02445483E-04, -6.05359674E-05) ( -1.86264515E-05, -1.39698386E-04) ( -3.72529030E-05, -2.79396772E-04)
   0.00000000      -1.00000000       0.00000000     ( -7.67409801E-03,  3.29688191E-03) (  0.00000000    ,  0.00000000    ) (  9.96515155E-03, -1.25169754E-02)
   0.00000000      -1.00000000       1.00000000     ( -4.45172191E-03, -3.05473804E-02) ( -7.72997737E-03,  2.21654773E-03) ( -7.72997737E-03,  2.21654773E-03)
   0.00000000      -1.00000000       2.00000000     (  2.04890966E-04, -9.89530236E-06) (  5.23868948E-06, -1.11758709E-04) (  2.61934474E-06, -5.58793545E-05)
   1.00000000       0.00000000       0.00000000     (  0.00000000    ,  0.00000000    ) ( -2.39908695E-02,  2.04145908E-02) (  2.19792128E-02,  7.33882189E-03)
   1.00000000       0.00000000       1.00000000     ( -3.65078449E-03, -6.02085493E-06) ( -2.18302011E-02, -1.32247806E-02) (  3.65078449E-03,  6.02085493E-06)
   1.00000000       0.00000000       2.00000000     ( -2.42143869E-04,  1.16415322E-05) (  1.58324838E-04,  1.49011612E-04) (  1.21071935E-04, -5.82076609E-06)
   1.00000000       1.00000000       0.00000000     (  2.50875019E-04,  3.13855708E-03) ( -2.50875019E-04, -3.13855708E-03) ( -8.67992640E-03,  1.18091702E-02)
   1.00000000       1.00000000       1.00000000     (  9.77888703E-05,  3.49245965E-05) ( -4.09781933E-04, -2.44472176E-05) (  3.16649675E-04, -1.10594556E-05)
   1.00000000       1.00000000       2.00000000     ( -4.84287739E-04,  4.19095159E-05) (  9.31322575E-05,  2.23517418E-04) (  1.95577741E-04, -1.30385160E-04)
   1.00000000       2.00000000       0.00000000     (  1.86264515E-04, -6.05359674E-05) ( -9.31322575E-05,  3.02679837E-05) ( -1.39698386E-04,  2.04890966E-04)
   1.00000000       2.00000000       1.00000000     (  4.65661287E-06,  7.45058060E-05) ( -1.21071935E-04,  4.42378223E-05) (  2.42143869E-04, -1.67638063E-04)
   1.00000000      -2.00000000       0.00000000     ( -1.86264515E-04,  2.44472176E-05) ( -9.31322575E-05,  1.22236088E-05) ( -1.76951289E-04, -2.79396772E-04)
   1.00000000      -2.00000000       1.00000000     ( -2.04890966E-04, -1.39698386E-04) ( -4.88944352E-05, -9.77888703E-05) (  1.21071935E-04, -6.05359674E-05)
   1.00000000      -1.00000000       0.00000000     ( -1.75787136E-04, -6.38887286E-03) ( -1.75787136E-04, -6.38887286E-03) ( -9.90927219E-03,  3.14414501E-02)
   1.00000000      -1.00000000       1.00000000     (  4.84287739E-04,  1.76951289E-04) ( -3.95812094E-05, -4.09781933E-04) ( -5.21540642E-04, -5.96046448E-04)
   1.00000000      -1.00000000       2.00000000     ( -2.60770321E-04,  1.49011612E-04) ( -2.04890966E-04,  1.86264515E-04) (  2.79396772E-05,  1.97906047E-05)
   2.00000000       0.00000000       0.00000000     (  0.00000000    ,  0.00000000    ) (  1.67638063E-04,  4.09781933E-04) ( -1.21071935E-04,  1.76951289E-04)
   2.00000000       0.00000000       1.00000000     ( -2.91038305E-06, -4.19095159E-05) (  1.11758709E-04,  2.04890966E-04) (  5.82076609E-06,  8.38190317E-05)
   2.00000000       1.00000000       0.00000000     (  9.77888703E-05,  1.21071935E-04) ( -1.95577741E-04, -2.42143869E-04) ( -1.67638063E-04,  3.35276127E-04)
   2.00000000       1.00000000       1.00000000     (  7.91624188E-05, -2.21189111E-05) ( -1.86264515E-04, -4.42378223E-05) (  2.79396772E-05,  8.84756446E-05)
   2.00000000      -1.00000000       0.00000000     ( -6.05359674E-05,  1.74622983E-05) ( -1.21071935E-04,  3.49245965E-05) ( -1.67638063E-04, -4.88944352E-05)
   2.00000000      -1.00000000       1.00000000     ( -8.38190317E-05, -8.38190317E-05) ( -2.60770321E-04, -1.11758709E-04) ( -9.77888703E-05,  6.05359674E-05)
