   0.00000000       0.00000000      -2.00000000     (  3.05473804E-03,  5.44823706E-04) ( -3.76254320E-03,  2.01165676E-03) (  0.00000000    ,  0.00000000    )
   0.00000000       0.00000000      -1.00000000     (  3.74391675E-03,  1.16601586E-02) (  2.96533108E-02,  9.03382897E-04) (  0.00000000    ,  0.00000000    )
   0.00000000       1.00000000      -2.00000000     (  1.97906047E-04,  1.28522515E-03) (  1.32247806E-03, -2.32830644E-04) (  6.61239028E-04, -1.16415322E-04)
   0.00000000       1.00000000      -1.00000000     ( -6.72414899E-03,  1.63167715E-02) ( -7.76723027E-03, -4.80562449E-03) ( -7.76723027E-03, -4.80562449E-03)
   0.00000000       2.00000000      -1.00000000     ( -1.00582838E-03, -1.20140612E-03) ( -7.91624188E-04,  3.86498868E-04) ( -1.58324838E-03,  7.72997737E-04)
   0.00000000      -2.00000000      -1.00000000     ( -1.19907781E-04,  1.86264515E-03) ( -1.50175765E-04, -4.05125320E-04) (  3.00351530E-04,  8.10250640E-04)
   0.00000000      -1.00000000      -2.00000000     (  1.91852450E-03,  2.12341547E-03) ( -3.21306288E-04, -1.11758709E-03) (  1.60653144E-04,  5.58793545E-04)
   0.00000000      -1.00000000      -1.00000000     (  1.67638063E-03, -1.29453838E-03) (  3.94880772E-03,  1.20140612E-03) ( -3.94880772E-03, -1.20140612E-03)
   1.00000000       0.00000000      -2.00000000     ( -9.49949026E-04, -3.91155481E-04) (  1.16415322E-03,  3.09199095E-03) ( -4.74974513E-04, -1.95577741E-04)
   1.00000000       0.00000000      -1.00000000     (  1.03563070E-02, -5.56930900E-03) ( -5.49480319E-03,  2.54809856E-02) (  1.03563070E-02, -5.56930900E-03)
   1.00000000       1.00000000      -2.00000000     (  1.08033419E-03,  1.30385160E-03) ( -2.57045031E-03,  9.42964107E-05) ( -7.45058060E-04,  6.98491931E-04)
   1.00000000       1.00000000      -1.00000000     ( -1.01514161E-03,  4.58210707E-03) ( -1.32247806E-03, -2.83122063E-03) ( -2.34693289E-03,  1.73225999E-03)
   1.00000000       2.00000000      -1.00000000     (  1.01514161E-03, -2.67755240E-04) ( -8.19563866E-04, -2.72411853E-04) ( -6.28642738E-04, -8.10250640E-04)
   1.00000000      -2.00000000      -1.00000000     ( -2.79396772E-04, -8.38190317E-04) (  1.17870513E-05, -2.86381692E-04) ( -3.05008143E-04, -2.63098627E-04)
   1.00000000      -1.00000000      -2.00000000     ( -1.51339918E-04, -1.45286322E-03) ( -7.07805157E-04,  1.41561031E-03) (  2.79396772E-04, -1.43423676E-03)
   1.00000000      -1.00000000      -1.00000000     ( -3.02679837E-05,  4.00468707E-04) ( -3.37604433E-04, -6.37955964E-04) (  3.07336450E-04,  1.03376806E-03)
   2.00000000       0.00000000      -1.00000000     ( -9.12696123E-04,  1.42026693E-04) (  1.32713467E-04, -1.22934580E-03) ( -1.82539225E-03,  2.84053385E-04)
   2.00000000       1.00000000      -1.00000000     ( -6.62112143E-06, -3.58559191E-04) ( -1.45286322E-03,  1.55996531E-04) ( -1.47148967E-03, -5.58793545E-04)
   2.00000000      -1.00000000      -1.00000000     (  7.82310963E-04, -6.11180440E-05) (  4.84287739E-04,  9.77888703E-04) (  1.07102096E-03, -1.09896064E-03)
