    0.000000        0.000000        1.000000      (2.2351742E-02,1.2405217E-02)
   (-1.4193356E-02,-1.7732382E-02)  (0.000000,0.000000)
    0.000000        0.000000        2.000000      
 (2.5983900E-03,-3.1082891E-04)  (3.3341348E-03,2.9336661E-03)  
 (0.000000,0.000000)
    0.000000        1.000000        0.000000      (3.5297126E-03,3.8743019E-03)
   (0.000000,0.000000)  (5.0663948E-03,-6.2631443E-04)
    0.000000        1.000000        1.000000      (6.3143671E-03,8.3819032E-03)
   (4.9173832E-03,-4.2282045E-03)  (-4.9173832E-03,4.2282045E-03)
    0.000000        1.000000        2.000000      
 (-5.0850213E-03,-9.9651515E-04)  (-8.3819032E-04,-2.3283064E-03)  
 (4.1909516E-04,1.1641532E-03)
    0.000000        2.000000        0.000000      
 (-2.8405339E-03,1.3783574E-03)  (0.000000,0.000000)  
 (1.2991950E-03,1.8719584E-03)
    0.000000        2.000000        1.000000      
 (2.4214387E-03,-1.8067658E-03)  (-9.1735274E-04,-4.7497451E-04)  
 (1.8347055E-03,9.4994903E-04)
    0.000000       -2.000000        0.000000      
 (-2.8405339E-03,-1.3783574E-03)  (0.000000,0.000000)  
 (1.2991950E-03,-1.8719584E-03)
    0.000000       -2.000000        1.000000      
 (-5.8114529E-03,-6.6682696E-03)  (-1.2014061E-03,-1.9441359E-04)  
 (-2.4028122E-03,-3.8882717E-04)
    0.000000       -1.000000        0.000000      
 (3.5297126E-03,-3.8743019E-03)  (0.000000,0.000000)  
 (5.0663948E-03,6.2631443E-04)
    0.000000       -1.000000        1.000000      
 (9.4994903E-03,-3.9860606E-03)  (-9.1269612E-04,-6.0908496E-03)  
 (-9.1269612E-04,-6.0908496E-03)
    0.000000       -1.000000        2.000000      
 (-7.7486038E-03,-1.0104850E-03)  (-2.4214387E-03,-2.8871000E-03)  
 (-1.2107193E-03,-1.4435500E-03)
    1.000000        0.000000        0.000000      (0.000000,0.000000)  
 (-2.9951334E-02,6.7800283E-03)  (1.6242266E-02,2.0414591E-02)
    1.000000        0.000000        1.000000      
 (-4.2095780E-03,-2.0675361E-03)  (-1.5571713E-02,1.3671815E-02)  
 (4.2095780E-03,2.0675361E-03)
    1.000000        0.000000        2.000000      (4.5110937E-05,1.6205013E-03)
   (2.7287751E-03,4.3958426E-03)  (-2.2555469E-05,-8.1025064E-04)
    1.000000        1.000000        0.000000      
 (1.6670674E-03,-1.2293458E-03)  (-1.6670674E-03,1.2293458E-03)  
 (-7.5960997E-05,4.0978193E-03)
    1.000000        1.000000        1.000000      (1.7136335E-03,3.1385571E-03)
   (-2.6077032E-03,-3.2689422E-03)  (8.9406967E-04,1.2805685E-04)
    1.000000        1.000000        2.000000      
 (-2.6077032E-03,1.8253922E-03)  (5.1921234E-04,-1.5366822E-03)  
 (1.0430813E-03,-1.4610123E-04)
    1.000000        2.000000        0.000000      (3.1292439E-03,1.6577542E-03)
   (-1.5646219E-03,-8.2887709E-04)  (1.2433156E-03,3.9301813E-03)
    1.000000        2.000000        1.000000      (1.2898818E-03,1.6437843E-03)
   (-1.6251579E-03,6.1001629E-04)  (1.9650906E-03,-2.8591603E-03)
    1.000000       -2.000000        0.000000      (1.3876706E-03,2.5797635E-03)
   (6.9383532E-04,1.2898818E-03)  (-2.5238842E-03,-1.4202669E-04)
    1.000000       -2.000000        1.000000      
 (-2.6356429E-03,-1.6950071E-03)  (-1.3457611E-03,-1.4109537E-03)  
 (-5.2677933E-05,-1.1269003E-03)
    1.000000       -1.000000        0.000000      
 (9.3597919E-04,-2.5494955E-04)  (9.3597919E-04,-2.5494955E-04)  
 (-7.4133277E-03,2.3934990E-03)
    1.000000       -1.000000        1.000000      
 (6.7427754E-03,-4.8242509E-03)  (1.5646219E-03,-2.6728958E-03)  
 (-5.1781535E-03,2.1606684E-03)
    1.000000       -1.000000        2.000000      
 (-3.7811697E-03,-1.8160790E-03)  (-5.0663948E-03,-3.0267984E-03)  
 (-6.4494088E-04,-6.0535967E-04)
    2.000000        0.000000        0.000000      (0.000000,0.000000)  
 (5.5693090E-03,-3.5273843E-04)  (-7.6601282E-04,-1.1408702E-03)
    2.000000        0.000000        1.000000      
 (-6.9849193E-04,3.4086406E-03)  (1.5087426E-03,4.4889748E-03)  
 (1.3969839E-03,-6.8172812E-03)
    2.000000        1.000000        0.000000      
 (-1.1455268E-03,-2.3189932E-03)  (2.2910535E-03,4.6379864E-03)  
 (-5.0477684E-03,5.5320561E-03)
    2.000000        1.000000        1.000000      (1.6856939E-03,1.7508864E-03)
   (-1.0849908E-03,-7.0035458E-03)  (-2.2910535E-03,3.5017729E-03)
    2.000000       -1.000000        0.000000      
 (-3.5017729E-03,-1.4528632E-03)  (-7.0035458E-03,-2.9057264E-03)  
 (-1.1501834E-03,2.4959445E-03)
    2.000000       -1.000000        1.000000      
 (-1.8626451E-03,1.1269003E-03)  (-5.9138983E-04,4.7311187E-03)  
 (3.1292439E-03,2.4773180E-03)
