    0.000000        0.000000        1.000000      (2.3022294E-02,1.2367964E-02)
   (-4.7497451E-03,-1.9818544E-02)  (0.000000,0.000000)
    0.000000        0.000000        2.000000      
 (8.5681677E-03,-2.5657937E-03)  (5.3178519E-03,3.0267984E-03)  
 (0.000000,0.000000)
    0.000000        1.000000        0.000000      
 (-1.6705599E-04,1.1473894E-02)  (0.000000,0.000000)  
 (2.9709190E-03,-3.4458935E-03)
    0.000000        1.000000        1.000000      
 (3.9674342E-03,-7.4040145E-04)  (7.3388219E-03,-5.9790909E-03)  
 (-7.3388219E-03,5.9790909E-03)
    0.000000        1.000000        2.000000      
 (-8.5122883E-03,-2.2491440E-03)  (-8.3260238E-03,4.5401976E-05)  
 (4.1630119E-03,-2.2700988E-05)
    0.000000        2.000000        0.000000      
 (-5.7974830E-04,-4.6472996E-03)  (0.000000,0.000000)  
 (-2.8498471E-03,2.1653250E-03)
    0.000000        2.000000        1.000000      
 (1.1008233E-02,-2.8358772E-03)  (-2.0663720E-04,-2.5657937E-03)  
 (4.1327439E-04,5.1315874E-03)
    0.000000       -2.000000        0.000000      
 (-5.7974830E-04,4.6472996E-03)  (0.000000,0.000000)  
 (-2.8498471E-03,-2.1653250E-03)
    0.000000       -2.000000        1.000000      
 (-1.2665987E-02,-9.3691051E-03)  (-3.9394945E-03,1.0058284E-03)  
 (-7.8789890E-03,2.0116568E-03)
    0.000000       -1.000000        0.000000      
 (-1.6705599E-04,-1.1473894E-02)  (0.000000,0.000000)  
 (2.9709190E-03,3.4458935E-03)
    0.000000       -1.000000        1.000000      
 (7.3760748E-03,-9.7230077E-03)  (-2.7846545E-03,-3.6507845E-03)  
 (-2.7846545E-03,-3.6507845E-03)
    0.000000       -1.000000        2.000000      
 (-1.0840595E-02,3.0826777E-03)  (-8.3586201E-04,5.0291419E-03)  
 (-4.1793101E-04,2.5145710E-03)
    1.000000        0.000000        0.000000      (0.000000,0.000000)  
 (-2.4586916E-02,4.9546361E-03)  (2.1085143E-02,1.8924475E-02)
    1.000000        0.000000        1.000000      
 (-3.5041012E-04,-4.4330955E-03)  (-2.3171306E-02,1.6093254E-02)  
 (3.5041012E-04,4.4330955E-03)
    1.000000        0.000000        2.000000      (1.2689270E-03,1.4482066E-03)
   (5.3830445E-03,1.0076910E-02)  (-6.3446350E-04,-7.2410330E-04)
    1.000000        1.000000        0.000000      
 (4.7497451E-03,-9.3597919E-04)  (-4.7497451E-03,9.3597919E-04)  
 (-4.7497451E-03,2.1047890E-03)
    1.000000        1.000000        1.000000      
 (-1.8719584E-03,3.0826777E-03)  (5.8906153E-04,-1.8533319E-03)  
 (1.2805685E-03,-1.2223609E-03)
    1.000000        1.000000        2.000000      
 (-3.3900142E-03,-1.3108365E-03)  (-2.5564805E-03,-5.9045851E-03)  
 (2.9709190E-03,3.6135316E-03)
    1.000000        2.000000        0.000000      
 (-1.8684659E-04,4.0885061E-03)  (9.3423296E-05,-2.0442531E-03)  
 (2.3329630E-03,1.0877848E-02)
    1.000000        2.000000        1.000000      (5.8859587E-03,4.3679029E-03)
   (-1.4714897E-03,-1.4016405E-03)  (-2.9336661E-03,-1.5646219E-03)
    1.000000       -2.000000        0.000000      
 (-9.7323209E-04,4.8615038E-03)  (-4.8661605E-04,2.4307519E-03)  
 (-6.5565109E-03,-8.3586201E-04)
    1.000000       -2.000000        1.000000      
 (-1.4039688E-03,9.2200935E-04)  (-3.7136488E-04,1.7043203E-03)  
 (6.6123903E-04,2.4866313E-03)
    1.000000       -1.000000        0.000000      
 (-3.7066638E-03,-6.5425411E-04)  (-3.7066638E-03,-6.5425411E-04)  
 (-4.8428774E-03,4.1164458E-03)
    1.000000       -1.000000        1.000000      (1.3932586E-02,6.3516200E-03)
   (5.0198287E-03,6.3516200E-03)  (-8.9034438E-03,-3.5197445E-06)
    1.000000       -1.000000        2.000000      (3.0733645E-04,3.7439167E-03)
   (-5.1804818E-04,-2.1606684E-03)  (-4.1327439E-04,-2.9522926E-03)
    2.000000        0.000000        0.000000      (0.000000,0.000000)  
 (1.4789402E-02,-7.1898103E-03)  (-1.6856939E-03,4.4237822E-03)
    2.000000        0.000000        1.000000      
 (-4.9546361E-03,2.9709190E-03)  (5.7369471E-03,1.3038516E-02)  
 (9.9092722E-03,-5.9418380E-03)
    2.000000        1.000000        0.000000      
 (-1.7415732E-03,-1.1641532E-03)  (3.4831464E-03,2.3283064E-03)  
 (-4.9918890E-03,-1.5413389E-03)
    2.000000        1.000000        1.000000      (3.5297126E-03,5.8859587E-03)
   (-6.4261258E-03,-1.2852252E-02)  (-6.4144842E-04,1.1012889E-03)
    2.000000       -1.000000        0.000000      
 (-3.0209776E-04,-2.7008355E-03)  (-6.0419552E-04,-5.4016709E-03)  
 (2.0815060E-03,4.0605664E-03)
    2.000000       -1.000000        1.000000      
 (-5.6810677E-03,1.1106022E-03)  (-6.0349703E-03,1.3737008E-03)  
 (5.3271651E-03,-8.4750354E-04)
