    0.000000        0.000000        1.000000      (2.2053719E-02,1.2218952E-02)
   (-1.3783574E-02,-1.7434359E-02)  (0.000000,0.000000)
    0.000000        0.000000        2.000000      
 (2.8405339E-03,-3.9814040E-04)  (3.5762787E-03,3.1385571E-03)  
 (0.000000,0.000000)
    0.000000        1.000000        0.000000      (3.3527613E-03,4.1350722E-03)
   (0.000000,0.000000)  (4.9173832E-03,-7.1711838E-04)
    0.000000        1.000000        1.000000      (6.1281025E-03,7.9721212E-03)
   (4.9360096E-03,-4.1909516E-03)  (-4.9360096E-03,4.1909516E-03)
    0.000000        1.000000        2.000000      
 (-5.4016709E-03,-1.0989606E-03)  (-1.0337681E-03,-2.4121255E-03)  
 (5.1688403E-04,1.2060627E-03)
    0.000000        2.000000        0.000000      
 (-3.0733645E-03,1.3923272E-03)  (0.000000,0.000000)  
 (1.2619421E-03,1.9557774E-03)
    0.000000        2.000000        1.000000      
 (2.7939677E-03,-1.9185245E-03)  (-9.2666596E-04,-5.4249540E-04)  
 (1.8533319E-03,1.0849908E-03)
    0.000000       -2.000000        0.000000      
 (-3.0733645E-03,-1.3923272E-03)  (0.000000,0.000000)  
 (1.2619421E-03,-1.9557774E-03)
    0.000000       -2.000000        1.000000      
 (-6.3516200E-03,-7.1525574E-03)  (-1.3597310E-03,-1.5075784E-04)  
 (-2.7194619E-03,-3.0151568E-04)
    0.000000       -1.000000        0.000000      
 (3.3527613E-03,-4.1350722E-03)  (0.000000,0.000000)  
 (4.9173832E-03,7.1711838E-04)
    0.000000       -1.000000        1.000000      
 (9.1642141E-03,-4.0046871E-03)  (-9.5460564E-04,-5.9604645E-03)  
 (-9.5460564E-04,-5.9604645E-03)
    0.000000       -1.000000        2.000000      
 (-8.2701445E-03,-9.8720193E-04)  (-2.5425106E-03,-2.9057264E-03)  
 (-1.2712553E-03,-1.4528632E-03)
    1.000000        0.000000        0.000000      (0.000000,0.000000)  
 (-2.9355288E-02,6.5937638E-03)  (1.6093254E-02,2.0042062E-02)
    1.000000        0.000000        1.000000      
 (-4.0605664E-03,-2.1141022E-03)  (-1.5646219E-02,1.3560057E-02)  
 (4.0605664E-03,2.1141022E-03)
    1.000000        0.000000        2.000000      (5.4133125E-05,1.6996637E-03)
   (2.9057264E-03,4.8242509E-03)  (-2.7066562E-05,-8.4983185E-04)
    1.000000        1.000000        0.000000      
 (1.7601997E-03,-1.2479722E-03)  (-1.7601997E-03,1.2479722E-03)  
 (-1.8510036E-04,3.9301813E-03)
    1.000000        1.000000        1.000000      (1.8067658E-03,3.3061951E-03)
   (-2.7753413E-03,-3.3807009E-03)  (9.6391886E-04,7.2177500E-05)
    1.000000        1.000000        2.000000      
 (-2.7939677E-03,1.8998981E-03)  (5.1222742E-04,-1.7601997E-03)  
 (1.1408702E-03,-7.0431270E-05)
    1.000000        2.000000        0.000000      (3.2596290E-03,1.7462298E-03)
   (-1.6298145E-03,-8.7311491E-04)  (1.4249235E-03,4.2840838E-03)
    1.000000        2.000000        1.000000      (1.3830140E-03,1.7462298E-03)
   (-1.7229468E-03,6.7520887E-04)  (2.0582229E-03,-3.1013042E-03)
    1.000000       -2.000000        0.000000      (1.4388934E-03,2.9336661E-03)
   (7.1944669E-04,1.4668331E-03)  (-2.7287751E-03,-1.8801074E-04)
    1.000000       -2.000000        1.000000      
 (-2.7846545E-03,-1.7788261E-03)  (-1.3923272E-03,-1.4575198E-03)  
 (1.0317081E-07,-1.1455268E-03)
    1.000000       -1.000000        0.000000      
 (7.7299774E-04,-1.7520506E-04)  (7.7299774E-04,-1.7520506E-04)  
 (-7.2270632E-03,2.4773180E-03)
    1.000000       -1.000000        1.000000      
 (7.2643161E-03,-4.9360096E-03)  (1.7136335E-03,-2.7101487E-03)  
 (-5.5506825E-03,2.2258610E-03)
    1.000000       -1.000000        2.000000      
 (-3.9860606E-03,-1.8719584E-03)  (-5.4575503E-03,-3.2223761E-03)  
 (-7.4040145E-04,-6.7520887E-04)
    2.000000        0.000000        0.000000      (0.000000,0.000000)  
 (6.0535967E-03,-4.8661605E-04)  (-7.4971467E-04,-1.1269003E-03)
    2.000000        0.000000        1.000000      
 (-7.8463927E-04,3.6507845E-03)  (1.6298145E-03,4.7869980E-03)  
 (1.5692785E-03,-7.3015690E-03)
    2.000000        1.000000        0.000000      
 (-1.2386590E-03,-2.4586916E-03)  (2.4773180E-03,4.9173832E-03)  
 (-5.3830445E-03,5.7555735E-03)
    2.000000        1.000000        1.000000      (1.7974526E-03,1.9092113E-03)
   (-1.2246892E-03,-7.5623393E-03)  (-2.3748726E-03,3.7252903E-03)
    2.000000       -1.000000        0.000000      
 (-3.6507845E-03,-1.5972182E-03)  (-7.3015690E-03,-3.1944364E-03)  
 (-1.0943040E-03,2.6356429E-03)
    2.000000       -1.000000        1.000000      
 (-2.0395964E-03,1.2665987E-03)  (-7.3574483E-04,5.1222742E-03)  
 (3.3341348E-03,2.5890768E-03)
