   0.00000000       0.00000000      -2.00000000     ( -2.60770321E-04, -1.86264515E-04) (  2.42143869E-04,  1.97906047E-05) (  0.00000000    ,  0.00000000    )
   0.00000000       0.00000000      -1.00000000     (  1.52364373E-02,  6.85453415E-03) (  4.14252281E-02,  1.53854489E-02) (  0.00000000    ,  0.00000000    )
   0.00000000       1.00000000      -2.00000000     ( -1.67638063E-04, -1.86264515E-05) ( -3.49245965E-05, -6.51925802E-05) ( -1.74622983E-05, -3.25962901E-05)
   0.00000000       1.00000000      -1.00000000     ( -5.56930900E-03,  3.03983688E-02) ( -8.73580575E-03, -2.63564289E-03) ( -8.73580575E-03, -2.63564289E-03)
   0.00000000       2.00000000      -1.00000000     (  7.91624188E-05, -4.19095159E-05) (  5.58793545E-05, -1.30385160E-04) (  1.11758709E-04, -2.60770321E-04)
   0.00000000      -2.00000000      -1.00000000     ( -3.16649675E-04, -6.05359674E-05) (  8.38190317E-05, -3.95812094E-05) ( -1.67638063E-04,  7.91624188E-05)
   0.00000000      -1.00000000      -2.00000000     ( -1.51339918E-05, -1.02445483E-04) (  9.31322575E-05,  6.51925802E-05) ( -4.65661287E-05, -3.25962901E-05)
   0.00000000      -1.00000000      -1.00000000     (  9.23871994E-03, -9.76026058E-03) ( -1.50757842E-04,  1.72294676E-03) (  1.50757842E-04, -1.72294676E-03)
   1.00000000       0.00000000      -2.00000000     (  1.39698386E-04,  7.91624188E-05) (  1.04773790E-05, -2.42143869E-04) (  6.98491931E-05,  3.95812094E-05)
   1.00000000       0.00000000      -1.00000000     (  1.04680657E-02, -5.55068254E-03) ( -9.64850187E-03,  1.00210309E-02) (  1.04680657E-02, -5.55068254E-03)
   1.00000000       1.00000000      -2.00000000     (  1.97906047E-05, -5.58793545E-05) ( -3.72529030E-05,  1.86264515E-04) ( -8.14907253E-06,  6.98491931E-05)
   1.00000000       1.00000000      -1.00000000     (  3.35276127E-04, -4.09781933E-04) ( -1.67638063E-04,  1.67638063E-04) (  1.86264515E-04, -2.60770321E-04)
   1.00000000       2.00000000      -1.00000000     ( -2.79396772E-05,  1.86264515E-04) (  3.02679837E-05, -6.51925802E-05) (  3.49245965E-05,  4.65661287E-05)
   1.00000000      -2.00000000      -1.00000000     ( -1.02445483E-04, -2.61934474E-06) ( -1.21071935E-04, -2.56113708E-05) (  1.39698386E-04,  5.12227416E-05)
   1.00000000      -1.00000000      -2.00000000     ( -1.11758709E-04,  1.30385160E-04) ( -4.19095159E-05,  4.65661287E-05) ( -3.25962901E-05,  4.19095159E-05)
   1.00000000      -1.00000000      -1.00000000     (  2.61934474E-06, -1.67638063E-04) (  1.21071935E-04, -1.39698386E-04) ( -1.21071935E-04, -2.56113708E-05)
   2.00000000       0.00000000      -1.00000000     (  1.02445483E-04,  2.56113708E-05) ( -1.39698386E-04,  1.58324838E-04) (  2.04890966E-04,  5.12227416E-05)
   2.00000000       1.00000000      -1.00000000     ( -8.38190317E-05, -2.32830644E-05) (  1.30385160E-04, -2.04890966E-04) ( -3.95812094E-05, -2.60770321E-04)
   2.00000000      -1.00000000      -1.00000000     ( -8.38190317E-05, -2.79396772E-05) ( -8.38190317E-05,  3.25962901E-05) ( -8.38190317E-05, -8.38190317E-05)
