   0.00000000       0.00000000       1.00000000     (  1.91852450E-02,  9.52277333E-04) (  3.33786011E-02, -2.28732824E-02) (  0.00000000    ,  0.00000000    )
   0.00000000       0.00000000       2.00000000     (  7.63684511E-04, -2.06753612E-03) ( -1.62050128E-03, -2.09547579E-04) (  0.00000000    ,  0.00000000    )
   0.00000000       1.00000000       0.00000000     ( -1.38953328E-02, -1.28988177E-03) (  0.00000000    ,  0.00000000    ) (  5.92321157E-03,  1.47521496E-02)
   0.00000000       1.00000000       1.00000000     (  7.71135092E-03,  9.66712832E-03) ( -2.61701643E-03, -4.07919288E-03) (  2.61701643E-03,  4.07919288E-03)
   0.00000000       1.00000000       2.00000000     ( -9.68575478E-04, -5.86733222E-04) ( -7.82310963E-04,  2.35158950E-04) (  3.91155481E-04, -1.17579475E-04)
   0.00000000       2.00000000       0.00000000     (  6.42612576E-04,  2.14204192E-03) (  0.00000000    ,  0.00000000    ) ( -2.45869160E-03,  1.93715096E-03)
   0.00000000       2.00000000       1.00000000     (  1.43423676E-03, -5.58793545E-04) ( -5.96046448E-04,  2.63098627E-04) (  1.19209290E-03, -5.26197255E-04)
   0.00000000      -2.00000000       0.00000000     (  6.42612576E-04, -2.14204192E-03) (  0.00000000    ,  0.00000000    ) ( -2.45869160E-03, -1.93715096E-03)
   0.00000000      -2.00000000       1.00000000     ( -1.73225999E-03, -8.84756446E-05) (  3.40514816E-05, -3.95812094E-04) (  6.81029633E-05, -7.91624188E-04)
   0.00000000      -1.00000000       0.00000000     ( -1.38953328E-02,  1.28988177E-03) (  0.00000000    ,  0.00000000    ) (  5.92321157E-03, -1.47521496E-02)
   0.00000000      -1.00000000       1.00000000     ( -9.56933945E-04, -2.97278166E-02) ( -4.83356416E-03,  2.81259418E-03) ( -4.83356416E-03,  2.81259418E-03)
   0.00000000      -1.00000000       2.00000000     (  7.17118382E-04,  1.42608769E-05) ( -6.61239028E-04, -6.23986125E-04) ( -3.30619514E-04, -3.11993062E-04)
   1.00000000       0.00000000       0.00000000     (  0.00000000    ,  0.00000000    ) ( -1.64285302E-02,  1.68010592E-02) (  2.63005495E-02,  1.40443444E-02)
   1.00000000       0.00000000       1.00000000     ( -9.91858542E-04, -2.30036676E-03) ( -2.68220901E-02, -5.94183803E-03) (  9.91858542E-04,  2.30036676E-03)
   1.00000000       0.00000000       2.00000000     ( -6.42612576E-04,  1.15483999E-03) (  8.00937414E-04,  9.96515155E-04) (  3.21306288E-04, -5.77419996E-04)
   1.00000000       1.00000000       0.00000000     (  9.49949026E-04,  1.93249434E-03) ( -9.49949026E-04, -1.93249434E-03) ( -1.00582838E-02,  1.18091702E-02)
   1.00000000       1.00000000       1.00000000     (  9.12696123E-04, -6.23986125E-04) ( -2.03028321E-03, -1.14087015E-04) (  1.10827386E-03,  7.35744834E-04)
   1.00000000       1.00000000       2.00000000     ( -1.45286322E-03, -1.83936208E-04) (  2.37487257E-04,  7.07805157E-04) (  6.05359674E-04, -2.63098627E-04)
   1.00000000       2.00000000       0.00000000     (  8.38190317E-04, -8.26548785E-05) ( -4.19095159E-04,  4.13274392E-05) (  7.54371285E-04,  1.15483999E-03)
   1.00000000       2.00000000       1.00000000     (  1.15483999E-03,  8.75443220E-04) ( -9.22009349E-04, -1.81607902E-04) (  6.79865479E-04, -5.16884029E-04)
   1.00000000      -2.00000000       0.00000000     ( -1.07102096E-03, -4.74974513E-04) ( -5.35510480E-04, -2.37487257E-04) ( -9.49949026E-04, -1.39698386E-03)
   1.00000000      -2.00000000       1.00000000     ( -6.61239028E-04,  1.67638063E-04) ( -2.46800482E-04,  1.62981451E-04) (  1.67638063E-04,  1.58324838E-04)
   1.00000000      -1.00000000       0.00000000     ( -7.86967576E-04, -9.20146704E-03) ( -7.86967576E-04, -9.20146704E-03) ( -1.15111470E-02,  2.45124102E-02)
   1.00000000      -1.00000000       1.00000000     (  1.89989805E-03,  5.63450158E-04) ( -5.21540642E-04, -2.49594450E-03) ( -2.42143869E-03, -3.09199095E-03)
   1.00000000      -1.00000000       2.00000000     ( -1.97440386E-03,  1.84401870E-03) ( -8.28877091E-04,  9.49949026E-04) (  5.68106771E-04, -4.47034836E-04)
   2.00000000       0.00000000       0.00000000     (  0.00000000    ,  0.00000000    ) (  1.37835741E-03,  2.53319740E-03) ( -6.33299351E-04,  1.78813934E-03)
   2.00000000       0.00000000       1.00000000     (  4.14438546E-04, -7.82310963E-04) (  6.70552254E-04,  1.35973096E-03) ( -8.28877091E-04,  1.56462193E-03)
   2.00000000       1.00000000       0.00000000     (  1.80443749E-05,  9.59262252E-04) ( -3.60887498E-05, -1.91852450E-03) ( -1.26659870E-03,  2.04890966E-03)
   2.00000000       1.00000000       1.00000000     (  5.16884029E-04,  2.93366611E-04) ( -6.92671165E-05, -1.76951289E-03) ( -9.59262252E-04,  1.19209290E-03)
   2.00000000      -1.00000000       0.00000000     ( -4.56348062E-04,  5.26197255E-04) ( -9.12696123E-04,  1.05239451E-03) ( -7.45058060E-04,  6.98491931E-05)
   2.00000000      -1.00000000       1.00000000     ( -7.17118382E-04,  1.33877620E-04) ( -2.08616257E-03, -4.72937245E-06) ( -6.51925802E-04, -2.72411853E-04)
