   0.00000000       0.00000000       1.00000000     (  8.61473382E-04, -1.08778477E-02) (  2.29477882E-02,  3.07336450E-03) (  0.00000000    ,  0.00000000    )
   0.00000000       0.00000000       2.00000000     (  7.93486834E-03, -1.90921128E-03) ( -1.15111470E-02, -6.23986125E-03) (  0.00000000    ,  0.00000000    )
   0.00000000       1.00000000       0.00000000     (  5.14090061E-03, -2.44937837E-03) (  0.00000000    ,  0.00000000    ) (  1.42306089E-02, -3.61353159E-03)
   0.00000000       1.00000000       1.00000000     ( -2.51457095E-03, -1.07567757E-03) (  4.09781933E-03, -1.26194209E-03) ( -4.09781933E-03,  1.26194209E-03)
   0.00000000       1.00000000       2.00000000     (  5.88595867E-03, -5.28991222E-03) ( -2.25380063E-03,  2.69152224E-03) (  1.12690032E-03, -1.34576112E-03)
   0.00000000       2.00000000       0.00000000     (  2.93366611E-04,  7.11530447E-03) (  0.00000000    ,  0.00000000    ) ( -1.06170774E-03,  2.47731805E-03)
   0.00000000       2.00000000       1.00000000     ( -1.15483999E-03, -5.17815351E-03) ( -1.51339918E-03,  1.72294676E-03) (  3.02679837E-03, -3.44589353E-03)
   0.00000000      -2.00000000       0.00000000     (  2.93366611E-04, -7.11530447E-03) (  0.00000000    ,  0.00000000    ) ( -1.06170774E-03, -2.47731805E-03)
   0.00000000      -2.00000000       1.00000000     (  5.77419996E-04,  1.46683306E-03) ( -8.75443220E-04,  1.86264515E-04) ( -1.75088644E-03,  3.72529030E-04)
   0.00000000      -1.00000000       0.00000000     (  5.14090061E-03,  2.44937837E-03) (  0.00000000    ,  0.00000000    ) (  1.42306089E-02,  3.61353159E-03)
   0.00000000      -1.00000000       1.00000000     ( -7.15255737E-03, -1.19954348E-02) ( -6.07222319E-03,  5.55068254E-03) ( -6.07222319E-03,  5.55068254E-03)
   0.00000000      -1.00000000       2.00000000     ( -1.55530870E-03, -3.37138772E-03) (  1.83470547E-03,  2.16998160E-03) (  9.17352736E-04,  1.08499080E-03)
   1.00000000       0.00000000       0.00000000     (  0.00000000    ,  0.00000000    ) ( -2.48104334E-02,  8.45640898E-03) (  1.44541264E-02, -4.33996320E-03)
   1.00000000       0.00000000       1.00000000     ( -1.54599547E-03, -1.69035047E-03) ( -1.07320375E-05, -8.82893801E-03) (  1.54599547E-03,  1.69035047E-03)
   1.00000000       0.00000000       2.00000000     ( -4.26545739E-03, -1.81607902E-03) ( -5.91389835E-04,  2.37487257E-03) (  2.13272870E-03,  9.08039510E-04)
   1.00000000       1.00000000       0.00000000     (  1.69500709E-03,  1.08033419E-03) ( -1.69500709E-03, -1.08033419E-03) (  5.84870577E-03,  1.18091702E-02)
   1.00000000       1.00000000       1.00000000     ( -2.77534127E-03, -5.93718141E-04) (  5.79748303E-04,  4.13507223E-03) (  2.18860805E-03, -3.53902578E-03)
   1.00000000       1.00000000       2.00000000     ( -2.84984708E-03,  1.04308128E-03) (  2.98954546E-03,  1.77882612E-03) ( -6.95581548E-05, -1.41561031E-03)
   1.00000000       2.00000000       0.00000000     (  2.98023224E-04,  2.07684934E-03) ( -1.49011612E-04, -1.03842467E-03) ( -2.87778676E-03,  1.89756975E-04)
   1.00000000       2.00000000       1.00000000     (  3.27825546E-03,  1.01514161E-03) ( -1.14552677E-03, -4.16766852E-04) ( -9.87201929E-04, -1.81607902E-04)
   1.00000000      -2.00000000       0.00000000     (  3.73693183E-04,  6.63567334E-04) (  1.86846592E-04,  3.31783667E-04) ( -2.47731805E-03,  2.79396772E-03)
   1.00000000      -2.00000000       1.00000000     ( -1.45286322E-03,  3.00351530E-04) (  4.35393304E-04,  3.46917659E-04) (  2.31899321E-03,  3.92319635E-04)
   1.00000000      -1.00000000       0.00000000     (  4.37721610E-03,  7.79982656E-04) (  4.37721610E-03,  7.79982656E-04) ( -3.66941094E-03,  8.19563866E-03)
   1.00000000      -1.00000000       1.00000000     (  1.57859176E-03,  4.15369868E-03) ( -6.26314431E-04, -5.01051545E-03) ( -2.20723450E-03, -9.16421413E-03)
   1.00000000      -1.00000000       2.00000000     ( -5.62518835E-03, -1.60187483E-03) (  1.91852450E-03,  7.19446689E-04) (  3.78116965E-03,  1.15949661E-03)
   2.00000000       0.00000000       0.00000000     (  0.00000000    ,  0.00000000    ) ( -2.23517418E-03,  4.28408384E-03) ( -2.85217538E-04, -2.65426934E-03)
   2.00000000       0.00000000       1.00000000     ( -1.05705112E-03,  1.06170774E-03) ( -2.86847353E-03, -3.25031579E-03) (  2.11410224E-03, -2.12341547E-03)
   2.00000000       1.00000000       0.00000000     ( -8.56816769E-04, -1.25728548E-03) (  1.71363354E-03,  2.51457095E-03) (  7.07805157E-04,  3.16649675E-03)
   2.00000000       1.00000000       1.00000000     ( -6.42612576E-04,  2.93366611E-04) ( -6.58910722E-04,  1.21071935E-03) (  1.94646418E-03, -1.79745257E-03)
   2.00000000      -1.00000000       0.00000000     ( -2.89641321E-03, -1.37370080E-03) ( -5.79282641E-03, -2.74740160E-03) (  1.76019967E-03,  6.12810254E-03)
   2.00000000      -1.00000000       1.00000000     (  1.98371708E-03, -1.72294676E-03) ( -1.35973096E-03,  4.65661287E-04) ( -5.32716513E-03,  3.91155481E-03)
