   0.00000000       0.00000000      -2.00000000     (  2.94297934E-03,  5.26197255E-04) ( -3.57627869E-03,  1.89989805E-03) (  0.00000000    ,  0.00000000    )
   0.00000000       0.00000000      -1.00000000     (  3.86498868E-03,  1.17346644E-02) (  3.00258398E-02,  1.03376806E-03) (  0.00000000    ,  0.00000000    )
   0.00000000       1.00000000      -2.00000000     (  2.11875886E-04,  1.22934580E-03) (  1.27591193E-03, -2.14204192E-04) (  6.37955964E-04, -1.07102096E-04)
   0.00000000       1.00000000      -1.00000000     ( -6.76140189E-03,  1.65402889E-02) ( -7.86036253E-03, -4.78699803E-03) ( -7.86036253E-03, -4.78699803E-03)
   0.00000000       2.00000000      -1.00000000     ( -9.77888703E-04, -1.16415322E-03) ( -7.72997737E-04,  3.86498868E-04) ( -1.54599547E-03,  7.72997737E-04)
   0.00000000      -2.00000000      -1.00000000     ( -8.96397978E-05,  1.76951289E-03) ( -1.36205927E-04, -3.72529030E-04) (  2.72411853E-04,  7.45058060E-04)
   0.00000000      -1.00000000      -2.00000000     (  1.82539225E-03,  2.03028321E-03) ( -3.02679837E-04, -1.06170774E-03) (  1.51339918E-04,  5.30853868E-04)
   0.00000000      -1.00000000      -1.00000000     (  1.79745257E-03, -1.37370080E-03) (  3.94880772E-03,  1.20140612E-03) ( -3.94880772E-03, -1.20140612E-03)
   1.00000000       0.00000000      -2.00000000     ( -9.12696123E-04, -3.72529030E-04) (  1.12690032E-03,  2.94297934E-03) ( -4.56348062E-04, -1.86264515E-04)
   1.00000000       0.00000000      -1.00000000     (  1.04308128E-02, -5.60656190E-03) ( -5.55068254E-03,  2.55554914E-02) (  1.04308128E-02, -5.60656190E-03)
   1.00000000       1.00000000      -2.00000000     (  1.03376806E-03,  1.24797225E-03) ( -2.45869160E-03,  7.74161890E-05) ( -7.07805157E-04,  6.61239028E-04)
   1.00000000       1.00000000      -1.00000000     ( -1.01514161E-03,  4.39584255E-03) ( -1.26659870E-03, -2.71946192E-03) ( -2.27242708E-03,  1.67638063E-03)
   1.00000000       2.00000000      -1.00000000     (  9.59262252E-04, -2.56113708E-04) ( -7.91624188E-04, -2.60770321E-04) ( -6.23986125E-04, -7.82310963E-04)
   1.00000000      -2.00000000      -1.00000000     ( -2.77068466E-04, -8.10250640E-04) (  1.73167791E-05, -2.77068466E-04) ( -3.11993062E-04, -2.53785402E-04)
   1.00000000      -1.00000000      -2.00000000     ( -1.30385160E-04, -1.39698386E-03) ( -6.89178705E-04,  1.34110451E-03) (  2.81725079E-04, -1.35973096E-03)
   1.00000000      -1.00000000      -1.00000000     ( -2.35741027E-05,  3.86498868E-04) ( -3.23634595E-04, -5.86733222E-04) (  3.00351530E-04,  9.77888703E-04)
   2.00000000       0.00000000      -1.00000000     ( -8.84756446E-04,  1.37370080E-04) (  1.44354999E-04, -1.19209290E-03) ( -1.76951289E-03,  2.74740160E-04)
   2.00000000       1.00000000      -1.00000000     ( -8.22183210E-06, -3.49245965E-04) ( -1.37835741E-03,  1.79279596E-04) ( -1.39698386E-03, -5.16884029E-04)
   2.00000000      -1.00000000      -1.00000000     (  7.45058060E-04, -5.29689714E-05) (  4.56348062E-04,  9.40635800E-04) (  1.04308128E-03, -1.04308128E-03)
