   0.00000000       0.00000000      -2.00000000     (  1.45286322E-03,  2.96160579E-03) ( -2.08616257E-03,  2.93366611E-04) (  0.00000000    ,  0.00000000    )
   0.00000000       0.00000000      -1.00000000     (  2.76416540E-02, -1.08405948E-02) (  1.64285302E-02,  3.35276127E-02) (  0.00000000    ,  0.00000000    )
   0.00000000       1.00000000      -2.00000000     (  1.18743628E-04,  1.18277967E-03) (  6.14672899E-04,  1.54599547E-03) (  3.07336450E-04,  7.72997737E-04)
   0.00000000       1.00000000      -1.00000000     (  1.57952309E-02,  2.10106373E-02) (  9.59262252E-04,  6.28642738E-04) (  9.59262252E-04,  6.28642738E-04)
   0.00000000       2.00000000      -1.00000000     ( -5.58793545E-03, -1.48080289E-03) ( -1.08964741E-03, -8.05594027E-04) ( -2.17929482E-03, -1.61118805E-03)
   0.00000000      -2.00000000      -1.00000000     (  1.16415322E-03, -2.66358256E-03) ( -1.03376806E-03,  5.02914190E-04) (  2.06753612E-03, -1.00582838E-03)
   0.00000000      -1.00000000      -2.00000000     ( -3.14787030E-03, -1.17346644E-03) ( -8.66129994E-04, -1.50175765E-04) (  4.33064997E-04,  7.50878826E-05)
   0.00000000      -1.00000000      -1.00000000     (  6.57513738E-03,  3.65078449E-03) (  2.02562660E-03,  1.09523535E-02) ( -2.02562660E-03, -1.09523535E-02)
   1.00000000       0.00000000      -2.00000000     ( -1.29453838E-03,  2.32830644E-03) ( -2.01165676E-03,  2.99885869E-03) ( -6.47269189E-04,  1.16415322E-03)
   1.00000000       0.00000000      -1.00000000     (  5.81145287E-03, -2.56113708E-04) ( -1.11525878E-03, -2.98023224E-03) (  5.81145287E-03, -2.56113708E-04)
   1.00000000       1.00000000      -2.00000000     ( -2.51457095E-03,  1.05239451E-03) (  1.80676579E-03, -2.62632966E-03) ( -3.49245965E-04, -7.86967576E-04)
   1.00000000       1.00000000      -1.00000000     ( -2.71946192E-03, -9.31322575E-04) (  2.47731805E-03,  6.42612576E-04) ( -2.32830644E-04, -2.91038305E-04)
   1.00000000       2.00000000      -1.00000000     ( -3.09664756E-04,  8.66129994E-04) ( -4.47034836E-04,  1.07102096E-03) ( -1.20140612E-03,  3.01748514E-03)
   1.00000000      -2.00000000      -1.00000000     (  3.32947820E-04, -2.65426934E-04) (  9.68575478E-04,  5.07570803E-04) ( -1.60187483E-03, -1.28522515E-03)
   1.00000000      -1.00000000      -2.00000000     ( -5.96046448E-04, -1.73225999E-03) ( -5.72763383E-04, -1.18277967E-03) ( -1.02591002E-05, -2.77068466E-04)
   1.00000000      -1.00000000      -1.00000000     ( -9.03382897E-04,  4.65661287E-04) ( -1.93715096E-03,  3.53902578E-04) (  1.03376806E-03,  1.11758709E-04)
   2.00000000       0.00000000      -1.00000000     ( -8.24220479E-04, -5.26197255E-04) ( -1.69500709E-03,  2.16532499E-04) ( -1.64844096E-03, -1.05239451E-03)
   2.00000000       1.00000000      -1.00000000     ( -3.25962901E-04, -5.18048182E-05) (  7.91624188E-04, -7.45058060E-04) (  1.37370080E-04, -8.47503543E-04)
   2.00000000      -1.00000000      -1.00000000     ( -2.16532499E-04, -2.79396772E-04) (  1.89756975E-04, -2.32830644E-03) ( -6.19329512E-04,  1.76951289E-03)
