    0.000000        0.000000        1.000000      (2.0936131E-02,1.1548400E-02)
   (-1.1436641E-02,-1.6242266E-02)  (0.000000,0.000000)
    0.000000        0.000000        2.000000      
 (4.6193600E-03,-1.0244548E-03)  (5.1595271E-03,4.3772161E-03)  
 (0.000000,0.000000)
    0.000000        1.000000        0.000000      (2.3748726E-03,5.8673322E-03)
   (0.000000,0.000000)  (4.1909516E-03,-1.3550743E-03)
    0.000000        1.000000        1.000000      (5.1036477E-03,5.5506825E-03)
   (5.2712858E-03,-4.1536987E-03)  (-5.2712858E-03,4.1536987E-03)
    0.000000        1.000000        2.000000      
 (-7.3015690E-03,-1.8253922E-03)  (-2.5983900E-03,-2.5145710E-03)  
 (1.2991950E-03,1.2572855E-03)
    0.000000        2.000000        0.000000      
 (-4.2561442E-03,1.0547228E-03)  (0.000000,0.000000)  
 (6.1001629E-04,2.4773180E-03)
    0.000000        2.000000        1.000000      
 (5.9418380E-03,-2.5425106E-03)  (-8.3586201E-04,-1.0896474E-03)  
 (1.6717240E-03,2.1792948E-03)
    0.000000       -2.000000        0.000000      
 (-4.2561442E-03,-1.0547228E-03)  (0.000000,0.000000)  
 (6.1001629E-04,-2.4773180E-03)
    0.000000       -2.000000        1.000000      
 (-9.9465251E-03,-1.0021031E-02)  (-2.5238842E-03,3.5506673E-04)  
 (-5.0477684E-03,7.1013346E-04)
    0.000000       -1.000000        0.000000      
 (2.3748726E-03,-5.8673322E-03)  (0.000000,0.000000)  
 (4.1909516E-03,1.3550743E-03)
    0.000000       -1.000000        1.000000      
 (7.5250864E-03,-4.3772161E-03)  (-1.2712553E-03,-5.2340329E-03)  
 (-1.2712553E-03,-5.2340329E-03)
    0.000000       -1.000000        2.000000      
 (-1.1585653E-02,-2.3865141E-04)  (-3.0174851E-03,-2.1746382E-03)  
 (-1.5087426E-03,-1.0873191E-03)
    1.000000        0.000000        0.000000      (0.000000,0.000000)  
 (-2.6971102E-02,5.6438148E-03)  (1.5869737E-02,1.8328428E-02)
    1.000000        0.000000        1.000000      
 (-3.2223761E-03,-2.5052577E-03)  (-1.6465783E-02,1.3411045E-02)  
 (3.2223761E-03,2.5052577E-03)
    1.000000        0.000000        2.000000      (1.7229468E-04,1.9697472E-03)
   (3.9208680E-03,7.6740980E-03)  (-8.6147338E-05,-9.8487362E-04)
    1.000000        1.000000        0.000000      
 (2.4214387E-03,-1.3923272E-03)  (-2.4214387E-03,1.3923272E-03)  
 (-9.5926225E-04,3.0826777E-03)
    1.000000        1.000000        1.000000      (2.1420419E-03,4.1536987E-03)
   (-3.4645200E-03,-3.7439167E-03)  (1.3271347E-03,-4.1211024E-04)
    1.000000        1.000000        2.000000      
 (-3.8370490E-03,2.0768493E-03)  (3.6205165E-04,-3.4738332E-03)  
 (1.7369166E-03,7.0082024E-04)
    1.000000        2.000000        0.000000      (3.7346035E-03,2.0861626E-03)
   (-1.8673018E-03,-1.0430813E-03)  (2.8219074E-03,6.5565109E-03)
    1.000000        2.000000        1.000000      (2.0861626E-03,2.3981556E-03)
   (-2.1886081E-03,1.0151416E-03)  (2.2910535E-03,-4.4237822E-03)
    1.000000       -2.000000        0.000000      (1.5832484E-03,5.6065619E-03)
   (7.9162419E-04,2.8032809E-03)  (-4.2002648E-03,-5.9371814E-04)
    1.000000       -2.000000        1.000000      
 (-3.3527613E-03,-1.7555431E-03)  (-1.3876706E-03,-1.3597310E-03)  
 (5.8091246E-04,-9.6857548E-04)
    1.000000       -1.000000        0.000000      
 (-2.0954758E-04,2.5727786E-04)  (-2.0954758E-04,2.5727786E-04)  
 (-6.2584877E-03,2.9616058E-03)
    1.000000       -1.000000        1.000000      
 (1.0728836E-02,-4.5169145E-03)  (2.8591603E-03,-2.1979213E-03)  
 (-7.8603625E-03,2.3236498E-03)
    1.000000       -1.000000        2.000000      
 (-4.7031790E-03,-1.8533319E-03)  (-7.4878335E-03,-4.2561442E-03)  
 (-1.3969839E-03,-1.2014061E-03)
    2.000000        0.000000        0.000000      (0.000000,0.000000)  
 (9.3132257E-03,-1.7182902E-03)  (-5.4016709E-04,-6.3562766E-04)
    2.000000        0.000000        1.000000      
 (-1.5879050E-03,5.0105155E-03)  (2.5797635E-03,6.8359077E-03)  
 (3.1758100E-03,-1.0021031E-02)
    2.000000        1.000000        0.000000      
 (-1.7741695E-03,-3.1013042E-03)  (3.5483390E-03,6.2026083E-03)  
 (-7.1898103E-03,6.3888729E-03)
    2.000000        1.000000        1.000000      (2.5238842E-03,3.0361116E-03)
   (-2.4586916E-03,-1.0952353E-02)  (-2.5797635E-03,4.8801303E-03)
    2.000000       -1.000000        0.000000      
 (-4.1816384E-03,-2.5704503E-03)  (-8.3632767E-03,-5.1409006E-03)  
 (-1.5657861E-04,3.5017729E-03)
    2.000000       -1.000000        1.000000      
 (-3.2410026E-03,2.2351742E-03)  (-1.9324943E-03,7.3015690E-03)  
 (4.5541674E-03,2.8312206E-03)
