   0.00000000       0.00000000       1.00000000     (  2.31713057E-02,  1.11013651E-02) (  3.63215804E-03, -2.51084566E-02) (  0.00000000    ,  0.00000000    )
   0.00000000       0.00000000       2.00000000     (  6.85453415E-03, -5.47617674E-03) ( -5.42495400E-04,  1.53202564E-03) (  0.00000000    ,  0.00000000    )
   0.00000000       1.00000000       0.00000000     ( -4.52622771E-03,  1.04680657E-02) (  0.00000000    ,  0.00000000    ) (  1.74622983E-03, -1.17346644E-03)
   0.00000000       1.00000000       1.00000000     (  3.13855708E-03, -4.71249223E-03) (  5.66244125E-03, -7.91624188E-03) ( -5.66244125E-03,  7.91624188E-03)
   0.00000000       1.00000000       2.00000000     ( -7.91624188E-03, -2.49710865E-04) ( -6.14672899E-03,  4.57512215E-04) (  3.07336450E-03, -2.28756107E-04)
   0.00000000       2.00000000       0.00000000     ( -2.42143869E-03, -7.02217221E-03) (  0.00000000    ,  0.00000000    ) ( -6.59376383E-03,  3.30619514E-04)
   0.00000000       2.00000000       1.00000000     (  3.94880772E-03,  4.24683094E-03) ( -2.34693289E-03, -2.41212547E-03) (  4.69386578E-03,  4.82425094E-03)
   0.00000000      -2.00000000       0.00000000     ( -2.42143869E-03,  7.02217221E-03) (  0.00000000    ,  0.00000000    ) ( -6.59376383E-03, -3.30619514E-04)
   0.00000000      -2.00000000       1.00000000     ( -1.05425715E-02,  1.53668225E-04) ( -1.50408596E-03,  1.52736902E-03) ( -3.00817192E-03,  3.05473804E-03)
   0.00000000      -1.00000000       0.00000000     ( -4.52622771E-03, -1.04680657E-02) (  0.00000000    ,  0.00000000    ) (  1.74622983E-03,  1.17346644E-03)
   0.00000000      -1.00000000       1.00000000     (  1.24052167E-02, -1.45658851E-02) ( -1.57393515E-03, -2.11410224E-03) ( -1.57393515E-03, -2.11410224E-03)
   0.00000000      -1.00000000       2.00000000     ( -1.15251169E-03, -2.68220901E-03) (  8.35862011E-04,  1.34110451E-03) (  4.17931005E-04,  6.70552254E-04)
   1.00000000       0.00000000       0.00000000     (  0.00000000    ,  0.00000000    ) ( -1.78813934E-02,  5.77419996E-03) (  2.53319740E-02,  2.08616257E-02)
   1.00000000       0.00000000       1.00000000     (  3.03611159E-03, -3.48314643E-03) ( -2.59280205E-02,  1.51619315E-02) ( -3.03611159E-03,  3.48314643E-03)
   1.00000000       0.00000000       2.00000000     (  1.11060217E-03,  3.19443643E-03) (  7.24568963E-03,  4.10713255E-03) ( -5.55301085E-04, -1.59721822E-03)
   1.00000000       1.00000000       0.00000000     (  5.34579158E-03,  2.44937837E-03) ( -5.34579158E-03, -2.44937837E-03) ( -7.65547156E-03,  4.07919288E-03)
   1.00000000       1.00000000       1.00000000     ( -4.12575901E-03,  9.13860276E-05) (  2.87778676E-03, -1.22818165E-04) (  1.24331564E-03,  3.14321369E-05)
   1.00000000       1.00000000       2.00000000     ( -1.94180757E-03, -3.04542482E-03) ( -5.90458512E-03, -2.37487257E-03) (  3.93018126E-03,  2.71014869E-03)
   1.00000000       2.00000000       0.00000000     ( -2.12341547E-03,  6.61239028E-03) (  1.06170774E-03, -3.30619514E-03) ( -1.55065209E-03,  8.73580575E-03)
   1.00000000       2.00000000       1.00000000     (  7.52508640E-03,  2.90572643E-03) ( -3.64147127E-03, -2.98023224E-03) ( -2.37487257E-04,  3.04542482E-03)
   1.00000000      -2.00000000       0.00000000     (  2.37487257E-04, -3.45520675E-03) (  1.18743628E-04, -1.72760338E-03) ( -1.19674951E-03,  2.68220901E-03)
   1.00000000      -2.00000000       1.00000000     ( -2.09547579E-03,  8.26548785E-04) ( -2.31899321E-03,  1.69500709E-03) ( -2.54251063E-03,  2.56113708E-03)
   1.00000000      -1.00000000       0.00000000     ( -6.10947609E-03, -6.70552254E-03) ( -6.10947609E-03, -6.70552254E-03) ( -4.69386578E-03,  4.97326255E-03)
   1.00000000      -1.00000000       1.00000000     (  5.69969416E-03,  8.64267349E-03) ( -2.03726813E-04,  6.87316060E-03) ( -5.90458512E-03, -1.76951289E-03)
   1.00000000      -1.00000000       2.00000000     (  4.63798642E-03,  6.40749931E-03) (  7.80448318E-03,  3.80910933E-03) (  1.57859176E-03, -1.29919499E-03)
   2.00000000       0.00000000       0.00000000     (  0.00000000    ,  0.00000000    ) (  1.12876296E-02, -5.45755029E-03) ( -5.32716513E-03,  3.04542482E-03)
   2.00000000       0.00000000       1.00000000     ( -4.04193997E-03, -2.19792128E-03) (  2.75671482E-03,  1.09896064E-02) (  8.08387995E-03,  4.39584255E-03)
   2.00000000       1.00000000       0.00000000     ( -2.72877514E-03,  9.12696123E-04) (  5.45755029E-03, -1.82539225E-03) ( -5.56465238E-04, -9.53674316E-03)
   2.00000000       1.00000000       1.00000000     (  1.61584467E-03,  4.33996320E-03) ( -4.64729965E-03, -7.46920705E-03) (  1.41561031E-03, -1.22003257E-03)
   2.00000000      -1.00000000       0.00000000     (  1.95577741E-03,  6.51925802E-04) (  3.91155481E-03,  1.30385160E-03) (  7.88713805E-05,  1.67172402E-03)
   2.00000000      -1.00000000       1.00000000     ( -3.63215804E-03,  8.87084752E-04) ( -2.68220901E-03, -2.09547579E-03) (  4.58210707E-03, -3.87430191E-03)
