   0.00000000       0.00000000       1.00000000     (  2.60025263E-02,  5.13158739E-03) (  3.28570604E-02, -3.15904617E-02) (  0.00000000    ,  0.00000000    )
   0.00000000       0.00000000       2.00000000     ( -3.58559191E-04,  2.84984708E-03) (  2.25380063E-03,  9.96515155E-04) (  0.00000000    ,  0.00000000    )
   0.00000000       1.00000000       0.00000000     ( -1.96695328E-02, -3.15485522E-04) (  0.00000000    ,  0.00000000    ) (  4.60073352E-03,  1.65030360E-02)
   0.00000000       1.00000000       1.00000000     (  8.38190317E-03,  7.69272447E-03) ( -2.65892595E-03, -8.21426511E-03) (  2.65892595E-03,  8.21426511E-03)
   0.00000000       1.00000000       2.00000000     (  2.10478902E-03,  1.64145604E-04) (  1.03376806E-03, -6.65895641E-04) ( -5.16884029E-04,  3.32947820E-04)
   0.00000000       2.00000000       0.00000000     ( -4.65661287E-04, -2.23517418E-03) (  0.00000000    ,  0.00000000    ) (  2.57045031E-03, -3.12924385E-03)
   0.00000000       2.00000000       1.00000000     ( -1.33179128E-03, -5.12227416E-04) (  9.87201929E-04, -4.47034836E-04) ( -1.97440386E-03,  8.94069672E-04)
   0.00000000      -2.00000000       0.00000000     ( -4.65661287E-04,  2.23517418E-03) (  0.00000000    ,  0.00000000    ) (  2.57045031E-03,  3.12924385E-03)
   0.00000000      -2.00000000       1.00000000     (  3.68803740E-03, -4.74974513E-04) (  5.86733222E-04, -2.35158950E-04) (  1.17346644E-03, -4.70317900E-04)
   0.00000000      -1.00000000       0.00000000     ( -1.96695328E-02,  3.15485522E-04) (  0.00000000    ,  0.00000000    ) (  4.60073352E-03, -1.65030360E-02)
   0.00000000      -1.00000000       1.00000000     (  4.27477062E-03, -3.16649675E-02) ( -2.44937837E-03,  3.37138772E-03) ( -2.44937837E-03,  3.37138772E-03)
   0.00000000      -1.00000000       2.00000000     ( -3.34694050E-05,  3.60887498E-04) (  3.39932740E-04,  9.31322575E-04) (  1.69966370E-04,  4.65661287E-04)
   1.00000000       0.00000000       0.00000000     (  0.00000000    ,  0.00000000    ) ( -1.47148967E-02,  1.64657831E-02) (  3.43471766E-02,  2.33203173E-02)
   1.00000000       0.00000000       1.00000000     (  2.26311386E-03, -3.94880772E-03) ( -3.54647636E-02,  8.10250640E-04) ( -2.26311386E-03,  3.94880772E-03)
   1.00000000       0.00000000       2.00000000     ( -1.45519152E-04, -1.80676579E-03) ( -1.89989805E-03, -1.62050128E-03) (  7.27595761E-05,  9.03382897E-04)
   1.00000000       1.00000000       0.00000000     (  3.79048288E-03,  4.64729965E-03) ( -3.79048288E-03, -4.64729965E-03) ( -1.10454857E-02,  1.29267573E-02)
   1.00000000       1.00000000       1.00000000     ( -1.35041773E-03,  1.56462193E-03) (  2.25380063E-03, -4.62023309E-06) ( -9.12696123E-04, -1.56462193E-03)
   1.00000000       1.00000000       2.00000000     (  1.19209290E-03,  2.93366611E-04) ( -1.28056854E-04, -2.39815563E-04) ( -5.35510480E-04, -2.64844857E-05)
   1.00000000       2.00000000       0.00000000     (  5.02914190E-04, -8.38190317E-04) ( -2.51457095E-04,  4.19095159E-04) ( -2.03028321E-03, -8.49831849E-05)
   1.00000000       2.00000000       1.00000000     ( -2.62632966E-03, -6.28642738E-04) (  1.80676579E-03,  5.72763383E-04) ( -9.87201929E-04, -5.12227416E-04)
   1.00000000      -2.00000000       0.00000000     (  7.82310963E-04,  1.41561031E-03) (  3.91155481E-04,  7.07805157E-04) (  1.31316483E-03,  1.54599547E-03)
   1.00000000      -2.00000000       1.00000000     (  6.79865479E-04, -1.47148967E-03) (  3.30619514E-04, -1.11758709E-03) ( -1.86264515E-05, -7.68341124E-04)
   1.00000000      -1.00000000       0.00000000     ( -1.61584467E-03, -1.43796206E-02) ( -1.61584467E-03, -1.43796206E-02) ( -1.41933560E-02,  2.15694308E-02)
   1.00000000      -1.00000000       1.00000000     ( -1.86264515E-03, -4.70317900E-04) (  1.11758709E-03,  3.39001417E-03) (  2.98023224E-03,  3.87430191E-03)
   1.00000000      -1.00000000       2.00000000     (  2.42143869E-03, -2.51457095E-03) (  7.59027898E-04, -7.21774995E-04) ( -8.38190317E-04,  9.03382897E-04)
   2.00000000       0.00000000       0.00000000     (  0.00000000    ,  0.00000000    ) ( -2.49594450E-03, -2.64495611E-03) (  1.29453838E-03, -2.12341547E-03)
   2.00000000       0.00000000       1.00000000     ( -8.56816769E-04,  1.37835741E-03) ( -4.79631126E-04, -1.52736902E-03) (  1.71363354E-03, -2.75671482E-03)
   2.00000000       1.00000000       0.00000000     (  6.56582415E-04, -9.12696123E-04) ( -1.31316483E-03,  1.82539225E-03) (  8.75443220E-04, -1.14552677E-03)
   2.00000000       1.00000000       1.00000000     ( -1.57160684E-04, -3.63215804E-04) ( -9.87201929E-04,  2.81259418E-03) (  1.30385160E-03, -2.08616257E-03)
   2.00000000      -1.00000000       0.00000000     (  5.30853868E-04, -1.18277967E-03) (  1.06170774E-03, -2.36555934E-03) (  7.03148544E-04, -8.94069672E-04)
   2.00000000      -1.00000000       1.00000000     (  1.24797225E-03, -1.03609636E-04) (  2.58907676E-03, -2.93366611E-04) (  9.31322575E-05, -8.61473382E-05)
