   0.00000000       0.00000000      -2.00000000     (  2.68220901E-03,  3.74391675E-03) ( -2.37487257E-03, -1.06520019E-04) (  0.00000000    ,  0.00000000    )
   0.00000000       0.00000000      -1.00000000     (  2.63750553E-02, -1.11758709E-02) (  1.20326877E-02,  3.12179327E-02) (  0.00000000    ,  0.00000000    )
   0.00000000       1.00000000      -2.00000000     (  3.81842256E-04,  1.96509063E-03) (  6.05359674E-04,  1.75088644E-03) (  3.02679837E-04,  8.75443220E-04)
   0.00000000       1.00000000      -1.00000000     (  1.57952309E-02,  1.87754631E-02) (  4.03961167E-04,  1.37370080E-03) (  4.03961167E-04,  1.37370080E-03)
   0.00000000       2.00000000      -1.00000000     ( -7.30156898E-03, -1.95577741E-03) ( -1.31316483E-03, -1.03842467E-03) ( -2.62632966E-03, -2.07684934E-03)
   0.00000000      -2.00000000      -1.00000000     (  1.43423676E-03, -3.70666385E-03) ( -1.52736902E-03,  8.98726285E-04) (  3.05473804E-03, -1.79745257E-03)
   0.00000000      -1.00000000      -2.00000000     ( -4.30271029E-03, -1.25728548E-03) ( -1.60187483E-03, -8.96397978E-05) (  8.00937414E-04,  4.48198989E-05)
   0.00000000      -1.00000000      -1.00000000     (  5.25265932E-03,  4.93600965E-03) (  3.29688191E-03,  1.02072954E-02) ( -3.29688191E-03, -1.02072954E-02)
   1.00000000       0.00000000      -2.00000000     ( -1.13621354E-03,  3.35276127E-03) ( -2.92435288E-03,  4.52622771E-03) ( -5.68106771E-04,  1.67638063E-03)
   1.00000000       0.00000000      -1.00000000     (  4.61004674E-03,  1.13504939E-04) (  1.65309757E-03, -2.44006515E-03) (  4.61004674E-03,  1.13504939E-04)
   1.00000000       1.00000000      -2.00000000     ( -3.52039933E-03,  6.93835318E-04) (  3.24100256E-03, -3.44589353E-03) ( -1.46683306E-04, -1.36904418E-03)
   1.00000000       1.00000000      -1.00000000     ( -4.41446900E-03, -1.70432031E-03) (  3.81842256E-03,  6.42612576E-04) ( -6.00703061E-04, -1.05705112E-03)
   1.00000000       2.00000000      -1.00000000     ( -1.07567757E-03,  1.17812306E-03) ( -3.53902578E-04,  1.49011612E-03) ( -1.77882612E-03,  4.15369868E-03)
   1.00000000      -2.00000000      -1.00000000     (  6.65750122E-06, -7.07805157E-04) (  1.16415322E-03,  6.66477717E-05) ( -2.31899321E-03, -8.38190317E-04)
   1.00000000      -1.00000000      -2.00000000     ( -1.11758709E-03, -2.29105353E-03) ( -3.05008143E-04, -1.75088644E-03) ( -4.07453626E-04, -2.68919393E-04)
   1.00000000      -1.00000000      -1.00000000     ( -1.23865902E-03,  3.98140401E-04) ( -2.79396772E-03,  4.88944352E-04) (  1.56462193E-03, -9.02218744E-05)
   2.00000000       0.00000000      -1.00000000     ( -1.18743628E-03, -6.79865479E-04) ( -3.66941094E-03,  6.84522092E-04) ( -2.37487257E-03, -1.35973096E-03)
   2.00000000       1.00000000      -1.00000000     ( -2.03726813E-04,  3.23634595E-04) (  8.19563866E-04, -1.28522515E-03) (  4.12110239E-04, -6.37955964E-04)
   2.00000000      -1.00000000      -1.00000000     ( -5.20230969E-06, -8.24220479E-04) (  4.93600965E-04, -3.39001417E-03) ( -5.02914190E-04,  1.75088644E-03)
