    0.000000        0.000000        1.000000      (2.1830201E-02,1.1958182E-02)
   (-7.0035458E-03,-1.7657876E-02)  (0.000000,0.000000)
    0.000000        0.000000        2.000000      
 (7.9348683E-03,-1.8393621E-03)  (5.9604645E-03,4.1816384E-03)  
 (0.000000,0.000000)
    0.000000        1.000000        0.000000      (6.9150701E-04,9.9092722E-03)
   (0.000000,0.000000)  (3.3248216E-03,-2.9336661E-03)
    0.000000        1.000000        1.000000      (4.0978193E-03,1.1455268E-03)
   (6.7241490E-03,-5.1595271E-03)  (-6.7241490E-03,5.1595271E-03)
    0.000000        1.000000        2.000000      
 (-8.2887709E-03,-2.5657937E-03)  (-6.6682696E-03,-6.3446350E-04)  
 (3.3341348E-03,3.1723175E-04)
    0.000000        2.000000        0.000000      
 (-2.2770837E-03,-2.3748726E-03)  (0.000000,0.000000)  
 (-1.7229468E-03,2.9243529E-03)
    0.000000        2.000000        1.000000      
 (1.1362135E-02,-3.2782555E-03)  (-1.0040822E-04,-2.2631139E-03)  
 (2.0081643E-04,4.5262277E-03)
    0.000000       -2.000000        0.000000      
 (-2.2770837E-03,2.3748726E-03)  (0.000000,0.000000)  
 (-1.7229468E-03,-2.9243529E-03)
    0.000000       -2.000000        1.000000      
 (-1.3038516E-02,-1.1026859E-02)  (-4.1443855E-03,1.1408702E-03)  
 (-8.2887709E-03,2.2817403E-03)
    0.000000       -1.000000        0.000000      
 (6.9150701E-04,-9.9092722E-03)  (0.000000,0.000000)  
 (3.3248216E-03,2.9336661E-03)
    0.000000       -1.000000        1.000000      
 (6.4820051E-03,-7.4878335E-03)  (-2.3283064E-03,-4.0605664E-03)  
 (-2.3283064E-03,-4.0605664E-03)
    0.000000       -1.000000        2.000000      
 (-1.2926757E-02,2.9057264E-03)  (-1.8579885E-03,3.2782555E-03)  
 (-9.2899427E-04,1.6391277E-03)
    1.000000        0.000000        0.000000      (0.000000,0.000000)  
 (-2.5033951E-02,4.8615038E-03)  (1.8700957E-02,1.8030405E-02)
    1.000000        0.000000        1.000000      
 (-1.3783574E-03,-3.8184226E-03)  (-2.0787120E-02,1.5124679E-02)  
 (1.3783574E-03,3.8184226E-03)
    1.000000        0.000000        2.000000      (1.0035001E-03,1.2898818E-03)
   (5.0012022E-03,1.0784715E-02)  (-5.0175004E-04,-6.4494088E-04)
    1.000000        1.000000        0.000000      
 (4.0419400E-03,-1.3737008E-03)  (-4.0419400E-03,1.3737008E-03)  
 (-3.3620745E-03,2.0768493E-03)
    1.000000        1.000000        1.000000      
 (-2.0430889E-04,3.8277358E-03)  (-1.1455268E-03,-2.5331974E-03)  
 (1.3504177E-03,-1.2922101E-03)
    1.000000        1.000000        2.000000      
 (-3.8743019E-03,1.5803380E-04)  (-1.1106022E-03,-5.8114529E-03)  
 (2.4912879E-03,2.8312206E-03)
    1.000000        2.000000        0.000000      (1.4225952E-03,2.7287751E-03)
   (-7.1129762E-04,-1.3643876E-03)  (3.6135316E-03,9.7975135E-03)
    1.000000        2.000000        1.000000      (4.5821071E-03,4.0885061E-03)
   (-1.6530976E-03,-3.3003744E-04)  (-1.2712553E-03,-3.4272671E-03)
    1.000000       -2.000000        0.000000      (5.6606950E-05,7.1711838E-03)
   (2.8303475E-05,3.5855919E-03)  (-6.7986548E-03,-1.0943040E-03)
    1.000000       -2.000000        1.000000      
 (-1.5320256E-03,3.2130629E-04)  (1.5315891E-05,8.0326572E-04)  
 (1.5646219E-03,1.2875535E-03)
    1.000000       -1.000000        0.000000      
 (-2.4493784E-03,2.2584572E-04)  (-2.4493784E-03,2.2584572E-04)  
 (-5.1409006E-03,3.8556755E-03)
    1.000000       -1.000000        1.000000      (1.4528632E-02,2.6775524E-03)
   (5.1781535E-03,3.2782555E-03)  (-9.3691051E-03,6.0186721E-04)
    1.000000       -1.000000        2.000000      
 (-2.0861626E-03,1.2898818E-03)  (-4.5634806E-03,-3.7532300E-03)  
 (-1.2386590E-03,-2.5238842E-03)
    2.000000        0.000000        0.000000      (0.000000,0.000000)  
 (1.4081597E-02,-5.4854900E-03)  (-8.1956387E-04,2.7893111E-03)
    2.000000        0.000000        1.000000      
 (-4.0140003E-03,4.4703484E-03)  (5.2712858E-03,1.1492521E-02)  
 (8.0280006E-03,-8.9406967E-03)
    2.000000        1.000000        0.000000      
 (-1.8207356E-03,-2.1560118E-03)  (3.6414713E-03,4.3120235E-03)  
 (-6.7427754E-03,1.6437843E-03)
    2.000000        1.000000        1.000000      (3.5762787E-03,5.3737313E-03)
   (-5.7276338E-03,-1.3783574E-02)  (-1.4156103E-03,3.0361116E-03)
    2.000000       -1.000000        0.000000      
 (-1.7276034E-03,-3.2410026E-03)  (-3.4552068E-03,-6.4820051E-03)  
 (2.2863969E-03,4.2747706E-03)
    2.000000       -1.000000        1.000000      
 (-5.2899122E-03,1.9744039E-03)  (-5.1409006E-03,4.5541674E-03)  
 (5.4296106E-03,6.0535967E-04)
