   0.00000000       0.00000000       1.00000000     (  2.35438347E-02,  1.09896064E-02) (  5.28991222E-03, -2.62260437E-02) (  0.00000000    ,  0.00000000    )
   0.00000000       0.00000000       2.00000000     (  6.23986125E-03, -5.49480319E-03) ( -1.52736902E-03,  1.35041773E-03) (  0.00000000    ,  0.00000000    )
   0.00000000       1.00000000       0.00000000     ( -5.58793545E-03,  9.79751348E-03) (  0.00000000    ,  0.00000000    ) (  1.79279596E-03, -3.49245965E-04)
   0.00000000       1.00000000       1.00000000     (  3.37138772E-03, -5.01051545E-03) (  5.12227416E-03, -8.34465027E-03) ( -5.12227416E-03,  8.34465027E-03)
   0.00000000       1.00000000       2.00000000     ( -7.43195415E-03,  2.59606168E-04) ( -5.02914190E-03,  2.99187377E-04) (  2.51457095E-03, -1.49593689E-04)
   0.00000000       2.00000000       0.00000000     ( -3.31550837E-03, -6.25848770E-03) (  0.00000000    ,  0.00000000    ) ( -6.46337867E-03,  3.58559191E-04)
   0.00000000       2.00000000       1.00000000     (  3.02679837E-03,  4.93600965E-03) ( -2.51457095E-03, -2.09081918E-03) (  5.02914190E-03,  4.18163836E-03)
   0.00000000      -2.00000000       0.00000000     ( -3.31550837E-03,  6.25848770E-03) (  0.00000000    ,  0.00000000    ) ( -6.46337867E-03, -3.58559191E-04)
   0.00000000      -2.00000000       1.00000000     ( -1.05425715E-02,  1.25728548E-03) ( -1.53668225E-03,  1.58324838E-03) ( -3.07336450E-03,  3.16649675E-03)
   0.00000000      -1.00000000       0.00000000     ( -5.58793545E-03, -9.79751348E-03) (  0.00000000    ,  0.00000000    ) (  1.79279596E-03,  3.49245965E-04)
   0.00000000      -1.00000000       1.00000000     (  1.33365393E-02, -1.53481960E-02) ( -1.10827386E-03, -1.99303031E-03) ( -1.10827386E-03, -1.99303031E-03)
   0.00000000      -1.00000000       2.00000000     ( -3.02679837E-04, -3.20374966E-03) (  7.59027898E-04,  3.23052518E-05) (  3.79513949E-04,  1.61526259E-05)
   1.00000000       0.00000000       0.00000000     (  0.00000000    ,  0.00000000    ) ( -1.69873238E-02,  6.09084964E-03) (  2.60770321E-02,  2.15321779E-02)
   1.00000000       0.00000000       1.00000000     (  3.48314643E-03, -3.11061740E-03) ( -2.66730785E-02,  1.50874257E-02) ( -3.48314643E-03,  3.11061740E-03)
   1.00000000       0.00000000       2.00000000     (  1.20140612E-03,  3.26894224E-03) (  7.78585672E-03,  3.68803740E-03) ( -6.00703061E-04, -1.63447112E-03)
   1.00000000       1.00000000       0.00000000     (  5.42029738E-03,  3.07336450E-03) ( -5.42029738E-03, -3.07336450E-03) ( -8.06525350E-03,  4.71249223E-03)
   1.00000000       1.00000000       1.00000000     ( -4.00468707E-03, -4.59840521E-04) (  2.66358256E-03,  1.23109203E-04) (  1.34576112E-03,  3.37604433E-04)
   1.00000000       1.00000000       2.00000000     ( -1.51805580E-03, -2.97091901E-03) ( -5.71832061E-03, -1.52736902E-03) (  3.61353159E-03,  2.25380063E-03)
   1.00000000       2.00000000       0.00000000     ( -1.93715096E-03,  6.59376383E-03) (  9.68575478E-04, -3.29688191E-03) ( -1.58790499E-03,  7.15255737E-03)
   1.00000000       2.00000000       1.00000000     (  7.11530447E-03,  2.69152224E-03) ( -3.96743417E-03, -2.94297934E-03) (  8.12578946E-04,  3.20374966E-03)
   1.00000000      -2.00000000       0.00000000     (  3.99304554E-04, -3.47383320E-03) (  1.99652277E-04, -1.73691660E-03) ( -9.52277333E-04,  3.08267772E-03)
   1.00000000      -2.00000000       1.00000000     ( -1.72760338E-03,  1.12690032E-03) ( -2.01165676E-03,  2.02562660E-03) ( -2.30036676E-03,  2.92435288E-03)
   1.00000000      -1.00000000       0.00000000     ( -6.18398190E-03, -8.06525350E-03) ( -6.18398190E-03, -8.06525350E-03) ( -5.12227416E-03,  5.42029738E-03)
   1.00000000      -1.00000000       1.00000000     (  4.39584255E-03,  7.56233931E-03) ( -1.09896064E-03,  5.40167093E-03) ( -5.49480319E-03, -2.15601176E-03)
   1.00000000      -1.00000000       2.00000000     (  4.25614417E-03,  5.68106771E-03) (  7.22706318E-03,  4.00468707E-03) (  1.49011612E-03, -8.38190317E-04)
   2.00000000       0.00000000       0.00000000     (  0.00000000    ,  0.00000000    ) (  1.02818012E-02, -4.33996320E-03) ( -5.32716513E-03,  2.02562660E-03)
   2.00000000       0.00000000       1.00000000     ( -3.28756869E-03, -2.49594450E-03) (  2.16066837E-03,  9.76026058E-03) (  6.57513738E-03,  4.99188900E-03)
   2.00000000       1.00000000       0.00000000     ( -2.78465450E-03,  7.54371285E-04) (  5.56930900E-03, -1.50874257E-03) ( -2.49128789E-04, -9.57399607E-03)
   2.00000000       1.00000000       1.00000000     (  1.17812306E-03,  3.81842256E-03) ( -3.74391675E-03, -6.64964318E-03) (  1.38301402E-03, -9.87201929E-04)
   2.00000000      -1.00000000       0.00000000     (  1.94646418E-03,  1.12224370E-03) (  3.89292836E-03,  2.24448740E-03) ( -8.73114914E-05,  1.61118805E-03)
   2.00000000      -1.00000000       1.00000000     ( -3.27825546E-03,  9.54605639E-04) ( -2.26311386E-03, -1.79279596E-03) (  4.30271029E-03, -3.70666385E-03)
