   0.00000000       0.00000000      -2.00000000     ( -2.18860805E-04, -1.97440386E-03) (  1.56462193E-03, -7.17118382E-04) (  0.00000000    ,  0.00000000    )
   0.00000000       0.00000000      -1.00000000     (  2.74926424E-02, -7.15255737E-03) (  2.88337469E-02,  3.36766243E-02) (  0.00000000    ,  0.00000000    )
   0.00000000       1.00000000      -2.00000000     (  2.74740160E-04, -4.14438546E-04) ( -1.30385160E-04, -7.91624188E-04) ( -6.51925802E-05, -3.95812094E-04)
   0.00000000       1.00000000      -1.00000000     (  8.17701221E-03,  2.89827585E-02) ( -7.84639269E-04, -2.49594450E-03) ( -7.84639269E-04, -2.49594450E-03)
   0.00000000       2.00000000      -1.00000000     (  2.94297934E-03,  4.56348062E-04) (  5.77419996E-04,  3.95812094E-04) (  1.15483999E-03,  7.91624188E-04)
   0.00000000      -2.00000000      -1.00000000     ( -7.91624188E-04,  8.56816769E-04) (  6.61239028E-04,  1.44354999E-04) ( -1.32247806E-03, -2.88709998E-04)
   0.00000000      -1.00000000      -2.00000000     (  1.73225999E-03,  2.28174031E-04) (  5.49480319E-04,  4.09781933E-04) ( -2.74740160E-04, -2.04890966E-04)
   0.00000000      -1.00000000      -1.00000000     (  8.36327672E-03, -4.66592610E-03) ( -1.76485628E-03,  9.92789865E-03) (  1.76485628E-03, -9.92789865E-03)
   1.00000000       0.00000000      -2.00000000     (  9.68575478E-04, -8.10250640E-04) (  9.77888703E-04, -9.59262252E-04) (  4.84287739E-04, -4.05125320E-04)
   1.00000000       0.00000000      -1.00000000     (  9.27597284E-03, -3.37138772E-03) ( -8.99657607E-03, -3.29688191E-03) (  9.27597284E-03, -3.37138772E-03)
   1.00000000       1.00000000      -2.00000000     (  1.08033419E-03, -1.83936208E-04) ( -3.66708264E-05,  1.22934580E-03) (  5.21540642E-04,  5.21540642E-04)
   1.00000000       1.00000000      -1.00000000     (  6.70552254E-04, -1.49884727E-05) ( -1.30385160E-03, -7.07805157E-04) ( -6.23986125E-04, -7.26431608E-04)
   1.00000000       2.00000000      -1.00000000     ( -8.73114914E-05, -6.33299351E-04) (  3.58559191E-04, -1.42026693E-04) (  6.33299351E-04, -9.12696123E-04)
   1.00000000      -2.00000000      -1.00000000     ( -1.02445483E-03, -3.02679837E-04) ( -7.45058060E-04, -7.91624188E-04) (  4.61004674E-04,  1.28522515E-03)
   1.00000000      -1.00000000      -2.00000000     ( -3.49245965E-04,  9.59262252E-04) (  5.70435077E-05,  6.34463504E-05) ( -2.02562660E-04,  4.47034836E-04)
   1.00000000      -1.00000000      -1.00000000     (  5.86733222E-04, -8.94069672E-04) (  1.35973096E-03, -2.88709998E-04) ( -7.72997737E-04, -6.05359674E-04)
   2.00000000       0.00000000      -1.00000000     (  5.77419996E-04,  1.74622983E-04) (  1.01281330E-04, -1.49011612E-04) (  1.15483999E-03,  3.49245965E-04)
   2.00000000       1.00000000      -1.00000000     (  6.14672899E-04,  2.70083547E-04) ( -1.02445483E-03,  5.40167093E-04) (  2.11875886E-04,  1.08033419E-03)
   2.00000000      -1.00000000      -1.00000000     (  6.51925802E-05, -2.84053385E-04) ( -6.33299351E-04,  7.45058060E-04) (  7.63684511E-04, -1.30385160E-03)
