   0.00000000       0.00000000      -2.00000000     (  6.72414899E-03,  3.63215804E-03) (  2.33761966E-03, -1.53202564E-03) (  0.00000000    ,  0.00000000    )
   0.00000000       0.00000000      -1.00000000     (  2.31713057E-02, -1.18836761E-02) ( -6.70552254E-04,  2.25752592E-02) (  0.00000000    ,  0.00000000    )
   0.00000000       1.00000000      -2.00000000     ( -4.61935997E-03, -4.67989594E-04) (  3.35276127E-04, -3.95812094E-03) (  1.67638063E-04, -1.97906047E-03)
   0.00000000       1.00000000      -1.00000000     (  9.72300768E-03,  1.24797225E-02) ( -2.64495611E-03,  2.77534127E-03) ( -2.64495611E-03,  2.77534127E-03)
   0.00000000       2.00000000      -1.00000000     ( -9.20146704E-03,  3.77185643E-03) ( -1.96974725E-03, -9.10367817E-04) ( -3.93949449E-03, -1.82073563E-03)
   0.00000000      -2.00000000      -1.00000000     (  6.46337867E-03, -4.05125320E-04) ( -1.05006620E-03,  2.41212547E-03) (  2.10013241E-03, -4.82425094E-03)
   0.00000000      -1.00000000      -2.00000000     ( -7.18981028E-03,  1.07102096E-03) ( -7.13393092E-03, -4.77302819E-04) (  3.56696546E-03,  2.38651410E-04)
   0.00000000      -1.00000000      -1.00000000     (  3.35276127E-03,  3.21306288E-03) (  7.05942512E-03,  7.00354576E-03) ( -7.05942512E-03, -7.00354576E-03)
   1.00000000       0.00000000      -2.00000000     (  3.31550837E-03,  4.60073352E-03) ( -2.99885869E-03,  7.67409801E-03) (  1.65775418E-03,  2.30036676E-03)
   1.00000000       0.00000000      -1.00000000     (  3.79048288E-03,  3.53902578E-04) (  9.05245543E-03, -1.09430403E-03) (  3.79048288E-03,  3.53902578E-04)
   1.00000000       1.00000000      -2.00000000     ( -3.76254320E-03, -3.51108611E-03) (  4.11644578E-03, -8.32602382E-03) (  1.79861672E-04, -5.92321157E-03)
   1.00000000       1.00000000      -1.00000000     ( -7.48783350E-03, -4.74974513E-03) (  4.74974513E-03, -2.54949555E-04) ( -2.73808837E-03, -5.01051545E-03)
   1.00000000       2.00000000      -1.00000000     ( -6.37024641E-03, -2.98954546E-03) (  1.00117177E-03,  1.30850822E-03) ( -4.35858965E-03, -3.73693183E-04)
   1.00000000      -2.00000000      -1.00000000     (  4.52855602E-04, -4.05125320E-03) ( -1.69384293E-04, -3.38070095E-03) (  7.91624188E-04,  2.71014869E-03)
   1.00000000      -1.00000000      -2.00000000     (  1.72294676E-03,  1.63447112E-03) ( -2.28756107E-04,  1.09197572E-03) (  9.75560397E-04,  2.71247700E-04)
   1.00000000      -1.00000000      -1.00000000     ( -5.25265932E-03,  1.23400241E-03) ( -7.02217221E-03,  9.56933945E-04) (  1.76951289E-03,  2.75322236E-04)
   2.00000000       0.00000000      -1.00000000     ( -1.74157321E-03,  2.15601176E-03) ( -6.31436706E-03,  4.41446900E-03) ( -3.48314643E-03,  4.31202352E-03)
   2.00000000       1.00000000      -1.00000000     (  8.98726285E-04,  1.53668225E-03) (  2.37487257E-03, -5.38304448E-03) (  4.18163836E-03, -2.31899321E-03)
   2.00000000      -1.00000000      -1.00000000     (  1.86264515E-05, -1.53668225E-03) (  2.03028321E-03,  7.68341124E-05) ( -1.99768692E-03, -3.14787030E-03)
