   0.00000000       0.00000000       1.00000000     (  1.24797225E-02, -1.03563070E-02) (  4.21702862E-02, -1.13248825E-02) (  0.00000000    ,  0.00000000    )
   0.00000000       0.00000000       2.00000000     (  1.86264515E-04, -7.45058060E-05) ( -1.49011612E-04, -1.39698386E-05) (  0.00000000    ,  0.00000000    )
   0.00000000       1.00000000       0.00000000     ( -1.66706741E-03, -4.51691449E-03) (  0.00000000    ,  0.00000000    ) (  1.44913793E-02,  7.37607479E-03)
   0.00000000       1.00000000       1.00000000     (  8.66129994E-03,  7.26431608E-03) (  1.60187483E-03, -1.34110451E-03) ( -1.60187483E-03,  1.34110451E-03)
   0.00000000       1.00000000       2.00000000     (  4.65661287E-05, -6.51925802E-05) ( -4.65661287E-05,  3.72529030E-05) (  2.32830644E-05, -1.86264515E-05)
   0.00000000       2.00000000       0.00000000     (  9.31322575E-05,  6.51925802E-05) (  0.00000000    ,  0.00000000    ) ( -7.45058060E-05,  2.09547579E-05)
   0.00000000       2.00000000       1.00000000     (  1.49011612E-04, -3.25962901E-05) ( -2.79396772E-05, -2.79396772E-05) (  5.58793545E-05,  5.58793545E-05)
   0.00000000      -2.00000000       0.00000000     (  9.31322575E-05, -6.51925802E-05) (  0.00000000    ,  0.00000000    ) ( -7.45058060E-05, -2.09547579E-05)
   0.00000000      -2.00000000       1.00000000     ( -5.58793545E-05, -1.81898940E-07) ( -5.58793545E-05, -7.45058060E-05) ( -1.11758709E-04, -1.49011612E-04)
   0.00000000      -1.00000000       0.00000000     ( -1.66706741E-03,  4.51691449E-03) (  0.00000000    ,  0.00000000    ) (  1.44913793E-02, -7.37607479E-03)
   0.00000000      -1.00000000       1.00000000     ( -6.68689609E-03, -2.78651714E-02) ( -9.74163413E-03,  3.46451998E-03) ( -9.74163413E-03,  3.46451998E-03)
   0.00000000      -1.00000000       2.00000000     (  7.45058060E-05, -3.25962901E-05) (  4.65661287E-05, -2.32830644E-05) (  2.32830644E-05, -1.16415322E-05)
   1.00000000       0.00000000       0.00000000     (  0.00000000    ,  0.00000000    ) ( -3.15904617E-02,  2.27987766E-02) (  1.91479921E-02,  9.54605639E-04)
   1.00000000       0.00000000       1.00000000     ( -3.63215804E-03,  5.87897375E-04) ( -1.62050128E-02, -1.81049109E-02) (  3.63215804E-03, -5.87897375E-04)
   1.00000000       0.00000000       2.00000000     ( -1.30385160E-04, -6.51925802E-05) (  7.45058060E-05,  4.65661287E-05) (  6.51925802E-05,  3.25962901E-05)
   1.00000000       1.00000000       0.00000000     (  2.58907676E-03,  4.88944352E-03) ( -2.58907676E-03, -4.88944352E-03) ( -4.51691449E-03,  1.18464231E-02)
   1.00000000       1.00000000       1.00000000     (  5.58793545E-05,  6.51925802E-05) ( -1.86264515E-04,  3.49245965E-06) (  1.30385160E-04, -7.45058060E-05)
   1.00000000       1.00000000       2.00000000     ( -2.23517418E-04,  3.72529030E-05) (  8.38190317E-05,  1.11758709E-04) (  6.51925802E-05, -7.45058060E-05)
   1.00000000       2.00000000       0.00000000     ( -1.86264515E-05,  4.19095159E-05) (  9.31322575E-06, -2.09547579E-05) ( -7.45058060E-05, -3.49245965E-06)
   1.00000000       2.00000000       1.00000000     ( -1.62981451E-05,  2.79396772E-05) ( -4.65661287E-05,  4.07453626E-06) (  1.11758709E-04, -3.72529030E-05)
   1.00000000      -2.00000000       0.00000000     ( -1.16415322E-05,  6.51925802E-05) ( -5.82076609E-06,  3.25962901E-05) ( -5.58793545E-05, -1.30385160E-04)
   1.00000000      -2.00000000       1.00000000     ( -1.11758709E-04, -4.65661287E-05) ( -2.09547579E-05, -1.86264515E-05) (  6.51925802E-05,  1.04773790E-05)
   1.00000000      -1.00000000       0.00000000     (  8.80099833E-04, -4.96394932E-03) (  8.80099833E-04, -4.96394932E-03) ( -8.54954123E-03,  3.36021185E-02)
   1.00000000      -1.00000000       1.00000000     (  2.23517418E-04,  1.11758709E-04) (  6.98491931E-06, -1.86264515E-04) ( -2.23517418E-04, -2.98023224E-04)
   1.00000000      -1.00000000       2.00000000     ( -9.31322575E-05, -1.30967237E-06) ( -4.65661287E-05,  9.31322575E-05) (  2.32830644E-05,  4.65661287E-05)
   2.00000000       0.00000000       0.00000000     (  0.00000000    ,  0.00000000    ) (  5.58793545E-05,  1.67638063E-04) ( -7.45058060E-05, -8.14907253E-06)
   2.00000000       0.00000000       1.00000000     ( -1.62981451E-05,  5.23868948E-06) ( -5.09317033E-07,  3.72529030E-05) (  3.25962901E-05, -1.04773790E-05)
   2.00000000       1.00000000       0.00000000     (  2.79396772E-05,  1.86264515E-05) ( -5.58793545E-05, -3.72529030E-05) (  1.62981451E-05,  6.51925802E-05)
   2.00000000       1.00000000       1.00000000     (  1.16415322E-06, -2.32830644E-05) ( -7.45058060E-05,  4.65661287E-05) (  7.45058060E-05, -2.91038305E-06)
   2.00000000      -1.00000000       0.00000000     ( -4.19095159E-05, -2.32830644E-05) ( -8.38190317E-05, -4.65661287E-05) ( -1.62981451E-05, -1.39698386E-05)
   2.00000000      -1.00000000       1.00000000     ( -2.09547579E-05, -8.38190317E-05) ( -5.58793545E-05, -6.51925802E-05) ( -1.62981451E-05,  1.11758709E-04)
