    0.000000        0.000000       -2.000000      (7.5623393E-03,1.7182902E-03)
   (6.0535967E-03,-4.4517219E-03)  (0.000000,0.000000)
    0.000000        0.000000       -1.000000      
 (2.1606684E-02,-1.1846423E-02)  (-7.6740980E-03,1.7210841E-02)  
 (0.000000,0.000000)
    0.000000        1.000000       -2.000000      
 (-1.3262033E-02,-2.5890768E-03)  (-2.1466985E-03,-2.4959445E-03)  
 (-1.0733493E-03,-1.2479722E-03)
    0.000000        1.000000       -1.000000      (6.3888729E-03,6.8545341E-03)
   (-2.1606684E-03,4.2282045E-03)  (-2.1606684E-03,4.2282045E-03)
    0.000000        2.000000       -1.000000      
 (-1.2964010E-02,1.1250377E-02)  (-4.0512532E-03,-1.1571683E-03)  
 (-8.1025064E-03,-2.3143366E-03)
    0.000000       -2.000000       -1.000000      (1.1045486E-02,3.2130629E-03)
   (-1.6269041E-04,2.1420419E-03)  (3.2538082E-04,-4.2840838E-03)
    0.000000       -1.000000       -2.000000      
 (-8.2328916E-03,2.5657937E-03)  (-6.0349703E-03,9.1269612E-04)  
 (3.0174851E-03,-4.5634806E-04)
    0.000000       -1.000000       -1.000000      
 (4.1723251E-03,-1.7508864E-03)  (6.5006316E-03,4.9546361E-03)  
 (-6.5006316E-03,-4.9546361E-03)
    1.000000        0.000000       -2.000000      (8.5309148E-03,3.1292439E-03)
   (-2.9429793E-03,5.6717545E-03)  (4.2654574E-03,1.5646219E-03)
    1.000000        0.000000       -1.000000      
 (3.9674342E-03,-5.3085387E-04)  (8.1211329E-03,-3.6694109E-03)  
 (3.9674342E-03,-5.3085387E-04)
    1.000000        1.000000       -2.000000      
 (-3.1106174E-03,-1.1618249E-03)  (-1.6298145E-03,-1.3671815E-02)  
 (-2.3655593E-03,-7.4133277E-03)
    1.000000        1.000000       -1.000000      
 (-8.3260238E-03,-2.4400651E-03)  (2.3981556E-03,-1.1501834E-03)  
 (-5.9418380E-03,-3.5949051E-03)
    1.000000        2.000000       -1.000000      
 (-9.6112490E-03,-1.3317913E-03)  (1.8300489E-03,2.8545037E-03)  
 (-5.9418380E-03,4.3772161E-03)
    1.000000       -2.000000       -1.000000      
 (-3.4342520E-04,-5.5599958E-03)  (-1.1851080E-03,-2.4028122E-03)  
 (2.0256266E-03,-7.5902790E-04)
    1.000000       -1.000000       -2.000000      (5.0012022E-03,1.1944212E-03)
   (-4.2375177E-03,2.0815060E-03)  (4.6193600E-03,-4.4354238E-04)
    1.000000       -1.000000       -1.000000      
 (-1.0095537E-02,3.8556755E-03)  (-7.2643161E-03,5.7858415E-04)  
 (-2.8451905E-03,3.2782555E-03)
    2.000000        0.000000       -1.000000      (1.1920929E-03,4.6286732E-03)
   (5.2899122E-03,7.6554716E-03)  (2.3841858E-03,9.2573464E-03)
    2.000000        1.000000       -1.000000      
 (-5.9837475E-04,-1.3224781E-03)  (4.2282045E-03,-5.9418380E-03)  
 (3.0361116E-03,-8.5867941E-03)
    2.000000       -1.000000       -1.000000      
 (-1.8207356E-03,2.0302832E-03)  (3.3702236E-04,6.1467290E-03)  
 (-3.9767474E-03,-2.0861626E-03)
