   0.00000000       0.00000000      -2.00000000     (  8.38190317E-03,  2.28174031E-03) ( -1.22934580E-02,  6.38887286E-03) (  0.00000000    ,  0.00000000    )
   0.00000000       0.00000000      -1.00000000     (  4.65661287E-04,  1.08033419E-02) (  2.19792128E-02, -3.74391675E-03) (  0.00000000    ,  0.00000000    )
   0.00000000       1.00000000      -2.00000000     ( -1.84401870E-03,  3.38070095E-03) (  1.49477273E-03, -2.64495611E-03) (  7.47386366E-04, -1.32247806E-03)
   0.00000000       1.00000000      -1.00000000     ( -7.30156898E-03,  1.15111470E-02) ( -5.77419996E-03, -5.62518835E-03) ( -5.77419996E-03, -5.62518835E-03)
   0.00000000       2.00000000      -1.00000000     (  1.30385160E-03, -1.14087015E-03) ( -7.68341124E-04, -2.39815563E-04) ( -1.53668225E-03, -4.79631126E-04)
   0.00000000      -2.00000000      -1.00000000     ( -9.73232090E-04,  4.84287739E-03) ( -1.70432031E-03, -1.64844096E-03) (  3.40864062E-03,  3.29688191E-03)
   0.00000000      -1.00000000      -2.00000000     (  6.14672899E-03,  5.23403287E-03) ( -2.80328095E-03, -2.57045031E-03) (  1.40164047E-03,  1.28522515E-03)
   0.00000000      -1.00000000      -1.00000000     ( -3.39001417E-03,  1.51805580E-03) (  4.04193997E-03,  1.25262886E-03) ( -4.04193997E-03, -1.25262886E-03)
   1.00000000       0.00000000      -2.00000000     ( -2.02096999E-03, -1.33644789E-03) (  6.47269189E-04,  6.96629286E-03) ( -1.01048499E-03, -6.68223947E-04)
   1.00000000       0.00000000      -1.00000000     (  9.42498446E-03, -5.55068254E-03) ( -4.00468707E-03,  2.74181366E-02) (  9.42498446E-03, -5.55068254E-03)
   1.00000000       1.00000000      -2.00000000     (  2.21654773E-03,  3.05473804E-03) ( -6.18398190E-03, -2.52621248E-04) ( -1.98371708E-03,  1.40164047E-03)
   1.00000000       1.00000000      -1.00000000     (  1.94646418E-03,  8.41915607E-03) ( -1.96509063E-03, -5.68106771E-03) ( -1.13868737E-05,  2.71946192E-03)
   1.00000000       2.00000000      -1.00000000     (  2.92435288E-03,  7.52042979E-04) ( -5.56465238E-04, -7.24685378E-05) (  1.80676579E-03,  6.07687980E-04)
   1.00000000      -2.00000000      -1.00000000     (  4.26080078E-04,  1.06170774E-03) ( -1.01572368E-04,  6.46105036E-05) (  6.26314431E-04,  9.31322575E-04)
   1.00000000      -1.00000000      -2.00000000     ( -1.46683306E-03, -5.19677997E-03) ( -1.03376806E-03,  4.15369868E-03) ( -2.16532499E-04, -4.67523932E-03)
   1.00000000      -1.00000000      -1.00000000     ( -1.67638063E-03,  4.95929271E-04) ( -1.90921128E-03, -4.32133675E-03) (  2.33994797E-04,  4.82425094E-03)
   2.00000000       0.00000000      -1.00000000     ( -1.89058483E-03, -1.07684173E-05) ( -3.18512321E-03, -6.28642738E-04) ( -3.78116965E-03, -2.15368345E-05)
   2.00000000       1.00000000      -1.00000000     (  1.23400241E-03,  8.14907253E-04) ( -4.20957804E-03, -2.69152224E-03) ( -1.73225999E-03, -1.05705112E-03)
   2.00000000      -1.00000000      -1.00000000     (  1.05239451E-03, -7.12461770E-04) (  1.95577741E-03,  1.05239451E-03) (  1.43772922E-04, -2.47731805E-03)
