   0.00000000       0.00000000      -2.00000000     (  6.70552254E-03,  2.94297934E-03) ( -9.61124897E-03,  3.85567546E-03) (  0.00000000    ,  0.00000000    )
   0.00000000       0.00000000      -1.00000000     ( -9.63918865E-04,  1.21444464E-02) (  2.14576721E-02, -7.05942512E-03) (  0.00000000    ,  0.00000000    )
   0.00000000       1.00000000      -2.00000000     ( -1.49011612E-03,  2.00234354E-03) ( -1.43772922E-04, -2.51457095E-03) ( -7.18864612E-05, -1.25728548E-03)
   0.00000000       1.00000000      -1.00000000     ( -9.46223736E-03,  1.16229057E-02) ( -5.97909093E-03, -6.37024641E-03) ( -5.97909093E-03, -6.37024641E-03)
   0.00000000       2.00000000      -1.00000000     (  1.72294676E-03,  5.42495400E-04) ( -8.52160156E-04, -4.30736691E-05) ( -1.70432031E-03, -8.61473382E-05)
   0.00000000      -2.00000000      -1.00000000     (  3.18977982E-04,  6.93835318E-04) ( -7.96280801E-04, -6.51925802E-04) (  1.59256160E-03,  1.30385160E-03)
   0.00000000      -1.00000000      -2.00000000     (  4.04193997E-03,  2.60770321E-03) ( -3.33413482E-03, -1.57393515E-03) (  1.66706741E-03,  7.86967576E-04)
   0.00000000      -1.00000000      -1.00000000     ( -7.97212124E-03,  3.86498868E-03) (  4.02331352E-03,  1.35507435E-03) ( -4.02331352E-03, -1.35507435E-03)
   1.00000000       0.00000000      -2.00000000     ( -1.31316483E-03, -9.22009349E-04) ( -2.80560926E-04,  4.47034836E-03) ( -6.56582415E-04, -4.61004674E-04)
   1.00000000       0.00000000      -1.00000000     (  1.11758709E-02, -5.94183803E-03) ( -3.89292836E-03,  3.32295895E-02) (  1.11758709E-02, -5.94183803E-03)
   1.00000000       1.00000000      -2.00000000     (  5.05242497E-04,  1.44354999E-03) ( -1.96509063E-03, -8.00937414E-04) ( -7.31088221E-04,  3.21306288E-04)
   1.00000000       1.00000000      -1.00000000     (  2.51457095E-03,  4.35858965E-03) (  5.47152013E-05, -2.60770321E-03) (  2.57045031E-03,  1.75088644E-03)
   1.00000000       2.00000000      -1.00000000     (  1.60187483E-03,  1.69500709E-03) (  1.81607902E-04,  2.88127922E-05) (  1.96509063E-03,  1.75088644E-03)
   1.00000000      -2.00000000      -1.00000000     (  8.52160156E-04,  2.81259418E-03) (  1.88592821E-04,  9.68575478E-04) (  4.70317900E-04,  8.84756446E-04)
   1.00000000      -1.00000000      -2.00000000     ( -1.31549314E-04, -4.95463610E-03) ( -7.86967576E-04,  2.30967999E-03) (  3.28291208E-04, -3.63215804E-03)
   1.00000000      -1.00000000      -1.00000000     ( -2.49594450E-03,  6.70552254E-04) ( -2.47731805E-03, -4.52622771E-03) ( -2.72120815E-05,  5.17815351E-03)
   2.00000000       0.00000000      -1.00000000     ( -1.16415322E-03, -5.84404916E-04) ( -4.67523932E-03,  7.07805157E-04) ( -2.32830644E-03, -1.16880983E-03)
   2.00000000       1.00000000      -1.00000000     (  1.99303031E-03,  2.05822289E-03) ( -2.83122063E-03, -2.70083547E-03) (  1.15483999E-03,  1.43423676E-03)
   2.00000000      -1.00000000      -1.00000000     ( -2.58442014E-04, -1.07102096E-03) (  1.16997398E-04, -4.12110239E-04) ( -6.33299351E-04, -1.72294676E-03)
