    0.000000        0.000000        1.000000      (2.3171306E-02,1.2367964E-02)
   (-4.1909516E-03,-2.0265579E-02)  (0.000000,0.000000)
    0.000000        0.000000        2.000000      
 (8.4377825E-03,-2.7427450E-03)  (4.9918890E-03,2.7241185E-03)  
 (0.000000,0.000000)
    0.000000        1.000000        0.000000      
 (-3.9115548E-04,1.1660159E-02)  (0.000000,0.000000)  
 (2.8591603E-03,-3.4831464E-03)
    0.000000        1.000000        1.000000      
 (3.8929284E-03,-1.1501834E-03)  (7.3947012E-03,-6.1653554E-03)  
 (-7.3947012E-03,6.1653554E-03)
    0.000000        1.000000        2.000000      
 (-8.4005296E-03,-2.0908192E-03)  (-8.4377825E-03,1.5541445E-04)  
 (4.2188913E-03,-7.7707227E-05)
    0.000000        2.000000        0.000000      
 (-2.9802322E-04,-5.0570816E-03)  (0.000000,0.000000)  
 (-3.0733645E-03,1.8905848E-03)
    0.000000        2.000000        1.000000      
 (1.0505319E-02,-2.5099143E-03)  (-2.9685907E-04,-2.5751069E-03)  
 (5.9371814E-04,5.1502138E-03)
    0.000000       -2.000000        0.000000      
 (-2.9802322E-04,5.0570816E-03)  (0.000000,0.000000)  
 (-3.0733645E-03,-1.8905848E-03)
    0.000000       -2.000000        1.000000      
 (-1.2218952E-02,-8.6426735E-03)  (-3.7159771E-03,9.7556040E-04)  
 (-7.4319541E-03,1.9511208E-03)
    0.000000       -1.000000        0.000000      
 (-3.9115548E-04,-1.1660159E-02)  (0.000000,0.000000)  
 (2.8591603E-03,3.4831464E-03)
    0.000000       -1.000000        1.000000      
 (7.6740980E-03,-1.0207295E-02)  (-2.8312206E-03,-3.5390258E-03)  
 (-2.8312206E-03,-3.5390258E-03)
    0.000000       -1.000000        2.000000      
 (-1.0002404E-02,2.8591603E-03)  (-6.1350875E-04,5.1315874E-03)  
 (-3.0675437E-04,2.5657937E-03)
    1.000000        0.000000        0.000000      (0.000000,0.000000)  
 (-2.4288893E-02,4.9918890E-03)  (2.1606684E-02,1.9073486E-02)
    1.000000        0.000000        1.000000      
 (-9.2259143E-05,-4.5262277E-03)  (-2.3543835E-02,1.6167760E-02)  
 (9.2259143E-05,4.5262277E-03)
    1.000000        0.000000        2.000000      (1.2549572E-03,1.5133992E-03)
   (5.3457916E-03,9.5553696E-03)  (-6.2747858E-04,-7.5669959E-04)
    1.000000        1.000000        0.000000      
 (4.8615038E-03,-7.6601282E-04)  (-4.8615038E-03,7.6601282E-04)  
 (-5.0477684E-03,2.1513551E-03)
    1.000000        1.000000        1.000000      
 (-2.1653250E-03,2.8219074E-03)  (9.2200935E-04,-1.6810372E-03)  
 (1.2409873E-03,-1.1408702E-03)
    1.000000        1.000000        2.000000      
 (-3.2130629E-03,-1.5879050E-03)  (-2.8498471E-03,-5.7369471E-03)  
 (3.0361116E-03,3.6600977E-03)
    1.000000        2.000000        0.000000      
 (-5.1339157E-04,4.3399632E-03)  (2.5669578E-04,-2.1699816E-03)  
 (1.9278377E-03,1.0877848E-02)
    1.000000        2.000000        1.000000      (6.0349703E-03,4.2282045E-03)
   (-1.4761463E-03,-1.5692785E-03)  (-3.0919909E-03,-1.0849908E-03)
    1.000000       -2.000000        0.000000      
 (-1.0896474E-03,4.0605664E-03)  (-5.4482371E-04,2.0302832E-03)  
 (-6.1839819E-03,-7.2410330E-04)
    1.000000       -2.000000        1.000000      
 (-1.4854595E-03,1.0221265E-03)  (-5.6927092E-04,1.8207356E-03)  
 (3.4400728E-04,2.6123598E-03)
    1.000000       -1.000000        0.000000      
 (-3.9674342E-03,-9.4529241E-04)  (-3.9674342E-03,-9.4529241E-04)  
 (-4.7497451E-03,4.1350722E-03)
    1.000000       -1.000000        1.000000      (1.3299286E-02,6.9104135E-03)
   (4.7311187E-03,6.8172812E-03)  (-8.5681677E-03,-1.0331860E-04)
    1.000000       -1.000000        2.000000      (9.0338290E-04,4.2282045E-03)
   (4.6100467E-04,-1.6530976E-03)  (-2.2235326E-04,-2.9429793E-03)
    2.000000        0.000000        0.000000      (0.000000,0.000000)  
 (1.4491379E-02,-7.3388219E-03)  (-1.9138679E-03,4.6193600E-03)
    2.000000        0.000000        1.000000      
 (-5.0198287E-03,2.5145710E-03)  (5.5972487E-03,1.3001263E-02)  
 (1.0039657E-02,-5.0291419E-03)
    2.000000        1.000000        0.000000      
 (-1.7229468E-03,-8.9639798E-04)  (3.4458935E-03,1.7927960E-03)  
 (-4.4330955E-03,-2.2724271E-03)
    2.000000        1.000000        1.000000      (3.4179538E-03,5.8114529E-03)
   (-6.3702464E-03,-1.2256205E-02)  (-4.5984052E-04,6.5425411E-04)
    2.000000       -1.000000        0.000000      
 (-1.1350494E-05,-2.4819747E-03)  (-2.2700988E-05,-4.9639493E-03)  
 (1.8905848E-03,3.8649887E-03)
    2.000000       -1.000000        1.000000      
 (-5.5786222E-03,9.1968104E-04)  (-5.9790909E-03,6.9383532E-04)  
 (5.1874667E-03,-1.1455268E-03)
