   0.00000000       0.00000000      -2.00000000     ( -2.21189111E-04, -2.01165676E-03) (  1.60187483E-03, -7.26431608E-04) (  0.00000000    ,  0.00000000    )
   0.00000000       0.00000000      -1.00000000     (  2.74181366E-02, -7.13393092E-03) (  2.87592411E-02,  3.36021185E-02) (  0.00000000    ,  0.00000000    )
   0.00000000       1.00000000      -2.00000000     (  2.79396772E-04, -4.19095159E-04) ( -1.30385160E-04, -8.00937414E-04) ( -6.51925802E-05, -4.00468707E-04)
   0.00000000       1.00000000      -1.00000000     (  8.12113285E-03,  2.89082527E-02) ( -7.89295882E-04, -2.49128789E-03) ( -7.89295882E-04, -2.49128789E-03)
   0.00000000       2.00000000      -1.00000000     (  2.98023224E-03,  4.65661287E-04) (  5.86733222E-04,  4.00468707E-04) (  1.17346644E-03,  8.00937414E-04)
   0.00000000      -2.00000000      -1.00000000     ( -8.00937414E-04,  8.75443220E-04) (  6.70552254E-04,  1.49011612E-04) ( -1.34110451E-03, -2.98023224E-04)
   0.00000000      -1.00000000      -2.00000000     (  1.76951289E-03,  2.30502337E-04) (  5.58793545E-04,  4.14438546E-04) ( -2.79396772E-04, -2.07219273E-04)
   0.00000000      -1.00000000      -1.00000000     (  8.34465027E-03, -4.67523932E-03) ( -1.76485628E-03,  9.89064574E-03) (  1.76485628E-03, -9.89064574E-03)
   1.00000000       0.00000000      -2.00000000     (  9.87201929E-04, -8.19563866E-04) (  9.96515155E-04, -9.77888703E-04) (  4.93600965E-04, -4.09781933E-04)
   1.00000000       0.00000000      -1.00000000     (  9.25734639E-03, -3.36207449E-03) ( -8.97794962E-03, -3.28756869E-03) (  9.25734639E-03, -3.36207449E-03)
   1.00000000       1.00000000      -2.00000000     (  1.09896064E-03, -1.83936208E-04) ( -3.60887498E-05,  1.24797225E-03) (  5.30853868E-04,  5.30853868E-04)
   1.00000000       1.00000000      -1.00000000     (  6.79865479E-04, -1.61526259E-05) ( -1.32247806E-03, -7.17118382E-04) ( -6.42612576E-04, -7.35744834E-04)
   1.00000000       2.00000000      -1.00000000     ( -8.84756446E-05, -6.42612576E-04) (  3.63215804E-04, -1.42026693E-04) (  6.42612576E-04, -9.31322575E-04)
   1.00000000      -2.00000000      -1.00000000     ( -1.04308128E-03, -3.07336450E-04) ( -7.54371285E-04, -8.10250640E-04) (  4.65661287E-04,  1.32247806E-03)
   1.00000000      -1.00000000      -2.00000000     ( -3.53902578E-04,  9.77888703E-04) (  5.47152013E-05,  6.34463504E-05) ( -2.04890966E-04,  4.56348062E-04)
   1.00000000      -1.00000000      -1.00000000     (  5.96046448E-04, -9.12696123E-04) (  1.37835741E-03, -2.93366611E-04) ( -7.82310963E-04, -6.14672899E-04)
   2.00000000       0.00000000      -1.00000000     (  5.86733222E-04,  1.76951289E-04) (  1.02445483E-04, -1.51339918E-04) (  1.17346644E-03,  3.53902578E-04)
   2.00000000       1.00000000      -1.00000000     (  6.23986125E-04,  2.74740160E-04) ( -1.04308128E-03,  5.49480319E-04) (  2.16532499E-04,  1.09896064E-03)
   2.00000000      -1.00000000      -1.00000000     (  6.63567334E-05, -2.88709998E-04) ( -6.42612576E-04,  7.54371285E-04) (  7.72997737E-04, -1.34110451E-03)
