   0.00000000       0.00000000       1.00000000     (  2.51084566E-02,  1.11013651E-02) (  9.35047865E-03, -2.92807817E-02) (  0.00000000    ,  0.00000000    )
   0.00000000       0.00000000       2.00000000     (  3.87430191E-03, -4.41446900E-03) ( -2.42143869E-03,  5.12227416E-04) (  0.00000000    ,  0.00000000    )
   0.00000000       1.00000000       0.00000000     ( -8.30739737E-03,  8.28877091E-03) (  0.00000000    ,  0.00000000    ) (  2.19326466E-03,  1.72760338E-03)
   0.00000000       1.00000000       1.00000000     (  4.41446900E-03, -5.17815351E-03) (  3.96743417E-03, -9.49949026E-03) ( -3.96743417E-03,  9.49949026E-03)
   0.00000000       1.00000000       2.00000000     ( -5.36441803E-03,  1.09896064E-03) ( -2.50525773E-03,  8.99308361E-05) (  1.25262886E-03, -4.49654181E-05)
   0.00000000       2.00000000       0.00000000     ( -3.55765224E-03, -3.44589353E-03) (  0.00000000    ,  0.00000000    ) ( -4.43309546E-03,  6.00703061E-04)
   0.00000000       2.00000000       1.00000000     (  1.73225999E-03,  4.43309546E-03) ( -1.96509063E-03, -1.25728548E-03) (  3.93018126E-03,  2.51457095E-03)
   0.00000000      -2.00000000       0.00000000     ( -3.55765224E-03,  3.44589353E-03) (  0.00000000    ,  0.00000000    ) ( -4.43309546E-03, -6.00703061E-04)
   0.00000000      -2.00000000       1.00000000     ( -8.64267349E-03,  2.09547579E-03) ( -1.43889338E-03,  1.25728548E-03) ( -2.87778676E-03,  2.51457095E-03)
   0.00000000      -1.00000000       0.00000000     ( -8.30739737E-03, -8.28877091E-03) (  0.00000000    ,  0.00000000    ) (  2.19326466E-03, -1.72760338E-03)
   0.00000000      -1.00000000       1.00000000     (  1.50501728E-02, -1.73225999E-02) ( -1.15833245E-04, -1.67638063E-03) ( -1.15833245E-04, -1.67638063E-03)
   0.00000000      -1.00000000       2.00000000     (  4.28408384E-04, -2.60770321E-03) (  6.07687980E-04, -1.60187483E-03) (  3.03843990E-04, -8.00937414E-04)
   1.00000000       0.00000000       0.00000000     (  0.00000000    ,  0.00000000    ) ( -1.56462193E-02,  7.13393092E-03) (  2.85357237E-02,  2.39163637E-02)
   1.00000000       0.00000000       1.00000000     (  4.43309546E-03, -2.57045031E-03) ( -2.93552876E-02,  1.49756670E-02) ( -4.43309546E-03,  2.57045031E-03)
   1.00000000       0.00000000       2.00000000     (  1.24331564E-03,  2.65426934E-03) (  6.85453415E-03,  2.84984708E-03) ( -6.21657819E-04, -1.32713467E-03)
   1.00000000       1.00000000       0.00000000     (  5.73694706E-03,  4.50760126E-03) ( -5.73694706E-03, -4.50760126E-03) ( -8.94069672E-03,  6.35161996E-03)
   1.00000000       1.00000000       1.00000000     ( -2.68220901E-03, -1.29453838E-03) (  1.42026693E-03,  4.02797014E-04) (  1.26194209E-03,  8.94069672E-04)
   1.00000000       1.00000000       2.00000000     ( -5.42495400E-04, -1.94646418E-03) ( -3.93018126E-03, -2.49128789E-04) (  2.23517418E-03,  1.09896064E-03)
   1.00000000       2.00000000       0.00000000     ( -1.41561031E-03,  5.23403287E-03) (  7.07805157E-04, -2.61701643E-03) ( -7.28759915E-04,  3.12924385E-03)
   1.00000000       2.00000000       1.00000000     (  5.04776835E-03,  1.54599547E-03) ( -3.66941094E-03, -2.04890966E-03) (  2.29105353E-03,  2.55182385E-03)
   1.00000000      -2.00000000       0.00000000     (  3.63215804E-04, -2.55182385E-03) (  1.81607902E-04, -1.27591193E-03) ( -1.02445483E-03,  2.44006515E-03)
   1.00000000      -2.00000000       1.00000000     ( -8.52160156E-04,  1.78813934E-03) ( -1.19674951E-03,  2.36555934E-03) ( -1.54599547E-03,  2.94297934E-03)
   1.00000000      -1.00000000       0.00000000     ( -6.01634383E-03, -1.11758709E-02) ( -6.01634383E-03, -1.11758709E-02) ( -6.51925802E-03,  6.85453415E-03)
   1.00000000      -1.00000000       1.00000000     (  2.07684934E-03,  4.06056643E-03) ( -1.95577741E-03,  1.73225999E-03) ( -4.04193997E-03, -2.33761966E-03)
   1.00000000      -1.00000000       2.00000000     (  2.45869160E-03,  3.33413482E-03) (  4.17232513E-03,  3.12924385E-03) (  8.56816769E-04, -1.04773790E-04)
   2.00000000       0.00000000       0.00000000     (  0.00000000    ,  0.00000000    ) (  6.70552254E-03, -1.86264515E-03) ( -3.96743417E-03,  3.80678102E-04)
   2.00000000       0.00000000       1.00000000     ( -1.44354999E-03, -2.08616257E-03) (  1.03376806E-03,  5.71832061E-03) (  2.88709998E-03,  4.17232513E-03)
   2.00000000       1.00000000       0.00000000     ( -2.27242708E-03,  2.79396772E-04) (  4.54485416E-03, -5.58793545E-04) (  5.67524694E-05, -7.15255737E-03)
   2.00000000       1.00000000       1.00000000     (  2.64262781E-04,  2.26311386E-03) ( -1.33644789E-03, -4.19095159E-03) (  8.10250640E-04, -3.36440280E-04)
   2.00000000      -1.00000000       0.00000000     (  1.32247806E-03,  1.43423676E-03) (  2.64495611E-03,  2.86847353E-03) ( -1.61235221E-04,  1.52271241E-03)
   2.00000000      -1.00000000       1.00000000     ( -2.41212547E-03,  7.05476850E-04) ( -1.76019967E-03, -8.89413059E-04) (  3.06405127E-03, -2.30036676E-03)
