    0.000000        0.000000        1.000000      (2.0861626E-02,1.1548400E-02)
   (-1.0095537E-02,-1.6167760E-02)  (0.000000,0.000000)
    0.000000        0.000000        2.000000      
 (5.9045851E-03,-1.3830140E-03)  (5.9418380E-03,4.8894435E-03)  
 (0.000000,0.000000)
    0.000000        1.000000        0.000000      (1.8347055E-03,7.1153045E-03)
   (0.000000,0.000000)  (3.8743019E-03,-1.8347055E-03)
    0.000000        1.000000        1.000000      (4.6379864E-03,4.1164458E-03)
   (5.6624413E-03,-4.3399632E-03)  (-5.6624413E-03,4.3399632E-03)
    0.000000        1.000000        2.000000      
 (-8.1025064E-03,-2.2677705E-03)  (-3.8463622E-03,-2.1094456E-03)  
 (1.9231811E-03,1.0547228E-03)
    0.000000        2.000000        0.000000      
 (-4.3865293E-03,3.3178367E-04)  (0.000000,0.000000)  
 (-1.2048986E-04,2.8498471E-03)
    0.000000        2.000000        1.000000      
 (8.4191561E-03,-2.8498471E-03)  (-6.1234459E-04,-1.5366822E-03)  
 (1.2246892E-03,3.0733645E-03)
    0.000000       -2.000000        0.000000      
 (-4.3865293E-03,-3.3178367E-04)  (0.000000,0.000000)  
 (-1.2048986E-04,-2.8498471E-03)
    0.000000       -2.000000        1.000000      
 (-1.1883676E-02,-1.1287630E-02)  (-3.2968819E-03,8.0093741E-04)  
 (-6.5937638E-03,1.6018748E-03)
    0.000000       -1.000000        0.000000      
 (1.8347055E-03,-7.1153045E-03)  (0.000000,0.000000)  
 (3.8743019E-03,1.8347055E-03)
    0.000000       -1.000000        1.000000      
 (6.8172812E-03,-5.0105155E-03)  (-1.5459955E-03,-4.8428774E-03)  
 (-1.5459955E-03,-4.8428774E-03)
    0.000000       -1.000000        2.000000      
 (-1.3187528E-02,7.8929588E-04)  (-2.9709190E-03,-7.7532604E-04)  
 (-1.4854595E-03,-3.8766302E-04)
    1.000000        0.000000        0.000000      (0.000000,0.000000)  
 (-2.6077032E-02,5.2526593E-03)  (1.6316772E-02,1.7806888E-02)
    1.000000        0.000000        1.000000      
 (-2.7101487E-03,-2.8498471E-03)  (-1.7508864E-02,1.3783574E-02)  
 (2.7101487E-03,2.8498471E-03)
    1.000000        0.000000        2.000000      (3.6554411E-04,1.8393621E-03)
   (4.4144690E-03,9.4436109E-03)  (-1.8277206E-04,-9.1968104E-04)
    1.000000        1.000000        0.000000      
 (2.9243529E-03,-1.4761463E-03)  (-2.9243529E-03,1.4761463E-03)  
 (-1.5972182E-03,2.6449561E-03)
    1.000000        1.000000        1.000000      (1.8859282E-03,4.3958426E-03)
   (-3.3248216E-03,-3.6042184E-03)  (1.4388934E-03,-7.9162419E-04)
    1.000000        1.000000        2.000000      
 (-4.2188913E-03,1.8160790E-03)  (1.3125828E-04,-4.6193600E-03)  
 (2.0442531E-03,1.4016405E-03)
    1.000000        2.000000        0.000000      (3.5017729E-03,2.1327287E-03)
   (-1.7508864E-03,-1.0663643E-03)  (3.6507845E-03,7.8976154E-03)
    1.000000        2.000000        1.000000      (2.7427450E-03,2.9057264E-03)
   (-2.2724271E-03,9.4994903E-04)  (1.7974526E-03,-4.8056245E-03)
    1.000000       -2.000000        0.000000      (1.4482066E-03,7.1711838E-03)
   (7.2410330E-04,3.5855919E-03)  (-5.2340329E-03,-8.6147338E-04)
    1.000000       -2.000000        1.000000      
 (-3.1106174E-03,-1.2200326E-03)  (-9.8254532E-04,-8.8475645E-04)  
 (1.1385418E-03,-5.5297278E-04)
    1.000000       -1.000000        0.000000      
 (-8.5216016E-04,4.4936314E-04)  (-8.5216016E-04,4.4936314E-04)  
 (-5.8300793E-03,3.2503158E-03)
    1.000000       -1.000000        1.000000      
 (1.2777746E-02,-2.9616058E-03)  (3.7625432E-03,-9.8487362E-04)  
 (-9.0152025E-03,1.9744039E-03)
    1.000000       -1.000000        2.000000      
 (-4.4237822E-03,-1.3667159E-03)  (-7.8417361E-03,-4.5634806E-03)  
 (-1.7136335E-03,-1.6018748E-03)
    2.000000        0.000000        0.000000      (0.000000,0.000000)  
 (1.1362135E-02,-2.8591603E-03)  (-4.5169145E-04,1.2747478E-04)
    2.000000        0.000000        1.000000      
 (-2.3422763E-03,5.4761767E-03)  (3.4365803E-03,8.3819032E-03)  
 (4.6845526E-03,-1.0952353E-02)
    2.000000        1.000000        0.000000      
 (-1.9837171E-03,-3.1664968E-03)  (3.9674342E-03,6.3329935E-03)  
 (-7.8044832E-03,5.7555735E-03)
    2.000000        1.000000        1.000000      (2.9895455E-03,3.8929284E-03)
   (-3.5762787E-03,-1.2814999E-02)  (-2.4074689E-03,5.0384551E-03)
    2.000000       -1.000000        0.000000      
 (-3.8649887E-03,-3.0919909E-03)  (-7.7299774E-03,-6.1839819E-03)  
 (8.5681677E-04,4.0140003E-03)
    2.000000       -1.000000        1.000000      
 (-4.0419400E-03,2.6635826E-03)  (-2.9243529E-03,7.8044832E-03)  
 (5.1595271E-03,2.4680048E-03)
