   0.00000000       0.00000000       1.00000000     (  2.75671482E-02,  1.07660890E-02) (  1.65775418E-02, -3.34531069E-02) (  0.00000000    ,  0.00000000    )
   0.00000000       0.00000000       2.00000000     (  1.39698386E-03, -2.90572643E-03) ( -2.06753612E-03, -3.05008143E-04) (  0.00000000    ,  0.00000000    )
   0.00000000       1.00000000       0.00000000     ( -1.33365393E-02,  5.51342964E-03) (  0.00000000    ,  0.00000000    ) (  2.90572643E-03,  6.03497028E-03)
   0.00000000       1.00000000       1.00000000     (  6.61239028E-03, -3.54833901E-03) (  1.96043402E-03, -1.09523535E-02) ( -1.96043402E-03,  1.09523535E-02)
   0.00000000       1.00000000       2.00000000     ( -3.09199095E-03,  1.15483999E-03) ( -8.33533704E-04,  1.52504072E-04) (  4.16766852E-04, -7.62520358E-05)
   0.00000000       2.00000000       0.00000000     ( -2.14204192E-03, -6.93835318E-04) (  0.00000000    ,  0.00000000    ) ( -2.06753612E-03,  1.13621354E-03)
   0.00000000       2.00000000       1.00000000     (  1.14552677E-03,  2.60770321E-03) ( -1.01514161E-03, -4.84287739E-04) (  2.03028321E-03,  9.68575478E-04)
   0.00000000      -2.00000000       0.00000000     ( -2.14204192E-03,  6.93835318E-04) (  0.00000000    ,  0.00000000    ) ( -2.06753612E-03, -1.13621354E-03)
   0.00000000      -2.00000000       1.00000000     ( -5.47617674E-03,  1.44354999E-03) ( -1.07102096E-03,  7.86967576E-04) ( -2.14204192E-03,  1.57393515E-03)
   0.00000000      -1.00000000       0.00000000     ( -1.33365393E-02, -5.51342964E-03) (  0.00000000    ,  0.00000000    ) (  2.90572643E-03, -6.03497028E-03)
   0.00000000      -1.00000000       1.00000000     (  1.56834722E-02, -2.10851431E-02) (  9.68575478E-04, -5.84404916E-04) (  9.68575478E-04, -5.84404916E-04)
   0.00000000      -1.00000000       2.00000000     (  1.05937943E-04, -1.15483999E-03) (  6.10016286E-04, -1.51805580E-03) (  3.05008143E-04, -7.59027898E-04)
   1.00000000       0.00000000       0.00000000     (  0.00000000    ,  0.00000000    ) ( -1.42306089E-02,  9.53674316E-03) (  3.26335430E-02,  2.74926424E-02)
   1.00000000       0.00000000       1.00000000     (  5.38304448E-03, -2.51922756E-03) ( -3.39746475E-02,  1.37463212E-02) ( -5.38304448E-03,  2.51922756E-03)
   1.00000000       0.00000000       2.00000000     (  8.94069672E-04,  1.62981451E-03) (  4.09781933E-03,  1.82539225E-03) ( -4.47034836E-04, -8.14907253E-04)
   1.00000000       1.00000000       0.00000000     (  6.42612576E-03,  6.55651093E-03) ( -6.42612576E-03, -6.55651093E-03) ( -9.96515155E-03,  8.90344381E-03)
   1.00000000       1.00000000       1.00000000     ( -8.14907253E-04, -1.45286322E-03) ( -1.03609636E-04,  3.11993062E-04) (  9.22009349E-04,  1.14552677E-03)
   1.00000000       1.00000000       2.00000000     ( -1.31549314E-04, -7.35744834E-04) ( -1.69500709E-03,  2.44472176E-04) (  9.12696123E-04,  2.46800482E-04)
   1.00000000       2.00000000       0.00000000     ( -1.04308128E-03,  2.94297934E-03) (  5.21540642E-04, -1.47148967E-03) (  3.63215804E-04,  9.54605639E-05)
   1.00000000       2.00000000       1.00000000     (  2.84984708E-03,  3.11993062E-04) ( -2.51457095E-03, -9.03382897E-04) (  2.16066837E-03,  1.49942935E-03)
   1.00000000      -2.00000000       0.00000000     (  1.35041773E-04, -1.61118805E-03) (  6.75208867E-05, -8.05594027E-04) ( -1.13621354E-03,  8.47503543E-04)
   1.00000000      -2.00000000       1.00000000     ( -3.05008143E-04,  2.03028321E-03) ( -5.96046448E-04,  1.93715096E-03) ( -8.84756446E-04,  1.86264515E-03)
   1.00000000      -1.00000000       0.00000000     ( -4.96394932E-03, -1.51991844E-02) ( -4.96394932E-03, -1.51991844E-02) ( -9.27597284E-03,  1.00955367E-02)
   1.00000000      -1.00000000       1.00000000     (  9.12696123E-04,  1.13621354E-03) ( -1.59256160E-03, -9.49949026E-04) ( -2.49594450E-03, -2.08616257E-03)
   1.00000000      -1.00000000       2.00000000     (  5.58793545E-04,  1.49942935E-03) (  1.01514161E-03,  1.35041773E-03) (  2.28174031E-04, -7.45058060E-05)
   2.00000000       0.00000000       0.00000000     (  0.00000000    ,  0.00000000    ) (  3.20374966E-03,  3.92901711E-05) ( -2.10478902E-03, -8.26548785E-05)
   2.00000000       0.00000000       1.00000000     ( -9.53150447E-06, -1.18277967E-03) (  4.23751771E-04,  2.19792128E-03) (  1.90630089E-05,  2.36555934E-03)
   2.00000000       1.00000000       0.00000000     ( -1.38767064E-03,  7.91624188E-05) (  2.77534127E-03, -1.58324838E-04) (  1.08266249E-04, -3.35276127E-03)
   2.00000000       1.00000000       1.00000000     ( -3.25962901E-04,  8.24220479E-04) (  5.91389835E-04, -2.12341547E-03) (  6.17001206E-05,  4.84287739E-04)
   2.00000000      -1.00000000       0.00000000     (  3.18977982E-04,  1.12690032E-03) (  6.37955964E-04,  2.25380063E-03) ( -1.23400241E-04,  1.21071935E-03)
   2.00000000      -1.00000000       1.00000000     ( -1.61118805E-03,  2.21189111E-04) ( -1.47148967E-03, -1.72294676E-04) (  1.75088644E-03, -6.14672899E-04)
