   0.00000000       0.00000000       1.00000000     (  1.49011612E-02, -7.43195415E-03) (  4.17232513E-02, -1.48266554E-02) (  0.00000000    ,  0.00000000    )
   0.00000000       0.00000000       2.00000000     ( -2.42143869E-04,  1.67638063E-04) (  2.23517418E-04, -1.28056854E-05) (  0.00000000    ,  0.00000000    )
   0.00000000       1.00000000       0.00000000     ( -4.71249223E-03, -4.09781933E-03) (  0.00000000    ,  0.00000000    ) (  1.23307109E-02,  1.05425715E-02)
   0.00000000       1.00000000       1.00000000     (  9.23871994E-03,  9.44361091E-03) (  1.19034667E-04, -1.64844096E-03) ( -1.19034667E-04,  1.64844096E-03)
   0.00000000       1.00000000       2.00000000     ( -2.56113708E-05,  9.31322575E-05) (  8.38190317E-05, -5.58793545E-05) ( -4.19095159E-05,  2.79396772E-05)
   0.00000000       2.00000000       0.00000000     ( -8.38190317E-05, -1.67638063E-04) (  0.00000000    ,  0.00000000    ) (  2.23517418E-04, -4.19095159E-05)
   0.00000000       2.00000000       1.00000000     ( -2.79396772E-04,  5.12227416E-05) (  6.98491931E-05,  3.72529030E-05) ( -1.39698386E-04, -7.45058060E-05)
   0.00000000      -2.00000000       0.00000000     ( -8.38190317E-05,  1.67638063E-04) (  0.00000000    ,  0.00000000    ) (  2.23517418E-04,  4.19095159E-05)
   0.00000000      -2.00000000       1.00000000     (  6.98491931E-05,  3.49245965E-05) (  6.05359674E-05,  1.11758709E-04) (  1.21071935E-04,  2.23517418E-04)
   0.00000000      -1.00000000       0.00000000     ( -4.71249223E-03,  4.09781933E-03) (  0.00000000    ,  0.00000000    ) (  1.23307109E-02, -1.05425715E-02)
   0.00000000      -1.00000000       1.00000000     ( -5.79282641E-03, -3.01003456E-02) ( -8.92207026E-03,  2.76602805E-03) ( -8.92207026E-03,  2.76602805E-03)
   0.00000000      -1.00000000       2.00000000     ( -1.49011612E-04,  2.09547579E-05) ( -3.72529030E-05,  5.58793545E-05) ( -1.86264515E-05,  2.79396772E-05)
   1.00000000       0.00000000       0.00000000     (  0.00000000    ,  0.00000000    ) ( -2.82377005E-02,  2.23517418E-02) (  2.06381083E-02,  4.30271029E-03)
   1.00000000       0.00000000       1.00000000     ( -3.99537385E-03,  5.51808625E-04) ( -1.95950270E-02, -1.62422657E-02) (  3.99537385E-03, -5.51808625E-04)
   1.00000000       0.00000000       2.00000000     (  1.86264515E-04,  5.12227416E-05) ( -1.21071935E-04, -9.31322575E-05) ( -9.31322575E-05, -2.56113708E-05)
   1.00000000       1.00000000       0.00000000     (  1.20606273E-03,  4.30271029E-03) ( -1.20606273E-03, -4.30271029E-03) ( -6.98491931E-03,  1.20326877E-02)
   1.00000000       1.00000000       1.00000000     ( -7.45058060E-05, -7.45058060E-05) (  2.98023224E-04,  1.39698386E-05) ( -2.23517418E-04,  6.51925802E-05)
   1.00000000       1.00000000       2.00000000     (  3.72529030E-04, -4.65661287E-05) ( -9.31322575E-05, -1.67638063E-04) ( -1.39698386E-04,  1.11758709E-04)
   1.00000000       2.00000000       0.00000000     ( -5.12227416E-05,  2.61934474E-06) (  2.56113708E-05, -1.30967237E-06) (  1.39698386E-04, -7.45058060E-05)
   1.00000000       2.00000000       1.00000000     (  3.72529030E-05, -3.25962901E-05) (  8.38190317E-05, -3.02679837E-05) ( -2.04890966E-04,  9.31322575E-05)
   1.00000000      -2.00000000       0.00000000     (  8.38190317E-05, -5.58793545E-05) (  4.19095159E-05, -2.79396772E-05) (  1.02445483E-04,  2.04890966E-04)
   1.00000000      -2.00000000       1.00000000     (  1.67638063E-04,  1.11758709E-04) (  2.56113708E-05,  6.98491931E-05) ( -1.11758709E-04,  2.56113708E-05)
   1.00000000      -1.00000000       0.00000000     (  2.38651410E-04, -5.68106771E-03) (  2.38651410E-04, -5.68106771E-03) ( -9.25734639E-03,  3.39001417E-02)
   1.00000000      -1.00000000       1.00000000     ( -3.72529030E-04, -1.49011612E-04) (  7.56699592E-06,  2.98023224E-04) (  3.72529030E-04,  4.47034836E-04)
   1.00000000      -1.00000000       2.00000000     (  1.67638063E-04, -3.72529030E-05) (  1.30385160E-04, -1.39698386E-04) ( -2.09547579E-05, -5.12227416E-05)
   2.00000000       0.00000000       0.00000000     (  0.00000000    ,  0.00000000    ) ( -1.02445483E-04, -2.79396772E-04) (  1.11758709E-04, -5.58793545E-05)
   2.00000000       0.00000000       1.00000000     (  2.09547579E-05,  4.36557457E-06) ( -5.12227416E-05, -1.11758709E-04) ( -4.19095159E-05, -8.73114914E-06)
   2.00000000       1.00000000       0.00000000     ( -6.98491931E-05, -5.58793545E-05) (  1.39698386E-04,  1.11758709E-04) (  4.19095159E-05, -1.67638063E-04)
   2.00000000       1.00000000       1.00000000     ( -2.79396772E-05,  3.72529030E-05) (  1.39698386E-04, -4.19095159E-05) ( -8.38190317E-05, -3.72529030E-05)
   2.00000000      -1.00000000       0.00000000     (  5.12227416E-05,  9.31322575E-06) (  1.02445483E-04,  1.86264515E-05) (  9.31322575E-05,  3.72529030E-05)
   2.00000000      -1.00000000       1.00000000     (  4.65661287E-05,  1.02445483E-04) (  1.39698386E-04,  9.31322575E-05) (  4.19095159E-05, -1.11758709E-04)
