    0.000000        0.000000        1.000000      (2.2426248E-02,1.2181699E-02)
   (-6.0163438E-03,-1.8626451E-02)  (0.000000,0.000000)
    0.000000        0.000000        2.000000      
 (8.3260238E-03,-2.1047890E-03)  (5.7369471E-03,3.6787242E-03)  
 (0.000000,0.000000)
    0.000000        1.000000        0.000000      (3.1897798E-04,1.0691583E-02)
   (0.000000,0.000000)  (3.1758100E-03,-3.2130629E-03)
    0.000000        1.000000        1.000000      (4.0419400E-03,2.8172508E-04)
   (7.0594251E-03,-5.5134296E-03)  (-7.0594251E-03,5.5134296E-03)
    0.000000        1.000000        2.000000      
 (-8.3819032E-03,-2.4680048E-03)  (-7.4878335E-03,-2.8871000E-04)  
 (3.7439167E-03,1.4435500E-04)
    0.000000        2.000000        0.000000      
 (-1.4295802E-03,-3.3993274E-03)  (0.000000,0.000000)  
 (-2.1979213E-03,2.6542693E-03)
    0.000000        2.000000        1.000000      
 (1.1418015E-02,-3.2130629E-03)  (-8.7602530E-05,-2.4121255E-03)  
 (1.7520506E-04,4.8242509E-03)
    0.000000       -2.000000        0.000000      
 (-1.4295802E-03,3.3993274E-03)  (0.000000,0.000000)  
 (-2.1979213E-03,-2.6542693E-03)
    0.000000       -2.000000        1.000000      
 (-1.2964010E-02,-1.0449439E-02)  (-4.1350722E-03,1.0710210E-03)  
 (-8.2701445E-03,2.1420419E-03)
    0.000000       -1.000000        0.000000      
 (3.1897798E-04,-1.0691583E-02)  (0.000000,0.000000)  
 (3.1758100E-03,3.2130629E-03)
    0.000000       -1.000000        1.000000      
 (6.7800283E-03,-8.4936619E-03)  (-2.5704503E-03,-3.8743019E-03)  
 (-2.5704503E-03,-3.8743019E-03)
    0.000000       -1.000000        2.000000      
 (-1.2144446E-02,3.1664968E-03)  (-1.3899989E-03,4.2375177E-03)  
 (-6.9499947E-04,2.1187589E-03)
    1.000000        0.000000        0.000000      (0.000000,0.000000)  
 (-2.4884939E-02,4.8801303E-03)  (1.9818544E-02,1.8402934E-02)
    1.000000        0.000000        1.000000      
 (-9.3132257E-04,-4.1164458E-03)  (-2.1904707E-02,1.5646219E-02)  
 (9.3132257E-04,4.1164458E-03)
    1.000000        0.000000        2.000000      (1.1734664E-03,1.3108365E-03)
   (5.1967800E-03,1.0635704E-02)  (-5.8673322E-04,-6.5541826E-04)
    1.000000        1.000000        0.000000      
 (4.3772161E-03,-1.2246892E-03)  (-4.3772161E-03,1.2246892E-03)  
 (-3.9860606E-03,2.0582229E-03)
    1.000000        1.000000        1.000000      
 (-9.8953024E-04,3.5203993E-03)  (-3.2887328E-04,-2.2118911E-03)  
 (1.3178214E-03,-1.3085082E-03)
    1.000000        1.000000        2.000000      
 (-3.6694109E-03,-5.1455572E-04)  (-1.7415732E-03,-5.9418380E-03)  
 (2.7054921E-03,3.2223761E-03)
    1.000000        2.000000        0.000000      (6.8102963E-04,3.2875687E-03)
   (-3.4051482E-04,-1.6437843E-03)  (3.1199306E-03,1.0300428E-02)
    1.000000        2.000000        1.000000      (5.1781535E-03,4.3306500E-03)
   (-1.5133992E-03,-8.4284693E-04)  (-2.1466985E-03,-2.6402995E-03)
    1.000000       -2.000000        0.000000      
 (-4.6216883E-04,6.3143671E-03)  (-2.3108441E-04,3.1571835E-03)  
 (-6.8545341E-03,-1.0197982E-03)
    1.000000       -2.000000        1.000000      
 (-1.3341196E-03,6.0303137E-04)  (-3.6670826E-05,1.2456439E-03)  
 (1.2596138E-03,1.8905848E-03)
    1.000000       -1.000000        0.000000      
 (-3.0174851E-03,-9.5460564E-05)  (-3.0174851E-03,-9.5460564E-05)  
 (-5.0105155E-03,3.9860606E-03)
    1.000000       -1.000000        1.000000      (1.4454126E-02,4.4517219E-03)
   (5.2526593E-03,4.7404319E-03)  (-9.2200935E-03,2.8812792E-04)
    1.000000       -1.000000        2.000000      
 (-1.0896474E-03,2.3795292E-03)  (-2.8265640E-03,-3.1385571E-03)  
 (-8.7078661E-04,-2.7567148E-03)
    2.000000        0.000000        0.000000      (0.000000,0.000000)  
 (1.4565885E-02,-6.3143671E-03)  (-1.1455268E-03,3.6042184E-03)
    2.000000        0.000000        1.000000      
 (-4.4796616E-03,3.8463622E-03)  (5.6065619E-03,1.2330711E-02)  
 (8.9593232E-03,-7.6927245E-03)
    2.000000        1.000000        0.000000      
 (-1.7601997E-03,-1.7276034E-03)  (3.5203993E-03,3.4552068E-03)  
 (-6.0163438E-03,2.2817403E-04)
    2.000000        1.000000        1.000000      (3.5949051E-03,5.6717545E-03)
   (-6.1281025E-03,-1.3522804E-02)  (-1.0570511E-03,2.1606684E-03)
    2.000000       -1.000000        0.000000      
 (-1.0547228E-03,-3.0547380E-03)  (-2.1094456E-03,-6.1094761E-03)  
 (2.3050234E-03,4.2282045E-03)
    2.000000       -1.000000        1.000000      
 (-5.5320561E-03,1.5739352E-03)  (-5.6624413E-03,3.0826777E-03)  
 (5.4109842E-03,-5.9953891E-05)
