   0.00000000       0.00000000      -2.00000000     (  4.47034836E-04,  1.35973096E-03) ( -1.06170774E-03,  2.00234354E-04) (  0.00000000    ,  0.00000000    )
   0.00000000       0.00000000      -1.00000000     (  2.02655792E-02, -1.58790499E-03) (  3.36021185E-02,  2.42888927E-02) (  0.00000000    ,  0.00000000    )
   0.00000000       1.00000000      -2.00000000     (  4.19095159E-04, -2.72848411E-06) ( -4.37721610E-04,  4.00468707E-04) ( -2.18860805E-04,  2.00234354E-04)
   0.00000000       1.00000000      -1.00000000     ( -3.63215804E-04,  3.03238630E-02) ( -4.53554094E-03, -3.01748514E-03) ( -4.53554094E-03, -3.01748514E-03)
   0.00000000       2.00000000      -1.00000000     ( -1.24797225E-03,  1.51339918E-05) ( -1.86264515E-05,  2.09547579E-04) ( -3.72529030E-05,  4.19095159E-04)
   0.00000000      -2.00000000      -1.00000000     (  8.75443220E-04,  2.98023224E-04) ( -4.00468707E-04, -1.95577741E-04) (  8.00937414E-04,  3.91155481E-04)
   0.00000000      -1.00000000      -2.00000000     ( -6.79865479E-04,  3.49245965E-04) ( -5.30853868E-04, -1.86264515E-04) (  2.65426934E-04,  9.31322575E-05)
   0.00000000      -1.00000000      -1.00000000     (  7.80448318E-03, -9.61124897E-03) ( -2.72877514E-03,  4.64729965E-03) (  2.72877514E-03, -4.64729965E-03)
   1.00000000       0.00000000      -2.00000000     ( -4.65661287E-04,  1.74622983E-04) ( -6.61239028E-04,  4.28408384E-04) ( -2.32830644E-04,  8.73114914E-05)
   1.00000000       0.00000000      -1.00000000     (  9.12696123E-03, -4.83356416E-03) ( -9.79751348E-03, -1.15716830E-03) (  9.12696123E-03, -4.83356416E-03)
   1.00000000       1.00000000      -2.00000000     ( -3.91155481E-04, -2.09547579E-04) (  3.58559191E-04, -1.04308128E-03) ( -1.89174898E-05, -6.23986125E-04)
   1.00000000       1.00000000      -1.00000000     ( -6.42612576E-04,  4.28408384E-04) (  1.19209290E-03,  4.74974513E-04) (  5.58793545E-04,  8.94069672E-04)
   1.00000000       2.00000000      -1.00000000     (  1.39698386E-04,  3.67872417E-04) ( -3.30619514E-04, -4.37721610E-04) ( -5.21540642E-04, -5.02914190E-04)
   1.00000000      -2.00000000      -1.00000000     (  8.94069672E-04,  3.58559191E-04) (  5.49480319E-04,  3.81842256E-04) ( -2.00234354E-04, -4.00468707E-04)
   1.00000000      -1.00000000      -2.00000000     (  4.37721610E-04, -4.28408384E-04) (  7.17118382E-04, -1.81607902E-04) ( -1.37370080E-04, -1.23400241E-04)
   1.00000000      -1.00000000      -1.00000000     ( -1.32713467E-04,  9.31322575E-04) ( -8.56816769E-04,  3.81842256E-04) (  7.17118382E-04,  5.58793545E-04)
   2.00000000       0.00000000      -1.00000000     ( -2.88709998E-04, -1.23400241E-04) (  3.20142135E-05,  3.08500603E-05) ( -5.77419996E-04, -2.46800482E-04)
   2.00000000       1.00000000      -1.00000000     ( -1.18743628E-04,  3.72529030E-05) (  2.28174031E-04, -1.28056854E-04) ( -8.14907253E-06, -5.23868948E-05)
   2.00000000      -1.00000000      -1.00000000     (  1.28056854E-04,  4.07453626E-05) (  7.45058060E-04, -6.33299351E-04) ( -4.93600965E-04,  7.07805157E-04)
