    0.000000        0.000000        1.000000      (2.1904707E-02,1.1958182E-02)
   (-7.0780516E-03,-1.7657876E-02)  (0.000000,0.000000)
    0.000000        0.000000        2.000000      
 (7.8976154E-03,-1.8253922E-03)  (5.9790909E-03,4.2095780E-03)  
 (0.000000,0.000000)
    0.000000        1.000000        0.000000      (7.1479008E-04,9.8720193E-03)
   (0.000000,0.000000)  (3.3434480E-03,-2.9243529E-03)
    0.000000        1.000000        1.000000      (4.1164458E-03,1.2060627E-03)
   (6.7241490E-03,-5.1409006E-03)  (-6.7241490E-03,5.1409006E-03)
    0.000000        1.000000        2.000000      
 (-8.2887709E-03,-2.5704503E-03)  (-6.6123903E-03,-6.5891072E-04)  
 (3.3061951E-03,3.2945536E-04)
    0.000000        2.000000        0.000000      
 (-2.3329630E-03,-2.3096800E-03)  (0.000000,0.000000)  
 (-1.6950071E-03,2.9429793E-03)
    0.000000        2.000000        1.000000      
 (1.1343509E-02,-3.2782555E-03)  (-1.0448275E-04,-2.2538006E-03)  
 (2.0896550E-04,4.5076013E-03)
    0.000000       -2.000000        0.000000      
 (-2.3329630E-03,2.3096800E-03)  (0.000000,0.000000)  
 (-1.6950071E-03,-2.9429793E-03)
    0.000000       -2.000000        1.000000      
 (-1.3038516E-02,-1.1045486E-02)  (-4.1350722E-03,1.1431985E-03)  
 (-8.2701445E-03,2.2863969E-03)
    0.000000       -1.000000        0.000000      
 (7.1479008E-04,-9.8720193E-03)  (0.000000,0.000000)  
 (3.3434480E-03,2.9243529E-03)
    0.000000       -1.000000        1.000000      
 (6.4820051E-03,-7.4505806E-03)  (-2.3189932E-03,-4.0978193E-03)  
 (-2.3189932E-03,-4.0978193E-03)
    0.000000       -1.000000        2.000000      
 (-1.2964010E-02,2.8824434E-03)  (-1.8859282E-03,3.2130629E-03)  
 (-9.4296411E-04,1.6065314E-03)
    1.000000        0.000000        0.000000      (0.000000,0.000000)  
 (-2.5108457E-02,4.8801303E-03)  (1.8700957E-02,1.8030405E-02)
    1.000000        0.000000        1.000000      
 (-1.4109537E-03,-3.7997961E-03)  (-2.0712614E-02,1.5124679E-02)  
 (1.4109537E-03,3.7997961E-03)
    1.000000        0.000000        2.000000      (9.8953024E-04,1.2922101E-03)
   (4.9918890E-03,1.0784715E-02)  (-4.9476512E-04,-6.4610504E-04)
    1.000000        1.000000        0.000000      
 (4.0419400E-03,-1.3830140E-03)  (-4.0419400E-03,1.3830140E-03)  
 (-3.3341348E-03,2.0861626E-03)
    1.000000        1.000000        1.000000      
 (-1.5395926E-04,3.8463622E-03)  (-1.1967495E-03,-2.5564805E-03)  
 (1.3527460E-03,-1.2898818E-03)
    1.000000        1.000000        2.000000      
 (-3.8836151E-03,1.9965228E-04)  (-1.0733493E-03,-5.8114529E-03)  
 (2.4773180E-03,2.8032809E-03)
    1.000000        2.000000        0.000000      (1.4714897E-03,2.7008355E-03)
   (-7.3574483E-04,-1.3504177E-03)  (3.6414713E-03,9.7602606E-03)
    1.000000        2.000000        1.000000      (4.5448542E-03,4.0698797E-03)
   (-1.6670674E-03,-2.9744115E-04)  (-1.2083910E-03,-3.4738332E-03)
    1.000000       -2.000000        0.000000      (9.0658432E-05,7.2270632E-03)
   (4.5329216E-05,3.6135316E-03)  (-6.7800283E-03,-1.0966323E-03)
    1.000000       -2.000000        1.000000      
 (-1.5506521E-03,3.0093361E-04)  (1.1204975E-05,7.7299774E-04)  
 (1.5739352E-03,1.2456439E-03)
    1.000000       -1.000000        0.000000      
 (-2.4214387E-03,2.4330802E-04)  (-2.4214387E-03,2.4330802E-04)  
 (-5.1781535E-03,3.8370490E-03)
    1.000000       -1.000000        1.000000      (1.4528632E-02,2.5611371E-03)
   (5.1688403E-03,3.1851232E-03)  (-9.3691051E-03,6.2515028E-04)
    1.000000       -1.000000        2.000000      
 (-2.1466985E-03,1.2223609E-03)  (-4.6659261E-03,-3.7904829E-03)  
 (-1.2619421E-03,-2.5052577E-03)
    2.000000        0.000000        0.000000      (0.000000,0.000000)  
 (1.4044344E-02,-5.4296106E-03)  (-8.0326572E-04,2.7380884E-03)
    2.000000        0.000000        1.000000      
 (-3.9860606E-03,4.5076013E-03)  (5.2433461E-03,1.1436641E-02)  
 (7.9721212E-03,-9.0152025E-03)
    2.000000        1.000000        0.000000      
 (-1.8253922E-03,-2.1839514E-03)  (3.6507845E-03,4.3679029E-03)  
 (-6.7800283E-03,1.7322600E-03)
    2.000000        1.000000        1.000000      (3.5669655E-03,5.3457916E-03)
   (-5.6996942E-03,-1.3783574E-02)  (-1.4388934E-03,3.0826777E-03)
    2.000000       -1.000000        0.000000      
 (-1.7741695E-03,-3.2503158E-03)  (-3.5483390E-03,-6.5006316E-03)  
 (2.2770837E-03,4.2840838E-03)
    2.000000       -1.000000        1.000000      
 (-5.2712858E-03,1.9976869E-03)  (-5.1036477E-03,4.6472996E-03)  
 (5.4296106E-03,6.4843334E-04)
