   0.00000000       0.00000000       1.00000000     (  2.46614218E-02,  1.10268593E-02) (  8.40052962E-03, -2.84612179E-02) (  0.00000000    ,  0.00000000    )
   0.00000000       0.00000000       2.00000000     (  4.37721610E-03, -4.69386578E-03) ( -2.36555934E-03,  6.91507012E-04) (  0.00000000    ,  0.00000000    )
   0.00000000       1.00000000       0.00000000     ( -7.65547156E-03,  8.58679414E-03) (  0.00000000    ,  0.00000000    ) (  2.08616257E-03,  1.24331564E-03)
   0.00000000       1.00000000       1.00000000     (  4.12575901E-03, -5.19677997E-03) (  4.20026481E-03, -9.20146704E-03) ( -4.20026481E-03,  9.20146704E-03)
   0.00000000       1.00000000       2.00000000     ( -5.81145287E-03,  9.82545316E-04) ( -2.95229256E-03,  1.09430403E-04) (  1.47614628E-03, -5.47152013E-05)
   0.00000000       2.00000000       0.00000000     ( -3.66941094E-03, -4.04193997E-03) (  0.00000000    ,  0.00000000    ) ( -4.91738319E-03,  5.28525561E-04)
   0.00000000       2.00000000       1.00000000     (  1.90921128E-03,  4.67523932E-03) ( -2.13272870E-03, -1.41561031E-03) (  4.26545739E-03,  2.83122063E-03)
   0.00000000      -2.00000000       0.00000000     ( -3.66941094E-03,  4.04193997E-03) (  0.00000000    ,  0.00000000    ) ( -4.91738319E-03, -5.28525561E-04)
   0.00000000      -2.00000000       1.00000000     ( -9.16421413E-03,  2.06753612E-03) ( -1.48080289E-03,  1.35041773E-03) ( -2.96160579E-03,  2.70083547E-03)
   0.00000000      -1.00000000       0.00000000     ( -7.65547156E-03, -8.58679414E-03) (  0.00000000    ,  0.00000000    ) (  2.08616257E-03, -1.24331564E-03)
   0.00000000      -1.00000000       1.00000000     (  1.46776438E-02, -1.68383121E-02) ( -3.18977982E-04, -1.75554305E-03) ( -3.18977982E-04, -1.75554305E-03)
   0.00000000      -1.00000000       2.00000000     (  3.83006409E-04, -2.84053385E-03) (  6.21657819E-04, -1.42492354E-03) (  3.10828909E-04, -7.12461770E-04)
   1.00000000       0.00000000       0.00000000     (  0.00000000    ,  0.00000000    ) ( -1.58324838E-02,  6.85453415E-03) (  2.78651714E-02,  2.32458115E-02)
   1.00000000       0.00000000       1.00000000     (  4.22820449E-03, -2.64495611E-03) ( -2.86102295E-02,  1.49384141E-02) ( -4.22820449E-03,  2.64495611E-03)
   1.00000000       0.00000000       2.00000000     (  1.26659870E-03,  2.83122063E-03) (  7.22706318E-03,  3.03611159E-03) ( -6.33299351E-04, -1.41561031E-03)
   1.00000000       1.00000000       0.00000000     (  5.64381480E-03,  4.18163836E-03) ( -5.64381480E-03, -4.18163836E-03) ( -8.71717930E-03,  5.96046448E-03)
   1.00000000       1.00000000       1.00000000     ( -3.00817192E-03, -1.18743628E-03) (  1.70432031E-03,  3.80678102E-04) (  1.30385160E-03,  8.05594027E-04)
   1.00000000       1.00000000       2.00000000     ( -6.98491931E-04, -2.19792128E-03) ( -4.33996320E-03, -4.35393304E-04) (  2.51457095E-03,  1.31782144E-03)
   1.00000000       2.00000000       0.00000000     ( -1.49942935E-03,  5.60656190E-03) (  7.49714673E-04, -2.80328095E-03) ( -9.45292413E-04,  3.87430191E-03)
   1.00000000       2.00000000       1.00000000     (  5.49480319E-03,  1.79745257E-03) ( -3.79979610E-03, -2.26311386E-03) (  2.11410224E-03,  2.73808837E-03)
   1.00000000      -2.00000000       0.00000000     (  3.89991328E-04, -2.75671482E-03) (  1.94995664E-04, -1.37835741E-03) ( -9.91858542E-04,  2.67289579E-03)
   1.00000000      -2.00000000       1.00000000     ( -1.00117177E-03,  1.67638063E-03) ( -1.33644789E-03,  2.35624611E-03) ( -1.67638063E-03,  3.03611159E-03)
   1.00000000      -1.00000000       0.00000000     ( -6.07222319E-03, -1.04680657E-02) ( -6.07222319E-03, -1.04680657E-02) ( -6.16535544E-03,  6.48200512E-03)
   1.00000000      -1.00000000       1.00000000     (  2.44006515E-03,  4.74974513E-03) ( -1.89989805E-03,  2.40281224E-03) ( -4.33996320E-03, -2.34693289E-03)
   1.00000000      -1.00000000       2.00000000     (  2.83122063E-03,  3.79979610E-03) (  4.84287739E-03,  3.39001417E-03) (  1.00117177E-03, -2.04308890E-04)
   2.00000000       0.00000000       0.00000000     (  0.00000000    ,  0.00000000    ) (  7.45058060E-03, -2.31899321E-03) ( -4.30271029E-03,  6.17001206E-04)
   2.00000000       0.00000000       1.00000000     ( -1.78813934E-03, -2.23517418E-03) (  1.21071935E-03,  6.53788447E-03) (  3.57627869E-03,  4.47034836E-03)
   2.00000000       1.00000000       0.00000000     ( -2.41212547E-03,  3.63215804E-04) (  4.82425094E-03, -7.26431608E-04) (  2.51020538E-05, -7.74860382E-03)
   2.00000000       1.00000000       1.00000000     (  4.26080078E-04,  2.57976353E-03) ( -1.79745257E-03, -4.67523932E-03) (  9.45292413E-04, -4.81959432E-04)
   2.00000000      -1.00000000       0.00000000     (  1.48545951E-03,  1.43423676E-03) (  2.97091901E-03,  2.86847353E-03) ( -1.62981451E-04,  1.54599547E-03)
   2.00000000      -1.00000000       1.00000000     ( -2.57045031E-03,  7.84639269E-04) ( -1.82539225E-03, -1.06170774E-03) (  3.31550837E-03, -2.62632966E-03)
