   0.00000000       0.00000000       1.00000000     (  2.38418579E-02,  1.10268593E-02) (  6.10947609E-03, -2.68965960E-02) (  0.00000000    ,  0.00000000    )
   0.00000000       0.00000000       2.00000000     (  5.73694706E-03, -5.28991222E-03) ( -1.85333192E-03,  1.18277967E-03) (  0.00000000    ,  0.00000000    )
   0.00000000       1.00000000       0.00000000     ( -6.12810254E-03,  9.49949026E-03) (  0.00000000    ,  0.00000000    ) (  1.85798854E-03,  5.77711035E-05)
   0.00000000       1.00000000       1.00000000     (  3.53902578E-03, -5.10364771E-03) (  4.88013029E-03, -8.56816769E-03) ( -4.88013029E-03,  8.56816769E-03)
   0.00000000       1.00000000       2.00000000     ( -6.98491931E-03,  4.91272658E-04) ( -4.37721610E-03,  2.29920261E-04) (  2.18860805E-03, -1.14960130E-04)
   0.00000000       2.00000000       0.00000000     ( -3.52971256E-03, -5.64381480E-03) (  0.00000000    ,  0.00000000    ) ( -6.09084964E-03,  3.81842256E-04)
   0.00000000       2.00000000       1.00000000     (  2.62632966E-03,  4.97326255E-03) ( -2.44937837E-03, -1.88592821E-03) (  4.89875674E-03,  3.77185643E-03)
   0.00000000      -2.00000000       0.00000000     ( -3.52971256E-03,  5.64381480E-03) (  0.00000000    ,  0.00000000    ) ( -6.09084964E-03, -3.81842256E-04)
   0.00000000      -2.00000000       1.00000000     ( -1.02072954E-02,  1.59721822E-03) ( -1.52736902E-03,  1.53202564E-03) ( -3.05473804E-03,  3.06405127E-03)
   0.00000000      -1.00000000       0.00000000     ( -6.12810254E-03, -9.49949026E-03) (  0.00000000    ,  0.00000000    ) (  1.85798854E-03, -5.77711035E-05)
   0.00000000      -1.00000000       1.00000000     (  1.37463212E-02, -1.57579780E-02) ( -8.94069672E-04, -1.94180757E-03) ( -8.94069672E-04, -1.94180757E-03)
   0.00000000      -1.00000000       2.00000000     ( -2.05909600E-05, -3.20374966E-03) (  7.05476850E-04, -4.90108505E-04) (  3.52738425E-04, -2.45054252E-04)
   1.00000000       0.00000000       0.00000000     (  0.00000000    ,  0.00000000    ) ( -1.66147947E-02,  6.29574060E-03) (  2.65985727E-02,  2.20537186E-02)
   1.00000000       0.00000000       1.00000000     (  3.69735062E-03, -2.97091901E-03) ( -2.71946192E-02,  1.50874257E-02) ( -3.69735062E-03,  2.97091901E-03)
   1.00000000       0.00000000       2.00000000     (  1.23400241E-03,  3.17580998E-03) (  7.72997737E-03,  3.47383320E-03) ( -6.17001206E-04, -1.58790499E-03)
   1.00000000       1.00000000       0.00000000     (  5.47617674E-03,  3.37138772E-03) ( -5.47617674E-03, -3.37138772E-03) ( -8.25151801E-03,  5.02914190E-03)
   1.00000000       1.00000000       1.00000000     ( -3.77185643E-03, -6.93835318E-04) (  2.42143869E-03,  2.20024958E-04) (  1.34576112E-03,  4.73810360E-04)
   1.00000000       1.00000000       2.00000000     ( -1.26659870E-03, -2.79396772E-03) ( -5.36441803E-03, -1.15949661E-03) (  3.31550837E-03,  1.97440386E-03)
   1.00000000       2.00000000       0.00000000     ( -1.79279596E-03,  6.35161996E-03) (  8.96397978E-04, -3.17580998E-03) ( -1.45751983E-03,  6.18398190E-03)
   1.00000000       2.00000000       1.00000000     (  6.66826963E-03,  2.46800482E-03) ( -3.95812094E-03, -2.78465450E-03) (  1.24797225E-03,  3.11061740E-03)
   1.00000000      -2.00000000       0.00000000     (  4.16766852E-04, -3.29688191E-03) (  2.08383426E-04, -1.64844096E-03) ( -9.19681042E-04,  3.05473804E-03)
   1.00000000      -2.00000000       1.00000000     ( -1.50408596E-03,  1.27125531E-03) ( -1.80210918E-03,  2.13272870E-03) ( -2.10478902E-03,  3.00817192E-03)
   1.00000000      -1.00000000       0.00000000     ( -6.18398190E-03, -8.75443220E-03) ( -6.18398190E-03, -8.75443220E-03) ( -5.38304448E-03,  5.68106771E-03)
   1.00000000      -1.00000000       1.00000000     (  3.75322998E-03,  6.76140189E-03) ( -1.40629709E-03,  4.52622771E-03) ( -5.15952706E-03, -2.23517418E-03)
   1.00000000      -1.00000000       2.00000000     (  3.87430191E-03,  5.14090061E-03) (  6.61239028E-03,  3.89292836E-03) (  1.36904418E-03, -6.26314431E-04)
   2.00000000       0.00000000       0.00000000     (  0.00000000    ,  0.00000000    ) (  9.49949026E-03, -3.72529030E-03) ( -5.08502126E-03,  1.55530870E-03)
   2.00000000       0.00000000       1.00000000     ( -2.84053385E-03, -2.47731805E-03) (  1.85333192E-03,  8.82893801E-03) (  5.68106771E-03,  4.95463610E-03)
   2.00000000       1.00000000       0.00000000     ( -2.70083547E-03,  6.40284270E-04) (  5.40167093E-03, -1.28056854E-03) ( -1.40862539E-04, -9.16421413E-03)
   2.00000000       1.00000000       1.00000000     (  9.49949026E-04,  3.46451998E-03) ( -3.18512321E-03, -6.07222319E-03) (  1.28056854E-03, -8.52160156E-04)
   2.00000000      -1.00000000       0.00000000     (  1.84401870E-03,  1.25728548E-03) (  3.68803740E-03,  2.51457095E-03) ( -1.28056854E-04,  1.57859176E-03)
   2.00000000      -1.00000000       1.00000000     ( -3.05473804E-03,  9.28994268E-04) ( -2.08616257E-03, -1.58324838E-03) (  4.02331352E-03, -3.43658030E-03)
