    0.000000        0.000000        1.000000      (2.1457672E-02,1.1883676E-02)
   (-1.2703240E-02,-1.6838312E-02)  (0.000000,0.000000)
    0.000000        0.000000        2.000000      
 (3.6507845E-03,-6.9150701E-04)  (4.3772161E-03,3.7718564E-03)  
 (0.000000,0.000000)
    0.000000        1.000000        0.000000      (2.8777868E-03,4.9732625E-03)
   (0.000000,0.000000)  (4.5634806E-03,-1.0151416E-03)
    0.000000        1.000000        1.000000      (5.6251884E-03,6.8172812E-03)
   (5.1036477E-03,-4.1536987E-03)  (-5.1036477E-03,4.1536987E-03)
    0.000000        1.000000        2.000000      
 (-6.3888729E-03,-1.4342368E-03)  (-1.7182902E-03,-2.5704503E-03)  
 (8.5914508E-04,1.2852252E-03)
    0.000000        2.000000        0.000000      
 (-3.7346035E-03,1.3364479E-03)  (0.000000,0.000000)  
 (1.0430813E-03,2.2072345E-03)
    0.000000        2.000000        1.000000      
 (4.1536987E-03,-2.2444874E-03)  (-9.2200935E-04,-7.7765435E-04)  
 (1.8440187E-03,1.5553087E-03)
    0.000000       -2.000000        0.000000      
 (-3.7346035E-03,-1.3364479E-03)  (0.000000,0.000000)  
 (1.0430813E-03,-2.2072345E-03)
    0.000000       -2.000000        1.000000      
 (-8.0652535E-03,-8.6054206E-03)  (-1.8952414E-03,4.4528861E-05)  
 (-3.7904829E-03,8.9057721E-05)
    0.000000       -1.000000        0.000000      
 (2.8777868E-03,-4.9732625E-03)  (0.000000,0.000000)  
 (4.5634806E-03,1.0151416E-03)
    0.000000       -1.000000        1.000000      
 (8.3819032E-03,-4.1350722E-03)  (-1.1036173E-03,-5.6251884E-03)  
 (-1.1036173E-03,-5.6251884E-03)
    0.000000       -1.000000        2.000000      
 (-9.9465251E-03,-7.6601282E-04)  (-2.8498471E-03,-2.7660280E-03)  
 (-1.4249235E-03,-1.3830140E-03)
    1.000000        0.000000        0.000000      (0.000000,0.000000)  
 (-2.8312206E-02,6.1281025E-03)  (1.5944242E-02,1.9147992E-02)
    1.000000        0.000000        1.000000      
 (-3.6694109E-03,-2.3003668E-03)  (-1.6018748E-02,1.3485551E-02)  
 (3.6694109E-03,2.3003668E-03)
    1.000000        0.000000        2.000000      (9.2259143E-05,1.8905848E-03)
   (3.4365803E-03,6.1653554E-03)  (-4.6129571E-05,-9.4529241E-04)
    1.000000        1.000000        0.000000      
 (2.0861626E-03,-1.3271347E-03)  (-2.0861626E-03,1.3271347E-03)  
 (-5.3783879E-04,3.5203993E-03)
    1.000000        1.000000        1.000000      (2.0442531E-03,3.7718564E-03)
   (-3.2037497E-03,-3.6414713E-03)  (1.1594966E-03,-1.3504177E-04)
    1.000000        1.000000        2.000000      
 (-3.3341348E-03,2.0628795E-03)  (4.6566129E-04,-2.5331974E-03)  
 (1.4342368E-03,2.3690518E-04)
    1.000000        2.000000        0.000000      (3.5762787E-03,1.9604340E-03)
   (-1.7881393E-03,-9.8021701E-04)  (2.0582229E-03,5.4016709E-03)
    1.000000        2.000000        1.000000      (1.6950071E-03,2.0535663E-03)
   (-1.9837171E-03,8.7078661E-04)  (2.2724271E-03,-3.7997961E-03)
    1.000000       -2.000000        0.000000      (1.5459955E-03,4.1536987E-03)
   (7.7299774E-04,2.0768493E-03)  (-3.4086406E-03,-3.6437996E-04)
    1.000000       -2.000000        1.000000      
 (-3.1758100E-03,-1.8905848E-03)  (-1.4714897E-03,-1.5087426E-03)  
 (2.2409949E-04,-1.1315569E-03)
    1.000000       -1.000000        0.000000      (2.9802322E-04,4.8166839E-05)
   (2.9802322E-04,4.8166839E-05)  (-6.7427754E-03,2.7380884E-03)
    1.000000       -1.000000        1.000000      
 (8.9406967E-03,-5.0291419E-03)  (2.2258610E-03,-2.6542693E-03)  
 (-6.7055225E-03,2.3655593E-03)
    1.000000       -1.000000        2.000000      
 (-4.4703484E-03,-1.9604340E-03)  (-6.5751374E-03,-3.7811697E-03)  
 (-1.0523945E-03,-9.1269612E-04)
    2.000000        0.000000        0.000000      (0.000000,0.000000)  
 (7.5995922E-03,-9.9418685E-04)  (-6.6123903E-04,-9.8720193E-04)
    2.000000        0.000000        1.000000      
 (-1.1129305E-03,4.3585896E-03)  (2.0395964E-03,5.7369471E-03)  
 (2.2258610E-03,-8.7171793E-03)
    2.000000        1.000000        0.000000      
 (-1.5133992E-03,-2.8312206E-03)  (3.0267984E-03,5.6624413E-03)  
 (-6.3329935E-03,6.2771142E-03)
    2.000000        1.000000        1.000000      (2.1420419E-03,2.4214387E-03)
   (-1.7322600E-03,-9.2014670E-03)  (-2.5518239E-03,4.3585896E-03)
    2.000000       -1.000000        0.000000      
 (-4.0326267E-03,-2.0628795E-03)  (-8.0652535E-03,-4.1257590E-03)  
 (-7.7066943E-04,3.0640513E-03)
    2.000000       -1.000000        1.000000      
 (-2.6077032E-03,1.7322600E-03)  (-1.2526289E-03,6.2771142E-03)  
 (3.9581209E-03,2.8219074E-03)
