   0.00000000       0.00000000       1.00000000     (  2.45124102E-02,  1.10641122E-02) (  7.84173608E-03, -2.81631947E-02) (  0.00000000    ,  0.00000000    )
   0.00000000       0.00000000       2.00000000     (  4.73111868E-03, -4.86150384E-03) ( -2.28174031E-03,  8.19563866E-04) (  0.00000000    ,  0.00000000    )
   0.00000000       1.00000000       0.00000000     ( -7.28294253E-03,  8.86619091E-03) (  0.00000000    ,  0.00000000    ) (  2.03028321E-03,  9.31322575E-04)
   0.00000000       1.00000000       1.00000000     (  3.97674739E-03, -5.21540642E-03) (  4.39584255E-03, -9.08970833E-03) ( -4.39584255E-03,  9.08970833E-03)
   0.00000000       1.00000000       2.00000000     ( -6.10947609E-03,  8.80099833E-04) ( -3.27825546E-03,  1.30385160E-04) (  1.63912773E-03, -6.51925802E-05)
   0.00000000       2.00000000       0.00000000     ( -3.68803740E-03, -4.43309546E-03) (  0.00000000    ,  0.00000000    ) ( -5.23403287E-03,  4.81959432E-04)
   0.00000000       2.00000000       1.00000000     (  2.04890966E-03,  4.80562449E-03) ( -2.23517418E-03, -1.52736902E-03) (  4.47034836E-03,  3.05473804E-03)
   0.00000000      -2.00000000       0.00000000     ( -3.68803740E-03,  4.43309546E-03) (  0.00000000    ,  0.00000000    ) ( -5.23403287E-03, -4.81959432E-04)
   0.00000000      -2.00000000       1.00000000     ( -9.46223736E-03,  2.00234354E-03) ( -1.49942935E-03,  1.40164047E-03) ( -2.99885869E-03,  2.80328095E-03)
   0.00000000      -1.00000000       0.00000000     ( -7.28294253E-03, -8.86619091E-03) (  0.00000000    ,  0.00000000    ) (  2.03028321E-03, -9.31322575E-04)
   0.00000000      -1.00000000       1.00000000     (  1.45286322E-02, -1.66147947E-02) ( -4.65661287E-04, -1.81607902E-03) ( -4.65661287E-04, -1.81607902E-03)
   0.00000000      -1.00000000       2.00000000     (  3.22470441E-04, -2.98023224E-03) (  6.35627657E-04, -1.25262886E-03) (  3.17813829E-04, -6.26314431E-04)
   1.00000000       0.00000000       0.00000000     (  0.00000000    ,  0.00000000    ) ( -1.60932541E-02,  6.72414899E-03) (  2.76416540E-02,  2.30222940E-02)
   1.00000000       0.00000000       1.00000000     (  4.11644578E-03, -2.72877514E-03) ( -2.83122063E-02,  1.50501728E-02) ( -4.11644578E-03,  2.72877514E-03)
   1.00000000       0.00000000       2.00000000     (  1.27125531E-03,  2.93366611E-03) (  7.41332769E-03,  3.14787030E-03) ( -6.35627657E-04, -1.46683306E-03)
   1.00000000       1.00000000       0.00000000     (  5.60656190E-03,  3.98606062E-03) ( -5.60656190E-03, -3.98606062E-03) ( -8.64267349E-03,  5.73694706E-03)
   1.00000000       1.00000000       1.00000000     ( -3.22237611E-03, -1.08499080E-03) (  1.89989805E-03,  3.53902578E-04) (  1.32247806E-03,  7.31088221E-04)
   1.00000000       1.00000000       2.00000000     ( -8.21892172E-04, -2.36555934E-03) ( -4.61935997E-03, -5.86733222E-04) (  2.71946192E-03,  1.47614628E-03)
   1.00000000       2.00000000       0.00000000     ( -1.56462193E-03,  5.83007932E-03) (  7.82310963E-04, -2.91503966E-03) ( -1.08964741E-03,  4.41446900E-03)
   1.00000000       2.00000000       1.00000000     (  5.79282641E-03,  1.97440386E-03) ( -3.87430191E-03, -2.41212547E-03) (  1.94646418E-03,  2.84984708E-03)
   1.00000000      -2.00000000       0.00000000     (  4.02797014E-04, -2.90572643E-03) (  2.01398507E-04, -1.45286322E-03) ( -9.59262252E-04,  2.80328095E-03)
   1.00000000      -2.00000000       1.00000000     ( -1.11293048E-03,  1.58324838E-03) ( -1.44354999E-03,  2.32830644E-03) ( -1.76951289E-03,  3.06405127E-03)
   1.00000000      -1.00000000       0.00000000     ( -6.12810254E-03, -1.00582838E-02) ( -6.12810254E-03, -1.00582838E-02) ( -5.97909093E-03,  6.29574060E-03)
   1.00000000      -1.00000000       1.00000000     (  2.72877514E-03,  5.23403287E-03) ( -1.82539225E-03,  2.90572643E-03) ( -4.54485416E-03, -2.33761966E-03)
   1.00000000      -1.00000000       2.00000000     (  3.09199095E-03,  4.13507223E-03) (  5.28991222E-03,  3.55765224E-03) (  1.09896064E-03, -2.91038305E-04)
   2.00000000       0.00000000       0.00000000     (  0.00000000    ,  0.00000000    ) (  7.97212124E-03, -2.64495611E-03) ( -4.52622771E-03,  8.12578946E-04)
   2.00000000       0.00000000       1.00000000     ( -2.03959644E-03, -2.31899321E-03) (  1.35041773E-03,  7.11530447E-03) (  4.07919288E-03,  4.63798642E-03)
   2.00000000       1.00000000       0.00000000     ( -2.49594450E-03,  4.27244231E-04) (  4.99188900E-03, -8.54488462E-04) ( -4.43833414E-06, -8.15838575E-03)
   2.00000000       1.00000000       1.00000000     (  5.47152013E-04,  2.79396772E-03) ( -2.13272870E-03, -5.01051545E-03) (  1.03842467E-03, -5.79748303E-04)
   2.00000000      -1.00000000       0.00000000     (  1.58790499E-03,  1.41095370E-03) (  3.17580998E-03,  2.82190740E-03) ( -1.60653144E-04,  1.55530870E-03)
   2.00000000      -1.00000000       1.00000000     ( -2.68220901E-03,  8.31205398E-04) ( -1.87195837E-03, -1.18743628E-03) (  3.49245965E-03, -2.84984708E-03)
