   0.00000000       0.00000000       1.00000000     (  2.75671482E-02,  7.59959221E-03) (  2.74926424E-02, -3.39001417E-02) (  0.00000000    ,  0.00000000    )
   0.00000000       0.00000000       2.00000000     ( -1.60653144E-04,  1.26659870E-03) (  1.00582838E-03,  4.37721610E-04) (  0.00000000    ,  0.00000000    )
   0.00000000       1.00000000       0.00000000     ( -1.92970037E-02,  1.01048499E-03) (  0.00000000    ,  0.00000000    ) (  3.77185643E-03,  1.36345625E-02)
   0.00000000       1.00000000       1.00000000     (  8.28877091E-03,  3.74391675E-03) ( -1.44354999E-03, -1.02072954E-02) (  1.44354999E-03,  1.02072954E-02)
   0.00000000       1.00000000       2.00000000     (  1.15483999E-03, -2.04890966E-04) (  3.25962901E-04, -2.42143869E-04) ( -1.62981451E-04,  1.21071935E-04)
   0.00000000       2.00000000       0.00000000     (  1.90921128E-04, -5.40167093E-04) (  0.00000000    ,  0.00000000    ) (  8.38190317E-04, -1.15483999E-03)
   0.00000000       2.00000000       1.00000000     ( -5.02914190E-04, -6.33299351E-04) (  4.19095159E-04, -5.82076609E-05) ( -8.38190317E-04,  1.16415322E-04)
   0.00000000      -2.00000000       0.00000000     (  1.90921128E-04,  5.40167093E-04) (  0.00000000    ,  0.00000000    ) (  8.38190317E-04,  1.15483999E-03)
   0.00000000      -2.00000000       1.00000000     (  1.93715096E-03, -3.11993062E-04) (  3.91155481E-04, -2.79396772E-04) (  7.82310963E-04, -5.58793545E-04)
   0.00000000      -1.00000000       0.00000000     ( -1.92970037E-02, -1.01048499E-03) (  0.00000000    ,  0.00000000    ) (  3.77185643E-03, -1.36345625E-02)
   0.00000000      -1.00000000       1.00000000     (  9.18284059E-03, -2.80141830E-02) ( -3.96976247E-04,  2.17463821E-03) ( -3.96976247E-04,  2.17463821E-03)
   0.00000000      -1.00000000       2.00000000     (  1.95577741E-04,  2.84053385E-04) ( -1.35041773E-04,  5.30853868E-04) ( -6.75208867E-05,  2.65426934E-04)
   1.00000000       0.00000000       0.00000000     (  0.00000000    ,  0.00000000    ) ( -1.33365393E-02,  1.39325857E-02) (  3.52412462E-02,  2.68965960E-02)
   1.00000000       0.00000000       1.00000000     (  4.15369868E-03, -3.66941094E-03) ( -3.67313623E-02,  6.50063157E-03) ( -4.15369868E-03,  3.66941094E-03)
   1.00000000       0.00000000       2.00000000     ( -2.56113708E-04, -6.89178705E-04) ( -1.21071935E-03, -8.00937414E-04) (  1.28056854E-04,  3.44589353E-04)
   1.00000000       1.00000000       0.00000000     (  5.58793545E-03,  6.59376383E-03) ( -5.58793545E-03, -6.59376383E-03) ( -1.04866922E-02,  1.16974115E-02)
   1.00000000       1.00000000       1.00000000     ( -3.44589353E-04,  7.82310963E-04) (  7.07805157E-04, -7.21774995E-05) ( -3.63215804E-04, -7.07805157E-04)
   1.00000000       1.00000000       2.00000000     (  3.11993062E-04,  1.25728548E-04) (  1.62981451E-04, -8.03265721E-05) ( -2.37487257E-04, -2.21189111E-05)
   1.00000000       2.00000000       0.00000000     (  5.21540642E-04, -7.07805157E-04) ( -2.60770321E-04,  3.53902578E-04) ( -7.07805157E-04,  3.53902578E-04)
   1.00000000       2.00000000       1.00000000     ( -1.19209290E-03, -1.74622983E-05) (  9.49949026E-04,  2.51457095E-04) ( -7.07805157E-04, -4.84287739E-04)
   1.00000000      -2.00000000       0.00000000     (  1.67638063E-04,  7.07805157E-04) (  8.38190317E-05,  3.53902578E-04) (  6.70552254E-04,  3.63215804E-04)
   1.00000000      -2.00000000       1.00000000     (  2.14204192E-04, -9.31322575E-04) (  1.72294676E-04, -7.26431608E-04) (  1.28056854E-04, -5.12227416E-04)
   1.00000000      -1.00000000       0.00000000     ( -2.49594450E-03, -1.62795186E-02) ( -2.49594450E-03, -1.62795186E-02) ( -1.32992864E-02,  1.67638063E-02)
   1.00000000      -1.00000000       1.00000000     ( -5.96046448E-04, -1.58324838E-04) (  6.14672899E-04,  1.26659870E-03) (  1.21071935E-03,  1.41561031E-03)
   1.00000000      -1.00000000       2.00000000     (  5.86733222E-04, -8.75443220E-04) (  1.65309757E-04, -2.65426934E-04) ( -2.09547579E-04,  2.98023224E-04)
   2.00000000       0.00000000       0.00000000     (  0.00000000    ,  0.00000000    ) ( -1.19209290E-03, -7.26431608E-04) (  6.70552254E-04, -5.12227416E-04)
   2.00000000       0.00000000       1.00000000     ( -3.35276127E-04,  5.49480319E-04) ( -1.28056854E-04, -6.05359674E-04) (  6.70552254E-04, -1.09896064E-03)
   2.00000000       1.00000000       0.00000000     (  4.37721610E-04, -2.28174031E-04) ( -8.75443220E-04,  4.56348062E-04) (  1.16415322E-04,  2.46800482E-04)
   2.00000000       1.00000000       1.00000000     (  8.38190317E-05, -1.67638063E-04) ( -5.21540642E-04,  1.08033419E-03) (  3.53902578E-04, -7.45058060E-04)
   2.00000000      -1.00000000       0.00000000     (  1.55996531E-04, -5.40167093E-04) (  3.11993062E-04, -1.08033419E-03) (  1.67638063E-04, -5.49480319E-04)
   2.00000000      -1.00000000       1.00000000     (  6.51925802E-04, -2.21916707E-06) (  9.68575478E-04, -8.61473382E-05) ( -3.35276127E-04, -8.26548785E-05)
