   0.00000000       0.00000000       1.00000000     (  2.72877514E-03, -1.13248825E-02) (  2.71946192E-02,  3.64379957E-04) (  0.00000000    ,  0.00000000    )
   0.00000000       0.00000000       2.00000000     (  4.24683094E-03, -7.63684511E-04) ( -5.55068254E-03, -3.12924385E-03) (  0.00000000    ,  0.00000000    )
   0.00000000       1.00000000       0.00000000     (  4.09781933E-03, -3.30619514E-03) (  0.00000000    ,  0.00000000    ) (  1.49756670E-02, -1.83004886E-03)
   0.00000000       1.00000000       1.00000000     (  4.86616045E-04,  5.49480319E-04) (  4.02331352E-03, -1.21071935E-03) ( -4.02331352E-03,  1.21071935E-03)
   0.00000000       1.00000000       2.00000000     (  2.90572643E-03, -3.03611159E-03) ( -5.58793545E-04,  1.63912773E-03) (  2.79396772E-04, -8.19563866E-04)
   0.00000000       2.00000000       0.00000000     (  1.65775418E-03,  2.77534127E-03) (  0.00000000    ,  0.00000000    ) ( -2.00234354E-04,  1.63912773E-03)
   0.00000000       2.00000000       1.00000000     ( -4.93600965E-04, -2.88709998E-03) ( -3.67872417E-04,  8.00937414E-04) (  7.35744834E-04, -1.60187483E-03)
   0.00000000      -2.00000000       0.00000000     (  1.65775418E-03, -2.77534127E-03) (  0.00000000    ,  0.00000000    ) ( -2.00234354E-04, -1.63912773E-03)
   0.00000000      -2.00000000       1.00000000     ( -1.06170774E-03,  1.46217644E-03) ( -9.31322575E-04, -2.98023224E-04) ( -1.86264515E-03, -5.96046448E-04)
   0.00000000      -1.00000000       0.00000000     (  4.09781933E-03,  3.30619514E-03) (  0.00000000    ,  0.00000000    ) (  1.49756670E-02,  1.83004886E-03)
   0.00000000      -1.00000000       1.00000000     ( -6.76140189E-03, -1.46031380E-02) ( -7.22706318E-03,  5.01051545E-03) ( -7.22706318E-03,  5.01051545E-03)
   0.00000000      -1.00000000       2.00000000     ( -8.96397978E-05, -1.88127160E-03) (  1.65775418E-03,  4.98257577E-04) (  8.28877091E-04,  2.49128789E-04)
   1.00000000       0.00000000       0.00000000     (  0.00000000    ,  0.00000000    ) ( -2.66730785E-02,  1.19209290E-02) (  1.44541264E-02, -4.13507223E-03)
   1.00000000       0.00000000       1.00000000     ( -1.85333192E-03, -1.05239451E-03) ( -3.25031579E-03, -1.17346644E-02) (  1.85333192E-03,  1.05239451E-03)
   1.00000000       0.00000000       2.00000000     ( -2.55182385E-03, -1.50874257E-03) (  2.25845724E-04,  1.15483999E-03) (  1.27591193E-03,  7.54371285E-04)
   1.00000000       1.00000000       0.00000000     (  2.80328095E-03,  2.06753612E-03) ( -2.80328095E-03, -2.06753612E-03) (  4.24683094E-03,  1.06915832E-02)
   1.00000000       1.00000000       1.00000000     ( -4.05125320E-04,  1.32713467E-04) ( -1.04308128E-03,  1.84401870E-03) (  1.44354999E-03, -1.97440386E-03)
   1.00000000       1.00000000       2.00000000     ( -2.47731805E-03,  3.74857336E-04) (  1.73225999E-03,  1.66706741E-03) (  3.70200723E-04, -1.02445483E-03)
   1.00000000       2.00000000       0.00000000     (  2.56113708E-04,  2.14204192E-03) ( -1.28056854E-04, -1.07102096E-03) ( -1.76951289E-03,  5.44823706E-04)
   1.00000000       2.00000000       1.00000000     (  1.67638063E-03,  1.22934580E-03) ( -6.14672899E-04, -4.37721610E-04) ( -4.49363142E-04, -3.58559191E-04)
   1.00000000      -2.00000000       0.00000000     (  8.28877091E-04,  7.91624188E-04) (  4.14438546E-04,  3.95812094E-04) ( -1.55530870E-03,  7.62520358E-05)
   1.00000000      -2.00000000       1.00000000     ( -1.52736902E-03,  3.16649675E-04) ( -4.88944352E-04,  6.05359674E-04) (  5.44823706E-04,  8.94069672E-04)
   1.00000000      -1.00000000       0.00000000     (  3.06405127E-03, -5.86733222E-04) (  3.06405127E-03, -5.86733222E-04) ( -5.01051545E-03,  1.45658851E-02)
   1.00000000      -1.00000000       1.00000000     (  2.55182385E-03,  2.36555934E-03) ( -2.13040039E-04, -3.53902578E-03) ( -2.75671482E-03, -5.92321157E-03)
   1.00000000      -1.00000000       2.00000000     ( -3.11061740E-03, -8.38190317E-04) (  9.77888703E-04,  2.93366611E-04) (  2.04890966E-03,  5.68106771E-04)
   2.00000000       0.00000000       0.00000000     (  0.00000000    ,  0.00000000    ) ( -7.21774995E-04,  2.92435288E-03) ( -9.87201929E-04, -1.31316483E-03)
   2.00000000       0.00000000       1.00000000     ( -4.67989594E-04,  4.35393304E-04) ( -1.81607902E-03, -1.02445483E-03) (  9.35979187E-04, -8.70786607E-04)
   2.00000000       1.00000000       0.00000000     ( -2.60770321E-04, -4.26080078E-04) (  5.21540642E-04,  8.52160156E-04) (  5.30853868E-04,  1.08964741E-03)
   2.00000000       1.00000000       1.00000000     ( -2.79396772E-04,  7.33416528E-05) ( -8.56816769E-04,  8.19563866E-04) (  1.41561031E-03, -9.63918865E-04)
   2.00000000      -1.00000000       0.00000000     ( -1.53668225E-03, -1.02445483E-03) ( -3.07336450E-03, -2.04890966E-03) (  1.28522515E-03,  2.66358256E-03)
   2.00000000      -1.00000000       1.00000000     (  6.79865479E-04, -1.66706741E-03) ( -7.12461770E-04, -3.59250407E-07) ( -2.06753612E-03,  3.33413482E-03)
