   0.00000000       0.00000000       1.00000000     (  2.30967999E-02,  1.13621354E-02) (  1.81142241E-03, -2.39908695E-02) (  0.00000000    ,  0.00000000    )
   0.00000000       0.00000000       2.00000000     (  6.79865479E-03, -4.80562449E-03) (  7.24103302E-04,  1.49477273E-03) (  0.00000000    ,  0.00000000    )
   0.00000000       1.00000000       0.00000000     ( -3.40864062E-03,  1.12131238E-02) (  0.00000000    ,  0.00000000    ) (  1.83004886E-03, -2.04890966E-03)
   0.00000000       1.00000000       1.00000000     (  3.09199095E-03, -4.20957804E-03) (  6.31436706E-03, -7.52508640E-03) ( -6.31436706E-03,  7.52508640E-03)
   0.00000000       1.00000000       2.00000000     ( -7.67409801E-03, -6.77537173E-04) ( -6.76140189E-03,  5.62286004E-04) (  3.38070095E-03, -2.81143002E-04)
   0.00000000       2.00000000       0.00000000     ( -1.14087015E-03, -6.92903996E-03) (  0.00000000    ,  0.00000000    ) ( -5.71832061E-03,  3.23634595E-04)
   0.00000000       2.00000000       1.00000000     (  4.91738319E-03,  2.72877514E-03) ( -1.82073563E-03, -2.51457095E-03) (  3.64147127E-03,  5.02914190E-03)
   0.00000000      -2.00000000       0.00000000     ( -1.14087015E-03,  6.92903996E-03) (  0.00000000    ,  0.00000000    ) ( -5.71832061E-03, -3.23634595E-04)
   0.00000000      -2.00000000       1.00000000     ( -9.76026058E-03, -1.41561031E-03) ( -1.49942935E-03,  1.25728548E-03) ( -2.99885869E-03,  2.51457095E-03)
   0.00000000      -1.00000000       0.00000000     ( -3.40864062E-03, -1.12131238E-02) (  0.00000000    ,  0.00000000    ) (  1.83004886E-03,  2.04890966E-03)
   0.00000000      -1.00000000       1.00000000     (  1.13248825E-02, -1.37090683E-02) ( -2.08616257E-03, -2.32830644E-03) ( -2.08616257E-03, -2.32830644E-03)
   0.00000000      -1.00000000       2.00000000     ( -2.40281224E-03, -1.43423676E-03) (  7.47386366E-04,  2.71014869E-03) (  3.73693183E-04,  1.35507435E-03)
   1.00000000       0.00000000       0.00000000     (  0.00000000    ,  0.00000000    ) ( -1.92224979E-02,  5.47617674E-03) (  2.45869160E-02,  2.02655792E-02)
   1.00000000       0.00000000       1.00000000     (  2.44937837E-03, -3.94880772E-03) ( -2.53319740E-02,  1.54227018E-02) ( -2.44937837E-03,  3.94880772E-03)
   1.00000000       0.00000000       2.00000000     (  1.05472282E-03,  2.69152224E-03) (  5.94183803E-03,  4.58210707E-03) ( -5.27361408E-04, -1.34576112E-03)
   1.00000000       1.00000000       0.00000000     (  5.30853868E-03,  1.71363354E-03) ( -5.30853868E-03, -1.71363354E-03) ( -7.18981028E-03,  3.43658030E-03)
   1.00000000       1.00000000       1.00000000     ( -3.71597707E-03,  6.54254109E-04) (  2.66358256E-03, -3.98140401E-04) (  1.05239451E-03, -2.56113708E-04)
   1.00000000       1.00000000       2.00000000     ( -2.12807208E-03, -2.76602805E-03) ( -5.27128577E-03, -3.22237611E-03) (  3.69735062E-03,  2.98954546E-03)
   1.00000000       2.00000000       0.00000000     ( -2.05356628E-03,  5.97909093E-03) (  1.02678314E-03, -2.98954546E-03) ( -1.06636435E-03,  9.38773155E-03)
   1.00000000       2.00000000       1.00000000     (  7.07805157E-03,  2.78465450E-03) ( -2.89641321E-03, -2.57045031E-03) ( -1.28988177E-03,  2.35624611E-03)
   1.00000000      -2.00000000       0.00000000     ( -1.30967237E-04, -2.61701643E-03) ( -6.54836185E-05, -1.30850822E-03) ( -1.81607902E-03,  1.64378434E-03)
   1.00000000      -2.00000000       1.00000000     ( -2.19792128E-03,  6.82193786E-04) ( -2.29105353E-03,  1.44354999E-03) ( -2.38418579E-03,  2.20257789E-03)
   1.00000000      -1.00000000       0.00000000     ( -5.90458512E-03, -5.17815351E-03) ( -5.90458512E-03, -5.17815351E-03) ( -4.39584255E-03,  4.61935997E-03)
   1.00000000      -1.00000000       1.00000000     (  6.85453415E-03,  8.67992640E-03) (  9.17352736E-04,  7.50645995E-03) ( -5.92321157E-03, -1.17346644E-03)
   1.00000000      -1.00000000       2.00000000     (  4.32133675E-03,  6.42612576E-03) (  7.05942512E-03,  2.94297934E-03) (  1.37370080E-03, -1.73691660E-03)
   2.00000000       0.00000000       0.00000000     (  0.00000000    ,  0.00000000    ) (  1.13248825E-02, -6.14672899E-03) ( -4.54485416E-03,  3.86498868E-03)
   2.00000000       0.00000000       1.00000000     ( -4.38652933E-03, -1.36904418E-03) (  3.24100256E-03,  1.11758709E-02) (  8.77305865E-03,  2.73808837E-03)
   2.00000000       1.00000000       0.00000000     ( -2.33761966E-03,  8.42846930E-04) (  4.67523932E-03, -1.68569386E-03) ( -9.75560397E-04, -8.17701221E-03)
   2.00000000       1.00000000       1.00000000     (  1.96509063E-03,  4.51691449E-03) ( -5.04776835E-03, -7.72997737E-03) (  1.12457201E-03, -1.29919499E-03)
   2.00000000      -1.00000000       0.00000000     (  1.65775418E-03, -3.50701157E-05) (  3.31550837E-03, -7.01402314E-05) (  3.13157216E-04,  1.78348273E-03)
   2.00000000      -1.00000000       1.00000000     ( -3.82773578E-03,  6.65895641E-04) ( -3.23168933E-03, -2.07219273E-03) (  4.42378223E-03, -3.40864062E-03)
