   0.00000000       0.00000000      -2.00000000     (  6.74277544E-03,  1.41561031E-03) ( -9.53674316E-03,  5.36441803E-03) (  0.00000000    ,  0.00000000    )
   0.00000000       0.00000000      -1.00000000     (  1.42026693E-03,  1.10268593E-02) (  2.42888927E-02, -2.19792128E-03) (  0.00000000    ,  0.00000000    )
   0.00000000       1.00000000      -2.00000000     ( -1.00582838E-03,  2.98023224E-03) (  1.97440386E-03, -1.44820660E-03) (  9.87201929E-04, -7.24103302E-04)
   0.00000000       1.00000000      -1.00000000     ( -7.00354576E-03,  1.27404928E-02) ( -6.48200512E-03, -5.38304448E-03) ( -6.48200512E-03, -5.38304448E-03)
   0.00000000       2.00000000      -1.00000000     ( -3.01515684E-04, -1.62981451E-03) ( -9.68575478E-04, -2.47382559E-05) ( -1.93715096E-03, -4.94765118E-05)
   0.00000000      -2.00000000      -1.00000000     ( -1.08964741E-03,  4.74974513E-03) ( -1.08033419E-03, -1.53668225E-03) (  2.16066837E-03,  3.07336450E-03)
   0.00000000      -1.00000000      -2.00000000     (  4.97326255E-03,  4.71249223E-03) ( -1.49942935E-03, -2.51457095E-03) (  7.49714673E-04,  1.25728548E-03)
   0.00000000      -1.00000000      -1.00000000     ( -1.44820660E-03,  5.37838787E-04) (  4.11644578E-03,  1.25728548E-03) ( -4.11644578E-03, -1.25728548E-03)
   1.00000000       0.00000000      -2.00000000     ( -1.75088644E-03, -9.68575478E-04) (  1.29453838E-03,  6.25848770E-03) ( -8.75443220E-04, -4.84287739E-04)
   1.00000000       0.00000000      -1.00000000     (  9.57399607E-03, -5.55068254E-03) ( -4.50760126E-03,  2.66730785E-02) (  9.57399607E-03, -5.55068254E-03)
   1.00000000       1.00000000      -2.00000000     (  2.29105353E-03,  2.82190740E-03) ( -5.99771738E-03,  2.46800482E-04) ( -1.84401870E-03,  1.53668225E-03)
   1.00000000       1.00000000      -1.00000000     (  3.39932740E-04,  8.30739737E-03) ( -2.35624611E-03, -5.49480319E-03) ( -2.02096999E-03,  2.83122063E-03)
   1.00000000       2.00000000      -1.00000000     (  2.62632966E-03, -1.46101229E-04) ( -1.10361725E-03, -3.29455361E-04) (  4.16766852E-04, -8.05594027E-04)
   1.00000000      -2.00000000      -1.00000000     ( -3.63797881E-05, -5.44823706E-04) ( -1.74622983E-04, -3.29455361E-04) (  3.11993062E-04,  1.15251169E-04)
   1.00000000      -1.00000000      -2.00000000     ( -1.15018338E-03, -3.79979610E-03) ( -1.01514161E-03,  3.66941094E-03) ( -6.81029633E-05, -3.72529030E-03)
   1.00000000      -1.00000000      -1.00000000     ( -7.35744834E-04,  5.28525561E-04) ( -1.09896064E-03, -2.82190740E-03) (  3.60887498E-04,  3.35276127E-03)
   2.00000000       0.00000000      -1.00000000     ( -1.74157321E-03,  1.62981451E-04) ( -1.32713467E-03, -1.26194209E-03) ( -3.48314643E-03,  3.25962901E-04)
   2.00000000       1.00000000      -1.00000000     (  4.44706529E-04, -5.38420863E-05) ( -3.55765224E-03, -1.44354999E-03) ( -2.67289579E-03, -1.54599547E-03)
   2.00000000      -1.00000000      -1.00000000     (  1.33644789E-03, -4.26080078E-04) (  1.63912773E-03,  1.46217644E-03) (  1.03842467E-03, -2.30967999E-03)
