   0.00000000       0.00000000      -2.00000000     ( -6.51925802E-05, -4.28408384E-04) (  3.35276127E-04, -1.39698386E-04) (  0.00000000    ,  0.00000000    )
   0.00000000       0.00000000      -1.00000000     (  2.76416540E-02, -8.04662704E-03) (  2.61515379E-02,  3.40491533E-02) (  0.00000000    ,  0.00000000    )
   0.00000000       1.00000000      -2.00000000     (  6.51925802E-05, -1.02445483E-04) ( -6.05359674E-05, -1.86264515E-04) ( -3.02679837E-05, -9.31322575E-05)
   0.00000000       1.00000000      -1.00000000     (  1.01886690E-02,  2.69711018E-02) ( -3.92901711E-05, -1.84401870E-03) ( -3.92901711E-05, -1.84401870E-03)
   0.00000000       2.00000000      -1.00000000     (  6.70552254E-04,  1.11758709E-04) (  1.39698386E-04,  1.02445483E-04) (  2.79396772E-04,  2.04890966E-04)
   0.00000000      -2.00000000      -1.00000000     ( -1.67638063E-04,  2.42143869E-04) (  1.39698386E-04,  7.56699592E-06) ( -2.79396772E-04, -1.51339918E-05)
   0.00000000      -1.00000000      -2.00000000     (  4.09781933E-04,  8.84756446E-05) (  1.02445483E-04,  7.45058060E-05) ( -5.12227416E-05, -3.72529030E-05)
   0.00000000      -1.00000000      -1.00000000     (  8.19563866E-03, -2.78931111E-03) ( -1.08964741E-03,  1.04680657E-02) (  1.08964741E-03, -1.04680657E-02)
   1.00000000       0.00000000      -2.00000000     (  2.23517418E-04, -2.04890966E-04) (  2.23517418E-04, -2.60770321E-04) (  1.11758709E-04, -1.02445483E-04)
   1.00000000       0.00000000      -1.00000000     (  8.62404704E-03, -2.60304660E-03) ( -7.63684511E-03, -3.31550837E-03) (  8.62404704E-03, -2.60304660E-03)
   1.00000000       1.00000000      -2.00000000     (  2.60770321E-04, -9.77888703E-05) ( -3.95812094E-05,  2.98023224E-04) (  1.11758709E-04,  9.77888703E-05)
   1.00000000       1.00000000      -1.00000000     (  1.76951289E-04,  1.74622983E-05) ( -2.79396772E-04, -1.39698386E-04) ( -9.77888703E-05, -1.21071935E-04)
   1.00000000       2.00000000      -1.00000000     ( -2.56113708E-05, -1.21071935E-04) (  8.38190317E-05, -7.45058060E-05) (  1.39698386E-04, -2.60770321E-04)
   1.00000000      -2.00000000      -1.00000000     ( -1.86264515E-04, -3.95812094E-05) ( -1.58324838E-04, -1.58324838E-04) (  1.21071935E-04,  2.79396772E-04)
   1.00000000      -1.00000000      -2.00000000     ( -4.42378223E-05,  2.14204192E-04) (  6.51925802E-05,  4.65661287E-05) ( -5.35510480E-05,  8.38190317E-05)
   1.00000000      -1.00000000      -1.00000000     (  1.30385160E-04, -1.58324838E-04) (  2.79396772E-04, -5.35510480E-05) ( -1.49011612E-04, -1.07102096E-04)
   2.00000000       0.00000000      -1.00000000     (  1.21071935E-04,  4.65661287E-05) (  3.49245965E-05, -2.56113708E-05) (  2.42143869E-04,  9.31322575E-05)
   2.00000000       1.00000000      -1.00000000     (  1.21071935E-04,  5.58793545E-05) ( -2.14204192E-04,  1.11758709E-04) (  3.72529030E-05,  2.23517418E-04)
   2.00000000      -1.00000000      -1.00000000     (  2.67755240E-05, -6.05359674E-05) ( -1.02445483E-04,  1.76951289E-04) (  1.58324838E-04, -2.98023224E-04)
