   0.00000000       0.00000000       1.00000000     (  2.52574682E-02,  1.11013651E-02) (  9.64850187E-03, -2.95042992E-02) (  0.00000000    ,  0.00000000    )
   0.00000000       0.00000000       2.00000000     (  3.72529030E-03, -4.33996320E-03) ( -2.42143869E-03,  4.65661287E-04) (  0.00000000    ,  0.00000000    )
   0.00000000       1.00000000       0.00000000     ( -8.51228833E-03,  8.21426511E-03) (  0.00000000    ,  0.00000000    ) (  2.23051757E-03,  1.86730176E-03)
   0.00000000       1.00000000       1.00000000     (  4.49828804E-03, -5.17815351E-03) (  3.91155481E-03, -9.57399607E-03) ( -3.91155481E-03,  9.57399607E-03)
   0.00000000       1.00000000       2.00000000     ( -5.23403287E-03,  1.12224370E-03) ( -2.39349902E-03,  8.67294148E-05) (  1.19674951E-03, -4.33647074E-05)
   0.00000000       2.00000000       0.00000000     ( -3.52039933E-03, -3.29688191E-03) (  0.00000000    ,  0.00000000    ) ( -4.30271029E-03,  6.21657819E-04)
   0.00000000       2.00000000       1.00000000     (  1.69500709E-03,  4.35858965E-03) ( -1.91852450E-03, -1.21537596E-03) (  3.83704901E-03,  2.43075192E-03)
   0.00000000      -2.00000000       0.00000000     ( -3.52039933E-03,  3.29688191E-03) (  0.00000000    ,  0.00000000    ) ( -4.30271029E-03, -6.21657819E-04)
   0.00000000      -2.00000000       1.00000000     ( -8.53091478E-03,  2.08616257E-03) ( -1.42958015E-03,  1.23400241E-03) ( -2.85916030E-03,  2.46800482E-03)
   0.00000000      -1.00000000       0.00000000     ( -8.51228833E-03, -8.21426511E-03) (  0.00000000    ,  0.00000000    ) (  2.23051757E-03, -1.86730176E-03)
   0.00000000      -1.00000000       1.00000000     (  1.51619315E-02, -1.75088644E-02) ( -6.08270057E-05, -1.65309757E-03) ( -6.08270057E-05, -1.65309757E-03)
   0.00000000      -1.00000000       2.00000000     (  4.33064997E-04, -2.53319740E-03) (  6.05359674E-04, -1.62981451E-03) (  3.02679837E-04, -8.14907253E-04)
   1.00000000       0.00000000       0.00000000     (  0.00000000    ,  0.00000000    ) ( -1.56462193E-02,  7.22706318E-03) (  2.87592411E-02,  2.41398811E-02)
   1.00000000       0.00000000       1.00000000     (  4.49828804E-03, -2.56113708E-03) ( -2.95788050E-02,  1.50129199E-02) ( -4.49828804E-03,  2.56113708E-03)
   1.00000000       0.00000000       2.00000000     (  1.23400241E-03,  2.60770321E-03) (  6.74277544E-03,  2.80328095E-03) ( -6.17001206E-04, -1.30385160E-03)
   1.00000000       1.00000000       0.00000000     (  5.79282641E-03,  4.60073352E-03) ( -5.79282641E-03, -4.60073352E-03) ( -8.99657607E-03,  6.46337867E-03)
   1.00000000       1.00000000       1.00000000     ( -2.58907676E-03, -1.32247806E-03) (  1.34576112E-03,  4.05125320E-04) (  1.24797225E-03,  9.17352736E-04)
   1.00000000       1.00000000       2.00000000     ( -5.05242497E-04, -1.88127160E-03) ( -3.79979610E-03, -2.06055120E-04) (  2.16066837E-03,  1.04308128E-03)
   1.00000000       2.00000000       0.00000000     ( -1.39232725E-03,  5.14090061E-03) (  6.96163625E-04, -2.57045031E-03) ( -6.70552254E-04,  2.93366611E-03)
   1.00000000       2.00000000       1.00000000     (  4.93600965E-03,  1.47614628E-03) ( -3.63215804E-03, -1.99303031E-03) (  2.31899321E-03,  2.50525773E-03)
   1.00000000      -2.00000000       0.00000000     (  3.56230885E-04, -2.49594450E-03) (  1.78115442E-04, -1.24797225E-03) ( -1.03376806E-03,  2.37487257E-03)
   1.00000000      -2.00000000       1.00000000     ( -8.14907253E-04,  1.81607902E-03) ( -1.16415322E-03,  2.36555934E-03) ( -1.50874257E-03,  2.90572643E-03)
   1.00000000      -1.00000000       0.00000000     ( -6.01634383E-03, -1.13621354E-02) ( -6.01634383E-03, -1.13621354E-02) ( -6.63101673E-03,  6.98491931E-03)
   1.00000000      -1.00000000       1.00000000     (  1.99303031E-03,  3.89292836E-03) ( -1.96509063E-03,  1.55530870E-03) ( -3.94880772E-03, -2.32830644E-03)
   1.00000000      -1.00000000       2.00000000     (  2.35624611E-03,  3.22237611E-03) (  4.00468707E-03,  3.05473804E-03) (  8.19563866E-04, -8.29459168E-05)
   2.00000000       0.00000000       0.00000000     (  0.00000000    ,  0.00000000    ) (  6.51925802E-03, -1.75088644E-03) ( -3.87430191E-03,  3.25962901E-04)
   2.00000000       0.00000000       1.00000000     ( -1.35507435E-03, -2.03959644E-03) (  9.91858542E-04,  5.51342964E-03) (  2.71014869E-03,  4.07919288E-03)
   2.00000000       1.00000000       0.00000000     ( -2.22586095E-03,  2.59606168E-04) (  4.45172191E-03, -5.19212335E-04) (  6.34463504E-05, -6.96629286E-03)
   2.00000000       1.00000000       1.00000000     (  2.23517418E-04,  2.17929482E-03) ( -1.22003257E-03, -4.06056643E-03) (  7.68341124E-04, -2.96859071E-04)
   2.00000000      -1.00000000       0.00000000     (  1.27591193E-03,  1.42958015E-03) (  2.55182385E-03,  2.85916030E-03) ( -1.60071068E-04,  1.51805580E-03)
   2.00000000      -1.00000000       1.00000000     ( -2.37487257E-03,  6.82193786E-04) ( -1.74157321E-03, -8.47503543E-04) (  2.99885869E-03, -2.20723450E-03)
