   0.00000000       0.00000000       1.00000000     (  5.53205609E-03, -1.22562051E-02) (  3.39001417E-02, -3.01748514E-03) (  0.00000000    ,  0.00000000    )
   0.00000000       0.00000000       2.00000000     (  1.78813934E-03, -3.49245965E-04) ( -2.01165676E-03, -9.31322575E-04) (  0.00000000    ,  0.00000000    )
   0.00000000       1.00000000       0.00000000     (  2.93366611E-03, -4.03262675E-03) (  0.00000000    ,  0.00000000    ) (  1.60932541E-02,  4.36557457E-04)
   0.00000000       1.00000000       1.00000000     (  3.47383320E-03,  2.50525773E-03) (  3.76254320E-03, -1.20140612E-03) ( -3.76254320E-03,  1.20140612E-03)
   0.00000000       1.00000000       2.00000000     (  9.87201929E-04, -1.15483999E-03) ( -1.83936208E-04,  5.58793545E-04) (  9.19681042E-05, -2.79396772E-04)
   0.00000000       2.00000000       0.00000000     (  1.13621354E-03,  6.42612576E-04) (  0.00000000    ,  0.00000000    ) ( -3.66708264E-05,  5.30853868E-04)
   0.00000000       2.00000000       1.00000000     (  2.00234354E-04, -8.75443220E-04) ( -3.89991328E-05,  6.86850399E-05) (  7.79982656E-05, -1.37370080E-04)
   0.00000000      -2.00000000       0.00000000     (  1.13621354E-03, -6.42612576E-04) (  0.00000000    ,  0.00000000    ) ( -3.66708264E-05, -5.30853868E-04)
   0.00000000      -2.00000000       1.00000000     ( -6.70552254E-04,  7.26431608E-04) ( -5.30853868E-04, -3.72529030E-04) ( -1.06170774E-03, -7.45058060E-04)
   0.00000000      -1.00000000       0.00000000     (  2.93366611E-03,  4.03262675E-03) (  0.00000000    ,  0.00000000    ) (  1.60932541E-02, -4.36557457E-04)
   0.00000000      -1.00000000       1.00000000     ( -6.89178705E-03, -1.92970037E-02) ( -8.66129994E-03,  4.54485416E-03) ( -8.66129994E-03,  4.54485416E-03)
   0.00000000      -1.00000000       2.00000000     (  3.07336450E-04, -6.70552254E-04) (  8.10250640E-04,  5.82076609E-05) (  4.05125320E-04,  2.91038305E-05)
   1.00000000       0.00000000       0.00000000     (  0.00000000    ,  0.00000000    ) ( -3.03983688E-02,  1.66893005E-02) (  1.60932541E-02, -3.56696546E-03)
   1.00000000       0.00000000       1.00000000     ( -2.49594450E-03, -3.79513949E-04) ( -7.26431608E-03, -1.53481960E-02) (  2.49594450E-03,  3.79513949E-04)
   1.00000000       0.00000000       2.00000000     ( -1.09896064E-03, -8.00937414E-04) (  3.49245965E-04,  4.74974513E-04) (  5.49480319E-04,  4.00468707E-04)
   1.00000000       1.00000000       0.00000000     (  3.63215804E-03,  3.26894224E-03) ( -3.63215804E-03, -3.26894224E-03) (  1.77416950E-03,  1.07660890E-02)
   1.00000000       1.00000000       1.00000000     (  2.37487257E-04,  3.30619514E-04) ( -1.04308128E-03,  4.93600965E-04) (  8.10250640E-04, -8.19563866E-04)
   1.00000000       1.00000000       2.00000000     ( -1.34110451E-03,  1.69966370E-04) (  8.00937414E-04,  9.68575478E-04) (  2.70083547E-04, -5.68106771E-04)
   1.00000000       2.00000000       0.00000000     ( -1.11758709E-04,  1.02445483E-03) (  5.58793545E-05, -5.12227416E-04) ( -6.05359674E-04,  4.48198989E-05)
   1.00000000       2.00000000       1.00000000     (  4.74974513E-04,  5.68106771E-04) ( -3.16649675E-04, -1.83936208E-04) (  1.53668225E-04, -2.00234354E-04)
   1.00000000      -2.00000000       0.00000000     (  3.63215804E-04,  5.49480319E-04) (  1.81607902E-04,  2.74740160E-04) ( -6.05359674E-04, -5.30853868E-04)
   1.00000000      -2.00000000       1.00000000     ( -8.94069672E-04,  7.10133463E-05) ( -3.58559191E-04,  2.23517418E-04) (  1.86264515E-04,  3.77185643E-04)
   1.00000000      -1.00000000       0.00000000     (  2.32830644E-03, -2.18860805E-03) (  2.32830644E-03, -2.18860805E-03) ( -6.44475222E-03,  2.25752592E-02)
   1.00000000      -1.00000000       1.00000000     (  1.65775418E-03,  9.87201929E-04) ( -5.23868948E-06, -1.67638063E-03) ( -1.65775418E-03, -2.68220901E-03)
   1.00000000      -1.00000000       2.00000000     ( -1.09896064E-03, -1.86264515E-04) (  1.76951289E-04,  3.16649675E-04) (  6.42612576E-04,  2.51457095E-04)
   2.00000000       0.00000000       0.00000000     (  0.00000000    ,  0.00000000    ) ( -4.00177669E-06,  1.35973096E-03) ( -5.58793545E-04, -5.02914190E-04)
   2.00000000       0.00000000       1.00000000     ( -1.69966370E-04,  1.16415322E-04) ( -6.23986125E-04, -1.55996531E-04) (  3.39932740E-04, -2.32830644E-04)
   2.00000000       1.00000000       0.00000000     ( -3.49245965E-05, -5.23868948E-05) (  6.98491931E-05,  1.04773790E-04) (  2.51457095E-04,  2.98023224E-04)
   2.00000000       1.00000000       1.00000000     ( -1.00117177E-04, -2.85217538E-05) ( -5.21540642E-04,  4.65661287E-04) (  7.26431608E-04, -4.09781933E-04)
   2.00000000      -1.00000000       0.00000000     ( -5.68106771E-04, -4.47034836E-04) ( -1.13621354E-03, -8.94069672E-04) (  5.40167093E-04,  5.58793545E-04)
   2.00000000      -1.00000000       1.00000000     (  6.17001206E-05, -9.12696123E-04) ( -3.58559191E-04, -3.07336450E-04) ( -4.84287739E-04,  1.50874257E-03)
