    0.000000        0.000000        1.000000      (2.0861626E-02,1.1548400E-02)
   (-9.9092722E-03,-1.6167760E-02)  (0.000000,0.000000)
    0.000000        0.000000        2.000000      
 (6.0535967E-03,-1.4156103E-03)  (5.9790909E-03,4.8987567E-03)  
 (0.000000,0.000000)
    0.000000        1.000000        0.000000      (1.7601997E-03,7.3015690E-03)
   (0.000000,0.000000)  (3.8184226E-03,-1.9092113E-03)
    0.000000        1.000000        1.000000      (4.5821071E-03,3.9115548E-03)
   (5.7183206E-03,-4.3772161E-03)  (-5.7183206E-03,4.3772161E-03)
    0.000000        1.000000        2.000000      
 (-8.1211329E-03,-2.3096800E-03)  (-4.0140003E-03,-2.0116568E-03)  
 (2.0070001E-03,1.0058284E-03)
    0.000000        2.000000        0.000000      
 (-4.3213367E-03,1.9441359E-04)  (0.000000,0.000000)  
 (-2.3399480E-04,2.8871000E-03)
    0.000000        2.000000        1.000000      
 (8.7171793E-03,-2.8777868E-03)  (-5.6927092E-04,-1.5972182E-03)  
 (1.1385418E-03,3.1944364E-03)
    0.000000       -2.000000        0.000000      
 (-4.3213367E-03,-1.9441359E-04)  (0.000000,0.000000)  
 (-2.3399480E-04,-2.8871000E-03)
    0.000000       -2.000000        1.000000      
 (-1.2069941E-02,-1.1324883E-02)  (-3.3807009E-03,8.5448846E-04)  
 (-6.7614019E-03,1.7089769E-03)
    0.000000       -1.000000        0.000000      
 (1.7601997E-03,-7.3015690E-03)  (0.000000,0.000000)  
 (3.8184226E-03,1.9092113E-03)
    0.000000       -1.000000        1.000000      
 (6.7427754E-03,-5.1222742E-03)  (-1.5925616E-03,-4.7869980E-03)  
 (-1.5925616E-03,-4.7869980E-03)
    0.000000       -1.000000        2.000000      
 (-1.3262033E-02,9.5460564E-04)  (-2.9243529E-03,-5.1804818E-04)  
 (-1.4621764E-03,-2.5902409E-04)
    1.000000        0.000000        0.000000      (0.000000,0.000000)  
 (-2.5928020E-02,5.1967800E-03)  (1.6391277E-02,1.7806888E-02)
    1.000000        0.000000        1.000000      
 (-2.6263297E-03,-2.9057264E-03)  (-1.7732382E-02,1.3783574E-02)  
 (2.6263297E-03,2.9057264E-03)
    1.000000        0.000000        2.000000      (3.9930455E-04,1.7927960E-03)
   (4.4517219E-03,9.6112490E-03)  (-1.9965228E-04,-8.9639798E-04)
    1.000000        1.000000        0.000000      
 (2.9895455E-03,-1.4808029E-03)  (-2.9895455E-03,1.4808029E-03)  
 (-1.6950071E-03,2.5797635E-03)
    1.000000        1.000000        1.000000      (1.7927960E-03,4.3772161E-03)
   (-3.2316893E-03,-3.5390258E-03)  (1.4388934E-03,-8.3819032E-04)
    1.000000        1.000000        2.000000      
 (-4.2188913E-03,1.7415732E-03)  (8.5419742E-05,-4.7404319E-03)  
 (2.0675361E-03,1.4994293E-03)
    1.000000        2.000000        0.000000      (3.4086406E-03,2.1280721E-03)
   (-1.7043203E-03,-1.0640360E-03)  (3.7252903E-03,8.0280006E-03)
    1.000000        2.000000        1.000000      (2.8405339E-03,2.9709190E-03)
   (-2.2491440E-03,9.0571120E-04)  (1.6577542E-03,-4.7776848E-03)
    1.000000       -2.000000        0.000000      (1.3969839E-03,7.3015690E-03)
   (6.9849193E-04,3.6507845E-03)  (-5.3551048E-03,-8.8941306E-04)
    1.000000       -2.000000        1.000000      
 (-3.0081719E-03,-1.1082739E-03)  (-8.9872628E-04,-7.8929588E-04)  
 (1.2130477E-03,-4.6682544E-04)
    1.000000       -1.000000        0.000000      
 (-9.4529241E-04,4.6566129E-04)  (-9.4529241E-04,4.6566129E-04)  
 (-5.7742000E-03,3.2968819E-03)
    1.000000       -1.000000        1.000000      
 (1.2964010E-02,-2.6402995E-03)  (3.8743019E-03,-7.4971467E-04)  
 (-9.0897083E-03,1.8905848E-03)
    1.000000       -1.000000        2.000000      
 (-4.3120235E-03,-1.2526289E-03)  (-7.7672303E-03,-4.5541674E-03)  
 (-1.7276034E-03,-1.6530976E-03)
    2.000000        0.000000        0.000000      (0.000000,0.000000)  
 (1.1585653E-02,-3.0174851E-03)  (-4.4819899E-04,2.6833732E-04)
    2.000000        0.000000        1.000000      
 (-2.4447218E-03,5.4761767E-03)  (3.5576522E-03,8.5681677E-03)  
 (4.8894435E-03,-1.0952353E-02)
    2.000000        1.000000        0.000000      
 (-1.9883737E-03,-3.1385571E-03)  (3.9767474E-03,6.2771142E-03)  
 (-7.8044832E-03,5.5506825E-03)
    2.000000        1.000000        1.000000      (3.0361116E-03,3.9953738E-03)
   (-3.7346035E-03,-1.2964010E-02)  (-2.3515895E-03,4.9732625E-03)
    2.000000       -1.000000        0.000000      
 (-3.7532300E-03,-3.1385571E-03)  (-7.5064600E-03,-6.2771142E-03)  
 (9.9651515E-04,4.0605664E-03)
    2.000000       -1.000000        1.000000      
 (-4.1257590E-03,2.6775524E-03)  (-3.0640513E-03,7.7299774E-03)  
 (5.1967800E-03,2.3702160E-03)
