   0.00000000       0.00000000      -2.00000000     (  7.63684511E-03,  1.76019967E-03) ( -1.10268593E-02,  6.03497028E-03) (  0.00000000    ,  0.00000000    )
   0.00000000       0.00000000      -1.00000000     (  1.00582838E-03,  1.09151006E-02) (  2.33203173E-02, -2.84053385E-03) (  0.00000000    ,  0.00000000    )
   0.00000000       1.00000000      -2.00000000     ( -1.41095370E-03,  3.27825546E-03) (  1.89989805E-03, -1.96509063E-03) (  9.49949026E-04, -9.82545316E-04)
   0.00000000       1.00000000      -1.00000000     ( -7.11530447E-03,  1.21816993E-02) ( -6.18398190E-03, -5.51342964E-03) ( -6.18398190E-03, -5.51342964E-03)
   0.00000000       2.00000000      -1.00000000     (  3.14321369E-04, -1.53202564E-03) ( -9.03382897E-04, -1.49011612E-04) ( -1.80676579E-03, -2.98023224E-04)
   0.00000000      -2.00000000      -1.00000000     ( -1.16415322E-03,  5.12227416E-03) ( -1.40164047E-03, -1.69500709E-03) (  2.80328095E-03,  3.39001417E-03)
   0.00000000      -1.00000000      -2.00000000     (  5.66244125E-03,  5.15952706E-03) ( -2.03959644E-03, -2.67289579E-03) (  1.01979822E-03,  1.33644789E-03)
   0.00000000      -1.00000000      -1.00000000     ( -2.21654773E-03,  9.31322575E-04) (  4.09781933E-03,  1.26194209E-03) ( -4.09781933E-03, -1.26194209E-03)
   1.00000000       0.00000000      -2.00000000     ( -1.91852450E-03, -1.15018338E-03) (  1.09896064E-03,  6.81728125E-03) ( -9.59262252E-04, -5.75091690E-04)
   1.00000000       0.00000000      -1.00000000     (  9.49949026E-03, -5.56930900E-03) ( -4.30271029E-03,  2.68965960E-02) (  9.49949026E-03, -5.56930900E-03)
   1.00000000       1.00000000      -2.00000000     (  2.40281224E-03,  3.06405127E-03) ( -6.44475222E-03,  9.13860276E-05) ( -2.02096999E-03,  1.57393515E-03)
   1.00000000       1.00000000      -1.00000000     (  9.96515155E-04,  8.71717930E-03) ( -2.33761966E-03, -5.83007932E-03) ( -1.34110451E-03,  2.89641321E-03)
   1.00000000       2.00000000      -1.00000000     (  2.87778676E-03,  1.42608769E-04) ( -9.35979187E-04, -2.51457095E-04) (  1.00117177E-03, -3.60887498E-04)
   1.00000000      -2.00000000      -1.00000000     (  1.28638931E-04, -1.00044417E-05) ( -1.75787136E-04, -2.24681571E-04) (  4.79631126E-04,  4.40049917E-04)
   1.00000000      -1.00000000      -2.00000000     ( -1.38301402E-03, -4.45172191E-03) ( -1.04773790E-03,  4.04193997E-03) ( -1.67638063E-04, -4.24683094E-03)
   1.00000000      -1.00000000      -1.00000000     ( -1.09896064E-03,  5.19212335E-04) ( -1.42492354E-03, -3.50177288E-03) (  3.24798748E-04,  4.02331352E-03)
   2.00000000       0.00000000      -1.00000000     ( -1.87195837E-03,  1.17579475E-04) ( -2.04890966E-03, -1.05239451E-03) ( -3.74391675E-03,  2.35158950E-04)
   2.00000000       1.00000000      -1.00000000     (  7.33416528E-04,  2.40979716E-04) ( -3.98606062E-03, -2.01165676E-03) ( -2.52388418E-03, -1.52736902E-03)
   2.00000000      -1.00000000      -1.00000000     (  1.31316483E-03, -5.40167093E-04) (  1.89989805E-03,  1.38767064E-03) (  7.28759915E-04, -2.46800482E-03)
