   0.00000000       0.00000000       1.00000000     (  2.30967999E-02,  1.12876296E-02) (  2.26311386E-03, -2.42888927E-02) (  0.00000000    ,  0.00000000    )
   0.00000000       0.00000000       2.00000000     (  6.85453415E-03, -5.01051545E-03) (  4.15602699E-04,  1.51805580E-03) (  0.00000000    ,  0.00000000    )
   0.00000000       1.00000000       0.00000000     ( -3.67872417E-03,  1.10641122E-02) (  0.00000000    ,  0.00000000    ) (  1.79745257E-03, -1.84401870E-03)
   0.00000000       1.00000000       1.00000000     (  3.08267772E-03, -4.35858965E-03) (  6.16535544E-03, -7.61821866E-03) ( -6.16535544E-03,  7.61821866E-03)
   0.00000000       1.00000000       2.00000000     ( -7.80448318E-03, -5.91389835E-04) ( -6.66826963E-03,  5.50644472E-04) (  3.33413482E-03, -2.75322236E-04)
   0.00000000       2.00000000       0.00000000     ( -1.44354999E-03, -7.04079866E-03) (  0.00000000    ,  0.00000000    ) ( -6.01634383E-03,  3.20142135E-04)
   0.00000000       2.00000000       1.00000000     (  4.69386578E-03,  3.14787030E-03) ( -1.96974725E-03, -2.51457095E-03) (  3.93949449E-03,  5.02914190E-03)
   0.00000000      -2.00000000       0.00000000     ( -1.44354999E-03,  7.04079866E-03) (  0.00000000    ,  0.00000000    ) ( -6.01634383E-03, -3.20142135E-04)
   0.00000000      -2.00000000       1.00000000     ( -9.98377800E-03, -1.01746991E-03) ( -1.48545951E-03,  1.33644789E-03) ( -2.97091901E-03,  2.67289579E-03)
   0.00000000      -1.00000000       0.00000000     ( -3.67872417E-03, -1.10641122E-02) (  0.00000000    ,  0.00000000    ) (  1.79745257E-03,  1.84401870E-03)
   0.00000000      -1.00000000       1.00000000     (  1.15856528E-02, -1.39325857E-02) ( -1.96509063E-03, -2.27242708E-03) ( -1.96509063E-03, -2.27242708E-03)
   0.00000000      -1.00000000       2.00000000     ( -2.06753612E-03, -1.78348273E-03) (  7.89295882E-04,  2.40281224E-03) (  3.94647941E-04,  1.20140612E-03)
   1.00000000       0.00000000       0.00000000     (  0.00000000    ,  0.00000000    ) ( -1.88499689E-02,  5.55068254E-03) (  2.48104334E-02,  2.04145908E-02)
   1.00000000       0.00000000       1.00000000     (  2.60770321E-03, -3.83704901E-03) ( -2.54809856E-02,  1.53481960E-02) ( -2.60770321E-03,  3.83704901E-03)
   1.00000000       0.00000000       2.00000000     (  1.06170774E-03,  2.84053385E-03) (  6.27711415E-03,  4.45172191E-03) ( -5.30853868E-04, -1.42026693E-03)
   1.00000000       1.00000000       0.00000000     (  5.30853868E-03,  1.90455467E-03) ( -5.30853868E-03, -1.90455467E-03) ( -7.32019544E-03,  3.59490514E-03)
   1.00000000       1.00000000       1.00000000     ( -3.84636223E-03,  5.26197255E-04) (  2.74740160E-03, -3.32947820E-04) (  1.09896064E-03, -1.93249434E-04)
   1.00000000       1.00000000       2.00000000     ( -2.10944563E-03, -2.84984708E-03) ( -5.49480319E-03, -3.03611159E-03) (  3.79979610E-03,  2.94297934E-03)
   1.00000000       2.00000000       0.00000000     ( -2.10013241E-03,  6.18398190E-03) (  1.05006620E-03, -3.09199095E-03) ( -1.21537596E-03,  9.35047865E-03)
   1.00000000       2.00000000       1.00000000     (  7.26431608E-03,  2.82190740E-03) ( -3.10130417E-03, -2.69152224E-03) ( -1.05472282E-03,  2.56113708E-03)
   1.00000000      -2.00000000       0.00000000     ( -2.85217538E-05, -2.89641321E-03) ( -1.42608769E-05, -1.44820660E-03) ( -1.63447112E-03,  1.92783773E-03)
   1.00000000      -2.00000000       1.00000000     ( -2.20723450E-03,  6.91507012E-04) ( -2.33761966E-03,  1.48080289E-03) ( -2.46800482E-03,  2.26311386E-03)
   1.00000000      -1.00000000       0.00000000     ( -5.97909093E-03, -5.56930900E-03) ( -5.97909093E-03, -5.56930900E-03) ( -4.45172191E-03,  4.69386578E-03)
   1.00000000      -1.00000000       1.00000000     (  6.59376383E-03,  8.77305865E-03) (  6.44940883E-04,  7.45058060E-03) ( -5.94183803E-03, -1.32247806E-03)
   1.00000000      -1.00000000       2.00000000     (  4.46103513E-03,  6.50063157E-03) (  7.35744834E-03,  3.21306288E-03) (  1.45286322E-03, -1.63912773E-03)
   2.00000000       0.00000000       0.00000000     (  0.00000000    ,  0.00000000    ) (  1.13993883E-02, -6.03497028E-03) ( -4.78699803E-03,  3.70666385E-03)
   2.00000000       0.00000000       1.00000000     ( -4.34927642E-03, -1.60653144E-03) (  3.13855708E-03,  1.12503767E-02) (  8.69855285E-03,  3.21306288E-03)
   2.00000000       1.00000000       0.00000000     ( -2.44937837E-03,  8.87084752E-04) (  4.89875674E-03, -1.77416950E-03) ( -8.68458301E-04, -8.60542059E-03)
   2.00000000       1.00000000       1.00000000     (  1.89058483E-03,  4.50760126E-03) ( -5.01051545E-03, -7.71135092E-03) (  1.22468919E-03, -1.30385160E-03)
   2.00000000      -1.00000000       0.00000000     (  1.75088644E-03,  1.40280463E-04) (  3.50177288E-03,  2.80560926E-04) (  2.57277861E-04,  1.74157321E-03)
   2.00000000      -1.00000000       1.00000000     ( -3.79048288E-03,  7.28759915E-04) ( -3.09199095E-03, -2.11875886E-03) (  4.48897481E-03, -3.57627869E-03)
