    0.000000        0.000000       -2.000000      (8.1397593E-03,1.9604340E-03)
   (5.8487058E-03,-3.9301813E-03)  (0.000000,0.000000)
    0.000000        0.000000       -1.000000      
 (2.2277236E-02,-1.2144446E-02)  (-6.5378845E-03,1.8253922E-02)  
 (0.000000,0.000000)
    0.000000        1.000000       -2.000000      
 (-1.2554228E-02,-3.0733645E-03)  (-1.6158447E-03,-3.8091093E-03)  
 (-8.0792233E-04,-1.9045547E-03)
    0.000000        1.000000       -1.000000      (6.6496432E-03,8.0466270E-03)
   (-2.4773180E-03,3.9860606E-03)  (-2.4773180E-03,3.9860606E-03)
    0.000000        2.000000       -1.000000      
 (-1.3001263E-02,1.0747463E-02)  (-4.1536987E-03,-1.1059456E-03)  
 (-8.3073974E-03,-2.2118911E-03)
    0.000000       -2.000000       -1.000000      (1.1418015E-02,3.2689422E-03)
   (-8.1199687E-05,2.3422763E-03)  (1.6239937E-04,-4.6845526E-03)
    0.000000       -1.000000       -2.000000      
 (-8.3260238E-03,2.5238842E-03)  (-7.0966780E-03,4.4354238E-04)  
 (3.5483390E-03,-2.2177119E-04)
    0.000000       -1.000000       -1.000000      
 (4.0978193E-03,-6.9616362E-04)  (6.9290400E-03,5.3644180E-03)  
 (-6.9290400E-03,-5.3644180E-03)
    1.000000        0.000000       -2.000000      (8.1025064E-03,3.6135316E-03)
   (-2.4354085E-03,6.7055225E-03)  (4.0512532E-03,1.8067658E-03)
    1.000000        0.000000       -1.000000      
 (4.0978193E-03,-3.2596290E-04)  (8.8289380E-03,-3.0640513E-03)  
 (4.0978193E-03,-3.2596290E-04)
    1.000000        1.000000       -2.000000      
 (-2.9895455E-03,-1.9138679E-03)  (-3.3120159E-04,-1.3671815E-02)  
 (-1.6624108E-03,-7.8044832E-03)
    1.000000        1.000000       -1.000000      
 (-8.4564090E-03,-3.7532300E-03)  (2.8358772E-03,-9.1502443E-04)  
 (-5.6158751E-03,-4.6659261E-03)
    1.000000        2.000000       -1.000000      
 (-9.9651515E-03,-2.4819747E-03)  (1.9557774E-03,2.7474016E-03)  
 (-6.0722232E-03,3.0174851E-03)
    1.000000       -2.000000       -1.000000      
 (-8.2654878E-04,-6.2771142E-03)  (-1.5040860E-03,-3.0919909E-03)  
 (2.1792948E-03,-1.0157237E-04)
    1.000000       -1.000000       -2.000000      (4.9546361E-03,1.8952414E-03)
   (-3.9953738E-03,2.5192276E-03)  (4.4796616E-03,-3.1082891E-04)
    1.000000       -1.000000       -1.000000      
 (-9.7416341E-03,3.3434480E-03)  (-7.9534948E-03,7.7532604E-04)  
 (-1.7974526E-03,2.5704503E-03)
    2.000000        0.000000       -1.000000      (4.2724423E-04,4.7311187E-03)
   (2.8405339E-03,7.5250864E-03)  (8.5448846E-04,9.4622374E-03)
    2.000000        1.000000       -1.000000      
 (-1.5774276E-04,-6.8102963E-04)  (4.3306500E-03,-6.5751374E-03)  
 (4.0140003E-03,-7.9348683E-03)
    2.000000       -1.000000       -1.000000      
 (-1.9092113E-03,1.3620593E-03)  (5.2037649E-04,5.6438148E-03)  
 (-4.3399632E-03,-2.9243529E-03)
