    0.000000        0.000000       -2.000000      (2.2631139E-03,2.0139851E-04)
   (2.9522926E-03,-2.6263297E-03)  (0.000000,0.000000)
    0.000000        0.000000       -1.000000      
 (2.2724271E-02,-1.2628734E-02)  (-1.4752150E-02,1.8179417E-02)  
 (0.000000,0.000000)
    0.000000        1.000000       -2.000000      
 (-6.9290400E-03,1.0011718E-03)  (-2.2165477E-03,2.7753413E-03)  
 (-1.1082739E-03,1.3876706E-03)
    0.000000        1.000000       -1.000000      (9.9092722E-03,3.9674342E-03)
   (-8.4983185E-04,6.2584877E-03)  (-8.4983185E-04,6.2584877E-03)
    0.000000        2.000000       -1.000000      
 (-5.0663948E-03,5.9232116E-03)  (-9.8720193E-04,2.3515895E-04)  
 (-1.9744039E-03,4.7031790E-04)
    0.000000       -2.000000       -1.000000      (1.9557774E-03,1.6391277E-03)
   (-8.8475645E-04,3.9115548E-04)  (1.7695129E-03,-7.8231096E-04)
    0.000000       -1.000000       -2.000000      
 (-4.5821071E-03,8.6147338E-04)  (-5.9837475E-04,2.1699816E-03)  
 (2.9918738E-04,-1.0849908E-03)
    0.000000       -1.000000       -1.000000      
 (6.5937638E-03,-8.9406967E-03)  (4.8615038E-03,4.2840838E-03)  
 (-4.8615038E-03,-4.2840838E-03)
    1.000000        0.000000       -2.000000      (4.0791929E-03,8.8475645E-04)
   (-3.4458935E-03,9.6391886E-04)  (2.0395964E-03,4.4237822E-04)
    1.000000        0.000000       -1.000000      
 (3.2503158E-03,-1.7276034E-03)  (4.5076013E-03,-8.0466270E-03)  
 (3.2503158E-03,-1.7276034E-03)
    1.000000        1.000000       -2.000000      
 (-2.4400651E-03,2.0302832E-03)  (-2.2258610E-03,-6.2212348E-03)  
 (-2.3376197E-03,-2.0954758E-03)
    1.000000        1.000000       -1.000000      
 (-4.5262277E-03,2.1234155E-03)  (2.1792948E-03,-1.1920929E-03)  
 (-2.3469329E-03,9.3132257E-04)
    1.000000        2.000000       -1.000000      
 (-3.1106174E-03,1.4295802E-03)  (1.0768417E-04,1.4901161E-03)  
 (-2.9057264E-03,4.4144690E-03)
    1.000000       -2.000000       -1.000000      
 (1.0896474E-03,-4.9825758E-04)  (-2.4592737E-05,-6.0768798E-04)  
 (1.1362135E-03,7.1479008E-04)
    1.000000       -1.000000       -2.000000      
 (1.8160790E-03,-1.0058284E-03)  (-3.3155084E-03,8.9872628E-04)  
 (2.5611371E-03,-9.5460564E-04)
    1.000000       -1.000000       -1.000000      
 (-5.1036477E-03,3.6694109E-03)  (-1.7601997E-03,-1.4260877E-04)  
 (-3.3527613E-03,3.8184226E-03)
    2.000000        0.000000       -1.000000      (2.0675361E-03,1.0430813E-03)
   (7.3388219E-03,3.6135316E-03)  (4.1350722E-03,2.0861626E-03)
    2.000000        1.000000       -1.000000      
 (-1.0989606E-03,-1.7136335E-03)  (7.4971467E-04,7.4505806E-04)  
 (-1.4435500E-03,-2.6915222E-03)
    2.000000       -1.000000       -1.000000      
 (-9.3597919E-04,1.1734664E-03)  (-6.5658242E-04,2.5797635E-03)  
 (-1.2200326E-03,-2.3515895E-04)
