   0.00000000       0.00000000       1.00000000     (  3.39001417E-03, -1.15483999E-02) (  2.88337469E-02, -4.61004674E-04) (  0.00000000    ,  0.00000000    )
   0.00000000       0.00000000       2.00000000     (  3.42726707E-03, -6.10016286E-04) ( -4.32133675E-03, -2.34693289E-03) (  0.00000000    ,  0.00000000    )
   0.00000000       1.00000000       0.00000000     (  3.83704901E-03, -3.51108611E-03) (  0.00000000    ,  0.00000000    ) (  1.52736902E-02, -1.28988177E-03)
   0.00000000       1.00000000       1.00000000     (  1.27591193E-03,  1.03842467E-03) (  3.98606062E-03, -1.20606273E-03) ( -3.98606062E-03,  1.20606273E-03)
   0.00000000       1.00000000       2.00000000     (  2.23517418E-03, -2.42143869E-03) ( -3.81842256E-04,  1.28522515E-03) (  1.90921128E-04, -6.42612576E-04)
   0.00000000       2.00000000       0.00000000     (  1.62050128E-03,  1.91852450E-03) (  0.00000000    ,  0.00000000    ) ( -9.08039510E-05,  1.25728548E-03)
   0.00000000       2.00000000       1.00000000     ( -2.35158950E-04, -2.19792128E-03) ( -2.07219273E-04,  5.26197255E-04) (  4.14438546E-04, -1.05239451E-03)
   0.00000000      -2.00000000       0.00000000     (  1.62050128E-03, -1.91852450E-03) (  0.00000000    ,  0.00000000    ) ( -9.08039510E-05, -1.25728548E-03)
   0.00000000      -2.00000000       1.00000000     ( -1.05239451E-03,  1.30385160E-03) ( -8.47503543E-04, -3.70200723E-04) ( -1.69500709E-03, -7.40401447E-04)
   0.00000000      -1.00000000       0.00000000     (  3.83704901E-03,  3.51108611E-03) (  0.00000000    ,  0.00000000    ) (  1.52736902E-02,  1.28988177E-03)
   0.00000000      -1.00000000       1.00000000     ( -6.74277544E-03, -1.57207251E-02) ( -7.59959221E-03,  4.88013029E-03) ( -7.59959221E-03,  4.88013029E-03)
   0.00000000      -1.00000000       2.00000000     (  1.24564394E-04, -1.47148967E-03) (  1.44354999E-03,  3.05008143E-04) (  7.21774995E-04,  1.52504072E-04)
   1.00000000       0.00000000       0.00000000     (  0.00000000    ,  0.00000000    ) ( -2.75671482E-02,  1.31130219E-02) (  1.47521496E-02, -4.04193997E-03)
   1.00000000       0.00000000       1.00000000     ( -2.00234354E-03, -8.73114914E-04) ( -4.24683094E-03, -1.26659870E-02) (  2.00234354E-03,  8.73114914E-04)
   1.00000000       0.00000000       2.00000000     ( -2.08616257E-03, -1.33179128E-03) (  3.21306288E-04,  9.31322575E-04) (  1.04308128E-03,  6.65895641E-04)
   1.00000000       1.00000000       0.00000000     (  3.07336450E-03,  2.36555934E-03) ( -3.07336450E-03, -2.36555934E-03) (  3.66941094E-03,  1.06170774E-02)
   1.00000000       1.00000000       1.00000000     ( -9.02218744E-05,  2.46800482E-04) ( -1.17346644E-03,  1.35041773E-03) (  1.26659870E-03, -1.60187483E-03)
   1.00000000       1.00000000       2.00000000     ( -2.16066837E-03,  2.79396772E-04) (  1.43423676E-03,  1.51805580E-03) (  3.65544111E-04, -8.94069672E-04)
   1.00000000       2.00000000       0.00000000     (  1.23400241E-04,  1.86264515E-03) ( -6.17001206E-05, -9.31322575E-04) ( -1.38767064E-03,  3.86498868E-04)
   1.00000000       2.00000000       1.00000000     (  1.26659870E-03,  1.07102096E-03) ( -5.16884029E-04, -3.67872417E-04) ( -2.35158950E-04, -3.32947820E-04)
   1.00000000      -2.00000000       0.00000000     (  7.17118382E-04,  7.40401447E-04) (  3.58559191E-04,  3.70200723E-04) ( -1.24797225E-03, -2.74740160E-04)
   1.00000000      -2.00000000       1.00000000     ( -1.36904418E-03,  2.35158950E-04) ( -5.12227416E-04,  5.07570803E-04) (  3.51574272E-04,  7.77654350E-04)
   1.00000000      -1.00000000       0.00000000     (  2.83122063E-03, -9.96515155E-04) (  2.83122063E-03, -9.96515155E-04) ( -5.40167093E-03,  1.66147947E-02)
   1.00000000      -1.00000000       1.00000000     (  2.40281224E-03,  1.91852450E-03) ( -1.36205927E-04, -2.99885869E-03) ( -2.53319740E-03, -4.91738319E-03)
   1.00000000      -1.00000000       2.00000000     ( -2.42143869E-03, -6.05359674E-04) (  6.98491931E-04,  2.93366611E-04) (  1.56462193E-03,  4.47034836E-04)
   2.00000000       0.00000000       0.00000000     (  0.00000000    ,  0.00000000    ) ( -4.33064997E-04,  2.45869160E-03) ( -9.03382897E-04, -1.04308128E-03)
   2.00000000       0.00000000       1.00000000     ( -3.58559191E-04,  3.14321369E-04) ( -1.43423676E-03, -6.70552254E-04) (  7.17118382E-04, -6.28642738E-04)
   2.00000000       1.00000000       0.00000000     ( -1.71130523E-04, -2.77068466E-04) (  3.42261046E-04,  5.54136932E-04) (  4.37721610E-04,  7.59027898E-04)
   2.00000000       1.00000000       1.00000000     ( -2.11875886E-04,  3.60887498E-05) ( -7.91624188E-04,  7.26431608E-04) (  1.22003257E-03, -8.00937414E-04)
   2.00000000      -1.00000000       0.00000000     ( -1.21071935E-03, -8.66129994E-04) ( -2.42143869E-03, -1.73225999E-03) (  1.08033419E-03,  1.86264515E-03)
   2.00000000      -1.00000000       1.00000000     (  4.33064997E-04, -1.48080289E-03) ( -6.00703061E-04, -1.37370080E-04) ( -1.46217644E-03,  2.83122063E-03)
