   0.00000000       0.00000000       1.00000000     (  2.05636024E-02,  1.77882612E-03) (  3.36021185E-02, -2.46614218E-02) (  0.00000000    ,  0.00000000    )
   0.00000000       0.00000000       2.00000000     (  3.35276127E-04, -1.08033419E-03) ( -8.38190317E-04, -1.76951289E-04) (  0.00000000    ,  0.00000000    )
   0.00000000       1.00000000       0.00000000     ( -1.52736902E-02, -1.08033419E-03) (  0.00000000    ,  0.00000000    ) (  5.60656190E-03,  1.54227018E-02)
   0.00000000       1.00000000       1.00000000     (  7.82310963E-03,  9.55536962E-03) ( -2.74740160E-03, -4.82425094E-03) (  2.74740160E-03,  4.82425094E-03)
   0.00000000       1.00000000       2.00000000     ( -5.58793545E-04, -2.70083547E-04) ( -4.28408384E-04,  1.58324838E-04) (  2.14204192E-04, -7.91624188E-05)
   0.00000000       2.00000000       0.00000000     (  3.35276127E-04,  1.09896064E-03) (  0.00000000    ,  0.00000000    ) ( -1.22934580E-03,  1.09896064E-03)
   0.00000000       2.00000000       1.00000000     (  6.89178705E-04, -2.18860805E-04) ( -3.25962901E-04,  1.58324838E-04) (  6.51925802E-04, -3.16649675E-04)
   0.00000000      -2.00000000       0.00000000     (  3.35276127E-04, -1.09896064E-03) (  0.00000000    ,  0.00000000    ) ( -1.22934580E-03, -1.09896064E-03)
   0.00000000      -2.00000000       1.00000000     ( -1.02445483E-03, -1.00044417E-06) ( -2.56113708E-05, -1.53668225E-04) ( -5.12227416E-05, -3.07336450E-04)
   0.00000000      -1.00000000       0.00000000     ( -1.52736902E-02,  1.08033419E-03) (  0.00000000    ,  0.00000000    ) (  5.60656190E-03, -1.54227018E-02)
   0.00000000      -1.00000000       1.00000000     ( -1.65309757E-04, -3.04728746E-02) ( -4.43309546E-03,  3.07336450E-03) ( -4.43309546E-03,  3.07336450E-03)
   0.00000000      -1.00000000       2.00000000     (  3.16649675E-04, -9.09494702E-07) ( -3.44589353E-04, -3.16649675E-04) ( -1.72294676E-04, -1.58324838E-04)
   1.00000000       0.00000000       0.00000000     (  0.00000000    ,  0.00000000    ) ( -1.60187483E-02,  1.68383121E-02) (  2.80886889E-02,  1.58697367E-02)
   1.00000000       0.00000000       1.00000000     ( -3.88827175E-04, -2.73808837E-03) ( -2.86847353E-02, -4.80562449E-03) (  3.88827175E-04,  2.73808837E-03)
   1.00000000       0.00000000       2.00000000     ( -2.46800482E-04,  6.51925802E-04) (  4.56348062E-04,  5.40167093E-04) (  1.23400241E-04, -3.25962901E-04)
   1.00000000       1.00000000       0.00000000     (  1.41561031E-03,  2.24914402E-03) ( -1.41561031E-03, -2.24914402E-03) ( -1.03935599E-02,  1.21816993E-02)
   1.00000000       1.00000000       1.00000000     (  5.12227416E-04, -3.91155481E-04) ( -1.02445483E-03, -5.47152013E-05) (  5.21540642E-04,  4.47034836E-04)
   1.00000000       1.00000000       2.00000000     ( -6.70552254E-04, -1.16415322E-04) (  1.14087015E-04,  3.07336450E-04) (  2.79396772E-04, -9.54605639E-05)
   1.00000000       2.00000000       0.00000000     (  3.16649675E-04,  2.21189111E-05) ( -1.58324838E-04, -1.10594556E-05) (  5.21540642E-04,  5.12227416E-04)
   1.00000000       2.00000000       1.00000000     (  7.07805157E-04,  4.56348062E-04) ( -5.21540642E-04, -1.30385160E-04) (  3.35276127E-04, -1.90921128E-04)
   1.00000000      -2.00000000       0.00000000     ( -5.12227416E-04, -3.16649675E-04) ( -2.56113708E-04, -1.58324838E-04) ( -4.74974513E-04, -7.07805157E-04)
   1.00000000      -2.00000000       1.00000000     ( -3.16649675E-04,  1.86264515E-04) ( -1.25728548E-04,  1.62981451E-04) (  6.63567334E-05,  1.37370080E-04)
   1.00000000      -1.00000000       0.00000000     ( -9.24337655E-04, -1.01700425E-02) ( -9.24337655E-04, -1.01700425E-02) ( -1.21444464E-02,  2.40653753E-02)
   1.00000000      -1.00000000       1.00000000     (  9.31322575E-04,  2.65426934E-04) ( -2.98023224E-04, -1.34110451E-03) ( -1.22934580E-03, -1.60187483E-03)
   1.00000000      -1.00000000       2.00000000     ( -1.06170774E-03,  1.00582838E-03) ( -4.00468707E-04,  4.56348062E-04) (  3.25962901E-04, -2.74740160E-04)
   2.00000000       0.00000000       0.00000000     (  0.00000000    ,  0.00000000    ) (  7.63684511E-04,  1.30385160E-03) ( -3.63215804E-04,  9.49949026E-04)
   2.00000000       0.00000000       1.00000000     (  2.51457095E-04, -4.47034836E-04) (  3.25962901E-04,  6.89178705E-04) ( -5.02914190E-04,  8.94069672E-04)
   2.00000000       1.00000000       0.00000000     ( -5.23868948E-05,  4.84287739E-04) (  1.04773790E-04, -9.68575478E-04) ( -6.14672899E-04,  9.87201929E-04)
   2.00000000       1.00000000       1.00000000     (  2.37487257E-04,  1.58324838E-04) (  7.10133463E-05, -1.00582838E-03) ( -5.49480319E-04,  6.89178705E-04)
   2.00000000      -1.00000000       0.00000000     ( -2.42143869E-04,  3.16649675E-04) ( -4.84287739E-04,  6.33299351E-04) ( -3.72529030E-04,  9.08039510E-05)
   2.00000000      -1.00000000       1.00000000     ( -3.91155481E-04,  8.38190317E-05) ( -1.09896064E-03,  3.95812094E-05) ( -3.07336450E-04, -1.25728548E-04)
