   0.00000000       0.00000000       1.00000000     (  2.78651714E-02,  9.10833478E-03) (  2.30967999E-02, -3.43471766E-02) (  0.00000000    ,  0.00000000    )
   0.00000000       0.00000000       2.00000000     (  3.49245965E-04, -1.47148967E-03) ( -1.15483999E-03, -3.91155481E-04) (  0.00000000    ,  0.00000000    )
   0.00000000       1.00000000       0.00000000     ( -1.73598528E-02,  2.57510692E-03) (  0.00000000    ,  0.00000000    ) (  3.37138772E-03,  1.06170774E-02)
   0.00000000       1.00000000       1.00000000     (  7.91624188E-03,  4.56348062E-04) ( -1.51630957E-04, -1.09337270E-02) (  1.51630957E-04,  1.09337270E-02)
   0.00000000       1.00000000       2.00000000     ( -1.47148967E-03,  4.56348062E-04) ( -3.21306288E-04,  1.88592821E-04) (  1.60653144E-04, -9.42964107E-05)
   0.00000000       2.00000000       0.00000000     ( -6.33299351E-04,  2.37487257E-04) (  0.00000000    ,  0.00000000    ) ( -9.12696123E-04,  1.04308128E-03)
   0.00000000       2.00000000       1.00000000     (  5.77419996E-04,  1.02445483E-03) ( -4.74974513E-04, -7.21774995E-05) (  9.49949026E-04,  1.44354999E-04)
   0.00000000      -2.00000000       0.00000000     ( -6.33299351E-04, -2.37487257E-04) (  0.00000000    ,  0.00000000    ) ( -9.12696123E-04, -1.04308128E-03)
   0.00000000      -2.00000000       1.00000000     ( -2.53319740E-03,  5.02914190E-04) ( -5.30853868E-04,  3.81842256E-04) ( -1.06170774E-03,  7.63684511E-04)
   0.00000000      -1.00000000       0.00000000     ( -1.73598528E-02, -2.57510692E-03) (  0.00000000    ,  0.00000000    ) (  3.37138772E-03, -1.06170774E-02)
   0.00000000      -1.00000000       1.00000000     (  1.25914812E-02, -2.48104334E-02) (  6.40284270E-04,  1.01514161E-03) (  6.40284270E-04,  1.01514161E-03)
   0.00000000      -1.00000000       2.00000000     ( -1.74622983E-04, -4.00468707E-04) (  3.02679837E-04, -7.17118382E-04) (  1.51339918E-04, -3.58559191E-04)
   1.00000000       0.00000000       0.00000000     (  0.00000000    ,  0.00000000    ) ( -1.31875277E-02,  1.19954348E-02) (  3.46451998E-02,  2.80141830E-02)
   1.00000000       0.00000000       1.00000000     (  5.01051545E-03, -3.11061740E-03) ( -3.62098217E-02,  1.00769103E-02) ( -5.01051545E-03,  3.11061740E-03)
   1.00000000       0.00000000       2.00000000     (  3.91155481E-04,  7.72997737E-04) (  1.71363354E-03,  9.49949026E-04) ( -1.95577741E-04, -3.86498868E-04)
   1.00000000       1.00000000       0.00000000     (  6.35161996E-03,  7.15255737E-03) ( -6.35161996E-03, -7.15255737E-03) ( -1.02631748E-02,  1.05984509E-02)
   1.00000000       1.00000000       1.00000000     (  8.38190317E-05, -8.94069672E-04) ( -5.30853868E-04,  1.23400241E-04) (  4.47034836E-04,  7.82310963E-04)
   1.00000000       1.00000000       2.00000000     ( -1.83936208E-04, -2.09547579E-04) ( -4.65661287E-04,  1.46683306E-04) (  3.25962901E-04,  3.20142135E-05)
   1.00000000       2.00000000       0.00000000     ( -6.33299351E-04,  1.11758709E-03) (  3.16649675E-04, -5.58793545E-04) (  5.68106771E-04, -4.28408384E-04)
   1.00000000       2.00000000       1.00000000     (  1.35973096E-03, -2.85217538E-05) ( -1.19209290E-03, -3.21306288E-04) (  1.04308128E-03,  6.70552254E-04)
   1.00000000      -2.00000000       0.00000000     ( -7.21774995E-05, -8.38190317E-04) ( -3.60887498E-05, -4.19095159E-04) ( -7.63684511E-04, -7.10133463E-05)
   1.00000000      -2.00000000       1.00000000     ( -1.65309757E-04,  1.19209290E-03) ( -2.32830644E-04,  9.68575478E-04) ( -2.98023224E-04,  7.72997737E-04)
   1.00000000      -1.00000000       0.00000000     ( -3.41795385E-03, -1.66147947E-02) ( -3.41795385E-03, -1.66147947E-02) ( -1.17719173E-02,  1.36345625E-02)
   1.00000000      -1.00000000       1.00000000     (  5.49480319E-04,  2.42143869E-04) ( -7.82310963E-04, -1.15483999E-03) ( -1.34110451E-03, -1.39698386E-03)
   1.00000000      -1.00000000       2.00000000     ( -2.51457095E-04,  8.19563866E-04) (  6.91215973E-07,  3.91155481E-04) (  1.25728548E-04, -2.14204192E-04)
   2.00000000       0.00000000       0.00000000     (  0.00000000    ,  0.00000000    ) (  1.43423676E-03,  4.84287739E-04) ( -8.75443220E-04,  2.32830644E-04)
   2.00000000       0.00000000       1.00000000     (  2.74740160E-04, -5.96046448E-04) (  1.58324838E-04,  7.82310963E-04) ( -5.49480319E-04,  1.19209290E-03)
   2.00000000       1.00000000       0.00000000     ( -6.14672899E-04,  1.44354999E-04) (  1.22934580E-03, -2.88709998E-04) (  5.31144906E-06, -9.12696123E-04)
   2.00000000       1.00000000       1.00000000     ( -1.79279596E-04,  2.51457095E-04) (  5.68106771E-04, -1.11758709E-03) ( -2.14204192E-04,  6.14672899E-04)
   2.00000000      -1.00000000       0.00000000     ( -7.33416528E-05,  6.05359674E-04) ( -1.46683306E-04,  1.21071935E-03) ( -1.07102096E-04,  6.61239028E-04)
   2.00000000      -1.00000000       1.00000000     ( -8.19563866E-04,  2.61934474E-05) ( -9.68575478E-04,  3.66708264E-05) (  6.51925802E-04, -1.65891834E-05)
