   0.00000000       0.00000000      -2.00000000     (  4.65661287E-04,  5.58793545E-04) ( -5.58793545E-04, -7.45058060E-05) (  0.00000000    ,  0.00000000    )
   0.00000000       0.00000000      -1.00000000     (  1.62795186E-02,  4.03262675E-03) (  3.87430191E-02,  1.76578760E-02) (  0.00000000    ,  0.00000000    )
   0.00000000       1.00000000      -2.00000000     (  3.72529030E-04,  1.62981451E-05) ( -4.65661287E-06,  2.04890966E-04) ( -2.32830644E-06,  1.02445483E-04)
   0.00000000       1.00000000      -1.00000000     ( -4.27477062E-03,  3.05473804E-02) ( -7.56233931E-03, -2.18395144E-03) ( -7.56233931E-03, -2.18395144E-03)
   0.00000000       2.00000000      -1.00000000     ( -2.04890966E-04,  1.07102096E-04) ( -2.03726813E-05,  2.51457095E-04) ( -4.07453626E-05,  5.02914190E-04)
   0.00000000      -2.00000000      -1.00000000     (  6.70552254E-04,  1.86264515E-04) ( -1.95577741E-04,  3.02679837E-05) (  3.91155481E-04, -6.05359674E-05)
   0.00000000      -1.00000000      -2.00000000     ( -1.07102096E-04,  2.51457095E-04) ( -2.04890966E-04, -1.02445483E-04) (  1.02445483E-04,  5.12227416E-05)
   0.00000000      -1.00000000      -1.00000000     (  8.79168510E-03, -1.05053186E-02) ( -1.28056854E-03,  2.11410224E-03) (  1.28056854E-03, -2.11410224E-03)
   1.00000000       0.00000000      -2.00000000     ( -2.98023224E-04, -1.25728548E-04) ( -1.25728548E-04,  4.47034836E-04) ( -1.49011612E-04, -6.28642738E-05)
   1.00000000       0.00000000      -1.00000000     (  9.55536962E-03, -5.36441803E-03) ( -9.98377800E-03,  5.58793545E-03) (  9.55536962E-03, -5.36441803E-03)
   1.00000000       1.00000000      -2.00000000     ( -1.35041773E-04,  1.74622983E-05) (  1.58324838E-04, -5.02914190E-04) (  1.10594556E-05, -2.42143869E-04)
   1.00000000       1.00000000      -1.00000000     ( -6.89178705E-04,  7.07805157E-04) (  5.21540642E-04, -1.76951289E-04) ( -1.58324838E-04,  5.40167093E-04)
   1.00000000       2.00000000      -1.00000000     (  1.07102096E-04, -3.44589353E-04) ( -1.11758709E-04,  6.51925802E-05) ( -1.16415322E-04, -2.14204192E-04)
   1.00000000      -2.00000000      -1.00000000     (  3.07336450E-04,  7.91624188E-05) (  2.70083547E-04,  1.25728548E-04) ( -2.32830644E-04, -1.72294676E-04)
   1.00000000      -1.00000000      -2.00000000     (  2.23517418E-04, -2.88709998E-04) (  1.72294676E-04, -1.53668225E-04) (  2.67755240E-05, -6.51925802E-05)
   1.00000000      -1.00000000      -1.00000000     (  1.92085281E-05,  4.47034836E-04) ( -2.79396772E-04,  3.16649675E-04) (  2.98023224E-04,  1.25728548E-04)
   2.00000000       0.00000000      -1.00000000     ( -1.81607902E-04, -7.91624188E-05) (  2.79396772E-04, -2.70083547E-04) ( -3.63215804E-04, -1.58324838E-04)
   2.00000000       1.00000000      -1.00000000     (  1.95577741E-04,  9.08039510E-05) ( -2.42143869E-04,  3.53902578E-04) (  1.58324838E-04,  5.40167093E-04)
   2.00000000      -1.00000000      -1.00000000     (  1.39698386E-04,  5.12227416E-05) (  2.32830644E-04, -1.86264515E-04) (  4.88944352E-05,  2.88709998E-04)
