   0.00000000       0.00000000      -2.00000000     (  5.30853868E-03,  5.12227416E-03) ( -2.10478902E-03, -1.02911144E-03) (  0.00000000    ,  0.00000000    )
   0.00000000       0.00000000      -1.00000000     (  2.42888927E-02, -1.10641122E-02) (  6.92903996E-03,  2.76416540E-02) (  0.00000000    ,  0.00000000    )
   0.00000000       1.00000000      -2.00000000     (  1.72294676E-04,  3.15718353E-03) (  6.72880560E-04,  8.96397978E-04) (  3.36440280E-04,  4.48198989E-04)
   0.00000000       1.00000000      -1.00000000     (  1.41933560E-02,  1.62050128E-02) ( -6.98491931E-04,  1.89524144E-03) ( -6.98491931E-04,  1.89524144E-03)
   0.00000000       2.00000000      -1.00000000     ( -9.94652510E-03, -1.84401870E-03) ( -1.52736902E-03, -1.49011612E-03) ( -3.05473804E-03, -2.98023224E-03)
   0.00000000      -2.00000000      -1.00000000     (  2.33761966E-03, -4.95463610E-03) ( -2.38418579E-03,  1.72294676E-03) (  4.76837158E-03, -3.44589353E-03)
   0.00000000      -1.00000000      -2.00000000     ( -6.61239028E-03, -6.89178705E-04) ( -3.87430191E-03, -1.78115442E-04) (  1.93715096E-03,  8.90577212E-05)
   0.00000000      -1.00000000      -1.00000000     (  3.74391675E-03,  5.19677997E-03) (  4.67523932E-03,  8.86619091E-03) ( -4.67523932E-03, -8.86619091E-03)
   1.00000000       0.00000000      -2.00000000     ( -6.05359674E-05,  5.10364771E-03) ( -4.43309546E-03,  7.45058060E-03) ( -3.02679837E-05,  2.55182385E-03)
   1.00000000       0.00000000      -1.00000000     (  3.57627869E-03,  3.14321369E-04) (  4.67523932E-03, -1.62050128E-03) (  3.57627869E-03,  3.14321369E-04)
   1.00000000       1.00000000      -2.00000000     ( -5.15952706E-03, -1.20606273E-03) (  5.84870577E-03, -4.86150384E-03) (  3.46917659E-04, -3.03611159E-03)
   1.00000000       1.00000000      -1.00000000     ( -7.46920705E-03, -3.19443643E-03) (  6.27711415E-03,  4.15602699E-04) ( -1.17812306E-03, -2.77534127E-03)
   1.00000000       2.00000000      -1.00000000     ( -2.75671482E-03,  1.07102096E-03) ( -1.23400241E-04,  1.89989805E-03) ( -3.00817192E-03,  4.88013029E-03)
   1.00000000      -2.00000000      -1.00000000     ( -3.06172296E-04, -1.62050128E-03) (  1.22003257E-03, -1.26659870E-03) ( -2.74740160E-03,  9.15024430E-04)
   1.00000000      -1.00000000      -2.00000000     ( -1.39232725E-03, -2.32830644E-03) (  6.19329512E-04, -2.09547579E-03) ( -1.00582838E-03, -1.13795977E-04)
   1.00000000      -1.00000000      -1.00000000     ( -2.21654773E-03,  3.95812094E-04) ( -4.89875674E-03,  7.17118382E-04) (  2.69152224E-03, -3.20142135E-04)
   2.00000000       0.00000000      -1.00000000     ( -2.00234354E-03, -5.47152013E-04) ( -8.00937414E-03,  2.04890966E-03) ( -4.00468707E-03, -1.09430403E-03)
   2.00000000       1.00000000      -1.00000000     (  1.54250301E-04,  1.37370080E-03) (  1.03842467E-03, -3.03611159E-03) (  1.35041773E-03, -2.81725079E-04)
   2.00000000      -1.00000000      -1.00000000     (  7.24103302E-04, -1.83936208E-03) (  1.79279596E-03, -4.43309546E-03) ( -3.44589353E-04,  7.56699592E-04)
