   0.00000000       0.00000000       1.00000000     ( -7.47386366E-04, -1.19209290E-02) (  2.15321779E-02,  6.53788447E-03) (  0.00000000    ,  0.00000000    )
   0.00000000       0.00000000       2.00000000     (  7.22706318E-03, -2.98023224E-03) ( -1.04308128E-02, -4.39584255E-03) (  0.00000000    ,  0.00000000    )
   0.00000000       1.00000000       0.00000000     (  7.09667802E-03,  9.98261385E-05) (  0.00000000    ,  0.00000000    ) (  1.48266554E-02, -6.53788447E-03)
   0.00000000       1.00000000       1.00000000     ( -7.22706318E-03, -3.49245965E-03) (  4.07919288E-03, -1.32247806E-03) ( -4.07919288E-03,  1.32247806E-03)
   0.00000000       1.00000000       2.00000000     (  4.54485416E-03, -3.09199095E-03) ( -3.44589353E-03,  1.68569386E-03) (  1.72294676E-03, -8.42846930E-04)
   0.00000000       2.00000000       0.00000000     ( -1.48080289E-03,  4.91738319E-03) (  0.00000000    ,  0.00000000    ) ( -2.92202458E-04, -4.28408384E-04)
   0.00000000       2.00000000       1.00000000     (  1.86264515E-04, -1.30850822E-03) ( -1.01979822E-03,  7.68341124E-04) (  2.03959644E-03, -1.53668225E-03)
   0.00000000      -2.00000000       0.00000000     ( -1.48080289E-03, -4.91738319E-03) (  0.00000000    ,  0.00000000    ) ( -2.92202458E-04,  4.28408384E-04)
   0.00000000      -2.00000000       1.00000000     (  1.91852450E-03, -3.65544111E-04) ( -8.10250640E-04,  6.60656951E-05) ( -1.62050128E-03,  1.32131390E-04)
   0.00000000      -1.00000000       0.00000000     (  7.09667802E-03, -9.98261385E-05) (  0.00000000    ,  0.00000000    ) (  1.48266554E-02,  6.53788447E-03)
   0.00000000      -1.00000000       1.00000000     ( -9.08970833E-03, -1.16229057E-02) ( -5.84870577E-03,  6.29574060E-03) ( -5.84870577E-03,  6.29574060E-03)
   0.00000000      -1.00000000       2.00000000     ( -1.65775418E-03, -2.21654773E-03) (  3.37604433E-05,  2.75671482E-03) (  1.68802217E-05,  1.37835741E-03)
   1.00000000       0.00000000       0.00000000     (  0.00000000    ,  0.00000000    ) ( -2.72691250E-02,  6.22123480E-03) (  1.78068876E-02, -5.15952706E-03)
   1.00000000       0.00000000       1.00000000     ( -1.62515789E-03, -2.43075192E-03) (  3.98606062E-03, -6.35161996E-03) (  1.62515789E-03,  2.43075192E-03)
   1.00000000       0.00000000       2.00000000     ( -3.37138772E-03, -1.36904418E-03) ( -1.14552677E-03,  3.33413482E-03) (  1.68569386E-03,  6.84522092E-04)
   1.00000000       1.00000000       0.00000000     (  3.91155481E-04, -9.37143341E-05) ( -3.91155481E-04,  9.37143341E-05) (  7.20843673E-03,  1.49384141E-02)
   1.00000000       1.00000000       1.00000000     ( -4.47034836E-03, -8.14907253E-04) (  2.29105353E-03,  3.18512321E-03) (  2.18860805E-03, -2.37487257E-03)
   1.00000000       1.00000000       2.00000000     ( -1.75787136E-04,  1.09896064E-03) (  2.03959644E-03,  1.01514161E-03) ( -9.31322575E-04, -1.05705112E-03)
   1.00000000       2.00000000       0.00000000     ( -7.82310963E-04, -2.81725079E-04) (  3.91155481E-04,  1.40862539E-04) ( -4.26080078E-04, -1.67638063E-03)
   1.00000000       2.00000000       1.00000000     (  2.03028321E-03, -6.83940016E-05) ( -8.05594027E-04, -1.32131390E-04) ( -4.16766852E-04,  3.32947820E-04)
   1.00000000      -2.00000000       0.00000000     ( -1.56462193E-03, -1.89756975E-04) ( -7.82310963E-04, -9.48784873E-05) ( -9.82545316E-04,  2.68220901E-03)
   1.00000000      -2.00000000       1.00000000     ( -5.44241630E-05, -8.80099833E-04) (  9.96515155E-04, -5.58793545E-04) (  2.03959644E-03, -2.35158950E-04)
   1.00000000      -1.00000000       0.00000000     (  7.32019544E-03,  2.28174031E-03) (  7.32019544E-03,  2.28174031E-03) ( -2.66358256E-03,  1.21071935E-03)
   1.00000000      -1.00000000       1.00000000     ( -1.73225999E-03,  3.05473804E-03) ( -1.12690032E-03, -2.86847353E-03) (  6.03031367E-04, -5.92321157E-03)
   1.00000000      -1.00000000       2.00000000     ( -3.20374966E-03, -1.04308128E-03) (  1.86264515E-03,  1.89058483E-03) (  2.53319740E-03,  1.46217644E-03)
   2.00000000       0.00000000       0.00000000     (  0.00000000    ,  0.00000000    ) ( -2.40281224E-03,  2.55182385E-03) (  1.76019967E-03, -2.58907676E-03)
   2.00000000       0.00000000       1.00000000     ( -1.08033419E-03,  1.06636435E-03) ( -6.21657819E-04, -3.79979610E-03) (  2.16066837E-03, -2.13272870E-03)
   2.00000000       1.00000000       0.00000000     ( -1.19209290E-03, -1.25262886E-03) (  2.38418579E-03,  2.50525773E-03) ( -3.98140401E-04,  3.63215804E-03)
   2.00000000       1.00000000       1.00000000     ( -8.24220479E-04,  3.88827175E-04) (  3.91155481E-04,  8.98726285E-04) (  1.25262886E-03, -1.67638063E-03)
   2.00000000      -1.00000000       0.00000000     ( -1.93715096E-03, -9.54605639E-04) ( -3.87430191E-03, -1.90921128E-03) (  5.96046448E-04,  4.15369868E-03)
   2.00000000      -1.00000000       1.00000000     (  2.11410224E-03,  1.86264515E-04) ( -7.68341124E-04,  9.26665962E-04) ( -4.99188900E-03,  5.54136932E-04)
