   0.00000000       0.00000000       1.00000000     (  2.26497650E-02,  2.92435288E-03) (  3.38256359E-02, -2.72691250E-02) (  0.00000000    ,  0.00000000    )
   0.00000000       0.00000000       2.00000000     ( -1.30385160E-04,  5.58793545E-04) (  4.28408384E-04,  1.35041773E-04) (  0.00000000    ,  0.00000000    )
   0.00000000       1.00000000       0.00000000     ( -1.71363354E-02, -8.40518624E-04) (  0.00000000    ,  0.00000000    ) (  5.23403287E-03,  1.61677599E-02)
   0.00000000       1.00000000       1.00000000     (  8.00937414E-03,  9.22009349E-03) ( -2.84984708E-03, -5.97909093E-03) (  2.84984708E-03,  5.97909093E-03)
   0.00000000       1.00000000       2.00000000     (  3.35276127E-04,  1.07102096E-04) (  2.23517418E-04, -1.07102096E-04) ( -1.11758709E-04,  5.35510480E-05)
   0.00000000       2.00000000       0.00000000     ( -1.58324838E-04, -5.40167093E-04) (  0.00000000    ,  0.00000000    ) (  5.96046448E-04, -5.96046448E-04)
   0.00000000       2.00000000       1.00000000     ( -3.16649675E-04,  4.65661287E-05) (  1.76951289E-04, -9.31322575E-05) ( -3.53902578E-04,  1.86264515E-04)
   0.00000000      -2.00000000       0.00000000     ( -1.58324838E-04,  5.40167093E-04) (  0.00000000    ,  0.00000000    ) (  5.96046448E-04,  5.96046448E-04)
   0.00000000      -2.00000000       1.00000000     (  5.96046448E-04, -3.37604433E-05) (  4.88944352E-05,  3.72529030E-05) (  9.77888703E-05,  7.45058060E-05)
   0.00000000      -1.00000000       0.00000000     ( -1.71363354E-02,  8.40518624E-04) (  0.00000000    ,  0.00000000    ) (  5.23403287E-03, -1.61677599E-02)
   0.00000000      -1.00000000       1.00000000     (  1.12690032E-03, -3.12924385E-02) ( -3.84636223E-03,  3.36207449E-03) ( -3.84636223E-03,  3.36207449E-03)
   0.00000000      -1.00000000       2.00000000     ( -1.16415322E-04,  1.68802217E-05) (  1.58324838E-04,  1.58324838E-04) (  7.91624188E-05,  7.91624188E-05)
   1.00000000       0.00000000       0.00000000     (  0.00000000    ,  0.00000000    ) ( -1.55344605E-02,  1.69500709E-02) (  3.05473804E-02,  1.84774399E-02)
   1.00000000       0.00000000       1.00000000     (  4.93600965E-04, -3.27825546E-03) ( -3.12924385E-02, -3.10130417E-03) ( -4.93600965E-04,  3.27825546E-03)
   1.00000000       0.00000000       2.00000000     (  6.75208867E-05, -3.53902578E-04) ( -2.70083547E-04, -2.88709998E-04) ( -3.37604433E-05,  1.76951289E-04)
   1.00000000       1.00000000       0.00000000     (  2.16998160E-03,  2.91503966E-03) ( -2.16998160E-03, -2.91503966E-03) ( -1.07660890E-02,  1.26287341E-02)
   1.00000000       1.00000000       1.00000000     ( -2.79396772E-04,  2.42143869E-04) (  5.02914190E-04,  2.09547579E-05) ( -2.32830644E-04, -2.60770321E-04)
   1.00000000       1.00000000       2.00000000     (  2.98023224E-04,  6.51925802E-05) ( -5.12227416E-05, -1.11758709E-04) ( -1.25728548E-04,  2.32830644E-05)
   1.00000000       2.00000000       0.00000000     ( -7.21774995E-05, -6.05359674E-05) (  3.60887498E-05,  3.02679837E-05) ( -3.35276127E-04, -1.86264515E-04)
   1.00000000       2.00000000       1.00000000     ( -4.28408384E-04, -2.14204192E-04) (  2.98023224E-04,  8.84756446E-05) ( -1.58324838E-04,  3.49245965E-05)
   1.00000000      -2.00000000       0.00000000     (  2.32830644E-04,  2.14204192E-04) (  1.16415322E-04,  1.07102096E-04) (  2.32830644E-04,  3.53902578E-04)
   1.00000000      -2.00000000       1.00000000     (  1.49011612E-04, -1.67638063E-04) (  6.28642738E-05, -1.35041773E-04) ( -2.44472176E-05, -1.02445483E-04)
   1.00000000      -1.00000000       0.00000000     ( -1.13155693E-03, -1.16229057E-02) ( -1.13155693E-03, -1.16229057E-02) ( -1.30385160E-02,  2.35438347E-02)
   1.00000000      -1.00000000       1.00000000     ( -4.47034836E-04, -1.21071935E-04) (  1.76951289E-04,  6.70552254E-04) (  6.33299351E-04,  8.19563866E-04)
   1.00000000      -1.00000000       2.00000000     (  5.40167093E-04, -5.21540642E-04) (  1.86264515E-04, -1.95577741E-04) ( -1.76951289E-04,  1.67638063E-04)
   2.00000000       0.00000000       0.00000000     (  0.00000000    ,  0.00000000    ) ( -4.28408384E-04, -6.33299351E-04) (  2.14204192E-04, -4.84287739E-04)
   2.00000000       0.00000000       1.00000000     ( -1.49011612E-04,  2.51457095E-04) ( -1.44354999E-04, -3.35276127E-04) (  2.98023224E-04, -5.02914190E-04)
   2.00000000       1.00000000       0.00000000     (  6.75208867E-05, -2.32830644E-04) ( -1.35041773E-04,  4.65661287E-04) (  2.70083547E-04, -4.28408384E-04)
   2.00000000       1.00000000       1.00000000     ( -9.31322575E-05, -7.91624188E-05) ( -1.02445483E-04,  5.58793545E-04) (  2.88709998E-04, -3.91155481E-04)
   2.00000000      -1.00000000       0.00000000     (  1.21071935E-04, -1.95577741E-04) (  2.42143869E-04, -3.91155481E-04) (  1.76951289E-04, -8.84756446E-05)
   2.00000000      -1.00000000       1.00000000     (  2.14204192E-04, -4.19095159E-05) (  5.58793545E-04, -4.19095159E-05) (  1.25728548E-04,  3.95812094E-05)
