   0.00000000       0.00000000       1.00000000     (  1.98930502E-02,  1.34576112E-03) (  3.35276127E-02, -2.37673521E-02) (  0.00000000    ,  0.00000000    )
   0.00000000       0.00000000       2.00000000     (  5.58793545E-04, -1.62050128E-03) ( -1.26659870E-03, -2.11875886E-04) (  0.00000000    ,  0.00000000    )
   0.00000000       1.00000000       0.00000000     ( -1.45658851E-02, -1.18743628E-03) (  0.00000000    ,  0.00000000    ) (  5.77419996E-03,  1.50874257E-02)
   0.00000000       1.00000000       1.00000000     (  7.76723027E-03,  9.64850187E-03) ( -2.69152224E-03, -4.42378223E-03) (  2.69152224E-03,  4.42378223E-03)
   0.00000000       1.00000000       2.00000000     ( -7.91624188E-04, -4.37721610E-04) ( -6.33299351E-04,  2.09547579E-04) (  3.16649675E-04, -1.04773790E-04)
   0.00000000       2.00000000       0.00000000     (  5.12227416E-04,  1.67638063E-03) (  0.00000000    ,  0.00000000    ) ( -1.89989805E-03,  1.58324838E-03)
   0.00000000       2.00000000       1.00000000     (  1.08033419E-03, -3.91155481E-04) ( -4.74974513E-04,  2.23517418E-04) (  9.49949026E-04, -4.47034836E-04)
   0.00000000      -2.00000000       0.00000000     (  5.12227416E-04, -1.67638063E-03) (  0.00000000    ,  0.00000000    ) ( -1.89989805E-03, -1.58324838E-03)
   0.00000000      -2.00000000       1.00000000     ( -1.45286322E-03, -3.84170562E-05) ( -2.51020538E-06, -2.74740160E-04) ( -5.02041075E-06, -5.49480319E-04)
   0.00000000      -1.00000000       0.00000000     ( -1.45658851E-02,  1.18743628E-03) (  0.00000000    ,  0.00000000    ) (  5.77419996E-03, -1.50874257E-02)
   0.00000000      -1.00000000       1.00000000     ( -5.98374754E-04, -3.01003456E-02) ( -4.65661287E-03,  2.94297934E-03) ( -4.65661287E-03,  2.94297934E-03)
   0.00000000      -1.00000000       2.00000000     (  5.30853868E-04,  7.56699592E-06) ( -5.30853868E-04, -4.84287739E-04) ( -2.65426934E-04, -2.42143869E-04)
   1.00000000       0.00000000       0.00000000     (  0.00000000    ,  0.00000000    ) ( -1.62422657E-02,  1.68383121E-02) (  2.71946192E-02,  1.49011612E-02)
   1.00000000       0.00000000       1.00000000     ( -7.12461770E-04, -2.51457095E-03) ( -2.77161598E-02, -5.42029738E-03) (  7.12461770E-04,  2.51457095E-03)
   1.00000000       0.00000000       2.00000000     ( -4.42378223E-04,  9.49949026E-04) (  6.51925802E-04,  8.00937414E-04) (  2.21189111E-04, -4.74974513E-04)
   1.00000000       1.00000000       0.00000000     (  1.16182491E-03,  2.06753612E-03) ( -1.16182491E-03, -2.06753612E-03) ( -1.02445483E-02,  1.20326877E-02)
   1.00000000       1.00000000       1.00000000     (  7.45058060E-04, -5.30853868E-04) ( -1.58324838E-03, -8.73114914E-05) (  8.28877091E-04,  6.23986125E-04)
   1.00000000       1.00000000       2.00000000     ( -1.08033419E-03, -1.60653144E-04) (  1.79279596E-04,  5.12227416E-04) (  4.47034836E-04, -1.74622983E-04)
   1.00000000       2.00000000       0.00000000     (  5.77419996E-04, -1.94995664E-05) ( -2.88709998E-04,  9.74978320E-06) (  6.89178705E-04,  8.47503543E-04)
   1.00000000       2.00000000       1.00000000     (  9.87201929E-04,  6.89178705E-04) ( -7.45058060E-04, -1.67638063E-04) (  5.12227416E-04, -3.53902578E-04)
   1.00000000      -2.00000000       0.00000000     ( -8.10250640E-04, -4.23751771E-04) ( -4.05125320E-04, -2.11875886E-04) ( -7.35744834E-04, -1.08033419E-03)
   1.00000000      -2.00000000       1.00000000     ( -4.93600965E-04,  2.02562660E-04) ( -1.90921128E-04,  1.83936208E-04) (  1.14087015E-04,  1.62981451E-04)
   1.00000000      -1.00000000       0.00000000     ( -8.52160156E-04, -9.64850187E-03) ( -8.52160156E-04, -9.64850187E-03) ( -1.18091702E-02,  2.43633986E-02)
   1.00000000      -1.00000000       1.00000000     (  1.45286322E-03,  4.23751771E-04) ( -4.28408384E-04, -1.97440386E-03) ( -1.89989805E-03, -2.42143869E-03)
   1.00000000      -1.00000000       2.00000000     ( -1.56462193E-03,  1.49011612E-03) ( -6.23986125E-04,  7.17118382E-04) (  4.74974513E-04, -3.81842256E-04)
   2.00000000       0.00000000       0.00000000     (  0.00000000    ,  0.00000000    ) (  1.11758709E-03,  1.97440386E-03) ( -5.21540642E-04,  1.41561031E-03)
   2.00000000       0.00000000       1.00000000     (  3.49245965E-04, -6.51925802E-04) (  5.02914190E-04,  1.04308128E-03) ( -6.98491931E-04,  1.30385160E-03)
   2.00000000       1.00000000       0.00000000     ( -3.08500603E-05,  7.45058060E-04) (  6.17001206E-05, -1.49011612E-03) ( -9.68575478E-04,  1.54599547E-03)
   2.00000000       1.00000000       1.00000000     (  3.86498868E-04,  2.37487257E-04) (  2.35741027E-05, -1.45286322E-03) ( -7.91624188E-04,  9.87201929E-04)
   2.00000000      -1.00000000       0.00000000     ( -3.58559191E-04,  4.47034836E-04) ( -7.17118382E-04,  8.94069672E-04) ( -5.68106771E-04,  9.19681042E-05)
   2.00000000      -1.00000000       1.00000000     ( -5.77419996E-04,  1.16415322E-04) ( -1.63912773E-03,  2.79396772E-05) ( -4.93600965E-04, -2.07219273E-04)
