   0.00000000       0.00000000       1.00000000     (  2.77161598E-02,  9.40635800E-03) (  2.16811895E-02, -3.41236591E-02) (  0.00000000    ,  0.00000000    )
   0.00000000       0.00000000       2.00000000     (  5.49480319E-04, -1.99303031E-03) ( -1.52736902E-03, -4.74974513E-04) (  0.00000000    ,  0.00000000    )
   0.00000000       1.00000000       0.00000000     ( -1.65775418E-02,  3.07336450E-03) (  0.00000000    ,  0.00000000    ) (  3.25031579E-03,  9.66712832E-03)
   0.00000000       1.00000000       1.00000000     (  7.69272447E-03, -4.17931005E-04) (  2.39233486E-04, -1.09523535E-02) ( -2.39233486E-04,  1.09523535E-02)
   0.00000000       1.00000000       2.00000000     ( -1.99303031E-03,  6.79865479E-04) ( -4.37721610E-04,  2.16532499E-04) (  2.18860805E-04, -1.08266249E-04)
   0.00000000       2.00000000       0.00000000     ( -9.96515155E-04,  1.76951289E-04) (  0.00000000    ,  0.00000000    ) ( -1.22934580E-03,  1.28522515E-03)
   0.00000000       2.00000000       1.00000000     (  7.82310963E-04,  1.47148967E-03) ( -6.33299351E-04, -1.44354999E-04) (  1.26659870E-03,  2.88709998E-04)
   0.00000000      -2.00000000       0.00000000     ( -9.96515155E-04, -1.76951289E-04) (  0.00000000    ,  0.00000000    ) ( -1.22934580E-03, -1.28522515E-03)
   0.00000000      -2.00000000       1.00000000     ( -3.50177288E-03,  7.35744834E-04) ( -7.26431608E-04,  5.26197255E-04) ( -1.45286322E-03,  1.05239451E-03)
   0.00000000      -1.00000000       0.00000000     ( -1.65775418E-02, -3.07336450E-03) (  0.00000000    ,  0.00000000    ) (  3.25031579E-03, -9.66712832E-03)
   0.00000000      -1.00000000       1.00000000     (  1.32992864E-02, -2.38418579E-02) (  8.14907253E-04,  6.89178705E-04) (  8.14907253E-04,  6.89178705E-04)
   0.00000000      -1.00000000       2.00000000     ( -1.79279596E-04, -5.68106771E-04) (  4.33064997E-04, -9.96515155E-04) (  2.16532499E-04, -4.98257577E-04)
   1.00000000       0.00000000       0.00000000     (  0.00000000    ,  0.00000000    ) ( -1.31875277E-02,  1.14366412E-02) (  3.41236591E-02,  2.79396772E-02)
   1.00000000       0.00000000       1.00000000     (  5.12227416E-03, -2.93366611E-03) ( -3.56137753E-02,  1.08405948E-02) ( -5.12227416E-03,  2.93366611E-03)
   1.00000000       0.00000000       2.00000000     (  5.49480319E-04,  1.05239451E-03) (  2.42143869E-03,  1.26659870E-03) ( -2.74740160E-04, -5.26197255E-04)
   1.00000000       1.00000000       0.00000000     (  6.40749931E-03,  7.09667802E-03) ( -6.40749931E-03, -7.09667802E-03) ( -1.01514161E-02,  1.02259219E-02)
   1.00000000       1.00000000       1.00000000     ( -1.61526259E-05, -1.19209290E-03) ( -5.96046448E-04,  1.76951289E-04) (  6.14672899E-04,  1.00582838E-03)
   1.00000000       1.00000000       2.00000000     ( -1.97906047E-04, -3.16649675E-04) ( -7.26431608E-04,  2.04890966E-04) (  4.61004674E-04,  5.47152013E-05)
   1.00000000       2.00000000       0.00000000     ( -8.28877091E-04,  1.60187483E-03) (  4.14438546E-04, -8.00937414E-04) (  6.70552254E-04, -5.12227416E-04)
   1.00000000       2.00000000       1.00000000     (  1.84401870E-03, -1.83354132E-05) ( -1.63912773E-03, -4.56348062E-04) (  1.43423676E-03,  9.31322575E-04)
   1.00000000      -2.00000000       0.00000000     ( -5.29689714E-05, -1.11758709E-03) ( -2.64844857E-05, -5.58793545E-04) ( -9.87201929E-04,  4.07453626E-05)
   1.00000000      -2.00000000       1.00000000     ( -2.02562660E-04,  1.58324838E-03) ( -3.25962901E-04,  1.34110451E-03) ( -4.51691449E-04,  1.08033419E-03)
   1.00000000      -1.00000000       0.00000000     ( -3.67872417E-03, -1.63912773E-02) ( -3.67872417E-03, -1.63912773E-02) ( -1.12131238E-02,  1.28149986E-02)
   1.00000000      -1.00000000       1.00000000     (  6.98491931E-04,  3.77185643E-04) ( -1.08033419E-03, -1.41561031E-03) ( -1.76951289E-03, -1.78813934E-03)
   1.00000000      -1.00000000       2.00000000     ( -1.90921128E-04,  1.05239451E-03) (  9.77888703E-05,  5.77419996E-04) (  1.44354999E-04, -2.37487257E-04)
   2.00000000       0.00000000       0.00000000     (  0.00000000    ,  0.00000000    ) (  1.93715096E-03,  5.30853868E-04) ( -1.22934580E-03,  2.09547579E-04)
   2.00000000       0.00000000       1.00000000     (  3.11993062E-04, -7.91624188E-04) (  2.25845724E-04,  1.11758709E-03) ( -6.23986125E-04,  1.58324838E-03)
   2.00000000       1.00000000       0.00000000     ( -8.56816769E-04,  1.55996531E-04) (  1.71363354E-03, -3.11993062E-04) (  3.60887498E-05, -1.45286322E-03)
   2.00000000       1.00000000       1.00000000     ( -2.58442014E-04,  3.72529030E-04) (  7.35744834E-04, -1.47148967E-03) ( -2.18860805E-04,  7.26431608E-04)
   2.00000000      -1.00000000       0.00000000     ( -4.77302819E-05,  8.00937414E-04) ( -9.54605639E-05,  1.60187483E-03) ( -1.23400241E-04,  8.75443220E-04)
   2.00000000      -1.00000000       1.00000000     ( -1.09896064E-03,  5.41331246E-05) ( -1.24797225E-03,  2.27009878E-05) (  9.49949026E-04, -8.49831849E-05)
