   0.00000000       0.00000000      -2.00000000     (  5.15952706E-03,  5.06639481E-03) ( -2.16066837E-03, -9.73232090E-04) (  0.00000000    ,  0.00000000    )
   0.00000000       0.00000000      -1.00000000     (  2.42888927E-02, -1.10641122E-02) (  7.15255737E-03,  2.77906656E-02) (  0.00000000    ,  0.00000000    )
   0.00000000       1.00000000      -2.00000000     (  2.18860805E-04,  3.12924385E-03) (  6.63567334E-04,  1.00117177E-03) (  3.31783667E-04,  5.00585884E-04)
   0.00000000       1.00000000      -1.00000000     (  1.43051147E-02,  1.63167715E-02) ( -6.37955964E-04,  1.87661499E-03) ( -6.37955964E-04,  1.87661499E-03)
   0.00000000       2.00000000      -1.00000000     ( -9.83476639E-03, -1.89989805E-03) ( -1.52271241E-03, -1.47148967E-03) ( -3.04542482E-03, -2.94297934E-03)
   0.00000000      -2.00000000      -1.00000000     (  2.26311386E-03, -4.93600965E-03) ( -2.34693289E-03,  1.67638063E-03) (  4.69386578E-03, -3.35276127E-03)
   0.00000000      -1.00000000      -2.00000000     ( -6.50063157E-03, -7.45058060E-04) ( -3.72529030E-03, -1.64727680E-04) (  1.86264515E-03,  8.23638402E-05)
   0.00000000      -1.00000000      -1.00000000     (  3.79979610E-03,  5.21540642E-03) (  4.60073352E-03,  8.90344381E-03) ( -4.60073352E-03, -8.90344381E-03)
   1.00000000       0.00000000      -2.00000000     ( -1.48429535E-04,  5.02914190E-03) ( -4.37721610E-03,  7.30156898E-03) ( -7.42147677E-05,  2.51457095E-03)
   1.00000000       0.00000000      -1.00000000     (  3.60421836E-03,  3.07336450E-04) (  4.52622771E-03, -1.65775418E-03) (  3.60421836E-03,  3.07336450E-04)
   1.00000000       1.00000000      -2.00000000     ( -5.10364771E-03, -1.06170774E-03) (  5.73694706E-03, -4.78699803E-03) (  3.18977982E-04, -2.92435288E-03)
   1.00000000       1.00000000      -1.00000000     ( -7.32019544E-03, -3.11061740E-03) (  6.16535544E-03,  4.36557457E-04) ( -1.15018338E-03, -2.67289579E-03)
   1.00000000       2.00000000      -1.00000000     ( -2.66358256E-03,  1.12224370E-03) ( -1.39698386E-04,  1.89989805E-03) ( -2.94297934E-03,  4.91738319E-03)
   1.00000000      -2.00000000      -1.00000000     ( -3.10828909E-04, -1.56462193E-03) (  1.22934580E-03, -1.17346644E-03) ( -2.76602805E-03,  7.84639269E-04)
   1.00000000      -1.00000000      -2.00000000     ( -1.41561031E-03, -2.37487257E-03) (  5.61121851E-04, -2.11410224E-03) ( -9.87201929E-04, -1.28638931E-04)
   1.00000000      -1.00000000      -1.00000000     ( -2.14204192E-03,  3.89991328E-04) ( -4.76837158E-03,  7.05476850E-04) (  2.63564289E-03, -3.15485522E-04)
   2.00000000       0.00000000      -1.00000000     ( -1.96509063E-03, -5.77419996E-04) ( -7.78585672E-03,  1.95577741E-03) ( -3.93018126E-03, -1.15483999E-03)
   2.00000000       1.00000000      -1.00000000     (  1.24564394E-04,  1.30850822E-03) (  1.02445483E-03, -2.91503966E-03) (  1.27125531E-03, -2.93366611E-04)
   2.00000000      -1.00000000      -1.00000000     (  6.84522092E-04, -1.78813934E-03) (  1.71363354E-03, -4.43309546E-03) ( -3.43425199E-04,  8.59145075E-04)
