   0.00000000       0.00000000      -2.00000000     ( -3.67872417E-04, -2.68220901E-03) (  2.12341547E-03, -9.12696123E-04) (  0.00000000    ,  0.00000000    )
   0.00000000       0.00000000      -1.00000000     (  2.55554914E-02, -4.81493771E-03) (  3.30805779E-02,  3.09944153E-02) (  0.00000000    ,  0.00000000    )
   0.00000000       1.00000000      -2.00000000     ( -1.04773790E-04, -3.00351530E-04) (  3.91155481E-04, -8.56816769E-04) (  1.95577741E-04, -4.28408384E-04)
   0.00000000       1.00000000      -1.00000000     (  3.77185643E-03,  3.16649675E-02) ( -2.65892595E-03, -3.41795385E-03) ( -2.65892595E-03, -3.41795385E-03)
   0.00000000       2.00000000      -1.00000000     (  3.39001417E-03,  4.14438546E-04) (  5.12227416E-04,  1.68802217E-04) (  1.02445483E-03,  3.37604433E-04)
   0.00000000      -2.00000000      -1.00000000     ( -1.29453838E-03,  3.81842256E-04) (  9.31322575E-04,  4.37721610E-04) ( -1.86264515E-03, -8.75443220E-04)
   0.00000000      -1.00000000      -2.00000000     (  1.93715096E-03, -2.09547579E-04) (  9.96515155E-04,  6.23986125E-04) ( -4.98257577E-04, -3.11993062E-04)
   0.00000000      -1.00000000      -1.00000000     (  8.32602382E-03, -7.97212124E-03) ( -2.71480531E-03,  7.89761543E-03) (  2.71480531E-03, -7.89761543E-03)
   1.00000000       0.00000000      -2.00000000     (  1.09896064E-03, -7.12461770E-04) (  1.39698386E-03, -8.75443220E-04) (  5.49480319E-04, -3.56230885E-04)
   1.00000000       0.00000000      -1.00000000     (  1.00024045E-02, -4.51691449E-03) ( -1.04121864E-02, -2.90572643E-03) (  1.00024045E-02, -4.51691449E-03)
   1.00000000       1.00000000      -2.00000000     (  1.08964741E-03,  3.56230885E-04) ( -1.00117177E-04,  1.67638063E-03) (  4.93600965E-04,  1.01514161E-03)
   1.00000000       1.00000000      -1.00000000     (  8.28877091E-04, -3.14321369E-04) ( -2.03028321E-03, -1.13621354E-03) ( -1.21071935E-03, -1.45286322E-03)
   1.00000000       2.00000000      -1.00000000     ( -6.17001206E-05, -1.15483999E-03) (  4.84287739E-04,  4.84287739E-04) (  9.03382897E-04, -1.83936208E-04)
   1.00000000      -2.00000000      -1.00000000     ( -1.69500709E-03, -7.45058060E-04) ( -1.08964741E-03, -1.07102096E-03) (  4.79631126E-04,  1.40629709E-03)
   1.00000000      -1.00000000      -2.00000000     ( -7.82310963E-04,  1.13621354E-03) ( -8.28877091E-04, -5.58793545E-05) (  2.41561793E-05,  5.96046448E-04)
   1.00000000      -1.00000000      -1.00000000     (  6.14672899E-04, -1.62050128E-03) (  1.93715096E-03, -5.26197255E-04) ( -1.31316483E-03, -1.08964741E-03)
   2.00000000       0.00000000      -1.00000000     (  7.54371285E-04,  1.71130523E-04) (  1.26892701E-04, -2.42143869E-04) (  1.50874257E-03,  3.42261046E-04)
   2.00000000       1.00000000      -1.00000000     (  7.72997737E-04,  2.79396772E-04) ( -1.24797225E-03,  6.79865479E-04) (  2.88709998E-04,  1.23865902E-03)
   2.00000000      -1.00000000      -1.00000000     ( -8.67294148E-05, -2.65426934E-04) ( -1.29453838E-03,  1.06170774E-03) (  1.11758709E-03, -1.60187483E-03)
