   0.00000000       0.00000000      -2.00000000     (  5.66244125E-03,  1.08499080E-03) ( -7.78585672E-03,  4.41446900E-03) (  0.00000000    ,  0.00000000    )
   0.00000000       0.00000000      -1.00000000     (  1.93715096E-03,  1.11386180E-02) (  2.54809856E-02, -1.44354999E-03) (  0.00000000    ,  0.00000000    )
   0.00000000       1.00000000      -2.00000000     ( -5.61121851E-04,  2.53319740E-03) (  1.90921128E-03, -9.54605639E-04) (  9.54605639E-04, -4.77302819E-04)
   0.00000000       1.00000000      -1.00000000     ( -6.89178705E-03,  1.34482980E-02) ( -6.79865479E-03, -5.23403287E-03) ( -6.79865479E-03, -5.23403287E-03)
   0.00000000       2.00000000      -1.00000000     ( -7.91624188E-04, -1.62050128E-03) ( -9.91858542E-04,  1.29221007E-04) ( -1.98371708E-03,  2.58442014E-04)
   0.00000000      -2.00000000      -1.00000000     ( -8.75443220E-04,  4.02331352E-03) ( -7.31088221E-04, -1.24331564E-03) (  1.46217644E-03,  2.48663127E-03)
   0.00000000      -1.00000000      -2.00000000     (  4.07919288E-03,  4.02331352E-03) ( -9.96515155E-04, -2.18860805E-03) (  4.98257577E-04,  1.09430403E-03)
   0.00000000      -1.00000000      -1.00000000     ( -6.12344593E-04,  8.78935680E-05) (  4.07919288E-03,  1.23865902E-03) ( -4.07919288E-03, -1.23865902E-03)
   1.00000000       0.00000000      -2.00000000     ( -1.53668225E-03, -7.77654350E-04) (  1.38767064E-03,  5.43892384E-03) ( -7.68341124E-04, -3.88827175E-04)
   1.00000000       0.00000000      -1.00000000     (  9.68575478E-03, -5.53205609E-03) ( -4.71249223E-03,  2.63005495E-02) (  9.68575478E-03, -5.53205609E-03)
   1.00000000       1.00000000      -2.00000000     (  2.03959644E-03,  2.44006515E-03) ( -5.14090061E-03,  3.16649675E-04) ( -1.54599547E-03,  1.37835741E-03)
   1.00000000       1.00000000      -1.00000000     ( -2.72411853E-04,  7.48783350E-03) ( -2.20723450E-03, -4.86150384E-03) ( -2.47731805E-03,  2.62632966E-03)
   1.00000000       2.00000000      -1.00000000     (  2.23517418E-03, -3.10828909E-04) ( -1.17346644E-03, -3.65544111E-04) ( -1.10594556E-04, -1.04308128E-03)
   1.00000000      -2.00000000      -1.00000000     ( -1.68802217E-04, -8.80099833E-04) ( -1.37370080E-04, -3.67872417E-04) (  1.04773790E-04, -1.45519152E-04)
   1.00000000      -1.00000000      -2.00000000     ( -8.28877091E-04, -3.05473804E-03) ( -9.54605639E-04,  3.09199095E-03) (  6.14090823E-05, -3.07336450E-03)
   1.00000000      -1.00000000      -1.00000000     ( -4.21423465E-04,  5.19212335E-04) ( -7.96280801E-04, -2.08616257E-03) (  3.74857336E-04,  2.60770321E-03)
   2.00000000       0.00000000      -1.00000000     ( -1.53668225E-03,  1.83936208E-04) ( -6.79865479E-04, -1.38767064E-03) ( -3.07336450E-03,  3.67872417E-04)
   2.00000000       1.00000000      -1.00000000     (  2.15368345E-04, -2.59606168E-04) ( -2.98023224E-03, -8.47503543E-04) ( -2.55182385E-03, -1.36904418E-03)
   2.00000000      -1.00000000      -1.00000000     (  1.25262886E-03, -3.08500603E-04) (  1.27591193E-03,  1.41561031E-03) (  1.22934580E-03, -2.03959644E-03)
