   0.00000000       0.00000000      -2.00000000     (  7.54371285E-04,  2.38418579E-03) ( -1.80676579E-03,  5.02914190E-04) (  0.00000000    ,  0.00000000    )
   0.00000000       0.00000000      -1.00000000     (  2.77906656E-02, -9.77888703E-03) (  2.06008554E-02,  3.41981649E-02) (  0.00000000    ,  0.00000000    )
   0.00000000       1.00000000      -2.00000000     ( -1.45519152E-04,  7.26431608E-04) (  5.35510480E-04,  1.22003257E-03) (  2.67755240E-04,  6.10016286E-04)
   0.00000000       1.00000000      -1.00000000     (  1.40443444E-02,  2.32458115E-02) (  9.35979187E-04, -3.93483788E-04) (  9.35979187E-04, -3.93483788E-04)
   0.00000000       2.00000000      -1.00000000     ( -4.28408384E-03, -9.59262252E-04) ( -8.84756446E-04, -6.33299351E-04) ( -1.76951289E-03, -1.26659870E-03)
   0.00000000      -2.00000000      -1.00000000     (  9.40635800E-04, -1.86264515E-03) ( -7.63684511E-04,  2.25845724E-04) (  1.52736902E-03, -4.51691449E-04)
   0.00000000      -1.00000000      -2.00000000     ( -2.42143869E-03, -8.66129994E-04) ( -5.44823706E-04, -2.23517418E-04) (  2.72411853E-04,  1.11758709E-04)
   0.00000000      -1.00000000      -1.00000000     (  7.52508640E-03,  1.21071935E-03) (  6.18165359E-04,  1.10641122E-02) ( -6.18165359E-04, -1.10641122E-02)
   1.00000000       0.00000000      -2.00000000     ( -1.21071935E-03,  1.56462193E-03) ( -1.41561031E-03,  1.99303031E-03) ( -6.05359674E-04,  7.82310963E-04)
   1.00000000       0.00000000      -1.00000000     (  7.05942512E-03, -1.03609636E-03) ( -4.04193997E-03, -3.25031579E-03) (  7.05942512E-03, -1.03609636E-03)
   1.00000000       1.00000000      -2.00000000     ( -1.78813934E-03,  9.31322575E-04) (  8.75443220E-04, -1.93715096E-03) ( -4.61004674E-04, -5.07570803E-04)
   1.00000000       1.00000000      -1.00000000     ( -1.58324838E-03, -4.28408384E-04) (  1.67638063E-03,  6.14672899E-04) (  9.54605639E-05,  1.86264515E-04)
   1.00000000       2.00000000      -1.00000000     (  5.82076609E-05,  6.14672899E-04) ( -4.51691449E-04,  7.26431608E-04) ( -8.47503543E-04,  2.06753612E-03)
   1.00000000      -2.00000000      -1.00000000     (  5.86733222E-04, -2.76486389E-05) (  8.00937414E-04,  6.79865479E-04) ( -1.00582838E-03, -1.39698386E-03)
   1.00000000      -1.00000000      -2.00000000     ( -1.69966370E-04, -1.28522515E-03) ( -6.00703061E-04, -6.89178705E-04) (  2.14204192E-04, -2.95694917E-04)
   1.00000000      -1.00000000      -1.00000000     ( -7.35744834E-04,  5.54136932E-04) ( -1.49011612E-03,  2.63098627E-04) (  7.54371285E-04,  2.91038305E-04)
   2.00000000       0.00000000      -1.00000000     ( -6.51925802E-04, -3.63215804E-04) ( -6.79865479E-04,  1.02445483E-04) ( -1.30385160E-03, -7.26431608E-04)
   2.00000000       1.00000000      -1.00000000     ( -4.42378223E-04, -2.04890966E-04) (  8.66129994E-04, -5.58793545E-04) ( -2.00816430E-05, -9.68575478E-04)
   2.00000000      -1.00000000      -1.00000000     ( -2.16532499E-04,  7.39237294E-05) (  2.35158950E-04, -1.43423676E-03) ( -6.70552254E-04,  1.58324838E-03)
