   0.00000000       0.00000000      -2.00000000     (  8.19563866E-03,  2.09547579E-03) ( -1.19954348E-02,  6.37024641E-03) (  0.00000000    ,  0.00000000    )
   0.00000000       0.00000000      -1.00000000     (  6.58910722E-04,  1.08405948E-02) (  2.24262476E-02, -3.40864062E-03) (  0.00000000    ,  0.00000000    )
   0.00000000       1.00000000      -2.00000000     ( -1.71363354E-03,  3.40864062E-03) (  1.68103725E-03, -2.42143869E-03) (  8.40518624E-04, -1.21071935E-03)
   0.00000000       1.00000000      -1.00000000     ( -7.22706318E-03,  1.17719173E-02) ( -5.92321157E-03, -5.58793545E-03) ( -5.92321157E-03, -5.58793545E-03)
   0.00000000       2.00000000      -1.00000000     (  9.49949026E-04, -1.32247806E-03) ( -8.17235559E-04, -2.22353265E-04) ( -1.63447112E-03, -4.44706529E-04)
   0.00000000      -2.00000000      -1.00000000     ( -1.08499080E-03,  5.06639481E-03) ( -1.62981451E-03, -1.70432031E-03) (  3.25962901E-03,  3.40864062E-03)
   0.00000000      -1.00000000      -2.00000000     (  6.05359674E-03,  5.30853868E-03) ( -2.54251063E-03, -2.65426934E-03) (  1.27125531E-03,  1.32713467E-03)
   0.00000000      -1.00000000      -1.00000000     ( -2.95229256E-03,  1.29453838E-03) (  4.07919288E-03,  1.25728548E-03) ( -4.07919288E-03, -1.25728548E-03)
   1.00000000       0.00000000      -2.00000000     ( -2.01165676E-03, -1.28522515E-03) (  8.28877091E-04,  7.00354576E-03) ( -1.00582838E-03, -6.42612576E-04)
   1.00000000       0.00000000      -1.00000000     (  9.42498446E-03, -5.56930900E-03) ( -4.11644578E-03,  2.72691250E-02) (  9.42498446E-03, -5.56930900E-03)
   1.00000000       1.00000000      -2.00000000     (  2.33761966E-03,  3.11061740E-03) ( -6.42612576E-03, -1.15833245E-04) ( -2.04890966E-03,  1.49477273E-03)
   1.00000000       1.00000000      -1.00000000     (  1.62050128E-03,  8.64267349E-03) ( -2.15135515E-03, -5.83007932E-03) ( -5.30853868E-04,  2.82190740E-03)
   1.00000000       2.00000000      -1.00000000     (  2.95229256E-03,  5.12227416E-04) ( -7.07805157E-04, -1.44354999E-04) (  1.53668225E-03,  2.23517418E-04)
   1.00000000      -2.00000000      -1.00000000     (  3.11993062E-04,  6.42612576E-04) ( -1.39116310E-04, -5.87897375E-05) (  5.89061528E-04,  7.61356205E-04)
   1.00000000      -1.00000000      -2.00000000     ( -1.48080289E-03, -4.97326255E-03) ( -1.04773790E-03,  4.17232513E-03) ( -2.16532499E-04, -4.56348062E-03)
   1.00000000      -1.00000000      -1.00000000     ( -1.46683306E-03,  5.02914190E-04) ( -1.74157321E-03, -4.06056643E-03) (  2.70083547E-04,  4.56348062E-03)
   2.00000000       0.00000000      -1.00000000     ( -1.90921128E-03,  4.61295713E-05) ( -2.77534127E-03, -7.98609108E-04) ( -3.81842256E-03,  9.22591425E-05)
   2.00000000       1.00000000      -1.00000000     (  1.04773790E-03,  5.91389835E-04) ( -4.19095159E-03, -2.46800482E-03) ( -2.09547579E-03, -1.28988177E-03)
   2.00000000      -1.00000000      -1.00000000     (  1.17812306E-03, -6.47269189E-04) (  1.99303031E-03,  1.20606273E-03) (  3.64379957E-04, -2.50525773E-03)
