   0.00000000       0.00000000       1.00000000     (  2.54809856E-02,  4.73111868E-03) (  3.32295895E-02, -3.08454037E-02) (  0.00000000    ,  0.00000000    )
   0.00000000       0.00000000       2.00000000     ( -3.67872417E-04,  2.60770321E-03) (  2.06753612E-03,  8.84756446E-04) (  0.00000000    ,  0.00000000    )
   0.00000000       1.00000000       0.00000000     ( -1.93342566E-02, -4.29572538E-04) (  0.00000000    ,  0.00000000    ) (  4.70317900E-03,  1.65775418E-02)
   0.00000000       1.00000000       1.00000000     (  8.32602382E-03,  8.06525350E-03) ( -2.73343176E-03, -7.82310963E-03) (  2.73343176E-03,  7.82310963E-03)
   0.00000000       1.00000000       2.00000000     (  1.86264515E-03,  2.18860805E-04) (  9.77888703E-04, -6.05359674E-04) ( -4.88944352E-04,  3.02679837E-04)
   0.00000000       2.00000000       0.00000000     ( -5.12227416E-04, -2.16066837E-03) (  0.00000000    ,  0.00000000    ) (  2.44006515E-03, -2.86847353E-03)
   0.00000000       2.00000000       1.00000000     ( -1.26659870E-03, -3.44589353E-04) (  9.03382897E-04, -4.28408384E-04) ( -1.80676579E-03,  8.56816769E-04)
   0.00000000      -2.00000000       0.00000000     ( -5.12227416E-04,  2.16066837E-03) (  0.00000000    ,  0.00000000    ) (  2.44006515E-03,  2.86847353E-03)
   0.00000000      -2.00000000       1.00000000     (  3.27825546E-03, -3.91155481E-04) (  4.88944352E-04, -1.47847459E-04) (  9.77888703E-04, -2.95694917E-04)
   0.00000000      -1.00000000       0.00000000     ( -1.93342566E-02,  4.29572538E-04) (  0.00000000    ,  0.00000000    ) (  4.70317900E-03, -1.65775418E-02)
   0.00000000      -1.00000000       1.00000000     (  3.64147127E-03, -3.17394733E-02) ( -2.72411853E-03,  3.43658030E-03) ( -2.72411853E-03,  3.43658030E-03)
   0.00000000      -1.00000000       2.00000000     ( -1.23400241E-04,  2.81725079E-04) (  4.00468707E-04,  8.28877091E-04) (  2.00234354E-04,  4.14438546E-04)
   1.00000000       0.00000000       0.00000000     (  0.00000000    ,  0.00000000    ) ( -1.48639083E-02,  1.66520476E-02) (  3.37511301E-02,  2.24635005E-02)
   1.00000000       0.00000000       1.00000000     (  1.94180757E-03, -3.87430191E-03) ( -3.48687172E-02,  4.14729584E-05) ( -1.94180757E-03,  3.87430191E-03)
   1.00000000       0.00000000       2.00000000     ( -5.99538907E-05, -1.67638063E-03) ( -1.63912773E-03, -1.47148967E-03) (  2.99769454E-05,  8.38190317E-04)
   1.00000000       1.00000000       0.00000000     (  3.49245965E-03,  4.31202352E-03) ( -3.49245965E-03, -4.31202352E-03) ( -1.10454857E-02,  1.29640102E-02)
   1.00000000       1.00000000       1.00000000     ( -1.26659870E-03,  1.38767064E-03) (  2.14204192E-03,  1.67347025E-05) ( -8.66129994E-04, -1.40629709E-03)
   1.00000000       1.00000000       2.00000000     (  1.15483999E-03,  2.79396772E-04) ( -1.50175765E-04, -2.60770321E-04) ( -5.02914190E-04, -8.58562998E-06)
   1.00000000       2.00000000       0.00000000     (  3.28291208E-04, -6.75208867E-04) ( -1.64145604E-04,  3.37604433E-04) ( -1.86264515E-03, -2.25845724E-04)
   1.00000000       2.00000000       1.00000000     ( -2.36555934E-03, -6.65895641E-04) (  1.60187483E-03,  5.12227416E-04) ( -8.56816769E-04, -3.63215804E-04)
   1.00000000      -2.00000000       0.00000000     (  7.82310963E-04,  1.25728548E-03) (  3.91155481E-04,  6.28642738E-04) (  1.17346644E-03,  1.49011612E-03)
   1.00000000      -2.00000000       1.00000000     (  6.42612576E-04, -1.25728548E-03) (  3.00351530E-04, -9.59262252E-04) ( -4.13274392E-05, -6.65895641E-04)
   1.00000000      -1.00000000       0.00000000     ( -1.51339918E-03, -1.38953328E-02) ( -1.51339918E-03, -1.38953328E-02) ( -1.40815973E-02,  2.20537186E-02)
   1.00000000      -1.00000000       1.00000000     ( -1.76951289E-03, -4.51691449E-04) (  9.87201929E-04,  3.16649675E-03) (  2.75671482E-03,  3.61353159E-03)
   1.00000000      -1.00000000       2.00000000     (  2.32830644E-03, -2.36555934E-03) (  7.35744834E-04, -7.03148544E-04) ( -7.91624188E-04,  8.28877091E-04)
   2.00000000       0.00000000       0.00000000     (  0.00000000    ,  0.00000000    ) ( -2.25380063E-03, -2.55182385E-03) (  1.15483999E-03, -2.04890966E-03)
   2.00000000       0.00000000       1.00000000     ( -7.72997737E-04,  1.26659870E-03) ( -4.79631126E-04, -1.43423676E-03) (  1.54599547E-03, -2.53319740E-03)
   2.00000000       1.00000000       0.00000000     (  5.58793545E-04, -8.84756446E-04) ( -1.11758709E-03,  1.76951289E-03) (  8.84756446E-04, -1.24797225E-03)
   2.00000000       1.00000000       1.00000000     ( -1.97906047E-04, -3.39932740E-04) ( -8.47503543E-04,  2.60770321E-03) (  1.23865902E-03, -1.91852450E-03)
   2.00000000      -1.00000000       0.00000000     (  5.02914190E-04, -1.06170774E-03) (  1.00582838E-03, -2.12341547E-03) (  6.84522092E-04, -7.54371285E-04)
   2.00000000      -1.00000000       1.00000000     (  1.11758709E-03, -1.15251169E-04) (  2.42143869E-03, -2.67755240E-04) (  1.88592821E-04, -3.72529030E-05)
