   0.00000000       0.00000000       1.00000000     (  2.31713057E-02,  1.12503767E-02) (  2.66358256E-03, -2.45869160E-02) (  0.00000000    ,  0.00000000    )
   0.00000000       0.00000000       2.00000000     (  6.89178705E-03, -5.17815351E-03) (  1.38534233E-04,  1.53202564E-03) (  0.00000000    ,  0.00000000    )
   0.00000000       1.00000000       0.00000000     ( -3.93018126E-03,  1.09151006E-02) (  0.00000000    ,  0.00000000    ) (  1.77416950E-03, -1.65775418E-03)
   0.00000000       1.00000000       1.00000000     (  3.09199095E-03, -4.47034836E-03) (  6.01634383E-03, -7.71135092E-03) ( -6.01634383E-03,  7.71135092E-03)
   0.00000000       1.00000000       2.00000000     ( -7.87898898E-03, -5.05242497E-04) ( -6.55651093E-03,  5.30853868E-04) (  3.27825546E-03, -2.65426934E-04)
   0.00000000       2.00000000       0.00000000     ( -1.72294676E-03, -7.07805157E-03) (  0.00000000    ,  0.00000000    ) ( -6.23986125E-03,  3.20142135E-04)
   0.00000000       2.00000000       1.00000000     (  4.47966158E-03,  3.50177288E-03) ( -2.09547579E-03, -2.50525773E-03) (  4.19095159E-03,  5.01051545E-03)
   0.00000000      -2.00000000       0.00000000     ( -1.72294676E-03,  7.07805157E-03) (  0.00000000    ,  0.00000000    ) ( -6.23986125E-03, -3.20142135E-04)
   0.00000000      -2.00000000       1.00000000     ( -1.01700425E-02, -6.68223947E-04) ( -1.48080289E-03,  1.40164047E-03) ( -2.96160579E-03,  2.80328095E-03)
   0.00000000      -1.00000000       0.00000000     ( -3.93018126E-03, -1.09151006E-02) (  0.00000000    ,  0.00000000    ) (  1.77416950E-03,  1.65775418E-03)
   0.00000000      -1.00000000       1.00000000     (  1.18464231E-02, -1.41188502E-02) ( -1.85798854E-03, -2.22586095E-03) ( -1.85798854E-03, -2.22586095E-03)
   0.00000000      -1.00000000       2.00000000     ( -1.78813934E-03, -2.07219273E-03) (  8.14907253E-04,  2.11410224E-03) (  4.07453626E-04,  1.05705112E-03)
   1.00000000       0.00000000       0.00000000     (  0.00000000    ,  0.00000000    ) ( -1.85519457E-02,  5.60656190E-03) (  2.49594450E-02,  2.05636024E-02)
   1.00000000       0.00000000       1.00000000     (  2.73808837E-03, -3.73460352E-03) ( -2.56299973E-02,  1.53109431E-02) ( -2.73808837E-03,  3.73460352E-03)
   1.00000000       0.00000000       2.00000000     (  1.07334927E-03,  2.96160579E-03) (  6.57513738E-03,  4.34927642E-03) ( -5.36674634E-04, -1.48080289E-03)
   1.00000000       1.00000000       0.00000000     (  5.32716513E-03,  2.06753612E-03) ( -5.32716513E-03, -2.06753612E-03) ( -7.43195415E-03,  3.73460352E-03)
   1.00000000       1.00000000       1.00000000     ( -3.95812094E-03,  4.07453626E-04) (  2.81259418E-03, -2.73576006E-04) (  1.14087015E-03, -1.33877620E-04)
   1.00000000       1.00000000       2.00000000     ( -2.07684934E-03, -2.92435288E-03) ( -5.66244125E-03, -2.84984708E-03) (  3.86498868E-03,  2.88709998E-03)
   1.00000000       2.00000000       0.00000000     ( -2.12341547E-03,  6.33299351E-03) (  1.06170774E-03, -3.16649675E-03) ( -1.33644789E-03,  9.23871994E-03)
   1.00000000       2.00000000       1.00000000     (  7.37607479E-03,  2.85916030E-03) ( -3.27825546E-03, -2.79396772E-03) ( -8.33533704E-04,  2.72877514E-03)
   1.00000000      -2.00000000       0.00000000     (  5.71890268E-05, -3.10130417E-03) (  2.85945134E-05, -1.55065209E-03) ( -1.48545951E-03,  2.16998160E-03)
   1.00000000      -2.00000000       1.00000000     ( -2.19792128E-03,  7.14790076E-04) ( -2.35624611E-03,  1.52736902E-03) ( -2.52388418E-03,  2.33761966E-03)
   1.00000000      -1.00000000       0.00000000     ( -6.03497028E-03, -5.90458512E-03) ( -6.03497028E-03, -5.90458512E-03) ( -4.50760126E-03,  4.78699803E-03)
   1.00000000      -1.00000000       1.00000000     (  6.35161996E-03,  8.81031156E-03) (  4.00468707E-04,  7.35744834E-03) ( -5.96046448E-03, -1.45751983E-03)
   1.00000000      -1.00000000       2.00000000     (  4.55416739E-03,  6.51925802E-03) (  7.56233931E-03,  3.41795385E-03) (  1.50874257E-03, -1.54599547E-03)
   2.00000000       0.00000000       0.00000000     (  0.00000000    ,  0.00000000    ) (  1.13993883E-02, -5.90458512E-03) ( -4.99188900E-03,  3.53902578E-03)
   2.00000000       0.00000000       1.00000000     ( -4.28408384E-03, -1.80210918E-03) (  3.03611159E-03,  1.12503767E-02) (  8.56816769E-03,  3.60421836E-03)
   2.00000000       1.00000000       0.00000000     ( -2.55182385E-03,  9.12696123E-04) (  5.10364771E-03, -1.82539225E-03) ( -7.77654350E-04, -8.94069672E-03)
   2.00000000       1.00000000       1.00000000     (  1.82073563E-03,  4.47966158E-03) ( -4.93600965E-03, -7.67409801E-03) (  1.29919499E-03, -1.28988177E-03)
   2.00000000      -1.00000000       0.00000000     (  1.82539225E-03,  2.93366611E-04) (  3.65078449E-03,  5.86733222E-04) (  2.06055120E-04,  1.71363354E-03)
   2.00000000      -1.00000000       1.00000000     ( -3.75322998E-03,  7.79982656E-04) ( -2.97091901E-03, -2.13272870E-03) (  4.54485416E-03, -3.69735062E-03)
