    0.000000        0.000000        1.000000      (2.2947788E-02,1.2330711E-02)
   (-5.0291419E-03,-1.9595027E-02)  (0.000000,0.000000)
    0.000000        0.000000        2.000000      
 (8.5495412E-03,-2.4586916E-03)  (5.4296106E-03,3.1571835E-03)  
 (0.000000,0.000000)
    0.000000        1.000000        0.000000      
 (-6.2864274E-05,1.1324883E-02)  (0.000000,0.000000)  
 (3.0174851E-03,-3.4179538E-03)
    0.000000        1.000000        1.000000      
 (3.9860606E-03,-5.3551048E-04)  (7.3015690E-03,-5.9045851E-03)  
 (-7.3015690E-03,5.9045851E-03)
    0.000000        1.000000        2.000000      
 (-8.4936619E-03,-2.3003668E-03)  (-8.1770122E-03,-1.6043487E-05)  
 (4.0885061E-03,8.0217433E-06)
    0.000000        2.000000        0.000000      
 (-7.3341653E-04,-4.3958426E-03)  (0.000000,0.000000)  
 (-2.7101487E-03,2.2770837E-03)
    0.000000        2.000000        1.000000      
 (1.1138618E-02,-2.9429793E-03)  (-1.6996637E-04,-2.5378540E-03)  
 (3.3993274E-04,5.0757080E-03)
    0.000000       -2.000000        0.000000      
 (-7.3341653E-04,4.3958426E-03)  (0.000000,0.000000)  
 (-2.7101487E-03,-2.2770837E-03)
    0.000000       -2.000000        1.000000      
 (-1.2740493E-02,-9.6298754E-03)  (-4.0046871E-03,1.0151416E-03)  
 (-8.0093741E-03,2.0302832E-03)
    0.000000       -1.000000        0.000000      
 (-6.2864274E-05,-1.1324883E-02)  (0.000000,0.000000)  
 (3.0174851E-03,3.4179538E-03)
    0.000000       -1.000000        1.000000      
 (7.2456896E-03,-9.4994903E-03)  (-2.7567148E-03,-3.7066638E-03)  
 (-2.7567148E-03,-3.7066638E-03)
    0.000000       -1.000000        2.000000      
 (-1.1138618E-02,3.1385571E-03)  (-9.4529241E-04,4.9080700E-03)  
 (-4.7264621E-04,2.4540350E-03)
    1.000000        0.000000        0.000000      (0.000000,0.000000)  
 (-2.4661422E-02,4.9546361E-03)  (2.0861626E-02,1.8849969E-02)
    1.000000        0.000000        1.000000      
 (-4.7264621E-04,-4.3958426E-03)  (-2.3022294E-02,1.6018748E-02)  
 (4.7264621E-04,4.3958426E-03)
    1.000000        0.000000        2.000000      (1.2596138E-03,1.4132820E-03)
   (5.3551048E-03,1.0225922E-02)  (-6.2980689E-04,-7.0664100E-04)
    1.000000        1.000000        0.000000      
 (4.6752393E-03,-1.0058284E-03)  (-4.6752393E-03,1.0058284E-03)  
 (-4.6007335E-03,2.0954758E-03)
    1.000000        1.000000        1.000000      
 (-1.6996637E-03,3.1758100E-03)  (4.0978193E-04,-1.9278377E-03)  
 (1.2898818E-03,-1.2479722E-03)
    1.000000        1.000000        2.000000      
 (-3.4458935E-03,-1.1525117E-03)  (-2.3888424E-03,-5.9232116E-03)  
 (2.9150397E-03,3.5390258E-03)
    1.000000        2.000000        0.000000      
 (-1.5570549E-05,3.9208680E-03)  (7.7852746E-06,-1.9604340E-03)  
 (2.5052577E-03,1.0784715E-02)
    1.000000        2.000000        1.000000      (5.7369471E-03,4.3865293E-03)
   (-1.4668331E-03,-1.2968667E-03)  (-2.8032809E-03,-1.7927960E-03)
    1.000000       -2.000000        0.000000      
 (-8.8475645E-04,5.1967800E-03)  (-4.4237822E-04,2.5983900E-03)  
 (-6.6682696E-03,-8.7777153E-04)
    1.000000       -2.000000        1.000000      
 (-1.3667159E-03,8.5914508E-04)  (-2.8230716E-04,1.6205013E-03)  
 (8.0093741E-04,2.3795292E-03)
    1.000000       -1.000000        0.000000      
 (-3.5669655E-03,-5.2619725E-04)  (-3.5669655E-03,-5.2619725E-04)  
 (-4.8801303E-03,4.0978193E-03)
    1.000000       -1.000000        1.000000      (1.4081597E-02,5.9977174E-03)
   (5.0943345E-03,6.0535967E-03)  (-8.9779496E-03,5.0204108E-05)
    1.000000       -1.000000        2.000000      (1.1186785E-05,3.4645200E-03)
   (-9.9884346E-04,-2.3795292E-03)  (-5.0640665E-04,-2.9243529E-03)
    2.000000        0.000000        0.000000      (0.000000,0.000000)  
 (1.4752150E-02,-7.0221722E-03)  (-1.5646219E-03,4.2747706E-03)
    2.000000        0.000000        1.000000      
 (-4.8708171E-03,3.1571835E-03)  (5.7369471E-03,1.2926757E-02)  
 (9.7416341E-03,-6.3143671E-03)
    2.000000        1.000000        0.000000      
 (-1.7415732E-03,-1.2828968E-03)  (3.4831464E-03,2.5657937E-03)  
 (-5.2154064E-03,-1.1734664E-03)
    2.000000        1.000000        1.000000      (3.5576522E-03,5.8487058E-03)
   (-6.3888729E-03,-1.3038516E-02)  (-7.2643161E-04,1.3154931E-03)
    2.000000       -1.000000        0.000000      
 (-4.4936314E-04,-2.7846545E-03)  (-8.9872628E-04,-5.5693090E-03)  
 (2.1420419E-03,4.1071326E-03)
    2.000000       -1.000000        1.000000      
 (-5.6717545E-03,1.2014061E-03)  (-5.9790909E-03,1.7136335E-03)  
 (5.3457916E-03,-6.8917871E-04)
