   0.00000000       0.00000000      -2.00000000     ( -3.58559191E-04, -2.30967999E-03) (  1.82539225E-03, -7.54371285E-04) (  0.00000000    ,  0.00000000    )
   0.00000000       0.00000000      -1.00000000     (  2.48849392E-02, -4.37721610E-03) (  3.33040953E-02,  3.01748514E-02) (  0.00000000    ,  0.00000000    )
   0.00000000       1.00000000      -2.00000000     ( -1.79279596E-04, -2.14204192E-04) (  4.14438546E-04, -7.17118382E-04) (  2.07219273E-04, -3.58559191E-04)
   0.00000000       1.00000000      -1.00000000     (  3.11993062E-03,  3.16649675E-02) ( -2.94297934E-03, -3.44589353E-03) ( -2.94297934E-03, -3.44589353E-03)
   0.00000000       2.00000000      -1.00000000     (  2.83122063E-03,  3.11993062E-04) (  3.91155481E-04,  7.91624188E-05) (  7.82310963E-04,  1.58324838E-04)
   0.00000000      -2.00000000      -1.00000000     ( -1.15483999E-03,  2.09547579E-04) (  7.91624188E-04,  3.91155481E-04) ( -1.58324838E-03, -7.82310963E-04)
   0.00000000      -1.00000000      -2.00000000     (  1.60187483E-03, -2.44472176E-04) (  8.84756446E-04,  5.26197255E-04) ( -4.42378223E-04, -2.63098627E-04)
   0.00000000      -1.00000000      -1.00000000     (  8.25151801E-03, -8.32602382E-03) ( -2.77068466E-03,  7.46920705E-03) (  2.77068466E-03, -7.46920705E-03)
   1.00000000       0.00000000      -2.00000000     (  9.12696123E-04, -5.72763383E-04) (  1.21071935E-03, -7.26431608E-04) (  4.56348062E-04, -2.86381692E-04)
   1.00000000       0.00000000      -1.00000000     (  9.94652510E-03, -4.61004674E-03) ( -1.03935599E-02, -2.75205821E-03) (  9.94652510E-03, -4.61004674E-03)
   1.00000000       1.00000000      -2.00000000     (  8.84756446E-04,  3.44589353E-04) ( -1.44354999E-04,  1.47148967E-03) (  3.72529030E-04,  9.12696123E-04)
   1.00000000       1.00000000      -1.00000000     (  7.35744834E-04, -3.16649675E-04) ( -1.80676579E-03, -9.87201929E-04) ( -1.06170774E-03, -1.30385160E-03)
   1.00000000       2.00000000      -1.00000000     ( -6.11180440E-05, -1.00582838E-03) (  4.28408384E-04,  5.02914190E-04) (  8.00937414E-04, -1.70985004E-06)
   1.00000000      -2.00000000      -1.00000000     ( -1.49011612E-03, -6.70552254E-04) ( -9.40635800E-04, -9.03382897E-04) (  4.00468707E-04,  1.13621354E-03)
   1.00000000      -1.00000000      -2.00000000     ( -6.98491931E-04,  9.40635800E-04) ( -8.28877091E-04, -2.93948688E-05) (  6.63567334E-05,  4.84287739E-04)
   1.00000000      -1.00000000      -1.00000000     (  4.93600965E-04, -1.43423676E-03) (  1.65775418E-03, -4.74974513E-04) ( -1.16415322E-03, -9.59262252E-04)
   2.00000000       0.00000000      -1.00000000     (  6.33299351E-04,  1.46683306E-04) (  1.08266249E-04, -2.02562660E-04) (  1.26659870E-03,  2.93366611E-04)
   2.00000000       1.00000000      -1.00000000     (  6.28642738E-04,  2.14204192E-04) ( -1.02445483E-03,  5.63450158E-04) (  2.35158950E-04,  9.87201929E-04)
   2.00000000      -1.00000000      -1.00000000     ( -9.42964107E-05, -2.02562660E-04) ( -1.16415322E-03,  9.40635800E-04) (  9.68575478E-04, -1.34110451E-03)
