   0.00000000       0.00000000       1.00000000     ( -1.16880983E-03, -1.24052167E-02) (  2.15321779E-02,  7.61821866E-03) (  0.00000000    ,  0.00000000    )
   0.00000000       0.00000000       2.00000000     (  6.14672899E-03, -2.83122063E-03) ( -8.67992640E-03, -3.31550837E-03) (  0.00000000    ,  0.00000000    )
   0.00000000       1.00000000       0.00000000     (  7.76723027E-03,  1.44354999E-03) (  0.00000000    ,  0.00000000    ) (  1.50501728E-02, -7.76723027E-03)
   0.00000000       1.00000000       1.00000000     ( -8.71717930E-03, -4.24683094E-03) (  3.97674739E-03, -1.40164047E-03) ( -3.97674739E-03,  1.40164047E-03)
   0.00000000       1.00000000       2.00000000     (  3.50177288E-03, -2.15135515E-03) ( -3.18512321E-03,  1.46217644E-03) (  1.59256160E-03, -7.31088221E-04)
   0.00000000       2.00000000       0.00000000     ( -1.28522515E-03,  3.42726707E-03) (  0.00000000    ,  0.00000000    ) (  1.14087015E-04, -7.31088221E-04)
   0.00000000       2.00000000       1.00000000     (  3.95812094E-04, -1.83936208E-04) ( -5.77419996E-04,  5.68106771E-04) (  1.15483999E-03, -1.13621354E-03)
   0.00000000      -2.00000000       0.00000000     ( -1.28522515E-03, -3.42726707E-03) (  0.00000000    ,  0.00000000    ) (  1.14087015E-04,  7.31088221E-04)
   0.00000000      -2.00000000       1.00000000     (  1.48080289E-03, -6.56582415E-04) ( -8.66129994E-04,  3.27418093E-05) ( -1.73225999E-03,  6.54836185E-05)
   0.00000000      -1.00000000       0.00000000     (  7.76723027E-03, -1.44354999E-03) (  0.00000000    ,  0.00000000    ) (  1.50501728E-02,  7.76723027E-03)
   0.00000000      -1.00000000       1.00000000     ( -9.87201929E-03, -1.16601586E-02) ( -6.18398190E-03,  6.42612576E-03) ( -6.18398190E-03,  6.42612576E-03)
   0.00000000      -1.00000000       2.00000000     ( -1.29453838E-03, -1.81607902E-03) ( -2.74740160E-04,  2.23517418E-03) ( -1.37370080E-04,  1.11758709E-03)
   1.00000000       0.00000000       0.00000000     (  0.00000000    ,  0.00000000    ) ( -2.86102295E-02,  5.86733222E-03) (  1.92224979E-02, -5.58793545E-03)
   1.00000000       0.00000000       1.00000000     ( -1.70432031E-03, -2.56113708E-03) (  5.15952706E-03, -5.71832061E-03) (  1.70432031E-03,  2.56113708E-03)
   1.00000000       0.00000000       2.00000000     ( -2.86847353E-03, -1.25728548E-03) ( -1.00117177E-03,  3.12924385E-03) (  1.43423676E-03,  6.28642738E-04)
   1.00000000       1.00000000       0.00000000     (  8.29459168E-05, -4.31900844E-04) ( -8.29459168E-05,  4.31900844E-04) (  7.63684511E-03,  1.59069896E-02)
   1.00000000       1.00000000       1.00000000     ( -4.17232513E-03, -7.45058060E-04) (  2.16066837E-03,  2.45869160E-03) (  2.01165676E-03, -1.71363354E-03)
   1.00000000       1.00000000       2.00000000     (  2.45636329E-04,  9.91858542E-04) (  1.54599547E-03,  8.14907253E-04) ( -8.94069672E-04, -9.03382897E-04)
   1.00000000       2.00000000       0.00000000     ( -8.28877091E-04, -6.10016286E-04) (  4.14438546E-04,  3.05008143E-04) (  3.16649675E-04, -1.57393515E-03)
   1.00000000       2.00000000       1.00000000     (  1.44354999E-03, -9.42964107E-05) ( -5.77419996E-04, -7.68341124E-05) ( -2.86381692E-04,  2.47964635E-04)
   1.00000000      -2.00000000       0.00000000     ( -1.61118805E-03, -2.51457095E-04) ( -8.05594027E-04, -1.25728548E-04) ( -5.77419996E-04,  1.89989805E-03)
   1.00000000      -2.00000000       1.00000000     (  3.57977115E-05, -8.61473382E-04) (  8.10250640E-04, -3.63215804E-04) (  1.58324838E-03,  1.36205927E-04)
   1.00000000      -1.00000000       0.00000000     (  8.34465027E-03,  2.57976353E-03) (  8.34465027E-03,  2.57976353E-03) ( -2.51457095E-03, -8.96397978E-04)
   1.00000000      -1.00000000       1.00000000     ( -2.02096999E-03,  2.40281224E-03) ( -1.10827386E-03, -2.08616257E-03) (  9.08039510E-04, -4.50760126E-03)
   1.00000000      -1.00000000       2.00000000     ( -2.04890966E-03, -7.91624188E-04) (  1.83470547E-03,  1.80676579E-03) (  1.94646418E-03,  1.29453838E-03)
   2.00000000       0.00000000       0.00000000     (  0.00000000    ,  0.00000000    ) ( -2.04890966E-03,  1.85333192E-03) (  1.95577741E-03, -2.16998160E-03)
   2.00000000       0.00000000       1.00000000     ( -8.75443220E-04,  9.17352736E-04) (  1.72294676E-04, -3.27825546E-03) (  1.75088644E-03, -1.83470547E-03)
   2.00000000       1.00000000       0.00000000     ( -1.14552677E-03, -1.03842467E-03) (  2.29105353E-03,  2.07684934E-03) ( -5.12227416E-04,  3.14787030E-03)
   2.00000000       1.00000000       1.00000000     ( -7.26431608E-04,  2.75904313E-04) (  5.21540642E-04,  7.40401447E-04) (  9.35979187E-04, -1.29453838E-03)
   2.00000000      -1.00000000       0.00000000     ( -1.39698386E-03, -7.86967576E-04) ( -2.79396772E-03, -1.57393515E-03) (  2.84053385E-04,  3.09199095E-03)
   2.00000000      -1.00000000       1.00000000     (  1.85333192E-03,  5.00585884E-04) ( -3.37604433E-04,  8.80099833E-04) ( -4.04193997E-03, -1.19325705E-04)
