   0.00000000       0.00000000       1.00000000     (  2.87545845E-04, -1.08033419E-02) (  2.16066837E-02,  4.06056643E-03) (  0.00000000    ,  0.00000000    )
   0.00000000       0.00000000       2.00000000     (  8.41915607E-03, -2.44006515E-03) ( -1.24052167E-02, -6.27711415E-03) (  0.00000000    ,  0.00000000    )
   0.00000000       1.00000000       0.00000000     (  5.56930900E-03, -1.86264515E-03) (  0.00000000    ,  0.00000000    ) (  1.39325857E-02, -4.30271029E-03)
   0.00000000       1.00000000       1.00000000     ( -3.83704901E-03, -1.74157321E-03) (  4.02331352E-03, -1.24797225E-03) ( -4.02331352E-03,  1.24797225E-03)
   0.00000000       1.00000000       2.00000000     (  6.09084964E-03, -5.06639481E-03) ( -3.01748514E-03,  2.44937837E-03) (  1.50874257E-03, -1.22468919E-03)
   0.00000000       2.00000000       0.00000000     ( -6.96163625E-04,  7.48783350E-03) (  0.00000000    ,  0.00000000    ) ( -1.16880983E-03,  1.67638063E-03)
   0.00000000       2.00000000       1.00000000     ( -8.24220479E-04, -4.47034836E-03) ( -1.71363354E-03,  1.54599547E-03) (  3.42726707E-03, -3.09199095E-03)
   0.00000000      -2.00000000       0.00000000     ( -6.96163625E-04, -7.48783350E-03) (  0.00000000    ,  0.00000000    ) ( -1.16880983E-03, -1.67638063E-03)
   0.00000000      -2.00000000       1.00000000     (  1.59721822E-03,  9.31322575E-04) ( -7.26431608E-04,  2.38651410E-04) ( -1.45286322E-03,  4.77302819E-04)
   0.00000000      -1.00000000       0.00000000     (  5.56930900E-03,  1.86264515E-03) (  0.00000000    ,  0.00000000    ) (  1.39325857E-02,  4.30271029E-03)
   0.00000000      -1.00000000       1.00000000     ( -7.41332769E-03, -1.13621354E-02) ( -5.66244125E-03,  5.68106771E-03) ( -5.66244125E-03,  5.68106771E-03)
   0.00000000      -1.00000000       2.00000000     ( -1.91852450E-03, -3.28756869E-03) (  1.28522515E-03,  2.81259418E-03) (  6.42612576E-04,  1.40629709E-03)
   1.00000000       0.00000000       0.00000000     (  0.00000000    ,  0.00000000    ) ( -2.45124102E-02,  7.33882189E-03) (  1.48266554E-02, -4.39584255E-03)
   1.00000000       0.00000000       1.00000000     ( -1.50408596E-03, -1.90921128E-03) (  1.24797225E-03, -7.78585672E-03) (  1.50408596E-03,  1.90921128E-03)
   1.00000000       0.00000000       2.00000000     ( -4.24683094E-03, -1.66706741E-03) ( -9.45292413E-04,  2.86847353E-03) (  2.12341547E-03,  8.33533704E-04)
   1.00000000       1.00000000       0.00000000     (  1.20140612E-03,  6.77537173E-04) ( -1.20140612E-03, -6.77537173E-04) (  6.20260835E-03,  1.24052167E-02)
   1.00000000       1.00000000       1.00000000     ( -3.76254320E-03, -7.89295882E-04) (  1.45751983E-03,  4.33996320E-03) (  2.30036676E-03, -3.55765224E-03)
   1.00000000       1.00000000       2.00000000     ( -2.04890966E-03,  1.17812306E-03) (  2.96160579E-03,  1.52271241E-03) ( -4.56348062E-04, -1.35041773E-03)
   1.00000000       2.00000000       0.00000000     ( -8.73114914E-05,  1.26659870E-03) (  4.36557457E-05, -6.33299351E-04) ( -2.42143869E-03, -6.40284270E-04)
   1.00000000       2.00000000       1.00000000     (  3.23168933E-03,  5.19212335E-04) ( -1.20140612E-03, -2.91038305E-04) ( -8.31205398E-04,  6.19911589E-05)
   1.00000000      -2.00000000       0.00000000     ( -3.76021490E-04,  3.48081812E-04) ( -1.88010745E-04,  1.74040906E-04) ( -2.21654773E-03,  3.53902578E-03)
   1.00000000      -2.00000000       1.00000000     ( -8.80099833E-04, -1.11758709E-04) (  9.35979187E-04, -1.46683306E-04) (  2.74740160E-03, -1.81607902E-04)
   1.00000000      -1.00000000       0.00000000     (  5.06639481E-03,  1.28988177E-03) (  5.06639481E-03,  1.28988177E-03) ( -3.15718353E-03,  5.77419996E-03)
   1.00000000      -1.00000000       1.00000000     (  3.07336450E-04,  4.19095159E-03) ( -8.33533704E-04, -4.60073352E-03) ( -1.14087015E-03, -8.79168510E-03)
   1.00000000      -1.00000000       2.00000000     ( -5.45755029E-03, -1.56462193E-03) (  1.92783773E-03,  1.17812306E-03) (  3.68803740E-03,  1.36904418E-03)
   2.00000000       0.00000000       0.00000000     (  0.00000000    ,  0.00000000    ) ( -2.57045031E-03,  3.96743417E-03) (  5.30853868E-04, -2.95229256E-03)
   2.00000000       0.00000000       1.00000000     ( -1.19209290E-03,  1.17812306E-03) ( -2.48663127E-03, -3.89292836E-03) (  2.38418579E-03, -2.35624611E-03)
   2.00000000       1.00000000       0.00000000     ( -1.06170774E-03, -1.43423676E-03) (  2.12341547E-03,  2.86847353E-03) (  3.72529030E-04,  3.72529030E-03)
   2.00000000       1.00000000       1.00000000     ( -7.63684511E-04,  3.93483788E-04) ( -3.07336450E-04,  1.20140612E-03) (  1.83470547E-03, -1.99303031E-03)
   2.00000000      -1.00000000       0.00000000     ( -2.90572643E-03, -1.29453838E-03) ( -5.81145287E-03, -2.58907676E-03) (  1.50874257E-03,  6.18398190E-03)
   2.00000000      -1.00000000       1.00000000     (  2.27242708E-03, -1.15949661E-03) ( -1.42958015E-03,  6.40284270E-04) ( -5.97909093E-03,  2.95229256E-03)
