    0.000000        0.000000        1.000000      (2.3394823E-02,1.3038516E-02)
   (-1.5869737E-02,-1.8998981E-02)  (0.000000,0.000000)
    0.000000        0.000000        2.000000      
 (1.5180558E-03,-1.6734703E-06)  (2.0861626E-03,1.8905848E-03)  
 (0.000000,0.000000)
    0.000000        1.000000        0.000000      (4.3213367E-03,2.5238842E-03)
   (0.000000,0.000000)  (5.6810677E-03,-2.0256266E-04)
    0.000000        1.000000        1.000000      (7.1711838E-03,1.0244548E-02)
   (4.6938658E-03,-4.3958426E-03)  (-4.6938658E-03,4.3958426E-03)
    0.000000        1.000000        2.000000      
 (-3.3341348E-03,-5.6810677E-04)  (-1.5716068E-04,-1.6670674E-03)  
 (7.8580342E-05,8.3353370E-04)
    0.000000        2.000000        0.000000      
 (-1.6763806E-03,1.0803342E-03)  (0.000000,0.000000)  
 (1.1641532E-03,1.3411045E-03)
    0.000000        2.000000        1.000000      
 (1.0710210E-03,-1.2200326E-03)  (-7.4505806E-04,-2.2700988E-04)  
 (1.4901161E-03,4.5401976E-04)
    0.000000       -2.000000        0.000000      
 (-1.6763806E-03,-1.0803342E-03)  (0.000000,0.000000)  
 (1.1641532E-03,-1.3411045E-03)
    0.000000       -2.000000        1.000000      
 (-3.3900142E-03,-4.1723251E-03)  (-5.5879354E-04,-2.6309863E-04)  
 (-1.1175871E-03,-5.2619725E-04)
    0.000000       -1.000000        0.000000      
 (4.3213367E-03,-2.5238842E-03)  (0.000000,0.000000)  
 (5.6810677E-03,2.0256266E-04)
    0.000000       -1.000000        1.000000      
 (1.0840595E-02,-3.9301813E-03)  (-6.7986548E-04,-6.5937638E-03)  
 (-6.7986548E-04,-6.5937638E-03)
    0.000000       -1.000000        2.000000      
 (-4.9546361E-03,-8.4750354E-04)  (-1.6670674E-03,-2.2910535E-03)  
 (-8.3353370E-04,-1.1455268E-03)
    1.000000        0.000000        0.000000      (0.000000,0.000000)  
 (-3.1888485E-02,7.5623393E-03)  (1.6614795E-02,2.1979213E-02)
    1.000000        0.000000        1.000000      
 (-4.8428774E-03,-1.8067658E-03)  (-1.5124679E-02,1.4007092E-02)  
 (4.8428774E-03,1.8067658E-03)
    1.000000        0.000000        2.000000      (8.1490725E-06,1.1175871E-03)
   (1.7508864E-03,2.5704503E-03)  (-4.0745363E-06,-5.5879354E-04)
    1.000000        1.000000        0.000000      
 (1.2014061E-03,-1.1082739E-03)  (-1.2014061E-03,1.1082739E-03)  
 (4.0046871E-04,4.8056245E-03)
    1.000000        1.000000        1.000000      (1.1455268E-03,2.1606684E-03)
   (-1.6950071E-03,-2.4400651E-03)  (5.5413693E-04,2.7474016E-04)
    1.000000        1.000000        2.000000      
 (-1.6577542E-03,1.3131648E-03)  (4.4936314E-04,-6.7520887E-04)  
 (6.0535967E-04,-3.1897798E-04)
    1.000000        2.000000        0.000000      (2.2724271E-03,1.1269003E-03)
   (-1.1362135E-03,-5.6345016E-04)  (5.6810677E-04,2.2538006E-03)
    1.000000        2.000000        1.000000      (8.2422048E-04,1.1082739E-03)
   (-1.0896474E-03,3.1199306E-04)  (1.3504177E-03,-1.7322600E-03)
    1.000000       -2.000000        0.000000      (1.0151416E-03,1.2107193E-03)
   (5.0757080E-04,6.0535967E-04)  (-1.5459955E-03,-3.1286618E-06)
    1.000000       -2.000000        1.000000      
 (-1.7695129E-03,-1.1362135E-03)  (-9.6857548E-04,-9.9185854E-04)  
 (-1.6763806E-04,-8.5681677E-04)
    1.000000       -1.000000        0.000000      
 (1.6856939E-03,-6.4959750E-04)  (1.6856939E-03,-6.4959750E-04)  
 (-8.2328916E-03,1.8812716E-03)
    1.000000       -1.000000        1.000000      
 (4.2282045E-03,-3.6694109E-03)  (9.2200935E-04,-2.0768493E-03)  
 (-3.3155084E-03,1.5832484E-03)
    1.000000       -1.000000        2.000000      
 (-2.5518239E-03,-1.3224781E-03)  (-3.0733645E-03,-1.9744039E-03)  
 (-2.5960617E-04,-3.2363459E-04)
    2.000000        0.000000        0.000000      (0.000000,0.000000)  
 (3.3527613E-03,6.5774657E-05)  (-6.9383532E-04,-9.7323209E-04)
    2.000000        0.000000        1.000000      
 (-3.7485734E-04,2.1606684E-03)  (9.6391886E-04,2.9802322E-03)  
 (7.4971467E-04,-4.3213367E-03)
    2.000000        1.000000        0.000000      
 (-6.9383532E-04,-1.5366822E-03)  (1.3876706E-03,3.0733645E-03)  
 (-3.3155084E-03,3.9488077E-03)
    2.000000        1.000000        1.000000      (1.1269003E-03,1.0663643E-03)
   (-5.6810677E-04,-4.4330955E-03)  (-1.6763806E-03,2.2910535E-03)
    2.000000       -1.000000        0.000000      
 (-2.4586916E-03,-8.1490725E-04)  (-4.9173832E-03,-1.6298145E-03)  
 (-1.0756776E-03,1.7322600E-03)
    2.000000       -1.000000        1.000000      
 (-1.0756776E-03,5.5413693E-04)  (-1.0419171E-04,2.8312206E-03)  
 (2.0489097E-03,1.7229468E-03)
