   0.00000000       0.00000000      -2.00000000     ( -2.37487257E-04, -1.13621354E-03) (  8.94069672E-04, -3.07336450E-04) (  0.00000000    ,  0.00000000    )
   0.00000000       0.00000000      -1.00000000     (  2.35438347E-02, -3.39932740E-03) (  3.39746475E-02,  2.83867121E-02) (  0.00000000    ,  0.00000000    )
   0.00000000       1.00000000      -2.00000000     ( -1.90921128E-04, -5.35510480E-05) (  2.88709998E-04, -3.35276127E-04) (  1.44354999E-04, -1.67638063E-04)
   0.00000000       1.00000000      -1.00000000     (  1.71363354E-03,  3.17394733E-02) ( -3.60421836E-03, -3.44589353E-03) ( -3.60421836E-03, -3.44589353E-03)
   0.00000000       2.00000000      -1.00000000     (  1.26659870E-03,  9.54605639E-05) (  1.28056854E-04, -4.07453626E-05) (  2.56113708E-04, -8.14907253E-05)
   0.00000000      -2.00000000      -1.00000000     ( -6.23986125E-04, -3.43425199E-05) (  3.72529030E-04,  1.95577741E-04) ( -7.45058060E-04, -3.91155481E-04)
   0.00000000      -1.00000000      -2.00000000     (  7.07805157E-04, -1.90921128E-04) (  4.47034836E-04,  2.32830644E-04) ( -2.23517418E-04, -1.16415322E-04)
   0.00000000      -1.00000000      -1.00000000     (  8.13975930E-03, -9.07108188E-03) ( -2.86847353E-03,  6.48200512E-03) (  2.86847353E-03, -6.48200512E-03)
   1.00000000       0.00000000      -2.00000000     (  4.09781933E-04, -2.32830644E-04) (  5.96046448E-04, -3.35276127E-04) (  2.04890966E-04, -1.16415322E-04)
   1.00000000       0.00000000      -1.00000000     (  9.83476639E-03, -4.79631126E-03) ( -1.03563070E-02, -2.32364982E-03) (  9.83476639E-03, -4.79631126E-03)
   1.00000000       1.00000000      -2.00000000     (  3.81842256E-04,  1.90921128E-04) ( -1.53668225E-04,  7.63684511E-04) (  1.14087015E-04,  4.84287739E-04)
   1.00000000       1.00000000      -1.00000000     (  4.00468707E-04, -2.14204192E-04) ( -9.31322575E-04, -4.74974513E-04) ( -5.30853868E-04, -6.89178705E-04)
   1.00000000       2.00000000      -1.00000000     ( -5.12227416E-05, -4.65661287E-04) (  2.32830644E-04,  3.25962901E-04) (  4.09781933E-04,  1.72294676E-04)
   1.00000000      -2.00000000      -1.00000000     ( -7.45058060E-04, -3.44589353E-04) ( -4.65661287E-04, -4.00468707E-04) (  1.86264515E-04,  4.65661287E-04)
   1.00000000      -1.00000000      -2.00000000     ( -3.53902578E-04,  4.19095159E-04) ( -5.12227416E-04,  2.79396772E-05) (  7.91624188E-05,  1.95577741E-04)
   1.00000000      -1.00000000      -1.00000000     (  1.95577741E-04, -7.45058060E-04) (  7.82310963E-04, -2.56113708E-04) ( -5.96046448E-04, -4.84287739E-04)
   2.00000000       0.00000000      -1.00000000     (  2.84053385E-04,  7.68341124E-05) (  4.19095159E-05, -8.61473382E-05) (  5.68106771E-04,  1.53668225E-04)
   2.00000000       1.00000000      -1.00000000     (  2.51457095E-04,  6.51925802E-05) ( -4.19095159E-04,  2.32830644E-04) (  9.08039510E-05,  3.63215804E-04)
   2.00000000      -1.00000000      -1.00000000     ( -6.75208867E-05, -6.86850399E-05) ( -6.05359674E-04,  4.84287739E-04) (  4.74974513E-04, -6.33299351E-04)
