   0.00000000       0.00000000       1.00000000     ( -6.17001206E-04, -1.17346644E-02) (  2.14576721E-02,  6.20260835E-03) (  0.00000000    ,  0.00000000    )
   0.00000000       0.00000000       2.00000000     (  7.41332769E-03, -2.94297934E-03) ( -1.08033419E-02, -4.65661287E-03) (  0.00000000    ,  0.00000000    )
   0.00000000       1.00000000       0.00000000     (  6.85453415E-03, -2.37487257E-04) (  0.00000000    ,  0.00000000    ) (  1.46403909E-02, -6.18398190E-03)
   0.00000000       1.00000000       1.00000000     ( -6.74277544E-03, -3.25031579E-03) (  4.07919288E-03, -1.30385160E-03) ( -4.07919288E-03,  1.30385160E-03)
   0.00000000       1.00000000       2.00000000     (  4.78699803E-03, -3.35276127E-03) ( -3.44589353E-03,  1.75088644E-03) (  1.72294676E-03, -8.75443220E-04)
   0.00000000       2.00000000       0.00000000     ( -1.47148967E-03,  5.32716513E-03) (  0.00000000    ,  0.00000000    ) ( -4.30736691E-04, -2.49128789E-04)
   0.00000000       2.00000000       1.00000000     (  8.58562998E-05, -1.69500709E-03) ( -1.14552677E-03,  8.42846930E-04) (  2.29105353E-03, -1.68569386E-03)
   0.00000000      -2.00000000       0.00000000     ( -1.47148967E-03, -5.32716513E-03) (  0.00000000    ,  0.00000000    ) ( -4.30736691E-04,  2.49128789E-04)
   0.00000000      -2.00000000       1.00000000     (  1.99303031E-03, -2.36323103E-04) ( -7.77654350E-04,  8.44011083E-05) ( -1.55530870E-03,  1.68802217E-04)
   0.00000000      -1.00000000       0.00000000     (  6.85453415E-03,  2.37487257E-04) (  0.00000000    ,  0.00000000    ) (  1.46403909E-02,  6.18398190E-03)
   0.00000000      -1.00000000       1.00000000     ( -8.82893801E-03, -1.15483999E-02) ( -5.75557351E-03,  6.22123480E-03) ( -5.75557351E-03,  6.22123480E-03)
   0.00000000      -1.00000000       2.00000000     ( -1.73225999E-03, -2.33761966E-03) (  1.56578608E-04,  2.83122063E-03) (  7.82893039E-05,  1.41561031E-03)
   1.00000000       0.00000000       0.00000000     (  0.00000000    ,  0.00000000    ) ( -2.67475843E-02,  6.29574060E-03) (  1.72853470E-02, -5.02914190E-03)
   1.00000000       0.00000000       1.00000000     ( -1.59721822E-03, -2.36555934E-03) (  3.62284482E-03, -6.51925802E-03) (  1.59721822E-03,  2.36555934E-03)
   1.00000000       0.00000000       2.00000000     ( -3.46451998E-03, -1.38767064E-03) ( -1.15483999E-03,  3.31550837E-03) (  1.73225999E-03,  6.93835318E-04)
   1.00000000       1.00000000       0.00000000     (  4.84287739E-04,  7.27595761E-06) ( -4.84287739E-04, -7.27595761E-06) (  7.05942512E-03,  1.45658851E-02)
   1.00000000       1.00000000       1.00000000     ( -4.45172191E-03, -8.19563866E-04) (  2.25380063E-03,  3.37138772E-03) (  2.20723450E-03, -2.54251063E-03)
   1.00000000       1.00000000       2.00000000     ( -3.53902578E-04,  1.11293048E-03) (  2.16998160E-03,  1.06636435E-03) ( -9.08039510E-04, -1.08964741E-03)
   1.00000000       2.00000000       0.00000000     ( -7.31088221E-04, -1.39116310E-04) (  3.65544111E-04,  6.95581548E-05) ( -6.79865479E-04, -1.63912773E-03)
   1.00000000       2.00000000       1.00000000     (  2.18860805E-03, -3.82715371E-05) ( -8.66129994E-04, -1.47265382E-04) ( -4.56348062E-04,  3.32947820E-04)
   1.00000000      -2.00000000       0.00000000     ( -1.47148967E-03, -1.48429535E-04) ( -7.35744834E-04, -7.42147677E-05) ( -1.11758709E-03,  2.88709998E-03)
   1.00000000      -2.00000000       1.00000000     ( -1.06520019E-04, -8.38190317E-04) (  1.02911144E-03, -5.79748303E-04) (  2.16066837E-03, -3.20142135E-04)
   1.00000000      -1.00000000       0.00000000     (  7.00354576E-03,  2.16998160E-03) (  7.00354576E-03,  2.16998160E-03) ( -2.70083547E-03,  1.81142241E-03)
   1.00000000      -1.00000000       1.00000000     ( -1.55530870E-03,  3.22237611E-03) ( -1.09896064E-03, -3.07336450E-03) (  4.56348062E-04, -6.29574060E-03)
   1.00000000      -1.00000000       2.00000000     ( -3.52039933E-03, -1.11293048E-03) (  1.85333192E-03,  1.84401870E-03) (  2.68220901E-03,  1.48080289E-03)
   2.00000000       0.00000000       0.00000000     (  0.00000000    ,  0.00000000    ) ( -2.45869160E-03,  2.72877514E-03) (  1.63912773E-03, -2.67289579E-03)
   2.00000000       0.00000000       1.00000000     ( -1.11758709E-03,  1.09430403E-03) ( -8.75443220E-04, -3.85567546E-03) (  2.23517418E-03, -2.18860805E-03)
   2.00000000       1.00000000       0.00000000     ( -1.18743628E-03, -1.29453838E-03) (  2.37487257E-03,  2.58907676E-03) ( -3.31783667E-04,  3.68803740E-03)
   2.00000000       1.00000000       1.00000000     ( -8.28877091E-04,  4.09781933E-04) (  3.25962901E-04,  9.31322575E-04) (  1.33179128E-03, -1.75088644E-03)
   2.00000000      -1.00000000       0.00000000     ( -2.07684934E-03, -9.96515155E-04) ( -4.15369868E-03, -1.99303031E-03) (  6.98491931E-04,  4.43309546E-03)
   2.00000000      -1.00000000       1.00000000     (  2.15135515E-03,  5.20958565E-05) ( -8.84756446E-04,  9.12696123E-04) ( -5.19677997E-03,  8.05594027E-04)
