   0.00000000       0.00000000       1.00000000     (  2.74926424E-02,  7.26431608E-03) (  2.85357237E-02, -3.36766243E-02) (  0.00000000    ,  0.00000000    )
   0.00000000       0.00000000       2.00000000     ( -2.09547579E-04,  1.84401870E-03) (  1.47148967E-03,  6.61239028E-04) (  0.00000000    ,  0.00000000    )
   0.00000000       1.00000000       0.00000000     ( -1.95950270E-02,  7.38073140E-04) (  0.00000000    ,  0.00000000    ) (  3.88361514E-03,  1.42678618E-02)
   0.00000000       1.00000000       1.00000000     (  8.34465027E-03,  4.45172191E-03) ( -1.69035047E-03, -1.00024045E-02) (  1.69035047E-03,  1.00024045E-02)
   0.00000000       1.00000000       2.00000000     (  1.63912773E-03, -2.32830644E-04) (  5.02914190E-04, -3.77185643E-04) ( -2.51457095E-04,  1.88592821E-04)
   0.00000000       2.00000000       0.00000000     (  1.72294676E-04, -8.94069672E-04) (  0.00000000    ,  0.00000000    ) (  1.28522515E-03, -1.76951289E-03)
   0.00000000       2.00000000       1.00000000     ( -7.35744834E-04, -8.28877091E-04) (  6.14672899E-04, -1.25728548E-04) ( -1.22934580E-03,  2.51457095E-04)
   0.00000000      -2.00000000       0.00000000     (  1.72294676E-04,  8.94069672E-04) (  0.00000000    ,  0.00000000    ) (  1.28522515E-03,  1.76951289E-03)
   0.00000000      -2.00000000       1.00000000     (  2.79396772E-03, -4.33064997E-04) (  5.49480319E-04, -3.77185643E-04) (  1.09896064E-03, -7.54371285E-04)
   0.00000000      -1.00000000       0.00000000     ( -1.95950270E-02, -7.38073140E-04) (  0.00000000    ,  0.00000000    ) (  3.88361514E-03, -1.42678618E-02)
   0.00000000      -1.00000000       1.00000000     (  8.40052962E-03, -2.86847353E-02) ( -6.91507012E-04,  2.42143869E-03) ( -6.91507012E-04,  2.42143869E-03)
   0.00000000      -1.00000000       2.00000000     (  2.65426934E-04,  3.95812094E-04) ( -1.39698386E-04,  7.54371285E-04) ( -6.98491931E-05,  3.77185643E-04)
   1.00000000       0.00000000       0.00000000     (  0.00000000    ,  0.00000000    ) ( -1.34855509E-02,  1.43796206E-02) (  3.53902578E-02,  2.65240669E-02)
   1.00000000       0.00000000       1.00000000     (  3.91155481E-03, -3.79048288E-03) ( -3.67313623E-02,  5.64381480E-03) ( -3.91155481E-03,  3.79048288E-03)
   1.00000000       0.00000000       2.00000000     ( -3.44589353E-04, -1.02445483E-03) ( -1.67638063E-03, -1.15483999E-03) (  1.72294676E-04,  5.12227416E-04)
   1.00000000       1.00000000       0.00000000     (  5.36441803E-03,  6.37024641E-03) ( -5.36441803E-03, -6.37024641E-03) ( -1.05798244E-02,  1.19581819E-02)
   1.00000000       1.00000000       1.00000000     ( -5.86733222E-04,  1.13621354E-03) (  1.11758709E-03, -9.08039510E-05) ( -5.30853868E-04, -1.04308128E-03)
   1.00000000       1.00000000       2.00000000     (  5.02914190E-04,  1.74622983E-04) (  1.69966370E-04, -1.07102096E-04) ( -3.39932740E-04, -3.43425199E-05)
   1.00000000       2.00000000       0.00000000     (  7.26431608E-04, -9.59262252E-04) ( -3.63215804E-04,  4.79631126E-04) ( -1.11758709E-03,  4.65661287E-04)
   1.00000000       2.00000000       1.00000000     ( -1.75088644E-03, -6.75208867E-05) (  1.35973096E-03,  3.67872417E-04) ( -9.59262252E-04, -6.70552254E-04)
   1.00000000      -2.00000000       0.00000000     (  2.74740160E-04,  1.02445483E-03) (  1.37370080E-04,  5.12227416E-04) (  9.87201929E-04,  6.23986125E-04)
   1.00000000      -2.00000000       1.00000000     (  3.39932740E-04, -1.30385160E-03) (  2.42143869E-04, -1.00582838E-03) (  1.46683306E-04, -7.07805157E-04)
   1.00000000      -1.00000000       0.00000000     ( -2.33296305E-03, -1.60932541E-02) ( -2.33296305E-03, -1.60932541E-02) ( -1.35973096E-02,  1.75461173E-02)
   1.00000000      -1.00000000       1.00000000     ( -9.12696123E-04, -2.35158950E-04) (  8.75443220E-04,  1.91852450E-03) (  1.78813934E-03,  2.16066837E-03)
   1.00000000      -1.00000000       2.00000000     (  9.87201929E-04, -1.32247806E-03) (  2.84053385E-04, -3.86498868E-04) ( -3.49245965E-04,  4.70317900E-04)
   2.00000000       0.00000000       0.00000000     (  0.00000000    ,  0.00000000    ) ( -1.71363354E-03, -1.17346644E-03) (  9.49949026E-04, -8.56816769E-04)
   2.00000000       0.00000000       1.00000000     ( -5.12227416E-04,  8.28877091E-04) ( -1.95577741E-04, -8.84756446E-04) (  1.02445483E-03, -1.65775418E-03)
   2.00000000       1.00000000       0.00000000     (  6.05359674E-04, -3.72529030E-04) ( -1.21071935E-03,  7.45058060E-04) (  2.23517418E-04,  1.83936208E-04)
   2.00000000       1.00000000       1.00000000     (  9.31322575E-05, -2.35158950E-04) ( -7.54371285E-04,  1.62050128E-03) (  5.68106771E-04, -1.13621354E-03)
   2.00000000      -1.00000000       0.00000000     (  2.51457095E-04, -8.00937414E-04) (  5.02914190E-04, -1.60187483E-03) (  2.74740160E-04, -7.91624188E-04)
   2.00000000      -1.00000000       1.00000000     (  9.31322575E-04, -5.74800652E-06) (  1.45286322E-03, -1.42026693E-04) ( -4.05125320E-04, -1.30385160E-04)
