    0.000000        0.000000        1.000000      (2.0861626E-02,1.1548400E-02)
   (-1.0281801E-02,-1.6167760E-02)  (0.000000,0.000000)
    0.000000        0.000000        2.000000      
 (5.7555735E-03,-1.3480894E-03)  (5.8673322E-03,4.8615038E-03)  
 (0.000000,0.000000)
    0.000000        1.000000        0.000000      (1.8998981E-03,6.9662929E-03)
   (0.000000,0.000000)  (3.9115548E-03,-1.7788261E-03)
    0.000000        1.000000        1.000000      (4.6938658E-03,4.2840838E-03)
   (5.6065619E-03,-4.3213367E-03)  (-5.6065619E-03,4.3213367E-03)
    0.000000        1.000000        2.000000      
 (-8.0280006E-03,-2.2258610E-03)  (-3.6973506E-03,-2.1746382E-03)  
 (1.8486753E-03,1.0873191E-03)
    0.000000        2.000000        0.000000      
 (-4.4144690E-03,4.3888576E-04)  (0.000000,0.000000)  
 (-2.6848284E-05,2.8125942E-03)
    0.000000        2.000000        1.000000      
 (8.1397593E-03,-2.8219074E-03)  (-6.4494088E-04,-1.4854595E-03)  
 (1.2898818E-03,2.9709190E-03)
    0.000000       -2.000000        0.000000      
 (-4.4144690E-03,-4.3888576E-04)  (0.000000,0.000000)  
 (-2.6848284E-05,-2.8125942E-03)
    0.000000       -2.000000        1.000000      
 (-1.1697412E-02,-1.1175871E-02)  (-3.2130629E-03,7.4971467E-04)  
 (-6.4261258E-03,1.4994293E-03)
    0.000000       -1.000000        0.000000      
 (1.8998981E-03,-6.9662929E-03)  (0.000000,0.000000)  
 (3.9115548E-03,1.7788261E-03)
    0.000000       -1.000000        1.000000      
 (6.8917871E-03,-4.9173832E-03)  (-1.5133992E-03,-4.8801303E-03)  
 (-1.5133992E-03,-4.8801303E-03)
    0.000000       -1.000000        2.000000      
 (-1.3038516E-02,6.5308996E-04)  (-2.9895455E-03,-9.7556040E-04)  
 (-1.4947727E-03,-4.8778020E-04)
    1.000000        0.000000        0.000000      (0.000000,0.000000)  
 (-2.6226044E-02,5.2899122E-03)  (1.6242266E-02,1.7881393E-02)
    1.000000        0.000000        1.000000      
 (-2.7753413E-03,-2.8125942E-03)  (-1.7359853E-02,1.3709068E-02)  
 (2.7753413E-03,2.8125942E-03)
    1.000000        0.000000        2.000000      (3.3760443E-04,1.8719584E-03)
   (4.3679029E-03,9.2759728E-03)  (-1.6880222E-04,-9.3597919E-04)
    1.000000        1.000000        0.000000      
 (2.8591603E-03,-1.4668331E-03)  (-2.8591603E-03,1.4668331E-03)  
 (-1.5180558E-03,2.6915222E-03)
    1.000000        1.000000        1.000000      (1.9418076E-03,4.3865293E-03)
   (-3.3807009E-03,-3.6414713E-03)  (1.4342368E-03,-7.4738637E-04)
    1.000000        1.000000        2.000000      
 (-4.1909516E-03,1.8673018E-03)  (1.6589183E-04,-4.4982880E-03)  
 (2.0116568E-03,1.3178214E-03)
    1.000000        2.000000        0.000000      (3.5669655E-03,2.1327287E-03)
   (-1.7834827E-03,-1.0663643E-03)  (3.5762787E-03,7.7486038E-03)
    1.000000        2.000000        1.000000      (2.6589260E-03,2.8405339E-03)
   (-2.2770837E-03,9.7788870E-04)  (1.8952414E-03,-4.7963113E-03)
    1.000000       -2.000000        0.000000      (1.4808029E-03,7.0221722E-03)
   (7.4040145E-04,3.5110861E-03)  (-5.1129609E-03,-8.3353370E-04)
    1.000000       -2.000000        1.000000      
 (-3.1664968E-03,-1.3015233E-03)  (-1.0477379E-03,-9.5926225E-04)  
 (1.0733493E-03,-6.1700121E-04)
    1.000000       -1.000000        0.000000      
 (-7.7299774E-04,4.3306500E-04)  (-7.7299774E-04,4.3306500E-04)  
 (-5.8859587E-03,3.2223761E-03)
    1.000000       -1.000000        1.000000      
 (1.2554228E-02,-3.2037497E-03)  (3.6600977E-03,-1.1641532E-03)  
 (-8.9034438E-03,2.0349398E-03)
    1.000000       -1.000000        2.000000      
 (-4.4982880E-03,-1.4482066E-03)  (-7.8789890E-03,-4.5541674E-03)  
 (-1.6903505E-03,-1.5506521E-03)
    2.000000        0.000000        0.000000      (0.000000,0.000000)  
 (1.1138618E-02,-2.7148053E-03)  (-4.5518391E-04,1.6625563E-05)
    2.000000        0.000000        1.000000      
 (-2.2444874E-03,5.4575503E-03)  (3.3248216E-03,8.1956387E-03)  
 (4.4889748E-03,-1.0915101E-02)
    2.000000        1.000000        0.000000      
 (-1.9697472E-03,-3.1851232E-03)  (3.9394945E-03,6.3702464E-03)  
 (-7.7858567E-03,5.8859587E-03)
    2.000000        1.000000        1.000000      (2.9429793E-03,3.7997961E-03)
   (-3.4458935E-03,-1.2665987E-02)  (-2.4400651E-03,5.0663948E-03)
    2.000000       -1.000000        0.000000      
 (-3.9394945E-03,-3.0454248E-03)  (-7.8789890E-03,-6.0908496E-03)  
 (7.3341653E-04,3.9674342E-03)
    2.000000       -1.000000        1.000000      
 (-3.9581209E-03,2.6402995E-03)  (-2.8032809E-03,7.8044832E-03)  
 (5.1036477E-03,2.5331974E-03)
