   0.00000000       0.00000000       1.00000000     ( -9.91858542E-04, -1.21071935E-02) (  2.13831663E-02,  7.13393092E-03) (  0.00000000    ,  0.00000000    )
   0.00000000       0.00000000       2.00000000     (  6.63101673E-03, -2.92435288E-03) ( -9.46223736E-03, -3.76254320E-03) (  0.00000000    ,  0.00000000    )
   0.00000000       1.00000000       0.00000000     (  7.45058060E-03,  8.49831849E-04) (  0.00000000    ,  0.00000000    ) (  1.48639083E-02, -7.18981028E-03)
   0.00000000       1.00000000       1.00000000     ( -8.04662704E-03, -3.91155481E-03) (  4.00468707E-03, -1.35507435E-03) ( -4.00468707E-03,  1.35507435E-03)
   0.00000000       1.00000000       2.00000000     (  3.94880772E-03, -2.53319740E-03) ( -3.31550837E-03,  1.55530870E-03) (  1.65775418E-03, -7.77654350E-04)
   0.00000000       2.00000000       0.00000000     ( -1.39698386E-03,  4.04193997E-03) (  0.00000000    ,  0.00000000    ) ( -3.40514816E-05, -6.61239028E-04)
   0.00000000       2.00000000       1.00000000     (  3.35276127E-04, -6.00703061E-04) ( -7.59027898E-04,  6.37955964E-04) (  1.51805580E-03, -1.27591193E-03)
   0.00000000      -2.00000000       0.00000000     ( -1.39698386E-03, -4.04193997E-03) (  0.00000000    ,  0.00000000    ) ( -3.40514816E-05,  6.61239028E-04)
   0.00000000      -2.00000000       1.00000000     (  1.68569386E-03, -5.65778464E-04) ( -8.56816769E-04,  4.04543243E-05) ( -1.71363354E-03,  8.09086487E-05)
   0.00000000      -1.00000000       0.00000000     (  7.45058060E-03, -8.49831849E-04) (  0.00000000    ,  0.00000000    ) (  1.48639083E-02,  7.18981028E-03)
   0.00000000      -1.00000000       1.00000000     ( -9.46223736E-03, -1.15856528E-02) ( -5.99771738E-03,  6.35161996E-03) ( -5.99771738E-03,  6.35161996E-03)
   0.00000000      -1.00000000       2.00000000     ( -1.46217644E-03, -1.96509063E-03) ( -1.68802217E-04,  2.47731805E-03) ( -8.44011083E-05,  1.23865902E-03)
   1.00000000       0.00000000       0.00000000     (  0.00000000    ,  0.00000000    ) ( -2.78651714E-02,  5.96046448E-03) (  1.84774399E-02, -5.36441803E-03)
   1.00000000       0.00000000       1.00000000     ( -1.65775418E-03, -2.49594450E-03) (  4.65661287E-03, -5.94183803E-03) (  1.65775418E-03,  2.49594450E-03)
   1.00000000       0.00000000       2.00000000     ( -3.09199095E-03, -1.31316483E-03) ( -1.07567757E-03,  3.25962901E-03) (  1.54599547E-03,  6.56582415E-04)
   1.00000000       1.00000000       0.00000000     (  2.06055120E-04, -2.92202458E-04) ( -2.06055120E-04,  2.92202458E-04) (  7.39470124E-03,  1.54227018E-02)
   1.00000000       1.00000000       1.00000000     ( -4.33996320E-03, -7.77654350E-04) (  2.25380063E-03,  2.77534127E-03) (  2.09547579E-03, -1.98371708E-03)
   1.00000000       1.00000000       2.00000000     (  1.07684173E-04,  1.04308128E-03) (  1.75088644E-03,  8.98726285E-04) ( -9.31322575E-04, -9.73232090E-04)
   1.00000000       2.00000000       0.00000000     ( -8.33533704E-04, -5.02914190E-04) (  4.16766852E-04,  2.51457095E-04) (  4.22005542E-05, -1.65775418E-03)
   1.00000000       2.00000000       1.00000000     (  1.67638063E-03, -9.66247171E-05) ( -6.70552254E-04, -9.95351002E-05) ( -3.39932740E-04,  2.95694917E-04)
   1.00000000      -2.00000000       0.00000000     ( -1.62981451E-03, -2.39815563E-04) ( -8.14907253E-04, -1.19907781E-04) ( -7.21774995E-04,  2.22586095E-03)
   1.00000000      -2.00000000       1.00000000     (  1.23691279E-05, -8.94069672E-04) (  8.94069672E-04, -4.58676368E-04) (  1.76951289E-03, -2.11002771E-05)
   1.00000000      -1.00000000       0.00000000     (  7.89761543E-03,  2.45869160E-03) (  7.89761543E-03,  2.45869160E-03) ( -2.55182385E-03, -2.56113708E-05)
   1.00000000      -1.00000000       1.00000000     ( -1.95577741E-03,  2.68220901E-03) ( -1.13155693E-03, -2.41212547E-03) (  8.19563866E-04, -5.10364771E-03)
   1.00000000      -1.00000000       2.00000000     ( -2.51457095E-03, -8.89413059E-04) (  1.86264515E-03,  1.87195837E-03) (  2.18860805E-03,  1.37835741E-03)
   2.00000000       0.00000000       0.00000000     (  0.00000000    ,  0.00000000    ) ( -2.21654773E-03,  2.14204192E-03) (  1.90921128E-03, -2.35624611E-03)
   2.00000000       0.00000000       1.00000000     ( -9.68575478E-04,  9.87201929E-04) ( -1.30967237E-04, -3.52039933E-03) (  1.93715096E-03, -1.97440386E-03)
   2.00000000       1.00000000       0.00000000     ( -1.17812306E-03, -1.13621354E-03) (  2.35624611E-03,  2.27242708E-03) ( -4.86616045E-04,  3.37138772E-03)
   2.00000000       1.00000000       1.00000000     ( -7.77654350E-04,  3.25962901E-04) (  4.84287739E-04,  8.10250640E-04) (  1.07102096E-03, -1.46217644E-03)
   2.00000000      -1.00000000       0.00000000     ( -1.62050128E-03, -8.61473382E-04) ( -3.24100256E-03, -1.72294676E-03) (  4.02797014E-04,  3.52039933E-03)
   2.00000000      -1.00000000       1.00000000     (  1.97440386E-03,  3.98140401E-04) ( -5.09899110E-04,  9.17352736E-04) ( -4.45172191E-03,  1.18743628E-04)
