   0.00000000       0.00000000       1.00000000     (  1.76578760E-02, -5.69270924E-04) (  3.44961882E-02, -2.06381083E-02) (  0.00000000    ,  0.00000000    )
   0.00000000       0.00000000       2.00000000     (  1.28522515E-03, -2.62632966E-03) ( -2.12341547E-03,  2.53203325E-05) (  0.00000000    ,  0.00000000    )
   0.00000000       1.00000000       0.00000000     ( -1.18091702E-02, -1.82539225E-03) (  0.00000000    ,  0.00000000    ) (  6.92903996E-03,  1.40070915E-02)
   0.00000000       1.00000000       1.00000000     (  7.91624188E-03,  1.00955367E-02) ( -2.31899321E-03, -3.10130417E-03) (  2.31899321E-03,  3.10130417E-03)
   0.00000000       1.00000000       2.00000000     ( -1.03376806E-03, -9.22009349E-04) ( -9.22009349E-04,  2.25845724E-04) (  4.61004674E-04, -1.12922862E-04)
   0.00000000       2.00000000       0.00000000     (  7.26431608E-04,  2.73808837E-03) (  0.00000000    ,  0.00000000    ) ( -3.27825546E-03,  2.06753612E-03)
   0.00000000       2.00000000       1.00000000     (  2.14204192E-03, -9.22009349E-04) ( -7.35744834E-04,  2.16532499E-04) (  1.47148967E-03, -4.33064997E-04)
   0.00000000      -2.00000000       0.00000000     (  7.26431608E-04, -2.73808837E-03) (  0.00000000    ,  0.00000000    ) ( -3.27825546E-03, -2.06753612E-03)
   0.00000000      -2.00000000       1.00000000     ( -1.67638063E-03, -2.72411853E-04) (  1.58324838E-04, -7.21774995E-04) (  3.16649675E-04, -1.44354999E-03)
   0.00000000      -1.00000000       0.00000000     ( -1.18091702E-02,  1.82539225E-03) (  0.00000000    ,  0.00000000    ) (  6.92903996E-03, -1.40070915E-02)
   0.00000000      -1.00000000       1.00000000     ( -2.18860805E-03, -2.96533108E-02) ( -5.71832061E-03,  2.42143869E-03) ( -5.71832061E-03,  2.42143869E-03)
   0.00000000      -1.00000000       2.00000000     (  1.16415322E-03, -7.36690708E-07) ( -6.79865479E-04, -8.75443220E-04) ( -3.39932740E-04, -4.37721610E-04)
   1.00000000       0.00000000       0.00000000     (  0.00000000    ,  0.00000000    ) ( -1.82166696E-02,  1.74716115E-02) (  2.42888927E-02,  1.15483999E-02)
   1.00000000       0.00000000       1.00000000     ( -2.02562660E-03, -1.50408596E-03) ( -2.46614218E-02, -8.17701221E-03) (  2.02562660E-03,  1.50408596E-03)
   1.00000000       0.00000000       2.00000000     ( -1.22003257E-03,  1.14552677E-03) (  9.77888703E-04,  1.22934580E-03) (  6.10016286E-04, -5.72763383E-04)
   1.00000000       1.00000000       0.00000000     (  3.50410119E-04,  1.83936208E-03) ( -3.50410119E-04, -1.83936208E-03) ( -9.76026058E-03,  1.15856528E-02)
   1.00000000       1.00000000       1.00000000     (  9.96515155E-04, -5.12227416E-04) ( -2.75671482E-03, -1.49011612E-04) (  1.75088644E-03,  6.61239028E-04)
   1.00000000       1.00000000       2.00000000     ( -2.36555934E-03, -8.26548785E-05) (  3.67872417E-04,  1.22003257E-03) (  9.96515155E-04, -5.68106771E-04)
   1.00000000       2.00000000       0.00000000     (  1.50874257E-03, -3.56230885E-04) ( -7.54371285E-04,  1.78115442E-04) (  2.98023224E-04,  1.80676579E-03)
   1.00000000       2.00000000       1.00000000     (  1.01514161E-03,  1.04308128E-03) ( -1.05239451E-03, -4.19095159E-05) (  1.08033419E-03, -9.59262252E-04)
   1.00000000      -2.00000000       0.00000000     ( -1.50874257E-03, -3.25962901E-04) ( -7.54371285E-04, -1.62981451E-04) ( -1.33179128E-03, -1.89989805E-03)
   1.00000000      -2.00000000       1.00000000     ( -1.08033419E-03, -2.42143869E-04) ( -3.53902578E-04, -1.53668225E-04) (  3.72529030E-04, -6.51925802E-05)
   1.00000000      -1.00000000       0.00000000     ( -5.83240762E-04, -7.99074769E-03) ( -5.83240762E-04, -7.99074769E-03) ( -1.07660890E-02,  2.63005495E-02)
   1.00000000      -1.00000000       1.00000000     (  2.79396772E-03,  8.94069672E-04) ( -5.54136932E-04, -3.16649675E-03) ( -3.35276127E-03, -4.06056643E-03)
   1.00000000      -1.00000000       2.00000000     ( -2.36555934E-03,  2.08616257E-03) ( -1.25728548E-03,  1.38767064E-03) (  5.54136932E-04, -3.56230885E-04)
   2.00000000       0.00000000       0.00000000     (  0.00000000    ,  0.00000000    ) (  1.56462193E-03,  3.35276127E-03) ( -7.26431608E-04,  2.08616257E-03)
   2.00000000       0.00000000       1.00000000     (  3.51574272E-04, -8.10250640E-04) (  9.49949026E-04,  1.76951289E-03) ( -7.03148544E-04,  1.62050128E-03)
   2.00000000       1.00000000       0.00000000     (  3.11993062E-04,  1.23865902E-03) ( -6.23986125E-04, -2.47731805E-03) ( -1.71363354E-03,  2.86847353E-03)
   2.00000000       1.00000000       1.00000000     (  7.45058060E-04,  2.88709998E-04) ( -6.05359674E-04, -1.76951289E-03) ( -8.84756446E-04,  1.18277967E-03)
   2.00000000      -1.00000000       0.00000000     ( -5.49480319E-04,  4.84287739E-04) ( -1.09896064E-03,  9.68575478E-04) ( -1.08033419E-03, -1.04773790E-04)
   2.00000000      -1.00000000       1.00000000     ( -8.56816769E-04,  7.27595761E-06) ( -2.60770321E-03, -2.58442014E-04) ( -9.03382897E-04, -2.72411853E-04)
