   0.00000000       0.00000000      -2.00000000     (  1.26659870E-03,  2.08616257E-03) ( -1.80676579E-03, -1.72294676E-04) (  0.00000000    ,  0.00000000    )
   0.00000000       0.00000000      -1.00000000     (  1.68383121E-02,  1.95577741E-03) (  3.59863043E-02,  1.91852450E-02) (  0.00000000    ,  0.00000000    )
   0.00000000       1.00000000      -2.00000000     (  1.11758709E-03,  2.73576006E-05) ( -3.39932740E-04,  7.35744834E-04) ( -1.69966370E-04,  3.67872417E-04)
   0.00000000       1.00000000      -1.00000000     ( -3.09199095E-03,  2.98768282E-02) ( -6.50063157E-03, -2.19326466E-03) ( -6.50063157E-03, -2.19326466E-03)
   0.00000000       2.00000000      -1.00000000     ( -1.02445483E-03,  3.00351530E-04) (  1.10594556E-04,  7.17118382E-04) (  2.21189111E-04,  1.43423676E-03)
   0.00000000      -2.00000000      -1.00000000     (  1.99303031E-03,  7.63684511E-04) ( -6.33299351E-04, -6.92671165E-05) (  1.26659870E-03,  1.38534233E-04)
   0.00000000      -1.00000000      -2.00000000     ( -6.70552254E-04,  8.28877091E-04) ( -7.07805157E-04, -2.16532499E-04) (  3.53902578E-04,  1.08266249E-04)
   0.00000000      -1.00000000      -1.00000000     (  8.23289156E-03, -1.03563070E-02) ( -1.94180757E-03,  2.55182385E-03) (  1.94180757E-03, -2.55182385E-03)
   1.00000000       0.00000000      -2.00000000     ( -9.22009349E-04, -1.74622983E-04) ( -6.89178705E-04,  1.21071935E-03) ( -4.61004674E-04, -8.73114914E-05)
   1.00000000       0.00000000      -1.00000000     (  8.94069672E-03, -5.12227416E-03) ( -9.76026058E-03,  2.67289579E-03) (  8.94069672E-03, -5.12227416E-03)
   1.00000000       1.00000000      -2.00000000     ( -6.14672899E-04, -1.21071935E-04) (  6.98491931E-04, -1.88127160E-03) (  4.30736691E-05, -1.00582838E-03)
   1.00000000       1.00000000      -1.00000000     ( -1.88127160E-03,  1.71363354E-03) (  1.97440386E-03, -3.05590220E-05) (  9.42964107E-05,  1.67638063E-03)
   1.00000000       2.00000000      -1.00000000     (  4.23751771E-04, -6.51925802E-04) ( -5.30853868E-04, -1.55996531E-04) ( -6.33299351E-04, -9.68575478E-04)
   1.00000000      -2.00000000      -1.00000000     (  1.22003257E-03,  3.39932740E-04) (  8.75443220E-04,  4.88944352E-04) ( -5.26197255E-04, -6.42612576E-04)
   1.00000000      -1.00000000      -2.00000000     (  7.07805157E-04, -8.56816769E-04) (  7.91624188E-04, -5.91389835E-04) ( -4.19095159E-05, -1.33877620E-04)
   1.00000000      -1.00000000      -1.00000000     (  4.83123586E-05,  1.58324838E-03) ( -9.96515155E-04,  9.77888703E-04) (  1.05239451E-03,  6.10016286E-04)
   2.00000000       0.00000000      -1.00000000     ( -4.88944352E-04, -2.88709998E-04) (  6.79865479E-04, -5.49480319E-04) ( -9.77888703E-04, -5.77419996E-04)
   2.00000000       1.00000000      -1.00000000     (  5.07570803E-04,  3.30619514E-04) ( -5.35510480E-04,  6.89178705E-04) (  4.84287739E-04,  1.35973096E-03)
   2.00000000      -1.00000000      -1.00000000     (  3.72529030E-04,  1.14087015E-04) (  9.31322575E-04, -8.56816769E-04) ( -1.86264515E-04,  1.08033419E-03)
