   0.00000000       0.00000000       1.00000000     (  2.76416540E-02,  7.80448318E-03) (  2.69711018E-02, -3.39746475E-02) (  0.00000000    ,  0.00000000    )
   0.00000000       0.00000000       2.00000000     ( -1.21071935E-04,  8.94069672E-04) (  7.07805157E-04,  3.07336450E-04) (  0.00000000    ,  0.00000000    )
   0.00000000       1.00000000       0.00000000     ( -1.91107392E-02,  1.18510798E-03) (  0.00000000    ,  0.00000000    ) (  3.70666385E-03,  1.32620335E-02)
   0.00000000       1.00000000       1.00000000     (  8.25151801E-03,  3.32482159E-03) ( -1.28988177E-03, -1.03376806E-02) (  1.28988177E-03,  1.03376806E-02)
   0.00000000       1.00000000       2.00000000     (  8.19563866E-04, -1.62981451E-04) (  2.23517418E-04, -1.62981451E-04) ( -1.11758709E-04,  8.14907253E-05)
   0.00000000       2.00000000       0.00000000     (  1.67638063E-04, -3.44589353E-04) (  0.00000000    ,  0.00000000    ) (  5.77419996E-04, -8.00937414E-04)
   0.00000000       2.00000000       1.00000000     ( -3.53902578E-04, -4.65661287E-04) (  2.88709998E-04, -3.02679837E-05) ( -5.77419996E-04,  6.05359674E-05)
   0.00000000      -2.00000000       0.00000000     (  1.67638063E-04,  3.44589353E-04) (  0.00000000    ,  0.00000000    ) (  5.77419996E-04,  8.00937414E-04)
   0.00000000      -2.00000000       1.00000000     (  1.41561031E-03, -2.28174031E-04) (  2.88709998E-04, -2.04890966E-04) (  5.77419996E-04, -4.09781933E-04)
   0.00000000      -1.00000000       0.00000000     ( -1.91107392E-02, -1.18510798E-03) (  0.00000000    ,  0.00000000    ) (  3.70666385E-03, -1.32620335E-02)
   0.00000000      -1.00000000       1.00000000     (  9.64850187E-03, -2.75671482E-02) ( -2.31084414E-04,  2.03028321E-03) ( -2.31084414E-04,  2.03028321E-03)
   0.00000000      -1.00000000       2.00000000     (  1.39698386E-04,  2.04890966E-04) ( -1.09430403E-04,  3.81842256E-04) ( -5.47152013E-05,  1.90921128E-04)
   1.00000000       0.00000000       0.00000000     (  0.00000000    ,  0.00000000    ) ( -1.32620335E-02,  1.36718154E-02) (  3.52412462E-02,  2.71201134E-02)
   1.00000000       0.00000000       1.00000000     (  4.29339707E-03, -3.60421836E-03) ( -3.66568565E-02,  7.00354576E-03) ( -4.29339707E-03,  3.60421836E-03)
   1.00000000       0.00000000       2.00000000     ( -1.90921128E-04, -4.84287739E-04) ( -8.75443220E-04, -5.77419996E-04) (  9.54605639E-05,  2.42143869E-04)
   1.00000000       1.00000000       0.00000000     (  5.71832061E-03,  6.70552254E-03) ( -5.71832061E-03, -6.70552254E-03) ( -1.04494393E-02,  1.15483999E-02)
   1.00000000       1.00000000       1.00000000     ( -2.23517418E-04,  5.58793545E-04) (  4.84287739E-04, -5.47152013E-05) ( -2.51457095E-04, -5.02914190E-04)
   1.00000000       1.00000000       2.00000000     (  2.04890966E-04,  9.08039510E-05) (  1.35041773E-04, -6.05359674E-05) ( -1.67638063E-04, -1.51339918E-05)
   1.00000000       2.00000000       0.00000000     (  3.72529030E-04, -5.21540642E-04) ( -1.86264515E-04,  2.60770321E-04) ( -4.84287739E-04,  2.60770321E-04)
   1.00000000       2.00000000       1.00000000     ( -8.38190317E-04, -2.69210432E-06) (  6.70552254E-04,  1.76951289E-04) ( -5.21540642E-04, -3.53902578E-04)
   1.00000000      -2.00000000       0.00000000     (  1.07102096E-04,  5.02914190E-04) (  5.35510480E-05,  2.51457095E-04) (  4.84287739E-04,  2.32830644E-04)
   1.00000000      -2.00000000       1.00000000     (  1.44354999E-04, -6.70552254E-04) (  1.21071935E-04, -5.21540642E-04) (  1.02445483E-04, -3.72529030E-04)
   1.00000000      -1.00000000       0.00000000     ( -2.60304660E-03, -1.63540244E-02) ( -2.60304660E-03, -1.63540244E-02) ( -1.31502748E-02,  1.63167715E-02)
   1.00000000      -1.00000000       1.00000000     ( -4.09781933E-04, -1.11758709E-04) (  4.37721610E-04,  8.75443220E-04) (  8.38190317E-04,  9.68575478E-04)
   1.00000000      -1.00000000       2.00000000     (  3.72529030E-04, -5.96046448E-04) (  1.02445483E-04, -1.90921128E-04) ( -1.35041773E-04,  2.00234354E-04)
   2.00000000       0.00000000       0.00000000     (  0.00000000    ,  0.00000000    ) ( -8.38190317E-04, -4.84287739E-04) (  4.84287739E-04, -3.25962901E-04)
   2.00000000       0.00000000       1.00000000     ( -2.28174031E-04,  3.81842256E-04) ( -8.84756446E-05, -4.28408384E-04) (  4.56348062E-04, -7.63684511E-04)
   2.00000000       1.00000000       0.00000000     (  3.16649675E-04, -1.49011612E-04) ( -6.33299351E-04,  2.98023224E-04) (  6.75208867E-05,  2.28174031E-04)
   2.00000000       1.00000000       1.00000000     (  6.75208867E-05, -1.21071935E-04) ( -3.63215804E-04,  7.45058060E-04) (  2.32830644E-04, -5.02914190E-04)
   2.00000000      -1.00000000       0.00000000     (  1.02445483E-04, -3.81842256E-04) (  2.04890966E-04, -7.63684511E-04) (  1.09430403E-04, -3.91155481E-04)
   2.00000000      -1.00000000       1.00000000     (  4.65661287E-04, -1.67347025E-06) (  6.70552254E-04, -5.58793545E-05) ( -2.60770321E-04, -5.23868948E-05)
