    0.000000        0.000000       -2.000000      (3.8463622E-03,7.6135620E-04)
   (4.5448542E-03,-3.9115548E-03)  (0.000000,0.000000)
    0.000000        0.000000       -1.000000      
 (2.1383166E-02,-1.1846423E-02)  (-1.2442470E-02,1.6689301E-02)  
 (0.000000,0.000000)
    0.000000        1.000000       -2.000000      
 (-1.0319054E-02,6.8452209E-04)  (-2.8964132E-03,2.6915222E-03)  
 (-1.4482066E-03,1.3457611E-03)
    0.000000        1.000000       -1.000000      (8.1956387E-03,4.1909516E-03)
   (-1.1408702E-03,5.5506825E-03)  (-1.1408702E-03,5.5506825E-03)
    0.000000        2.000000       -1.000000      
 (-8.4750354E-03,8.9406967E-03)  (-2.0209700E-03,-1.0099029E-04)  
 (-4.0419400E-03,-2.0198058E-04)
    0.000000       -2.000000       -1.000000      (4.5076013E-03,2.3096800E-03)
   (-9.1269612E-04,8.3819032E-04)  (1.8253922E-03,-1.6763806E-03)
    0.000000       -1.000000       -2.000000      
 (-6.5937638E-03,1.5180558E-03)  (-1.8905848E-03,2.5797635E-03)  
 (9.4529241E-04,-1.2898818E-03)
    0.000000       -1.000000       -1.000000      
 (5.5134296E-03,-6.5565109E-03)  (5.1409006E-03,4.1723251E-03)  
 (-5.1409006E-03,-4.1723251E-03)
    1.000000        0.000000       -2.000000      (6.2584877E-03,1.6437843E-03)
   (-4.5448542E-03,1.7974526E-03)  (3.1292439E-03,8.2189217E-04)
    1.000000        0.000000       -1.000000      
 (3.3713877E-03,-1.3550743E-03)  (5.4761767E-03,-6.5192580E-03)  
 (3.3713877E-03,-1.3550743E-03)
    1.000000        1.000000       -2.000000      
 (-3.2410026E-03,1.9092113E-03)  (-3.2782555E-03,-9.8720193E-03)  
 (-3.2596290E-03,-3.9860606E-03)
    1.000000        1.000000       -1.000000      
 (-6.5192580E-03,2.1001324E-03)  (2.3376197E-03,-1.6810372E-03)  
 (-4.1816384E-03,4.1793101E-04)
    1.000000        2.000000       -1.000000      
 (-5.4389238E-03,1.7136335E-03)  (4.1676685E-04,2.1699816E-03)  
 (-4.6007335E-03,6.0535967E-03)
    1.000000       -2.000000       -1.000000      
 (1.5227124E-03,-1.1688098E-03)  (-1.0652002E-04,-5.4948032E-04)  
 (1.7369166E-03,-6.8394002E-05)
    1.000000       -1.000000       -2.000000      
 (3.1013042E-03,-1.1129305E-03)  (-4.1257590E-03,1.0430813E-03)  
 (3.6135316E-03,-1.0756776E-03)
    1.000000       -1.000000       -1.000000      
 (-7.8044832E-03,4.7497451E-03)  (-3.3713877E-03,4.9039954E-05)  
 (-4.4330955E-03,4.7124922E-03)
    2.000000        0.000000       -1.000000      (2.7287751E-03,2.1327287E-03)
   (9.5739961E-03,5.5320561E-03)  (5.4575503E-03,4.2654574E-03)
    2.000000        1.000000       -1.000000      
 (-1.4342368E-03,-2.2724271E-03)  (1.7369166E-03,-6.2631443E-04)  
 (-1.1362135E-03,-5.1595271E-03)
    2.000000       -1.000000       -1.000000      
 (-1.0826625E-03,2.0535663E-03)  (-2.2235326E-04,4.3027103E-03)  
 (-1.9418076E-03,-1.9615982E-04)
