   0.00000000       0.00000000      -2.00000000     ( -1.49011612E-04, -8.38190317E-05) (  1.30385160E-04,  1.74622983E-06) (  0.00000000    ,  0.00000000    )
   0.00000000       0.00000000      -1.00000000     (  1.42678618E-02,  8.49366188E-03) (  4.23192978E-02,  1.37835741E-02) (  0.00000000    ,  0.00000000    )
   0.00000000       1.00000000      -2.00000000     ( -7.45058060E-05, -1.62981451E-05) ( -2.79396772E-05, -2.79396772E-05) ( -1.39698386E-05, -1.39698386E-05)
   0.00000000       1.00000000      -1.00000000     ( -6.16535544E-03,  2.96533108E-02) ( -9.29459929E-03, -3.01748514E-03) ( -9.29459929E-03, -3.01748514E-03)
   0.00000000       2.00000000      -1.00000000     (  4.65661287E-05, -1.62981451E-05) (  4.19095159E-05, -6.51925802E-05) (  8.38190317E-05, -1.30385160E-04)
   0.00000000      -2.00000000      -1.00000000     ( -1.49011612E-04, -2.79396772E-05) (  3.72529030E-05, -2.32830644E-05) ( -7.45058060E-05,  4.65661287E-05)
   0.00000000      -1.00000000      -2.00000000     ( -2.32830644E-05, -5.58793545E-05) (  4.65661287E-05,  3.25962901E-05) ( -2.32830644E-05, -1.62981451E-05)
   0.00000000      -1.00000000      -1.00000000     (  9.22009349E-03, -8.82893801E-03) (  6.14672899E-04,  1.53668225E-03) ( -6.14672899E-04, -1.53668225E-03)
   1.00000000       0.00000000      -2.00000000     (  7.45058060E-05,  4.19095159E-05) ( -1.16415322E-05, -1.49011612E-04) (  3.72529030E-05,  2.09547579E-05)
   1.00000000       0.00000000      -1.00000000     (  1.10268593E-02, -5.64381480E-03) ( -9.20146704E-03,  1.29267573E-02) (  1.10268593E-02, -5.64381480E-03)
   1.00000000       1.00000000      -2.00000000     ( -2.32830644E-06, -4.65661287E-05) ( -5.82076609E-06,  9.31322575E-05) ( -4.07453626E-06,  2.32830644E-05)
   1.00000000       1.00000000      -1.00000000     (  1.86264515E-04, -2.23517418E-04) ( -5.58793545E-05,  1.11758709E-04) (  1.11758709E-04, -1.30385160E-04)
   1.00000000       2.00000000      -1.00000000     ( -9.31322575E-06,  7.45058060E-05) (  1.39698386E-05, -3.25962901E-05) (  2.09547579E-05,  1.39698386E-05)
   1.00000000      -2.00000000      -1.00000000     ( -3.72529030E-05,  1.16415322E-05) ( -5.58793545E-05, -2.03726813E-06) (  7.45058060E-05,  1.62981451E-05)
   1.00000000      -1.00000000      -2.00000000     ( -5.58793545E-05,  6.51925802E-05) ( -9.31322575E-06,  1.86264515E-05) ( -2.32830644E-05,  2.32830644E-05)
   1.00000000      -1.00000000      -1.00000000     (  5.23868948E-06, -7.45058060E-05) (  5.58793545E-05, -6.51925802E-05) ( -5.58793545E-05, -8.14907253E-06)
   2.00000000       0.00000000      -1.00000000     (  5.58793545E-05,  8.14907253E-06) ( -6.51925802E-05,  9.31322575E-05) (  1.11758709E-04,  1.62981451E-05)
   2.00000000       1.00000000      -1.00000000     ( -3.72529030E-05, -2.91038305E-06) (  6.51925802E-05, -1.11758709E-04) ( -5.23868948E-06, -1.11758709E-04)
   2.00000000      -1.00000000      -1.00000000     ( -4.65661287E-05, -1.39698386E-05) ( -4.19095159E-05, -5.82076609E-07) ( -5.58793545E-05, -2.32830644E-05)
