   0.00000000       0.00000000      -2.00000000     (  6.66826963E-03,  4.41446900E-03) (  1.19209290E-03, -1.46217644E-03) (  0.00000000    ,  0.00000000    )
   0.00000000       0.00000000      -1.00000000     (  2.30967999E-02, -1.15111470E-02) (  1.09430403E-03,  2.36183405E-02) (  0.00000000    ,  0.00000000    )
   0.00000000       1.00000000      -2.00000000     ( -2.94297934E-03,  8.61473382E-04) (  6.51925802E-04, -3.11993062E-03) (  3.25962901E-04, -1.55996531E-03)
   0.00000000       1.00000000      -1.00000000     (  1.08405948E-02,  1.33737922E-02) ( -2.27242708E-03,  2.44006515E-03) ( -2.27242708E-03,  2.44006515E-03)
   0.00000000       2.00000000      -1.00000000     ( -9.38773155E-03,  2.04890966E-03) ( -1.55996531E-03, -1.13155693E-03) ( -3.11993062E-03, -2.26311386E-03)
   0.00000000      -2.00000000      -1.00000000     (  5.27128577E-03, -2.03493983E-03) ( -1.57393515E-03,  2.48663127E-03) (  3.14787030E-03, -4.97326255E-03)
   0.00000000      -1.00000000      -2.00000000     ( -7.45058060E-03,  7.89295882E-04) ( -6.81728125E-03, -5.56465238E-04) (  3.40864062E-03,  2.78232619E-04)
   0.00000000      -1.00000000      -1.00000000     (  3.13855708E-03,  3.96743417E-03) (  6.55651093E-03,  7.37607479E-03) ( -6.55651093E-03, -7.37607479E-03)
   1.00000000       0.00000000      -2.00000000     (  2.44006515E-03,  4.99188900E-03) ( -3.64147127E-03,  8.08387995E-03) (  1.22003257E-03,  2.49594450E-03)
   1.00000000       0.00000000      -1.00000000     (  3.54833901E-03,  4.00468707E-04) (  8.23289156E-03, -9.26665962E-04) (  3.54833901E-03,  4.00468707E-04)
   1.00000000       1.00000000      -2.00000000     ( -4.42378223E-03, -3.58559191E-03) (  5.25265932E-03, -7.26431608E-03) (  4.16766852E-04, -5.42029738E-03)
   1.00000000       1.00000000      -1.00000000     ( -7.84173608E-03, -4.56348062E-03) (  5.68106771E-03, -1.65309757E-04) ( -2.16532499E-03, -4.73111868E-03)
   1.00000000       2.00000000      -1.00000000     ( -5.34579158E-03, -2.01165676E-03) (  6.58910722E-04,  1.32713467E-03) ( -4.03262675E-03,  6.35627657E-04)
   1.00000000      -2.00000000      -1.00000000     (  6.05359674E-04, -3.38070095E-03) (  3.91155481E-04, -3.24100256E-03) ( -1.78115442E-04,  3.09199095E-03)
   1.00000000      -1.00000000      -2.00000000     (  8.10250640E-04,  8.26548785E-04) (  5.82076609E-04,  1.89756975E-04) (  1.13504939E-04,  3.18977982E-04)
   1.00000000      -1.00000000      -1.00000000     ( -4.42378223E-03,  9.59262252E-04) ( -6.85453415E-03,  8.94069672E-04) (  2.42143869E-03,  6.54836185E-05)
   2.00000000       0.00000000      -1.00000000     ( -2.06287950E-03,  1.36904418E-03) ( -8.27014446E-03,  3.91155481E-03) ( -4.12575901E-03,  2.73808837E-03)
   2.00000000       1.00000000      -1.00000000     (  9.10367817E-04,  1.85798854E-03) (  1.88127160E-03, -5.12227416E-03) (  3.70666385E-03, -1.40164047E-03)
   2.00000000      -1.00000000      -1.00000000     (  5.44823706E-04, -1.95112079E-03) (  2.41212547E-03, -1.35973096E-03) ( -1.32713467E-03, -2.54251063E-03)
