    0.000000        0.000000        1.000000      (2.1308661E-02,1.1734664E-02)
   (-8.4191561E-03,-1.6763806E-02)  (0.000000,0.000000)
    0.000000        0.000000        2.000000      
 (7.1339309E-03,-1.6251579E-03)  (6.1281025E-03,4.7124922E-03)  
 (0.000000,0.000000)
    0.000000        1.000000        0.000000      (1.2060627E-03,8.7171793E-03)
   (0.000000,0.000000)  (3.5576522E-03,-2.4773180E-03)
    0.000000        1.000000        1.000000      (4.2654574E-03,2.4307519E-03)
   (6.2584877E-03,-4.7311187E-03)  (-6.2584877E-03,4.7311187E-03)
    0.000000        1.000000        2.000000      
 (-8.2515180E-03,-2.5285408E-03)  (-5.3737313E-03,-1.2596138E-03)  
 (2.6868656E-03,6.2980689E-04)
    0.000000        2.000000        0.000000      
 (-3.4645200E-03,-1.0151416E-03)  (0.000000,0.000000)  
 (-1.0593794E-03,3.0640513E-03)
    0.000000        2.000000        1.000000      
 (1.0542572E-02,-3.1106174E-03)  (-2.6950147E-04,-1.9976869E-03)  
 (5.3900294E-04,3.9953738E-03)
    0.000000       -2.000000        0.000000      
 (-3.4645200E-03,1.0151416E-03)  (0.000000,0.000000)  
 (-1.0593794E-03,-3.0640513E-03)
    0.000000       -2.000000        1.000000      
 (-1.2852252E-02,-1.1436641E-02)  (-3.9022416E-03,1.1292286E-03)  
 (-7.8044832E-03,2.2584572E-03)
    0.000000       -1.000000        0.000000      
 (1.2060627E-03,-8.7171793E-03)  (0.000000,0.000000)  
 (3.5576522E-03,2.4773180E-03)
    0.000000       -1.000000        1.000000      
 (6.3888729E-03,-6.2212348E-03)  (-1.9744039E-03,-4.3958426E-03)  
 (-1.9744039E-03,-4.3958426E-03)
    0.000000       -1.000000        2.000000      
 (-1.3485551E-02,2.1420419E-03)  (-2.4447218E-03,1.5413389E-03)  
 (-1.2223609E-03,7.7066943E-04)
    1.000000        0.000000        0.000000      (0.000000,0.000000)  
 (-2.5406480E-02,4.9546361E-03)  (1.7508864E-02,1.7806888E-02)
    1.000000        0.000000        1.000000      
 (-2.0023435E-03,-3.3713877E-03)  (-1.9222498E-02,1.4454126E-02)  
 (2.0023435E-03,3.3713877E-03)
    1.000000        0.000000        2.000000      (6.9150701E-04,1.4388934E-03)
   (4.7311187E-03,1.0505319E-02)  (-3.4575351E-04,-7.1944669E-04)
    1.000000        1.000000        0.000000      
 (3.5576522E-03,-1.4854595E-03)  (-3.5576522E-03,1.4854595E-03)  
 (-2.5331974E-03,2.2351742E-03)
    1.000000        1.000000        1.000000      (8.8242814E-04,4.1630119E-03)
   (-2.2724271E-03,-3.0174851E-03)  (1.3899989E-03,-1.1408702E-03)
    1.000000        1.000000        2.000000      
 (-4.0978193E-03,1.0360964E-03)  (-3.9348379E-04,-5.4668635E-03)  
 (2.2491440E-03,2.2165477E-03)
    1.000000        2.000000        0.000000      (2.4540350E-03,2.2398308E-03)
   (-1.2270175E-03,-1.1199154E-03)  (3.9394945E-03,9.0338290E-03)
    1.000000        2.000000        1.000000      (3.7159771E-03,3.5576522E-03)
   (-1.9697472E-03,3.6321580E-04)  (2.2118911E-04,-4.2840838E-03)
    1.000000       -2.000000        0.000000      (8.0559403E-04,7.7113509E-03)
   (4.0279701E-04,3.8556755E-03)  (-6.2584877E-03,-1.0523945E-03)
    1.000000       -2.000000        1.000000      
 (-2.1699816E-03,-2.6659109E-04)  (-2.7648639E-04,4.5838533E-05)  
 (1.6158447E-03,3.5797711E-04)
    1.000000       -1.000000        0.000000      
 (-1.7043203E-03,4.7031790E-04)  (-1.7043203E-03,4.7031790E-04)  
 (-5.4202974E-03,3.5949051E-03)
    1.000000       -1.000000        1.000000      (1.4081597E-02,5.2968971E-05)
   (4.6938658E-03,1.2456439E-03)  (-9.4063580E-03,1.1944212E-03)
    1.000000       -1.000000        2.000000      
 (-3.2596290E-03,-1.0884833E-04)  (-6.5378845E-03,-4.3120235E-03)  
 (-1.6344711E-03,-2.1047890E-03)
    2.000000        0.000000        0.000000      (0.000000,0.000000)  
 (1.3038516E-02,-4.2933971E-03)  (-5.3085387E-04,1.5180558E-03)
    2.000000        0.000000        1.000000      
 (-3.2782555E-03,5.1502138E-03)  (4.5076013E-03,1.0095537E-02)  
 (6.5565109E-03,-1.0300428E-02)
    2.000000        1.000000        0.000000      
 (-1.9371510E-03,-2.7101487E-03)  (3.8743019E-03,5.4202974E-03)  
 (-7.4878335E-03,3.6414713E-03)
    2.000000        1.000000        1.000000      (3.3900142E-03,4.7776848E-03)
   (-4.8615038E-03,-1.3709068E-02)  (-1.9045547E-03,4.1536987E-03)
    2.000000       -1.000000        0.000000      
 (-2.7427450E-03,-3.3155084E-03)  (-5.4854900E-03,-6.6310167E-03)  
 (1.8719584E-03,4.2561442E-03)
    2.000000       -1.000000        1.000000      
 (-4.7683716E-03,2.4726614E-03)  (-4.1443855E-03,6.4820051E-03)  
 (5.3923577E-03,1.5273690E-03)
