   0.00000000       0.00000000      -2.00000000     (  6.87316060E-03,  5.38304448E-03) ( -3.08500603E-04, -1.53668225E-03) (  0.00000000    ,  0.00000000    )
   0.00000000       0.00000000      -1.00000000     (  2.31713057E-02, -1.11386180E-02) (  3.28756869E-03,  2.48849392E-02) (  0.00000000    ,  0.00000000    )
   0.00000000       1.00000000      -2.00000000     ( -1.35973096E-03,  2.48663127E-03) (  8.33533704E-04, -1.61118805E-03) (  4.16766852E-04, -8.05594027E-04)
   0.00000000       1.00000000      -1.00000000     (  1.22189522E-02,  1.43796206E-02) ( -1.66706741E-03,  2.15135515E-03) ( -1.66706741E-03,  2.15135515E-03)
   0.00000000       2.00000000      -1.00000000     ( -1.04308128E-02,  1.21362973E-04) ( -1.49011612E-03, -1.48545951E-03) ( -2.98023224E-03, -2.97091901E-03)
   0.00000000      -2.00000000      -1.00000000     (  4.12575901E-03, -4.00468707E-03) ( -2.26777047E-03,  2.44937837E-03) (  4.53554094E-03, -4.89875674E-03)
   0.00000000      -1.00000000      -2.00000000     ( -7.91624188E-03,  3.43425199E-04) ( -6.29574060E-03, -4.85451892E-04) (  3.14787030E-03,  2.42725946E-04)
   0.00000000      -1.00000000      -1.00000000     (  3.11061740E-03,  4.63798642E-03) (  5.77419996E-03,  7.84173608E-03) ( -5.77419996E-03, -7.84173608E-03)
   1.00000000       0.00000000      -2.00000000     (  1.54133886E-03,  5.64381480E-03) ( -4.56348062E-03,  8.75443220E-03) (  7.70669430E-04,  2.82190740E-03)
   1.00000000       0.00000000      -1.00000000     (  3.35276127E-03,  3.85334715E-04) (  6.89178705E-03, -1.05705112E-03) (  3.35276127E-03,  3.85334715E-04)
   1.00000000       1.00000000      -2.00000000     ( -5.40167093E-03, -3.28756869E-03) (  6.55651093E-03, -6.38887286E-03) (  5.77419996E-04, -4.84287739E-03)
   1.00000000       1.00000000      -1.00000000     ( -8.60542059E-03, -4.38652933E-03) (  6.91041350E-03,  2.51020538E-05) ( -1.70432031E-03, -4.35858965E-03)
   1.00000000       2.00000000      -1.00000000     ( -4.45172191E-03, -5.84404916E-04) (  2.78232619E-04,  1.66241080E-03) ( -3.89292836E-03,  2.73808837E-03)
   1.00000000      -2.00000000      -1.00000000     (  2.71829776E-04, -2.69152224E-03) (  8.96397978E-04, -2.81259418E-03) ( -1.51805580E-03,  2.93366611E-03)
   1.00000000      -1.00000000      -2.00000000     ( -2.58442014E-04, -6.05359674E-04) (  1.15018338E-03, -1.00815669E-03) ( -7.03148544E-04,  2.00234354E-04)
   1.00000000      -1.00000000      -1.00000000     ( -3.62284482E-03,  6.79865479E-04) ( -6.68689609E-03,  8.68458301E-04) (  3.07336450E-03, -1.89174898E-04)
   2.00000000       0.00000000      -1.00000000     ( -2.37487257E-03,  4.43542376E-04) ( -1.00955367E-02,  3.44589353E-03) ( -4.74974513E-03,  8.87084752E-04)
   2.00000000       1.00000000      -1.00000000     (  7.28759915E-04,  2.10478902E-03) (  1.47614628E-03, -4.80562449E-03) (  2.93366611E-03, -5.96046448E-04)
   2.00000000      -1.00000000      -1.00000000     (  9.80217010E-04, -2.31433660E-03) (  2.71946192E-03, -3.21306288E-03) ( -7.61356205E-04, -1.41095370E-03)
