   0.00000000       0.00000000      -2.00000000     (  1.35041773E-03,  2.34693289E-03) ( -1.99303031E-03, -1.57160684E-04) (  0.00000000    ,  0.00000000    )
   0.00000000       0.00000000      -1.00000000     (  1.70618296E-02,  1.60653144E-03) (  3.56882811E-02,  1.95950270E-02) (  0.00000000    ,  0.00000000    )
   0.00000000       1.00000000      -2.00000000     (  1.20140612E-03,  2.35741027E-05) ( -4.47034836E-04,  8.19563866E-04) ( -2.23517418E-04,  4.09781933E-04)
   0.00000000       1.00000000      -1.00000000     ( -2.88709998E-03,  2.99513340E-02) ( -6.31436706E-03, -2.24448740E-03) ( -6.31436706E-03, -2.24448740E-03)
   0.00000000       2.00000000      -1.00000000     ( -1.22934580E-03,  3.14321369E-04) (  1.38534233E-04,  7.63684511E-04) (  2.77068466E-04,  1.52736902E-03)
   0.00000000      -2.00000000      -1.00000000     (  2.16066837E-03,  8.56816769E-04) ( -6.98491931E-04, -1.09430403E-04) (  1.39698386E-03,  2.18860805E-04)
   0.00000000      -1.00000000      -2.00000000     ( -8.00937414E-04,  9.03382897E-04) ( -8.00937414E-04, -2.25845724E-04) (  4.00468707E-04,  1.12922862E-04)
   0.00000000      -1.00000000      -1.00000000     (  8.17701221E-03, -1.03563070E-02) ( -2.05356628E-03,  2.68220901E-03) (  2.05356628E-03, -2.68220901E-03)
   1.00000000       0.00000000      -2.00000000     ( -1.00582838E-03, -1.40862539E-04) ( -8.19563866E-04,  1.27591193E-03) ( -5.02914190E-04, -7.04312697E-05)
   1.00000000       0.00000000      -1.00000000     (  8.90344381E-03, -5.08502126E-03) ( -9.76026058E-03,  2.21189111E-03) (  8.90344381E-03, -5.08502126E-03)
   1.00000000       1.00000000      -2.00000000     ( -6.98491931E-04, -1.62981451E-04) (  8.00937414E-04, -2.10478902E-03) (  5.00585884E-05, -1.13621354E-03)
   1.00000000       1.00000000      -1.00000000     ( -1.99303031E-03,  1.76951289E-03) (  2.21654773E-03,  7.56699592E-05) (  2.21189111E-04,  1.84401870E-03)
   1.00000000       2.00000000      -1.00000000     (  4.65661287E-04, -5.91389835E-04) ( -6.10016286E-04, -2.53785402E-04) ( -7.54371285E-04, -1.09896064E-03)
   1.00000000      -2.00000000      -1.00000000     (  1.39698386E-03,  3.91155481E-04) (  9.68575478E-04,  5.49480319E-04) ( -5.40167093E-04, -7.07805157E-04)
   1.00000000      -1.00000000      -2.00000000     (  7.91624188E-04, -9.31322575E-04) (  9.31322575E-04, -6.56582415E-04) ( -7.33416528E-05, -1.35041773E-04)
   1.00000000      -1.00000000      -1.00000000     (  3.92901711E-05,  1.76951289E-03) ( -1.13621354E-03,  1.05239451E-03) (  1.17346644E-03,  7.17118382E-04)
   2.00000000       0.00000000      -1.00000000     ( -5.21540642E-04, -3.18977982E-04) (  6.79865479E-04, -5.30853868E-04) ( -1.04308128E-03, -6.37955964E-04)
   2.00000000       1.00000000      -1.00000000     (  5.12227416E-04,  3.58559191E-04) ( -5.21540642E-04,  6.56582415E-04) (  5.02914190E-04,  1.37835741E-03)
   2.00000000      -1.00000000      -1.00000000     (  3.95812094E-04,  1.14087015E-04) (  1.07102096E-03, -9.96515155E-04) ( -2.79396772E-04,  1.22003257E-03)
