    0.000000        0.000000        1.000000      (2.1383166E-02,1.1846423E-02)
   (-1.2479722E-02,-1.6689301E-02)  (0.000000,0.000000)
    0.000000        0.000000        2.000000      
 (3.8277358E-03,-7.5204298E-04)  (4.5262277E-03,3.8929284E-03)  
 (0.000000,0.000000)
    0.000000        1.000000        0.000000      (2.7939677E-03,5.1409006E-03)
   (0.000000,0.000000)  (4.5076013E-03,-1.0756776E-03)
    0.000000        1.000000        1.000000      (5.5320561E-03,6.5937638E-03)
   (5.1409006E-03,-4.1536987E-03)  (-5.1409006E-03,4.1536987E-03)
    0.000000        1.000000        2.000000      
 (-6.5751374E-03,-1.5087426E-03)  (-1.8673018E-03,-2.5797635E-03)  
 (9.3365088E-04,1.2898818E-03)
    0.000000        2.000000        0.000000      
 (-3.8556755E-03,1.3085082E-03)  (0.000000,0.000000)  
 (9.8021701E-04,2.2631139E-03)
    0.000000        2.000000        1.000000      
 (4.4517219E-03,-2.3003668E-03)  (-9.1502443E-04,-8.3120540E-04)  
 (1.8300489E-03,1.6624108E-03)
    0.000000       -2.000000        0.000000      
 (-3.8556755E-03,-1.3085082E-03)  (0.000000,0.000000)  
 (9.8021701E-04,-2.2631139E-03)
    0.000000       -2.000000        1.000000      
 (-8.4191561E-03,-8.9034438E-03)  (-2.0070001E-03,9.3132257E-05)  
 (-4.0140003E-03,1.8626451E-04)
    0.000000       -1.000000        0.000000      
 (2.7939677E-03,-5.1409006E-03)  (0.000000,0.000000)  
 (4.5076013E-03,1.0756776E-03)
    0.000000       -1.000000        1.000000      
 (8.2328916E-03,-4.1723251E-03)  (-1.1362135E-03,-5.5506825E-03)  
 (-1.1362135E-03,-5.5506825E-03)
    0.000000       -1.000000        2.000000      
 (-1.0281801E-02,-6.9616362E-04)  (-2.8964132E-03,-2.7008355E-03)  
 (-1.4482066E-03,-1.3504177E-03)
    1.000000        0.000000        0.000000      (0.000000,0.000000)  
 (-2.8014183E-02,6.0535967E-03)  (1.5944242E-02,1.8998981E-02)
    1.000000        0.000000        1.000000      
 (-3.5949051E-03,-2.3376197E-03)  (-1.6093254E-02,1.3448298E-02)  
 (3.5949051E-03,2.3376197E-03)
    1.000000        0.000000        2.000000      (1.0273652E-04,1.9185245E-03)
   (3.5390258E-03,6.4447522E-03)  (-5.1368261E-05,-9.5926225E-04)
    1.000000        1.000000        0.000000      
 (2.1420419E-03,-1.3411045E-03)  (-2.1420419E-03,1.3411045E-03)  
 (-6.1001629E-04,3.4458935E-03)
    1.000000        1.000000        1.000000      (2.0815060E-03,3.8649887E-03)
   (-3.2782555E-03,-3.6787242E-03)  (1.1967495E-03,-1.8102583E-04)
    1.000000        1.000000        2.000000      
 (-3.4365803E-03,2.0815060E-03)  (4.5169145E-04,-2.7008355E-03)  
 (1.4947727E-03,3.1082891E-04)
    1.000000        2.000000        0.000000      (3.6321580E-03,1.9930303E-03)
   (-1.8160790E-03,-9.9651515E-04)  (2.1979213E-03,5.6251884E-03)
    1.000000        2.000000        1.000000      (1.7601997E-03,2.1187589E-03)
   (-2.0302832E-03,9.0571120E-04)  (2.3003668E-03,-3.9301813E-03)
    1.000000       -2.000000        0.000000      (1.5646219E-03,4.4144690E-03)
   (7.8231096E-04,2.2072345E-03)  (-3.5576522E-03,-4.0396117E-04)
    1.000000       -2.000000        1.000000      
 (-3.2316893E-03,-1.8905848E-03)  (-1.4761463E-03,-1.5040860E-03)  
 (2.7939677E-04,-1.1129305E-03)
    1.000000       -1.000000        0.000000      (2.0663720E-04,8.8475645E-05)
   (2.0663720E-04,8.8475645E-05)  (-6.6496432E-03,2.7846545E-03)
    1.000000       -1.000000        1.000000      
 (9.2759728E-03,-4.9918890E-03)  (2.3376197E-03,-2.6077032E-03)  
 (-6.9290400E-03,2.3748726E-03)
    1.000000       -1.000000        2.000000      
 (-4.5448542E-03,-1.9604340E-03)  (-6.7800283E-03,-3.8836151E-03)  
 (-1.1175871E-03,-9.6391886E-04)
    2.000000        0.000000        0.000000      (0.000000,0.000000)  
 (7.9162419E-03,-1.1129305E-03)  (-6.4261258E-04,-9.4063580E-04)
    2.000000        0.000000        1.000000      
 (-1.1920929E-03,4.5076013E-03)  (2.1327287E-03,5.9418380E-03)  
 (2.3841858E-03,-9.0152025E-03)
    2.000000        1.000000        0.000000      
 (-1.5692785E-03,-2.8964132E-03)  (3.1385571E-03,5.7928264E-03)  
 (-6.5192580E-03,6.3516200E-03)
    2.000000        1.000000        1.000000      (2.2165477E-03,2.5238842E-03)
   (-1.8486753E-03,-9.5367432E-03)  (-2.5797635E-03,4.4889748E-03)
    2.000000       -1.000000        0.000000      
 (-4.0885061E-03,-2.1606684E-03)  (-8.1770122E-03,-4.3213367E-03)  
 (-6.8219379E-04,3.1478703E-03)
    2.000000       -1.000000        1.000000      
 (-2.7194619E-03,1.8253922E-03)  (-1.3643876E-03,6.5006316E-03)  
 (4.0791929E-03,2.8498471E-03)
