    0.000000        0.000000        1.000000      (2.1532178E-02,1.1958182E-02)
   (-1.2964010E-02,-1.6912818E-02)  (0.000000,0.000000)
    0.000000        0.000000        2.000000      
 (3.4179538E-03,-6.0768798E-04)  (4.1536987E-03,3.5949051E-03)  
 (0.000000,0.000000)
    0.000000        1.000000        0.000000      (2.9988587E-03,4.7311187E-03)
   (0.000000,0.000000)  (4.6379864E-03,-9.3132257E-04)
    0.000000        1.000000        1.000000      (5.7369471E-03,7.1153045E-03)
   (5.0477684E-03,-4.1536987E-03)  (-5.0477684E-03,4.1536987E-03)
    0.000000        1.000000        2.000000      
 (-6.1094761E-03,-1.3364479E-03)  (-1.5133992E-03,-2.5425106E-03)  
 (7.5669959E-04,1.2712553E-03)
    0.000000        2.000000        0.000000      
 (-3.5576522E-03,1.3643876E-03)  (0.000000,0.000000)  
 (1.1175871E-03,2.1420419E-03)
    0.000000        2.000000        1.000000      
 (3.7439167E-03,-2.1513551E-03)  (-9.2666596E-04,-7.0780516E-04)  
 (1.8533319E-03,1.4156103E-03)
    0.000000       -2.000000        0.000000      
 (-3.5576522E-03,-1.3643876E-03)  (0.000000,0.000000)  
 (1.1175871E-03,-2.1420419E-03)
    0.000000       -2.000000        1.000000      
 (-7.5809658E-03,-8.1956387E-03)  (-1.7369166E-03,-1.8262654E-05)  
 (-3.4738332E-03,-3.6525307E-05)
    0.000000       -1.000000        0.000000      
 (2.9988587E-03,-4.7311187E-03)  (0.000000,0.000000)  
 (4.6379864E-03,9.3132257E-04)
    0.000000       -1.000000        1.000000      
 (8.5681677E-03,-4.0791929E-03)  (-1.0617077E-03,-5.6996942E-03)  
 (-1.0617077E-03,-5.6996942E-03)
    0.000000       -1.000000        2.000000      
 (-9.4994903E-03,-8.4750354E-04)  (-2.7660280E-03,-2.8312206E-03)  
 (-1.3830140E-03,-1.4156103E-03)
    1.000000        0.000000        0.000000      (0.000000,0.000000)  
 (-2.8461218E-02,6.2398612E-03)  (1.5944242E-02,1.9371510E-02)
    1.000000        0.000000        1.000000      
 (-3.7625432E-03,-2.2444874E-03)  (-1.5869737E-02,1.3448298E-02)  
 (3.7625432E-03,2.2444874E-03)
    1.000000        0.000000        2.000000      (7.9453457E-05,1.8440187E-03)
   (3.2968819E-03,5.7742000E-03)  (-3.9726729E-05,-9.2200935E-04)
    1.000000        1.000000        0.000000      
 (1.9930303E-03,-1.3038516E-03)  (-1.9930303E-03,1.3038516E-03)  
 (-4.3772161E-04,3.6135316E-03)
    1.000000        1.000000        1.000000      (1.9883737E-03,3.6507845E-03)
   (-3.0919909E-03,-3.5762787E-03)  (1.1036173E-03,-7.3050614E-05)
    1.000000        1.000000        2.000000      
 (-3.1851232E-03,2.0209700E-03)  (4.8195943E-04,-2.3096800E-03)  
 (1.3550743E-03,1.4086254E-04)
    1.000000        2.000000        0.000000      (3.5017729E-03,1.9045547E-03)
   (-1.7508864E-03,-9.5227733E-04)  (1.8719584E-03,5.0850213E-03)
    1.000000        2.000000        1.000000      (1.6018748E-03,1.9650906E-03)
   (-1.9138679E-03,8.1956387E-04)  (2.2258610E-03,-3.6042184E-03)
    1.000000       -2.000000        0.000000      (1.5227124E-03,3.7997961E-03)
   (7.6135620E-04,1.8998981E-03)  (-3.2130629E-03,-3.1082891E-04)
    1.000000       -2.000000        1.000000      
 (-3.0733645E-03,-1.8766150E-03)  (-1.4621764E-03,-1.5087426E-03)  
 (1.5308615E-04,-1.1455268E-03)
    1.000000       -1.000000        0.000000      
 (4.2608008E-04,-1.0222720E-05)  (4.2608008E-04,-1.0222720E-05)  
 (-6.8545341E-03,2.6635826E-03)
    1.000000       -1.000000        1.000000      
 (8.4564090E-03,-5.0291419E-03)  (2.0675361E-03,-2.7008355E-03)  
 (-6.3888729E-03,2.3376197E-03)
    1.000000       -1.000000        2.000000      
 (-4.3585896E-03,-1.9511208E-03)  (-6.2771142E-03,-3.6321580E-03)  
 (-9.6391886E-04,-8.4284693E-04)
    2.000000        0.000000        0.000000      (0.000000,0.000000)  
 (7.1525574E-03,-8.3819032E-04)  (-6.8917871E-04,-1.0384247E-03)
    2.000000        0.000000        1.000000      
 (-1.0151416E-03,4.1723251E-03)  (1.9185245E-03,5.4575503E-03)  
 (2.0302832E-03,-8.3446503E-03)
    2.000000        1.000000        0.000000      
 (-1.4388934E-03,-2.7287751E-03)  (2.8777868E-03,5.4575503E-03)  
 (-6.0722232E-03,6.1653554E-03)
    2.000000        1.000000        1.000000      (2.0395964E-03,2.2631139E-03)
   (-1.5739352E-03,-8.7171793E-03)  (-2.5145710E-03,4.1909516E-03)
    2.000000       -1.000000        0.000000      
 (-3.9394945E-03,-1.9278377E-03)  (-7.8789890E-03,-3.8556755E-03)  
 (-8.8242814E-04,2.9429793E-03)
    2.000000       -1.000000        1.000000      
 (-2.4400651E-03,1.5972182E-03)  (-1.0943040E-03,5.9604645E-03)  
 (3.7811697E-03,2.7660280E-03)
