   0.00000000       0.00000000      -2.00000000     (  1.43423676E-03,  2.92435288E-03) ( -2.06753612E-03,  2.95694917E-04) (  0.00000000    ,  0.00000000    )
   0.00000000       0.00000000      -1.00000000     (  2.76416540E-02, -1.08033419E-02) (  1.64657831E-02,  3.34531069E-02) (  0.00000000    ,  0.00000000    )
   0.00000000       1.00000000      -2.00000000     (  1.15251169E-04,  1.17346644E-03) (  6.10016286E-04,  1.52736902E-03) (  3.05008143E-04,  7.63684511E-04)
   0.00000000       1.00000000      -1.00000000     (  1.57579780E-02,  2.10106373E-02) (  9.61590558E-04,  6.15837052E-04) (  9.61590558E-04,  6.15837052E-04)
   0.00000000       2.00000000      -1.00000000     ( -5.55068254E-03, -1.46217644E-03) ( -1.08033419E-03, -7.96280801E-04) ( -2.16066837E-03, -1.59256160E-03)
   0.00000000      -2.00000000      -1.00000000     (  1.15483999E-03, -2.64495611E-03) ( -1.02445483E-03,  4.98257577E-04) (  2.04890966E-03, -9.96515155E-04)
   0.00000000      -1.00000000      -2.00000000     ( -3.12924385E-03, -1.16415322E-03) ( -8.47503543E-04, -1.50175765E-04) (  4.23751771E-04,  7.50878826E-05)
   0.00000000      -1.00000000      -1.00000000     (  6.59376383E-03,  3.62284482E-03) (  2.00700015E-03,  1.09523535E-02) ( -2.00700015E-03, -1.09523535E-02)
   1.00000000       0.00000000      -2.00000000     ( -1.28522515E-03,  2.29105353E-03) ( -1.99303031E-03,  2.96160579E-03) ( -6.42612576E-04,  1.14552677E-03)
   1.00000000       0.00000000      -1.00000000     (  5.83007932E-03, -2.63098627E-04) ( -1.15251169E-03, -2.98023224E-03) (  5.83007932E-03, -2.63098627E-04)
   1.00000000       1.00000000      -2.00000000     ( -2.47731805E-03,  1.04308128E-03) (  1.78813934E-03, -2.60770321E-03) ( -3.46917659E-04, -7.77654350E-04)
   1.00000000       1.00000000      -1.00000000     ( -2.68220901E-03, -9.22009349E-04) (  2.44006515E-03,  6.37955964E-04) ( -2.25845724E-04, -2.81725079E-04)
   1.00000000       2.00000000      -1.00000000     ( -3.00351530E-04,  8.56816769E-04) ( -4.42378223E-04,  1.06170774E-03) ( -1.18277967E-03,  2.98023224E-03)
   1.00000000      -2.00000000      -1.00000000     (  3.35276127E-04, -2.60770321E-04) (  9.59262252E-04,  5.12227416E-04) ( -1.58324838E-03, -1.27591193E-03)
   1.00000000      -1.00000000      -2.00000000     ( -5.82076609E-04, -1.71363354E-03) ( -5.72763383E-04, -1.16415322E-03) ( -6.07542461E-06, -2.74740160E-04)
   1.00000000      -1.00000000      -1.00000000     ( -8.94069672E-04,  4.65661287E-04) ( -1.91852450E-03,  3.49245965E-04) (  1.02445483E-03,  1.14087015E-04)
   2.00000000       0.00000000      -1.00000000     ( -8.19563866E-04, -5.21540642E-04) ( -1.66706741E-03,  2.11875886E-04) ( -1.63912773E-03, -1.04308128E-03)
   2.00000000       1.00000000      -1.00000000     ( -3.25962901E-04, -5.47152013E-05) (  7.86967576E-04, -7.35744834E-04) (  1.33877620E-04, -8.47503543E-04)
   2.00000000      -1.00000000      -1.00000000     ( -2.14204192E-04, -2.72411853E-04) (  1.87428668E-04, -2.29105353E-03) ( -6.19329512E-04,  1.75088644E-03)
