   0.00000000       0.00000000       1.00000000     (  2.80141830E-02,  1.03563070E-02) (  1.89244747E-02, -3.41981649E-02) (  0.00000000    ,  0.00000000    )
   0.00000000       0.00000000       2.00000000     (  1.05239451E-03, -2.71946192E-03) ( -2.01165676E-03, -4.47034836E-04) (  0.00000000    ,  0.00000000    )
   0.00000000       1.00000000       0.00000000     ( -1.49011612E-02,  4.50760126E-03) (  0.00000000    ,  0.00000000    ) (  3.08267772E-03,  7.59959221E-03)
   0.00000000       1.00000000       1.00000000     (  7.20843673E-03, -2.40281224E-03) (  1.24331564E-03, -1.11386180E-02) ( -1.24331564E-03,  1.11386180E-02)
   0.00000000       1.00000000       2.00000000     ( -2.81259418E-03,  1.06170774E-03) ( -6.79865479E-04,  2.00234354E-04) (  3.39932740E-04, -1.00117177E-04)
   0.00000000       2.00000000       0.00000000     ( -1.76951289E-03, -2.56113708E-04) (  0.00000000    ,  0.00000000    ) ( -1.78813934E-03,  1.35041773E-03)
   0.00000000       2.00000000       1.00000000     (  1.08033419E-03,  2.27242708E-03) ( -9.03382897E-04, -3.51574272E-04) (  1.80676579E-03,  7.03148544E-04)
   0.00000000      -2.00000000       0.00000000     ( -1.76951289E-03,  2.56113708E-04) (  0.00000000    ,  0.00000000    ) ( -1.78813934E-03, -1.35041773E-03)
   0.00000000      -2.00000000       1.00000000     ( -5.02914190E-03,  1.22934580E-03) ( -1.01514161E-03,  7.35744834E-04) ( -2.03028321E-03,  1.47148967E-03)
   0.00000000      -1.00000000       0.00000000     ( -1.49011612E-02, -4.50760126E-03) (  0.00000000    ,  0.00000000    ) (  3.08267772E-03, -7.59959221E-03)
   0.00000000      -1.00000000       1.00000000     (  1.50501728E-02, -2.23517418E-02) (  1.03376806E-03, -7.47968443E-05) (  1.03376806E-03, -7.47968443E-05)
   0.00000000      -1.00000000       2.00000000     ( -3.72529030E-05, -9.31322575E-04) (  6.10016286E-04, -1.42492354E-03) (  3.05008143E-04, -7.12461770E-04)
   1.00000000       0.00000000       0.00000000     (  0.00000000    ,  0.00000000    ) ( -1.38208270E-02,  1.03935599E-02) (  3.36021185E-02,  2.80886889E-02)
   1.00000000       0.00000000       1.00000000     (  5.40167093E-03, -2.66358256E-03) ( -3.50922346E-02,  1.27777457E-02) ( -5.40167093E-03,  2.66358256E-03)
   1.00000000       0.00000000       2.00000000     (  8.10250640E-04,  1.48080289E-03) (  3.61353159E-03,  1.71363354E-03) ( -4.05125320E-04, -7.40401447E-04)
   1.00000000       1.00000000       0.00000000     (  6.55651093E-03,  6.94766641E-03) ( -6.55651093E-03, -6.94766641E-03) ( -1.01514161E-02,  9.57399607E-03)
   1.00000000       1.00000000       1.00000000     ( -4.56348062E-04, -1.49011612E-03) ( -4.05125320E-04,  2.72411853E-04) (  8.66129994E-04,  1.21071935E-03)
   1.00000000       1.00000000       2.00000000     ( -1.51339918E-04, -5.68106771E-04) ( -1.33179128E-03,  2.72411853E-04) (  7.40401447E-04,  1.49011612E-04)
   1.00000000       2.00000000       0.00000000     ( -1.04308128E-03,  2.53319740E-03) (  5.21540642E-04, -1.26659870E-03) (  5.86733222E-04, -3.07336450E-04)
   1.00000000       2.00000000       1.00000000     (  2.58907676E-03,  1.25728548E-04) ( -2.30967999E-03, -7.40401447E-04) (  2.04890966E-03,  1.35041773E-03)
   1.00000000      -2.00000000       0.00000000     (  5.76255843E-05, -1.52736902E-03) (  2.88127922E-05, -7.63684511E-04) ( -1.19209290E-03,  4.98257577E-04)
   1.00000000      -2.00000000       1.00000000     ( -2.60770321E-04,  2.04890966E-03) ( -5.07570803E-04,  1.84401870E-03) ( -7.63684511E-04,  1.63912773E-03)
   1.00000000      -1.00000000       0.00000000     ( -4.46103513E-03, -1.60187483E-02) ( -4.46103513E-03, -1.60187483E-02) ( -1.01886690E-02,  1.12876296E-02)
   1.00000000      -1.00000000       1.00000000     (  8.66129994E-04,  7.82310963E-04) ( -1.49942935E-03, -1.35973096E-03) ( -2.36555934E-03, -2.14204192E-03)
   1.00000000      -1.00000000       2.00000000     (  2.04890966E-04,  1.37835741E-03) (  5.54136932E-04,  1.04308128E-03) (  1.75787136E-04, -1.66473910E-04)
   2.00000000       0.00000000       0.00000000     (  0.00000000    ,  0.00000000    ) (  2.81259418E-03,  3.28291208E-04) ( -1.84401870E-03,  2.09547579E-05)
   2.00000000       0.00000000       1.00000000     (  1.95577741E-04, -1.08033419E-03) (  3.60887498E-04,  1.78813934E-03) ( -3.91155481E-04,  2.16066837E-03)
   2.00000000       1.00000000       0.00000000     ( -1.24797225E-03,  1.15251169E-04) (  2.49594450E-03, -2.30502337E-04) (  9.66247171E-05, -2.68220901E-03)
   2.00000000       1.00000000       1.00000000     ( -3.60887498E-04,  6.42612576E-04) (  8.10250640E-04, -1.95577741E-03) ( -8.61473382E-05,  6.70552254E-04)
   2.00000000      -1.00000000       0.00000000     (  1.32713467E-04,  1.07102096E-03) (  2.65426934E-04,  2.14204192E-03) ( -1.26892701E-04,  1.16415322E-03)
   2.00000000      -1.00000000       1.00000000     ( -1.52736902E-03,  1.46683306E-04) ( -1.50874257E-03, -7.15954229E-05) (  1.52736902E-03, -3.65544111E-04)
