   0.00000000       0.00000000       1.00000000     (  1.62050128E-02, -4.16301191E-03) (  3.88175249E-02, -1.75461173E-02) (  0.00000000    ,  0.00000000    )
   0.00000000       0.00000000       2.00000000     (  3.91155481E-04, -4.65661287E-04) ( -4.65661287E-04,  6.28642738E-05) (  0.00000000    ,  0.00000000    )
   0.00000000       1.00000000       0.00000000     ( -7.91624188E-03, -3.22237611E-03) (  0.00000000    ,  0.00000000    ) (  9.77888703E-03,  1.26287341E-02)
   0.00000000       1.00000000       1.00000000     (  8.79168510E-03,  1.04680657E-02) ( -1.22934580E-03, -2.08616257E-03) (  1.22934580E-03,  2.08616257E-03)
   0.00000000       1.00000000       2.00000000     ( -8.38190317E-05, -2.14204192E-04) ( -1.67638063E-04,  8.84756446E-05) (  8.38190317E-05, -4.42378223E-05)
   0.00000000       2.00000000       0.00000000     (  1.16415322E-04,  4.84287739E-04) (  0.00000000    ,  0.00000000    ) ( -6.33299351E-04,  2.14204192E-04)
   0.00000000       2.00000000       1.00000000     (  5.77419996E-04, -1.58324838E-04) ( -1.67638063E-04, -2.91038305E-05) (  3.35276127E-04,  5.82076609E-05)
   0.00000000      -2.00000000       0.00000000     (  1.16415322E-04, -4.84287739E-04) (  0.00000000    ,  0.00000000    ) ( -6.33299351E-04, -2.14204192E-04)
   0.00000000      -2.00000000       1.00000000     ( -1.67638063E-04, -9.31322575E-05) ( -2.09547579E-05, -2.14204192E-04) ( -4.19095159E-05, -4.28408384E-04)
   0.00000000      -1.00000000       0.00000000     ( -7.91624188E-03,  3.22237611E-03) (  0.00000000    ,  0.00000000    ) (  9.77888703E-03, -1.26287341E-02)
   0.00000000      -1.00000000       1.00000000     ( -4.33996320E-03, -3.04728746E-02) ( -7.61821866E-03,  2.19326466E-03) ( -7.61821866E-03,  2.19326466E-03)
   0.00000000      -1.00000000       2.00000000     (  3.16649675E-04, -1.45519152E-05) (  6.91215973E-07, -1.67638063E-04) (  3.45607987E-07, -8.38190317E-05)
   1.00000000       0.00000000       0.00000000     (  0.00000000    ,  0.00000000    ) ( -2.36183405E-02,  2.02655792E-02) (  2.21282244E-02,  7.56233931E-03)
   1.00000000       0.00000000       1.00000000     ( -3.59490514E-03, -7.21774995E-05) ( -2.19792128E-02, -1.29640102E-02) (  3.59490514E-03,  7.21774995E-05)
   1.00000000       0.00000000       2.00000000     ( -3.72529030E-04,  3.02679837E-05) (  2.42143869E-04,  2.32830644E-04) (  1.86264515E-04, -1.51339918E-05)
   1.00000000       1.00000000       0.00000000     (  2.07801349E-04,  3.03611159E-03) ( -2.07801349E-04, -3.03611159E-03) ( -8.77305865E-03,  1.18091702E-02)
   1.00000000       1.00000000       1.00000000     (  1.53668225E-04,  4.42378223E-05) ( -6.33299351E-04, -3.72529030E-05) (  4.65661287E-04, -8.14907253E-06)
   1.00000000       1.00000000       2.00000000     ( -7.45058060E-04,  6.05359674E-05) (  1.35041773E-04,  3.35276127E-04) (  2.98023224E-04, -1.95577741E-04)
   1.00000000       2.00000000       0.00000000     (  2.98023224E-04, -9.77888703E-05) ( -1.49011612E-04,  4.88944352E-05) ( -2.04890966E-04,  3.35276127E-04)
   1.00000000       2.00000000       1.00000000     (  1.74622983E-05,  1.21071935E-04) ( -1.86264515E-04,  6.75208867E-05) (  3.72529030E-04, -2.51457095E-04)
   1.00000000      -2.00000000       0.00000000     ( -2.88709998E-04,  3.14321369E-05) ( -1.44354999E-04,  1.57160684E-05) ( -2.70083547E-04, -4.47034836E-04)
   1.00000000      -2.00000000       1.00000000     ( -3.35276127E-04, -2.14204192E-04) ( -7.45058060E-05, -1.49011612E-04) (  1.76951289E-04, -8.84756446E-05)
   1.00000000      -1.00000000       0.00000000     ( -2.01398507E-04, -6.46337867E-03) ( -2.01398507E-04, -6.46337867E-03) ( -9.94652510E-03,  3.12179327E-02)
   1.00000000      -1.00000000       1.00000000     (  7.45058060E-04,  2.60770321E-04) ( -6.28642738E-05, -6.33299351E-04) ( -7.82310963E-04, -8.94069672E-04)
   1.00000000      -1.00000000       2.00000000     ( -4.28408384E-04,  2.42143869E-04) ( -3.16649675E-04,  2.88709998E-04) (  4.65661287E-05,  2.44472176E-05)
   2.00000000       0.00000000       0.00000000     (  0.00000000    ,  0.00000000    ) (  2.60770321E-04,  6.70552254E-04) ( -1.86264515E-04,  2.79396772E-04)
   2.00000000       0.00000000       1.00000000     ( -4.72937245E-07, -7.21774995E-05) (  1.76951289E-04,  3.16649675E-04) (  9.45874490E-07,  1.44354999E-04)
   2.00000000       1.00000000       0.00000000     (  1.49011612E-04,  1.95577741E-04) ( -2.98023224E-04, -3.91155481E-04) ( -2.70083547E-04,  5.21540642E-04)
   2.00000000       1.00000000       1.00000000     (  1.25728548E-04, -2.79396772E-05) ( -2.79396772E-04, -8.38190317E-05) (  2.91038305E-05,  1.39698386E-04)
   2.00000000      -1.00000000       0.00000000     ( -9.31322575E-05,  3.14321369E-05) ( -1.86264515E-04,  6.28642738E-05) ( -2.51457095E-04, -7.45058060E-05)
   2.00000000      -1.00000000       1.00000000     ( -1.35041773E-04, -1.21071935E-04) ( -4.28408384E-04, -1.67638063E-04) ( -1.53668225E-04,  8.38190317E-05)
