    0.000000        0.000000       -2.000000      (4.1723251E-03,8.7544322E-04)
   (4.8242509E-03,-4.1164458E-03)  (0.000000,0.000000)
    0.000000        0.000000       -1.000000      
 (2.1234155E-02,-1.1734664E-02)  (-1.2032688E-02,1.6540289E-02)  
 (0.000000,0.000000)
    0.000000        1.000000       -2.000000      
 (-1.0877848E-02,5.1339157E-04)  (-2.9616058E-03,2.5052577E-03)  
 (-1.4808029E-03,1.2526289E-03)
    0.000000        1.000000       -1.000000      (7.9348683E-03,4.2654574E-03)
   (-1.2014061E-03,5.4202974E-03)  (-1.2014061E-03,5.4202974E-03)
    0.000000        2.000000       -1.000000      
 (-9.1083348E-03,9.4249845E-03)  (-2.2351742E-03,-2.0489097E-04)  
 (-4.4703484E-03,-4.0978193E-04)
    0.000000       -2.000000       -1.000000      (5.1036477E-03,2.4121255E-03)
   (-8.8475645E-04,9.4296411E-04)  (1.7695129E-03,-1.8859282E-03)
    0.000000       -1.000000       -2.000000      
 (-6.9104135E-03,1.6484410E-03)  (-2.1886081E-03,2.5704503E-03)  
 (1.0943040E-03,-1.2852252E-03)
    0.000000       -1.000000       -1.000000      
 (5.3457916E-03,-6.1281025E-03)  (5.2154064E-03,4.1723251E-03)  
 (-5.2154064E-03,-4.1723251E-03)
    1.000000        0.000000       -2.000000      (6.6496432E-03,1.7788261E-03)
   (-4.6379864E-03,2.0163134E-03)  (3.3248216E-03,8.8941306E-04)
    1.000000        0.000000       -1.000000      
 (3.4086406E-03,-1.2852252E-03)  (5.6624413E-03,-6.2584877E-03)  
 (3.4086406E-03,-1.2852252E-03)
    1.000000        1.000000       -2.000000      
 (-3.3341348E-03,1.7741695E-03)  (-3.4086406E-03,-1.0505319E-02)  
 (-3.3713877E-03,-4.3585896E-03)
    1.000000        1.000000       -1.000000      
 (-6.8172812E-03,1.9604340E-03)  (2.3189932E-03,-1.7322600E-03)  
 (-4.5076013E-03,2.2933818E-04)
    1.000000        2.000000       -1.000000      
 (-5.8859587E-03,1.6624108E-03)  (5.0524250E-04,2.2863969E-03)  
 (-4.8801303E-03,6.2212348E-03)
    1.000000       -2.000000       -1.000000      
 (1.5506521E-03,-1.3876706E-03)  (-1.3038516E-04,-5.6461431E-04)  
 (1.8114224E-03,-2.5902409E-04)
    1.000000       -1.000000       -2.000000      
 (3.3527613E-03,-1.0593794E-03)  (-4.1909516E-03,1.0617077E-03)  
 (3.7718564E-03,-1.0617077E-03)
    1.000000       -1.000000       -1.000000      
 (-8.2515180E-03,4.8615038E-03)  (-3.7066638E-03,9.2259143E-05)  
 (-4.5448542E-03,4.7683716E-03)
    2.000000        0.000000       -1.000000      (2.7846545E-03,2.3748726E-03)
   (9.7230077E-03,5.8673322E-03)  (5.5693090E-03,4.7497451E-03)
    2.000000        1.000000       -1.000000      
 (-1.4668331E-03,-2.3189932E-03)  (1.9883737E-03,-1.0384247E-03)  
 (-9.4296411E-04,-5.6810677E-03)
    2.000000       -1.000000       -1.000000      
 (-1.1129305E-03,2.2072345E-03)  (-1.3416866E-04,4.6193600E-03)  
 (-2.0908192E-03,-2.1187589E-04)
