    0.000000        0.000000       -2.000000      (7.1711838E-03,1.6298145E-03)
   (6.0908496E-03,-4.6659261E-03)  (0.000000,0.000000)
    0.000000        0.000000       -1.000000      
 (2.1457672E-02,-1.1809170E-02)  (-8.3446503E-03,1.6838312E-02)  
 (0.000000,0.000000)
    0.000000        1.000000       -2.000000      
 (-1.3411045E-02,-2.1979213E-03)  (-2.3981556E-03,-1.6670674E-03)  
 (-1.1990778E-03,-8.3353370E-04)
    0.000000        1.000000       -1.000000      (6.4074993E-03,6.3329935E-03)
   (-2.0023435E-03,4.3772161E-03)  (-2.0023435E-03,4.3772161E-03)
    0.000000        2.000000       -1.000000      
 (-1.2814999E-02,1.1380762E-02)  (-3.9115548E-03,-1.1315569E-03)  
 (-7.8231096E-03,-2.2631139E-03)
    0.000000       -2.000000       -1.000000      (1.0579824E-02,3.1106174E-03)
   (-2.5203917E-04,2.0116568E-03)  (5.0407834E-04,-4.0233135E-03)
    0.000000       -1.000000       -2.000000      
 (-8.2142651E-03,2.5285408E-03)  (-5.4389238E-03,1.2083910E-03)  
 (2.7194619E-03,-6.0419552E-04)
    0.000000       -1.000000       -1.000000      
 (4.2654574E-03,-2.3469329E-03)  (6.3143671E-03,4.7869980E-03)  
 (-6.3143671E-03,-4.7869980E-03)
    1.000000        0.000000       -2.000000      (8.6054206E-03,2.8964132E-03)
   (-3.3155084E-03,5.0757080E-03)  (4.3027103E-03,1.4482066E-03)
    1.000000        0.000000       -1.000000      
 (3.8929284E-03,-6.4726919E-04)  (7.7858567E-03,-4.0419400E-03)  
 (3.8929284E-03,-6.4726919E-04)
    1.000000        1.000000       -2.000000      
 (-3.2223761E-03,-7.1479008E-04)  (-2.2584572E-03,-1.3522804E-02)  
 (-2.7380884E-03,-7.1339309E-03)
    1.000000        1.000000       -1.000000      
 (-8.2515180E-03,-1.6577542E-03)  (2.2305176E-03,-1.2922101E-03)  
 (-6.0163438E-03,-2.9522926E-03)
    1.000000        2.000000       -1.000000      
 (-9.2759728E-03,-7.1479008E-04)  (1.6950071E-03,2.8545037E-03)  
 (-5.8859587E-03,4.9918890E-03)
    1.000000       -2.000000       -1.000000      
 (3.9144652E-05,-4.9546361E-03)  (-9.5926225E-04,-1.9837171E-03)  
 (1.9557774E-03,-9.8953024E-04)
    1.000000       -1.000000       -2.000000      (4.9453229E-03,7.7998266E-04)
   (-4.2747706E-03,1.8253922E-03)  (4.6100467E-03,-5.2386895E-04)
    1.000000       -1.000000       -1.000000      
 (-1.0170043E-02,4.1350722E-03)  (-6.8172812E-03,4.8545189E-04)  
 (-3.3527613E-03,3.6507845E-03)
    2.000000        0.000000       -1.000000      (1.5972182E-03,4.4517219E-03)
   (6.4820051E-03,7.6182187E-03)  (3.1944364E-03,8.9034438E-03)
    2.000000        1.000000       -1.000000      
 (-8.3819032E-04,-1.6251579E-03)  (4.0791929E-03,-5.4482371E-03)  
 (2.4028122E-03,-8.6985528E-03)
    2.000000       -1.000000       -1.000000      
 (-1.7182902E-03,2.3050234E-03)  (2.8230716E-04,6.2584877E-03)  
 (-3.7159771E-03,-1.6484410E-03)
