   0.00000000       0.00000000       1.00000000     (  2.80141830E-02,  1.01327896E-02) (  1.96695328E-02, -3.42726707E-02) (  0.00000000    ,  0.00000000    )
   0.00000000       0.00000000       2.00000000     (  9.40635800E-04, -2.64495611E-03) ( -1.97440386E-03, -4.88944352E-04) (  0.00000000    ,  0.00000000    )
   0.00000000       1.00000000       0.00000000     ( -1.53854489E-02,  4.12575901E-03) (  0.00000000    ,  0.00000000    ) (  3.12924385E-03,  8.15838575E-03)
   0.00000000       1.00000000       1.00000000     (  7.37607479E-03, -1.92318112E-03) (  9.82545316E-04, -1.11386180E-02) ( -9.82545316E-04,  1.11386180E-02)
   0.00000000       1.00000000       2.00000000     ( -2.71946192E-03,  1.01514161E-03) ( -6.33299351E-04,  2.16532499E-04) (  3.16649675E-04, -1.08266249E-04)
   0.00000000       2.00000000       0.00000000     ( -1.63912773E-03, -1.21071935E-04) (  0.00000000    ,  0.00000000    ) ( -1.69500709E-03,  1.42492354E-03)
   0.00000000       2.00000000       1.00000000     (  1.05239451E-03,  2.16066837E-03) ( -8.66129994E-04, -3.05008143E-04) (  1.73225999E-03,  6.10016286E-04)
   0.00000000      -2.00000000       0.00000000     ( -1.63912773E-03,  1.21071935E-04) (  0.00000000    ,  0.00000000    ) ( -1.69500709E-03, -1.42492354E-03)
   0.00000000      -2.00000000       1.00000000     ( -4.84287739E-03,  1.14552677E-03) ( -9.87201929E-04,  7.12461770E-04) ( -1.97440386E-03,  1.42492354E-03)
   0.00000000      -1.00000000       0.00000000     ( -1.53854489E-02, -4.12575901E-03) (  0.00000000    ,  0.00000000    ) (  3.12924385E-03, -8.15838575E-03)
   0.00000000      -1.00000000       1.00000000     (  1.46776438E-02, -2.27242708E-02) (  1.01048499E-03,  1.19907781E-04) (  1.01048499E-03,  1.19907781E-04)
   0.00000000      -1.00000000       2.00000000     ( -8.84756446E-05, -8.66129994E-04) (  6.00703061E-04, -1.37835741E-03) (  3.00351530E-04, -6.89178705E-04)
   1.00000000       0.00000000       0.00000000     (  0.00000000    ,  0.00000000    ) ( -1.36718154E-02,  1.06729567E-02) (  3.38256359E-02,  2.81631947E-02)
   1.00000000       0.00000000       1.00000000     (  5.36441803E-03, -2.72877514E-03) ( -3.53157520E-02,  1.23307109E-02) ( -5.36441803E-03,  2.72877514E-03)
   1.00000000       0.00000000       2.00000000     (  7.72997737E-04,  1.43423676E-03) (  3.46451998E-03,  1.67638063E-03) ( -3.86498868E-04, -7.17118382E-04)
   1.00000000       1.00000000       0.00000000     (  6.55651093E-03,  7.04079866E-03) ( -6.55651093E-03, -7.04079866E-03) ( -1.01700425E-02,  9.76026058E-03)
   1.00000000       1.00000000       1.00000000     ( -3.37604433E-04, -1.49011612E-03) ( -4.98257577E-04,  2.58442014E-04) (  8.38190317E-04,  1.22934580E-03)
   1.00000000       1.00000000       2.00000000     ( -1.68802217E-04, -5.16884029E-04) ( -1.21071935E-03,  2.72411853E-04) (  6.89178705E-04,  1.21071935E-04)
   1.00000000       2.00000000       0.00000000     ( -1.03376806E-03,  2.38418579E-03) (  5.16884029E-04, -1.19209290E-03) (  6.56582415E-04, -4.19095159E-04)
   1.00000000       2.00000000       1.00000000     (  2.49594450E-03,  7.45058060E-05) ( -2.23517418E-03, -6.89178705E-04) (  1.97440386E-03,  1.30385160E-03)
   1.00000000      -2.00000000       0.00000000     (  2.64844857E-05, -1.49011612E-03) (  1.32422429E-05, -7.45058060E-04) ( -1.20140612E-03,  3.77185643E-04)
   1.00000000      -2.00000000       1.00000000     ( -2.51457095E-04,  2.04890966E-03) ( -4.79631126E-04,  1.80676579E-03) ( -7.07805157E-04,  1.56462193E-03)
   1.00000000      -1.00000000       0.00000000     ( -4.26545739E-03, -1.62050128E-02) ( -4.26545739E-03, -1.62050128E-02) ( -1.04680657E-02,  1.16974115E-02)
   1.00000000      -1.00000000       1.00000000     (  8.56816769E-04,  6.84522092E-04) ( -1.45286322E-03, -1.47148967E-03) ( -2.30967999E-03, -2.16066837E-03)
   1.00000000      -1.00000000       2.00000000     (  8.55652615E-05,  1.35041773E-03) (  4.23751771E-04,  9.49949026E-04) (  1.67638063E-04, -2.00234354E-04)
   2.00000000       0.00000000       0.00000000     (  0.00000000    ,  0.00000000    ) (  2.68220901E-03,  4.19095159E-04) ( -1.75088644E-03,  7.45058060E-05)
   2.00000000       0.00000000       1.00000000     (  2.53785402E-04, -1.05239451E-03) (  3.37604433E-04,  1.65775418E-03) ( -5.07570803E-04,  2.10478902E-03)
   2.00000000       1.00000000       0.00000000     ( -1.20140612E-03,  1.32713467E-04) (  2.40281224E-03, -2.65426934E-04) (  8.78935680E-05, -2.44006515E-03)
   2.00000000       1.00000000       1.00000000     ( -3.58559191E-04,  5.86733222E-04) (  8.47503543E-04, -1.89989805E-03) ( -1.35041773E-04,  7.35744834E-04)
   2.00000000      -1.00000000       0.00000000     (  7.62520358E-05,  1.04308128E-03) (  1.52504072E-04,  2.08616257E-03) ( -1.30385160E-04,  1.14552677E-03)
   2.00000000      -1.00000000       1.00000000     ( -1.47148967E-03,  1.23400241E-04) ( -1.52736902E-03, -4.19095159E-05) (  1.43423676E-03, -2.88709998E-04)
