   0.00000000       0.00000000       1.00000000     (  2.77906656E-02,  9.57399607E-03) (  2.13459134E-02, -3.42726707E-02) (  0.00000000    ,  0.00000000    )
   0.00000000       0.00000000       2.00000000     (  6.33299351E-04, -2.19792128E-03) ( -1.67638063E-03, -4.98257577E-04) (  0.00000000    ,  0.00000000    )
   0.00000000       1.00000000       0.00000000     ( -1.63912773E-02,  3.27825546E-03) (  0.00000000    ,  0.00000000    ) (  3.23168933E-03,  9.38773155E-03)
   0.00000000       1.00000000       1.00000000     (  7.65547156E-03, -7.24103302E-04) (  3.83006409E-04, -1.10268593E-02) ( -3.83006409E-04,  1.10268593E-02)
   0.00000000       1.00000000       2.00000000     ( -2.19792128E-03,  7.72997737E-04) ( -4.88944352E-04,  2.25845724E-04) (  2.44472176E-04, -1.12922862E-04)
   0.00000000       2.00000000       0.00000000     ( -1.15483999E-03,  1.38534233E-04) (  0.00000000    ,  0.00000000    ) ( -1.35973096E-03,  1.37835741E-03)
   0.00000000       2.00000000       1.00000000     (  8.66129994E-04,  1.65775418E-03) ( -6.98491931E-04, -1.76951289E-04) (  1.39698386E-03,  3.53902578E-04)
   0.00000000      -2.00000000       0.00000000     ( -1.15483999E-03, -1.38534233E-04) (  0.00000000    ,  0.00000000    ) ( -1.35973096E-03, -1.37835741E-03)
   0.00000000      -2.00000000       1.00000000     ( -3.87430191E-03,  8.38190317E-04) ( -8.00937414E-04,  5.82076609E-04) ( -1.60187483E-03,  1.16415322E-03)
   0.00000000      -1.00000000       0.00000000     ( -1.63912773E-02, -3.27825546E-03) (  0.00000000    ,  0.00000000    ) (  3.23168933E-03, -9.38773155E-03)
   0.00000000      -1.00000000       1.00000000     (  1.36345625E-02, -2.36928463E-02) (  8.68458301E-04,  5.78584149E-04) (  8.68458301E-04,  5.78584149E-04)
   0.00000000      -1.00000000       2.00000000     ( -1.72294676E-04, -6.42612576E-04) (  4.84287739E-04, -1.10827386E-03) (  2.42143869E-04, -5.54136932E-04)
   1.00000000       0.00000000       0.00000000     (  0.00000000    ,  0.00000000    ) ( -1.32992864E-02,  1.12876296E-02) (  3.41236591E-02,  2.80141830E-02)
   1.00000000       0.00000000       1.00000000     (  5.18746674E-03, -2.89641321E-03) ( -3.56882811E-02,  1.11758709E-02) ( -5.18746674E-03,  2.89641321E-03)
   1.00000000       0.00000000       2.00000000     (  6.05359674E-04,  1.16415322E-03) (  2.71946192E-03,  1.39698386E-03) ( -3.02679837E-04, -5.82076609E-04)
   1.00000000       1.00000000       0.00000000     (  6.46337867E-03,  7.11530447E-03) ( -6.46337867E-03, -7.11530447E-03) ( -1.01700425E-02,  1.01514161E-02)
   1.00000000       1.00000000       1.00000000     ( -6.86850399E-05, -1.28522515E-03) ( -6.05359674E-04,  1.97906047E-04) (  6.79865479E-04,  1.08964741E-03)
   1.00000000       1.00000000       2.00000000     ( -1.97906047E-04, -3.63215804E-04) ( -8.38190317E-04,  2.28174031E-04) (  5.16884029E-04,  6.63567334E-05)
   1.00000000       2.00000000       0.00000000     ( -9.03382897E-04,  1.80676579E-03) (  4.51691449E-04, -9.03382897E-04) (  6.98491931E-04, -5.26197255E-04)
   1.00000000       2.00000000       1.00000000     (  2.03028321E-03, -8.22183210E-06) ( -1.80676579E-03, -5.16884029E-04) (  1.60187483E-03,  1.04308128E-03)
   1.00000000      -2.00000000       0.00000000     ( -4.13274392E-05, -1.22934580E-03) ( -2.06637196E-05, -6.14672899E-04) ( -1.07102096E-03,  9.77888703E-05)
   1.00000000      -2.00000000       1.00000000     ( -2.18860805E-04,  1.73225999E-03) ( -3.67872417E-04,  1.47148967E-03) ( -5.16884029E-04,  1.21071935E-03)
   1.00000000      -1.00000000       0.00000000     ( -3.79048288E-03, -1.64285302E-02) ( -3.79048288E-03, -1.64285302E-02) ( -1.11013651E-02,  1.25914812E-02)
   1.00000000      -1.00000000       1.00000000     (  7.54371285E-04,  4.42378223E-04) ( -1.19209290E-03, -1.49011612E-03) ( -1.93715096E-03, -1.93715096E-03)
   1.00000000      -1.00000000       2.00000000     ( -1.53668225E-04,  1.14552677E-03) (  1.51339918E-04,  6.61239028E-04) (  1.51339918E-04, -2.42143869E-04)
   2.00000000       0.00000000       0.00000000     (  0.00000000    ,  0.00000000    ) (  2.14204192E-03,  5.35510480E-04) ( -1.35973096E-03,  1.93249434E-04)
   2.00000000       0.00000000       1.00000000     (  3.16649675E-04, -8.66129994E-04) (  2.53785402E-04,  1.24797225E-03) ( -6.33299351E-04,  1.73225999E-03)
   2.00000000       1.00000000       0.00000000     ( -9.59262252E-04,  1.58324838E-04) (  1.91852450E-03, -3.16649675E-04) (  4.88944352E-05, -1.67638063E-03)
   2.00000000       1.00000000       1.00000000     ( -2.91038305E-04,  4.23751771E-04) (  7.91624188E-04, -1.60187483E-03) ( -2.14204192E-04,  7.54371285E-04)
   2.00000000      -1.00000000       0.00000000     ( -3.11410986E-05,  8.75443220E-04) ( -6.22821972E-05,  1.75088644E-03) ( -1.29221007E-04,  9.59262252E-04)
   2.00000000      -1.00000000       1.00000000     ( -1.21071935E-03,  6.75208867E-05) ( -1.35973096E-03,  1.39698386E-05) (  1.08033419E-03, -1.21071935E-04)
