   0.00000000       0.00000000      -2.00000000     (  4.84287739E-03,  8.84756446E-04) ( -6.48200512E-03,  3.66941094E-03) (  0.00000000    ,  0.00000000    )
   0.00000000       0.00000000      -1.00000000     (  2.38418579E-03,  1.13248825E-02) (  2.65985727E-02, -8.52160156E-04) (  0.00000000    ,  0.00000000    )
   0.00000000       1.00000000      -2.00000000     ( -2.71247700E-04,  2.15135515E-03) (  1.77882612E-03, -6.70552254E-04) (  8.89413059E-04, -3.35276127E-04)
   0.00000000       1.00000000      -1.00000000     ( -6.85453415E-03,  1.41561031E-02) ( -7.09667802E-03, -5.14090061E-03) ( -7.09667802E-03, -5.14090061E-03)
   0.00000000       2.00000000      -1.00000000     ( -9.91858542E-04, -1.54599547E-03) ( -9.68575478E-04,  2.32830644E-04) ( -1.93715096E-03,  4.65661287E-04)
   0.00000000      -2.00000000      -1.00000000     ( -6.61239028E-04,  3.37138772E-03) ( -5.05242497E-04, -9.91858542E-04) (  1.01048499E-03,  1.98371708E-03)
   0.00000000      -1.00000000      -2.00000000     (  3.39001417E-03,  3.44589353E-03) ( -7.17118382E-04, -1.88127160E-03) (  3.58559191E-04,  9.40635800E-04)
   0.00000000      -1.00000000      -1.00000000     (  9.34960553E-06, -2.67755240E-04) (  4.07919288E-03,  1.23400241E-03) ( -4.07919288E-03, -1.23400241E-03)
   1.00000000       0.00000000      -2.00000000     ( -1.35973096E-03, -6.47269189E-04) (  1.37835741E-03,  4.73111868E-03) ( -6.79865479E-04, -3.23634595E-04)
   1.00000000       0.00000000      -1.00000000     (  9.87201929E-03, -5.55068254E-03) ( -4.91738319E-03,  2.61515379E-02) (  9.87201929E-03, -5.55068254E-03)
   1.00000000       1.00000000      -2.00000000     (  1.77882612E-03,  2.09547579E-03) ( -4.35858965E-03,  3.00351530E-04) ( -1.29453838E-03,  1.20140612E-03)
   1.00000000       1.00000000      -1.00000000     ( -6.10016286E-04,  6.70552254E-03) ( -1.99303031E-03, -4.28408384E-03) ( -2.58907676E-03,  2.40281224E-03)
   1.00000000       2.00000000      -1.00000000     (  1.88127160E-03, -3.44589353E-04) ( -1.12690032E-03, -3.58559191E-04) ( -3.79513949E-04, -1.06170774E-03)
   1.00000000      -2.00000000      -1.00000000     ( -2.30502337E-04, -9.73232090E-04) ( -9.42964107E-05, -3.58559191E-04) ( -4.30736691E-05, -2.53785402E-04)
   1.00000000      -1.00000000      -2.00000000     ( -5.91389835E-04, -2.53319740E-03) ( -8.89413059E-04,  2.58907676E-03) (  1.49011612E-04, -2.55182385E-03)
   1.00000000      -1.00000000      -1.00000000     ( -2.50292942E-04,  4.91272658E-04) ( -6.19329512E-04, -1.58324838E-03) (  3.67872417E-04,  2.07684934E-03)
   2.00000000       0.00000000      -1.00000000     ( -1.35041773E-03,  1.82772055E-04) ( -3.28291208E-04, -1.40629709E-03) ( -2.70083547E-03,  3.65544111E-04)
   2.00000000       1.00000000      -1.00000000     (  1.05355866E-04, -3.37604433E-04) ( -2.49594450E-03, -4.72646207E-04) ( -2.29105353E-03, -1.14552677E-03)
   2.00000000      -1.00000000      -1.00000000     (  1.12690032E-03, -2.25845724E-04) (  9.96515155E-04,  1.32247806E-03) (  1.26659870E-03, -1.76951289E-03)
