   0.00000000       0.00000000       1.00000000     (  2.31713057E-02,  1.09896064E-02) (  4.24683094E-03, -2.54064798E-02) (  0.00000000    ,  0.00000000    )
   0.00000000       0.00000000       2.00000000     (  6.68689609E-03, -5.53205609E-03) ( -9.63918865E-04,  1.49011612E-03) (  0.00000000    ,  0.00000000    )
   0.00000000       1.00000000       0.00000000     ( -4.91738319E-03,  1.01700425E-02) (  0.00000000    ,  0.00000000    ) (  1.74157321E-03, -8.52160156E-04)
   0.00000000       1.00000000       1.00000000     (  3.19443643E-03, -4.82425094E-03) (  5.42029738E-03, -8.04662704E-03) ( -5.42029738E-03,  8.04662704E-03)
   0.00000000       1.00000000       2.00000000     ( -7.80448318E-03, -5.61703928E-05) ( -5.73694706E-03,  3.96976247E-04) (  2.86847353E-03, -1.98488124E-04)
   0.00000000       2.00000000       0.00000000     ( -2.83122063E-03, -6.79865479E-03) (  0.00000000    ,  0.00000000    ) ( -6.64964318E-03,  3.38768587E-04)
   0.00000000       2.00000000       1.00000000     (  3.57627869E-03,  4.60073352E-03) ( -2.44937837E-03, -2.30036676E-03) (  4.89875674E-03,  4.60073352E-03)
   0.00000000      -2.00000000       0.00000000     ( -2.83122063E-03,  6.79865479E-03) (  0.00000000    ,  0.00000000    ) ( -6.64964318E-03, -3.38768587E-04)
   0.00000000      -2.00000000       1.00000000     ( -1.06543303E-02,  6.37955964E-04) ( -1.52271241E-03,  1.56927854E-03) ( -3.04542482E-03,  3.13855708E-03)
   0.00000000      -1.00000000       0.00000000     ( -4.91738319E-03, -1.01700425E-02) (  0.00000000    ,  0.00000000    ) (  1.74157321E-03,  8.52160156E-04)
   0.00000000      -1.00000000       1.00000000     (  1.27032399E-02, -1.47894025E-02) ( -1.38301402E-03, -2.04890966E-03) ( -1.38301402E-03, -2.04890966E-03)
   0.00000000      -1.00000000       2.00000000     ( -7.79982656E-04, -2.96160579E-03) (  8.14907253E-04,  8.12578946E-04) (  4.07453626E-04,  4.06289473E-04)
   1.00000000       0.00000000       0.00000000     (  0.00000000    ,  0.00000000    ) ( -1.73598528E-02,  5.86733222E-03) (  2.54809856E-02,  2.10106373E-02)
   1.00000000       0.00000000       1.00000000     (  3.19443643E-03, -3.30619514E-03) ( -2.60025263E-02,  1.50501728E-02) ( -3.19443643E-03,  3.30619514E-03)
   1.00000000       0.00000000       2.00000000     (  1.14319846E-03,  3.26894224E-03) (  7.54371285E-03,  3.93949449E-03) ( -5.71599230E-04, -1.63447112E-03)
   1.00000000       1.00000000       0.00000000     (  5.34579158E-03,  2.68220901E-03) ( -5.34579158E-03, -2.68220901E-03) ( -7.78585672E-03,  4.28408384E-03)
   1.00000000       1.00000000       1.00000000     ( -4.13507223E-03, -1.26310624E-04) (  2.84053385E-03, -2.36468622E-05) (  1.29453838E-03,  1.50175765E-04)
   1.00000000       1.00000000       2.00000000     ( -1.79745257E-03, -3.06405127E-03) ( -5.92321157E-03, -2.03493983E-03) (  3.85567546E-03,  2.55182385E-03)
   1.00000000       2.00000000       0.00000000     ( -2.07219273E-03,  6.68689609E-03) (  1.03609636E-03, -3.34344804E-03) ( -1.61118805E-03,  8.21426511E-03)
   1.00000000       2.00000000       1.00000000     (  7.45058060E-03,  2.86847353E-03) ( -3.80910933E-03, -3.00817192E-03) (  1.78115442E-04,  3.15718353E-03)
   1.00000000      -2.00000000       0.00000000     (  3.22470441E-04, -3.52971256E-03) (  1.61235221E-04, -1.76485628E-03) ( -1.06636435E-03,  2.90572643E-03)
   1.00000000      -2.00000000       1.00000000     ( -1.97440386E-03,  9.31322575E-04) ( -2.22586095E-03,  1.82539225E-03) ( -2.47731805E-03,  2.71946192E-03)
   1.00000000      -1.00000000       0.00000000     ( -6.10947609E-03, -7.20843673E-03) ( -6.10947609E-03, -7.20843673E-03) ( -4.82425094E-03,  5.10364771E-03)
   1.00000000      -1.00000000       1.00000000     (  5.19677997E-03,  8.32602382E-03) ( -5.82076609E-04,  6.37024641E-03) ( -5.79282641E-03, -1.94646418E-03)
   1.00000000      -1.00000000       2.00000000     (  4.55416739E-03,  6.18398190E-03) (  7.69272447E-03,  3.94880772E-03) (  1.56927854E-03, -1.12224370E-03)
   2.00000000       0.00000000       0.00000000     (  0.00000000    ,  0.00000000    ) (  1.09896064E-02, -5.04776835E-03) ( -5.40167093E-03,  2.65426934E-03)
   2.00000000       0.00000000       1.00000000     ( -3.78116965E-03, -2.37487257E-03) (  2.53319740E-03,  1.06170774E-02) (  7.56233931E-03,  4.74974513E-03)
   2.00000000       1.00000000       0.00000000     ( -2.78465450E-03,  8.68458301E-04) (  5.56930900E-03, -1.73691660E-03) ( -4.23751771E-04, -9.68575478E-03)
   2.00000000       1.00000000       1.00000000     (  1.45286322E-03,  4.17232513E-03) ( -4.33996320E-03, -7.20843673E-03) (  1.43423676E-03, -1.13854185E-03)
   2.00000000      -1.00000000       0.00000000     (  1.98371708E-03,  8.61473382E-04) (  3.96743417E-03,  1.72294676E-03) (  2.62843969E-06,  1.64378434E-03)
   2.00000000      -1.00000000       1.00000000     ( -3.51108611E-03,  9.31322575E-04) ( -2.50525773E-03, -2.00234354E-03) (  4.51691449E-03, -3.86498868E-03)
