   0.00000000       0.00000000       1.00000000     (  2.53319740E-02,  1.11013651E-02) (  9.87201929E-03, -2.96533108E-02) (  0.00000000    ,  0.00000000    )
   0.00000000       0.00000000       2.00000000     (  3.59490514E-03, -4.26545739E-03) ( -2.42143869E-03,  4.19095159E-04) (  0.00000000    ,  0.00000000    )
   0.00000000       1.00000000       0.00000000     ( -8.67992640E-03,  8.10250640E-03) (  0.00000000    ,  0.00000000    ) (  2.25380063E-03,  2.00234354E-03)
   0.00000000       1.00000000       1.00000000     (  4.56348062E-03, -5.15952706E-03) (  3.83704901E-03, -9.64850187E-03) ( -3.83704901E-03,  9.64850187E-03)
   0.00000000       1.00000000       2.00000000     ( -5.12227416E-03,  1.14552677E-03) ( -2.28174031E-03,  8.44011083E-05) (  1.14087015E-03, -4.22005542E-05)
   0.00000000       2.00000000       0.00000000     ( -3.46451998E-03, -3.14787030E-03) (  0.00000000    ,  0.00000000    ) ( -4.19095159E-03,  6.40284270E-04)
   0.00000000       2.00000000       1.00000000     (  1.64844096E-03,  4.28408384E-03) ( -1.87195837E-03, -1.17346644E-03) (  3.74391675E-03,  2.34693289E-03)
   0.00000000      -2.00000000       0.00000000     ( -3.46451998E-03,  3.14787030E-03) (  0.00000000    ,  0.00000000    ) ( -4.19095159E-03, -6.40284270E-04)
   0.00000000      -2.00000000       1.00000000     ( -8.38190317E-03,  2.07684934E-03) ( -1.41561031E-03,  1.20606273E-03) ( -2.83122063E-03,  2.41212547E-03)
   0.00000000      -1.00000000       0.00000000     ( -8.67992640E-03, -8.10250640E-03) (  0.00000000    ,  0.00000000    ) (  2.25380063E-03, -2.00234354E-03)
   0.00000000      -1.00000000       1.00000000     (  1.52364373E-02, -1.76206231E-02) ( -5.67524694E-06, -1.62515789E-03) ( -5.67524694E-06, -1.62515789E-03)
   0.00000000      -1.00000000       2.00000000     (  4.35393304E-04, -2.46800482E-03) (  6.03031367E-04, -1.65775418E-03) (  3.01515684E-04, -8.28877091E-04)
   1.00000000       0.00000000       0.00000000     (  0.00000000    ,  0.00000000    ) ( -1.55344605E-02,  7.28294253E-03) (  2.88337469E-02,  2.42143869E-02)
   1.00000000       0.00000000       1.00000000     (  4.54485416E-03, -2.54251063E-03) ( -2.97278166E-02,  1.49756670E-02) ( -4.54485416E-03,  2.54251063E-03)
   1.00000000       0.00000000       2.00000000     (  1.22468919E-03,  2.56113708E-03) (  6.63101673E-03,  2.75671482E-03) ( -6.12344593E-04, -1.28056854E-03)
   1.00000000       1.00000000       0.00000000     (  5.79282641E-03,  4.67523932E-03) ( -5.79282641E-03, -4.67523932E-03) ( -9.03382897E-03,  6.55651093E-03)
   1.00000000       1.00000000       1.00000000     ( -2.50525773E-03, -1.34110451E-03) (  1.26659870E-03,  4.07453626E-04) (  1.23400241E-03,  9.35979187E-04)
   1.00000000       1.00000000       2.00000000     ( -4.70317900E-04, -1.81607902E-03) ( -3.68803740E-03, -1.64727680E-04) (  2.08616257E-03,  9.91858542E-04)
   1.00000000       2.00000000       0.00000000     ( -1.36904418E-03,  5.02914190E-03) (  6.84522092E-04, -2.51457095E-03) ( -6.14672899E-04,  2.74740160E-03)
   1.00000000       2.00000000       1.00000000     (  4.80562449E-03,  1.41095370E-03) ( -3.57627869E-03, -1.92783773E-03) (  2.34693289E-03,  2.45869160E-03)
   1.00000000      -2.00000000       0.00000000     (  3.48081812E-04, -2.44006515E-03) (  1.74040906E-04, -1.22003257E-03) ( -1.04308128E-03,  2.30967999E-03)
   1.00000000      -2.00000000       1.00000000     ( -7.82310963E-04,  1.84401870E-03) ( -1.13155693E-03,  2.35624611E-03) ( -1.48080289E-03,  2.86847353E-03)
   1.00000000      -1.00000000       0.00000000     ( -5.97909093E-03, -1.15111470E-02) ( -5.97909093E-03, -1.15111470E-02) ( -6.72414899E-03,  7.07805157E-03)
   1.00000000      -1.00000000       1.00000000     (  1.90921128E-03,  3.70666385E-03) ( -1.96509063E-03,  1.39232725E-03) ( -3.87430191E-03, -2.31899321E-03)
   1.00000000      -1.00000000       2.00000000     (  2.26311386E-03,  3.09199095E-03) (  3.81842256E-03,  2.96160579E-03) (  7.82310963E-04, -6.34463504E-05)
   2.00000000       0.00000000       0.00000000     (  0.00000000    ,  0.00000000    ) (  6.33299351E-03, -1.63912773E-03) ( -3.78116965E-03,  2.73576006E-04)
   2.00000000       0.00000000       1.00000000     ( -1.27125531E-03, -1.99303031E-03) (  9.49949026E-04,  5.30853868E-03) (  2.54251063E-03,  3.98606062E-03)
   2.00000000       1.00000000       0.00000000     ( -2.18860805E-03,  2.39815563E-04) (  4.37721610E-03, -4.79631126E-04) (  6.95581548E-05, -6.78002834E-03)
   2.00000000       1.00000000       1.00000000     (  1.83936208E-04,  2.09547579E-03) ( -1.09896064E-03, -3.93018126E-03) (  7.31088221E-04, -2.57277861E-04)
   2.00000000      -1.00000000       0.00000000     (  1.22934580E-03,  1.42492354E-03) (  2.45869160E-03,  2.84984708E-03) ( -1.58906914E-04,  1.50874257E-03)
   2.00000000      -1.00000000       1.00000000     ( -2.32830644E-03,  6.58910722E-04) ( -1.72294676E-03, -8.05594027E-04) (  2.92435288E-03, -2.12341547E-03)
