   0.00000000       0.00000000      -2.00000000     (  7.17118382E-04,  2.30967999E-03) ( -1.75088644E-03,  5.02914190E-04) (  0.00000000    ,  0.00000000    )
   0.00000000       0.00000000      -1.00000000     (  2.79396772E-02, -9.76026058E-03) (  2.09361315E-02,  3.43471766E-02) (  0.00000000    ,  0.00000000    )
   0.00000000       1.00000000      -2.00000000     ( -1.54832378E-04,  6.98491931E-04) (  5.16884029E-04,  1.18277967E-03) (  2.58442014E-04,  5.91389835E-04)
   0.00000000       1.00000000      -1.00000000     (  1.39698386E-02,  2.34693289E-02) (  9.22009349E-04, -4.51691449E-04) (  9.22009349E-04, -4.51691449E-04)
   0.00000000       2.00000000      -1.00000000     ( -4.13507223E-03, -9.22009349E-04) ( -8.56816769E-04, -6.14672899E-04) ( -1.71363354E-03, -1.22934580E-03)
   0.00000000      -2.00000000      -1.00000000     (  9.12696123E-04, -1.78813934E-03) ( -7.45058060E-04,  2.09547579E-04) (  1.49011612E-03, -4.19095159E-04)
   0.00000000      -1.00000000      -2.00000000     ( -2.34693289E-03, -8.38190317E-04) ( -5.26197255E-04, -2.25845724E-04) (  2.63098627E-04,  1.12922862E-04)
   0.00000000      -1.00000000      -1.00000000     (  7.59959221E-03,  1.06636435E-03) (  5.47152013E-04,  1.11013651E-02) ( -5.47152013E-04, -1.11013651E-02)
   1.00000000       0.00000000      -2.00000000     ( -1.18277967E-03,  1.50874257E-03) ( -1.37835741E-03,  1.91852450E-03) ( -5.91389835E-04,  7.54371285E-04)
   1.00000000       0.00000000      -1.00000000     (  7.17118382E-03, -1.09430403E-03) ( -4.21889126E-03, -3.27825546E-03) (  7.17118382E-03, -1.09430403E-03)
   1.00000000       1.00000000      -2.00000000     ( -1.73225999E-03,  9.03382897E-04) (  8.19563866E-04, -1.88127160E-03) ( -4.56348062E-04, -4.88944352E-04)
   1.00000000       1.00000000      -1.00000000     ( -1.52736902E-03, -4.00468707E-04) (  1.62050128E-03,  6.05359674E-04) (  1.09430403E-04,  2.00234354E-04)
   1.00000000       2.00000000      -1.00000000     (  6.69388101E-05,  5.96046448E-04) ( -4.42378223E-04,  6.98491931E-04) ( -8.19563866E-04,  1.99303031E-03)
   1.00000000      -2.00000000      -1.00000000     (  5.86733222E-04, -1.83354132E-05) (  7.72997737E-04,  6.79865479E-04) ( -9.68575478E-04, -1.37835741E-03)
   1.00000000      -1.00000000      -2.00000000     ( -1.47847459E-04, -1.24797225E-03) ( -5.86733222E-04, -6.61239028E-04) (  2.18860805E-04, -2.93366611E-04)
   1.00000000      -1.00000000      -1.00000000     ( -7.17118382E-04,  5.54136932E-04) ( -1.45286322E-03,  2.56113708E-04) (  7.35744834E-04,  2.95694917E-04)
   2.00000000       0.00000000      -1.00000000     ( -6.33299351E-04, -3.49245965E-04) ( -6.33299351E-04,  1.00117177E-04) ( -1.26659870E-03, -6.98491931E-04)
   2.00000000       1.00000000      -1.00000000     ( -4.42378223E-04, -2.07219273E-04) (  8.56816769E-04, -5.44823706E-04) ( -2.67755240E-05, -9.59262252E-04)
   2.00000000      -1.00000000      -1.00000000     ( -2.09547579E-04,  8.61473382E-05) (  2.37487257E-04, -1.37835741E-03) ( -6.61239028E-04,  1.54599547E-03)
