    0.000000        0.000000        1.000000      (2.3394823E-02,1.3038516E-02)
   (-1.5869737E-02,-1.8998981E-02)  (0.000000,0.000000)
    0.000000        0.000000        2.000000      
 (1.5553087E-03,-9.4587449E-06)  (2.1234155E-03,1.9278377E-03)  
 (0.000000,0.000000)
    0.000000        1.000000        0.000000      (4.3027103E-03,2.5797635E-03)
   (0.000000,0.000000)  (5.6624413E-03,-2.1827873E-04)
    0.000000        1.000000        1.000000      (7.1525574E-03,1.0207295E-02)
   (4.7124922E-03,-4.3958426E-03)  (-4.7124922E-03,4.3958426E-03)
    0.000000        1.000000        2.000000      
 (-3.3900142E-03,-5.8207661E-04)  (-1.7462298E-04,-1.6950071E-03)  
 (8.7311491E-05,8.4750354E-04)
    0.000000        2.000000        0.000000      
 (-1.7136335E-03,1.0989606E-03)  (0.000000,0.000000)  
 (1.1734664E-03,1.3597310E-03)
    0.000000        2.000000        1.000000      
 (1.1082739E-03,-1.2386590E-03)  (-7.5437129E-04,-2.3283064E-04)  
 (1.5087426E-03,4.6566129E-04)
    0.000000       -2.000000        0.000000      
 (-1.7136335E-03,-1.0989606E-03)  (0.000000,0.000000)  
 (1.1734664E-03,-1.3597310E-03)
    0.000000       -2.000000        1.000000      
 (-3.4645200E-03,-4.2654574E-03)  (-5.7742000E-04,-2.6309863E-04)  
 (-1.1548400E-03,-5.2619725E-04)
    0.000000       -1.000000        0.000000      
 (4.3027103E-03,-2.5797635E-03)  (0.000000,0.000000)  
 (5.6624413E-03,2.1827873E-04)
    0.000000       -1.000000        1.000000      
 (1.0840595E-02,-3.9488077E-03)  (-6.9150701E-04,-6.5937638E-03)  
 (-6.9150701E-04,-6.5937638E-03)
    0.000000       -1.000000        2.000000      
 (-5.0291419E-03,-8.5681677E-04)  (-1.6856939E-03,-2.3096800E-03)  
 (-8.4284693E-04,-1.1548400E-03)
    1.000000        0.000000        0.000000      (0.000000,0.000000)  
 (-3.1888485E-02,7.5623393E-03)  (1.6614795E-02,2.1979213E-02)
    1.000000        0.000000        1.000000      
 (-4.8242509E-03,-1.8207356E-03)  (-1.5199184E-02,1.4007092E-02)  
 (4.8242509E-03,1.8207356E-03)
    1.000000        0.000000        2.000000      (9.3859853E-06,1.1362135E-03)
   (1.7788261E-03,2.6077032E-03)  (-4.6929927E-06,-5.6810677E-04)
    1.000000        1.000000        0.000000      
 (1.2200326E-03,-1.1129305E-03)  (-1.2200326E-03,1.1129305E-03)  
 (3.8417056E-04,4.7869980E-03)
    1.000000        1.000000        1.000000      (1.1641532E-03,2.1886081E-03)
   (-1.7322600E-03,-2.4586916E-03)  (5.6810677E-04,2.7124770E-04)
    1.000000        1.000000        2.000000      
 (-1.6856939E-03,1.3317913E-03)  (4.5401976E-04,-6.9849193E-04)  
 (6.1932951E-04,-3.1664968E-04)
    1.000000        2.000000        0.000000      (2.3096800E-03,1.1455268E-03)
   (-1.1548400E-03,-5.7276338E-04)  (5.8207661E-04,2.3096800E-03)
    1.000000        2.000000        1.000000      (8.3819032E-04,1.1269003E-03)
   (-1.1082739E-03,3.2130629E-04)  (1.3690442E-03,-1.7695129E-03)
    1.000000       -2.000000        0.000000      (1.0291114E-03,1.2479722E-03)
   (5.1455572E-04,6.2398612E-04)  (-1.5739352E-03,-6.0754246E-06)
    1.000000       -2.000000        1.000000      
 (-1.7974526E-03,-1.1548400E-03)  (-9.8254532E-04,-1.0104850E-03)  
 (-1.6647391E-04,-8.6612999E-04)
    1.000000       -1.000000        0.000000      
 (1.6624108E-03,-6.3562766E-04)  (1.6624108E-03,-6.3562766E-04)  
 (-8.2328916E-03,1.9092113E-03)
    1.000000       -1.000000        1.000000      
 (4.3213367E-03,-3.7066638E-03)  (9.4063580E-04,-2.1047890E-03)  
 (-3.3713877E-03,1.6018748E-03)
    1.000000       -1.000000        2.000000      
 (-2.6077032E-03,-1.3411045E-03)  (-3.1478703E-03,-2.0116568E-03)  
 (-2.7124770E-04,-3.3294782E-04)
    2.000000        0.000000        0.000000      (0.000000,0.000000)  
 (3.4272671E-03,5.6170393E-05)  (-6.9849193E-04,-9.8254532E-04)
    2.000000        0.000000        1.000000      
 (-3.8184226E-04,2.1979213E-03)  (9.8254532E-04,3.0174851E-03)  
 (7.6368451E-04,-4.3958426E-03)
    2.000000        1.000000        0.000000      
 (-7.0780516E-04,-1.5646219E-03)  (1.4156103E-03,3.1292439E-03)  
 (-3.3713877E-03,4.0046871E-03)
    2.000000        1.000000        1.000000      (1.1362135E-03,1.0849908E-03)
   (-5.8207661E-04,-4.5076013E-03)  (-1.7043203E-03,2.3469329E-03)
    2.000000       -1.000000        0.000000      
 (-2.4959445E-03,-8.3353370E-04)  (-4.9918890E-03,-1.6670674E-03)  
 (-1.0849908E-03,1.7601997E-03)
    2.000000       -1.000000        1.000000      
 (-1.0989606E-03,5.6810677E-04)  (-1.1641532E-04,2.8871000E-03)  
 (2.0768493E-03,1.7415732E-03)
