    0.000000        0.000000        1.000000      (2.1383166E-02,1.1771917E-02)
   (-8.1583858E-03,-1.6912818E-02)  (0.000000,0.000000)
    0.000000        0.000000        2.000000      
 (7.3015690E-03,-1.6577542E-03)  (6.1094761E-03,4.6286732E-03)  
 (0.000000,0.000000)
    0.000000        1.000000        0.000000      (1.1082739E-03,8.9406967E-03)
   (0.000000,0.000000)  (3.5203993E-03,-2.5704503E-03)
    0.000000        1.000000        1.000000      (4.2282045E-03,2.1792948E-03)
   (6.3516200E-03,-4.8056245E-03)  (-6.3516200E-03,4.8056245E-03)
    0.000000        1.000000        2.000000      
 (-8.2515180E-03,-2.5471672E-03)  (-5.6158751E-03,-1.1315569E-03)  
 (2.8079376E-03,5.6577846E-04)
    0.000000        2.000000        0.000000      
 (-3.2503158E-03,-1.2596138E-03)  (0.000000,0.000000)  
 (-1.1920929E-03,3.0640513E-03)
    0.000000        2.000000        1.000000      
 (1.0766089E-02,-3.1478703E-03)  (-2.2700988E-04,-2.0535663E-03)  
 (4.5401976E-04,4.1071326E-03)
    0.000000       -2.000000        0.000000      
 (-3.2503158E-03,1.2596138E-03)  (0.000000,0.000000)  
 (-1.1920929E-03,-3.0640513E-03)
    0.000000       -2.000000        1.000000      
 (-1.2889504E-02,-1.1399388E-02)  (-3.9674342E-03,1.1478551E-03)  
 (-7.9348683E-03,2.2957101E-03)
    0.000000       -1.000000        0.000000      
 (1.1082739E-03,-8.9406967E-03)  (0.000000,0.000000)  
 (3.5203993E-03,2.5704503E-03)
    0.000000       -1.000000        1.000000      
 (6.3888729E-03,-6.4447522E-03)  (-2.0395964E-03,-4.3213367E-03)  
 (-2.0395964E-03,-4.3213367E-03)
    0.000000       -1.000000        2.000000      
 (-1.3411045E-02,2.3189932E-03)  (-2.3422763E-03,1.8998981E-03)  
 (-1.1711381E-03,9.4994903E-04)
    1.000000        0.000000        0.000000      (0.000000,0.000000)  
 (-2.5331974E-02,4.9360096E-03)  (1.7732382E-02,1.7806888E-02)
    1.000000        0.000000        1.000000      
 (-1.8812716E-03,-3.4645200E-03)  (-1.9520521E-02,1.4603138E-02)  
 (1.8812716E-03,3.4645200E-03)
    1.000000        0.000000        2.000000      (7.4971467E-04,1.3946556E-03)
   (4.7776848E-03,1.0598451E-02)  (-3.7485734E-04,-6.9732778E-04)
    1.000000        1.000000        0.000000      
 (3.6507845E-03,-1.4761463E-03)  (-3.6507845E-03,1.4761463E-03)  
 (-2.6915222E-03,2.1886081E-03)
    1.000000        1.000000        1.000000      (6.8452209E-04,4.0978193E-03)
   (-2.0675361E-03,-2.9243529E-03)  (1.3806857E-03,-1.1804514E-03)
    1.000000        1.000000        2.000000      
 (-4.0605664E-03,8.8009983E-04)  (-5.0873496E-04,-5.5506825E-03)  
 (2.2863969E-03,2.3376197E-03)
    1.000000        2.000000        0.000000      (2.2584572E-03,2.3003668E-03)
   (-1.1292286E-03,-1.1501834E-03)  (3.9208680E-03,9.1828406E-03)
    1.000000        2.000000        1.000000      (3.8743019E-03,3.6600977E-03)
   (-1.9045547E-03,2.3981556E-04)  (-7.1304385E-05,-4.1443855E-03)
    1.000000       -2.000000        0.000000      (6.7055225E-04,7.6740980E-03)
   (3.3527613E-04,3.8370490E-03)  (-6.3888729E-03,-1.0710210E-03)
    1.000000       -2.000000        1.000000      
 (-2.0209700E-03,-1.3300451E-04)  (-1.9092113E-04,1.9907020E-04)  
 (1.6391277E-03,5.3085387E-04)
    1.000000       -1.000000        0.000000      
 (-1.8440187E-03,4.4237822E-04)  (-1.8440187E-03,4.4237822E-04)  
 (-5.3644180E-03,3.6507845E-03)
    1.000000       -1.000000        1.000000      (1.4230609E-02,5.5413693E-04)
   (4.8149377E-03,1.6251579E-03)  (-9.4063580E-03,1.0710210E-03)
    1.000000       -1.000000        2.000000      
 (-3.0547380E-03,1.3853423E-04)  (-6.2026083E-03,-4.2375177E-03)  
 (-1.5785918E-03,-2.1839514E-03)
    2.000000        0.000000        0.000000      (0.000000,0.000000)  
 (1.3262033E-02,-4.5169145E-03)  (-5.6810677E-04,1.7601997E-03)
    2.000000        0.000000        1.000000      
 (-3.4272671E-03,5.0384551E-03)  (4.6659261E-03,1.0356307E-02)  
 (6.8545341E-03,-1.0076910E-02)
    2.000000        1.000000        0.000000      
 (-1.9185245E-03,-2.6123598E-03)  (3.8370490E-03,5.2247196E-03)  
 (-7.3760748E-03,3.2689422E-03)
    2.000000        1.000000        1.000000      (3.4365803E-03,4.8987567E-03)
   (-5.0477684E-03,-1.3746321E-02)  (-1.8207356E-03,3.9581209E-03)
    2.000000       -1.000000        0.000000      
 (-2.5471672E-03,-3.3155084E-03)  (-5.0943345E-03,-6.6310167E-03)  
 (1.9837171E-03,4.2654574E-03)
    2.000000       -1.000000        1.000000      
 (-4.8708171E-03,2.3934990E-03)  (-4.3492764E-03,6.1467290E-03)  
 (5.4016709E-03,1.3597310E-03)
