   0.00000000       0.00000000      -2.00000000     ( -3.72529030E-05, -1.49011612E-04) (  1.11758709E-04, -3.25962901E-05) (  0.00000000    ,  0.00000000    )
   0.00000000       0.00000000      -1.00000000     (  2.20537186E-02, -2.61701643E-03) (  3.37511301E-02,  2.65985727E-02) (  0.00000000    ,  0.00000000    )
   0.00000000       1.00000000      -2.00000000     ( -3.72529030E-05, -2.91038305E-06) (  4.65661287E-05, -4.65661287E-05) (  2.32830644E-05, -2.32830644E-05)
   0.00000000       1.00000000      -1.00000000     (  7.59027898E-04,  3.10689211E-02) ( -4.00468707E-03, -3.29688191E-03) ( -4.00468707E-03, -3.29688191E-03)
   0.00000000       2.00000000      -1.00000000     (  1.67638063E-04,  6.98491931E-06) (  1.16415322E-05, -1.39698386E-05) (  2.32830644E-05, -2.79396772E-05)
   0.00000000      -2.00000000      -1.00000000     ( -9.31322575E-05, -1.86264515E-05) (  4.65661287E-05,  2.32830644E-05) ( -9.31322575E-05, -4.65661287E-05)
   0.00000000      -1.00000000      -2.00000000     (  9.31322575E-05, -3.25962901E-05) (  5.58793545E-05,  2.79396772E-05) ( -2.79396772E-05, -1.39698386E-05)
   0.00000000      -1.00000000      -1.00000000     (  7.95349479E-03, -9.35047865E-03) ( -2.83122063E-03,  5.66244125E-03) (  2.83122063E-03, -5.66244125E-03)
   1.00000000       0.00000000      -2.00000000     (  5.58793545E-05, -2.79396772E-05) (  7.45058060E-05, -4.65661287E-05) (  2.79396772E-05, -1.39698386E-05)
   1.00000000       0.00000000      -1.00000000     (  9.51811671E-03, -4.82425094E-03) ( -1.00955367E-02, -1.88127160E-03) (  9.51811671E-03, -4.82425094E-03)
   1.00000000       1.00000000      -2.00000000     (  4.65661287E-05,  2.79396772E-05) ( -2.79396772E-05,  1.11758709E-04) (  9.31322575E-06,  6.51925802E-05)
   1.00000000       1.00000000      -1.00000000     (  5.58793545E-05, -3.72529030E-05) ( -1.30385160E-04, -6.51925802E-05) ( -6.51925802E-05, -9.31322575E-05)
   1.00000000       2.00000000      -1.00000000     ( -1.04773790E-05, -5.58793545E-05) (  3.25962901E-05,  4.65661287E-05) (  5.58793545E-05,  3.72529030E-05)
   1.00000000      -2.00000000      -1.00000000     ( -9.31322575E-05, -4.65661287E-05) ( -6.51925802E-05, -4.65661287E-05) (  2.32830644E-05,  5.58793545E-05)
   1.00000000      -1.00000000      -2.00000000     ( -4.65661287E-05,  5.58793545E-05) ( -7.45058060E-05,  1.04773790E-05) (  1.39698386E-05,  2.09547579E-05)
   1.00000000      -1.00000000      -1.00000000     (  2.32830644E-05, -9.31322575E-05) (  1.11758709E-04, -3.72529030E-05) ( -8.38190317E-05, -6.51925802E-05)
   2.00000000       0.00000000      -1.00000000     (  3.72529030E-05,  1.16415322E-05) (  2.91038305E-06, -9.31322575E-06) (  7.45058060E-05,  2.32830644E-05)
   2.00000000       1.00000000      -1.00000000     (  2.79396772E-05,  3.49245965E-06) ( -4.65661287E-05,  2.32830644E-05) (  8.14907253E-06,  3.25962901E-05)
   2.00000000      -1.00000000      -1.00000000     ( -1.16415322E-05, -6.98491931E-06) ( -8.38190317E-05,  6.51925802E-05) (  6.51925802E-05, -8.38190317E-05)
