    0.000000        0.000000        1.000000      (2.1010637E-02,1.1585653E-02)
   (-9.1642141E-03,-1.6316772E-02)  (0.000000,0.000000)
    0.000000        0.000000        2.000000      
 (6.6123903E-03,-1.5273690E-03)  (6.1094761E-03,4.8801303E-03)  
 (0.000000,0.000000)
    0.000000        1.000000        0.000000      (1.4901161E-03,7.9721212E-03)
   (0.000000,0.000000)  (3.6880374E-03,-2.1792948E-03)
    0.000000        1.000000        1.000000      (4.3958426E-03,3.1851232E-03)
   (5.9418380E-03,-4.5262277E-03)  (-5.9418380E-03,4.5262277E-03)
    0.000000        1.000000        2.000000      
 (-8.2328916E-03,-2.4400651E-03)  (-4.6566129E-03,-1.6530976E-03)  
 (2.3283064E-03,8.2654878E-04)
    0.000000        2.000000        0.000000      
 (-3.9953738E-03,-3.4866389E-04)  (0.000000,0.000000)  
 (-6.4144842E-04,3.0081719E-03)
    0.000000        2.000000        1.000000      
 (9.7230077E-03,-2.9895455E-03)  (-4.1676685E-04,-1.8067658E-03)  
 (8.3353370E-04,3.6135316E-03)
    0.000000       -2.000000        0.000000      
 (-3.9953738E-03,3.4866389E-04)  (0.000000,0.000000)  
 (-6.4144842E-04,-3.0081719E-03)
    0.000000       -2.000000        1.000000      
 (-1.2554228E-02,-1.1473894E-02)  (-3.6694109E-03,1.0244548E-03)  
 (-7.3388219E-03,2.0489097E-03)
    0.000000       -1.000000        0.000000      
 (1.4901161E-03,-7.9721212E-03)  (0.000000,0.000000)  
 (3.6880374E-03,2.1792948E-03)
    0.000000       -1.000000        1.000000      
 (6.5006316E-03,-5.5879354E-03)  (-1.7601997E-03,-4.5821071E-03)  
 (-1.7601997E-03,-4.5821071E-03)
    0.000000       -1.000000        2.000000      
 (-1.3522804E-02,1.5553087E-03)  (-2.7287751E-03,4.5751221E-04)  
 (-1.3643876E-03,2.2875611E-04)
    1.000000        0.000000        0.000000      (0.000000,0.000000)  
 (-2.5629997E-02,5.0477684E-03)  (1.6838312E-02,1.7732382E-02)
    1.000000        0.000000        1.000000      
 (-2.3283064E-03,-3.1199306E-03)  (-1.8402934E-02,1.4081597E-02)  
 (2.3283064E-03,3.1199306E-03)
    1.000000        0.000000        2.000000      (5.3201802E-04,1.6205013E-03)
   (4.6007335E-03,1.0151416E-02)  (-2.6600901E-04,-8.1025064E-04)
    1.000000        1.000000        0.000000      
 (3.2596290E-03,-1.4947727E-03)  (-3.2596290E-03,1.4947727E-03)  
 (-2.0768493E-03,2.3934990E-03)
    1.000000        1.000000        1.000000      (1.4086254E-03,4.3120235E-03)
   (-2.8312206E-03,-3.3061951E-03)  (1.4249235E-03,-1.0011718E-03)
    1.000000        1.000000        2.000000      
 (-4.2002648E-03,1.4435500E-03)  (-1.1059456E-04,-5.1502138E-03)  
 (2.1560118E-03,1.8533319E-03)
    1.000000        2.000000        0.000000      (2.9988587E-03,2.1420419E-03)
   (-1.4994293E-03,-1.0710210E-03)  (3.9115548E-03,8.5495412E-03)
    1.000000        2.000000        1.000000      (3.2503158E-03,3.2503158E-03)
   (-2.1420419E-03,6.8685040E-04)  (1.0407530E-03,-4.6193600E-03)
    1.000000       -2.000000        0.000000      (1.1594966E-03,7.6368451E-03)
   (5.7974830E-04,3.8184226E-03)  (-5.8114529E-03,-9.7788870E-04)
    1.000000       -2.000000        1.000000      
 (-2.6263297E-03,-6.9965608E-04)  (-5.8556907E-04,-4.0628947E-04)  
 (1.4528632E-03,-1.1146767E-04)
    1.000000       -1.000000        0.000000      
 (-1.2991950E-03,4.9825758E-04)  (-1.2991950E-03,4.9825758E-04)  
 (-5.5693090E-03,3.4272671E-03)
    1.000000       -1.000000        1.000000      
 (1.3597310E-02,-1.3993122E-03)  (4.2933971E-03,1.6589183E-04)  
 (-9.3132257E-03,1.5646219E-03)
    1.000000       -1.000000        2.000000      
 (-3.8463622E-03,-7.6601282E-04)  (-7.3201954E-03,-4.4889748E-03)  
 (-1.7369166E-03,-1.8626451E-03)
    2.000000        0.000000        0.000000      (0.000000,0.000000)  
 (1.2330711E-02,-3.6321580E-03)  (-4.6333298E-04,8.3353370E-04)
    2.000000        0.000000        1.000000      
 (-2.8498471E-03,5.3923577E-03)  (4.0140003E-03,9.2945993E-03)  
 (5.6996942E-03,-1.0784715E-02)
    2.000000        1.000000        0.000000      
 (-1.9837171E-03,-2.9709190E-03)  (3.9674342E-03,5.9418380E-03)  
 (-7.7486038E-03,4.7124922E-03)
    2.000000        1.000000        1.000000      (3.2223761E-03,4.3865293E-03)
   (-4.2933971E-03,-1.3448298E-02)  (-2.1513551E-03,4.6659261E-03)
    2.000000       -1.000000        0.000000      
 (-3.3061951E-03,-3.2596290E-03)  (-6.6123903E-03,-6.5192580E-03)  
 (1.4668331E-03,4.1909516E-03)
    2.000000       -1.000000        1.000000      
 (-4.4517219E-03,2.6496127E-03)  (-3.5762787E-03,7.2829425E-03)  
 (5.3271651E-03,1.9930303E-03)
