   0.00000000       0.00000000      -2.00000000     (  1.24797225E-03,  2.70083547E-03) ( -2.17929482E-03,  4.24915925E-05) (  0.00000000    ,  0.00000000    )
   0.00000000       0.00000000      -1.00000000     (  1.79186463E-02,  1.89756975E-04) (  3.40491533E-02,  2.10851431E-02) (  0.00000000    ,  0.00000000    )
   0.00000000       1.00000000      -2.00000000     (  1.13621354E-03, -8.44011083E-06) ( -7.63684511E-04,  8.84756446E-04) ( -3.81842256E-04,  4.42378223E-04)
   0.00000000       1.00000000      -1.00000000     ( -1.90921128E-03,  2.95788050E-02) ( -5.49480319E-03, -2.50525773E-03) ( -5.49480319E-03, -2.50525773E-03)
   0.00000000       2.00000000      -1.00000000     ( -1.86264515E-03,  2.46800482E-04) (  1.46683306E-04,  6.93835318E-04) (  2.93366611E-04,  1.38767064E-03)
   0.00000000      -2.00000000      -1.00000000     (  2.12341547E-03,  9.22009349E-04) ( -7.63684511E-04, -2.58442014E-04) (  1.52736902E-03,  5.16884029E-04)
   0.00000000      -1.00000000      -2.00000000     ( -1.11758709E-03,  9.12696123E-04) ( -9.68575478E-04, -2.39815563E-04) (  4.84287739E-04,  1.19907781E-04)
   0.00000000      -1.00000000      -1.00000000     (  7.84173608E-03, -9.98377800E-03) ( -2.40281224E-03,  3.29688191E-03) (  2.40281224E-03, -3.29688191E-03)
   1.00000000       0.00000000      -2.00000000     ( -1.02445483E-03,  8.49831849E-05) ( -1.12690032E-03,  1.14552677E-03) ( -5.12227416E-04,  4.24915925E-05)
   1.00000000       0.00000000      -1.00000000     (  8.73580575E-03, -4.91738319E-03) ( -9.57399607E-03,  5.08734956E-04) (  8.73580575E-03, -4.91738319E-03)
   1.00000000       1.00000000      -2.00000000     ( -8.00937414E-04, -2.98023224E-04) (  9.12696123E-04, -2.32830644E-03) (  5.52972779E-05, -1.31316483E-03)
   1.00000000       1.00000000      -1.00000000     ( -1.78813934E-03,  1.40629709E-03) (  2.51457095E-03,  5.44823706E-04) (  7.21774995E-04,  1.95577741E-03)
   1.00000000       2.00000000      -1.00000000     (  4.56348062E-04, -9.60426405E-06) ( -7.35744834E-04, -6.23986125E-04) ( -1.01514161E-03, -1.26659870E-03)
   1.00000000      -2.00000000      -1.00000000     (  1.69500709E-03,  5.35510480E-04) (  1.07102096E-03,  6.47269189E-04) ( -4.51691449E-04, -7.54371285E-04)
   1.00000000      -1.00000000      -2.00000000     (  8.94069672E-04, -9.12696123E-04) (  1.29453838E-03, -6.51925802E-04) ( -2.00234354E-04, -1.31549314E-04)
   1.00000000      -1.00000000      -1.00000000     ( -6.51925802E-05,  1.97440386E-03) ( -1.43423676E-03,  1.00582838E-03) (  1.36904418E-03,  9.68575478E-04)
   2.00000000       0.00000000      -1.00000000     ( -5.35510480E-04, -3.32947820E-04) (  4.23751771E-04, -2.53785402E-04) ( -1.07102096E-03, -6.65895641E-04)
   2.00000000       1.00000000      -1.00000000     (  2.46800482E-04,  3.07336450E-04) ( -1.75787136E-04,  2.44472176E-04) (  3.18977982E-04,  8.56816769E-04)
   2.00000000      -1.00000000      -1.00000000     (  3.67872417E-04,  8.20728019E-05) (  1.38767064E-03, -1.24797225E-03) ( -6.47269189E-04,  1.41561031E-03)
