   0.00000000       0.00000000       1.00000000     (  2.47359276E-02,  1.10641122E-02) (  8.45640898E-03, -2.86102295E-02) (  0.00000000    ,  0.00000000    )
   0.00000000       0.00000000       2.00000000     (  4.35858965E-03, -4.67523932E-03) ( -2.35624611E-03,  6.84522092E-04) (  0.00000000    ,  0.00000000    )
   0.00000000       1.00000000       0.00000000     ( -7.71135092E-03,  8.60542059E-03) (  0.00000000    ,  0.00000000    ) (  2.09547579E-03,  1.25728548E-03)
   0.00000000       1.00000000       1.00000000     (  4.14438546E-03, -5.21540642E-03) (  4.20957804E-03, -9.23871994E-03) ( -4.20957804E-03,  9.23871994E-03)
   0.00000000       1.00000000       2.00000000     ( -5.77419996E-03,  9.82545316E-04) ( -2.92435288E-03,  1.08266249E-04) (  1.46217644E-03, -5.41331246E-05)
   0.00000000       2.00000000       0.00000000     ( -3.65078449E-03, -4.00468707E-03) (  0.00000000    ,  0.00000000    ) ( -4.89875674E-03,  5.30853868E-04)
   0.00000000       2.00000000       1.00000000     (  1.89989805E-03,  4.65661287E-03) ( -2.12341547E-03, -1.40629709E-03) (  4.24683094E-03,  2.81259418E-03)
   0.00000000      -2.00000000       0.00000000     ( -3.65078449E-03,  4.00468707E-03) (  0.00000000    ,  0.00000000    ) ( -4.89875674E-03, -5.30853868E-04)
   0.00000000      -2.00000000       1.00000000     ( -9.12696123E-03,  2.05822289E-03) ( -1.47614628E-03,  1.34110451E-03) ( -2.95229256E-03,  2.68220901E-03)
   0.00000000      -1.00000000       0.00000000     ( -7.71135092E-03, -8.60542059E-03) (  0.00000000    ,  0.00000000    ) (  2.09547579E-03, -1.25728548E-03)
   0.00000000      -1.00000000       1.00000000     (  1.47521496E-02, -1.69128180E-02) ( -3.15485522E-04, -1.76019967E-03) ( -3.15485522E-04, -1.76019967E-03)
   0.00000000      -1.00000000       2.00000000     (  3.83006409E-04, -2.82190740E-03) (  6.19329512E-04, -1.42958015E-03) (  3.09664756E-04, -7.14790076E-04)
   1.00000000       0.00000000       0.00000000     (  0.00000000    ,  0.00000000    ) ( -1.58697367E-02,  6.87316060E-03) (  2.79396772E-02,  2.33203173E-02)
   1.00000000       0.00000000       1.00000000     (  4.24683094E-03, -2.65426934E-03) ( -2.87592411E-02,  1.50129199E-02) ( -4.24683094E-03,  2.65426934E-03)
   1.00000000       0.00000000       2.00000000     (  1.26194209E-03,  2.81259418E-03) (  7.18981028E-03,  3.01748514E-03) ( -6.30971044E-04, -1.40629709E-03)
   1.00000000       1.00000000       0.00000000     (  5.66244125E-03,  4.20026481E-03) ( -5.66244125E-03, -4.20026481E-03) ( -8.75443220E-03,  5.97909093E-03)
   1.00000000       1.00000000       1.00000000     ( -2.98954546E-03, -1.18743628E-03) (  1.69500709E-03,  3.79513949E-04) (  1.29919499E-03,  8.05594027E-04)
   1.00000000       1.00000000       2.00000000     ( -6.91507012E-04, -2.17929482E-03) ( -4.32133675E-03, -4.28408384E-04) (  2.50525773E-03,  1.30385160E-03)
   1.00000000       2.00000000       0.00000000     ( -1.49477273E-03,  5.56930900E-03) (  7.47386366E-04, -2.78465450E-03) ( -9.35979187E-04,  3.83704901E-03)
   1.00000000       2.00000000       1.00000000     (  5.45755029E-03,  1.78813934E-03) ( -3.78116965E-03, -2.25380063E-03) (  2.11410224E-03,  2.71946192E-03)
   1.00000000      -2.00000000       0.00000000     (  3.87663022E-04, -2.74740160E-03) (  1.93831511E-04, -1.37370080E-03) ( -9.87201929E-04,  2.65426934E-03)
   1.00000000      -2.00000000       1.00000000     ( -9.91858542E-04,  1.67638063E-03) ( -1.33179128E-03,  2.34693289E-03) ( -1.66706741E-03,  3.02679837E-03)
   1.00000000      -1.00000000       0.00000000     ( -6.09084964E-03, -1.05425715E-02) ( -6.09084964E-03, -1.05425715E-02) ( -6.18398190E-03,  6.51925802E-03)
   1.00000000      -1.00000000       1.00000000     (  2.42143869E-03,  4.71249223E-03) ( -1.89989805E-03,  2.37487257E-03) ( -4.32133675E-03, -2.33761966E-03)
   1.00000000      -1.00000000       2.00000000     (  2.81259418E-03,  3.78116965E-03) (  4.80562449E-03,  3.37138772E-03) (  9.96515155E-04, -2.00816430E-04)
   2.00000000       0.00000000       0.00000000     (  0.00000000    ,  0.00000000    ) (  7.41332769E-03, -2.29105353E-03) ( -4.28408384E-03,  6.07687980E-04)
   2.00000000       0.00000000       1.00000000     ( -1.76951289E-03, -2.22586095E-03) (  1.20140612E-03,  6.48200512E-03) (  3.53902578E-03,  4.45172191E-03)
   2.00000000       1.00000000       0.00000000     ( -2.40281224E-03,  3.59723344E-04) (  4.80562449E-03, -7.19446689E-04) (  2.60479283E-05, -7.71135092E-03)
   2.00000000       1.00000000       1.00000000     (  4.21423465E-04,  2.56113708E-03) ( -1.77882612E-03, -4.63798642E-03) (  9.40635800E-04, -4.77302819E-04)
   2.00000000      -1.00000000       0.00000000     (  1.47614628E-03,  1.42958015E-03) (  2.95229256E-03,  2.85916030E-03) ( -1.62399374E-04,  1.54133886E-03)
   2.00000000      -1.00000000       1.00000000     ( -2.56113708E-03,  7.79982656E-04) ( -1.81607902E-03, -1.05239451E-03) (  3.29688191E-03, -2.61701643E-03)
