   0.00000000       0.00000000       1.00000000     (  1.71363354E-02, -1.37370080E-03) (  3.53902578E-02, -1.98185444E-02) (  0.00000000    ,  0.00000000    )
   0.00000000       0.00000000       2.00000000     (  1.36904418E-03, -2.45869160E-03) ( -2.06753612E-03,  1.37370080E-04) (  0.00000000    ,  0.00000000    )
   0.00000000       1.00000000       0.00000000     ( -1.08405948E-02, -2.15135515E-03) (  0.00000000    ,  0.00000000    ) (  7.54371285E-03,  1.36718154E-02)
   0.00000000       1.00000000       1.00000000     (  8.10250640E-03,  1.02818012E-02) ( -2.11410224E-03, -2.75671482E-03) (  2.11410224E-03,  2.75671482E-03)
   0.00000000       1.00000000       2.00000000     ( -8.66129994E-04, -9.31322575E-04) ( -8.38190317E-04,  2.25845724E-04) (  4.19095159E-04, -1.12922862E-04)
   0.00000000       2.00000000       0.00000000     (  6.28642738E-04,  2.57045031E-03) (  0.00000000    ,  0.00000000    ) ( -3.16649675E-03,  1.75088644E-03)
   0.00000000       2.00000000       1.00000000     (  2.21654773E-03, -9.03382897E-04) ( -7.17118382E-04,  1.36205927E-04) (  1.43423676E-03, -2.72411853E-04)
   0.00000000      -2.00000000       0.00000000     (  6.28642738E-04, -2.57045031E-03) (  0.00000000    ,  0.00000000    ) ( -3.16649675E-03, -1.75088644E-03)
   0.00000000      -2.00000000       1.00000000     ( -1.35041773E-03, -3.16649675E-04) (  1.51339918E-04, -7.72997737E-04) (  3.02679837E-04, -1.54599547E-03)
   0.00000000      -1.00000000       0.00000000     ( -1.08405948E-02,  2.15135515E-03) (  0.00000000    ,  0.00000000    ) (  7.54371285E-03, -1.36718154E-02)
   0.00000000      -1.00000000       1.00000000     ( -2.72877514E-03, -2.98023224E-02) ( -6.18398190E-03,  2.27242708E-03) ( -6.18398190E-03,  2.27242708E-03)
   0.00000000      -1.00000000       2.00000000     (  1.22003257E-03, -1.97906047E-05) ( -5.07570803E-04, -8.56816769E-04) ( -2.53785402E-04, -4.28408384E-04)
   1.00000000       0.00000000       0.00000000     (  0.00000000    ,  0.00000000    ) ( -1.93715096E-02,  1.80304050E-02) (  2.36183405E-02,  1.05053186E-02)
   1.00000000       0.00000000       1.00000000     ( -2.48663127E-03, -1.11758709E-03) ( -2.38418579E-02, -9.33185220E-03) (  2.48663127E-03,  1.11758709E-03)
   1.00000000       0.00000000       2.00000000     ( -1.33179128E-03,  8.84756446E-04) (  9.49949026E-04,  1.14552677E-03) (  6.65895641E-04, -4.42378223E-04)
   1.00000000       1.00000000       0.00000000     (  1.71130523E-04,  1.99768692E-03) ( -1.71130523E-04, -1.99768692E-03) ( -9.61124897E-03,  1.15856528E-02)
   1.00000000       1.00000000       1.00000000     (  8.66129994E-04, -3.37604433E-04) ( -2.68220901E-03, -1.44354999E-04) (  1.82539225E-03,  4.84287739E-04)
   1.00000000       1.00000000       2.00000000     ( -2.53319740E-03,  1.09139364E-05) (  3.95812094E-04,  1.28522515E-03) (  1.07102096E-03, -6.47269189E-04)
   1.00000000       2.00000000       0.00000000     (  1.54599547E-03, -4.23751771E-04) ( -7.72997737E-04,  2.11875886E-04) ( -3.63797881E-05,  1.80676579E-03)
   1.00000000       2.00000000       1.00000000     (  7.45058060E-04,  9.12696123E-04) ( -9.59262252E-04,  5.99538907E-05) (  1.16415322E-03, -1.02445483E-03)
   1.00000000      -2.00000000       0.00000000     ( -1.47148967E-03, -1.90921128E-04) ( -7.35744834E-04, -9.54605639E-05) ( -1.30385160E-03, -1.86264515E-03)
   1.00000000      -2.00000000       1.00000000     ( -1.16415322E-03, -4.37721610E-04) ( -3.58559191E-04, -3.09664756E-04) (  4.47034836E-04, -1.81607902E-04)
   1.00000000      -1.00000000       0.00000000     ( -4.93600965E-04, -7.52508640E-03) ( -4.93600965E-04, -7.52508640E-03) ( -1.05053186E-02,  2.74181366E-02)
   1.00000000      -1.00000000       1.00000000     (  2.83122063E-03,  9.49949026E-04) ( -4.74974513E-04, -2.98023224E-03) ( -3.31550837E-03, -3.94880772E-03)
   1.00000000      -1.00000000       2.00000000     ( -2.17929482E-03,  1.80676579E-03) ( -1.29453838E-03,  1.35973096E-03) (  4.42378223E-04, -2.28174031E-04)
   2.00000000       0.00000000       0.00000000     (  0.00000000    ,  0.00000000    ) (  1.41561031E-03,  3.20374966E-03) ( -6.89178705E-04,  1.86264515E-03)
   2.00000000       0.00000000       1.00000000     (  2.51457095E-04, -6.65895641E-04) (  9.22009349E-04,  1.67638063E-03) ( -5.02914190E-04,  1.33179128E-03)
   2.00000000       1.00000000       0.00000000     (  4.23751771E-04,  1.15483999E-03) ( -8.47503543E-04, -2.30967999E-03) ( -1.60187483E-03,  2.77534127E-03)
   2.00000000       1.00000000       1.00000000     (  7.17118382E-04,  1.97906047E-04) ( -8.10250640E-04, -1.37835741E-03) ( -6.23986125E-04,  9.77888703E-04)
   2.00000000      -1.00000000       0.00000000     ( -4.98257577E-04,  3.72529030E-04) ( -9.96515155E-04,  7.45058060E-04) ( -1.08964741E-03, -1.75787136E-04)
   2.00000000      -1.00000000       1.00000000     ( -7.72997737E-04, -1.11758709E-04) ( -2.40281224E-03, -3.77185643E-04) ( -8.56816769E-04, -1.54832378E-04)
