    0.000000        0.000000       -2.000000      (8.4936619E-03,2.2724271E-03)
   (5.6345016E-03,-3.4552068E-03)  (0.000000,0.000000)
    0.000000        0.000000       -1.000000      
 (2.2649765E-02,-1.2256205E-02)  (-5.5693090E-03,1.9073486E-02)  
 (0.000000,0.000000)
    0.000000        1.000000       -2.000000      
 (-1.1771917E-02,-3.2037497E-03)  (-1.1827797E-03,-4.6193600E-03)  
 (-5.9138983E-04,-2.3096800E-03)
    0.000000        1.000000       -1.000000      (6.9849193E-03,8.9779496E-03)
   (-2.6728958E-03,3.7997961E-03)  (-2.6728958E-03,3.7997961E-03)
    0.000000        2.000000       -1.000000      
 (-1.2964010E-02,1.0151416E-02)  (-4.1071326E-03,-1.0477379E-03)  
 (-8.2142651E-03,-2.0954758E-03)
    0.000000       -2.000000       -1.000000      (1.1380762E-02,3.1292439E-03)
   (-1.1525117E-04,2.4866313E-03)  (2.3050234E-04,-4.9732625E-03)
    0.000000       -1.000000       -2.000000      
 (-8.4750354E-03,2.4074689E-03)  (-7.8789890E-03,1.5425030E-04)  
 (3.9394945E-03,-7.7125151E-05)
    0.000000       -1.000000       -1.000000      (4.0233135E-03,1.0681106E-04)
   (7.1898103E-03,5.6996942E-03)  (-7.1898103E-03,-5.6996942E-03)
    1.000000        0.000000       -2.000000      (7.6368451E-03,4.0512532E-03)
   (-2.2817403E-03,7.4319541E-03)  (3.8184226E-03,2.0256266E-03)
    1.000000        0.000000       -1.000000      
 (4.1350722E-03,-1.6647391E-04)  (9.2387199E-03,-2.6170164E-03)  
 (4.1350722E-03,-1.6647391E-04)
    1.000000        1.000000       -2.000000      
 (-3.0640513E-03,-2.4726614E-03)  (6.9034286E-04,-1.3560057E-02)  
 (-1.1851080E-03,-8.0093741E-03)
    1.000000        1.000000       -1.000000      
 (-8.6054206E-03,-4.6007335E-03)  (3.2782555E-03,-7.7532604E-04)  
 (-5.3178519E-03,-5.3830445E-03)
    1.000000        2.000000       -1.000000      
 (-1.0114163E-02,-3.3155084E-03)  (1.9604340E-03,2.6077032E-03)  
 (-6.2026083E-03,1.8952414E-03)
    1.000000       -2.000000       -1.000000      
 (-9.3132257E-04,-6.5006316E-03)  (-1.6158447E-03,-3.5110861E-03)  
 (2.3003668E-03,5.2852556E-04)
    1.000000       -1.000000       -2.000000      (4.7869980E-03,2.3329630E-03)
   (-3.6321580E-03,2.7660280E-03)  (4.2095780E-03,-2.1711458E-04)
    1.000000       -1.000000       -1.000000      
 (-9.3691051E-03,2.9988587E-03)  (-8.4005296E-03,9.4529241E-04)  
 (-9.6391886E-04,2.0535663E-03)
    2.000000        0.000000       -1.000000      
 (-1.4493708E-04,4.6472996E-03)  (8.3353370E-04,7.3760748E-03)  
 (-2.8987415E-04,9.2945993E-03)
    2.000000        1.000000       -1.000000      
 (1.5046680E-04,-1.3329554E-04)  (4.3120235E-03,-6.9104135E-03)  
 (4.6193600E-03,-7.1898103E-03)
    2.000000       -1.000000       -1.000000      
 (-1.8393621E-03,7.4971467E-04)  (7.8231096E-04,5.0012022E-03)  
 (-4.4610351E-03,-3.5017729E-03)
