    0.000000        0.000000        1.000000      (2.2277236E-02,1.2107193E-02)
   (-6.4820051E-03,-1.8253922E-02)  (0.000000,0.000000)
    0.000000        0.000000        2.000000      
 (8.1956387E-03,-1.9790605E-03)  (5.8673322E-03,3.9208680E-03)  
 (0.000000,0.000000)
    0.000000        1.000000        0.000000      (4.8428774E-04,1.0393560E-02)
   (0.000000,0.000000)  (3.2503158E-03,-3.1106174E-03)
    0.000000        1.000000        1.000000      (4.0791929E-03,6.6123903E-04)
   (6.9476664E-03,-5.3644180E-03)  (-6.9476664E-03,5.3644180E-03)
    0.000000        1.000000        2.000000      
 (-8.3446503E-03,-2.5285408E-03)  (-7.1525574E-03,-4.3190084E-04)  
 (3.5762787E-03,2.1595042E-04)
    0.000000        2.000000        0.000000      
 (-1.7927960E-03,-2.9522926E-03)  (0.000000,0.000000)  
 (-1.9883737E-03,2.7939677E-03)
    0.000000        2.000000        1.000000      
 (1.1455268E-02,-3.2782555E-03)  (-8.1054168E-05,-2.3515895E-03)  
 (1.6210834E-04,4.7031790E-03)
    0.000000       -2.000000        0.000000      
 (-1.7927960E-03,2.9522926E-03)  (0.000000,0.000000)  
 (-1.9883737E-03,-2.7939677E-03)
    0.000000       -2.000000        1.000000      
 (-1.3038516E-02,-1.0747463E-02)  (-4.1630119E-03,1.1059456E-03)  
 (-8.3260238E-03,2.2118911E-03)
    0.000000       -1.000000        0.000000      
 (4.8428774E-04,-1.0393560E-02)  (0.000000,0.000000)  
 (3.2503158E-03,3.1106174E-03)
    0.000000       -1.000000        1.000000      
 (6.6496432E-03,-8.0838799E-03)  (-2.4773180E-03,-3.9674342E-03)  
 (-2.4773180E-03,-3.9674342E-03)
    0.000000       -1.000000        2.000000      
 (-1.2554228E-02,3.0919909E-03)  (-1.6018748E-03,3.8649887E-03)  
 (-8.0093741E-04,1.9324943E-03)
    1.000000        0.000000        0.000000      (0.000000,0.000000)  
 (-2.5033951E-02,4.8801303E-03)  (1.9371510E-02,1.8328428E-02)
    1.000000        0.000000        1.000000      
 (-1.1315569E-03,-4.0046871E-03)  (-2.1532178E-02,1.5497208E-02)  
 (1.1315569E-03,4.0046871E-03)
    1.000000        0.000000        2.000000      (1.1106022E-03,1.2945384E-03)
   (5.1315874E-03,1.0766089E-02)  (-5.5530109E-04,-6.4726919E-04)
    1.000000        1.000000        0.000000      
 (4.2468309E-03,-1.3038516E-03)  (-4.2468309E-03,1.3038516E-03)  
 (-3.7252903E-03,2.0675361E-03)
    1.000000        1.000000        1.000000      
 (-6.4959750E-04,3.6694109E-03)  (-6.8452209E-04,-2.3562461E-03)  
 (1.3341196E-03,-1.3131648E-03)
    1.000000        1.000000        2.000000      
 (-3.7718564E-03,-2.1886081E-04)  (-1.4575198E-03,-5.9045851E-03)  
 (2.6170164E-03,3.0640513E-03)
    1.000000        2.000000        0.000000      (1.0081567E-03,3.0361116E-03)
   (-5.0407834E-04,-1.5180558E-03)  (3.3713877E-03,1.0095537E-02)
    1.000000        2.000000        1.000000      (4.9266964E-03,4.2561442E-03)
   (-1.5692785E-03,-6.2165782E-04)  (-1.7881393E-03,-3.0081719E-03)
    1.000000       -2.000000        0.000000      
 (-2.4097972E-04,6.7614019E-03)  (-1.2048986E-04,3.3807009E-03)  
 (-6.8731606E-03,-1.0640360E-03)
    1.000000       -2.000000        1.000000      
 (-1.3946556E-03,4.8778020E-04)  (1.3424142E-05,1.0617077E-03)  
 (1.4202669E-03,1.6391277E-03)
    1.000000       -1.000000        0.000000      
 (-2.7753413E-03,6.1409082E-05)  (-2.7753413E-03,6.1409082E-05)  
 (-5.0850213E-03,3.9488077E-03)
    1.000000       -1.000000        1.000000      (1.4565885E-02,3.6973506E-03)
   (5.2619725E-03,4.1164458E-03)  (-9.3132257E-03,4.1676685E-04)
    1.000000       -1.000000        2.000000      
 (-1.5506521E-03,1.8952414E-03)  (-3.6228448E-03,-3.4365803E-03)  
 (-1.0384247E-03,-2.6682392E-03)
    2.000000        0.000000        0.000000      (0.000000,0.000000)  
 (1.4416873E-02,-5.9604645E-03)  (-9.9418685E-04,3.2689422E-03)
    2.000000        0.000000        1.000000      
 (-4.2933971E-03,4.1443855E-03)  (5.4948032E-03,1.2032688E-02)  
 (8.5867941E-03,-8.2887709E-03)
    2.000000        1.000000        0.000000      
 (-1.7881393E-03,-1.9231811E-03)  (3.5762787E-03,3.8463622E-03)  
 (-6.3702464E-03,8.5216016E-04)
    2.000000        1.000000        1.000000      (3.6042184E-03,5.5693090E-03)
   (-5.9977174E-03,-1.3709068E-02)  (-1.2153760E-03,2.5518239E-03)
    2.000000       -1.000000        0.000000      
 (-1.3480894E-03,-3.1571835E-03)  (-2.6961789E-03,-6.3143671E-03)  
 (2.3283064E-03,4.2654574E-03)
    2.000000       -1.000000        1.000000      
 (-5.4575503E-03,1.7508864E-03)  (-5.4761767E-03,3.7346035E-03)  
 (5.4296106E-03,2.3166649E-04)
