   0.00000000       0.00000000      -2.00000000     (  2.84984708E-03,  3.85567546E-03) ( -2.39349902E-03, -1.65309757E-04) (  0.00000000    ,  0.00000000    )
   0.00000000       0.00000000      -1.00000000     (  2.61515379E-02, -1.11386180E-02) (  1.15483999E-02,  3.08454037E-02) (  0.00000000    ,  0.00000000    )
   0.00000000       1.00000000      -2.00000000     (  4.00468707E-04,  2.05822289E-03) (  6.03031367E-04,  1.75088644E-03) (  3.01515684E-04,  8.75443220E-04)
   0.00000000       1.00000000      -1.00000000     (  1.56462193E-02,  1.84774399E-02) (  3.21306288E-04,  1.42958015E-03) (  3.21306288E-04,  1.42958015E-03)
   0.00000000       2.00000000      -1.00000000     ( -7.52508640E-03, -1.98371708E-03) ( -1.33179128E-03, -1.07102096E-03) ( -2.66358256E-03, -2.14204192E-03)
   0.00000000      -2.00000000      -1.00000000     (  1.47148967E-03, -3.81842256E-03) ( -1.59256160E-03,  9.49949026E-04) (  3.18512321E-03, -1.89989805E-03)
   0.00000000      -1.00000000      -2.00000000     ( -4.45172191E-03, -1.23865902E-03) ( -1.72294676E-03, -8.55652615E-05) (  8.61473382E-04,  4.27826308E-05)
   0.00000000      -1.00000000      -1.00000000     (  5.10364771E-03,  4.99188900E-03) (  3.40864062E-03,  1.00955367E-02) ( -3.40864062E-03, -1.00955367E-02)
   1.00000000       0.00000000      -2.00000000     ( -1.08964741E-03,  3.48314643E-03) ( -3.03611159E-03,  4.73111868E-03) ( -5.44823706E-04,  1.74157321E-03)
   1.00000000       0.00000000      -1.00000000     (  4.48897481E-03,  1.37079041E-04) (  1.91852450E-03, -2.37487257E-03) (  4.48897481E-03,  1.37079041E-04)
   1.00000000       1.00000000      -2.00000000     ( -3.65078449E-03,  6.07687980E-04) (  3.40864062E-03, -3.53902578E-03) ( -1.16415322E-04, -1.46217644E-03)
   1.00000000       1.00000000      -1.00000000     ( -4.63798642E-03, -1.79745257E-03) (  4.00468707E-03,  6.37955964E-04) ( -6.42612576E-04, -1.16415322E-03)
   1.00000000       2.00000000      -1.00000000     ( -1.18277967E-03,  1.20140612E-03) ( -3.39932740E-04,  1.52736902E-03) ( -1.86264515E-03,  4.26545739E-03)
   1.00000000      -2.00000000      -1.00000000     ( -3.23052518E-05, -7.63684511E-04) (  1.17812306E-03, -5.02041075E-06) ( -2.39349902E-03, -7.54371285E-04)
   1.00000000      -1.00000000      -2.00000000     ( -1.16880983E-03, -2.33761966E-03) ( -2.56113708E-04, -1.80676579E-03) ( -4.56348062E-04, -2.63098627E-04)
   1.00000000      -1.00000000      -1.00000000     ( -1.28522515E-03,  3.91155481E-04) ( -2.92435288E-03,  5.05242497E-04) (  1.62981451E-03, -1.12340786E-04)
   2.00000000       0.00000000      -1.00000000     ( -1.23865902E-03, -6.89178705E-04) ( -3.94880772E-03,  7.59027898E-04) ( -2.47731805E-03, -1.37835741E-03)
   2.00000000       1.00000000      -1.00000000     ( -1.86264515E-04,  3.84170562E-04) (  8.28877091E-04, -1.37835741E-03) (  4.56348062E-04, -6.07687980E-04)
   2.00000000      -1.00000000      -1.00000000     (  3.62342689E-05, -8.94069672E-04) (  5.58793545E-04, -3.52039933E-03) ( -4.86616045E-04,  1.72294676E-03)
