   0.00000000       0.00000000       1.00000000     (  1.98930502E-02,  1.36904418E-03) (  3.34531069E-02, -2.37673521E-02) (  0.00000000    ,  0.00000000    )
   0.00000000       0.00000000       2.00000000     (  5.58793545E-04, -1.62050128E-03) ( -1.26659870E-03, -2.16532499E-04) (  0.00000000    ,  0.00000000    )
   0.00000000       1.00000000       0.00000000     ( -1.46031380E-02, -1.18045136E-03) (  0.00000000    ,  0.00000000    ) (  5.75557351E-03,  1.50874257E-02)
   0.00000000       1.00000000       1.00000000     (  7.76723027E-03,  9.62987542E-03) ( -2.69152224E-03, -4.44240868E-03) (  2.69152224E-03,  4.44240868E-03)
   0.00000000       1.00000000       2.00000000     ( -8.00937414E-04, -4.33064997E-04) ( -6.33299351E-04,  2.09547579E-04) (  3.16649675E-04, -1.04773790E-04)
   0.00000000       2.00000000       0.00000000     (  5.12227416E-04,  1.67638063E-03) (  0.00000000    ,  0.00000000    ) ( -1.89989805E-03,  1.58324838E-03)
   0.00000000       2.00000000       1.00000000     (  1.08033419E-03, -3.86498868E-04) ( -4.74974513E-04,  2.23517418E-04) (  9.49949026E-04, -4.47034836E-04)
   0.00000000      -2.00000000       0.00000000     (  5.12227416E-04, -1.67638063E-03) (  0.00000000    ,  0.00000000    ) ( -1.89989805E-03, -1.58324838E-03)
   0.00000000      -2.00000000       1.00000000     ( -1.45286322E-03, -3.60887498E-05) ( -4.43833414E-06, -2.74740160E-04) ( -8.87666829E-06, -5.49480319E-04)
   0.00000000      -1.00000000       0.00000000     ( -1.46031380E-02,  1.18045136E-03) (  0.00000000    ,  0.00000000    ) (  5.75557351E-03, -1.50874257E-02)
   0.00000000      -1.00000000       1.00000000     ( -5.75091690E-04, -3.01003456E-02) ( -4.63798642E-03,  2.95229256E-03) ( -4.63798642E-03,  2.95229256E-03)
   0.00000000      -1.00000000       2.00000000     (  5.21540642E-04,  7.27595761E-06) ( -5.30853868E-04, -4.84287739E-04) ( -2.65426934E-04, -2.42143869E-04)
   1.00000000       0.00000000       0.00000000     (  0.00000000    ,  0.00000000    ) ( -1.62050128E-02,  1.68383121E-02) (  2.71946192E-02,  1.49384141E-02)
   1.00000000       0.00000000       1.00000000     ( -6.93835318E-04, -2.52388418E-03) ( -2.77161598E-02, -5.38304448E-03) (  6.93835318E-04,  2.52388418E-03)
   1.00000000       0.00000000       2.00000000     ( -4.37721610E-04,  9.49949026E-04) (  6.51925802E-04,  8.00937414E-04) (  2.18860805E-04, -4.74974513E-04)
   1.00000000       1.00000000       0.00000000     (  1.17346644E-03,  2.07219273E-03) ( -1.17346644E-03, -2.07219273E-03) ( -1.02445483E-02,  1.19954348E-02)
   1.00000000       1.00000000       1.00000000     (  7.45058060E-04, -5.40167093E-04) ( -1.56462193E-03, -8.73114914E-05) (  8.28877091E-04,  6.23986125E-04)
   1.00000000       1.00000000       2.00000000     ( -1.08033419E-03, -1.62981451E-04) (  1.76951289E-04,  5.12227416E-04) (  4.47034836E-04, -1.72294676E-04)
   1.00000000       2.00000000       0.00000000     (  5.68106771E-04, -1.65891834E-05) ( -2.84053385E-04,  8.29459168E-06) (  6.98491931E-04,  8.47503543E-04)
   1.00000000       2.00000000       1.00000000     (  9.87201929E-04,  6.89178705E-04) ( -7.45058060E-04, -1.69966370E-04) (  5.12227416E-04, -3.49245965E-04)
   1.00000000      -2.00000000       0.00000000     ( -8.10250640E-04, -4.23751771E-04) ( -4.05125320E-04, -2.11875886E-04) ( -7.35744834E-04, -1.08033419E-03)
   1.00000000      -2.00000000       1.00000000     ( -4.93600965E-04,  2.07219273E-04) ( -1.90921128E-04,  1.86264515E-04) (  1.14087015E-04,  1.65309757E-04)
   1.00000000      -1.00000000       0.00000000     ( -8.56816769E-04, -9.66712832E-03) ( -8.56816769E-04, -9.66712832E-03) ( -1.18464231E-02,  2.42888927E-02)
   1.00000000      -1.00000000       1.00000000     (  1.45286322E-03,  4.19095159E-04) ( -4.33064997E-04, -1.97440386E-03) ( -1.86264515E-03, -2.42143869E-03)
   1.00000000      -1.00000000       2.00000000     ( -1.56462193E-03,  1.49011612E-03) ( -6.23986125E-04,  7.17118382E-04) (  4.74974513E-04, -3.86498868E-04)
   2.00000000       0.00000000       0.00000000     (  0.00000000    ,  0.00000000    ) (  1.11758709E-03,  1.97440386E-03) ( -5.21540642E-04,  1.41561031E-03)
   2.00000000       0.00000000       1.00000000     (  3.53902578E-04, -6.51925802E-04) (  5.02914190E-04,  1.04308128E-03) ( -7.07805157E-04,  1.30385160E-03)
   2.00000000       1.00000000       0.00000000     ( -3.31783667E-05,  7.45058060E-04) (  6.63567334E-05, -1.49011612E-03) ( -9.68575478E-04,  1.54599547E-03)
   2.00000000       1.00000000       1.00000000     (  3.81842256E-04,  2.37487257E-04) (  2.85217538E-05, -1.47148967E-03) ( -7.91624188E-04,  9.87201929E-04)
   2.00000000      -1.00000000       0.00000000     ( -3.58559191E-04,  4.47034836E-04) ( -7.17118382E-04,  8.94069672E-04) ( -5.68106771E-04,  9.42964107E-05)
   2.00000000      -1.00000000       1.00000000     ( -5.77419996E-04,  1.18743628E-04) ( -1.63912773E-03,  3.02679837E-05) ( -4.93600965E-04, -2.04890966E-04)
