   0.00000000       0.00000000      -2.00000000     (  5.88595867E-03,  1.15483999E-03) ( -8.19563866E-03,  4.63798642E-03) (  0.00000000    ,  0.00000000    )
   0.00000000       0.00000000      -1.00000000     (  1.79745257E-03,  1.10641122E-02) (  2.50339508E-02, -1.62981451E-03) (  0.00000000    ,  0.00000000    )
   0.00000000       1.00000000      -2.00000000     ( -6.61239028E-04,  2.64495611E-03) (  1.92783773E-03, -1.06170774E-03) (  9.63918865E-04, -5.30853868E-04)
   0.00000000       1.00000000      -1.00000000     ( -6.89178705E-03,  1.31875277E-02) ( -6.68689609E-03, -5.25265932E-03) ( -6.68689609E-03, -5.25265932E-03)
   0.00000000       2.00000000      -1.00000000     ( -6.89178705E-04, -1.62050128E-03) ( -9.87201929E-04,  9.13860276E-05) ( -1.97440386E-03,  1.82772055E-04)
   0.00000000      -2.00000000      -1.00000000     ( -9.35979187E-04,  4.19095159E-03) ( -8.10250640E-04, -1.31316483E-03) (  1.62050128E-03,  2.62632966E-03)
   0.00000000      -1.00000000      -2.00000000     (  4.28408384E-03,  4.19095159E-03) ( -1.09896064E-03, -2.26311386E-03) (  5.49480319E-04,  1.13155693E-03)
   0.00000000      -1.00000000      -1.00000000     ( -8.14907253E-04,  2.00816430E-04) (  4.07919288E-03,  1.23865902E-03) ( -4.07919288E-03, -1.23865902E-03)
   1.00000000       0.00000000      -2.00000000     ( -1.58324838E-03, -8.19563866E-04) (  1.36904418E-03,  5.62518835E-03) ( -7.91624188E-04, -4.09781933E-04)
   1.00000000       0.00000000      -1.00000000     (  9.61124897E-03, -5.51342964E-03) ( -4.63798642E-03,  2.62260437E-02) (  9.61124897E-03, -5.51342964E-03)
   1.00000000       1.00000000      -2.00000000     (  2.09547579E-03,  2.52388418E-03) ( -5.32716513E-03,  3.08500603E-04) ( -1.62050128E-03,  1.41561031E-03)
   1.00000000       1.00000000      -1.00000000     ( -1.35041773E-04,  7.71135092E-03) ( -2.24448740E-03, -5.01051545E-03) ( -2.38418579E-03,  2.68220901E-03)
   1.00000000       2.00000000      -1.00000000     (  2.32830644E-03, -2.82889232E-04) ( -1.16415322E-03, -3.58559191E-04) (  3.89263732E-06, -1.00117177E-03)
   1.00000000      -2.00000000      -1.00000000     ( -1.40280463E-04, -8.19563866E-04) ( -1.48429535E-04, -3.63215804E-04) (  1.55414455E-04, -9.25501809E-05)
   1.00000000      -1.00000000      -2.00000000     ( -9.08039510E-04, -3.22237611E-03) ( -9.63918865E-04,  3.22237611E-03) (  2.93948688E-05, -3.22237611E-03)
   1.00000000      -1.00000000      -1.00000000     ( -4.86616045E-04,  5.21540642E-04) ( -8.61473382E-04, -2.25380063E-03) (  3.72529030E-04,  2.77534127E-03)
   2.00000000       0.00000000      -1.00000000     ( -1.58324838E-03,  1.80443749E-04) ( -8.19563866E-04, -1.35973096E-03) ( -3.16649675E-03,  3.60887498E-04)
   2.00000000       1.00000000      -1.00000000     (  2.61934474E-04, -2.18860805E-04) ( -3.11061740E-03, -9.82545316E-04) ( -2.58907676E-03, -1.42492354E-03)
   2.00000000      -1.00000000      -1.00000000     (  1.27591193E-03, -3.35276127E-04) (  1.35973096E-03,  1.43423676E-03) (  1.19209290E-03, -2.10478902E-03)
