   0.00000000       0.00000000      -2.00000000     ( -2.60770321E-04, -1.30385160E-03) (  1.02445483E-03, -3.63215804E-04) (  0.00000000    ,  0.00000000    )
   0.00000000       0.00000000      -1.00000000     (  2.36928463E-02, -3.52971256E-03) (  3.39001417E-02,  2.86102295E-02) (  0.00000000    ,  0.00000000    )
   0.00000000       1.00000000      -2.00000000     ( -2.04890966E-04, -6.98491931E-05) (  3.16649675E-04, -3.81842256E-04) (  1.58324838E-04, -1.90921128E-04)
   0.00000000       1.00000000      -1.00000000     (  1.89524144E-03,  3.17394733E-02) ( -3.51108611E-03, -3.45520675E-03) ( -3.51108611E-03, -3.45520675E-03)
   0.00000000       2.00000000      -1.00000000     (  1.49011612E-03,  1.18743628E-04) (  1.58324838E-04, -3.43425199E-05) (  3.16649675E-04, -6.86850399E-05)
   0.00000000      -2.00000000      -1.00000000     ( -7.07805157E-04, -1.77533366E-05) (  4.37721610E-04,  2.23517418E-04) ( -8.75443220E-04, -4.47034836E-04)
   0.00000000      -1.00000000      -2.00000000     (  8.19563866E-04, -2.04890966E-04) (  5.12227416E-04,  2.70083547E-04) ( -2.56113708E-04, -1.35041773E-04)
   0.00000000      -1.00000000      -1.00000000     (  8.15838575E-03, -8.95932317E-03) ( -2.85916030E-03,  6.61239028E-03) (  2.85916030E-03, -6.61239028E-03)
   1.00000000       0.00000000      -2.00000000     (  4.74974513E-04, -2.74740160E-04) (  6.79865479E-04, -3.81842256E-04) (  2.37487257E-04, -1.37370080E-04)
   1.00000000       0.00000000      -1.00000000     (  9.85339284E-03, -4.76837158E-03) ( -1.03563070E-02, -2.38884240E-03) (  9.85339284E-03, -4.76837158E-03)
   1.00000000       1.00000000      -2.00000000     (  4.47034836E-04,  2.18860805E-04) ( -1.62981451E-04,  8.75443220E-04) (  1.42026693E-04,  5.49480319E-04)
   1.00000000       1.00000000      -1.00000000     (  4.56348062E-04, -2.37487257E-04) ( -1.06170774E-03, -5.49480319E-04) ( -6.05359674E-04, -7.82310963E-04)
   1.00000000       2.00000000      -1.00000000     ( -5.35510480E-05, -5.49480319E-04) (  2.60770321E-04,  3.63215804E-04) (  4.65661287E-04,  1.72294676E-04)
   1.00000000      -2.00000000      -1.00000000     ( -8.56816769E-04, -3.91155481E-04) ( -5.30853868E-04, -4.65661287E-04) (  2.14204192E-04,  5.49480319E-04)
   1.00000000      -1.00000000      -2.00000000     ( -4.09781933E-04,  4.84287739E-04) ( -5.77419996E-04,  2.38651410E-05) (  8.38190317E-05,  2.32830644E-04)
   1.00000000      -1.00000000      -1.00000000     (  2.32830644E-04, -8.38190317E-04) (  9.12696123E-04, -2.93366611E-04) ( -6.79865479E-04, -5.49480319E-04)
   2.00000000       0.00000000      -1.00000000     (  3.35276127E-04,  8.73114914E-05) (  5.12227416E-05, -1.02445483E-04) (  6.70552254E-04,  1.74622983E-04)
   2.00000000       1.00000000      -1.00000000     (  3.02679837E-04,  8.14907253E-05) ( -4.93600965E-04,  2.74740160E-04) (  1.07102096E-04,  4.37721610E-04)
   2.00000000      -1.00000000      -1.00000000     ( -7.45058060E-05, -8.38190317E-05) ( -6.89178705E-04,  5.58793545E-04) (  5.40167093E-04, -7.26431608E-04)
