    0.000000        0.000000       -2.000000      (5.2526593E-03,1.2177043E-03)
   (5.6065619E-03,-4.6845526E-03)  (0.000000,0.000000)
    0.000000        0.000000       -1.000000      
 (2.0861626E-02,-1.1511147E-02)  (-1.0766089E-02,1.6167760E-02)  
 (0.000000,0.000000)
    0.000000        1.000000       -2.000000      
 (-1.2479722E-02,-2.3341272E-04)  (-3.0267984E-03,1.5646219E-03)  
 (-1.5133992E-03,7.8231096E-04)
    0.000000        1.000000       -1.000000      (7.1525574E-03,4.6566129E-03)
   (-1.4016405E-03,5.0291419E-03)  (-1.4016405E-03,5.0291419E-03)
    0.000000        2.000000       -1.000000      
 (-1.0989606E-02,1.0728836E-02)  (-2.9243529E-03,-5.7974830E-04)  
 (-5.8487058E-03,-1.1594966E-03)
    0.000000       -2.000000       -1.000000      (7.1898103E-03,2.7101487E-03)
   (-7.4040145E-04,1.3085082E-03)  (1.4808029E-03,-2.6170164E-03)
    0.000000       -1.000000       -2.000000      
 (-7.7672303E-03,2.0628795E-03)  (-3.2037497E-03,2.3609027E-03)  
 (1.6018748E-03,-1.1804514E-03)
    0.000000       -1.000000       -1.000000      
 (4.8615038E-03,-4.8242509E-03)  (5.4575503E-03,4.2282045E-03)  
 (-5.4575503E-03,-4.2282045E-03)
    1.000000        0.000000       -2.000000      (7.8044832E-03,2.1746382E-03)
   (-4.6845526E-03,2.8684735E-03)  (3.9022416E-03,1.0873191E-03)
    1.000000        0.000000       -1.000000      
 (3.5203993E-03,-1.0756776E-03)  (6.2398612E-03,-5.4948032E-03)  
 (3.5203993E-03,-1.0756776E-03)
    1.000000        1.000000       -2.000000      
 (-3.5483390E-03,1.1711381E-03)  (-3.6135316E-03,-1.2181699E-02)  
 (-3.5855919E-03,-5.5134296E-03)
    1.000000        1.000000       -1.000000      
 (-7.6740980E-03,1.2223609E-03)  (2.2165477E-03,-1.7788261E-03)  
 (-5.4575503E-03,-5.5646524E-04)
    1.000000        2.000000       -1.000000      
 (-7.3015690E-03,1.2479722E-03)  (8.6147338E-04,2.6077032E-03)  
 (-5.5879354E-03,6.4633787E-03)
    1.000000       -2.000000       -1.000000      
 (1.4342368E-03,-2.3236498E-03)  (-2.5378540E-04,-7.5204298E-04)  
 (1.9418076E-03,-8.1723556E-04)
    1.000000       -1.000000       -2.000000      
 (4.1071326E-03,-7.1711838E-04)  (-4.3399632E-03,1.1688098E-03)  
 (4.2282045E-03,-9.4296411E-04)
    1.000000       -1.000000       -1.000000      
 (-9.4808638E-03,5.0105155E-03)  (-4.8242509E-03,2.2177119E-04)  
 (-4.6566129E-03,4.7869980E-03)
    2.000000        0.000000       -1.000000      (2.7474016E-03,3.1851232E-03)
   (9.7416341E-03,6.8359077E-03)  (5.4948032E-03,6.3702464E-03)
    2.000000        1.000000       -1.000000      
 (-1.4808029E-03,-2.3702160E-03)  (2.8684735E-03,-2.5378540E-03)  
 (-9.8661985E-05,-7.2829425E-03)
    2.000000       -1.000000       -1.000000      
 (-1.2619421E-03,2.5983900E-03)  (8.7311491E-05,5.5879354E-03)  
 (-2.6077032E-03,-3.9930455E-04)
