   0.00000000       0.00000000       1.00000000     (  1.62795186E-02, -3.79048288E-03) (  3.83704901E-02, -1.77696347E-02) (  0.00000000    ,  0.00000000    )
   0.00000000       0.00000000       2.00000000     (  5.40167093E-04, -6.89178705E-04) ( -6.51925802E-04,  8.84756446E-05) (  0.00000000    ,  0.00000000    )
   0.00000000       1.00000000       0.00000000     ( -8.25151801E-03, -3.09199095E-03) (  0.00000000    ,  0.00000000    ) (  9.48086381E-03,  1.27777457E-02)
   0.00000000       1.00000000       1.00000000     (  8.69855285E-03,  1.04680657E-02) ( -1.35973096E-03, -2.14204192E-03) (  1.35973096E-03,  2.14204192E-03)
   0.00000000       1.00000000       2.00000000     ( -1.39698386E-04, -2.98023224E-04) ( -2.42143869E-04,  1.16415322E-04) (  1.21071935E-04, -5.82076609E-05)
   0.00000000       2.00000000       0.00000000     (  1.62981451E-04,  7.07805157E-04) (  0.00000000    ,  0.00000000    ) ( -9.31322575E-04,  3.35276127E-04)
   0.00000000       2.00000000       1.00000000     (  8.00937414E-04, -2.32830644E-04) ( -2.42143869E-04, -3.02679837E-05) (  4.84287739E-04,  6.05359674E-05)
   0.00000000      -2.00000000       0.00000000     (  1.62981451E-04, -7.07805157E-04) (  0.00000000    ,  0.00000000    ) ( -9.31322575E-04, -3.35276127E-04)
   0.00000000      -2.00000000       1.00000000     ( -2.51457095E-04, -1.25728548E-04) ( -1.51339918E-05, -2.98023224E-04) ( -3.02679837E-05, -5.96046448E-04)
   0.00000000      -1.00000000       0.00000000     ( -8.25151801E-03,  3.09199095E-03) (  0.00000000    ,  0.00000000    ) (  9.48086381E-03, -1.27777457E-02)
   0.00000000      -1.00000000       1.00000000     ( -4.13507223E-03, -3.03983688E-02) ( -7.43195415E-03,  2.16066837E-03) ( -7.43195415E-03,  2.16066837E-03)
   0.00000000      -1.00000000       2.00000000     (  4.47034836E-04, -1.86264515E-05) ( -1.68802217E-05, -2.51457095E-04) ( -8.44011083E-06, -1.25728548E-04)
   1.00000000       0.00000000       0.00000000     (  0.00000000    ,  0.00000000    ) ( -2.30222940E-02,  1.99675560E-02) (  2.22772360E-02,  7.91624188E-03)
   1.00000000       0.00000000       1.00000000     ( -3.48314643E-03, -1.82772055E-04) ( -2.22027302E-02, -1.24797225E-02) (  3.48314643E-03,  1.82772055E-04)
   1.00000000       0.00000000       2.00000000     ( -5.21540642E-04,  6.98491931E-05) (  3.44589353E-04,  3.35276127E-04) (  2.60770321E-04, -3.49245965E-05)
   1.00000000       1.00000000       0.00000000     (  1.51048880E-04,  2.87778676E-03) ( -1.51048880E-04, -2.87778676E-03) ( -8.90344381E-03,  1.17346644E-02)
   1.00000000       1.00000000       1.00000000     (  2.23517418E-04,  4.07453626E-05) ( -8.94069672E-04, -5.12227416E-05) (  6.70552254E-04,  9.89530236E-06)
   1.00000000       1.00000000       2.00000000     ( -1.00582838E-03,  7.68341124E-05) (  1.81607902E-04,  4.65661287E-04) (  4.19095159E-04, -2.70083547E-04)
   1.00000000       2.00000000       0.00000000     (  4.37721610E-04, -1.49011612E-04) ( -2.18860805E-04,  7.45058060E-05) ( -2.60770321E-04,  5.02914190E-04)
   1.00000000       2.00000000       1.00000000     (  4.77302819E-05,  1.86264515E-04) ( -2.70083547E-04,  8.84756446E-05) (  5.02914190E-04, -3.63215804E-04)
   1.00000000      -2.00000000       0.00000000     ( -4.19095159E-04,  3.14321369E-05) ( -2.09547579E-04,  1.57160684E-05) ( -3.91155481E-04, -6.14672899E-04)
   1.00000000      -2.00000000       1.00000000     ( -4.47034836E-04, -2.79396772E-04) ( -1.09430403E-04, -2.04890966E-04) (  2.32830644E-04, -1.25728548E-04)
   1.00000000      -1.00000000       0.00000000     ( -2.40979716E-04, -6.55651093E-03) ( -2.40979716E-04, -6.55651093E-03) ( -9.98377800E-03,  3.06963921E-02)
   1.00000000      -1.00000000       1.00000000     (  1.00582838E-03,  3.63215804E-04) ( -9.77888703E-05, -8.94069672E-04) ( -1.11758709E-03, -1.26659870E-03)
   1.00000000      -1.00000000       2.00000000     ( -5.96046448E-04,  3.63215804E-04) ( -4.65661287E-04,  4.09781933E-04) (  7.21774995E-05,  2.21189111E-05)
   2.00000000       0.00000000       0.00000000     (  0.00000000    ,  0.00000000    ) (  3.72529030E-04,  9.31322575E-04) ( -2.51457095E-04,  4.19095159E-04)
   2.00000000       0.00000000       1.00000000     (  8.44011083E-06, -1.11758709E-04) (  2.60770321E-04,  4.65661287E-04) ( -1.68802217E-05,  2.23517418E-04)
   2.00000000       1.00000000       0.00000000     (  2.09547579E-04,  2.88709998E-04) ( -4.19095159E-04, -5.77419996E-04) ( -4.00468707E-04,  7.63684511E-04)
   2.00000000       1.00000000       1.00000000     (  1.86264515E-04, -2.73576006E-05) ( -3.91155481E-04, -1.53668225E-04) (  1.30967237E-05,  2.09547579E-04)
   2.00000000      -1.00000000       0.00000000     ( -1.35041773E-04,  5.23868948E-05) ( -2.70083547E-04,  1.04773790E-04) ( -3.63215804E-04, -1.00117177E-04)
   2.00000000      -1.00000000       1.00000000     ( -1.95577741E-04, -1.58324838E-04) ( -6.14672899E-04, -2.18860805E-04) ( -2.23517418E-04,  9.31322575E-05)
