   0.00000000       0.00000000      -2.00000000     (  1.11758709E-03,  2.60770321E-04) ( -1.08033419E-03,  3.63215804E-04) (  0.00000000    ,  0.00000000    )
   0.00000000       0.00000000      -1.00000000     (  8.04662704E-03,  1.22934580E-02) (  3.81469727E-02,  6.01634383E-03) (  0.00000000    ,  0.00000000    )
   0.00000000       1.00000000      -2.00000000     (  2.98023224E-04,  3.35276127E-04) (  4.56348062E-04,  2.91038305E-05) (  2.28174031E-04,  1.45519152E-05)
   0.00000000       1.00000000      -1.00000000     ( -6.96629286E-03,  2.27987766E-02) ( -9.44361091E-03, -4.12575901E-03) ( -9.44361091E-03, -4.12575901E-03)
   0.00000000       2.00000000      -1.00000000     ( -4.19095159E-04, -3.25962901E-04) ( -3.53902578E-04,  3.25962901E-04) ( -7.07805157E-04,  6.51925802E-04)
   0.00000000      -2.00000000      -1.00000000     (  3.81842256E-04,  3.63215804E-04) ( -3.95812094E-05,  7.21774995E-05) (  7.91624188E-05, -1.44354999E-04)
   0.00000000      -1.00000000      -2.00000000     (  4.93600965E-04,  5.96046448E-04) ( -1.58324838E-04, -2.60770321E-04) (  7.91624188E-05,  1.30385160E-04)
   0.00000000      -1.00000000      -1.00000000     (  5.75557351E-03, -4.16301191E-03) (  3.16649675E-03,  1.17346644E-03) ( -3.16649675E-03, -1.17346644E-03)
   1.00000000       0.00000000      -2.00000000     ( -4.19095159E-04, -1.62981451E-04) (  4.74974513E-04,  1.11758709E-03) ( -2.09547579E-04, -8.14907253E-05)
   1.00000000       0.00000000      -1.00000000     (  1.16601586E-02, -5.81145287E-03) ( -7.07805157E-03,  2.31713057E-02) (  1.16601586E-02, -5.81145287E-03)
   1.00000000       1.00000000      -2.00000000     (  2.56113708E-04,  4.19095159E-04) ( -5.58793545E-04, -2.42143869E-04) ( -1.53668225E-04,  8.84756446E-05)
   1.00000000       1.00000000      -1.00000000     ( -8.00937414E-04,  1.71363354E-03) ( -2.79396772E-04, -9.87201929E-04) ( -1.08033419E-03,  7.26431608E-04)
   1.00000000       2.00000000      -1.00000000     (  9.31322575E-05, -1.44354999E-04) ( -2.14204192E-04, -3.37604433E-05) ( -3.35276127E-04, -2.09547579E-04)
   1.00000000      -2.00000000      -1.00000000     ( -1.00117177E-04, -2.98023224E-04) (  1.21071935E-04, -1.28056854E-04) ( -3.44589353E-04, -4.19095159E-05)
   1.00000000      -1.00000000      -2.00000000     (  1.18743628E-04, -4.37721610E-04) ( -2.60770321E-04,  1.49011612E-04) (  1.90921128E-04, -2.88709998E-04)
   1.00000000      -1.00000000      -1.00000000     ( -8.73114914E-06,  2.28174031E-04) ( -1.90921128E-04,  1.00117177E-04) (  1.81607902E-04,  1.28056854E-04)
   2.00000000       0.00000000      -1.00000000     ( -3.53902578E-04,  3.37604433E-05) (  2.14204192E-04, -5.96046448E-04) ( -7.07805157E-04,  6.75208867E-05)
   2.00000000       1.00000000      -1.00000000     (  4.77302819E-05, -1.49011612E-04) ( -4.47034836E-04,  4.19095159E-04) ( -3.53902578E-04,  1.21071935E-04)
   2.00000000      -1.00000000      -1.00000000     (  3.16649675E-04,  4.30736691E-05) (  1.58324838E-04,  3.16649675E-04) (  4.65661287E-04, -2.28174031E-04)
