   0.00000000       0.00000000      -2.00000000     (  3.57627869E-03,  6.33299351E-04) ( -4.50760126E-03,  2.47731805E-03) (  0.00000000    ,  0.00000000    )
   0.00000000       0.00000000      -1.00000000     (  3.25962901E-03,  1.15483999E-02) (  2.86102295E-02,  2.89874151E-04) (  0.00000000    ,  0.00000000    )
   0.00000000       1.00000000      -2.00000000     (  8.84756446E-05,  1.53668225E-03) (  1.47148967E-03, -3.35276127E-04) (  7.35744834E-04, -1.67638063E-04)
   0.00000000       1.00000000      -1.00000000     ( -6.76140189E-03,  1.55717134E-02) ( -7.54371285E-03, -4.91738319E-03) ( -7.54371285E-03, -4.91738319E-03)
   0.00000000       2.00000000      -1.00000000     ( -1.06170774E-03, -1.32247806E-03) ( -8.56816769E-04,  3.56230885E-04) ( -1.71363354E-03,  7.12461770E-04)
   0.00000000      -2.00000000      -1.00000000     ( -2.81725079E-04,  2.30967999E-03) ( -2.32830644E-04, -5.72763383E-04) (  4.65661287E-04,  1.14552677E-03)
   0.00000000      -1.00000000      -2.00000000     (  2.32830644E-03,  2.51457095E-03) ( -4.07453626E-04, -1.34110451E-03) (  2.03726813E-04,  6.70552254E-04)
   0.00000000      -1.00000000      -1.00000000     (  1.11758709E-03, -9.40635800E-04) (  4.00468707E-03,  1.21071935E-03) ( -4.00468707E-03, -1.21071935E-03)
   1.00000000       0.00000000      -2.00000000     ( -1.07102096E-03, -4.61004674E-04) (  1.24797225E-03,  3.57627869E-03) ( -5.35510480E-04, -2.30502337E-04)
   1.00000000       0.00000000      -1.00000000     (  1.01700425E-02, -5.56930900E-03) ( -5.28991222E-03,  2.57790089E-02) (  1.01700425E-02, -5.56930900E-03)
   1.00000000       1.00000000      -2.00000000     (  1.29453838E-03,  1.53668225E-03) ( -3.11061740E-03,  1.74622983E-04) ( -9.03382897E-04,  8.56816769E-04)
   1.00000000       1.00000000      -1.00000000     ( -9.40635800E-04,  5.21540642E-03) ( -1.53668225E-03, -3.27825546E-03) ( -2.47731805E-03,  1.93715096E-03)
   1.00000000       2.00000000      -1.00000000     (  1.27591193E-03, -3.05008143E-04) ( -9.40635800E-04, -3.07336450E-04) ( -6.05359674E-04, -9.22009349E-04)
   1.00000000      -2.00000000      -1.00000000     ( -2.77068466E-04, -9.12696123E-04) ( -1.89174898E-05, -3.11993062E-04) ( -2.39815563E-04, -2.91038305E-04)
   1.00000000      -1.00000000      -2.00000000     ( -2.65426934E-04, -1.75088644E-03) ( -7.72997737E-04,  1.76951289E-03) (  2.53785402E-04, -1.76951289E-03)
   1.00000000      -1.00000000      -1.00000000     ( -7.39237294E-05,  4.28408384E-04) ( -4.05125320E-04, -8.94069672E-04) (  3.30619514E-04,  1.32247806E-03)
   2.00000000       0.00000000      -1.00000000     ( -1.04308128E-03,  1.59488991E-04) (  3.84170562E-05, -1.30385160E-03) ( -2.08616257E-03,  3.18977982E-04)
   2.00000000       1.00000000      -1.00000000     (  9.96806193E-06, -3.70200723E-04) ( -1.75088644E-03,  2.69210432E-06) ( -1.73225999E-03, -7.35744834E-04)
   2.00000000      -1.00000000      -1.00000000     (  8.84756446E-04, -1.03609636E-04) (  6.14672899E-04,  1.09896064E-03) (  1.16415322E-03, -1.30385160E-03)
