    0.000000        0.000000        1.000000      (2.1457672E-02,1.1771917E-02)
   (-8.2328916E-03,-1.6912818E-02)  (0.000000,0.000000)
    0.000000        0.000000        2.000000      
 (7.2456896E-03,-1.6437843E-03)  (6.0908496E-03,4.6379864E-03)  
 (0.000000,0.000000)
    0.000000        1.000000        0.000000      (1.1362135E-03,8.9034438E-03)
   (0.000000,0.000000)  (3.5390258E-03,-2.5425106E-03)
    0.000000        1.000000        1.000000      (4.2468309E-03,2.2538006E-03)
   (6.3329935E-03,-4.8056245E-03)  (-6.3329935E-03,4.8056245E-03)
    0.000000        1.000000        2.000000      
 (-8.2328916E-03,-2.5378540E-03)  (-5.5320561E-03,-1.1641532E-03)  
 (2.7660280E-03,5.8207661E-04)
    0.000000        2.000000        0.000000      
 (-3.3061951E-03,-1.1897646E-03)  (0.000000,0.000000)  
 (-1.1525117E-03,3.0547380E-03)
    0.000000        2.000000        1.000000      
 (1.0672957E-02,-3.1292439E-03)  (-2.3748726E-04,-2.0349398E-03)  
 (4.7497451E-04,4.0698797E-03)
    0.000000       -2.000000        0.000000      
 (-3.3061951E-03,1.1897646E-03)  (0.000000,0.000000)  
 (-1.1525117E-03,-3.0547380E-03)
    0.000000       -2.000000        1.000000      
 (-1.2852252E-02,-1.1380762E-02)  (-3.9394945E-03,1.1408702E-03)  
 (-7.8789890E-03,2.2817403E-03)
    0.000000       -1.000000        0.000000      
 (1.1362135E-03,-8.9034438E-03)  (0.000000,0.000000)  
 (3.5390258E-03,2.5425106E-03)
    0.000000       -1.000000        1.000000      
 (6.3888729E-03,-6.4074993E-03)  (-2.0209700E-03,-4.3585896E-03)  
 (-2.0209700E-03,-4.3585896E-03)
    0.000000       -1.000000        2.000000      
 (-1.3411045E-02,2.2677705E-03)  (-2.3655593E-03,1.8021092E-03)  
 (-1.1827797E-03,9.0105459E-04)
    1.000000        0.000000        0.000000      (0.000000,0.000000)  
 (-2.5406480E-02,4.9546361E-03)  (1.7657876E-02,1.7806888E-02)
    1.000000        0.000000        1.000000      
 (-1.9185245E-03,-3.4458935E-03)  (-1.9520521E-02,1.4603138E-02)  
 (1.9185245E-03,3.4458935E-03)
    1.000000        0.000000        2.000000      (7.3108822E-04,1.4016405E-03)
   (4.7590584E-03,1.0561198E-02)  (-3.6554411E-04,-7.0082024E-04)
    1.000000        1.000000        0.000000      
 (3.6321580E-03,-1.4808029E-03)  (-3.6321580E-03,1.4808029E-03)  
 (-2.6449561E-03,2.2072345E-03)
    1.000000        1.000000        1.000000      (7.3807314E-04,4.1071326E-03)
   (-2.1187589E-03,-2.9429793E-03)  (1.3806857E-03,-1.1664815E-03)
    1.000000        1.000000        2.000000      
 (-4.0605664E-03,9.2200935E-04)  (-4.7497451E-04,-5.5134296E-03)  
 (2.2677705E-03,2.2957101E-03)
    1.000000        2.000000        0.000000      (2.3096800E-03,2.2770837E-03)
   (-1.1548400E-03,-1.1385418E-03)  (3.9115548E-03,9.1269612E-03)
    1.000000        2.000000        1.000000      (3.8277358E-03,3.6228448E-03)
   (-1.9185245E-03,2.7357601E-04)  (8.7857188E-06,-4.1723251E-03)
    1.000000       -2.000000        0.000000      (7.0664100E-04,7.6740980E-03)
   (3.5332050E-04,3.8370490E-03)  (-6.3329935E-03,-1.0640360E-03)
    1.000000       -2.000000        1.000000      
 (-2.0535663E-03,-1.6822014E-04)  (-2.1245796E-04,1.5716068E-04)  
 (1.6298145E-03,4.8195943E-04)
    1.000000       -1.000000        0.000000      
 (-1.8067658E-03,4.5169145E-04)  (-1.8067658E-03,4.5169145E-04)  
 (-5.3830445E-03,3.6507845E-03)
    1.000000       -1.000000        1.000000      (1.4156103E-02,4.1676685E-04)
   (4.7683716E-03,1.5180558E-03)  (-9.3877316E-03,1.1012889E-03)
    1.000000       -1.000000        2.000000      
 (-3.1013042E-03,6.9703674E-05)  (-6.2771142E-03,-4.2468309E-03)  
 (-1.5879050E-03,-2.1560118E-03)
    2.000000        0.000000        0.000000      (0.000000,0.000000)  
 (1.3187528E-02,-4.4517219E-03)  (-5.5530109E-04,1.6903505E-03)
    2.000000        0.000000        1.000000      
 (-3.3807009E-03,5.0570816E-03)  (4.6100467E-03,1.0263175E-02)  
 (6.7614019E-03,-1.0114163E-02)
    2.000000        1.000000        0.000000      
 (-1.9185245E-03,-2.6309863E-03)  (3.8370490E-03,5.2619725E-03)  
 (-7.3947012E-03,3.3620745E-03)
    2.000000        1.000000        1.000000      (3.4086406E-03,4.8521906E-03)
   (-4.9825758E-03,-1.3709068E-02)  (-1.8393621E-03,3.9953738E-03)
    2.000000       -1.000000        0.000000      
 (-2.5937334E-03,-3.3061951E-03)  (-5.1874667E-03,-6.6123903E-03)  
 (1.9464642E-03,4.2561442E-03)
    2.000000       -1.000000        1.000000      
 (-4.8335642E-03,2.4074689E-03)  (-4.2840838E-03,6.2212348E-03)  
 (5.3923577E-03,1.4039688E-03)
