   0.00000000       0.00000000       1.00000000     (  1.57579780E-02, -5.51342964E-03) (  4.01586294E-02, -1.64657831E-02) (  0.00000000    ,  0.00000000    )
   0.00000000       0.00000000       2.00000000     ( -7.45058060E-05,  7.45058060E-05) (  7.45058060E-05, -9.31322575E-06) (  0.00000000    ,  0.00000000    )
   0.00000000       1.00000000       0.00000000     ( -6.57513738E-03, -3.63215804E-03) (  0.00000000    ,  0.00000000    ) (  1.08405948E-02,  1.18836761E-02)
   0.00000000       1.00000000       1.00000000     (  9.05245543E-03,  1.02072954E-02) ( -7.12461770E-04, -1.88592821E-03) (  7.12461770E-04,  1.88592821E-03)
   0.00000000       1.00000000       2.00000000     (  4.65661287E-06,  3.72529030E-05) (  2.79396772E-05, -1.86264515E-05) ( -1.39698386E-05,  9.31322575E-06)
   0.00000000       2.00000000       0.00000000     ( -2.32830644E-05, -7.45058060E-05) (  0.00000000    ,  0.00000000    ) (  9.31322575E-05, -2.79396772E-05)
   0.00000000       2.00000000       1.00000000     ( -1.11758709E-04,  2.32830644E-05) (  2.79396772E-05,  9.31322575E-06) ( -5.58793545E-05, -1.86264515E-05)
   0.00000000      -2.00000000       0.00000000     ( -2.32830644E-05,  7.45058060E-05) (  0.00000000    ,  0.00000000    ) (  9.31322575E-05,  2.79396772E-05)
   0.00000000      -2.00000000       1.00000000     (  2.79396772E-05,  1.39698386E-05) (  1.16415322E-05,  3.72529030E-05) (  2.32830644E-05,  7.45058060E-05)
   0.00000000      -1.00000000       0.00000000     ( -6.57513738E-03,  3.63215804E-03) (  0.00000000    ,  0.00000000    ) (  1.08405948E-02, -1.18836761E-02)
   0.00000000      -1.00000000       1.00000000     ( -4.98257577E-03, -3.05473804E-02) ( -8.17701221E-03,  2.36555934E-03) ( -8.17701221E-03,  2.36555934E-03)
   0.00000000      -1.00000000       2.00000000     ( -5.58793545E-05,  3.49245965E-06) ( -6.98491931E-06,  2.79396772E-05) ( -3.49245965E-06,  1.39698386E-05)
   1.00000000       0.00000000       0.00000000     (  0.00000000    ,  0.00000000    ) ( -2.55554914E-02,  2.12341547E-02) (  2.14576721E-02,  6.23986125E-03)
   1.00000000       0.00000000       1.00000000     ( -3.86498868E-03,  2.62516551E-04) ( -2.10851431E-02, -1.44168735E-02) (  3.86498868E-03, -2.62516551E-04)
   1.00000000       0.00000000       2.00000000     (  7.45058060E-05,  5.82076609E-06) ( -4.65661287E-05, -3.72529030E-05) ( -3.72529030E-05, -2.91038305E-06)
   1.00000000       1.00000000       0.00000000     (  5.21540642E-04,  3.58559191E-03) ( -5.21540642E-04, -3.58559191E-03) ( -8.12113285E-03,  1.19209290E-02)
   1.00000000       1.00000000       1.00000000     ( -2.79396772E-05, -1.86264515E-05) (  1.11758709E-04,  6.98491931E-06) ( -9.31322575E-05,  1.16415322E-05)
   1.00000000       1.00000000       2.00000000     (  1.49011612E-04, -1.39698386E-05) ( -2.79396772E-05, -5.58793545E-05) ( -5.58793545E-05,  3.72529030E-05)
   1.00000000       2.00000000       0.00000000     ( -3.72529030E-05,  1.16415322E-05) (  1.86264515E-05, -5.82076609E-06) (  4.65661287E-05, -4.65661287E-05)
   1.00000000       2.00000000       1.00000000     (  5.82076609E-06, -1.39698386E-05) (  3.72529030E-05, -1.39698386E-05) ( -7.45058060E-05,  4.65661287E-05)
   1.00000000      -2.00000000       0.00000000     (  4.65661287E-05, -1.16415322E-05) (  2.32830644E-05, -5.82076609E-06) (  4.65661287E-05,  7.45058060E-05)
   1.00000000      -2.00000000       1.00000000     (  5.58793545E-05,  3.72529030E-05) (  1.16415322E-05,  2.79396772E-05) ( -3.72529030E-05,  1.39698386E-05)
   1.00000000      -1.00000000       0.00000000     ( -4.24915925E-05, -6.09084964E-03) ( -4.24915925E-05, -6.09084964E-03) ( -9.66712832E-03,  3.25590372E-02)
   1.00000000      -1.00000000       1.00000000     ( -1.49011612E-04, -4.65661287E-05) (  6.98491931E-06,  1.11758709E-04) (  1.49011612E-04,  1.49011612E-04)
   1.00000000      -1.00000000       2.00000000     (  7.45058060E-05, -2.79396772E-05) (  5.58793545E-05, -4.65661287E-05) ( -6.98491931E-06, -9.31322575E-06)
   2.00000000       0.00000000       0.00000000     (  0.00000000    ,  0.00000000    ) ( -4.65661287E-05, -1.11758709E-04) (  3.72529030E-05, -3.72529030E-05)
   2.00000000       0.00000000       1.00000000     (  3.49245965E-06,  6.98491931E-06) ( -2.79396772E-05, -4.65661287E-05) ( -6.98491931E-06, -1.39698386E-05)
   2.00000000       1.00000000       0.00000000     ( -2.79396772E-05, -2.79396772E-05) (  5.58793545E-05,  5.58793545E-05) (  3.72529030E-05, -7.45058060E-05)
   2.00000000       1.00000000       1.00000000     ( -1.86264515E-05,  9.31322575E-06) (  5.58793545E-05,  7.27595761E-08) ( -1.86264515E-05, -1.86264515E-05)
   2.00000000      -1.00000000       0.00000000     (  1.86264515E-05, -1.74622983E-06) (  3.72529030E-05, -3.49245965E-06) (  4.65661287E-05,  1.39698386E-05)
   2.00000000      -1.00000000       1.00000000     (  2.32830644E-05,  2.79396772E-05) (  5.58793545E-05,  2.79396772E-05) (  2.32830644E-05, -2.79396772E-05)
