   0.00000000       0.00000000       1.00000000     (  2.77906656E-02,  1.03376806E-02) (  1.86637044E-02, -3.39746475E-02) (  0.00000000    ,  0.00000000    )
   0.00000000       0.00000000       2.00000000     (  1.07102096E-03, -2.71946192E-03) ( -1.99303031E-03, -4.33064997E-04) (  0.00000000    ,  0.00000000    )
   0.00000000       1.00000000       0.00000000     ( -1.47148967E-02,  4.56348062E-03) (  0.00000000    ,  0.00000000    ) (  3.05473804E-03,  7.45058060E-03)
   0.00000000       1.00000000       1.00000000     (  7.13393092E-03, -2.49128789E-03) (  1.29221007E-03, -1.11013651E-02) ( -1.29221007E-03,  1.11013651E-02)
   0.00000000       1.00000000       2.00000000     ( -2.81259418E-03,  1.06170774E-03) ( -6.84522092E-04,  1.93249434E-04) (  3.42261046E-04, -9.66247171E-05)
   0.00000000       2.00000000       0.00000000     ( -1.78813934E-03, -2.84053385E-04) (  0.00000000    ,  0.00000000    ) ( -1.78813934E-03,  1.33179128E-03)
   0.00000000       2.00000000       1.00000000     (  1.08033419E-03,  2.29105353E-03) ( -9.03382897E-04, -3.58559191E-04) (  1.80676579E-03,  7.17118382E-04)
   0.00000000      -2.00000000       0.00000000     ( -1.78813934E-03,  2.84053385E-04) (  0.00000000    ,  0.00000000    ) ( -1.78813934E-03, -1.33179128E-03)
   0.00000000      -2.00000000       1.00000000     ( -5.02914190E-03,  1.23865902E-03) ( -1.00582838E-03,  7.35744834E-04) ( -2.01165676E-03,  1.47148967E-03)
   0.00000000      -1.00000000       0.00000000     ( -1.47148967E-02, -4.56348062E-03) (  0.00000000    ,  0.00000000    ) (  3.05473804E-03, -7.45058060E-03)
   0.00000000      -1.00000000       1.00000000     (  1.50501728E-02, -2.21282244E-02) (  1.02911144E-03, -1.15542207E-04) (  1.02911144E-03, -1.15542207E-04)
   0.00000000      -1.00000000       2.00000000     ( -2.59024091E-05, -9.40635800E-04) (  6.05359674E-04, -1.42492354E-03) (  3.02679837E-04, -7.12461770E-04)
   1.00000000       0.00000000       0.00000000     (  0.00000000    ,  0.00000000    ) ( -1.37835741E-02,  1.02818012E-02) (  3.33786011E-02,  2.79396772E-02)
   1.00000000       0.00000000       1.00000000     (  5.38304448E-03, -2.64029950E-03) ( -3.48687172E-02,  1.28149986E-02) ( -5.38304448E-03,  2.64029950E-03)
   1.00000000       0.00000000       2.00000000     (  8.10250640E-04,  1.48080289E-03) (  3.65078449E-03,  1.71363354E-03) ( -4.05125320E-04, -7.40401447E-04)
   1.00000000       1.00000000       0.00000000     (  6.51925802E-03,  6.89178705E-03) ( -6.51925802E-03, -6.89178705E-03) ( -1.00955367E-02,  9.48086381E-03)
   1.00000000       1.00000000       1.00000000     ( -4.79631126E-04, -1.47148967E-03) ( -3.81842256E-04,  2.74740160E-04) (  8.56816769E-04,  1.20140612E-03)
   1.00000000       1.00000000       2.00000000     ( -1.47847459E-04, -5.77419996E-04) ( -1.35041773E-03,  2.67755240E-04) (  7.45058060E-04,  1.53668225E-04)
   1.00000000       2.00000000       0.00000000     ( -1.03376806E-03,  2.55182385E-03) (  5.16884029E-04, -1.27591193E-03) (  5.63450158E-04, -2.79396772E-04)
   1.00000000       2.00000000       1.00000000     (  2.58907676E-03,  1.36205927E-04) ( -2.30967999E-03, -7.45058060E-04) (  2.03028321E-03,  1.35041773E-03)
   1.00000000      -2.00000000       0.00000000     (  6.34463504E-05, -1.50874257E-03) (  3.17231752E-05, -7.54371285E-04) ( -1.17346644E-03,  5.16884029E-04)
   1.00000000      -2.00000000       1.00000000     ( -2.60770321E-04,  2.04890966E-03) ( -5.12227416E-04,  1.84401870E-03) ( -7.63684511E-04,  1.65775418E-03)
   1.00000000      -1.00000000       0.00000000     ( -4.47966158E-03, -1.59069896E-02) ( -4.47966158E-03, -1.59069896E-02) ( -1.00582838E-02,  1.11386180E-02)
   1.00000000      -1.00000000       1.00000000     (  8.56816769E-04,  8.00937414E-04) ( -1.49011612E-03, -1.32247806E-03) ( -2.34693289E-03, -2.12341547E-03)
   1.00000000      -1.00000000       2.00000000     (  2.28174031E-04,  1.36904418E-03) (  5.82076609E-04,  1.06170774E-03) (  1.76951289E-04, -1.58324838E-04)
   2.00000000       0.00000000       0.00000000     (  0.00000000    ,  0.00000000    ) (  2.81259418E-03,  3.07336450E-04) ( -1.84401870E-03,  1.03318598E-05)
   2.00000000       0.00000000       1.00000000     (  1.79279596E-04, -1.08033419E-03) (  3.63215804E-04,  1.80676579E-03) ( -3.58559191E-04,  2.16066837E-03)
   2.00000000       1.00000000       0.00000000     ( -1.24797225E-03,  1.10594556E-04) (  2.49594450E-03, -2.21189111E-04) (  9.77888703E-05, -2.71946192E-03)
   2.00000000       1.00000000       1.00000000     ( -3.58559191E-04,  6.47269189E-04) (  7.91624188E-04, -1.95577741E-03) ( -7.45058060E-05,  6.51925802E-04)
   2.00000000      -1.00000000       0.00000000     (  1.45519152E-04,  1.06170774E-03) (  2.91038305E-04,  2.12341547E-03) ( -1.24564394E-04,  1.16415322E-03)
   2.00000000      -1.00000000       1.00000000     ( -1.50874257E-03,  1.50175765E-04) ( -1.49942935E-03, -7.79982656E-05) (  1.52736902E-03, -3.77185643E-04)
