   0.00000000       0.00000000       1.00000000     (  2.42888927E-02,  3.88361514E-03) (  3.38256359E-02, -2.93552876E-02) (  0.00000000    ,  0.00000000    )
   0.00000000       0.00000000       2.00000000     ( -3.16649675E-04,  1.75088644E-03) (  1.37835741E-03,  5.21540642E-04) (  0.00000000    ,  0.00000000    )
   0.00000000       1.00000000       0.00000000     ( -1.84774399E-02, -6.41448423E-04) (  0.00000000    ,  0.00000000    ) (  4.97326255E-03,  1.65775418E-02)
   0.00000000       1.00000000       1.00000000     (  8.21426511E-03,  8.75443220E-03) ( -2.84053385E-03, -6.98491931E-03) (  2.84053385E-03,  6.98491931E-03)
   0.00000000       1.00000000       2.00000000     (  1.13621354E-03,  2.42143869E-04) (  6.79865479E-04, -3.77185643E-04) ( -3.39932740E-04,  1.88592821E-04)
   0.00000000       2.00000000       0.00000000     ( -4.37721610E-04, -1.58324838E-03) (  0.00000000    ,  0.00000000    ) (  1.75088644E-03, -1.93715096E-03)
   0.00000000       2.00000000       1.00000000     ( -9.12696123E-04, -4.88944352E-05) (  5.86733222E-04, -2.98023224E-04) ( -1.17346644E-03,  5.96046448E-04)
   0.00000000      -2.00000000       0.00000000     ( -4.37721610E-04,  1.58324838E-03) (  0.00000000    ,  0.00000000    ) (  1.75088644E-03,  1.93715096E-03)
   0.00000000      -2.00000000       1.00000000     (  2.04890966E-03, -1.90921128E-04) (  2.46800482E-04,  3.09228199E-06) (  4.93600965E-04,  6.18456397E-06)
   0.00000000      -1.00000000       0.00000000     ( -1.84774399E-02,  6.41448423E-04) (  0.00000000    ,  0.00000000    ) (  4.97326255E-03, -1.65775418E-02)
   0.00000000      -1.00000000       1.00000000     (  2.37952918E-03, -3.18139791E-02) ( -3.29688191E-03,  3.47383320E-03) ( -3.29688191E-03,  3.47383320E-03)
   0.00000000      -1.00000000       2.00000000     ( -2.18860805E-04,  1.19907781E-04) (  3.81842256E-04,  5.21540642E-04) (  1.90921128E-04,  2.60770321E-04)
   1.00000000       0.00000000       0.00000000     (  0.00000000    ,  0.00000000    ) ( -1.52364373E-02,  1.69128180E-02) (  3.24845314E-02,  2.06753612E-02)
   1.00000000       0.00000000       1.00000000     (  1.25495717E-03, -3.65078449E-03) ( -3.34531069E-02, -1.52736902E-03) ( -1.25495717E-03,  3.65078449E-03)
   1.00000000       0.00000000       2.00000000     (  7.45058060E-05, -1.13621354E-03) ( -9.68575478E-04, -9.49949026E-04) ( -3.72529030E-05,  5.68106771E-04)
   1.00000000       1.00000000       0.00000000     (  2.85916030E-03,  3.62284482E-03) ( -2.85916030E-03, -3.62284482E-03) ( -1.09896064E-02,  1.29267573E-02)
   1.00000000       1.00000000       1.00000000     ( -8.75443220E-04,  8.47503543E-04) (  1.50874257E-03,  4.01632860E-05) ( -6.42612576E-04, -8.94069672E-04)
   1.00000000       1.00000000       2.00000000     (  8.47503543E-04,  1.97906047E-04) ( -1.35041773E-04, -2.51457095E-04) ( -3.58559191E-04,  2.53203325E-05)
   1.00000000       2.00000000       0.00000000     (  1.42608769E-05, -3.21306288E-04) ( -7.13043846E-06,  1.60653144E-04) ( -1.19209290E-03, -3.63215804E-04)
   1.00000000       2.00000000       1.00000000     ( -1.47148967E-03, -5.58793545E-04) (  1.00582838E-03,  3.21306288E-04) ( -5.30853868E-04, -7.56699592E-05)
   1.00000000      -2.00000000       0.00000000     (  6.14672899E-04,  7.63684511E-04) (  3.07336450E-04,  3.81842256E-04) (  7.54371285E-04,  1.06170774E-03)
   1.00000000      -2.00000000       1.00000000     (  4.51691449E-04, -6.89178705E-04) (  1.97906047E-04, -5.40167093E-04) ( -5.47152013E-05, -3.86498868E-04)
   1.00000000      -1.00000000       0.00000000     ( -1.32713467E-03, -1.28895044E-02) ( -1.32713467E-03, -1.28895044E-02) ( -1.37090683E-02,  2.29477882E-02)
   1.00000000      -1.00000000       1.00000000     ( -1.28522515E-03, -3.35276127E-04) (  6.05359674E-04,  2.12341547E-03) (  1.88127160E-03,  2.45869160E-03)
   1.00000000      -1.00000000       2.00000000     (  1.65775418E-03, -1.62050128E-03) (  5.40167093E-04, -5.40167093E-04) ( -5.58793545E-04,  5.49480319E-04)
   2.00000000       0.00000000       0.00000000     (  0.00000000    ,  0.00000000    ) ( -1.43423676E-03, -1.84401870E-03) (  7.26431608E-04, -1.47148967E-03)
   2.00000000       0.00000000       1.00000000     ( -5.02914190E-04,  8.28877091E-04) ( -3.77185643E-04, -1.00582838E-03) (  1.00582838E-03, -1.65775418E-03)
   2.00000000       1.00000000       0.00000000     (  3.02679837E-04, -6.61239028E-04) ( -6.05359674E-04,  1.32247806E-03) (  7.17118382E-04, -1.08033419E-03)
   2.00000000       1.00000000       1.00000000     ( -2.09547579E-04, -2.39815563E-04) ( -4.65661287E-04,  1.75088644E-03) (  8.84756446E-04, -1.28522515E-03)
   2.00000000      -1.00000000       0.00000000     (  3.58559191E-04, -6.70552254E-04) (  7.17118382E-04, -1.34110451E-03) (  5.02914190E-04, -4.00468707E-04)
   2.00000000      -1.00000000       1.00000000     (  7.07805157E-04, -1.04773790E-04) (  1.67638063E-03, -1.65309757E-04) (  2.60770321E-04,  4.48198989E-05)
