   0.00000000       0.00000000      -2.00000000     (  9.31322575E-05,  1.11758709E-04) ( -1.11758709E-04, -1.39698386E-05) (  0.00000000    ,  0.00000000    )
   0.00000000       0.00000000      -1.00000000     (  1.60560012E-02,  4.88013029E-03) (  3.97861004E-02,  1.70618296E-02) (  0.00000000    ,  0.00000000    )
   0.00000000       1.00000000      -2.00000000     (  7.45058060E-05,  4.07453626E-06) (  4.65661287E-06,  3.72529030E-05) (  2.32830644E-06,  1.86264515E-05)
   0.00000000       1.00000000      -1.00000000     ( -4.70317900E-03,  3.06963921E-02) ( -7.95349479E-03, -2.27708369E-03) ( -7.95349479E-03, -2.27708369E-03)
   0.00000000       2.00000000      -1.00000000     ( -3.72529030E-05,  2.32830644E-05) ( -9.31322575E-06,  5.58793545E-05) ( -1.86264515E-05,  1.11758709E-04)
   0.00000000      -2.00000000      -1.00000000     (  1.30385160E-04,  3.25962901E-05) ( -3.72529030E-05,  9.31322575E-06) (  7.45058060E-05, -1.86264515E-05)
   0.00000000      -1.00000000      -2.00000000     ( -1.39698386E-05,  4.65661287E-05) ( -3.72529030E-05, -2.32830644E-05) (  1.86264515E-05,  1.16415322E-05)
   0.00000000      -1.00000000      -1.00000000     (  8.97794962E-03, -1.04308128E-02) ( -9.75560397E-04,  1.98837370E-03) (  9.75560397E-04, -1.98837370E-03)
   1.00000000       0.00000000      -2.00000000     ( -6.51925802E-05, -2.79396772E-05) ( -1.86264515E-05,  9.31322575E-05) ( -3.25962901E-05, -1.39698386E-05)
   1.00000000       0.00000000      -1.00000000     (  9.83476639E-03, -5.43892384E-03) ( -9.98377800E-03,  6.85453415E-03) (  9.83476639E-03, -5.43892384E-03)
   1.00000000       1.00000000      -2.00000000     ( -2.32830644E-05,  9.31322575E-06) (  2.79396772E-05, -9.31322575E-05) (  2.32830644E-06, -4.65661287E-05)
   1.00000000       1.00000000      -1.00000000     ( -1.49011612E-04,  1.49011612E-04) (  9.31322575E-05, -4.65661287E-05) ( -4.65661287E-05,  1.11758709E-04)
   1.00000000       2.00000000      -1.00000000     (  1.86264515E-05, -7.45058060E-05) ( -1.86264515E-05,  1.86264515E-05) ( -1.86264515E-05, -3.72529030E-05)
   1.00000000      -2.00000000      -1.00000000     (  5.58793545E-05,  1.16415322E-05) (  5.58793545E-05,  2.32830644E-05) ( -5.58793545E-05, -3.25962901E-05)
   1.00000000      -1.00000000      -2.00000000     (  4.65661287E-05, -5.58793545E-05) (  2.79396772E-05, -2.79396772E-05) (  8.14907253E-06, -1.62981451E-05)
   1.00000000      -1.00000000      -1.00000000     (  2.91038305E-06,  9.31322575E-05) ( -5.58793545E-05,  6.51925802E-05) (  5.58793545E-05,  1.86264515E-05)
   2.00000000       0.00000000      -1.00000000     ( -3.72529030E-05, -1.39698386E-05) (  5.58793545E-05, -5.58793545E-05) ( -7.45058060E-05, -2.79396772E-05)
   2.00000000       1.00000000      -1.00000000     (  3.72529030E-05,  1.62981451E-05) ( -5.58793545E-05,  7.45058060E-05) (  2.79396772E-05,  1.11758709E-04)
   2.00000000      -1.00000000      -1.00000000     (  3.25962901E-05,  1.16415322E-05) (  4.65661287E-05, -3.25962901E-05) (  1.86264515E-05,  5.58793545E-05)
