   0.00000000       0.00000000      -2.00000000     (  4.86150384E-03,  4.91738319E-03) ( -2.24448740E-03, -8.68458301E-04) (  0.00000000    ,  0.00000000    )
   0.00000000       0.00000000      -1.00000000     (  2.43633986E-02, -1.10268593E-02) (  7.58096576E-03,  2.79396772E-02) (  0.00000000    ,  0.00000000    )
   0.00000000       1.00000000      -2.00000000     (  2.93366611E-04,  3.02679837E-03) (  6.42612576E-04,  1.17812306E-03) (  3.21306288E-04,  5.89061528E-04)
   0.00000000       1.00000000      -1.00000000     (  1.43796206E-02,  1.64657831E-02) ( -5.19212335E-04,  1.83004886E-03) ( -5.19212335E-04,  1.83004886E-03)
   0.00000000       2.00000000      -1.00000000     ( -9.57399607E-03, -1.97440386E-03) ( -1.50408596E-03, -1.42492354E-03) ( -3.00817192E-03, -2.84984708E-03)
   0.00000000      -2.00000000      -1.00000000     (  2.11410224E-03, -4.84287739E-03) ( -2.27242708E-03,  1.57393515E-03) (  4.54485416E-03, -3.14787030E-03)
   0.00000000      -1.00000000      -2.00000000     ( -6.22123480E-03, -8.38190317E-04) ( -3.41795385E-03, -1.40280463E-04) (  1.70897692E-03,  7.01402314E-05)
   0.00000000      -1.00000000      -1.00000000     (  3.90224159E-03,  5.19677997E-03) (  4.43309546E-03,  8.97794962E-03) ( -4.43309546E-03, -8.97794962E-03)
   1.00000000       0.00000000      -2.00000000     ( -3.08500603E-04,  4.82425094E-03) ( -4.22820449E-03,  6.98491931E-03) ( -1.54250301E-04,  2.41212547E-03)
   1.00000000       0.00000000      -1.00000000     (  3.65078449E-03,  2.91038305E-04) (  4.20957804E-03, -1.72760338E-03) (  3.65078449E-03,  2.91038305E-04)
   1.00000000       1.00000000      -2.00000000     ( -4.93600965E-03, -7.93952495E-04) (  5.45755029E-03, -4.60073352E-03) (  2.61934474E-04, -2.69152224E-03)
   1.00000000       1.00000000      -1.00000000     ( -7.00354576E-03, -2.93366611E-03) (  5.90458512E-03,  4.72646207E-04) ( -1.08499080E-03, -2.45869160E-03)
   1.00000000       2.00000000      -1.00000000     ( -2.45869160E-03,  1.19209290E-03) ( -1.68220140E-04,  1.87195837E-03) ( -2.79396772E-03,  4.93600965E-03)
   1.00000000      -2.00000000      -1.00000000     ( -3.07336450E-04, -1.45286322E-03) (  1.23400241E-03, -9.96515155E-04) ( -2.77534127E-03,  5.37838787E-04)
   1.00000000      -1.00000000      -2.00000000     ( -1.43423676E-03, -2.43075192E-03) (  4.43542376E-04, -2.12341547E-03) ( -9.40635800E-04, -1.53668225E-04)
   1.00000000      -1.00000000      -1.00000000     ( -2.00234354E-03,  3.79513949E-04) ( -4.50760126E-03,  6.79865479E-04) (  2.50525773E-03, -2.99187377E-04)
   2.00000000       0.00000000      -1.00000000     ( -1.87195837E-03, -6.23986125E-04) ( -7.26431608E-03,  1.78348273E-03) ( -3.74391675E-03, -1.24797225E-03)
   2.00000000       1.00000000      -1.00000000     (  7.07223080E-05,  1.17812306E-03) (  9.91858542E-04, -2.68220901E-03) (  1.13155693E-03, -3.17813829E-04)
   2.00000000      -1.00000000      -1.00000000     (  5.98374754E-04, -1.67638063E-03) (  1.54599547E-03, -4.37721610E-03) ( -3.44589353E-04,  1.03376806E-03)
