   0.00000000       0.00000000      -2.00000000     (  2.30967999E-03,  3.50177288E-03) ( -2.29105353E-03,  7.23957783E-06) (  0.00000000    ,  0.00000000    )
   0.00000000       0.00000000      -1.00000000     (  2.66730785E-02, -1.11386180E-02) (  1.30385160E-02,  3.18139791E-02) (  0.00000000    ,  0.00000000    )
   0.00000000       1.00000000      -2.00000000     (  3.25962901E-04,  1.73225999E-03) (  6.05359674E-04,  1.71363354E-03) (  3.02679837E-04,  8.56816769E-04)
   0.00000000       1.00000000      -1.00000000     (  1.59069896E-02,  1.92597508E-02) (  5.65778464E-04,  1.22934580E-03) (  5.65778464E-04,  1.22934580E-03)
   0.00000000       2.00000000      -1.00000000     ( -6.78002834E-03, -1.83470547E-03) ( -1.23865902E-03, -9.59262252E-04) ( -2.47731805E-03, -1.91852450E-03)
   0.00000000      -2.00000000      -1.00000000     (  1.34110451E-03, -3.40864062E-03) ( -1.37835741E-03,  7.86967576E-04) (  2.75671482E-03, -1.57393515E-03)
   0.00000000      -1.00000000      -2.00000000     ( -3.93018126E-03, -1.24797225E-03) ( -1.35973096E-03, -9.95351002E-05) (  6.79865479E-04,  4.97675501E-05)
   0.00000000      -1.00000000      -1.00000000     (  5.55068254E-03,  4.73111868E-03) (  3.02679837E-03,  1.04308128E-02) ( -3.02679837E-03, -1.04308128E-02)
   1.00000000       0.00000000      -2.00000000     ( -1.19209290E-03,  3.05473804E-03) ( -2.64495611E-03,  4.06056643E-03) ( -5.96046448E-04,  1.52736902E-03)
   1.00000000       0.00000000      -1.00000000     (  4.86150384E-03,  5.50062396E-05) (  1.05239451E-03, -2.57976353E-03) (  4.86150384E-03,  5.50062396E-05)
   1.00000000       1.00000000      -2.00000000     ( -3.22237611E-03,  8.24220479E-04) (  2.81259418E-03, -3.18512321E-03) ( -2.01398507E-04, -1.18277967E-03)
   1.00000000       1.00000000      -1.00000000     ( -3.91155481E-03, -1.48080289E-03) (  3.40864062E-03,  6.42612576E-04) ( -5.05242497E-04, -8.38190317E-04)
   1.00000000       2.00000000      -1.00000000     ( -8.52160156E-04,  1.09430403E-03) ( -3.74857336E-04,  1.36904418E-03) ( -1.60187483E-03,  3.83704901E-03)
   1.00000000      -2.00000000      -1.00000000     (  8.73114914E-05, -5.77419996E-04) (  1.10827386E-03,  1.97906047E-04) ( -2.13272870E-03, -9.73232090E-04)
   1.00000000      -1.00000000      -2.00000000     ( -9.82545316E-04, -2.14204192E-03) ( -3.88827175E-04, -1.59256160E-03) ( -2.95694917E-04, -2.71247700E-04)
   1.00000000      -1.00000000      -1.00000000     ( -1.12690032E-03,  4.05125320E-04) ( -2.51457095E-03,  4.49363142E-04) (  1.39698386E-03, -4.27826308E-05)
   2.00000000       0.00000000      -1.00000000     ( -1.07102096E-03, -6.42612576E-04) ( -3.05473804E-03,  5.28525561E-04) ( -2.14204192E-03, -1.28522515E-03)
   2.00000000       1.00000000      -1.00000000     ( -2.31666490E-04,  2.06055120E-04) (  7.91624188E-04, -1.09896064E-03) (  3.25962901E-04, -6.89178705E-04)
   2.00000000      -1.00000000      -1.00000000     ( -7.91624188E-05, -6.70552254E-04) (  3.72529030E-04, -3.11061740E-03) ( -5.30853868E-04,  1.76019967E-03)
