   0.00000000       0.00000000       1.00000000     (  1.29640102E-02, -9.94652510E-03) (  4.23192978E-02, -1.19209290E-02) (  0.00000000    ,  0.00000000    )
   0.00000000       0.00000000       2.00000000     (  1.11758709E-04, -4.65661287E-05) ( -9.31322575E-05, -5.82076609E-06) (  0.00000000    ,  0.00000000    )
   0.00000000       1.00000000       0.00000000     ( -2.11410224E-03, -4.47966158E-03) (  0.00000000    ,  0.00000000    ) (  1.41933560E-02,  7.91624188E-03)
   0.00000000       1.00000000       1.00000000     (  8.84756446E-03,  7.65547156E-03) (  1.37835741E-03, -1.38301402E-03) ( -1.37835741E-03,  1.38301402E-03)
   0.00000000       1.00000000       2.00000000     (  2.79396772E-05, -3.72529030E-05) ( -2.79396772E-05,  2.32830644E-05) (  1.39698386E-05, -1.16415322E-05)
   0.00000000       2.00000000       0.00000000     (  5.58793545E-05,  3.72529030E-05) (  0.00000000    ,  0.00000000    ) ( -5.58793545E-05,  1.16415322E-05)
   0.00000000       2.00000000       1.00000000     (  9.31322575E-05, -1.86264515E-05) ( -1.86264515E-05, -1.86264515E-05) (  3.72529030E-05,  3.72529030E-05)
   0.00000000      -2.00000000       0.00000000     (  5.58793545E-05, -3.72529030E-05) (  0.00000000    ,  0.00000000    ) ( -5.58793545E-05, -1.16415322E-05)
   0.00000000      -2.00000000       1.00000000     ( -3.72529030E-05, -2.91038305E-06) ( -3.72529030E-05, -4.65661287E-05) ( -7.45058060E-05, -9.31322575E-05)
   0.00000000      -1.00000000       0.00000000     ( -2.11410224E-03,  4.47966158E-03) (  0.00000000    ,  0.00000000    ) (  1.41933560E-02, -7.91624188E-03)
   0.00000000      -1.00000000       1.00000000     ( -6.57513738E-03, -2.83122063E-02) ( -9.66712832E-03,  3.37138772E-03) ( -9.66712832E-03,  3.37138772E-03)
   0.00000000      -1.00000000       2.00000000     (  4.65661287E-05, -1.86264515E-05) (  2.32830644E-05, -1.39698386E-05) (  1.16415322E-05, -6.98491931E-06)
   1.00000000       0.00000000       0.00000000     (  0.00000000    ,  0.00000000    ) ( -3.12179327E-02,  2.28732824E-02) (  1.94087625E-02,  1.46217644E-03)
   1.00000000       0.00000000       1.00000000     ( -3.71597707E-03,  6.13508746E-04) ( -1.68010592E-02, -1.79558992E-02) (  3.71597707E-03, -6.13508746E-04)
   1.00000000       0.00000000       2.00000000     ( -7.45058060E-05, -3.72529030E-05) (  4.65661287E-05,  2.79396772E-05) (  3.72529030E-05,  1.86264515E-05)
   1.00000000       1.00000000       0.00000000     (  2.37952918E-03,  4.86150384E-03) ( -2.37952918E-03, -4.86150384E-03) ( -4.93600965E-03,  1.19209290E-02)
   1.00000000       1.00000000       1.00000000     (  2.79396772E-05,  3.72529030E-05) ( -1.11758709E-04,  4.36557457E-07) (  7.45058060E-05, -3.72529030E-05)
   1.00000000       1.00000000       2.00000000     ( -1.49011612E-04,  2.32830644E-05) (  4.65661287E-05,  7.45058060E-05) (  4.65661287E-05, -4.65661287E-05)
   1.00000000       2.00000000       0.00000000     ( -6.98491931E-06,  2.32830644E-05) (  3.49245965E-06, -1.16415322E-05) ( -4.65661287E-05,  1.45519152E-06)
   1.00000000       2.00000000       1.00000000     ( -1.16415322E-05,  1.39698386E-05) ( -2.79396772E-05,  4.65661287E-06) (  7.45058060E-05, -2.32830644E-05)
   1.00000000      -2.00000000       0.00000000     ( -1.16415322E-05,  3.72529030E-05) ( -5.82076609E-06,  1.86264515E-05) ( -2.79396772E-05, -7.45058060E-05)
   1.00000000      -2.00000000       1.00000000     ( -5.58793545E-05, -2.79396772E-05) ( -1.16415322E-05, -1.39698386E-05) (  3.72529030E-05,  3.49245965E-06)
   1.00000000      -1.00000000       0.00000000     (  7.68341124E-04, -5.09433448E-03) (  7.68341124E-04, -5.09433448E-03) ( -8.66129994E-03,  3.39001417E-02)
   1.00000000      -1.00000000       1.00000000     (  1.49011612E-04,  5.58793545E-05) (  3.49245965E-06, -1.11758709E-04) ( -1.49011612E-04, -1.86264515E-04)
   1.00000000      -1.00000000       2.00000000     ( -5.58793545E-05,  5.82076609E-07) ( -3.72529030E-05,  5.58793545E-05) (  1.39698386E-05,  2.79396772E-05)
   2.00000000       0.00000000       0.00000000     (  0.00000000    ,  0.00000000    ) (  2.79396772E-05,  9.31322575E-05) ( -4.65661287E-05, -1.16415322E-06)
   2.00000000       0.00000000       1.00000000     ( -9.31322575E-06,  2.91038305E-06) (  2.91038305E-06,  2.79396772E-05) (  1.86264515E-05, -5.82076609E-06)
   2.00000000       1.00000000       0.00000000     (  1.86264515E-05,  1.39698386E-05) ( -3.72529030E-05, -2.79396772E-05) (  6.98491931E-06,  4.65661287E-05)
   2.00000000       1.00000000       1.00000000     (  1.74622983E-06, -1.39698386E-05) ( -4.65661287E-05,  2.79396772E-05) (  4.65661287E-05,  1.16415322E-06)
   2.00000000      -1.00000000       0.00000000     ( -2.32830644E-05, -1.16415322E-05) ( -4.65661287E-05, -2.32830644E-05) ( -1.39698386E-05, -9.31322575E-06)
   2.00000000      -1.00000000       1.00000000     ( -1.39698386E-05, -4.65661287E-05) ( -3.72529030E-05, -3.72529030E-05) ( -1.16415322E-05,  5.58793545E-05)
