    0.000000        0.000000        1.000000      (2.1681190E-02,1.1883676E-02)
   (-7.4878335E-03,-1.7359853E-02)  (0.000000,0.000000)
    0.000000        0.000000        2.000000      
 (7.6927245E-03,-1.7508864E-03)  (6.0349703E-03,4.3865293E-03)  
 (0.000000,0.000000)
    0.000000        1.000000        0.000000      (8.6612999E-04,9.5367432E-03)
   (0.000000,0.000000)  (3.4086406E-03,-2.7939677E-03)
    0.000000        1.000000        1.000000      (4.1536987E-03,1.5739352E-03)
   (6.5751374E-03,-5.0105155E-03)  (-6.5751374E-03,5.0105155E-03)
    0.000000        1.000000        2.000000      
 (-8.2515180E-03,-2.5704503E-03)  (-6.2398612E-03,-8.2887709E-04)  
 (3.1199306E-03,4.1443855E-04)
    0.000000        2.000000        0.000000      
 (-2.6961789E-03,-1.8952414E-03)  (0.000000,0.000000)  
 (-1.5087426E-03,3.0081719E-03)
    0.000000        2.000000        1.000000      
 (1.1175871E-02,-3.2410026E-03)  (-1.4057150E-04,-2.1792948E-03)  
 (2.8114300E-04,4.3585896E-03)
    0.000000       -2.000000        0.000000      
 (-2.6961789E-03,1.8952414E-03)  (0.000000,0.000000)  
 (-1.5087426E-03,-3.0081719E-03)
    0.000000       -2.000000        1.000000      
 (-1.3001263E-02,-1.1213124E-02)  (-4.0885061E-03,1.1571683E-03)  
 (-8.1770122E-03,2.3143366E-03)
    0.000000       -1.000000        0.000000      
 (8.6612999E-04,-9.5367432E-03)  (0.000000,0.000000)  
 (3.4086406E-03,2.7939677E-03)
    0.000000       -1.000000        1.000000      
 (6.4074993E-03,-7.0407987E-03)  (-2.2165477E-03,-4.1723251E-03)  
 (-2.2165477E-03,-4.1723251E-03)
    0.000000       -1.000000        2.000000      
 (-1.3187528E-02,2.6961789E-03)  (-2.0675361E-03,2.7380884E-03)  
 (-1.0337681E-03,1.3690442E-03)
    1.000000        0.000000        0.000000      (0.000000,0.000000)  
 (-2.5182962E-02,4.8801303E-03)  (1.8328428E-02,1.7955899E-02)
    1.000000        0.000000        1.000000      
 (-1.5925616E-03,-3.6694109E-03)  (-2.0265579E-02,1.4901161E-02)  
 (1.5925616E-03,3.6694109E-03)
    1.000000        0.000000        2.000000      (8.9872628E-04,1.3131648E-03)
   (4.9080700E-03,1.0747463E-02)  (-4.4936314E-04,-6.5658242E-04)
    1.000000        1.000000        0.000000      
 (3.8929284E-03,-1.4249235E-03)  (-3.8929284E-03,1.4249235E-03)  
 (-3.0826777E-03,2.1141022E-03)
    1.000000        1.000000        1.000000      (1.7404091E-04,3.9488077E-03)
   (-1.5366822E-03,-2.6915222E-03)  (1.3620593E-03,-1.2572855E-03)
    1.000000        1.000000        2.000000      
 (-3.9581209E-03,4.7031790E-04)  (-8.3819032E-04,-5.7183206E-03)  
 (2.3981556E-03,2.6263297E-03)
    1.000000        2.000000        0.000000      (1.7741695E-03,2.5192276E-03)
   (-8.8708475E-04,-1.2596138E-03)  (3.7811697E-03,9.5553696E-03)
    1.000000        2.000000        1.000000      (4.2840838E-03,3.9208680E-03)
   (-1.7508864E-03,-8.6147338E-05)  (-7.8929588E-04,-3.7439167E-03)
    1.000000       -2.000000        0.000000      (3.1490345E-04,7.4505806E-03)
   (1.5745172E-04,3.7252903E-03)  (-6.6682696E-03,-1.0989606E-03)
    1.000000       -2.000000        1.000000      
 (-1.7043203E-03,1.5454134E-04)  (-3.7252903E-05,5.6461431E-04)  
 (1.6298145E-03,9.7323209E-04)
    1.000000       -1.000000        0.000000      
 (-2.1979213E-03,3.3644028E-04)  (-2.1979213E-03,3.3644028E-04)  
 (-5.2340329E-03,3.7811697E-03)
    1.000000       -1.000000        1.000000      (1.4454126E-02,1.7974526E-03)
   (5.0570816E-03,2.5844201E-03)  (-9.4063580E-03,7.8463927E-04)
    1.000000       -1.000000        2.000000      
 (-2.5052577E-03,7.9395249E-04)  (-5.2992254E-03,-3.9860606E-03)  
 (-1.3946556E-03,-2.3888424E-03)
    2.000000        0.000000        0.000000      (0.000000,0.000000)  
 (1.3783574E-02,-5.0850213E-03)  (-6.9732778E-04,2.3655593E-03)
    2.000000        0.000000        1.000000      
 (-3.7718564E-03,4.7311187E-03)  (5.0384551E-03,1.1026859E-02)  
 (7.5437129E-03,-9.4622374E-03)
    2.000000        1.000000        0.000000      
 (-1.8579885E-03,-2.3515895E-03)  (3.7159771E-03,4.7031790E-03)  
 (-7.0407987E-03,2.3189932E-03)
    2.000000        1.000000        1.000000      (3.5297126E-03,5.1874667E-03)
   (-5.4668635E-03,-1.3783574E-02)  (-1.5879050E-03,3.4272671E-03)
    2.000000       -1.000000        0.000000      
 (-2.0628795E-03,-3.2875687E-03)  (-4.1257590E-03,-6.5751374E-03)  
 (2.1979213E-03,4.2840838E-03)
    2.000000       -1.000000        1.000000      
 (-5.1222742E-03,2.1560118E-03)  (-4.8242509E-03,5.2340329E-03)  
 (5.4202974E-03,9.2433766E-04)
