   0.00000000       0.00000000       1.00000000     (  1.70245767E-02, -1.65775418E-03) (  3.57627869E-02, -1.95205212E-02) (  0.00000000    ,  0.00000000    )
   0.00000000       0.00000000       2.00000000     (  1.35041773E-03, -2.34693289E-03) ( -1.99303031E-03,  1.62981451E-04) (  0.00000000    ,  0.00000000    )
   0.00000000       1.00000000       0.00000000     ( -1.05053186E-02, -2.26777047E-03) (  0.00000000    ,  0.00000000    ) (  7.78585672E-03,  1.35973096E-02)
   0.00000000       1.00000000       1.00000000     (  8.17701221E-03,  1.03563070E-02) ( -2.03959644E-03, -2.66358256E-03) (  2.03959644E-03,  2.66358256E-03)
   0.00000000       1.00000000       2.00000000     ( -7.91624188E-04, -9.03382897E-04) ( -7.91624188E-04,  2.28174031E-04) (  3.95812094E-04, -1.14087015E-04)
   0.00000000       2.00000000       0.00000000     (  5.82076609E-04,  2.44006515E-03) (  0.00000000    ,  0.00000000    ) ( -3.01748514E-03,  1.58324838E-03)
   0.00000000       2.00000000       1.00000000     (  2.16066837E-03, -8.56816769E-04) ( -6.98491931E-04,  1.04773790E-04) (  1.39698386E-03, -2.09547579E-04)
   0.00000000      -2.00000000       0.00000000     (  5.82076609E-04, -2.44006515E-03) (  0.00000000    ,  0.00000000    ) ( -3.01748514E-03, -1.58324838E-03)
   0.00000000      -2.00000000       1.00000000     ( -1.22003257E-03, -3.16649675E-04) (  1.36205927E-04, -7.63684511E-04) (  2.72411853E-04, -1.52736902E-03)
   0.00000000      -1.00000000       0.00000000     ( -1.05053186E-02,  2.26777047E-03) (  0.00000000    ,  0.00000000    ) (  7.78585672E-03, -1.35973096E-02)
   0.00000000      -1.00000000       1.00000000     ( -2.91503966E-03, -2.99513340E-02) ( -6.35161996E-03,  2.23517418E-03) ( -6.35161996E-03,  2.23517418E-03)
   0.00000000      -1.00000000       2.00000000     (  1.20140612E-03, -2.47382559E-05) ( -4.33064997E-04, -8.19563866E-04) ( -2.16532499E-04, -4.09781933E-04)
   1.00000000       0.00000000       0.00000000     (  0.00000000    ,  0.00000000    ) ( -1.98185444E-02,  1.82911754E-02) (  2.34693289E-02,  1.01700425E-02)
   1.00000000       0.00000000       1.00000000     ( -2.63564289E-03, -9.89530236E-04) ( -2.36183405E-02, -9.72300768E-03) (  2.63564289E-03,  9.89530236E-04)
   1.00000000       0.00000000       2.00000000     ( -1.33179128E-03,  7.72997737E-04) (  9.31322575E-04,  1.08964741E-03) (  6.65895641E-04, -3.86498868E-04)
   1.00000000       1.00000000       0.00000000     (  1.30094122E-04,  2.08150595E-03) ( -1.30094122E-04, -2.08150595E-03) ( -9.53674316E-03,  1.16229057E-02)
   1.00000000       1.00000000       1.00000000     (  8.10250640E-04, -2.72411853E-04) ( -2.60770321E-03, -1.39698386E-04) (  1.78813934E-03,  4.09781933E-04)
   1.00000000       1.00000000       2.00000000     ( -2.53319740E-03,  4.04543243E-05) (  3.95812094E-04,  1.26659870E-03) (  1.06170774E-03, -6.56582415E-04)
   1.00000000       2.00000000       0.00000000     (  1.49011612E-03, -4.28408384E-04) ( -7.45058060E-04,  2.14204192E-04) ( -1.38534233E-04,  1.73225999E-03)
   1.00000000       2.00000000       1.00000000     (  6.42612576E-04,  8.38190317E-04) ( -9.03382897E-04,  8.96397978E-05) (  1.16415322E-03, -1.01514161E-03)
   1.00000000      -2.00000000       0.00000000     ( -1.41561031E-03, -1.45519152E-04) ( -7.07805157E-04, -7.27595761E-05) ( -1.25728548E-03, -1.80676579E-03)
   1.00000000      -2.00000000       1.00000000     ( -1.15483999E-03, -4.84287739E-04) ( -3.49245965E-04, -3.49245965E-04) (  4.61004674E-04, -2.09547579E-04)
   1.00000000      -1.00000000       0.00000000     ( -4.64497134E-04, -7.39470124E-03) ( -4.64497134E-04, -7.39470124E-03) ( -1.04680657E-02,  2.77906656E-02)
   1.00000000      -1.00000000       1.00000000     (  2.75671482E-03,  9.40635800E-04) ( -4.37721610E-04, -2.86847353E-03) ( -3.20374966E-03, -3.79979610E-03)
   1.00000000      -1.00000000       2.00000000     ( -2.04890966E-03,  1.67638063E-03) ( -1.26659870E-03,  1.30385160E-03) (  3.95812094E-04, -1.81607902E-04)
   2.00000000       0.00000000       0.00000000     (  0.00000000    ,  0.00000000    ) (  1.32247806E-03,  3.05473804E-03) ( -6.65895641E-04,  1.73225999E-03)
   2.00000000       0.00000000       1.00000000     (  2.14204192E-04, -6.05359674E-04) (  8.84756446E-04,  1.60187483E-03) ( -4.28408384E-04,  1.21071935E-03)
   2.00000000       1.00000000       0.00000000     (  4.47034836E-04,  1.08033419E-03) ( -8.94069672E-04, -2.16066837E-03) ( -1.50874257E-03,  2.64495611E-03)
   2.00000000       1.00000000       1.00000000     (  6.79865479E-04,  1.60653144E-04) ( -8.47503543E-04, -1.22003257E-03) ( -5.21540642E-04,  8.94069672E-04)
   2.00000000      -1.00000000       0.00000000     ( -4.70317900E-04,  3.32947820E-04) ( -9.40635800E-04,  6.65895641E-04) ( -1.06170774E-03, -1.90921128E-04)
   2.00000000      -1.00000000       1.00000000     ( -7.26431608E-04, -1.50175765E-04) ( -2.25380063E-03, -4.05125320E-04) ( -8.10250640E-04, -1.04773790E-04)
