   0.00000000       0.00000000      -2.00000000     (  1.99303031E-03,  3.27825546E-03) ( -2.21654773E-03,  1.07684173E-04) (  0.00000000    ,  0.00000000    )
   0.00000000       0.00000000      -1.00000000     (  2.71201134E-02, -1.11386180E-02) (  1.40815973E-02,  3.24845314E-02) (  0.00000000    ,  0.00000000    )
   0.00000000       1.00000000      -2.00000000     (  2.63098627E-04,  1.52736902E-03) (  6.05359674E-04,  1.66706741E-03) (  3.02679837E-04,  8.33533704E-04)
   0.00000000       1.00000000      -1.00000000     (  1.60187483E-02,  1.98185444E-02) (  7.17118382E-04,  1.07102096E-03) (  7.17118382E-04,  1.07102096E-03)
   0.00000000       2.00000000      -1.00000000     ( -6.33299351E-03, -1.72294676E-03) ( -1.18277967E-03, -8.98726285E-04) ( -2.36555934E-03, -1.79745257E-03)
   0.00000000      -2.00000000      -1.00000000     (  1.26659870E-03, -3.14787030E-03) ( -1.24797225E-03,  6.84522092E-04) (  2.49594450E-03, -1.36904418E-03)
   0.00000000      -1.00000000      -2.00000000     ( -3.63215804E-03, -1.22934580E-03) ( -1.16415322E-03, -1.12340786E-04) (  5.82076609E-04,  5.61703928E-05)
   0.00000000      -1.00000000      -1.00000000     (  5.88595867E-03,  4.48897481E-03) (  2.73808837E-03,  1.06543303E-02) ( -2.73808837E-03, -1.06543303E-02)
   1.00000000       0.00000000      -2.00000000     ( -1.22934580E-03,  2.79396772E-03) ( -2.40281224E-03,  3.66941094E-03) ( -6.14672899E-04,  1.39698386E-03)
   1.00000000       0.00000000      -1.00000000     (  5.15952706E-03, -1.86992111E-05) (  4.14438546E-04, -2.71946192E-03) (  5.15952706E-03, -1.86992111E-05)
   1.00000000       1.00000000      -2.00000000     ( -2.96160579E-03,  9.22009349E-04) (  2.45869160E-03, -2.98023224E-03) ( -2.51457095E-04, -1.03376806E-03)
   1.00000000       1.00000000      -1.00000000     ( -3.48314643E-03, -1.28522515E-03) (  3.05473804E-03,  6.42612576E-04) ( -4.14438546E-04, -6.42612576E-04)
   1.00000000       2.00000000      -1.00000000     ( -6.56582415E-04,  1.01514161E-03) ( -3.98140401E-04,  1.26659870E-03) ( -1.45286322E-03,  3.53902578E-03)
   1.00000000      -2.00000000      -1.00000000     (  1.65309757E-04, -4.63332981E-04) (  1.06170774E-03,  3.11993062E-04) ( -1.95577741E-03, -1.08964741E-03)
   1.00000000      -1.00000000      -2.00000000     ( -8.52160156E-04, -2.00234354E-03) ( -4.58676368E-04, -1.45286322E-03) ( -1.97906047E-04, -2.72411853E-04)
   1.00000000      -1.00000000      -1.00000000     ( -1.03376806E-03,  4.19095159E-04) ( -2.29105353E-03,  4.14438546E-04) (  1.25728548E-03,  4.25643520E-06)
   2.00000000       0.00000000      -1.00000000     ( -9.73232090E-04, -6.05359674E-04) ( -2.55182385E-03,  4.00468707E-04) ( -1.94646418E-03, -1.21071935E-03)
   2.00000000       1.00000000      -1.00000000     ( -2.60770321E-04,  1.08848326E-04) (  7.72997737E-04, -9.54605639E-04) (  2.56113708E-04, -7.35744834E-04)
   2.00000000      -1.00000000      -1.00000000     ( -1.37370080E-04, -5.35510480E-04) (  2.84053385E-04, -2.83122063E-03) ( -5.58793545E-04,  1.76019967E-03)
