   0.00000000       0.00000000       1.00000000     (  2.30222940E-02,  1.13248825E-02) (  2.01165676E-03, -2.40653753E-02) (  0.00000000    ,  0.00000000    )
   0.00000000       0.00000000       2.00000000     (  6.81728125E-03, -4.89875674E-03) (  5.86733222E-04,  1.50408596E-03) (  0.00000000    ,  0.00000000    )
   0.00000000       1.00000000       0.00000000     ( -3.52039933E-03,  1.11386180E-02) (  0.00000000    ,  0.00000000    ) (  1.81142241E-03, -1.95577741E-03)
   0.00000000       1.00000000       1.00000000     (  3.08267772E-03, -4.26545739E-03) (  6.23986125E-03, -7.54371285E-03) ( -6.23986125E-03,  7.54371285E-03)
   0.00000000       1.00000000       2.00000000     ( -7.72997737E-03, -6.40284270E-04) ( -6.72414899E-03,  5.57629392E-04) (  3.36207449E-03, -2.78814696E-04)
   0.00000000       2.00000000       0.00000000     ( -1.27125531E-03, -6.96629286E-03) (  0.00000000    ,  0.00000000    ) ( -5.84870577E-03,  3.21306288E-04)
   0.00000000       2.00000000       1.00000000     (  4.80562449E-03,  2.91503966E-03) ( -1.88592821E-03, -2.51457095E-03) (  3.77185643E-03,  5.02914190E-03)
   0.00000000      -2.00000000       0.00000000     ( -1.27125531E-03,  6.96629286E-03) (  0.00000000    ,  0.00000000    ) ( -5.84870577E-03, -3.21306288E-04)
   0.00000000      -2.00000000       1.00000000     ( -9.83476639E-03, -1.23865902E-03) ( -1.49011612E-03,  1.28988177E-03) ( -2.98023224E-03,  2.57976353E-03)
   0.00000000      -1.00000000       0.00000000     ( -3.52039933E-03, -1.11386180E-02) (  0.00000000    ,  0.00000000    ) (  1.81142241E-03,  1.95577741E-03)
   0.00000000      -1.00000000       1.00000000     (  1.13993883E-02, -1.37835741E-02) ( -2.03028321E-03, -2.30036676E-03) ( -2.03028321E-03, -2.30036676E-03)
   0.00000000      -1.00000000       2.00000000     ( -2.24914402E-03, -1.58790499E-03) (  7.68341124E-04,  2.57045031E-03) (  3.84170562E-04,  1.28522515E-03)
   1.00000000       0.00000000       0.00000000     (  0.00000000    ,  0.00000000    ) ( -1.89989805E-02,  5.49480319E-03) (  2.46614218E-02,  2.02655792E-02)
   1.00000000       0.00000000       1.00000000     (  2.51457095E-03, -3.89292836E-03) ( -2.53319740E-02,  1.53481960E-02) ( -2.51457095E-03,  3.89292836E-03)
   1.00000000       0.00000000       2.00000000     (  1.05472282E-03,  2.75671482E-03) (  6.09084964E-03,  4.51691449E-03) ( -5.27361408E-04, -1.37835741E-03)
   1.00000000       1.00000000       0.00000000     (  5.28991222E-03,  1.79745257E-03) ( -5.28991222E-03, -1.79745257E-03) ( -7.24568963E-03,  3.50177288E-03)
   1.00000000       1.00000000       1.00000000     ( -3.77185643E-03,  5.96046448E-04) (  2.70083547E-03, -3.69036570E-04) (  1.07102096E-03, -2.28174031E-04)
   1.00000000       1.00000000       2.00000000     ( -2.11875886E-03, -2.80328095E-03) ( -5.36441803E-03, -3.12924385E-03) (  3.73460352E-03,  2.96160579E-03)
   1.00000000       2.00000000       0.00000000     ( -2.07219273E-03,  6.07222319E-03) (  1.03609636E-03, -3.03611159E-03) ( -1.13388523E-03,  9.35047865E-03)
   1.00000000       2.00000000       1.00000000     (  7.15255737E-03,  2.79396772E-03) ( -2.98954546E-03, -2.61701643E-03) ( -1.18277967E-03,  2.44937837E-03)
   1.00000000      -2.00000000       0.00000000     ( -8.46921466E-05, -2.73808837E-03) ( -4.23460733E-05, -1.36904418E-03) ( -1.72760338E-03,  1.76951289E-03)
   1.00000000      -2.00000000       1.00000000     ( -2.20257789E-03,  6.84522092E-04) ( -2.30967999E-03,  1.45286322E-03) ( -2.42143869E-03,  2.22586095E-03)
   1.00000000      -1.00000000       0.00000000     ( -5.92321157E-03, -5.34579158E-03) ( -5.92321157E-03, -5.34579158E-03) ( -4.41446900E-03,  4.63798642E-03)
   1.00000000      -1.00000000       1.00000000     (  6.72414899E-03,  8.71717930E-03) (  7.96280801E-04,  7.46920705E-03) ( -5.92321157E-03, -1.23865902E-03)
   1.00000000      -1.00000000       2.00000000     (  4.37721610E-03,  6.44475222E-03) (  7.18981028E-03,  3.06405127E-03) (  1.40629709E-03, -1.69035047E-03)
   2.00000000       0.00000000       0.00000000     (  0.00000000    ,  0.00000000    ) (  1.13248825E-02, -6.09084964E-03) ( -4.65661287E-03,  3.79979610E-03)
   2.00000000       0.00000000       1.00000000     ( -4.36790287E-03, -1.47148967E-03) (  3.19443643E-03,  1.11758709E-02) (  8.73580575E-03,  2.94297934E-03)
   2.00000000       1.00000000       0.00000000     ( -2.38418579E-03,  8.63801688E-04) (  4.76837158E-03, -1.72760338E-03) ( -9.26665962E-04, -8.34465027E-03)
   2.00000000       1.00000000       1.00000000     (  1.92783773E-03,  4.50760126E-03) ( -5.02914190E-03, -7.71135092E-03) (  1.16880983E-03, -1.30385160E-03)
   2.00000000      -1.00000000       0.00000000     (  1.69500709E-03,  4.30736691E-05) (  3.39001417E-03,  8.61473382E-05) (  2.87545845E-04,  1.76485628E-03)
   2.00000000      -1.00000000       1.00000000     ( -3.80910933E-03,  6.91507012E-04) ( -3.16649675E-03, -2.09081918E-03) (  4.44240868E-03, -3.47383320E-03)
