   0.00000000       0.00000000       1.00000000     (  2.32458115E-02,  1.18464231E-02) ( -3.31783667E-04, -2.27987766E-02) (  0.00000000    ,  0.00000000    )
   0.00000000       0.00000000       2.00000000     (  6.63101673E-03, -3.74391675E-03) (  2.10013241E-03,  1.49011612E-03) (  0.00000000    ,  0.00000000    )
   0.00000000       1.00000000       0.00000000     ( -2.18860805E-03,  1.18836761E-02) (  0.00000000    ,  0.00000000    ) (  2.11410224E-03, -2.92435288E-03)
   0.00000000       1.00000000       1.00000000     (  3.31550837E-03, -3.38070095E-03) (  7.00354576E-03, -7.09667802E-03) ( -7.00354576E-03,  7.09667802E-03)
   0.00000000       1.00000000       2.00000000     ( -7.15255737E-03, -1.00117177E-03) ( -7.00354576E-03,  4.93600965E-04) (  3.50177288E-03, -2.46800482E-04)
   0.00000000       2.00000000       0.00000000     ( -1.18161552E-04, -6.18398190E-03) (  0.00000000    ,  0.00000000    ) ( -4.32133675E-03,  4.85451892E-04)
   0.00000000       2.00000000       1.00000000     (  6.14672899E-03,  7.05476850E-04) ( -1.13621354E-03, -2.41212547E-03) (  2.27242708E-03,  4.82425094E-03)
   0.00000000      -2.00000000       0.00000000     ( -1.18161552E-04,  6.18398190E-03) (  0.00000000    ,  0.00000000    ) ( -4.32133675E-03, -4.85451892E-04)
   0.00000000      -2.00000000       1.00000000     ( -9.08970833E-03, -3.39001417E-03) ( -1.85333192E-03,  9.33650881E-04) ( -3.70666385E-03,  1.86730176E-03)
   0.00000000      -1.00000000       0.00000000     ( -2.18860805E-03, -1.18836761E-02) (  0.00000000    ,  0.00000000    ) (  2.11410224E-03,  2.92435288E-03)
   0.00000000      -1.00000000       1.00000000     (  9.94652510E-03, -1.27032399E-02) ( -2.58907676E-03, -2.71014869E-03) ( -2.58907676E-03, -2.71014869E-03)
   0.00000000      -1.00000000       2.00000000     ( -4.22820449E-03,  2.18860805E-04) (  3.99304554E-04,  3.79048288E-03) (  1.99652277E-04,  1.89524144E-03)
   1.00000000       0.00000000       0.00000000     (  0.00000000    ,  0.00000000    ) ( -2.11596489E-02,  5.23403287E-03) (  2.38418579E-02,  1.98185444E-02)
   1.00000000       0.00000000       1.00000000     (  1.62050128E-03, -4.43309546E-03) ( -2.49594450E-02,  1.58697367E-02) ( -1.62050128E-03,  4.43309546E-03)
   1.00000000       0.00000000       2.00000000     (  1.05006620E-03,  2.02096999E-03) (  4.82425094E-03,  5.47617674E-03) ( -5.25033101E-04, -1.01048499E-03)
   1.00000000       1.00000000       0.00000000     (  5.27128577E-03,  7.70669430E-04) ( -5.27128577E-03, -7.70669430E-04) ( -6.59376383E-03,  2.81259418E-03)
   1.00000000       1.00000000       1.00000000     ( -3.06405127E-03,  1.20140612E-03) (  2.12341547E-03, -6.89178705E-04) (  9.38307494E-04, -5.12227416E-04)
   1.00000000       1.00000000       2.00000000     ( -2.21654773E-03, -2.34693289E-03) ( -4.13507223E-03, -3.93018126E-03) (  3.17580998E-03,  3.13855708E-03)
   1.00000000       2.00000000       0.00000000     ( -1.69500709E-03,  5.08502126E-03) (  8.47503543E-04, -2.54251063E-03) ( -2.24681571E-04,  9.35047865E-03)
   1.00000000       2.00000000       1.00000000     (  6.22123480E-03,  2.76602805E-03) ( -2.02096999E-03, -2.03493983E-03) ( -2.17463821E-03,  1.29919499E-03)
   1.00000000      -2.00000000       0.00000000     ( -6.26314431E-04, -8.14907253E-04) ( -3.13157216E-04, -4.07453626E-04) ( -2.87778676E-03,  4.41214070E-04)
   1.00000000      -2.00000000       1.00000000     ( -1.98837370E-03,  8.21892172E-04) ( -1.82073563E-03,  1.50408596E-03) ( -1.65309757E-03,  2.18860805E-03)
   1.00000000      -1.00000000       0.00000000     ( -5.43892384E-03, -3.45520675E-03) ( -5.43892384E-03, -3.45520675E-03) ( -4.35858965E-03,  4.32133675E-03)
   1.00000000      -1.00000000       1.00000000     (  8.13975930E-03,  7.93486834E-03) (  2.10013241E-03,  7.33882189E-03) ( -6.03497028E-03, -6.03031367E-04)
   1.00000000      -1.00000000       2.00000000     (  3.38070095E-03,  5.77419996E-03) (  5.10364771E-03,  1.49477273E-03) (  8.66129994E-04, -2.13738531E-03)
   2.00000000       0.00000000       0.00000000     (  0.00000000    ,  0.00000000    ) (  1.11386180E-02, -6.42612576E-03) ( -3.31550837E-03,  4.28408384E-03)
   2.00000000       0.00000000       1.00000000     ( -4.41446900E-03, -1.61817297E-04) (  3.75322998E-03,  1.09151006E-02) (  8.82893801E-03,  3.23634595E-04)
   2.00000000       1.00000000       0.00000000     ( -1.83470547E-03,  4.58676368E-04) (  3.66941094E-03, -9.17352736E-04) ( -1.55530870E-03, -5.94183803E-03)
   2.00000000       1.00000000       1.00000000     (  2.28174031E-03,  4.54485416E-03) ( -5.12227416E-03, -8.04662704E-03) (  5.56465238E-04, -1.05937943E-03)
   2.00000000      -1.00000000       0.00000000     (  1.15483999E-03, -8.35862011E-04) (  2.30967999E-03, -1.67172402E-03) (  6.10016286E-04,  2.16998160E-03)
   2.00000000      -1.00000000       1.00000000     ( -4.06056643E-03,  4.38885763E-04) ( -3.97674739E-03, -1.63447112E-03) (  4.13507223E-03, -2.51457095E-03)
