   0.00000000       0.00000000      -2.00000000     (  3.46451998E-03,  4.19095159E-03) ( -2.43075192E-03, -3.70200723E-04) (  0.00000000    ,  0.00000000    )
   0.00000000       0.00000000      -1.00000000     (  2.54064798E-02, -1.10641122E-02) (  1.01327896E-02,  2.98023224E-02) (  0.00000000    ,  0.00000000    )
   0.00000000       1.00000000      -2.00000000     (  4.35393304E-04,  2.39349902E-03) (  6.03031367E-04,  1.69500709E-03) (  3.01515684E-04,  8.47503543E-04)
   0.00000000       1.00000000      -1.00000000     (  1.52736902E-02,  1.76951289E-02) (  5.44241630E-05,  1.58790499E-03) (  5.44241630E-05,  1.58790499E-03)
   0.00000000       2.00000000      -1.00000000     ( -8.23289156E-03, -2.07684934E-03) ( -1.40164047E-03, -1.18277967E-03) ( -2.80328095E-03, -2.36555934E-03)
   0.00000000      -2.00000000      -1.00000000     (  1.61118805E-03, -4.20957804E-03) ( -1.82539225E-03,  1.13155693E-03) (  3.65078449E-03, -2.26311386E-03)
   0.00000000      -1.00000000      -2.00000000     ( -4.99188900E-03, -1.16880983E-03) ( -2.16998160E-03, -8.29459168E-05) (  1.08499080E-03,  4.14729584E-05)
   0.00000000      -1.00000000      -1.00000000     (  4.63798642E-03,  5.12227416E-03) (  3.75322998E-03,  9.68575478E-03) ( -3.75322998E-03, -9.68575478E-03)
   1.00000000       0.00000000      -2.00000000     ( -9.17352736E-04,  3.91155481E-03) ( -3.44589353E-03,  5.43892384E-03) ( -4.58676368E-04,  1.95577741E-03)
   1.00000000       0.00000000      -1.00000000     (  4.14438546E-03,  1.98488124E-04) (  2.71014869E-03, -2.15135515E-03) (  4.14438546E-03,  1.98488124E-04)
   1.00000000       1.00000000      -2.00000000     ( -4.07919288E-03,  2.73576006E-04) (  4.06056643E-03, -3.85567546E-03) ( -9.13132681E-06, -1.78813934E-03)
   1.00000000       1.00000000      -1.00000000     ( -5.40167093E-03, -2.14204192E-03) (  4.60073352E-03,  6.05359674E-04) ( -7.86967576E-04, -1.53668225E-03)
   1.00000000       2.00000000      -1.00000000     ( -1.55530870E-03,  1.27125531E-03) ( -2.92202458E-04,  1.66706741E-03) ( -2.14204192E-03,  4.61935997E-03)
   1.00000000      -2.00000000      -1.00000000     ( -1.50175765E-04, -9.73232090E-04) (  1.22003257E-03, -2.66591087E-04) ( -2.58907676E-03, -4.40049917E-04)
   1.00000000      -1.00000000      -2.00000000     ( -1.32247806E-03, -2.45869160E-03) ( -7.21774995E-05, -1.97440386E-03) ( -6.26314431E-04, -2.40979716E-04)
   1.00000000      -1.00000000      -1.00000000     ( -1.47148967E-03,  3.77185643E-04) ( -3.37138772E-03,  5.58793545E-04) (  1.89989805E-03, -1.81607902E-04)
   2.00000000       0.00000000      -1.00000000     ( -1.42492354E-03, -7.10133463E-04) ( -4.93600965E-03,  1.04308128E-03) ( -2.84984708E-03, -1.42026693E-03)
   2.00000000       1.00000000      -1.00000000     ( -1.25146471E-04,  6.03031367E-04) (  8.70786607E-04, -1.71363354E-03) (  6.21657819E-04, -5.09899110E-04)
   2.00000000      -1.00000000      -1.00000000     (  1.92085281E-04, -1.13621354E-03) (  8.14907253E-04, -3.87430191E-03) ( -4.30736691E-04,  1.60187483E-03)
