    0.000000        0.000000        1.000000      (2.0861626E-02,1.1511147E-02)
   (-1.0542572E-02,-1.6167760E-02)  (0.000000,0.000000)
    0.000000        0.000000        2.000000      
 (5.5134296E-03,-1.2875535E-03)  (5.7555735E-03,4.7963113E-03)  
 (0.000000,0.000000)
    0.000000        1.000000        0.000000      (2.0023435E-03,6.7427754E-03)
   (0.000000,0.000000)  (3.9674342E-03,-1.6856939E-03)
    0.000000        1.000000        1.000000      (4.7683716E-03,4.5634806E-03)
   (5.5320561E-03,-4.2654574E-03)  (-5.5320561E-03,4.2654574E-03)
    0.000000        1.000000        2.000000      
 (-7.9162419E-03,-2.1513551E-03)  (-3.4552068E-03,-2.2817403E-03)  
 (1.7276034E-03,1.1408702E-03)
    0.000000        2.000000        0.000000      
 (-4.4424087E-03,6.0419552E-04)  (0.000000,0.000000)  
 (1.2427336E-04,2.7474016E-03)
    0.000000        2.000000        1.000000      
 (7.6927245E-03,-2.7753413E-03)  (-6.9616362E-04,-1.4016405E-03)  
 (1.3923272E-03,2.8032809E-03)
    0.000000       -2.000000        0.000000      
 (-4.4424087E-03,-6.0419552E-04)  (0.000000,0.000000)  
 (1.2427336E-04,-2.7474016E-03)
    0.000000       -2.000000        1.000000      
 (-1.1399388E-02,-1.0989606E-02)  (-3.0733645E-03,6.6589564E-04)  
 (-6.1467290E-03,1.3317913E-03)
    0.000000       -1.000000        0.000000      
 (2.0023435E-03,-6.7427754E-03)  (0.000000,0.000000)  
 (3.9674342E-03,1.6856939E-03)
    0.000000       -1.000000        1.000000      
 (7.0035458E-03,-4.7869980E-03)  (-1.4575198E-03,-4.9546361E-03)  
 (-1.4575198E-03,-4.9546361E-03)
    0.000000       -1.000000        2.000000      
 (-1.2814999E-02,4.3655746E-04)  (-3.0267984E-03,-1.2898818E-03)  
 (-1.5133992E-03,-6.4494088E-04)
    1.000000        0.000000        0.000000      (0.000000,0.000000)  
 (-2.6375055E-02,5.3644180E-03)  (1.6167760E-02,1.7955899E-02)
    1.000000        0.000000        1.000000      
 (-2.8777868E-03,-2.7380884E-03)  (-1.7136335E-02,1.3634562E-02)  
 (2.8777868E-03,2.7380884E-03)
    1.000000        0.000000        2.000000      (2.9453076E-04,1.9138679E-03)
   (4.2840838E-03,8.9779496E-03)  (-1.4726538E-04,-9.5693395E-04)
    1.000000        1.000000        0.000000      
 (2.7660280E-03,-1.4528632E-03)  (-2.7660280E-03,1.4528632E-03)  
 (-1.3876706E-03,2.7753413E-03)
    1.000000        1.000000        1.000000      (2.0256266E-03,4.3772161E-03)
   (-3.4458935E-03,-3.6973506E-03)  (1.4249235E-03,-6.7753717E-04)
    1.000000        1.000000        2.000000      
 (-4.1443855E-03,1.9418076E-03)  (2.1886081E-04,-4.3027103E-03)  
 (1.9650906E-03,1.1804514E-03)
    1.000000        2.000000        0.000000      (3.6507845E-03,2.1327287E-03)
   (-1.8253922E-03,-1.0663643E-03)  (3.4365803E-03,7.5250864E-03)
    1.000000        2.000000        1.000000      (2.5238842E-03,2.7474016E-03)
   (-2.2817403E-03,1.0128133E-03)  (2.0395964E-03,-4.7683716E-03)
    1.000000       -2.000000        0.000000      (1.5273690E-03,6.7614019E-03)
   (7.6368451E-04,3.3807009E-03)  (-4.9266964E-03,-7.8929588E-04)
    1.000000       -2.000000        1.000000      
 (-3.2596290E-03,-1.4295802E-03)  (-1.1455268E-03,-1.0710210E-03)  
 (9.6391886E-04,-7.1479008E-04)
    1.000000       -1.000000        0.000000      
 (-6.4726919E-04,4.0046871E-04)  (-6.4726919E-04,4.0046871E-04)  
 (-5.9604645E-03,3.1664968E-03)
    1.000000       -1.000000        1.000000      
 (1.2218952E-02,-3.5669655E-03)  (3.4924597E-03,-1.4435500E-03)  
 (-8.7358057E-03,2.1280721E-03)
    1.000000       -1.000000        2.000000      
 (-4.6007335E-03,-1.5739352E-03)  (-7.8789890E-03,-4.5262277E-03)  
 (-1.6437843E-03,-1.4761463E-03)
    2.000000        0.000000        0.000000      (0.000000,0.000000)  
 (1.0803342E-02,-2.4912879E-03)  (-4.6682544E-04,-1.5337719E-04)
    2.000000        0.000000        1.000000      
 (-2.1001324E-03,5.4202974E-03)  (3.1571835E-03,7.9162419E-03)  
 (4.2002648E-03,-1.0840595E-02)
    2.000000        1.000000        0.000000      
 (-1.9418076E-03,-3.1944364E-03)  (3.8836151E-03,6.3888729E-03)  
 (-7.7113509E-03,6.0722232E-03)
    2.000000        1.000000        1.000000      (2.8591603E-03,3.6414713E-03)
   (-3.2223761E-03,-1.2367964E-02)  (-2.4959445E-03,5.0850213E-03)
    2.000000       -1.000000        0.000000      
 (-4.0419400E-03,-2.9616058E-03)  (-8.0838799E-03,-5.9232116E-03)  
 (5.3318217E-04,3.8836151E-03)
    2.000000       -1.000000        1.000000      
 (-3.8091093E-03,2.5844201E-03)  (-2.6123598E-03,7.8044832E-03)  
 (5.0105155E-03,2.6356429E-03)
