   0.00000000       0.00000000      -2.00000000     (  8.23289156E-03,  2.15135515E-03) ( -1.20699406E-02,  6.37024641E-03) (  0.00000000    ,  0.00000000    )
   0.00000000       0.00000000      -1.00000000     (  5.89061528E-04,  1.08405948E-02) (  2.22772360E-02, -3.53902578E-03) (  0.00000000    ,  0.00000000    )
   0.00000000       1.00000000      -2.00000000     ( -1.76019967E-03,  3.39001417E-03) (  1.61118805E-03, -2.49594450E-03) (  8.05594027E-04, -1.24797225E-03)
   0.00000000       1.00000000      -1.00000000     ( -7.26431608E-03,  1.16974115E-02) ( -5.88595867E-03, -5.62518835E-03) ( -5.88595867E-03, -5.62518835E-03)
   0.00000000       2.00000000      -1.00000000     (  1.07567757E-03, -1.25728548E-03) ( -7.96280801E-04, -2.30502337E-04) ( -1.59256160E-03, -4.61004674E-04)
   0.00000000      -2.00000000      -1.00000000     ( -1.04308128E-03,  4.99188900E-03) ( -1.65309757E-03, -1.68569386E-03) (  3.30619514E-03,  3.37138772E-03)
   0.00000000      -1.00000000      -2.00000000     (  6.07222319E-03,  5.27128577E-03) ( -2.62632966E-03, -2.61701643E-03) (  1.31316483E-03,  1.30850822E-03)
   0.00000000      -1.00000000      -1.00000000     ( -3.11061740E-03,  1.37835741E-03) (  4.07919288E-03,  1.26194209E-03) ( -4.07919288E-03, -1.26194209E-03)
   1.00000000       0.00000000      -2.00000000     ( -2.01165676E-03, -1.29919499E-03) (  7.61356205E-04,  6.96629286E-03) ( -1.00582838E-03, -6.49597496E-04)
   1.00000000       0.00000000      -1.00000000     (  9.46223736E-03, -5.56930900E-03) ( -4.07919288E-03,  2.72691250E-02) (  9.46223736E-03, -5.56930900E-03)
   1.00000000       1.00000000      -2.00000000     (  2.29105353E-03,  3.08267772E-03) ( -6.33299351E-03, -1.64145604E-04) ( -2.02096999E-03,  1.45751983E-03)
   1.00000000       1.00000000      -1.00000000     (  1.73225999E-03,  8.56816769E-03) ( -2.07684934E-03, -5.77419996E-03) ( -3.43425199E-04,  2.78465450E-03)
   1.00000000       2.00000000      -1.00000000     (  2.93366611E-03,  5.96046448E-04) ( -6.49597496E-04, -1.18161552E-04) (  1.63447112E-03,  3.59723344E-04)
   1.00000000      -2.00000000      -1.00000000     (  3.51574272E-04,  7.89295882E-04) ( -1.26310624E-04, -1.58615876E-05) (  6.03031367E-04,  8.21892172E-04)
   1.00000000      -1.00000000      -2.00000000     ( -1.47614628E-03, -5.02914190E-03) ( -1.03842467E-03,  4.15369868E-03) ( -2.17696652E-04, -4.60073352E-03)
   1.00000000      -1.00000000      -1.00000000     ( -1.53668225E-03,  4.98257577E-04) ( -1.79745257E-03, -4.13507223E-03) (  2.57277861E-04,  4.63798642E-03)
   2.00000000       0.00000000      -1.00000000     ( -1.89989805E-03,  2.66300049E-05) ( -2.91503966E-03, -7.35744834E-04) ( -3.79979610E-03,  5.32600097E-05)
   2.00000000       1.00000000      -1.00000000     (  1.11293048E-03,  6.68223947E-04) ( -4.19095159E-03, -2.54251063E-03) ( -1.96509063E-03, -1.21071935E-03)
   2.00000000      -1.00000000      -1.00000000     (  1.13155693E-03, -6.68223947E-04) (  1.97440386E-03,  1.15018338E-03) (  2.82889232E-04, -2.48663127E-03)
