   0.00000000       0.00000000      -2.00000000     (  1.04308128E-03,  2.51457095E-04) ( -9.68575478E-04,  3.07336450E-04) (  0.00000000    ,  0.00000000    )
   0.00000000       0.00000000      -1.00000000     (  8.53091478E-03,  1.21816993E-02) (  3.87430191E-02,  6.57513738E-03) (  0.00000000    ,  0.00000000    )
   0.00000000       1.00000000      -2.00000000     (  2.88709998E-04,  2.98023224E-04) (  4.09781933E-04,  3.95812094E-05) (  2.04890966E-04,  1.97906047E-05)
   0.00000000       1.00000000      -1.00000000     ( -6.94766641E-03,  2.33948231E-02) ( -9.51811671E-03, -4.05125320E-03) ( -9.51811671E-03, -4.05125320E-03)
   0.00000000       2.00000000      -1.00000000     ( -3.81842256E-04, -2.70083547E-04) ( -3.25962901E-04,  3.16649675E-04) ( -6.51925802E-04,  6.33299351E-04)
   0.00000000      -2.00000000      -1.00000000     (  4.00468707E-04,  3.07336450E-04) ( -4.54019755E-05,  8.38190317E-05) (  9.08039510E-05, -1.67638063E-04)
   0.00000000      -1.00000000      -2.00000000     (  4.47034836E-04,  5.40167093E-04) ( -1.62981451E-04, -2.32830644E-04) (  8.14907253E-05,  1.16415322E-04)
   0.00000000      -1.00000000      -1.00000000     (  6.12810254E-03, -4.47034836E-03) (  3.01748514E-03,  1.17346644E-03) ( -3.01748514E-03, -1.17346644E-03)
   1.00000000       0.00000000      -2.00000000     ( -3.91155481E-04, -1.53668225E-04) (  4.28408384E-04,  1.00582838E-03) ( -1.95577741E-04, -7.68341124E-05)
   1.00000000       0.00000000      -1.00000000     (  1.16974115E-02, -5.79282641E-03) ( -7.20843673E-03,  2.25752592E-02) (  1.16974115E-02, -5.79282641E-03)
   1.00000000       1.00000000      -2.00000000     (  2.23517418E-04,  3.81842256E-04) ( -4.74974513E-04, -2.51457095E-04) ( -1.25728548E-04,  6.51925802E-05)
   1.00000000       1.00000000      -1.00000000     ( -7.82310963E-04,  1.60187483E-03) ( -2.23517418E-04, -9.12696123E-04) ( -1.00582838E-03,  6.89178705E-04)
   1.00000000       2.00000000      -1.00000000     (  6.75208867E-05, -1.44354999E-04) ( -1.86264515E-04, -1.62981451E-05) ( -3.07336450E-04, -1.81607902E-04)
   1.00000000      -2.00000000      -1.00000000     ( -7.91624188E-05, -2.70083547E-04) (  1.25728548E-04, -1.16415322E-04) ( -3.35276127E-04, -3.25962901E-05)
   1.00000000      -1.00000000      -2.00000000     (  1.21071935E-04, -4.00468707E-04) ( -2.32830644E-04,  1.07102096E-04) (  1.76951289E-04, -2.51457095E-04)
   1.00000000      -1.00000000      -1.00000000     ( -1.25146471E-05,  2.23517418E-04) ( -1.90921128E-04,  1.21071935E-04) (  1.76951289E-04,  1.02445483E-04)
   2.00000000       0.00000000      -1.00000000     ( -3.25962901E-04,  2.79396772E-05) (  2.09547579E-04, -5.58793545E-04) ( -6.51925802E-04,  5.58793545E-05)
   2.00000000       1.00000000      -1.00000000     (  5.35510480E-05, -1.35041773E-04) ( -4.09781933E-04,  4.19095159E-04) ( -2.98023224E-04,  1.53668225E-04)
   2.00000000      -1.00000000      -1.00000000     (  2.98023224E-04,  4.42378223E-05) (  1.53668225E-04,  2.79396772E-04) (  4.37721610E-04, -1.90921128E-04)
