   0.00000000       0.00000000       1.00000000     (  2.07126141E-02,  1.80676579E-03) (  3.36766243E-02, -2.48104334E-02) (  0.00000000    ,  0.00000000    )
   0.00000000       0.00000000       2.00000000     (  3.25962901E-04, -1.04308128E-03) ( -8.19563866E-04, -1.72294676E-04) (  0.00000000    ,  0.00000000    )
   0.00000000       1.00000000       0.00000000     ( -1.53854489E-02, -1.07800588E-03) (  0.00000000    ,  0.00000000    ) (  5.60656190E-03,  1.54599547E-02)
   0.00000000       1.00000000       1.00000000     (  7.84173608E-03,  9.57399607E-03) ( -2.75671482E-03, -4.86150384E-03) (  2.75671482E-03,  4.86150384E-03)
   0.00000000       1.00000000       2.00000000     ( -5.40167093E-04, -2.60770321E-04) ( -4.09781933E-04,  1.53668225E-04) (  2.04890966E-04, -7.68341124E-05)
   0.00000000       2.00000000       0.00000000     (  3.25962901E-04,  1.06170774E-03) (  0.00000000    ,  0.00000000    ) ( -1.19209290E-03,  1.06170774E-03)
   0.00000000       2.00000000       1.00000000     (  6.70552254E-04, -2.09547579E-04) ( -3.16649675E-04,  1.53668225E-04) (  6.33299351E-04, -3.07336450E-04)
   0.00000000      -2.00000000       0.00000000     (  3.25962901E-04, -1.06170774E-03) (  0.00000000    ,  0.00000000    ) ( -1.19209290E-03, -1.06170774E-03)
   0.00000000      -2.00000000       1.00000000     ( -1.00582838E-03,  4.00177669E-07) ( -2.61934474E-05, -1.49011612E-04) ( -5.23868948E-05, -2.98023224E-04)
   0.00000000      -1.00000000       0.00000000     ( -1.53854489E-02,  1.07800588E-03) (  0.00000000    ,  0.00000000    ) (  5.60656190E-03, -1.54599547E-02)
   0.00000000      -1.00000000       1.00000000     ( -1.40280463E-04, -3.05473804E-02) ( -4.43309546E-03,  3.09199095E-03) ( -4.43309546E-03,  3.09199095E-03)
   0.00000000      -1.00000000       2.00000000     (  3.07336450E-04, -1.30967237E-06) ( -3.35276127E-04, -3.07336450E-04) ( -1.67638063E-04, -1.53668225E-04)
   1.00000000       0.00000000       0.00000000     (  0.00000000    ,  0.00000000    ) ( -1.60560012E-02,  1.68755651E-02) (  2.81631947E-02,  1.59442425E-02)
   1.00000000       0.00000000       1.00000000     ( -3.71364877E-04, -2.75671482E-03) ( -2.88337469E-02, -4.78699803E-03) (  3.71364877E-04,  2.75671482E-03)
   1.00000000       0.00000000       2.00000000     ( -2.37487257E-04,  6.33299351E-04) (  4.47034836E-04,  5.21540642E-04) (  1.18743628E-04, -3.16649675E-04)
   1.00000000       1.00000000       0.00000000     (  1.43423676E-03,  2.26777047E-03) ( -1.43423676E-03, -2.26777047E-03) ( -1.04308128E-02,  1.22189522E-02)
   1.00000000       1.00000000       1.00000000     (  4.93600965E-04, -3.81842256E-04) ( -1.00582838E-03, -5.35510480E-05) (  5.02914190E-04,  4.28408384E-04)
   1.00000000       1.00000000       2.00000000     ( -6.51925802E-04, -1.14087015E-04) (  1.09430403E-04,  2.98023224E-04) (  2.70083547E-04, -9.08039510E-05)
   1.00000000       2.00000000       0.00000000     (  3.07336450E-04,  2.32830644E-05) ( -1.53668225E-04, -1.16415322E-05) (  5.12227416E-04,  4.93600965E-04)
   1.00000000       2.00000000       1.00000000     (  6.89178705E-04,  4.37721610E-04) ( -5.02914190E-04, -1.28056854E-04) (  3.16649675E-04, -1.81607902E-04)
   1.00000000      -2.00000000       0.00000000     ( -4.93600965E-04, -3.07336450E-04) ( -2.46800482E-04, -1.53668225E-04) ( -4.56348062E-04, -6.89178705E-04)
   1.00000000      -2.00000000       1.00000000     ( -3.07336450E-04,  1.86264515E-04) ( -1.21071935E-04,  1.58324838E-04) (  6.28642738E-05,  1.32713467E-04)
   1.00000000      -1.00000000       0.00000000     ( -9.31322575E-04, -1.02072954E-02) ( -9.31322575E-04, -1.02072954E-02) ( -1.22189522E-02,  2.41398811E-02)
   1.00000000      -1.00000000       1.00000000     (  9.12696123E-04,  2.56113708E-04) ( -2.88709998E-04, -1.30385160E-03) ( -1.19209290E-03, -1.52736902E-03)
   1.00000000      -1.00000000       2.00000000     ( -1.02445483E-03,  9.68575478E-04) ( -3.91155481E-04,  4.37721610E-04) (  3.16649675E-04, -2.70083547E-04)
   2.00000000       0.00000000       0.00000000     (  0.00000000    ,  0.00000000    ) (  7.45058060E-04,  1.26659870E-03) ( -3.53902578E-04,  9.31322575E-04)
   2.00000000       0.00000000       1.00000000     (  2.46800482E-04, -4.37721610E-04) (  3.07336450E-04,  6.70552254E-04) ( -4.93600965E-04,  8.75443220E-04)
   2.00000000       1.00000000       0.00000000     ( -5.23868948E-05,  4.65661287E-04) (  1.04773790E-04, -9.31322575E-04) ( -5.96046448E-04,  9.49949026E-04)
   2.00000000       1.00000000       1.00000000     (  2.28174031E-04,  1.53668225E-04) (  7.10133463E-05, -9.87201929E-04) ( -5.30853868E-04,  6.70552254E-04)
   2.00000000      -1.00000000       0.00000000     ( -2.32830644E-04,  3.07336450E-04) ( -4.65661287E-04,  6.14672899E-04) ( -3.53902578E-04,  8.84756446E-05)
   2.00000000      -1.00000000       1.00000000     ( -3.81842256E-04,  8.14907253E-05) ( -1.06170774E-03,  3.95812094E-05) ( -2.98023224E-04, -1.21071935E-04)
