   0.00000000       0.00000000       1.00000000     (  2.03400850E-02,  1.60653144E-03) (  3.35276127E-02, -2.42888927E-02) (  0.00000000    ,  0.00000000    )
   0.00000000       0.00000000       2.00000000     (  4.28408384E-04, -1.32247806E-03) ( -1.02445483E-03, -2.00234354E-04) (  0.00000000    ,  0.00000000    )
   0.00000000       1.00000000       0.00000000     ( -1.50129199E-02, -1.12224370E-03) (  0.00000000    ,  0.00000000    ) (  5.66244125E-03,  1.52736902E-02)
   0.00000000       1.00000000       1.00000000     (  7.80448318E-03,  9.59262252E-03) ( -2.72877514E-03, -4.66592610E-03) (  2.72877514E-03,  4.66592610E-03)
   0.00000000       1.00000000       2.00000000     ( -6.61239028E-04, -3.39932740E-04) ( -5.12227416E-04,  1.81607902E-04) (  2.56113708E-04, -9.08039510E-05)
   0.00000000       2.00000000       0.00000000     (  4.09781933E-04,  1.34110451E-03) (  0.00000000    ,  0.00000000    ) ( -1.52736902E-03,  1.32247806E-03)
   0.00000000       2.00000000       1.00000000     (  8.56816769E-04, -2.84053385E-04) ( -3.91155481E-04,  1.90921128E-04) (  7.82310963E-04, -3.81842256E-04)
   0.00000000      -2.00000000       0.00000000     (  4.09781933E-04, -1.34110451E-03) (  0.00000000    ,  0.00000000    ) ( -1.52736902E-03, -1.32247806E-03)
   0.00000000      -2.00000000       1.00000000     ( -1.22934580E-03, -1.30967237E-05) ( -1.97906047E-05, -2.00234354E-04) ( -3.95812094E-05, -4.00468707E-04)
   0.00000000      -1.00000000       0.00000000     ( -1.50129199E-02,  1.12224370E-03) (  0.00000000    ,  0.00000000    ) (  5.66244125E-03, -1.52736902E-02)
   0.00000000      -1.00000000       1.00000000     ( -3.38768587E-04, -3.03238630E-02) ( -4.51691449E-03,  3.02679837E-03) ( -4.51691449E-03,  3.02679837E-03)
   0.00000000      -1.00000000       2.00000000     (  4.00468707E-04,  2.25554686E-06) ( -4.28408384E-04, -3.81842256E-04) ( -2.14204192E-04, -1.90921128E-04)
   1.00000000       0.00000000       0.00000000     (  0.00000000    ,  0.00000000    ) ( -1.60932541E-02,  1.68383121E-02) (  2.77161598E-02,  1.54972076E-02)
   1.00000000       0.00000000       1.00000000     ( -5.16884029E-04, -2.65426934E-03) ( -2.83122063E-02, -5.04776835E-03) (  5.16884029E-04,  2.65426934E-03)
   1.00000000       0.00000000       2.00000000     ( -3.25962901E-04,  8.00937414E-04) (  5.40167093E-04,  6.51925802E-04) (  1.62981451E-04, -4.00468707E-04)
   1.00000000       1.00000000       0.00000000     (  1.31316483E-03,  2.17463821E-03) ( -1.31316483E-03, -2.17463821E-03) ( -1.03190541E-02,  1.21071935E-02)
   1.00000000       1.00000000       1.00000000     (  6.14672899E-04, -4.56348062E-04) ( -1.26659870E-03, -6.86850399E-05) (  6.51925802E-04,  5.30853868E-04)
   1.00000000       1.00000000       2.00000000     ( -8.38190317E-04, -1.39698386E-04) (  1.42026693E-04,  3.91155481E-04) (  3.49245965E-04, -1.25728548E-04)
   1.00000000       2.00000000       0.00000000     (  4.19095159E-04,  1.00408215E-05) ( -2.09547579E-04, -5.02041075E-06) (  6.05359674E-04,  6.51925802E-04)
   1.00000000       2.00000000       1.00000000     (  8.38190317E-04,  5.58793545E-04) ( -6.23986125E-04, -1.51339918E-04) (  4.09781933E-04, -2.56113708E-04)
   1.00000000      -2.00000000       0.00000000     ( -6.42612576E-04, -3.72529030E-04) ( -3.21306288E-04, -1.86264515E-04) ( -5.86733222E-04, -8.75443220E-04)
   1.00000000      -2.00000000       1.00000000     ( -3.91155481E-04,  2.04890966E-04) ( -1.53668225E-04,  1.79279596E-04) (  8.49831849E-05,  1.53668225E-04)
   1.00000000      -1.00000000       0.00000000     ( -8.96397978E-04, -9.96515155E-03) ( -8.96397978E-04, -9.96515155E-03) ( -1.20326877E-02,  2.42143869E-02)
   1.00000000      -1.00000000       1.00000000     (  1.15483999E-03,  3.30619514E-04) ( -3.58559191E-04, -1.60187483E-03) ( -1.52736902E-03, -1.93715096E-03)
   1.00000000      -1.00000000       2.00000000     ( -1.28522515E-03,  1.21071935E-03) ( -4.93600965E-04,  5.58793545E-04) (  3.91155481E-04, -3.25962901E-04)
   2.00000000       0.00000000       0.00000000     (  0.00000000    ,  0.00000000    ) (  9.31322575E-04,  1.60187483E-03) ( -4.37721610E-04,  1.15483999E-03)
   2.00000000       0.00000000       1.00000000     (  2.98023224E-04, -5.40167093E-04) (  4.00468707E-04,  8.56816769E-04) ( -5.96046448E-04,  1.08033419E-03)
   2.00000000       1.00000000       0.00000000     ( -4.88944352E-05,  5.96046448E-04) (  9.77888703E-05, -1.19209290E-03) ( -7.63684511E-04,  1.21071935E-03)
   2.00000000       1.00000000       1.00000000     (  2.98023224E-04,  1.95577741E-04) (  6.05359674E-05, -1.21071935E-03) ( -6.61239028E-04,  8.38190317E-04)
   2.00000000      -1.00000000       0.00000000     ( -2.93366611E-04,  3.81842256E-04) ( -5.86733222E-04,  7.63684511E-04) ( -4.56348062E-04,  9.54605639E-05)
   2.00000000      -1.00000000       1.00000000     ( -4.74974513E-04,  1.00117177E-04) ( -1.34110451E-03,  3.84170562E-05) ( -3.91155481E-04, -1.60653144E-04)
