   0.00000000       0.00000000      -2.00000000     (  8.41915607E-03,  2.41212547E-03) ( -1.24052167E-02,  6.33299351E-03) (  0.00000000    ,  0.00000000    )
   0.00000000       0.00000000      -1.00000000     (  3.27127054E-04,  1.09151006E-02) (  2.19047070E-02, -4.04193997E-03) (  0.00000000    ,  0.00000000    )
   0.00000000       1.00000000      -2.00000000     ( -1.90921128E-03,  3.31550837E-03) (  1.33179128E-03, -2.78465450E-03) (  6.65895641E-04, -1.39232725E-03)
   0.00000000       1.00000000      -1.00000000     ( -7.48783350E-03,  1.15111470E-02) ( -5.73694706E-03, -5.73694706E-03) ( -5.73694706E-03, -5.73694706E-03)
   0.00000000       2.00000000      -1.00000000     (  1.54599547E-03, -9.82545316E-04) ( -7.35744834E-04, -2.40979716E-04) ( -1.47148967E-03, -4.81959432E-04)
   0.00000000      -2.00000000      -1.00000000     ( -8.56816769E-04,  4.56348062E-03) ( -1.72294676E-03, -1.57393515E-03) (  3.44589353E-03,  3.14787030E-03)
   0.00000000      -1.00000000      -2.00000000     (  6.12810254E-03,  5.12227416E-03) ( -2.98023224E-03, -2.48663127E-03) (  1.49011612E-03,  1.24331564E-03)
   0.00000000      -1.00000000      -1.00000000     ( -3.78116965E-03,  1.71363354E-03) (  4.07919288E-03,  1.26194209E-03) ( -4.07919288E-03, -1.26194209E-03)
   1.00000000       0.00000000      -2.00000000     ( -2.01165676E-03, -1.35507435E-03) (  5.07570803E-04,  6.85453415E-03) ( -1.00582838E-03, -6.77537173E-04)
   1.00000000       0.00000000      -1.00000000     (  9.57399607E-03, -5.62518835E-03) ( -3.96743417E-03,  2.78651714E-02) (  9.57399607E-03, -5.62518835E-03)
   1.00000000       1.00000000      -2.00000000     (  2.09547579E-03,  2.97091901E-03) ( -5.90458512E-03, -3.53902578E-04) ( -1.90921128E-03,  1.30850822E-03)
   1.00000000       1.00000000      -1.00000000     (  2.16998160E-03,  8.12113285E-03) ( -1.78813934E-03, -5.49480319E-03) (  3.79513949E-04,  2.62632966E-03)
   1.00000000       2.00000000      -1.00000000     (  2.85916030E-03,  9.35979187E-04) ( -4.42378223E-04, -2.02999217E-05) (  1.97440386E-03,  8.94069672E-04)
   1.00000000      -2.00000000      -1.00000000     (  5.09899110E-04,  1.37370080E-03) ( -6.81029633E-05,  1.66473910E-04) (  6.42612576E-04,  1.04308128E-03)
   1.00000000      -1.00000000      -2.00000000     ( -1.42026693E-03, -5.32716513E-03) ( -1.01979822E-03,  4.07919288E-03) ( -2.00234354E-04, -4.69386578E-03)
   1.00000000      -1.00000000      -1.00000000     ( -1.82539225E-03,  4.93600965E-04) ( -2.03028321E-03, -4.48897481E-03) (  2.07219273E-04,  4.97326255E-03)
   2.00000000       0.00000000      -1.00000000     ( -1.85333192E-03, -5.99538907E-05) ( -3.46451998E-03, -4.95929271E-04) ( -3.70666385E-03, -1.19907781E-04)
   2.00000000       1.00000000      -1.00000000     (  1.37370080E-03,  9.87201929E-04) ( -4.17232513E-03, -2.81259418E-03) ( -1.42492354E-03, -8.38190317E-04)
   2.00000000      -1.00000000      -1.00000000     (  9.35979187E-04, -7.59027898E-04) (  1.89058483E-03,  9.12696123E-04) ( -1.42608769E-05, -2.43075192E-03)
