   0.00000000       0.00000000       1.00000000     (  5.89061528E-04, -1.08405948E-02) (  2.22772360E-02,  3.53902578E-03) (  0.00000000    ,  0.00000000    )
   0.00000000       0.00000000       2.00000000     (  8.23289156E-03, -2.15135515E-03) ( -1.20699406E-02, -6.37024641E-03) (  0.00000000    ,  0.00000000    )
   0.00000000       1.00000000       0.00000000     (  5.34579158E-03, -2.20723450E-03) (  0.00000000    ,  0.00000000    ) (  1.40815973E-02, -3.93018126E-03)
   0.00000000       1.00000000       1.00000000     ( -3.11061740E-03, -1.37835741E-03) (  4.07919288E-03, -1.26194209E-03) ( -4.07919288E-03,  1.26194209E-03)
   0.00000000       1.00000000       2.00000000     (  6.07222319E-03, -5.27128577E-03) ( -2.62632966E-03,  2.61701643E-03) (  1.31316483E-03, -1.30850822E-03)
   0.00000000       2.00000000       0.00000000     ( -1.76951289E-04,  7.41332769E-03) (  0.00000000    ,  0.00000000    ) ( -1.15949661E-03,  2.19792128E-03)
   0.00000000       2.00000000       1.00000000     ( -1.04308128E-03, -4.99188900E-03) ( -1.65309757E-03,  1.68569386E-03) (  3.30619514E-03, -3.37138772E-03)
   0.00000000      -2.00000000       0.00000000     ( -1.76951289E-04, -7.41332769E-03) (  0.00000000    ,  0.00000000    ) ( -1.15949661E-03, -2.19792128E-03)
   0.00000000      -2.00000000       1.00000000     (  1.07567757E-03,  1.25728548E-03) ( -7.96280801E-04,  2.30502337E-04) ( -1.59256160E-03,  4.61004674E-04)
   0.00000000      -1.00000000       0.00000000     (  5.34579158E-03,  2.20723450E-03) (  0.00000000    ,  0.00000000    ) (  1.40815973E-02,  3.93018126E-03)
   0.00000000      -1.00000000       1.00000000     ( -7.26431608E-03, -1.16974115E-02) ( -5.88595867E-03,  5.62518835E-03) ( -5.88595867E-03,  5.62518835E-03)
   0.00000000      -1.00000000       2.00000000     ( -1.76019967E-03, -3.39001417E-03) (  1.61118805E-03,  2.49594450E-03) (  8.05594027E-04,  1.24797225E-03)
   1.00000000       0.00000000       0.00000000     (  0.00000000    ,  0.00000000    ) ( -2.46614218E-02,  7.93486834E-03) (  1.46031380E-02, -4.37721610E-03)
   1.00000000       0.00000000       1.00000000     ( -1.52271241E-03, -1.79745257E-03) (  5.68106771E-04, -8.34465027E-03) (  1.52271241E-03,  1.79745257E-03)
   1.00000000       0.00000000       2.00000000     ( -4.30271029E-03, -1.76019967E-03) ( -7.66012818E-04,  2.59838998E-03) (  2.15135515E-03,  8.80099833E-04)
   1.00000000       1.00000000       0.00000000     (  1.47148967E-03,  8.94069672E-04) ( -1.47148967E-03, -8.94069672E-04) (  6.03497028E-03,  1.20699406E-02)
   1.00000000       1.00000000       1.00000000     ( -3.25031579E-03, -7.00820237E-04) (  9.96515155E-04,  4.30271029E-03) (  2.25380063E-03, -3.61353159E-03)
   1.00000000       1.00000000       2.00000000     ( -2.53319740E-03,  1.12224370E-03) (  3.01748514E-03,  1.66706741E-03) ( -2.43308023E-04, -1.39698386E-03)
   1.00000000       2.00000000       0.00000000     (  1.41444616E-04,  1.73225999E-03) ( -7.07223080E-05, -8.66129994E-04) ( -2.73808837E-03, -1.68220140E-04)
   1.00000000       2.00000000       1.00000000     (  3.31550837E-03,  7.91624188E-04) ( -1.19209290E-03, -3.57395038E-04) ( -9.31322575E-04, -7.68341124E-05)
   1.00000000      -2.00000000       0.00000000     (  5.26779331E-05,  5.30853868E-04) (  2.63389666E-05,  2.65426934E-04) ( -2.41212547E-03,  3.22237611E-03)
   1.00000000      -2.00000000       1.00000000     ( -1.20140612E-03,  1.39116310E-04) (  6.93835318E-04,  1.28056854E-04) (  2.58907676E-03,  1.16997398E-04)
   1.00000000      -1.00000000       0.00000000     (  4.69386578E-03,  1.01979822E-03) (  4.69386578E-03,  1.01979822E-03) ( -3.44589353E-03,  7.07805157E-03)
   1.00000000      -1.00000000       1.00000000     (  1.01979822E-03,  4.22820449E-03) ( -7.19446689E-04, -4.88013029E-03) ( -1.74157321E-03, -9.08970833E-03)
   1.00000000      -1.00000000       2.00000000     ( -5.64381480E-03, -1.60653144E-03) (  1.94646418E-03,  9.08039510E-04) (  3.79979610E-03,  1.25728548E-03)
   2.00000000       0.00000000       0.00000000     (  0.00000000    ,  0.00000000    ) ( -2.42143869E-03,  4.17232513E-03) (  8.09086487E-05, -2.82190740E-03)
   2.00000000       0.00000000       1.00000000     ( -1.13155693E-03,  1.13155693E-03) ( -2.75671482E-03, -3.59490514E-03) (  2.26311386E-03, -2.26311386E-03)
   2.00000000       1.00000000       0.00000000     ( -9.59262252E-04, -1.35973096E-03) (  1.91852450E-03,  2.71946192E-03) (  5.82076609E-04,  3.46451998E-03)
   2.00000000       1.00000000       1.00000000     ( -7.00820237E-04,  3.39932740E-04) ( -5.09899110E-04,  1.22468919E-03) (  1.90921128E-03, -1.89989805E-03)
   2.00000000      -1.00000000       0.00000000     ( -2.95229256E-03, -1.34576112E-03) ( -5.90458512E-03, -2.69152224E-03) (  1.67638063E-03,  6.27711415E-03)
   2.00000000      -1.00000000       1.00000000     (  2.14204192E-03, -1.49942935E-03) ( -1.42026693E-03,  5.35510480E-04) ( -5.69969416E-03,  3.53902578E-03)
