   0.00000000       0.00000000       1.00000000     (  1.62422657E-02, -3.94880772E-03) (  3.85940075E-02, -1.76951289E-02) (  0.00000000    ,  0.00000000    )
   0.00000000       0.00000000       2.00000000     (  5.02914190E-04, -6.14672899E-04) ( -6.14672899E-04,  8.14907253E-05) (  0.00000000    ,  0.00000000    )
   0.00000000       1.00000000       0.00000000     ( -8.12113285E-03, -3.14787030E-03) (  0.00000000    ,  0.00000000    ) (  9.61124897E-03,  1.27032399E-02)
   0.00000000       1.00000000       1.00000000     (  8.75443220E-03,  1.04680657E-02) ( -1.30385160E-03, -2.11875886E-03) (  1.30385160E-03,  2.11875886E-03)
   0.00000000       1.00000000       2.00000000     ( -1.21071935E-04, -2.70083547E-04) ( -2.23517418E-04,  1.11758709E-04) (  1.11758709E-04, -5.58793545E-05)
   0.00000000       2.00000000       0.00000000     (  1.49011612E-04,  6.33299351E-04) (  0.00000000    ,  0.00000000    ) ( -8.56816769E-04,  2.98023224E-04)
   0.00000000       2.00000000       1.00000000     (  7.26431608E-04, -2.14204192E-04) ( -2.14204192E-04, -3.14321369E-05) (  4.28408384E-04,  6.28642738E-05)
   0.00000000      -2.00000000       0.00000000     (  1.49011612E-04, -6.33299351E-04) (  0.00000000    ,  0.00000000    ) ( -8.56816769E-04, -2.98023224E-04)
   0.00000000      -2.00000000       1.00000000     ( -2.23517418E-04, -1.16415322E-04) ( -1.97906047E-05, -2.79396772E-04) ( -3.95812094E-05, -5.58793545E-04)
   0.00000000      -1.00000000       0.00000000     ( -8.12113285E-03,  3.14787030E-03) (  0.00000000    ,  0.00000000    ) (  9.61124897E-03, -1.27032399E-02)
   0.00000000      -1.00000000       1.00000000     ( -4.21889126E-03, -3.04728746E-02) ( -7.50645995E-03,  2.17463821E-03) ( -7.50645995E-03,  2.17463821E-03)
   0.00000000      -1.00000000       2.00000000     (  4.09781933E-04, -1.74622983E-05) ( -8.44011083E-06, -2.23517418E-04) ( -4.22005542E-06, -1.11758709E-04)
   1.00000000       0.00000000       0.00000000     (  0.00000000    ,  0.00000000    ) ( -2.33203173E-02,  2.01165676E-02) (  2.22027302E-02,  7.76723027E-03)
   1.00000000       0.00000000       1.00000000     ( -3.52971256E-03, -1.36205927E-04) ( -2.21282244E-02, -1.27032399E-02) (  3.52971256E-03,  1.36205927E-04)
   1.00000000       0.00000000       2.00000000     ( -4.84287739E-04,  5.35510480E-05) (  3.16649675E-04,  3.07336450E-04) (  2.42143869E-04, -2.67755240E-05)
   1.00000000       1.00000000       0.00000000     (  1.72876753E-04,  2.95229256E-03) ( -1.72876753E-04, -2.95229256E-03) ( -8.84756446E-03,  1.17719173E-02)
   1.00000000       1.00000000       1.00000000     (  2.04890966E-04,  4.65661287E-05) ( -8.19563866E-04, -4.65661287E-05) (  6.14672899E-04,  9.82254278E-07)
   1.00000000       1.00000000       2.00000000     ( -9.31322575E-04,  7.45058060E-05) (  1.72294676E-04,  4.28408384E-04) (  3.81842256E-04, -2.51457095E-04)
   1.00000000       2.00000000       0.00000000     (  3.91155481E-04, -1.35041773E-04) ( -1.95577741E-04,  6.75208867E-05) ( -2.42143869E-04,  4.47034836E-04)
   1.00000000       2.00000000       1.00000000     (  3.49245965E-05,  1.67638063E-04) ( -2.51457095E-04,  8.38190317E-05) (  4.65661287E-04, -3.35276127E-04)
   1.00000000      -2.00000000       0.00000000     ( -3.81842256E-04,  3.37604433E-05) ( -1.90921128E-04,  1.68802217E-05) ( -3.63215804E-04, -5.77419996E-04)
   1.00000000      -2.00000000       1.00000000     ( -4.09781933E-04, -2.60770321E-04) ( -1.00117177E-04, -1.90921128E-04) (  2.23517418E-04, -1.16415322E-04)
   1.00000000      -1.00000000       0.00000000     ( -2.25263648E-04, -6.51925802E-03) ( -2.25263648E-04, -6.51925802E-03) ( -9.98377800E-03,  3.09199095E-02)
   1.00000000      -1.00000000       1.00000000     (  9.31322575E-04,  3.35276127E-04) ( -8.61473382E-05, -8.19563866E-04) ( -1.00582838E-03, -1.15483999E-03)
   1.00000000      -1.00000000       2.00000000     ( -5.40167093E-04,  3.25962901E-04) ( -4.28408384E-04,  3.72529030E-04) (  6.51925802E-05,  2.50292942E-05)
   2.00000000       0.00000000       0.00000000     (  0.00000000    ,  0.00000000    ) (  3.35276127E-04,  8.56816769E-04) ( -2.32830644E-04,  3.81842256E-04)
   2.00000000       0.00000000       1.00000000     (  4.22005542E-06, -1.00117177E-04) (  2.32830644E-04,  4.28408384E-04) ( -8.44011083E-06,  2.00234354E-04)
   2.00000000       1.00000000       0.00000000     (  1.90921128E-04,  2.60770321E-04) ( -3.81842256E-04, -5.21540642E-04) ( -3.53902578E-04,  6.89178705E-04)
   2.00000000       1.00000000       1.00000000     (  1.67638063E-04, -3.02679837E-05) ( -3.63215804E-04, -1.25728548E-04) (  2.27009878E-05,  1.86264515E-04)
   2.00000000      -1.00000000       0.00000000     ( -1.21071935E-04,  4.54019755E-05) ( -2.42143869E-04,  9.08039510E-05) ( -3.25962901E-04, -9.31322575E-05)
   2.00000000      -1.00000000       1.00000000     ( -1.76951289E-04, -1.49011612E-04) ( -5.58793545E-04, -2.04890966E-04) ( -2.04890966E-04,  9.54605639E-05)
