   0.00000000       0.00000000       1.00000000     (  1.44168735E-02, -8.30739737E-03) (  4.21702862E-02, -1.40070915E-02) (  0.00000000    ,  0.00000000    )
   0.00000000       0.00000000       2.00000000     ( -1.86264515E-04,  1.11758709E-04) (  1.67638063E-04, -4.07453626E-06) (  0.00000000    ,  0.00000000    )
   0.00000000       1.00000000       0.00000000     ( -3.87430191E-03, -4.27477062E-03) (  0.00000000    ,  0.00000000    ) (  1.30012631E-02,  9.79751348E-03)
   0.00000000       1.00000000       1.00000000     (  9.23871994E-03,  8.95932317E-03) (  5.23868948E-04, -1.55530870E-03) ( -5.23868948E-04,  1.55530870E-03)
   0.00000000       1.00000000       2.00000000     ( -3.25962901E-05,  7.45058060E-05) (  6.51925802E-05, -4.19095159E-05) ( -3.25962901E-05,  2.09547579E-05)
   0.00000000       2.00000000       0.00000000     ( -7.45058060E-05, -1.02445483E-04) (  0.00000000    ,  0.00000000    ) (  1.49011612E-04, -2.79396772E-05)
   0.00000000       2.00000000       1.00000000     ( -2.04890966E-04,  3.72529030E-05) (  4.65661287E-05,  3.25962901E-05) ( -9.31322575E-05, -6.51925802E-05)
   0.00000000      -2.00000000       0.00000000     ( -7.45058060E-05,  1.02445483E-04) (  0.00000000    ,  0.00000000    ) (  1.49011612E-04,  2.79396772E-05)
   0.00000000      -2.00000000       1.00000000     (  5.58793545E-05,  2.09547579E-05) (  5.12227416E-05,  9.31322575E-05) (  1.02445483E-04,  1.86264515E-04)
   0.00000000      -1.00000000       0.00000000     ( -3.87430191E-03,  4.27477062E-03) (  0.00000000    ,  0.00000000    ) (  1.30012631E-02, -9.79751348E-03)
   0.00000000      -1.00000000       1.00000000     ( -6.10947609E-03, -2.97278166E-02) ( -9.23871994E-03,  2.98023224E-03) ( -9.23871994E-03,  2.98023224E-03)
   0.00000000      -1.00000000       2.00000000     ( -1.02445483E-04,  2.09547579E-05) ( -3.25962901E-05,  3.72529030E-05) ( -1.62981451E-05,  1.86264515E-05)
   1.00000000       0.00000000       0.00000000     (  0.00000000    ,  0.00000000    ) ( -2.94297934E-02,  2.27242708E-02) (  2.03028321E-02,  3.39932740E-03)
   1.00000000       0.00000000       1.00000000     ( -3.95812094E-03,  6.14672899E-04) ( -1.88127160E-02, -1.69873238E-02) (  3.95812094E-03, -6.14672899E-04)
   1.00000000       0.00000000       2.00000000     (  1.49011612E-04,  4.65661287E-05) ( -9.31322575E-05, -6.51925802E-05) ( -7.45058060E-05, -2.32830644E-05)
   1.00000000       1.00000000       0.00000000     (  1.57859176E-03,  4.56348062E-03) ( -1.57859176E-03, -4.56348062E-03) ( -6.38887286E-03,  1.20326877E-02)
   1.00000000       1.00000000       1.00000000     ( -5.58793545E-05, -6.51925802E-05) (  2.23517418E-04,  8.14907253E-06) ( -1.67638063E-04,  5.58793545E-05)
   1.00000000       1.00000000       2.00000000     (  2.98023224E-04, -3.72529030E-05) ( -8.38190317E-05, -1.30385160E-04) ( -1.02445483E-04,  8.38190317E-05)
   1.00000000       2.00000000       0.00000000     ( -1.86264515E-05, -1.16415322E-05) (  9.31322575E-06,  5.82076609E-06) (  1.02445483E-04, -3.72529030E-05)
   1.00000000       2.00000000       1.00000000     (  2.79396772E-05, -2.32830644E-05) (  6.51925802E-05, -1.86264515E-05) ( -1.49011612E-04,  6.51925802E-05)
   1.00000000      -2.00000000       0.00000000     (  5.12227416E-05, -5.12227416E-05) (  2.56113708E-05, -2.56113708E-05) (  7.45058060E-05,  1.49011612E-04)
   1.00000000      -2.00000000       1.00000000     (  1.30385160E-04,  8.38190317E-05) (  1.86264515E-05,  4.65661287E-05) ( -8.38190317E-05,  1.04773790E-05)
   1.00000000      -1.00000000       0.00000000     (  3.92319635E-04, -5.51342964E-03) (  3.92319635E-04, -5.51342964E-03) ( -9.08970833E-03,  3.42726707E-02)
   1.00000000      -1.00000000       1.00000000     ( -2.98023224E-04, -1.11758709E-04) (  1.01863407E-06,  2.23517418E-04) (  2.98023224E-04,  3.35276127E-04)
   1.00000000      -1.00000000       2.00000000     (  1.30385160E-04, -1.86264515E-05) (  9.31322575E-05, -1.02445483E-04) ( -1.86264515E-05, -4.65661287E-05)
   2.00000000       0.00000000       0.00000000     (  0.00000000    ,  0.00000000    ) ( -7.45058060E-05, -2.04890966E-04) (  8.38190317E-05, -2.79396772E-05)
   2.00000000       0.00000000       1.00000000     (  1.62981451E-05, -3.63797881E-07) ( -2.79396772E-05, -7.45058060E-05) ( -3.25962901E-05,  7.27595761E-07)
   2.00000000       1.00000000       0.00000000     ( -4.65661287E-05, -3.72529030E-05) (  9.31322575E-05,  7.45058060E-05) (  1.62981451E-05, -1.11758709E-04)
   2.00000000       1.00000000       1.00000000     ( -1.62981451E-05,  3.25962901E-05) (  1.02445483E-04, -4.19095159E-05) ( -7.45058060E-05, -2.09547579E-05)
   2.00000000      -1.00000000       0.00000000     (  4.19095159E-05,  1.28056854E-05) (  8.38190317E-05,  2.56113708E-05) (  5.58793545E-05,  2.56113708E-05)
   2.00000000      -1.00000000       1.00000000     (  3.25962901E-05,  8.38190317E-05) (  9.31322575E-05,  7.45058060E-05) (  2.56113708E-05, -9.31322575E-05)
