   0.00000000       0.00000000      -2.00000000     (  6.81728125E-03,  4.88013029E-03) (  6.07687980E-04, -1.50408596E-03) (  0.00000000    ,  0.00000000    )
   0.00000000       0.00000000      -1.00000000     (  2.31713057E-02, -1.13993883E-02) (  1.98371708E-03,  2.42143869E-02) (  0.00000000    ,  0.00000000    )
   0.00000000       1.00000000      -2.00000000     ( -2.27242708E-03,  1.56462193E-03) (  7.66012818E-04, -2.59838998E-03) (  3.83006409E-04, -1.29919499E-03)
   0.00000000       1.00000000      -1.00000000     (  1.14366412E-02,  1.38208270E-02) ( -2.04890966E-03,  2.30967999E-03) ( -2.04890966E-03,  2.30967999E-03)
   0.00000000       2.00000000      -1.00000000     ( -9.83476639E-03,  1.26659870E-03) ( -1.49011612E-03, -1.28988177E-03) ( -2.98023224E-03, -2.57976353E-03)
   0.00000000      -2.00000000      -1.00000000     (  4.82425094E-03, -2.88709998E-03) ( -1.87661499E-03,  2.51457095E-03) (  3.75322998E-03, -5.02914190E-03)
   0.00000000      -1.00000000      -2.00000000     ( -7.72997737E-03,  6.44940883E-04) ( -6.72414899E-03, -5.58793545E-04) (  3.36207449E-03,  2.79396772E-04)
   0.00000000      -1.00000000      -1.00000000     (  3.10130417E-03,  4.28408384E-03) (  6.27711415E-03,  7.58096576E-03) ( -6.27711415E-03, -7.58096576E-03)
   1.00000000       0.00000000      -2.00000000     (  2.09081918E-03,  5.30853868E-03) ( -4.06056643E-03,  8.43778253E-03) (  1.04540959E-03,  2.65426934E-03)
   1.00000000       0.00000000      -1.00000000     (  3.45520675E-03,  4.01632860E-04) (  7.74860382E-03, -9.42964107E-04) (  3.45520675E-03,  4.01632860E-04)
   1.00000000       1.00000000      -2.00000000     ( -4.86150384E-03, -3.57627869E-03) (  5.88595867E-03, -6.91041350E-03) (  5.09899110E-04, -5.25265932E-03)
   1.00000000       1.00000000      -1.00000000     ( -8.21426511E-03, -4.54485416E-03) (  6.25848770E-03, -1.04191713E-04) ( -1.96043402E-03, -4.63798642E-03)
   1.00000000       2.00000000      -1.00000000     ( -5.01051545E-03, -1.47148967E-03) (  5.02914190E-04,  1.44820660E-03) ( -3.99537385E-03,  1.42026693E-03)
   1.00000000      -2.00000000      -1.00000000     (  5.32018021E-04, -3.11061740E-03) (  6.23986125E-04, -3.13855708E-03) ( -7.14790076E-04,  3.16649675E-03)
   1.00000000      -1.00000000      -2.00000000     (  3.88827175E-04,  2.95694917E-04) (  8.91741365E-04, -2.86381692E-04) ( -2.51457095E-04,  2.91038305E-04)
   1.00000000      -1.00000000      -1.00000000     ( -4.11644578E-03,  8.49831849E-04) ( -6.87316060E-03,  8.87084752E-04) (  2.74740160E-03, -3.81260179E-05)
   2.00000000       0.00000000      -1.00000000     ( -2.22586095E-03,  9.94186848E-04) ( -9.23871994E-03,  3.76254320E-03) ( -4.45172191E-03,  1.98837370E-03)
   2.00000000       1.00000000      -1.00000000     (  8.70786607E-04,  2.01631337E-03) (  1.71363354E-03, -5.06639481E-03) (  3.45520675E-03, -1.03842467E-03)
   2.00000000      -1.00000000      -1.00000000     (  7.66012818E-04, -2.15135515E-03) (  2.61701643E-03, -2.13272870E-03) ( -1.08266249E-03, -2.16532499E-03)
