   0.00000000       0.00000000       1.00000000     (  2.17556953E-02,  2.43075192E-03) (  3.38256359E-02, -2.62260437E-02) (  0.00000000    ,  0.00000000    )
   0.00000000       0.00000000       2.00000000     (  3.72529030E-05, -1.30385160E-04) ( -1.11758709E-04, -2.79396772E-05) (  0.00000000    ,  0.00000000    )
   0.00000000       1.00000000       0.00000000     ( -1.63912773E-02, -9.42964107E-04) (  0.00000000    ,  0.00000000    ) (  5.40167093E-03,  1.59069896E-02)
   0.00000000       1.00000000       1.00000000     (  7.93486834E-03,  9.42498446E-03) ( -2.82190740E-03, -5.47617674E-03) (  2.82190740E-03,  5.47617674E-03)
   0.00000000       1.00000000       2.00000000     ( -7.45058060E-05, -2.79396772E-05) ( -5.58793545E-05,  2.32830644E-05) (  2.79396772E-05, -1.16415322E-05)
   0.00000000       2.00000000       0.00000000     (  3.72529030E-05,  1.30385160E-04) (  0.00000000    ,  0.00000000    ) ( -1.49011612E-04,  1.49011612E-04)
   0.00000000       2.00000000       1.00000000     (  7.45058060E-05, -1.86264515E-05) ( -4.65661287E-05,  2.32830644E-05) (  9.31322575E-05, -4.65661287E-05)
   0.00000000      -2.00000000       0.00000000     (  3.72529030E-05, -1.30385160E-04) (  0.00000000    ,  0.00000000    ) ( -1.49011612E-04, -1.49011612E-04)
   0.00000000      -2.00000000       1.00000000     ( -1.30385160E-04,  4.65661287E-06) ( -8.14907253E-06, -1.39698386E-05) ( -1.62981451E-05, -2.79396772E-05)
   0.00000000      -1.00000000       0.00000000     ( -1.63912773E-02,  9.42964107E-04) (  0.00000000    ,  0.00000000    ) (  5.40167093E-03, -1.59069896E-02)
   0.00000000      -1.00000000       1.00000000     (  5.39002940E-04, -3.09944153E-02) ( -4.11644578E-03,  3.25962901E-03) ( -4.11644578E-03,  3.25962901E-03)
   0.00000000      -1.00000000       2.00000000     (  3.25962901E-05, -2.03726813E-06) ( -3.72529030E-05, -3.72529030E-05) ( -1.86264515E-05, -1.86264515E-05)
   1.00000000       0.00000000       0.00000000     (  0.00000000    ,  0.00000000    ) ( -1.57579780E-02,  1.69500709E-02) (  2.95042992E-02,  1.73598528E-02)
   1.00000000       0.00000000       1.00000000     (  1.04191713E-04, -3.06405127E-03) ( -3.02493572E-02, -3.87430191E-03) ( -1.04191713E-04,  3.06405127E-03)
   1.00000000       0.00000000       2.00000000     ( -2.32830644E-05,  9.31322575E-05) (  6.51925802E-05,  6.51925802E-05) (  1.16415322E-05, -4.65661287E-05)
   1.00000000       1.00000000       0.00000000     (  1.83004886E-03,  2.59838998E-03) ( -1.83004886E-03, -2.59838998E-03) ( -1.06543303E-02,  1.24797225E-02)
   1.00000000       1.00000000       1.00000000     (  6.51925802E-05, -5.58793545E-05) ( -1.30385160E-04, -5.82076609E-06) (  5.58793545E-05,  5.58793545E-05)
   1.00000000       1.00000000       2.00000000     ( -7.45058060E-05, -1.62981451E-05) (  1.39698386E-05,  3.25962901E-05) (  3.25962901E-05, -8.14907253E-06)
   1.00000000       2.00000000       0.00000000     (  2.79396772E-05,  9.31322575E-06) ( -1.39698386E-05, -4.65661287E-06) (  7.45058060E-05,  5.58793545E-05)
   1.00000000       2.00000000       1.00000000     (  9.31322575E-05,  5.58793545E-05) ( -6.51925802E-05, -1.86264515E-05) (  3.72529030E-05, -1.62981451E-05)
   1.00000000      -2.00000000       0.00000000     ( -5.58793545E-05, -4.65661287E-05) ( -2.79396772E-05, -2.32830644E-05) ( -5.58793545E-05, -9.31322575E-05)
   1.00000000      -2.00000000       1.00000000     ( -3.72529030E-05,  3.25962901E-05) ( -1.62981451E-05,  2.79396772E-05) (  6.98491931E-06,  2.32830644E-05)
   1.00000000      -1.00000000       0.00000000     ( -1.04075298E-03, -1.09896064E-02) ( -1.04075298E-03, -1.09896064E-02) ( -1.27032399E-02,  2.38418579E-02)
   1.00000000      -1.00000000       1.00000000     (  1.11758709E-04,  3.25962901E-05) ( -3.72529030E-05, -1.49011612E-04) ( -1.49011612E-04, -1.86264515E-04)
   1.00000000      -1.00000000       2.00000000     ( -1.30385160E-04,  1.30385160E-04) ( -4.65661287E-05,  5.58793545E-05) (  4.65661287E-05, -3.72529030E-05)
   2.00000000       0.00000000       0.00000000     (  0.00000000    ,  0.00000000    ) (  9.31322575E-05,  1.49011612E-04) ( -4.65661287E-05,  1.11758709E-04)
   2.00000000       0.00000000       1.00000000     (  3.25962901E-05, -5.58793545E-05) (  3.72529030E-05,  9.31322575E-05) ( -6.51925802E-05,  1.11758709E-04)
   2.00000000       1.00000000       0.00000000     ( -1.16415322E-05,  5.58793545E-05) (  2.32830644E-05, -1.11758709E-04) ( -7.45058060E-05,  1.11758709E-04)
   2.00000000       1.00000000       1.00000000     (  2.79396772E-05,  1.86264515E-05) (  1.86264515E-05, -1.30385160E-04) ( -7.45058060E-05,  9.31322575E-05)
   2.00000000      -1.00000000       0.00000000     ( -2.79396772E-05,  4.65661287E-05) ( -5.58793545E-05,  9.31322575E-05) ( -4.65661287E-05,  1.62981451E-05)
   2.00000000      -1.00000000       1.00000000     ( -4.65661287E-05,  9.31322575E-06) ( -1.30385160E-04,  8.14907253E-06) ( -3.25962901E-05, -1.16415322E-05)
