    0.000000        0.000000       -2.000000      (7.8603625E-03,1.8067658E-03)
   (5.9977174E-03,-4.2561442E-03)  (0.000000,0.000000)
    0.000000        0.000000       -1.000000      
 (2.1755695E-02,-1.1920929E-02)  (-7.1525574E-03,1.7508864E-02)  
 (0.000000,0.000000)
    0.000000        1.000000       -2.000000      
 (-1.3038516E-02,-2.8405339E-03)  (-1.9324943E-03,-3.1013042E-03)  
 (-9.6624717E-04,-1.5506521E-03)
    0.000000        1.000000       -1.000000      (6.4447522E-03,7.3388219E-03)
   (-2.2817403E-03,4.0978193E-03)  (-2.2817403E-03,4.0978193E-03)
    0.000000        2.000000       -1.000000      
 (-1.3038516E-02,1.1101365E-02)  (-4.1350722E-03,-1.1501834E-03)  
 (-8.2701445E-03,-2.3003668E-03)
    0.000000       -2.000000       -1.000000      (1.1306256E-02,3.2689422E-03)
   (-1.1204975E-04,2.2351742E-03)  (2.2409949E-04,-4.4703484E-03)
    0.000000       -1.000000       -2.000000      
 (-8.2887709E-03,2.5704503E-03)  (-6.5192580E-03,6.9965608E-04)  
 (3.2596290E-03,-3.4982804E-04)
    0.000000       -1.000000       -1.000000      
 (4.1164458E-03,-1.2898818E-03)  (6.6682696E-03,5.1036477E-03)  
 (-6.6682696E-03,-5.1036477E-03)
    1.000000        0.000000       -2.000000      (8.4005296E-03,3.3341348E-03)
   (-2.6961789E-03,6.1467290E-03)  (4.2002648E-03,1.6670674E-03)
    1.000000        0.000000       -1.000000      
 (4.0046871E-03,-4.4004992E-04)  (8.3819032E-03,-3.3900142E-03)  
 (4.0046871E-03,-4.4004992E-04)
    1.000000        1.000000       -2.000000      
 (-3.0454248E-03,-1.4994293E-03)  (-1.0849908E-03,-1.3746321E-02)  
 (-2.0628795E-03,-7.6182187E-03)
    1.000000        1.000000       -1.000000      
 (-8.4005296E-03,-3.0361116E-03)  (2.5751069E-03,-1.0454096E-03)  
 (-5.8300793E-03,-4.0885061E-03)
    1.000000        2.000000       -1.000000      
 (-9.8161399E-03,-1.8347055E-03)  (1.9045547E-03,2.8312206E-03)  
 (-6.0163438E-03,3.8277358E-03)
    1.000000       -2.000000       -1.000000      
 (-5.9604645E-04,-5.9604645E-03)  (-1.3457611E-03,-2.7241185E-03)  
 (2.0954758E-03,-5.0873496E-04)
    1.000000       -1.000000       -2.000000      (5.0198287E-03,1.5133992E-03)
   (-4.1723251E-03,2.2863969E-03)  (4.6007335E-03,-3.8533472E-04)
    1.000000       -1.000000       -1.000000      
 (-1.0002404E-02,3.6414713E-03)  (-7.5809658E-03,6.6240318E-04)  
 (-2.4121255E-03,2.9802322E-03)
    2.000000        0.000000       -1.000000      (8.6612999E-04,4.7124922E-03)
   (4.2747706E-03,7.6368451E-03)  (1.7322600E-03,9.4249845E-03)
    2.000000        1.000000       -1.000000      
 (-4.0628947E-04,-1.0617077E-03)  (4.3120235E-03,-6.2771142E-03)  
 (3.4924597E-03,-8.3819032E-03)
    2.000000       -1.000000       -1.000000      
 (-1.8859282E-03,1.7695129E-03)  (4.0046871E-04,5.9977174E-03)  
 (-4.1723251E-03,-2.4540350E-03)
