   0.00000000       0.00000000       1.00000000     (  2.66730785E-02,  1.11386180E-02) (  1.30385160E-02, -3.18139791E-02) (  0.00000000    ,  0.00000000    )
   0.00000000       0.00000000       2.00000000     (  2.30967999E-03, -3.50177288E-03) ( -2.29105353E-03, -7.23957783E-06) (  0.00000000    ,  0.00000000    )
   0.00000000       1.00000000       0.00000000     ( -1.08778477E-02,  7.00354576E-03) (  0.00000000    ,  0.00000000    ) (  2.58907676E-03,  3.76254320E-03)
   0.00000000       1.00000000       1.00000000     (  5.55068254E-03, -4.73111868E-03) (  3.02679837E-03, -1.04308128E-02) ( -3.02679837E-03,  1.04308128E-02)
   0.00000000       1.00000000       2.00000000     ( -3.93018126E-03,  1.24797225E-03) ( -1.35973096E-03,  9.95351002E-05) (  6.79865479E-04, -4.97675501E-05)
   0.00000000       2.00000000       0.00000000     ( -2.84984708E-03, -1.71363354E-03) (  0.00000000    ,  0.00000000    ) ( -2.92435288E-03,  8.70786607E-04)
   0.00000000       2.00000000       1.00000000     (  1.34110451E-03,  3.40864062E-03) ( -1.37835741E-03, -7.86967576E-04) (  2.75671482E-03,  1.57393515E-03)
   0.00000000      -2.00000000       0.00000000     ( -2.84984708E-03,  1.71363354E-03) (  0.00000000    ,  0.00000000    ) ( -2.92435288E-03, -8.70786607E-04)
   0.00000000      -2.00000000       1.00000000     ( -6.78002834E-03,  1.83470547E-03) ( -1.23865902E-03,  9.59262252E-04) ( -2.47731805E-03,  1.91852450E-03)
   0.00000000      -1.00000000       0.00000000     ( -1.08778477E-02, -7.00354576E-03) (  0.00000000    ,  0.00000000    ) (  2.58907676E-03, -3.76254320E-03)
   0.00000000      -1.00000000       1.00000000     (  1.59069896E-02, -1.92597508E-02) (  5.65778464E-04, -1.22934580E-03) (  5.65778464E-04, -1.22934580E-03)
   0.00000000      -1.00000000       2.00000000     (  3.25962901E-04, -1.73225999E-03) (  6.05359674E-04, -1.71363354E-03) (  3.02679837E-04, -8.56816769E-04)
   1.00000000       0.00000000       0.00000000     (  0.00000000    ,  0.00000000    ) ( -1.50129199E-02,  8.30739737E-03) (  3.08454037E-02,  2.60770321E-02)
   1.00000000       0.00000000       1.00000000     (  5.06639481E-03, -2.44937837E-03) ( -3.20374966E-02,  1.47148967E-02) ( -5.06639481E-03,  2.44937837E-03)
   1.00000000       0.00000000       2.00000000     (  1.08033419E-03,  2.04890966E-03) (  5.28991222E-03,  2.23517418E-03) ( -5.40167093E-04, -1.02445483E-03)
   1.00000000       1.00000000       0.00000000     (  6.12810254E-03,  5.68106771E-03) ( -6.12810254E-03, -5.68106771E-03) ( -9.57399607E-03,  7.74860382E-03)
   1.00000000       1.00000000       1.00000000     ( -1.57393515E-03, -1.45286322E-03) (  5.05242497E-04,  3.84170562E-04) (  1.07102096E-03,  1.06636435E-03)
   1.00000000       1.00000000       2.00000000     ( -2.16532499E-04, -1.17346644E-03) ( -2.55182385E-03,  1.32713467E-04) (  1.38767064E-03,  5.21540642E-04)
   1.00000000       2.00000000       0.00000000     ( -1.17346644E-03,  3.93018126E-03) (  5.86733222E-04, -1.96509063E-03) ( -6.34463504E-05,  1.12690032E-03)
   1.00000000       2.00000000       1.00000000     (  3.66941094E-03,  7.77654350E-04) ( -3.03611159E-03, -1.34110451E-03) (  2.40281224E-03,  1.90921128E-03)
   1.00000000      -2.00000000       0.00000000     (  2.46800482E-04, -1.93715096E-03) (  1.23400241E-04, -9.68575478E-04) ( -1.09896064E-03,  1.54599547E-03)
   1.00000000      -2.00000000       1.00000000     ( -4.84287739E-04,  2.00234354E-03) ( -8.19563866E-04,  2.18860805E-03) ( -1.15483999E-03,  2.36555934E-03)
   1.00000000      -1.00000000       0.00000000     ( -5.62518835E-03, -1.35228038E-02) ( -5.62518835E-03, -1.35228038E-02) ( -7.91624188E-03,  8.43778253E-03)
   1.00000000      -1.00000000       1.00000000     (  1.23865902E-03,  2.14204192E-03) ( -1.82539225E-03, -3.89991328E-05) ( -3.07336450E-03, -2.17929482E-03)
   1.00000000      -1.00000000       2.00000000     (  1.30385160E-03,  2.06753612E-03) (  2.17929482E-03,  2.10478902E-03) (  4.37721610E-04,  1.44063961E-05)
   2.00000000       0.00000000       0.00000000     (  0.00000000    ,  0.00000000    ) (  4.47034836E-03, -6.28642738E-04) ( -2.84984708E-03, -6.37373887E-05)
   2.00000000       0.00000000       1.00000000     ( -5.07570803E-04, -1.52736902E-03) (  6.10016286E-04,  3.42726707E-03) (  1.01514161E-03,  3.05473804E-03)
   2.00000000       1.00000000       0.00000000     ( -1.74157321E-03,  1.01281330E-04) (  3.48314643E-03, -2.02562660E-04) (  1.06520019E-04, -4.95463610E-03)
   2.00000000       1.00000000       1.00000000     ( -1.53668225E-04,  1.33179128E-03) ( -4.97675501E-05, -2.81259418E-03) (  3.56230885E-04,  1.49011612E-04)
   2.00000000      -1.00000000       0.00000000     (  7.31088221E-04,  1.29453838E-03) (  1.46217644E-03,  2.58907676E-03) ( -1.39698386E-04,  1.36904418E-03)
   2.00000000      -1.00000000       1.00000000     ( -1.92783773E-03,  4.12110239E-04) ( -1.55530870E-03, -4.21423465E-04) (  2.29105353E-03, -1.24797225E-03)
