    0.000000        0.000000        1.000000      (2.3171306E-02,1.2144446E-02)
   (-2.4866313E-03,-2.1383166E-02)  (0.000000,0.000000)
    0.000000        0.000000        2.000000      
 (7.6554716E-03,-3.2130629E-03)  (3.7625432E-03,1.9883737E-03)  
 (0.000000,0.000000)
    0.000000        1.000000        0.000000      
 (-1.1082739E-03,1.1920929E-02)  (0.000000,0.000000)  
 (2.5052577E-03,-3.3900142E-03)
    0.000000        1.000000        1.000000      
 (3.6321580E-03,-2.2165477E-03)  (7.3388219E-03,-6.5751374E-03)  
 (-7.3388219E-03,6.5751374E-03)
    0.000000        1.000000        2.000000      
 (-7.8044832E-03,-1.5599653E-03)  (-8.0652535E-03,3.6321580E-04)  
 (4.0326267E-03,-1.8160790E-04)
    0.000000        2.000000        0.000000      
 (1.3445970E-04,-5.8300793E-03)  (0.000000,0.000000)  
 (-3.6135316E-03,1.1106022E-03)
    0.000000        2.000000        1.000000      
 (8.5495412E-03,-1.2083910E-03)  (-6.4028427E-04,-2.5145710E-03)  
 (1.2805685E-03,5.0291419E-03)
    0.000000       -2.000000        0.000000      (1.3445970E-04,5.8300793E-03)
   (0.000000,0.000000)  (-3.6135316E-03,-1.1106022E-03)
    0.000000       -2.000000        1.000000      
 (-1.0617077E-02,-6.2398612E-03)  (-2.8591603E-03,9.0105459E-04)  
 (-5.7183206E-03,1.8021092E-03)
    0.000000       -1.000000        0.000000      
 (-1.1082739E-03,-1.1920929E-02)  (0.000000,0.000000)  
 (2.5052577E-03,3.3900142E-03)
    0.000000       -1.000000        1.000000      
 (8.5681677E-03,-1.1362135E-02)  (-2.8219074E-03,-3.1664968E-03)  
 (-2.8219074E-03,-3.1664968E-03)
    0.000000       -1.000000        2.000000      
 (-7.2643161E-03,1.8160790E-03)  (-7.5960997E-05,4.8428774E-03)  
 (-3.7980499E-05,2.4214387E-03)
    1.000000        0.000000        0.000000      (0.000000,0.000000)  
 (-2.2947788E-02,5.0291419E-03)  (2.2575259E-02,1.9297004E-02)
    1.000000        0.000000        1.000000      
 (6.6589564E-04,-4.5821071E-03)  (-2.4288893E-02,1.6093254E-02)  
 (-6.6589564E-04,4.5821071E-03)
    1.000000        0.000000        2.000000      (1.1525117E-03,1.7182902E-03)
   (5.0477684E-03,7.6554716E-03)  (-5.7625584E-04,-8.5914508E-04)
    1.000000        1.000000        0.000000      
 (5.0850213E-03,-1.5890691E-04)  (-5.0850213E-03,1.5890691E-04)  
 (-5.7742000E-03,2.3469329E-03)
    1.000000        1.000000        1.000000      
 (-2.7287751E-03,2.0349398E-03)  (1.6437843E-03,-1.1827797E-03)  
 (1.0873191E-03,-8.4983185E-04)
    1.000000        1.000000        2.000000      
 (-2.6915222E-03,-2.1047890E-03)  (-3.5110861E-03,-4.9918890E-03)  
 (3.1013042E-03,3.5483390E-03)
    1.000000        2.000000        0.000000      
 (-1.2316741E-03,4.8242509E-03)  (6.1583705E-04,-2.4121255E-03)  
 (8.3586201E-04,1.0356307E-02)
    1.000000        2.000000        1.000000      (6.2212348E-03,3.5390258E-03)
   (-1.6158447E-03,-1.8486753E-03)  (-2.9895455E-03,1.5599653E-04)
    1.000000       -2.000000        0.000000      
 (-1.0756776E-03,1.6670674E-03)  (-5.3783879E-04,8.3353370E-04)  
 (-4.6938658E-03,-3.3061951E-04)
    1.000000       -2.000000        1.000000      
 (-1.7648563E-03,1.1036173E-03)  (-1.2014061E-03,1.8440187E-03)  
 (-6.3795596E-04,2.5890768E-03)
    1.000000       -1.000000        0.000000      
 (-4.6566129E-03,-1.9278377E-03)  (-4.6566129E-03,-1.9278377E-03)  
 (-4.5076013E-03,4.1536987E-03)
    1.000000       -1.000000        1.000000      (1.0989606E-02,7.7858567E-03)
   (3.5855919E-03,7.4692070E-03)  (-7.3760748E-03,-3.1897798E-04)
    1.000000       -1.000000        2.000000      (2.3376197E-03,5.2526593E-03)
   (2.9336661E-03,-1.3649696E-04)  (2.9802322E-04,-2.6915222E-03)
    2.000000        0.000000        0.000000      (0.000000,0.000000)  
 (1.2964010E-02,-7.1898103E-03)  (-2.5518239E-03,4.7590584E-03)
    2.000000        0.000000        1.000000      
 (-4.8801303E-03,1.2130477E-03)  (4.8521906E-03,1.2256205E-02)  
 (9.7602606E-03,-2.4260953E-03)
    2.000000        1.000000        0.000000      
 (-1.7089769E-03,-1.7054845E-04)  (3.4179538E-03,3.4109689E-04)  
 (-2.8684735E-03,-4.1443855E-03)
    2.000000        1.000000        1.000000      (2.9243529E-03,5.2899122E-03)
   (-5.8673322E-03,-1.0207295E-02)  (2.4519977E-05,-3.9348379E-04)
    2.000000       -1.000000        0.000000      
 (6.4494088E-04,-1.7508864E-03)  (1.2898818E-03,-3.5017729E-03)  
 (1.2456439E-03,3.0919909E-03)
    2.000000       -1.000000        1.000000      
 (-4.9732625E-03,5.3434633E-04)  (-5.2899122E-03,-7.7765435E-04)  
 (4.6472996E-03,-1.8440187E-03)
