   0.00000000       0.00000000      -2.00000000     ( -3.44589353E-04, -2.92435288E-03) (  2.32830644E-03, -1.05239451E-03) (  0.00000000    ,  0.00000000    )
   0.00000000       0.00000000      -1.00000000     (  2.62260437E-02, -5.37373126E-03) (  3.24100256E-02,  3.18139791E-02) (  0.00000000    ,  0.00000000    )
   0.00000000       1.00000000      -2.00000000     (  3.28873284E-05, -4.05125320E-04) (  2.81725079E-04, -9.77888703E-04) (  1.40862539E-04, -4.88944352E-04)
   0.00000000       1.00000000      -1.00000000     (  4.69386578E-03,  3.13669443E-02) ( -2.24914402E-03, -3.29688191E-03) ( -2.24914402E-03, -3.29688191E-03)
   0.00000000       2.00000000      -1.00000000     (  3.87430191E-03,  5.16884029E-04) (  6.37955964E-04,  2.91038305E-04) (  1.27591193E-03,  5.82076609E-04)
   0.00000000      -2.00000000      -1.00000000     ( -1.34110451E-03,  6.19329512E-04) (  1.01514161E-03,  4.42378223E-04) ( -2.03028321E-03, -8.84756446E-04)
   0.00000000      -1.00000000      -2.00000000     (  2.21654773E-03, -1.15251169E-04) (  1.04308128E-03,  6.89178705E-04) ( -5.21540642E-04, -3.44589353E-04)
   0.00000000      -1.00000000      -1.00000000     (  8.38190317E-03, -7.37607479E-03) ( -2.58442014E-03,  8.43778253E-03) (  2.58442014E-03, -8.43778253E-03)
   1.00000000       0.00000000      -2.00000000     (  1.25728548E-03, -8.56816769E-04) (  1.50874257E-03, -1.03376806E-03) (  6.28642738E-04, -4.28408384E-04)
   1.00000000       0.00000000      -1.00000000     (  9.96515155E-03, -4.33996320E-03) ( -1.03004277E-02, -3.05473804E-03) (  9.96515155E-03, -4.33996320E-03)
   1.00000000       1.00000000      -2.00000000     (  1.28522515E-03,  2.91038305E-04) ( -3.25962901E-05,  1.78813934E-03) (  6.23986125E-04,  1.04308128E-03)
   1.00000000       1.00000000      -1.00000000     (  8.84756446E-04, -2.67755240E-04) ( -2.14204192E-03, -1.21071935E-03) ( -1.25728548E-03, -1.48080289E-03)
   1.00000000       2.00000000      -1.00000000     ( -6.63567334E-05, -1.22003257E-03) (  5.16884029E-04,  3.74857336E-04) (  9.68575478E-04, -4.70317900E-04)
   1.00000000      -2.00000000      -1.00000000     ( -1.78813934E-03, -7.49714673E-04) ( -1.17346644E-03, -1.20140612E-03) (  5.44823706E-04,  1.65775418E-03)
   1.00000000      -1.00000000      -2.00000000     ( -8.00937414E-04,  1.29453838E-03) ( -6.98491931E-04, -7.04312697E-05) ( -5.35510480E-05,  6.84522092E-04)
   1.00000000      -1.00000000      -1.00000000     (  7.26431608E-04, -1.67638063E-03) (  2.10478902E-03, -5.44823706E-04) ( -1.37835741E-03, -1.14552677E-03)
   2.00000000       0.00000000      -1.00000000     (  8.38190317E-04,  1.94413587E-04) (  1.36205927E-04, -2.65426934E-04) (  1.67638063E-03,  3.88827175E-04)
   2.00000000       1.00000000      -1.00000000     (  8.84756446E-04,  3.39932740E-04) ( -1.44354999E-03,  7.72997737E-04) (  3.32947820E-04,  1.45286322E-03)
   2.00000000      -1.00000000      -1.00000000     ( -5.82076609E-05, -3.32947820E-04) ( -1.32247806E-03,  1.12690032E-03) (  1.21071935E-03, -1.78813934E-03)
