    0.000000        0.000000        1.000000      (2.2947788E-02,1.2777746E-02)
   (-1.5199184E-02,-1.8477440E-02)  (0.000000,0.000000)
    0.000000        0.000000        2.000000      
 (1.9744039E-03,-1.1525117E-04)  (2.6356429E-03,2.3562461E-03)  
 (0.000000,0.000000)
    0.000000        1.000000        0.000000      (3.9674342E-03,3.1385571E-03)
   (0.000000,0.000000)  (5.4016709E-03,-3.8882717E-04)
    0.000000        1.000000        1.000000      (6.7986548E-03,9.4249845E-03)
   (4.8056245E-03,-4.3213367E-03)  (-4.8056245E-03,4.3213367E-03)
    0.000000        1.000000        2.000000      
 (-4.1350722E-03,-7.4971467E-04)  (-4.0978193E-04,-2.0023435E-03)  
 (2.0489097E-04,1.0011718E-03)
    0.000000        2.000000        0.000000      
 (-2.1886081E-03,1.2526289E-03)  (0.000000,0.000000)  
 (1.2805685E-03,1.5925616E-03)
    0.000000        2.000000        1.000000      
 (1.5925616E-03,-1.4901161E-03)  (-8.4284693E-04,-3.2363459E-04)  
 (1.6856939E-03,6.4726919E-04)
    0.000000       -2.000000        0.000000      
 (-2.1886081E-03,-1.2526289E-03)  (0.000000,0.000000)  
 (1.2805685E-03,-1.5925616E-03)
    0.000000       -2.000000        1.000000      
 (-4.4330955E-03,-5.2899122E-03)  (-8.1490725E-04,-2.5727786E-04)  
 (-1.6298145E-03,-5.1455572E-04)
    0.000000       -1.000000        0.000000      
 (3.9674342E-03,-3.1385571E-03)  (0.000000,0.000000)  
 (5.4016709E-03,3.8882717E-04)
    0.000000       -1.000000        1.000000      
 (1.0281801E-02,-3.9488077E-03)  (-7.8696758E-04,-6.3888729E-03)  
 (-7.8696758E-04,-6.3888729E-03)
    0.000000       -1.000000        2.000000      
 (-6.1839819E-03,-9.6391886E-04)  (-2.0209700E-03,-2.6356429E-03)  
 (-1.0104850E-03,-1.3178214E-03)
    1.000000        0.000000        0.000000      (0.000000,0.000000)  
 (-3.1143427E-02,7.2456896E-03)  (1.6465783E-02,2.1308661E-02)
    1.000000        0.000000        1.000000      
 (-4.5634806E-03,-1.9278377E-03)  (-1.5348196E-02,1.3858080E-02)  
 (4.5634806E-03,1.9278377E-03)
    1.000000        0.000000        2.000000      (2.4156179E-05,1.3597310E-03)
   (2.1886081E-03,3.3527613E-03)  (-1.2078090E-05,-6.7986548E-04)
    1.000000        1.000000        0.000000      
 (1.4109537E-03,-1.1641532E-03)  (-1.4109537E-03,1.1641532E-03)  
 (1.9441359E-04,4.4889748E-03)
    1.000000        1.000000        1.000000      (1.4156103E-03,2.6170164E-03)
   (-2.1234155E-03,-2.8498471E-03)  (7.0780516E-04,2.3283064E-04)
    1.000000        1.000000        2.000000      
 (-2.0861626E-03,1.5646219E-03)  (4.9825758E-04,-1.0151416E-03)  
 (7.9162419E-04,-2.7706847E-04)
    1.000000        2.000000        0.000000      (2.6822090E-03,1.3783574E-03)
   (-1.3411045E-03,-6.8917871E-04)  (8.2887709E-04,2.9802322E-03)
    1.000000        2.000000        1.000000      (1.0291114E-03,1.3504177E-03)
   (-1.3364479E-03,4.3772161E-04)  (1.6391277E-03,-2.2258610E-03)
    1.000000       -2.000000        0.000000      (1.2060627E-03,1.7508864E-03)
   (6.0303137E-04,8.7544322E-04)  (-1.9650906E-03,-4.9476512E-05)
    1.000000       -2.000000        1.000000      
 (-2.1699816E-03,-1.4156103E-03)  (-1.1594966E-03,-1.2060627E-03)  
 (-1.4144462E-04,-1.0058284E-03)
    1.000000       -1.000000        0.000000      
 (1.3550743E-03,-4.7031790E-04)  (1.3550743E-03,-4.7031790E-04)  
 (-7.8976154E-03,2.1327287E-03)
    1.000000       -1.000000        1.000000      
 (5.3457916E-03,-4.2840838E-03)  (1.1920929E-03,-2.4121255E-03)  
 (-4.1536987E-03,1.8719584E-03)
    1.000000       -1.000000        2.000000      
 (-3.1292439E-03,-1.5739352E-03)  (-3.9674342E-03,-2.4493784E-03)  
 (-4.1443855E-04,-4.3772161E-04)
    2.000000        0.000000        0.000000      (0.000000,0.000000)  
 (4.3027103E-03,-7.8580342E-05)  (-7.5437129E-04,-1.0896474E-03)
    2.000000        0.000000        1.000000      
 (-5.0058588E-04,2.7194619E-03)  (1.2014061E-03,3.6507845E-03)  
 (1.0011718E-03,-5.4389238E-03)
    2.000000        1.000000        0.000000      
 (-8.9406967E-04,-1.8998981E-03)  (1.7881393E-03,3.7997961E-03)  
 (-4.0978193E-03,4.7124922E-03)
    2.000000        1.000000        1.000000      (1.3783574E-03,1.3597310E-03)
   (-7.7299774E-04,-5.5879354E-03)  (-1.9837171E-03,2.8498471E-03)
    2.000000       -1.000000        0.000000      
 (-2.9616058E-03,-1.0849908E-03)  (-5.9232116E-03,-2.1699816E-03)  
 (-1.1688098E-03,2.0861626E-03)
    2.000000       -1.000000        1.000000      
 (-1.4062971E-03,7.8231096E-04)  (-2.8288923E-04,3.6694109E-03)  
 (2.5425106E-03,2.0954758E-03)
