   0.00000000       0.00000000      -2.00000000     (  1.92783773E-03,  3.24100256E-03) ( -2.19792128E-03,  1.29221007E-04) (  0.00000000    ,  0.00000000    )
   0.00000000       0.00000000      -1.00000000     (  2.70456076E-02, -1.10641122E-02) (  1.42678618E-02,  3.24845314E-02) (  0.00000000    ,  0.00000000    )
   0.00000000       1.00000000      -2.00000000     (  2.49128789E-04,  1.49011612E-03) (  6.05359674E-04,  1.64844096E-03) (  3.02679837E-04,  8.24220479E-04)
   0.00000000       1.00000000      -1.00000000     (  1.59442425E-02,  1.98557973E-02) (  7.45058060E-04,  1.02678314E-03) (  7.45058060E-04,  1.02678314E-03)
   0.00000000       2.00000000      -1.00000000     ( -6.25848770E-03, -1.69500709E-03) ( -1.17346644E-03, -8.84756446E-04) ( -2.34693289E-03, -1.76951289E-03)
   0.00000000      -2.00000000      -1.00000000     (  1.25728548E-03, -3.09199095E-03) ( -1.22003257E-03,  6.65895641E-04) (  2.44006515E-03, -1.33179128E-03)
   0.00000000      -1.00000000      -2.00000000     ( -3.57627869E-03, -1.22934580E-03) ( -1.12690032E-03, -1.15833245E-04) (  5.63450158E-04,  5.79166226E-05)
   0.00000000      -1.00000000      -1.00000000     (  5.94183803E-03,  4.40515578E-03) (  2.66358256E-03,  1.06543303E-02) ( -2.66358256E-03, -1.06543303E-02)
   1.00000000       0.00000000      -2.00000000     ( -1.23865902E-03,  2.73808837E-03) ( -2.36555934E-03,  3.59490514E-03) ( -6.19329512E-04,  1.36904418E-03)
   1.00000000       0.00000000      -1.00000000     (  5.19677997E-03, -3.77622200E-05) (  2.64262781E-04, -2.73808837E-03) (  5.19677997E-03, -3.77622200E-05)
   1.00000000       1.00000000      -2.00000000     ( -2.90572643E-03,  9.40635800E-04) (  2.38418579E-03, -2.94297934E-03) ( -2.60770321E-04, -9.96515155E-04)
   1.00000000       1.00000000      -1.00000000     ( -3.39001417E-03, -1.23865902E-03) (  2.99885869E-03,  6.42612576E-04) ( -3.95812094E-04, -6.00703061E-04)
   1.00000000       2.00000000      -1.00000000     ( -6.14672899E-04,  9.96515155E-04) ( -4.02797014E-04,  1.23865902E-03) ( -1.41561031E-03,  3.48314643E-03)
   1.00000000      -2.00000000      -1.00000000     (  1.82772055E-04, -4.40049917E-04) (  1.05239451E-03,  3.35276127E-04) ( -1.90921128E-03, -1.10827386E-03)
   1.00000000      -1.00000000      -2.00000000     ( -8.24220479E-04, -1.96509063E-03) ( -4.72646207E-04, -1.42492354E-03) ( -1.76951289E-04, -2.72411853E-04)
   1.00000000      -1.00000000      -1.00000000     ( -1.01514161E-03,  4.21423465E-04) ( -2.25380063E-03,  4.07453626E-04) (  1.22934580E-03,  1.49884727E-05)
   2.00000000       0.00000000      -1.00000000     ( -9.54605639E-04, -5.96046448E-04) ( -2.45869160E-03,  3.77185643E-04) ( -1.90921128E-03, -1.19209290E-03)
   2.00000000       1.00000000      -1.00000000     ( -2.65426934E-04,  8.96397978E-05) (  7.72997737E-04, -9.26665962E-04) (  2.40979716E-04, -7.49714673E-04)
   2.00000000      -1.00000000      -1.00000000     ( -1.47847459E-04, -5.07570803E-04) (  2.67755240E-04, -2.77534127E-03) ( -5.63450158E-04,  1.76019967E-03)
