   0.00000000       0.00000000      -2.00000000     (  3.48314643E-03,  4.22820449E-03) ( -2.43075192E-03, -3.79513949E-04) (  0.00000000    ,  0.00000000    )
   0.00000000       0.00000000      -1.00000000     (  2.55554914E-02, -1.11386180E-02) (  1.01327896E-02,  2.98768282E-02) (  0.00000000    ,  0.00000000    )
   0.00000000       1.00000000      -2.00000000     (  4.35393304E-04,  2.41212547E-03) (  6.03031367E-04,  1.68569386E-03) (  3.01515684E-04,  8.42846930E-04)
   0.00000000       1.00000000      -1.00000000     (  1.53109431E-02,  1.77696347E-02) (  4.36557457E-05,  1.60187483E-03) (  4.36557457E-05,  1.60187483E-03)
   0.00000000       2.00000000      -1.00000000     ( -8.27014446E-03, -2.07684934E-03) ( -1.40629709E-03, -1.18743628E-03) ( -2.81259418E-03, -2.37487257E-03)
   0.00000000      -2.00000000      -1.00000000     (  1.62050128E-03, -4.22820449E-03) ( -1.83470547E-03,  1.14087015E-03) (  3.66941094E-03, -2.28174031E-03)
   0.00000000      -1.00000000      -2.00000000     ( -5.02914190E-03, -1.16880983E-03) ( -2.19792128E-03, -8.32369551E-05) (  1.09896064E-03,  4.16184776E-05)
   0.00000000      -1.00000000      -1.00000000     (  4.65661287E-03,  5.15952706E-03) (  3.78116965E-03,  9.72300768E-03) ( -3.78116965E-03, -9.72300768E-03)
   1.00000000       0.00000000      -2.00000000     ( -9.08039510E-04,  3.93018126E-03) ( -3.46451998E-03,  5.47617674E-03) ( -4.54019755E-04,  1.96509063E-03)
   1.00000000       0.00000000      -1.00000000     (  4.15369868E-03,  2.01398507E-04) (  2.75671482E-03, -2.15135515E-03) (  4.15369868E-03,  2.01398507E-04)
   1.00000000       1.00000000      -2.00000000     ( -4.09781933E-03,  2.58442014E-04) (  4.09781933E-03, -3.87430191E-03) ( -4.45652404E-06, -1.80676579E-03)
   1.00000000       1.00000000      -1.00000000     ( -5.43892384E-03, -2.16066837E-03) (  4.63798642E-03,  6.05359674E-04) ( -7.96280801E-04, -1.55530870E-03)
   1.00000000       2.00000000      -1.00000000     ( -1.57393515E-03,  1.27591193E-03) ( -2.89874151E-04,  1.67638063E-03) ( -2.16066837E-03,  4.63798642E-03)
   1.00000000      -2.00000000      -1.00000000     ( -1.54832378E-04, -9.82545316E-04) (  1.22468919E-03, -2.78232619E-04) ( -2.59838998E-03, -4.26080078E-04)
   1.00000000      -1.00000000      -2.00000000     ( -1.33179128E-03, -2.46800482E-03) ( -6.40284270E-05, -1.98371708E-03) ( -6.33299351E-04, -2.40979716E-04)
   1.00000000      -1.00000000      -1.00000000     ( -1.49011612E-03,  3.77185643E-04) ( -3.39001417E-03,  5.61121851E-04) (  1.90921128E-03, -1.83936208E-04)
   2.00000000       0.00000000      -1.00000000     ( -1.44354999E-03, -7.12461770E-04) ( -4.97326255E-03,  1.05705112E-03) ( -2.88709998E-03, -1.42492354E-03)
   2.00000000       1.00000000      -1.00000000     ( -1.22236088E-04,  6.14672899E-04) (  8.75443220E-04, -1.73225999E-03) (  6.28642738E-04, -5.07570803E-04)
   2.00000000      -1.00000000      -1.00000000     (  1.99070200E-04, -1.15018338E-03) (  8.28877091E-04, -3.89292836E-03) ( -4.30736691E-04,  1.59256160E-03)
