   0.00000000       0.00000000      -2.00000000     (  1.35041773E-03,  2.38418579E-03) ( -2.01165676E-03, -1.50175765E-04) (  0.00000000    ,  0.00000000    )
   0.00000000       0.00000000      -1.00000000     (  1.71363354E-02,  1.51805580E-03) (  3.56137753E-02,  1.97440386E-02) (  0.00000000    ,  0.00000000    )
   0.00000000       1.00000000      -2.00000000     (  1.20140612E-03,  2.21189111E-05) ( -4.70317900E-04,  8.28877091E-04) ( -2.35158950E-04,  4.14438546E-04)
   0.00000000       1.00000000      -1.00000000     ( -2.83122063E-03,  2.99513340E-02) ( -6.27711415E-03, -2.25845724E-03) ( -6.27711415E-03, -2.25845724E-03)
   0.00000000       2.00000000      -1.00000000     ( -1.27591193E-03,  3.14321369E-04) (  1.43190846E-04,  7.63684511E-04) (  2.86381692E-04,  1.52736902E-03)
   0.00000000      -2.00000000      -1.00000000     (  2.17929482E-03,  8.75443220E-04) ( -6.98491931E-04, -1.18743628E-04) (  1.39698386E-03,  2.37487257E-04)
   0.00000000      -1.00000000      -2.00000000     ( -8.19563866E-04,  9.12696123E-04) ( -8.10250640E-04, -2.25845724E-04) (  4.05125320E-04,  1.12922862E-04)
   0.00000000      -1.00000000      -1.00000000     (  8.15838575E-03, -1.03563070E-02) ( -2.08150595E-03,  2.71014869E-03) (  2.08150595E-03, -2.71014869E-03)
   1.00000000       0.00000000      -2.00000000     ( -1.01514161E-03, -1.28056854E-04) ( -8.38190317E-04,  1.27591193E-03) ( -5.07570803E-04, -6.40284270E-05)
   1.00000000       0.00000000      -1.00000000     (  8.88481736E-03, -5.08502126E-03) ( -9.76026058E-03,  2.10013241E-03) (  8.88481736E-03, -5.08502126E-03)
   1.00000000       1.00000000      -2.00000000     ( -7.17118382E-04, -1.72294676E-04) (  8.19563866E-04, -2.14204192E-03) (  5.12227416E-05, -1.15483999E-03)
   1.00000000       1.00000000      -1.00000000     ( -1.99303031E-03,  1.75088644E-03) (  2.25380063E-03,  1.04773790E-04) (  2.53785402E-04,  1.86264515E-03)
   1.00000000       2.00000000      -1.00000000     (  4.74974513E-04, -5.63450158E-04) ( -6.23986125E-04, -2.77068466E-04) ( -7.72997737E-04, -1.11758709E-03)
   1.00000000      -2.00000000      -1.00000000     (  1.41561031E-03,  4.00468707E-04) (  9.77888703E-04,  5.58793545E-04) ( -5.35510480E-04, -7.17118382E-04)
   1.00000000      -1.00000000      -2.00000000     (  8.00937414E-04, -9.31322575E-04) (  9.59262252E-04, -6.65895641E-04) ( -8.14907253E-05, -1.33877620E-04)
   1.00000000      -1.00000000      -1.00000000     (  3.55066732E-05,  1.78813934E-03) ( -1.15483999E-03,  1.06170774E-03) (  1.19209290E-03,  7.35744834E-04)
   2.00000000       0.00000000      -1.00000000     ( -5.26197255E-04, -3.23634595E-04) (  6.75208867E-04, -5.16884029E-04) ( -1.05239451E-03, -6.47269189E-04)
   2.00000000       1.00000000      -1.00000000     (  5.02914190E-04,  3.63215804E-04) ( -5.07570803E-04,  6.33299351E-04) (  4.98257577E-04,  1.35973096E-03)
   2.00000000      -1.00000000      -1.00000000     (  3.95812094E-04,  1.11758709E-04) (  1.09896064E-03, -1.01514161E-03) ( -3.02679837E-04,  1.23865902E-03)
