   0.00000000       0.00000000      -2.00000000     (  8.00937414E-03,  2.83122063E-03) ( -1.17346644E-02,  5.42029738E-03) (  0.00000000    ,  0.00000000    )
   0.00000000       0.00000000      -1.00000000     ( -2.66591087E-04,  1.13248825E-02) (  2.14576721E-02, -5.34579158E-03) (  0.00000000    ,  0.00000000    )
   0.00000000       1.00000000      -2.00000000     ( -1.89058483E-03,  2.72877514E-03) (  5.51808625E-04, -2.98023224E-03) (  2.75904313E-04, -1.49011612E-03)
   0.00000000       1.00000000      -1.00000000     ( -8.23289156E-03,  1.14366412E-02) ( -5.64381480E-03, -6.03497028E-03) ( -5.64381480E-03, -6.03497028E-03)
   0.00000000       2.00000000      -1.00000000     (  2.07684934E-03, -1.75787136E-04) ( -7.07805157E-04, -1.49593689E-04) ( -1.41561031E-03, -2.99187377E-04)
   0.00000000      -2.00000000      -1.00000000     ( -2.39815563E-04,  2.81259418E-03) ( -1.45751983E-03, -1.09896064E-03) (  2.91503966E-03,  2.19792128E-03)
   0.00000000      -1.00000000      -2.00000000     (  5.45755029E-03,  4.09781933E-03) ( -3.40864062E-03, -1.99303031E-03) (  1.70432031E-03,  9.96515155E-04)
   0.00000000      -1.00000000      -1.00000000     ( -5.56930900E-03,  2.64495611E-03) (  4.07919288E-03,  1.27591193E-03) ( -4.07919288E-03, -1.27591193E-03)
   1.00000000       0.00000000      -2.00000000     ( -1.76951289E-03, -1.26194209E-03) ( -7.05767889E-06,  5.84870577E-03) ( -8.84756446E-04, -6.30971044E-04)
   1.00000000       0.00000000      -1.00000000     (  1.01327896E-02, -5.81145287E-03) ( -3.83704901E-03,  2.99513340E-02) (  1.01327896E-02, -5.81145287E-03)
   1.00000000       1.00000000      -2.00000000     (  1.32713467E-03,  2.33761966E-03) ( -4.07919288E-03, -6.91507012E-04) ( -1.37835741E-03,  8.24220479E-04)
   1.00000000       1.00000000      -1.00000000     (  2.69152224E-03,  6.37024641E-03) ( -9.03382897E-04, -4.24683094E-03) (  1.78813934E-03,  2.15135515E-03)
   1.00000000       2.00000000      -1.00000000     (  2.31899321E-03,  1.57393515E-03) ( -2.59024091E-05,  1.09430403E-04) (  2.27242708E-03,  1.78813934E-03)
   1.00000000      -2.00000000      -1.00000000     (  8.00937414E-04,  2.46800482E-03) (  9.05129127E-05,  6.23986125E-04) (  6.19329512E-04,  1.22003257E-03)
   1.00000000      -1.00000000      -2.00000000     ( -9.31322575E-04, -5.45755029E-03) ( -9.26665962E-04,  3.39001417E-03) ( -1.20962795E-06, -4.41446900E-03)
   1.00000000      -1.00000000      -1.00000000     ( -2.29105353E-03,  5.30853868E-04) ( -2.39349902E-03, -4.78699803E-03) (  9.95351002E-05,  5.30853868E-03)
   2.00000000       0.00000000      -1.00000000     ( -1.57393515E-03, -3.02679837E-04) ( -4.35858965E-03,  9.16770659E-05) ( -3.14787030E-03, -6.05359674E-04)
   2.00000000       1.00000000      -1.00000000     (  1.82539225E-03,  1.63912773E-03) ( -3.65078449E-03, -2.99885869E-03) (  4.87489160E-06,  2.85217538E-04)
   2.00000000      -1.00000000      -1.00000000     (  3.58559191E-04, -9.45292413E-04) (  1.21537596E-03,  2.32830644E-04) ( -4.98257577E-04, -2.12341547E-03)
