   0.00000000       0.00000000      -2.00000000     (  7.26431608E-04,  9.68575478E-04) ( -9.12696123E-04, -1.18743628E-04) (  0.00000000    ,  0.00000000    )
   0.00000000       0.00000000      -1.00000000     (  1.64285302E-02,  3.40864062E-03) (  3.79979610E-02,  1.81421638E-02) (  0.00000000    ,  0.00000000    )
   0.00000000       1.00000000      -2.00000000     (  6.05359674E-04,  2.27009878E-05) ( -5.12227416E-05,  3.53902578E-04) ( -2.56113708E-05,  1.76951289E-04)
   0.00000000       1.00000000      -1.00000000     ( -3.93949449E-03,  3.03983688E-02) ( -7.26431608E-03, -2.15135515E-03) ( -7.26431608E-03, -2.15135515E-03)
   0.00000000       2.00000000      -1.00000000     ( -3.81842256E-04,  1.72294676E-04) ( -4.54747351E-07,  4.00468707E-04) ( -9.09494702E-07,  8.00937414E-04)
   0.00000000      -2.00000000      -1.00000000     (  1.08033419E-03,  3.35276127E-04) ( -3.25962901E-04,  2.56113708E-05) (  6.51925802E-04, -5.12227416E-05)
   0.00000000      -1.00000000      -2.00000000     ( -2.23517418E-04,  4.19095159E-04) ( -3.35276127E-04, -1.49011612E-04) (  1.67638063E-04,  7.45058060E-05)
   0.00000000      -1.00000000      -1.00000000     (  8.64267349E-03, -1.05053186E-02) ( -1.49477273E-03,  2.22120434E-03) (  1.49477273E-03, -2.22120434E-03)
   1.00000000       0.00000000      -2.00000000     ( -4.84287739E-04, -1.76951289E-04) ( -2.46800482E-04,  7.07805157E-04) ( -2.42143869E-04, -8.84756446E-05)
   1.00000000       0.00000000      -1.00000000     (  9.35047865E-03, -5.30853868E-03) ( -9.98377800E-03,  4.68455255E-03) (  9.35047865E-03, -5.30853868E-03)
   1.00000000       1.00000000      -2.00000000     ( -2.56113708E-04, -1.41881173E-06) (  2.93366611E-04, -8.75443220E-04) (  1.80443749E-05, -4.37721610E-04)
   1.00000000       1.00000000      -1.00000000     ( -1.08033419E-03,  1.08033419E-03) (  9.12696123E-04, -2.14204192E-04) ( -1.67638063E-04,  8.75443220E-04)
   1.00000000       2.00000000      -1.00000000     (  1.95577741E-04, -5.12227416E-04) ( -2.09547579E-04,  5.70435077E-05) ( -2.28174031E-04, -4.00468707E-04)
   1.00000000      -2.00000000      -1.00000000     (  5.40167093E-04,  1.44354999E-04) (  4.47034836E-04,  2.23517418E-04) ( -3.53902578E-04, -3.02679837E-04)
   1.00000000      -1.00000000      -2.00000000     (  3.63215804E-04, -4.65661287E-04) (  3.07336450E-04, -2.70083547E-04) (  2.50292942E-05, -9.54605639E-05)
   1.00000000      -1.00000000      -1.00000000     (  3.37604433E-05,  7.45058060E-04) ( -4.65661287E-04,  5.21540642E-04) (  5.02914190E-04,  2.32830644E-04)
   2.00000000       0.00000000      -1.00000000     ( -2.79396772E-04, -1.37370080E-04) (  4.37721610E-04, -4.00468707E-04) ( -5.58793545E-04, -2.74740160E-04)
   2.00000000       1.00000000      -1.00000000     (  3.16649675E-04,  1.58324838E-04) ( -3.63215804E-04,  5.21540642E-04) (  2.65426934E-04,  8.38190317E-04)
   2.00000000      -1.00000000      -1.00000000     (  2.14204192E-04,  7.68341124E-05) (  4.00468707E-04, -3.44589353E-04) (  2.91038305E-05,  4.93600965E-04)
