   0.00000000       0.00000000       1.00000000     (  9.40635800E-03, -1.18836761E-02) (  3.96370888E-02, -7.61821866E-03) (  0.00000000    ,  0.00000000    )
   0.00000000       0.00000000       2.00000000     (  8.94069672E-04, -2.42143869E-04) ( -8.19563866E-04, -2.14204192E-04) (  0.00000000    ,  0.00000000    )
   0.00000000       1.00000000       0.00000000     (  6.51925802E-04, -4.46103513E-03) (  0.00000000    ,  0.00000000    ) (  1.56462193E-02,  4.08850610E-03)
   0.00000000       1.00000000       1.00000000     (  6.79865479E-03,  5.04776835E-03) (  2.72877514E-03, -1.18510798E-03) ( -2.72877514E-03,  1.18510798E-03)
   0.00000000       1.00000000       2.00000000     (  3.53902578E-04, -4.28408384E-04) ( -1.62981451E-04,  1.86264515E-04) (  8.14907253E-05, -9.31322575E-05)
   0.00000000       2.00000000       0.00000000     (  5.77419996E-04,  2.23517418E-04) (  0.00000000    ,  0.00000000    ) ( -1.49011612E-04,  1.58324838E-04)
   0.00000000       2.00000000       1.00000000     (  4.19095159E-04, -2.32830644E-04) ( -5.58793545E-05, -9.77888703E-05) (  1.11758709E-04,  1.95577741E-04)
   0.00000000      -2.00000000       0.00000000     (  5.77419996E-04, -2.23517418E-04) (  0.00000000    ,  0.00000000    ) ( -1.49011612E-04, -1.58324838E-04)
   0.00000000      -2.00000000       1.00000000     ( -3.35276127E-04,  1.76951289E-04) ( -2.88709998E-04, -2.98023224E-04) ( -5.77419996E-04, -5.96046448E-04)
   0.00000000      -1.00000000       0.00000000     (  6.51925802E-04,  4.46103513E-03) (  0.00000000    ,  0.00000000    ) (  1.56462193E-02, -4.08850610E-03)
   0.00000000      -1.00000000       1.00000000     ( -6.91041350E-03, -2.43633986E-02) ( -9.62987542E-03,  3.91155481E-03) ( -9.62987542E-03,  3.91155481E-03)
   0.00000000      -1.00000000       2.00000000     (  2.79396772E-04, -2.42143869E-04) (  3.35276127E-04, -5.35510480E-05) (  1.67638063E-04, -2.67755240E-05)
   1.00000000       0.00000000       0.00000000     (  0.00000000    ,  0.00000000    ) ( -3.22610140E-02,  2.10106373E-02) (  1.77696347E-02, -1.58790499E-03)
   1.00000000       0.00000000       1.00000000     ( -3.11993062E-03,  2.91038305E-04) ( -1.22934580E-02, -1.78441405E-02) (  3.11993062E-03, -2.91038305E-04)
   1.00000000       0.00000000       2.00000000     ( -5.77419996E-04, -3.72529030E-04) (  2.88709998E-04,  2.14204192E-04) (  2.88709998E-04,  1.86264515E-04)
   1.00000000       1.00000000       0.00000000     (  3.48314643E-03,  4.50760126E-03) ( -3.48314643E-03, -4.50760126E-03) ( -1.85798854E-03,  1.12503767E-02)
   1.00000000       1.00000000       1.00000000     (  2.42143869E-04,  2.88709998E-04) ( -7.82310963E-04,  1.02445483E-04) (  5.40167093E-04, -3.91155481E-04)
   1.00000000       1.00000000       2.00000000     ( -8.56816769E-04,  1.53668225E-04) (  4.09781933E-04,  5.58793545E-04) (  2.23517418E-04, -3.53902578E-04)
   1.00000000       2.00000000       0.00000000     ( -1.49011612E-04,  3.81842256E-04) (  7.45058060E-05, -1.90921128E-04) ( -2.79396772E-04, -7.91624188E-05)
   1.00000000       2.00000000       1.00000000     (  5.23868948E-05,  2.09547579E-04) ( -2.09547579E-04, -4.77302819E-05) (  3.63215804E-04, -1.16415322E-04)
   1.00000000      -2.00000000       0.00000000     (  9.08039510E-05,  3.53902578E-04) (  4.54019755E-05,  1.76951289E-04) ( -2.60770321E-04, -4.84287739E-04)
   1.00000000      -2.00000000       1.00000000     ( -5.21540642E-04, -6.51925802E-05) ( -1.58324838E-04,  2.61934474E-05) (  2.14204192E-04,  1.16415322E-04)
   1.00000000      -1.00000000       0.00000000     (  1.51805580E-03, -3.93949449E-03) (  1.51805580E-03, -3.93949449E-03) ( -7.71135092E-03,  3.01003456E-02)
   1.00000000      -1.00000000       1.00000000     (  1.04308128E-03,  4.84287739E-04) (  4.19095159E-05, -8.94069672E-04) ( -1.00582838E-03, -1.37835741E-03)
   1.00000000      -1.00000000       2.00000000     ( -4.65661287E-04, -3.25962901E-05) ( -9.31322575E-05,  3.44589353E-04) (  1.86264515E-04,  1.90921128E-04)
   2.00000000       0.00000000       0.00000000     (  0.00000000    ,  0.00000000    ) (  1.53668225E-04,  7.26431608E-04) ( -3.16649675E-04, -1.67638063E-04)
   2.00000000       0.00000000       1.00000000     ( -8.14907253E-05,  3.72529030E-05) ( -1.53668225E-04,  6.05359674E-05) (  1.62981451E-04, -7.45058060E-05)
   2.00000000       1.00000000       0.00000000     (  5.23868948E-05,  3.84170562E-05) ( -1.04773790E-04, -7.68341124E-05) (  1.49011612E-04,  2.00234354E-04)
   2.00000000       1.00000000       1.00000000     ( -3.60887498E-05, -6.75208867E-05) ( -3.16649675E-04,  2.60770321E-04) (  3.91155481E-04, -1.30385160E-04)
   2.00000000      -1.00000000       0.00000000     ( -2.32830644E-04, -1.67638063E-04) ( -4.65661287E-04, -3.35276127E-04) (  1.16415322E-04,  2.79396772E-05)
   2.00000000      -1.00000000       1.00000000     ( -5.00585884E-05, -4.65661287E-04) ( -2.09547579E-04, -2.88709998E-04) ( -1.11758709E-04,  6.51925802E-04)
