    0.000000        0.000000        1.000000      (2.3320317E-02,1.2144446E-02)
   (-2.0209700E-03,-2.1830201E-02)  (0.000000,0.000000)
    0.000000        0.000000        2.000000      
 (7.3574483E-03,-3.3061951E-03)  (3.3620745E-03,1.8253922E-03)  
 (0.000000,0.000000)
    0.000000        1.000000        0.000000      
 (-1.3411045E-03,1.2032688E-02)  (0.000000,0.000000)  
 (2.4214387E-03,-3.3434480E-03)
    0.000000        1.000000        1.000000      
 (3.5762787E-03,-2.5145710E-03)  (7.3388219E-03,-6.7241490E-03)  
 (-7.3388219E-03,6.7241490E-03)
    0.000000        1.000000        2.000000      
 (-7.5809658E-03,-1.4109537E-03)  (-7.7858567E-03,3.9814040E-04)  
 (3.8929284E-03,-1.9907020E-04)
    0.000000        2.000000        0.000000      
 (1.4784746E-04,-5.9045851E-03)  (0.000000,0.000000)  
 (-3.7252903E-03,9.1968104E-04)
    0.000000        2.000000        1.000000      
 (7.9162419E-03,-7.7998266E-04)  (-7.4040145E-04,-2.4773180E-03)  
 (1.4808029E-03,4.9546361E-03)
    0.000000       -2.000000        0.000000      (1.4784746E-04,5.9045851E-03)
   (0.000000,0.000000)  (-3.7252903E-03,-9.1968104E-04)
    0.000000       -2.000000        1.000000      
 (-1.0132790E-02,-5.5134296E-03)  (-2.5890768E-03,8.8475645E-04)  
 (-5.1781535E-03,1.7695129E-03)
    0.000000       -1.000000        0.000000      
 (-1.3411045E-03,-1.2032688E-02)  (0.000000,0.000000)  
 (2.4214387E-03,3.3434480E-03)
    0.000000       -1.000000        1.000000      
 (8.9034438E-03,-1.1734664E-02)  (-2.8125942E-03,-3.0826777E-03)  
 (-2.8125942E-03,-3.0826777E-03)
    0.000000       -1.000000        2.000000      
 (-6.4633787E-03,1.4575198E-03)  (4.5693014E-05,4.6193600E-03)  
 (2.2846507E-05,2.3096800E-03)
    1.000000        0.000000        0.000000      (0.000000,0.000000)  
 (-2.2724271E-02,5.1036477E-03)  (2.3022294E-02,1.9520521E-02)
    1.000000        0.000000        1.000000      
 (8.8475645E-04,-4.6007335E-03)  (-2.4586916E-02,1.6167760E-02)  
 (-8.8475645E-04,4.6007335E-03)
    1.000000        0.000000        2.000000      (1.1175871E-03,1.7695129E-03)
   (4.9173832E-03,7.0594251E-03)  (-5.5879354E-04,-8.8475645E-04)
    1.000000        1.000000        0.000000      (5.1595271E-03,3.5506673E-05)
   (-5.1595271E-03,-3.5506673E-05)  (-5.9977174E-03,2.4493784E-03)
    1.000000        1.000000        1.000000      
 (-2.8125942E-03,1.8114224E-03)  (1.7695129E-03,-1.0477379E-03)  
 (1.0384247E-03,-7.6368451E-04)
    1.000000        1.000000        2.000000      
 (-2.5425106E-03,-2.1699816E-03)  (-3.6321580E-03,-4.7311187E-03)  
 (3.0919909E-03,3.4458935E-03)
    1.000000        2.000000        0.000000      
 (-1.3643876E-03,4.8615038E-03)  (6.8219379E-04,-2.4307519E-03)  
 (5.6461431E-04,1.0058284E-02)
    1.000000        2.000000        1.000000      (6.1839819E-03,3.3155084E-03)
   (-1.6717240E-03,-1.8812716E-03)  (-2.8312206E-03,4.4819899E-04)
    1.000000       -2.000000        0.000000      
 (-9.9185854E-04,1.0337681E-03)  (-4.9592927E-04,5.1688403E-04)  
 (-4.2282045E-03,-1.8742867E-04)
    1.000000       -2.000000        1.000000      
 (-1.8207356E-03,1.0570511E-03)  (-1.3597310E-03,1.7741695E-03)  
 (-8.9639798E-04,2.4866313E-03)
    1.000000       -1.000000        0.000000      
 (-4.8801303E-03,-2.2538006E-03)  (-4.8801303E-03,-2.2538006E-03)  
 (-4.4703484E-03,4.2095780E-03)
    1.000000       -1.000000        1.000000      (1.0207295E-02,7.8231096E-03)
   (3.2223761E-03,7.4505806E-03)  (-6.9849193E-03,-3.6903657E-04)
    1.000000       -1.000000        2.000000      (2.6170164E-03,5.3830445E-03)
   (3.4831464E-03,2.6484486E-04)  (4.3306500E-04,-2.5611371E-03)
    2.000000        0.000000        0.000000      (0.000000,0.000000)  
 (1.2442470E-02,-7.0035458E-03)  (-2.7008355E-03,4.6752393E-03)
    2.000000        0.000000        1.000000      
 (-4.7497451E-03,8.7311491E-04)  (4.5727938E-03,1.1846423E-02)  
 (9.4994903E-03,-1.7462298E-03)
    2.000000        1.000000        0.000000      
 (-1.7089769E-03,1.4915713E-06)  (3.4179538E-03,-2.9922376E-06)  
 (-2.4773180E-03,-4.5634806E-03)
    2.000000        1.000000        1.000000      (2.7567148E-03,5.0850213E-03)
   (-5.6624413E-03,-9.5739961E-03)  (1.4842954E-04,-5.9953891E-04)
    2.000000       -1.000000        0.000000      
 (7.7532604E-04,-1.5273690E-03)  (1.5506521E-03,-3.0547380E-03)  
 (1.0663643E-03,2.8498471E-03)
    2.000000       -1.000000        1.000000      
 (-4.7311187E-03,4.7613867E-04)  (-4.9732625E-03,-1.0430813E-03)  
 (4.4796616E-03,-1.9930303E-03)
