    0.000000        0.000000        1.000000      (2.3692846E-02,1.3187528E-02)
   (-1.6242266E-02,-1.9297004E-02)  (0.000000,0.000000)
    0.000000        0.000000        2.000000      (1.3783574E-03,2.7066562E-05)
   (1.9092113E-03,1.7415732E-03)  (0.000000,0.000000)
    0.000000        1.000000        0.000000      (4.4703484E-03,2.3189932E-03)
   (0.000000,0.000000)  (5.7928264E-03,-1.4260877E-04)
    0.000000        1.000000        1.000000      (7.3388219E-03,1.0579824E-02)
   (4.6752393E-03,-4.4330955E-03)  (-4.6752393E-03,4.4330955E-03)
    0.000000        1.000000        2.000000      
 (-3.0919909E-03,-5.1222742E-04)  (-9.0803951E-05,-1.5553087E-03)  
 (4.5401976E-05,7.7765435E-04)
    0.000000        2.000000        0.000000      
 (-1.5180558E-03,1.0244548E-03)  (0.000000,0.000000)  
 (1.1175871E-03,1.2479722E-03)
    0.000000        2.000000        1.000000      
 (9.2666596E-04,-1.1362135E-03)  (-7.0780516E-04,-1.9907020E-04)  
 (1.4156103E-03,3.9814040E-04)
    0.000000       -2.000000        0.000000      
 (-1.5180558E-03,-1.0244548E-03)  (0.000000,0.000000)  
 (1.1175871E-03,-1.2479722E-03)
    0.000000       -2.000000        1.000000      
 (-3.0733645E-03,-3.8370490E-03)  (-4.8428774E-04,-2.5844201E-04)  
 (-9.6857548E-04,-5.1688403E-04)
    0.000000       -1.000000        0.000000      
 (4.4703484E-03,-2.3189932E-03)  (0.000000,0.000000)  
 (5.7928264E-03,1.4260877E-04)
    0.000000       -1.000000        1.000000      
 (1.1138618E-02,-3.9488077E-03)  (-6.4726919E-04,-6.7055225E-03)  
 (-6.4726919E-04,-6.7055225E-03)
    0.000000       -1.000000        2.000000      
 (-4.5448542E-03,-7.9628080E-04)  (-1.5459955E-03,-2.1606684E-03)  
 (-7.7299774E-04,-1.0803342E-03)
    1.000000        0.000000        0.000000      (0.000000,0.000000)  
 (-3.2335520E-02,7.7486038E-03)  (1.6763806E-02,2.2351742E-02)
    1.000000        0.000000        1.000000      
 (-4.9546361E-03,-1.7741695E-03)  (-1.5161932E-02,1.4118850E-02)  
 (4.9546361E-03,1.7741695E-03)
    1.000000        0.000000        2.000000      (3.1832315E-06,1.0430813E-03)
   (1.6018748E-03,2.3283064E-03)  (-1.5916157E-06,-5.2154064E-04)
    1.000000        1.000000        0.000000      
 (1.1362135E-03,-1.0943040E-03)  (-1.1362135E-03,1.0943040E-03)  
 (4.7031790E-04,4.9546361E-03)
    1.000000        1.000000        1.000000      (1.0523945E-03,2.0116568E-03)
   (-1.5646219E-03,-2.2910535E-03)  (5.0757080E-04,2.7939677E-04)
    1.000000        1.000000        2.000000      
 (-1.5180558E-03,1.2293458E-03)  (4.2840838E-04,-5.8207661E-04)  
 (5.4482371E-04,-3.2363459E-04)
    1.000000        2.000000        0.000000      (2.1234155E-03,1.0430813E-03)
   (-1.0617077E-03,-5.2154064E-04)  (4.9360096E-04,2.0302832E-03)
    1.000000        2.000000        1.000000      (7.5902790E-04,1.0244548E-03)
   (-1.0058284E-03,2.7474016E-04)  (1.2479722E-03,-1.5832484E-03)
    1.000000       -2.000000        0.000000      (9.4529241E-04,1.0523945E-03)
   (4.7264621E-04,5.2619725E-04)  (-1.4156103E-03,7.2759576E-06)
    1.000000       -2.000000        1.000000      
 (-1.6298145E-03,-1.0430813E-03)  (-8.9872628E-04,-9.1735274E-04)  
 (-1.6996637E-04,-8.0093741E-04)
    1.000000       -1.000000        0.000000      
 (1.8067658E-03,-7.1479008E-04)  (1.8067658E-03,-7.1479008E-04)  
 (-8.4191561E-03,1.8021092E-03)
    1.000000       -1.000000        1.000000      
 (3.8929284E-03,-3.4458935E-03)  (8.3819032E-04,-1.9557774E-03)  
 (-3.0547380E-03,1.4808029E-03)
    1.000000       -1.000000        2.000000      
 (-2.3655593E-03,-1.2386590E-03)  (-2.7939677E-03,-1.8253922E-03)  
 (-2.1653250E-04,-2.9103830E-04)
    2.000000        0.000000        0.000000      (0.000000,0.000000)  
 (3.0547380E-03,1.0011718E-04)  (-6.6589564E-04,-9.2666596E-04)
    2.000000        0.000000        1.000000      
 (-3.3760443E-04,1.9930303E-03)  (8.9406967E-04,2.7567148E-03)  
 (6.7520887E-04,-3.9860606E-03)
    2.000000        1.000000        0.000000      
 (-6.2864274E-04,-1.4249235E-03)  (1.2572855E-03,2.8498471E-03)  
 (-3.0547380E-03,3.6694109E-03)
    2.000000        1.000000        1.000000      (1.0430813E-03,9.7323209E-04)
   (-5.0757080E-04,-4.0605664E-03)  (-1.5739352E-03,2.1234155E-03)
    2.000000       -1.000000        0.000000      
 (-2.2910535E-03,-7.3574483E-04)  (-4.5821071E-03,-1.4714897E-03)  
 (-1.0337681E-03,1.6205013E-03)
    2.000000       -1.000000        1.000000      
 (-9.7323209E-04,4.8428774E-04)  (-5.8207661E-05,2.5704503E-03)  
 (1.8905848E-03,1.5925616E-03)
