   0.00000000       0.00000000       1.00000000     (  1.25914812E-02, -1.01514161E-02) (  4.20212746E-02, -1.15111470E-02) (  0.00000000    ,  0.00000000    )
   0.00000000       0.00000000       2.00000000     (  1.49011612E-04, -5.58793545E-05) ( -1.30385160E-04, -9.31322575E-06) (  0.00000000    ,  0.00000000    )
   0.00000000       1.00000000       0.00000000     ( -1.83004886E-03, -4.47966158E-03) (  0.00000000    ,  0.00000000    ) (  1.43051147E-02,  7.54371285E-03)
   0.00000000       1.00000000       1.00000000     (  8.67992640E-03,  7.37607479E-03) (  1.50874257E-03, -1.35041773E-03) ( -1.50874257E-03,  1.35041773E-03)
   0.00000000       1.00000000       2.00000000     (  3.72529030E-05, -5.58793545E-05) ( -3.72529030E-05,  2.79396772E-05) (  1.86264515E-05, -1.39698386E-05)
   0.00000000       2.00000000       0.00000000     (  7.45058060E-05,  4.65661287E-05) (  0.00000000    ,  0.00000000    ) ( -6.51925802E-05,  1.62981451E-05)
   0.00000000       2.00000000       1.00000000     (  1.11758709E-04, -2.79396772E-05) ( -2.32830644E-05, -2.32830644E-05) (  4.65661287E-05,  4.65661287E-05)
   0.00000000      -2.00000000       0.00000000     (  7.45058060E-05, -4.65661287E-05) (  0.00000000    ,  0.00000000    ) ( -6.51925802E-05, -1.62981451E-05)
   0.00000000      -2.00000000       1.00000000     ( -4.65661287E-05, -1.74622983E-06) ( -4.65661287E-05, -5.58793545E-05) ( -9.31322575E-05, -1.11758709E-04)
   0.00000000      -1.00000000       0.00000000     ( -1.83004886E-03,  4.47966158E-03) (  0.00000000    ,  0.00000000    ) (  1.43051147E-02, -7.54371285E-03)
   0.00000000      -1.00000000       1.00000000     ( -6.61239028E-03, -2.78651714E-02) ( -9.66712832E-03,  3.40864062E-03) ( -9.66712832E-03,  3.40864062E-03)
   0.00000000      -1.00000000       2.00000000     (  6.51925802E-05, -2.32830644E-05) (  3.72529030E-05, -1.86264515E-05) (  1.86264515E-05, -9.31322575E-06)
   1.00000000       0.00000000       0.00000000     (  0.00000000    ,  0.00000000    ) ( -3.12924385E-02,  2.27242708E-02) (  1.91479921E-02,  1.14319846E-03)
   1.00000000       0.00000000       1.00000000     ( -3.65078449E-03,  5.96046448E-04) ( -1.63540244E-02, -1.79558992E-02) (  3.65078449E-03, -5.96046448E-04)
   1.00000000       0.00000000       2.00000000     ( -9.31322575E-05, -4.65661287E-05) (  5.58793545E-05,  3.72529030E-05) (  4.65661287E-05,  2.32830644E-05)
   1.00000000       1.00000000       0.00000000     (  2.49594450E-03,  4.86150384E-03) ( -2.49594450E-03, -4.86150384E-03) ( -4.65661287E-03,  1.18091702E-02)
   1.00000000       1.00000000       1.00000000     (  4.65661287E-05,  5.58793545E-05) ( -1.49011612E-04,  1.74622983E-06) (  1.11758709E-04, -5.58793545E-05)
   1.00000000       1.00000000       2.00000000     ( -1.86264515E-04,  2.79396772E-05) (  6.51925802E-05,  9.31322575E-05) (  5.58793545E-05, -6.51925802E-05)
   1.00000000       2.00000000       0.00000000     ( -1.16415322E-05,  3.25962901E-05) (  5.82076609E-06, -1.62981451E-05) ( -6.51925802E-05, -1.16415322E-06)
   1.00000000       2.00000000       1.00000000     ( -1.39698386E-05,  2.32830644E-05) ( -3.72529030E-05,  4.07453626E-06) (  9.31322575E-05, -2.79396772E-05)
   1.00000000      -2.00000000       0.00000000     ( -1.16415322E-05,  4.65661287E-05) ( -5.82076609E-06,  2.32830644E-05) ( -4.65661287E-05, -9.31322575E-05)
   1.00000000      -2.00000000       1.00000000     ( -9.31322575E-05, -3.72529030E-05) ( -1.62981451E-05, -1.62981451E-05) (  5.58793545E-05,  6.98491931E-06)
   1.00000000      -1.00000000       0.00000000     (  8.31205398E-04, -4.99188900E-03) (  8.31205398E-04, -4.99188900E-03) ( -8.54954123E-03,  3.36021185E-02)
   1.00000000      -1.00000000       1.00000000     (  1.86264515E-04,  7.45058060E-05) (  4.65661287E-06, -1.49011612E-04) ( -1.86264515E-04, -2.23517418E-04)
   1.00000000      -1.00000000       2.00000000     ( -7.45058060E-05, -3.63797881E-07) ( -4.65661287E-05,  7.45058060E-05) (  1.86264515E-05,  3.72529030E-05)
   2.00000000       0.00000000       0.00000000     (  0.00000000    ,  0.00000000    ) (  4.65661287E-05,  1.30385160E-04) ( -5.58793545E-05, -4.65661287E-06)
   2.00000000       0.00000000       1.00000000     ( -1.39698386E-05,  4.07453626E-06) (  1.16415322E-06,  3.25962901E-05) (  2.79396772E-05, -8.14907253E-06)
   2.00000000       1.00000000       0.00000000     (  2.32830644E-05,  1.62981451E-05) ( -4.65661287E-05, -3.25962901E-05) (  1.16415322E-05,  5.58793545E-05)
   2.00000000       1.00000000       1.00000000     (  1.45519152E-06, -1.86264515E-05) ( -6.51925802E-05,  3.72529030E-05) (  5.58793545E-05, -8.73114914E-07)
   2.00000000      -1.00000000       0.00000000     ( -3.25962901E-05, -1.62981451E-05) ( -6.51925802E-05, -3.25962901E-05) ( -1.62981451E-05, -1.16415322E-05)
   2.00000000      -1.00000000       1.00000000     ( -1.62981451E-05, -6.51925802E-05) ( -4.65661287E-05, -5.58793545E-05) ( -1.39698386E-05,  9.31322575E-05)
