   0.00000000       0.00000000      -2.00000000     (  6.85453415E-03,  1.45286322E-03) ( -9.72300768E-03,  5.45755029E-03) (  0.00000000    ,  0.00000000    )
   0.00000000       0.00000000      -1.00000000     (  1.35507435E-03,  1.09896064E-02) (  2.40653753E-02, -2.28174031E-03) (  0.00000000    ,  0.00000000    )
   0.00000000       1.00000000      -2.00000000     ( -1.05705112E-03,  3.01748514E-03) (  1.96509063E-03, -1.50874257E-03) (  9.82545316E-04, -7.54371285E-04)
   0.00000000       1.00000000      -1.00000000     ( -7.00354576E-03,  1.26287341E-02) ( -6.42612576E-03, -5.40167093E-03) ( -6.42612576E-03, -5.40167093E-03)
   0.00000000       2.00000000      -1.00000000     ( -2.25845724E-04, -1.61118805E-03) ( -9.59262252E-04, -4.30736691E-05) ( -1.91852450E-03, -8.61473382E-05)
   0.00000000      -2.00000000      -1.00000000     ( -1.10827386E-03,  4.80562449E-03) ( -1.12224370E-03, -1.55530870E-03) (  2.24448740E-03,  3.11061740E-03)
   0.00000000      -1.00000000      -2.00000000     (  5.06639481E-03,  4.76837158E-03) ( -1.56462193E-03, -2.53319740E-03) (  7.82310963E-04,  1.26659870E-03)
   0.00000000      -1.00000000      -1.00000000     ( -1.55065209E-03,  5.91389835E-04) (  4.09781933E-03,  1.25262886E-03) ( -4.09781933E-03, -1.25262886E-03)
   1.00000000       0.00000000      -2.00000000     ( -1.77882612E-03, -9.91858542E-04) (  1.27125531E-03,  6.33299351E-03) ( -8.89413059E-04, -4.95929271E-04)
   1.00000000       0.00000000      -1.00000000     (  9.53674316E-03, -5.55068254E-03) ( -4.47034836E-03,  2.65985727E-02) (  9.53674316E-03, -5.55068254E-03)
   1.00000000       1.00000000      -2.00000000     (  2.30967999E-03,  2.85916030E-03) ( -6.03497028E-03,  2.30502337E-04) ( -1.87195837E-03,  1.54599547E-03)
   1.00000000       1.00000000      -1.00000000     (  4.23751771E-04,  8.38190317E-03) ( -2.35624611E-03, -5.53205609E-03) ( -1.93715096E-03,  2.84053385E-03)
   1.00000000       2.00000000      -1.00000000     (  2.66358256E-03, -1.14669092E-04) ( -1.08499080E-03, -3.20142135E-04) (  4.91272658E-04, -7.54371285E-04)
   1.00000000      -2.00000000      -1.00000000     ( -1.63709046E-05, -4.81959432E-04) ( -1.76369213E-04, -3.18977982E-04) (  3.35276127E-04,  1.54832378E-04)
   1.00000000      -1.00000000      -2.00000000     ( -1.18277967E-03, -3.87430191E-03) ( -1.01979822E-03,  3.70666385E-03) ( -8.29459168E-05, -3.79979610E-03)
   1.00000000      -1.00000000      -1.00000000     ( -7.77654350E-04,  5.26197255E-04) ( -1.13621354E-03, -2.90572643E-03) (  3.56230885E-04,  3.42726707E-03)
   2.00000000       0.00000000      -1.00000000     ( -1.76019967E-03,  1.58324838E-04) ( -1.41095370E-03, -1.23400241E-03) ( -3.52039933E-03,  3.16649675E-04)
   2.00000000       1.00000000      -1.00000000     (  4.77302819E-04, -1.97178451E-05) ( -3.61353159E-03, -1.51805580E-03) ( -2.66358256E-03, -1.55530870E-03)
   2.00000000      -1.00000000      -1.00000000     (  1.33644789E-03, -4.40049917E-04) (  1.67638063E-03,  1.45286322E-03) (  1.00117177E-03, -2.33761966E-03)
