   0.00000000       0.00000000       1.00000000     (  2.05636024E-02,  1.75554305E-03) (  3.36021185E-02, -2.46614218E-02) (  0.00000000    ,  0.00000000    )
   0.00000000       0.00000000       2.00000000     (  3.53902578E-04, -1.11758709E-03) ( -8.75443220E-04, -1.81607902E-04) (  0.00000000    ,  0.00000000    )
   0.00000000       1.00000000       0.00000000     ( -1.52736902E-02, -1.08731911E-03) (  0.00000000    ,  0.00000000    ) (  5.62518835E-03,  1.54227018E-02)
   0.00000000       1.00000000       1.00000000     (  7.82310963E-03,  9.57399607E-03) ( -2.74740160E-03, -4.80562449E-03) (  2.74740160E-03,  4.80562449E-03)
   0.00000000       1.00000000       2.00000000     ( -5.68106771E-04, -2.79396772E-04) ( -4.37721610E-04,  1.62981451E-04) (  2.18860805E-04, -8.14907253E-05)
   0.00000000       2.00000000       0.00000000     (  3.44589353E-04,  1.13621354E-03) (  0.00000000    ,  0.00000000    ) ( -1.26659870E-03,  1.11758709E-03)
   0.00000000       2.00000000       1.00000000     (  7.07805157E-04, -2.28174031E-04) ( -3.35276127E-04,  1.62981451E-04) (  6.70552254E-04, -3.25962901E-04)
   0.00000000      -2.00000000       0.00000000     (  3.44589353E-04, -1.13621354E-03) (  0.00000000    ,  0.00000000    ) ( -1.26659870E-03, -1.11758709E-03)
   0.00000000      -2.00000000       1.00000000     ( -1.06170774E-03, -2.47382559E-06) ( -2.50292942E-05, -1.62981451E-04) ( -5.00585884E-05, -3.25962901E-04)
   0.00000000      -1.00000000       0.00000000     ( -1.52736902E-02,  1.08731911E-03) (  0.00000000    ,  0.00000000    ) (  5.62518835E-03, -1.54227018E-02)
   0.00000000      -1.00000000       1.00000000     ( -1.90339051E-04, -3.04728746E-02) ( -4.45172191E-03,  3.07336450E-03) ( -4.45172191E-03,  3.07336450E-03)
   0.00000000      -1.00000000       2.00000000     (  3.35276127E-04, -4.91127139E-07) ( -3.53902578E-04, -3.25962901E-04) ( -1.76951289E-04, -1.62981451E-04)
   1.00000000       0.00000000       0.00000000     (  0.00000000    ,  0.00000000    ) ( -1.60560012E-02,  1.68755651E-02) (  2.80141830E-02,  1.58324838E-02)
   1.00000000       0.00000000       1.00000000     ( -4.08617780E-04, -2.72877514E-03) ( -2.86102295E-02, -4.84287739E-03) (  4.08617780E-04,  2.72877514E-03)
   1.00000000       0.00000000       2.00000000     ( -2.60770321E-04,  6.70552254E-04) (  4.65661287E-04,  5.58793545E-04) (  1.30385160E-04, -3.35276127E-04)
   1.00000000       1.00000000       0.00000000     (  1.40164047E-03,  2.23983079E-03) ( -1.40164047E-03, -2.23983079E-03) ( -1.03935599E-02,  1.21816993E-02)
   1.00000000       1.00000000       1.00000000     (  5.30853868E-04, -4.00468707E-04) ( -1.06170774E-03, -5.70435077E-05) (  5.40167093E-04,  4.56348062E-04)
   1.00000000       1.00000000       2.00000000     ( -6.89178705E-04, -1.21071935E-04) (  1.16415322E-04,  3.16649675E-04) (  2.88709998E-04, -9.77888703E-05)
   1.00000000       2.00000000       0.00000000     (  3.35276127E-04,  2.09547579E-05) ( -1.67638063E-04, -1.04773790E-05) (  5.40167093E-04,  5.30853868E-04)
   1.00000000       2.00000000       1.00000000     (  7.26431608E-04,  4.65661287E-04) ( -5.30853868E-04, -1.32713467E-04) (  3.44589353E-04, -2.00234354E-04)
   1.00000000      -2.00000000       0.00000000     ( -5.30853868E-04, -3.25962901E-04) ( -2.65426934E-04, -1.62981451E-04) ( -4.93600965E-04, -7.45058060E-04)
   1.00000000      -2.00000000       1.00000000     ( -3.25962901E-04,  1.90921128E-04) ( -1.28056854E-04,  1.62981451E-04) (  6.86850399E-05,  1.39698386E-04)
   1.00000000      -1.00000000       0.00000000     ( -9.22009349E-04, -1.01327896E-02) ( -9.22009349E-04, -1.01327896E-02) ( -1.21444464E-02,  2.41398811E-02)
   1.00000000      -1.00000000       1.00000000     (  9.68575478E-04,  2.74740160E-04) ( -3.07336450E-04, -1.37835741E-03) ( -1.26659870E-03, -1.63912773E-03)
   1.00000000      -1.00000000       2.00000000     ( -1.09896064E-03,  1.04308128E-03) ( -4.19095159E-04,  4.65661287E-04) (  3.35276127E-04, -2.84053385E-04)
   2.00000000       0.00000000       0.00000000     (  0.00000000    ,  0.00000000    ) (  8.00937414E-04,  1.34110451E-03) ( -3.72529030E-04,  9.87201929E-04)
   2.00000000       0.00000000       1.00000000     (  2.60770321E-04, -4.65661287E-04) (  3.35276127E-04,  7.07805157E-04) ( -5.21540642E-04,  9.31322575E-04)
   2.00000000       1.00000000       0.00000000     ( -5.23868948E-05,  5.02914190E-04) (  1.04773790E-04, -1.00582838E-03) ( -6.33299351E-04,  1.00582838E-03)
   2.00000000       1.00000000       1.00000000     (  2.46800482E-04,  1.62981451E-04) (  6.98491931E-05, -1.04308128E-03) ( -5.68106771E-04,  7.07805157E-04)
   2.00000000      -1.00000000       0.00000000     ( -2.46800482E-04,  3.25962901E-04) ( -4.93600965E-04,  6.51925802E-04) ( -3.81842256E-04,  9.08039510E-05)
   2.00000000      -1.00000000       1.00000000     ( -4.00468707E-04,  8.61473382E-05) ( -1.13621354E-03,  3.95812094E-05) ( -3.25962901E-04, -1.30385160E-04)
