   0.00000000       0.00000000       1.00000000     ( -2.74740160E-04, -1.13248825E-02) (  2.13831663E-02,  5.36441803E-03) (  0.00000000    ,  0.00000000    )
   0.00000000       0.00000000       2.00000000     (  7.97212124E-03, -2.82190740E-03) ( -1.16601586E-02, -5.38304448E-03) (  0.00000000    ,  0.00000000    )
   0.00000000       1.00000000       0.00000000     (  6.35161996E-03, -9.91858542E-04) (  0.00000000    ,  0.00000000    ) (  1.43796206E-02, -5.40167093E-03)
   0.00000000       1.00000000       1.00000000     ( -5.58793545E-03, -2.65426934E-03) (  4.07919288E-03, -1.27591193E-03) ( -4.07919288E-03,  1.27591193E-03)
   0.00000000       1.00000000       2.00000000     (  5.42029738E-03, -4.06056643E-03) ( -3.39001417E-03,  1.97440386E-03) (  1.69500709E-03, -9.87201929E-04)
   0.00000000       2.00000000       0.00000000     ( -1.35507435E-03,  6.37024641E-03) (  0.00000000    ,  0.00000000    ) ( -7.96280801E-04,  3.77185643E-04)
   0.00000000       2.00000000       1.00000000     ( -2.29338184E-04, -2.77534127E-03) ( -1.44354999E-03,  1.08964741E-03) (  2.88709998E-03, -2.17929482E-03)
   0.00000000      -2.00000000       0.00000000     ( -1.35507435E-03, -6.37024641E-03) (  0.00000000    ,  0.00000000    ) ( -7.96280801E-04, -3.77185643E-04)
   0.00000000      -2.00000000       1.00000000     (  2.06753612E-03,  1.64145604E-04) ( -7.05476850E-04,  1.47265382E-04) ( -1.41095370E-03,  2.94530764E-04)
   0.00000000      -1.00000000       0.00000000     (  6.35161996E-03,  9.91858542E-04) (  0.00000000    ,  0.00000000    ) (  1.43796206E-02,  5.40167093E-03)
   0.00000000      -1.00000000       1.00000000     ( -8.23289156E-03, -1.14366412E-02) ( -5.62518835E-03,  6.03497028E-03) ( -5.62518835E-03,  6.03497028E-03)
   0.00000000      -1.00000000       2.00000000     ( -1.88127160E-03, -2.71014869E-03) (  5.37838787E-04,  2.97091901E-03) (  2.68919393E-04,  1.48545951E-03)
   1.00000000       0.00000000       0.00000000     (  0.00000000    ,  0.00000000    ) ( -2.57790089E-02,  6.63101673E-03) (  1.62422657E-02, -4.76837158E-03)
   1.00000000       0.00000000       1.00000000     ( -1.55530870E-03, -2.20723450E-03) (  2.71014869E-03, -7.00354576E-03) (  1.55530870E-03,  2.20723450E-03)
   1.00000000       0.00000000       2.00000000     ( -3.78116965E-03, -1.46683306E-03) ( -1.13621354E-03,  3.20374966E-03) (  1.89058483E-03,  7.33416528E-04)
   1.00000000       1.00000000       0.00000000     (  7.45058060E-04,  2.66591087E-04) ( -7.45058060E-04, -2.66591087E-04) (  6.74277544E-03,  1.37090683E-02)
   1.00000000       1.00000000       1.00000000     ( -4.33996320E-03, -8.33533704E-04) (  2.07684934E-03,  3.83704901E-03) (  2.26311386E-03, -2.99885869E-03)
   1.00000000       1.00000000       2.00000000     ( -9.26665962E-04,  1.15949661E-03) (  2.51457095E-03,  1.21537596E-03) ( -7.91624188E-04, -1.18743628E-03)
   1.00000000       2.00000000       0.00000000     ( -5.35510480E-04,  3.16649675E-04) (  2.67755240E-04, -1.58324838E-04) ( -1.37835741E-03, -1.40629709E-03)
   1.00000000       2.00000000       1.00000000     (  2.63564289E-03,  9.60426405E-05) ( -1.02911144E-03, -1.89756975E-04) ( -5.75091690E-04,  2.84053385E-04)
   1.00000000      -2.00000000       0.00000000     ( -1.15949661E-03, -2.12821760E-06) ( -5.79748303E-04, -1.06410880E-06) ( -1.53668225E-03,  3.35276127E-03)
   1.00000000      -2.00000000       1.00000000     ( -3.11993062E-04, -6.35627657E-04) (  1.08499080E-03, -5.33182174E-04) (  2.48663127E-03, -4.35393304E-04)
   1.00000000      -1.00000000       0.00000000     (  6.22123480E-03,  1.85333192E-03) (  6.22123480E-03,  1.85333192E-03) ( -2.84053385E-03,  3.36207449E-03)
   1.00000000      -1.00000000       1.00000000     ( -9.87201929E-04,  3.65078449E-03) ( -1.01979822E-03, -3.66941094E-03) ( -3.09955794E-05, -7.33882189E-03)
   1.00000000      -1.00000000       2.00000000     ( -4.37721610E-03, -1.31316483E-03) (  1.84401870E-03,  1.66706741E-03) (  3.11061740E-03,  1.49011612E-03)
   2.00000000       0.00000000       0.00000000     (  0.00000000    ,  0.00000000    ) ( -2.57976353E-03,  3.22237611E-03) (  1.29453838E-03, -2.85916030E-03)
   2.00000000       0.00000000       1.00000000     ( -1.18277967E-03,  1.15018338E-03) ( -1.54599547E-03, -4.00468707E-03) (  2.36555934E-03, -2.30036676E-03)
   2.00000000       1.00000000       0.00000000     ( -1.15949661E-03, -1.39232725E-03) (  2.31899321E-03,  2.78465450E-03) ( -1.07684173E-04,  3.81842256E-03)
   2.00000000       1.00000000       1.00000000     ( -8.28877091E-04,  4.42378223E-04) (  1.18161552E-04,  1.03842467E-03) (  1.53668225E-03, -1.91852450E-03)
   2.00000000      -1.00000000       0.00000000     ( -2.44006515E-03, -1.11293048E-03) ( -4.88013029E-03, -2.22586095E-03) (  9.96515155E-04,  5.19677997E-03)
   2.00000000      -1.00000000       1.00000000     (  2.25380063E-03, -3.64379957E-04) ( -1.16880983E-03,  8.38190317E-04) ( -5.68106771E-03,  1.56462193E-03)
