   0.00000000       0.00000000      -2.00000000     (  6.37024641E-03,  2.88709998E-03) ( -9.08970833E-03,  3.55765224E-03) (  0.00000000    ,  0.00000000    )
   0.00000000       0.00000000      -1.00000000     ( -1.07102096E-03,  1.22562051E-02) (  2.14576721E-02, -7.35744834E-03) (  0.00000000    ,  0.00000000    )
   0.00000000       1.00000000      -2.00000000     ( -1.38767064E-03,  1.89058483E-03) ( -2.16532499E-04, -2.36555934E-03) ( -1.08266249E-04, -1.18277967E-03)
   0.00000000       1.00000000      -1.00000000     ( -9.64850187E-03,  1.16601586E-02) ( -6.09084964E-03, -6.38887286E-03) ( -6.09084964E-03, -6.38887286E-03)
   0.00000000       2.00000000      -1.00000000     (  1.59256160E-03,  6.05359674E-04) ( -8.56816769E-04, -3.59432306E-05) ( -1.71363354E-03, -7.18864612E-05)
   0.00000000      -2.00000000      -1.00000000     (  3.65544111E-04,  4.07453626E-04) ( -6.75208867E-04, -6.00703061E-04) (  1.35041773E-03,  1.20140612E-03)
   0.00000000      -1.00000000      -2.00000000     (  3.72529030E-03,  2.34693289E-03) ( -3.24100256E-03, -1.49942935E-03) (  1.62050128E-03,  7.49714673E-04)
   0.00000000      -1.00000000      -1.00000000     ( -8.34465027E-03,  4.06056643E-03) (  4.00468707E-03,  1.37835741E-03) ( -4.00468707E-03, -1.37835741E-03)
   1.00000000       0.00000000      -2.00000000     ( -1.22003257E-03, -8.47503543E-04) ( -2.89874151E-04,  4.19095159E-03) ( -6.10016286E-04, -4.23751771E-04)
   1.00000000       0.00000000      -1.00000000     (  1.13621354E-02, -5.94183803E-03) ( -3.93018126E-03,  3.38256359E-02) (  1.13621354E-02, -5.94183803E-03)
   1.00000000       1.00000000      -2.00000000     (  3.98140401E-04,  1.29453838E-03) ( -1.65775418E-03, -7.82310963E-04) ( -6.33299351E-04,  2.53785402E-04)
   1.00000000       1.00000000      -1.00000000     (  2.40281224E-03,  4.02331352E-03) (  1.78115442E-04, -2.34693289E-03) (  2.57045031E-03,  1.67638063E-03)
   1.00000000       2.00000000      -1.00000000     (  1.47148967E-03,  1.61118805E-03) (  1.88592821E-04,  4.51109372E-06) (  1.85333192E-03,  1.62050128E-03)
   1.00000000      -2.00000000      -1.00000000     (  8.10250640E-04,  2.73808837E-03) (  1.86264515E-04,  9.77888703E-04) (  4.35393304E-04,  7.91624188E-04)
   1.00000000      -1.00000000      -2.00000000     ( -1.37515599E-05, -4.73111868E-03) ( -7.54371285E-04,  2.10478902E-03) (  3.70200723E-04, -3.42726707E-03)
   1.00000000      -1.00000000      -1.00000000     ( -2.45869160E-03,  6.84522092E-04) ( -2.40281224E-03, -4.37721610E-03) ( -5.06406650E-05,  5.06639481E-03)
   2.00000000       0.00000000      -1.00000000     ( -1.08033419E-03, -6.14672899E-04) ( -4.60073352E-03,  7.82310963E-04) ( -2.16066837E-03, -1.22934580E-03)
   2.00000000       1.00000000      -1.00000000     (  1.95577741E-03,  2.05822289E-03) ( -2.66358256E-03, -2.57045031E-03) (  1.23865902E-03,  1.54599547E-03)
   2.00000000      -1.00000000      -1.00000000     ( -3.30619514E-04, -1.06170774E-03) ( -4.86033969E-05, -4.86616045E-04) ( -6.10016286E-04, -1.63912773E-03)
