   0.00000000       0.00000000       1.00000000     (  1.20140612E-03, -1.09151006E-02) (  2.36183405E-02,  2.49594450E-03) (  0.00000000    ,  0.00000000    )
   0.00000000       0.00000000       2.00000000     (  7.18981028E-03, -1.57393515E-03) ( -1.02818012E-02, -5.69969416E-03) (  0.00000000    ,  0.00000000    )
   0.00000000       1.00000000       0.00000000     (  4.88013029E-03, -2.68220901E-03) (  0.00000000    ,  0.00000000    ) (  1.43051147E-02, -3.23168933E-03)
   0.00000000       1.00000000       1.00000000     ( -1.81607902E-03, -7.28759915E-04) (  4.07919288E-03, -1.24797225E-03) ( -4.07919288E-03,  1.24797225E-03)
   0.00000000       1.00000000       2.00000000     (  5.32716513E-03, -4.95463610E-03) ( -1.75088644E-03,  2.59838998E-03) (  8.75443220E-04, -1.29919499E-03)
   0.00000000       2.00000000       0.00000000     (  8.05594027E-04,  6.25848770E-03) (  0.00000000    ,  0.00000000    ) ( -8.61473382E-04,  2.53319740E-03)
   0.00000000       2.00000000       1.00000000     ( -1.14087015E-03, -4.95463610E-03) ( -1.23865902E-03,  1.62050128E-03) (  2.47731805E-03, -3.24100256E-03)
   0.00000000      -2.00000000       0.00000000     (  8.05594027E-04, -6.25848770E-03) (  0.00000000    ,  0.00000000    ) ( -8.61473382E-04, -2.53319740E-03)
   0.00000000      -2.00000000       1.00000000     ( -1.23691279E-05,  1.59256160E-03) ( -9.35979187E-04,  8.99308361E-05) ( -1.87195837E-03,  1.79861672E-04)
   0.00000000      -1.00000000       0.00000000     (  4.88013029E-03,  2.68220901E-03) (  0.00000000    ,  0.00000000    ) (  1.43051147E-02,  3.23168933E-03)
   0.00000000      -1.00000000       1.00000000     ( -7.00354576E-03, -1.23679638E-02) ( -6.29574060E-03,  5.40167093E-03) ( -6.29574060E-03,  5.40167093E-03)
   0.00000000      -1.00000000       2.00000000     ( -1.20606273E-03, -3.14787030E-03) (  1.94646418E-03,  1.69500709E-03) (  9.73232090E-04,  8.47503543E-04)
   1.00000000       0.00000000       0.00000000     (  0.00000000    ,  0.00000000    ) ( -2.49594450E-02,  9.05245543E-03) (  1.42306089E-02, -4.28408384E-03)
   1.00000000       0.00000000       1.00000000     ( -1.57393515E-03, -1.55065209E-03) ( -6.93835318E-04, -9.38773155E-03) (  1.57393515E-03,  1.55065209E-03)
   1.00000000       0.00000000       2.00000000     ( -3.98606062E-03, -1.81607902E-03) ( -3.60887498E-04,  2.04890966E-03) (  1.99303031E-03,  9.08039510E-04)
   1.00000000       1.00000000       0.00000000     (  1.94646418E-03,  1.28522515E-03) ( -1.94646418E-03, -1.28522515E-03) (  5.55068254E-03,  1.14366412E-02)
   1.00000000       1.00000000       1.00000000     ( -2.12341547E-03, -4.26080078E-04) (  8.41100700E-05,  3.68803740E-03) (  2.03959644E-03, -3.25962901E-03)
   1.00000000       1.00000000       2.00000000     ( -2.98954546E-03,  8.89413059E-04) (  2.76602805E-03,  1.83470547E-03) (  1.08266249E-04, -1.35973096E-03)
   1.00000000       2.00000000       0.00000000     (  4.07453626E-04,  2.30967999E-03) ( -2.03726813E-04, -1.15483999E-03) ( -2.80328095E-03,  4.91272658E-04)
   1.00000000       2.00000000       1.00000000     (  3.00817192E-03,  1.20606273E-03) ( -1.02445483E-03, -4.65661287E-04) ( -9.59262252E-04, -2.72411853E-04)
   1.00000000      -2.00000000       0.00000000     (  6.54254109E-04,  7.61356205E-04) (  3.27127054E-04,  3.80678102E-04) ( -2.38418579E-03,  2.09547579E-03)
   1.00000000      -2.00000000       1.00000000     ( -1.62050128E-03,  4.09781933E-04) (  1.15251169E-04,  5.37838787E-04) (  1.85333192E-03,  6.65895641E-04)
   1.00000000      -1.00000000       0.00000000     (  4.00468707E-03,  4.88944352E-04) (  4.00468707E-03,  4.88944352E-04) ( -3.94880772E-03,  9.46223736E-03)
   1.00000000      -1.00000000       1.00000000     (  2.06753612E-03,  3.83704901E-03) ( -5.14555722E-04, -4.88013029E-03) ( -2.58907676E-03, -8.71717930E-03)
   1.00000000      -1.00000000       2.00000000     ( -5.23403287E-03, -1.49942935E-03) (  1.77882612E-03,  5.35510480E-04) (  3.50177288E-03,  1.01514161E-03)
   2.00000000       0.00000000       0.00000000     (  0.00000000    ,  0.00000000    ) ( -1.90921128E-03,  4.15369868E-03) ( -6.37955964E-04, -2.33761966E-03)
   2.00000000       0.00000000       1.00000000     ( -9.22009349E-04,  9.31322575E-04) ( -2.78465450E-03, -2.70083547E-03) (  1.84401870E-03, -1.86264515E-03)
   2.00000000       1.00000000       0.00000000     ( -6.98491931E-04, -1.07102096E-03) (  1.39698386E-03,  2.14204192E-03) (  7.56699592E-04,  2.67289579E-03)
   2.00000000       1.00000000       1.00000000     ( -5.56465238E-04,  2.32830644E-04) ( -7.77654350E-04,  1.13155693E-03) (  1.89058483E-03, -1.59256160E-03)
   2.00000000      -1.00000000       0.00000000     ( -2.65426934E-03, -1.34110451E-03) ( -5.30853868E-03, -2.68220901E-03) (  1.74157321E-03,  5.51342964E-03)
   2.00000000      -1.00000000       1.00000000     (  1.68569386E-03, -1.85333192E-03) ( -1.21071935E-03,  3.79513949E-04) ( -4.60073352E-03,  4.09781933E-03)
