    0.000000        0.000000       -2.000000      (4.8987567E-03,1.1106022E-03)
   (5.3644180E-03,-4.5262277E-03)  (0.000000,0.000000)
    0.000000        0.000000       -1.000000      
 (2.0936131E-02,-1.1585653E-02)  (-1.1213124E-02,1.6242266E-02)  
 (0.000000,0.000000)
    0.000000        1.000000       -2.000000      
 (-1.2032688E-02,5.3551048E-05)  (-3.0361116E-03,1.9464642E-03)  
 (-1.5180558E-03,9.7323209E-04)
    0.000000        1.000000       -1.000000      (7.3760748E-03,4.5076013E-03)
   (-1.3271347E-03,5.1595271E-03)  (-1.3271347E-03,5.1595271E-03)
    0.000000        2.000000       -1.000000      
 (-1.0430813E-02,1.0356307E-02)  (-2.7008355E-03,-4.4936314E-04)  
 (-5.4016709E-03,-8.9872628E-04)
    0.000000       -2.000000       -1.000000      (6.4820051E-03,2.6263297E-03)
   (-8.0093741E-04,1.1827797E-03)  (1.6018748E-03,-2.3655593E-03)
    0.000000       -1.000000       -2.000000      
 (-7.5250864E-03,1.9324943E-03)  (-2.8591603E-03,2.4680048E-03)  
 (1.4295802E-03,-1.2340024E-03)
    0.000000       -1.000000       -1.000000      
 (5.0105155E-03,-5.2712858E-03)  (5.3644180E-03,4.1909516E-03)  
 (-5.3644180E-03,-4.1909516E-03)
    1.000000        0.000000       -2.000000      (7.4505806E-03,2.0489097E-03)
   (-4.7311187E-03,2.5611371E-03)  (3.7252903E-03,1.0244548E-03)
    1.000000        0.000000       -1.000000      
 (3.4831464E-03,-1.1455268E-03)  (6.0349703E-03,-5.7369471E-03)  
 (3.4831464E-03,-1.1455268E-03)
    1.000000        1.000000       -2.000000      
 (-3.5110861E-03,1.4109537E-03)  (-3.5949051E-03,-1.1697412E-02)  
 (-3.5483390E-03,-5.1409006E-03)
    1.000000        1.000000       -1.000000      
 (-7.4319541E-03,1.5320256E-03)  (2.2584572E-03,-1.7881393E-03)  
 (-5.1781535E-03,-2.5553163E-04)
    1.000000        2.000000       -1.000000      
 (-6.8545341E-03,1.4342368E-03)  (7.2875991E-04,2.5145710E-03)  
 (-5.3830445E-03,6.4633787E-03)
    1.000000       -2.000000       -1.000000      
 (1.5180558E-03,-1.9697472E-03)  (-2.0139851E-04,-6.6123903E-04)  
 (1.9185245E-03,-6.4494088E-04)
    1.000000       -1.000000       -2.000000      
 (3.8743019E-03,-8.7078661E-04)  (-4.3120235E-03,1.1269003E-03)  
 (4.0885061E-03,-9.9884346E-04)
    1.000000       -1.000000       -1.000000      
 (-9.1269612E-03,5.0105155E-03)  (-4.4517219E-03,1.7986167E-04)  
 (-4.6752393E-03,4.8242509E-03)
    2.000000        0.000000       -1.000000      (2.8032809E-03,2.9150397E-03)
   (9.8720193E-03,6.5378845E-03)  (5.6065619E-03,5.8300793E-03)
    2.000000        1.000000       -1.000000      
 (-1.4994293E-03,-2.3841858E-03)  (2.5704503E-03,-2.0070001E-03)  
 (-4.2724423E-04,-6.7800283E-03)
    2.000000       -1.000000       -1.000000      
 (-1.2037344E-03,2.4959445E-03)  (2.2264430E-05,5.2899122E-03)  
 (-2.4307519E-03,-3.0733645E-04)
