   0.00000000       0.00000000       1.00000000     (  2.74181366E-02,  6.94766641E-03) (  2.94297934E-02, -3.35276127E-02) (  0.00000000    ,  0.00000000    )
   0.00000000       0.00000000       2.00000000     ( -2.37487257E-04,  2.23517418E-03) (  1.76951289E-03,  8.19563866E-04) (  0.00000000    ,  0.00000000    )
   0.00000000       1.00000000       0.00000000     ( -1.98185444E-02,  5.21540642E-04) (  0.00000000    ,  0.00000000    ) (  3.99537385E-03,  1.47894025E-02)
   0.00000000       1.00000000       1.00000000     (  8.38190317E-03,  5.06639481E-03) ( -1.89524144E-03, -9.79751348E-03) (  1.89524144E-03,  9.79751348E-03)
   0.00000000       1.00000000       2.00000000     (  1.93715096E-03, -2.11875886E-04) (  6.42612576E-04, -4.74974513E-04) ( -3.21306288E-04,  2.37487257E-04)
   0.00000000       2.00000000       0.00000000     (  1.01281330E-04, -1.19209290E-03) (  0.00000000    ,  0.00000000    ) (  1.60187483E-03, -2.21654773E-03)
   0.00000000       2.00000000       1.00000000     ( -9.03382897E-04, -9.12696123E-04) (  7.54371285E-04, -1.90921128E-04) ( -1.50874257E-03,  3.81842256E-04)
   0.00000000      -2.00000000       0.00000000     (  1.01281330E-04,  1.19209290E-03) (  0.00000000    ,  0.00000000    ) (  1.60187483E-03,  2.21654773E-03)
   0.00000000      -2.00000000       1.00000000     (  3.27825546E-03, -5.02914190E-04) (  6.42612576E-04, -4.23751771E-04) (  1.28522515E-03, -8.47503543E-04)
   0.00000000      -1.00000000       0.00000000     ( -1.98185444E-02, -5.21540642E-04) (  0.00000000    ,  0.00000000    ) (  3.99537385E-03, -1.47894025E-02)
   0.00000000      -1.00000000       1.00000000     (  7.72997737E-03, -2.93552876E-02) ( -9.63918865E-04,  2.62632966E-03) ( -9.63918865E-04,  2.62632966E-03)
   0.00000000      -1.00000000       2.00000000     (  2.86381692E-04,  4.51691449E-04) ( -1.05937943E-04,  8.75443220E-04) ( -5.29689714E-05,  4.37721610E-04)
   1.00000000       0.00000000       0.00000000     (  0.00000000    ,  0.00000000    ) ( -1.36718154E-02,  1.47894025E-02) (  3.54647636E-02,  2.62260437E-02)
   1.00000000       0.00000000       1.00000000     (  3.69735062E-03, -3.87430191E-03) ( -3.68058681E-02,  4.88944352E-03) ( -3.69735062E-03,  3.87430191E-03)
   1.00000000       0.00000000       2.00000000     ( -3.72529030E-04, -1.26659870E-03) ( -1.93715096E-03, -1.37835741E-03) (  1.86264515E-04,  6.33299351E-04)
   1.00000000       1.00000000       0.00000000     (  5.15021384E-03,  6.16535544E-03) ( -5.15021384E-03, -6.16535544E-03) ( -1.06915832E-02,  1.21816993E-02)
   1.00000000       1.00000000       1.00000000     ( -7.82310963E-04,  1.35973096E-03) (  1.41561031E-03, -9.42964107E-05) ( -6.42612576E-04, -1.26659870E-03)
   1.00000000       1.00000000       2.00000000     (  6.70552254E-04,  2.09547579E-04) (  1.38534233E-04, -1.22236088E-04) ( -4.05125320E-04, -4.30736691E-05)
   1.00000000       2.00000000       0.00000000     (  8.28877091E-04, -1.08033419E-03) ( -4.14438546E-04,  5.40167093E-04) ( -1.39698386E-03,  4.88944352E-04)
   1.00000000       2.00000000       1.00000000     ( -2.12341547E-03, -1.32713467E-04) (  1.60187483E-03,  4.47034836E-04) ( -1.08964741E-03, -7.63684511E-04)
   1.00000000      -2.00000000       0.00000000     (  3.72529030E-04,  1.22934580E-03) (  1.86264515E-04,  6.14672899E-04) (  1.16415322E-03,  8.47503543E-04)
   1.00000000      -2.00000000       1.00000000     (  4.33064997E-04, -1.52736902E-03) (  2.86381692E-04, -1.16415322E-03) (  1.37370080E-04, -8.00937414E-04)
   1.00000000      -1.00000000       0.00000000     ( -2.19792128E-03, -1.59442425E-02) ( -2.19792128E-03, -1.59442425E-02) ( -1.38208270E-02,  1.82911754E-02)
   1.00000000      -1.00000000       1.00000000     ( -1.16415322E-03, -2.91038305E-04) (  1.03376806E-03,  2.38418579E-03) (  2.19792128E-03,  2.68220901E-03)
   1.00000000      -1.00000000       2.00000000     (  1.30385160E-03, -1.67638063E-03) (  3.86498868E-04, -4.65661287E-04) ( -4.61004674E-04,  6.05359674E-04)
   2.00000000       0.00000000       0.00000000     (  0.00000000    ,  0.00000000    ) ( -2.06753612E-03, -1.52736902E-03) (  1.12690032E-03, -1.14552677E-03)
   2.00000000       0.00000000       1.00000000     ( -6.33299351E-04,  1.01514161E-03) ( -2.51457095E-04, -1.08033419E-03) (  1.26659870E-03, -2.03028321E-03)
   2.00000000       1.00000000       0.00000000     (  6.98491931E-04, -4.93600965E-04) ( -1.39698386E-03,  9.87201929E-04) (  3.30619514E-04,  3.49245965E-05)
   2.00000000       1.00000000       1.00000000     (  8.03265721E-05, -2.79396772E-04) ( -9.03382897E-04,  1.99303031E-03) (  7.45058060E-04, -1.43423676E-03)
   2.00000000      -1.00000000       0.00000000     (  3.21306288E-04, -9.68575478E-04) (  6.42612576E-04, -1.93715096E-03) (  3.63215804E-04, -9.22009349E-04)
   2.00000000      -1.00000000       1.00000000     (  1.09896064E-03, -1.28056854E-05) (  1.80676579E-03, -1.86264515E-04) ( -3.95812094E-04, -1.60653144E-04)
