   0.00000000       0.00000000      -2.00000000     (  1.10827386E-03,  2.73808837E-03) ( -1.99303031E-03,  4.14438546E-04) (  0.00000000    ,  0.00000000    )
   0.00000000       0.00000000      -1.00000000     (  2.79396772E-02, -1.04680657E-02) (  1.83656812E-02,  3.40491533E-02) (  0.00000000    ,  0.00000000    )
   0.00000000       1.00000000      -2.00000000     ( -3.85625754E-06,  9.68575478E-04) (  6.05359674E-04,  1.43423676E-03) (  3.02679837E-04,  7.17118382E-04)
   0.00000000       1.00000000      -1.00000000     (  1.52364373E-02,  2.20537186E-02) (  1.03376806E-03,  1.97323970E-04) (  1.03376806E-03,  1.97323970E-04)
   0.00000000       2.00000000      -1.00000000     ( -5.06639481E-03, -1.26659870E-03) ( -1.01514161E-03, -7.40401447E-04) ( -2.03028321E-03, -1.48080289E-03)
   0.00000000      -2.00000000      -1.00000000     (  1.08033419E-03, -2.32830644E-03) ( -9.12696123E-04,  3.77185643E-04) (  1.82539225E-03, -7.54371285E-04)
   0.00000000      -1.00000000      -2.00000000     ( -2.84984708E-03, -1.08033419E-03) ( -6.98491931E-04, -1.86264515E-04) (  3.49245965E-04,  9.31322575E-05)
   0.00000000      -1.00000000      -1.00000000     (  7.07805157E-03,  2.69152224E-03) (  1.41095370E-03,  1.11013651E-02) ( -1.41095370E-03, -1.11013651E-02)
   1.00000000       0.00000000      -2.00000000     ( -1.29453838E-03,  1.99303031E-03) ( -1.75088644E-03,  2.55182385E-03) ( -6.47269189E-04,  9.96515155E-04)
   1.00000000       0.00000000      -1.00000000     (  6.38887286E-03, -5.47152013E-04) ( -2.42609531E-03, -3.14787030E-03) (  6.38887286E-03, -5.47152013E-04)
   1.00000000       1.00000000      -2.00000000     ( -2.19792128E-03,  1.06170774E-03) (  1.37835741E-03, -2.36555934E-03) ( -4.14438546E-04, -6.47269189E-04)
   1.00000000       1.00000000      -1.00000000     ( -2.19792128E-03, -6.93835318E-04) (  2.10478902E-03,  6.37955964E-04) ( -8.44011083E-05, -5.35510480E-05)
   1.00000000       2.00000000      -1.00000000     ( -1.02445483E-04,  7.59027898E-04) ( -4.70317900E-04,  9.31322575E-04) ( -1.04308128E-03,  2.60770321E-03)
   1.00000000      -2.00000000      -1.00000000     (  4.61004674E-04, -1.45519152E-04) (  9.03382897E-04,  6.23986125E-04) ( -1.34110451E-03, -1.39698386E-03)
   1.00000000      -1.00000000      -2.00000000     ( -3.95812094E-04, -1.54599547E-03) ( -6.23986125E-04, -9.77888703E-04) (  1.14087015E-04, -2.86381692E-04)
   1.00000000      -1.00000000      -1.00000000     ( -8.38190317E-04,  5.12227416E-04) ( -1.73225999E-03,  3.14321369E-04) (  9.03382897E-04,  2.00234354E-04)
   2.00000000       0.00000000      -1.00000000     ( -7.45058060E-04, -4.61004674E-04) ( -1.18277967E-03,  1.42026693E-04) ( -1.49011612E-03, -9.22009349E-04)
   2.00000000       1.00000000      -1.00000000     ( -3.86498868E-04, -1.42026693E-04) (  8.38190317E-04, -6.47269189E-04) (  6.17001206E-05, -9.31322575E-04)
   2.00000000      -1.00000000      -1.00000000     ( -2.35158950E-04, -1.02445483E-04) (  1.88592821E-04, -1.93715096E-03) ( -6.61239028E-04,  1.73225999E-03)
