    0.000000        0.000000        1.000000      (2.2277236E-02,1.2144446E-02)
   (-6.5006316E-03,-1.8253922E-02)  (0.000000,0.000000)
    0.000000        0.000000        2.000000      
 (8.1770122E-03,-1.9744039E-03)  (5.8673322E-03,3.9301813E-03)  
 (0.000000,0.000000)
    0.000000        1.000000        0.000000      (4.9127266E-04,1.0393560E-02)
   (0.000000,0.000000)  (3.2596290E-03,-3.1106174E-03)
    0.000000        1.000000        1.000000      (4.0978193E-03,6.7288056E-04)
   (6.9476664E-03,-5.3644180E-03)  (-6.9476664E-03,5.3644180E-03)
    0.000000        1.000000        2.000000      
 (-8.3446503E-03,-2.5285408E-03)  (-7.1525574E-03,-4.3655746E-04)  
 (3.5762787E-03,2.1827873E-04)
    0.000000        2.000000        0.000000      
 (-1.8067658E-03,-2.9429793E-03)  (0.000000,0.000000)  
 (-1.9790605E-03,2.7986243E-03)
    0.000000        2.000000        1.000000      
 (1.1455268E-02,-3.2782555E-03)  (-8.1199687E-05,-2.3515895E-03)  
 (1.6239937E-04,4.7031790E-03)
    0.000000       -2.000000        0.000000      
 (-1.8067658E-03,2.9429793E-03)  (0.000000,0.000000)  
 (-1.9790605E-03,-2.7986243E-03)
    0.000000       -2.000000        1.000000      
 (-1.3038516E-02,-1.0766089E-02)  (-4.1630119E-03,1.1059456E-03)  
 (-8.3260238E-03,2.2118911E-03)
    0.000000       -1.000000        0.000000      
 (4.9127266E-04,-1.0393560E-02)  (0.000000,0.000000)  
 (3.2596290E-03,3.1106174E-03)
    0.000000       -1.000000        1.000000      
 (6.6496432E-03,-8.0466270E-03)  (-2.4773180E-03,-3.9860606E-03)  
 (-2.4773180E-03,-3.9860606E-03)
    0.000000       -1.000000        2.000000      
 (-1.2554228E-02,3.0919909E-03)  (-1.6065314E-03,3.8463622E-03)  
 (-8.0326572E-04,1.9231811E-03)
    1.000000        0.000000        0.000000      (0.000000,0.000000)  
 (-2.5108457E-02,4.8987567E-03)  (1.9371510E-02,1.8328428E-02)
    1.000000        0.000000        1.000000      
 (-1.1408702E-03,-4.0046871E-03)  (-2.1457672E-02,1.5497208E-02)  
 (1.1408702E-03,4.0046871E-03)
    1.000000        0.000000        2.000000      (1.1082739E-03,1.2945384E-03)
   (5.1222742E-03,1.0766089E-02)  (-5.5413693E-04,-6.4726919E-04)
    1.000000        1.000000        0.000000      
 (4.2468309E-03,-1.3085082E-03)  (-4.2468309E-03,1.3085082E-03)  
 (-3.7252903E-03,2.0675361E-03)
    1.000000        1.000000        1.000000      
 (-6.4028427E-04,3.6787242E-03)  (-6.9499947E-04,-2.3609027E-03)  
 (1.3364479E-03,-1.3131648E-03)
    1.000000        1.000000        2.000000      
 (-3.7718564E-03,-2.1012966E-04)  (-1.4482066E-03,-5.9045851E-03)  
 (2.6123598E-03,3.0640513E-03)
    1.000000        2.000000        0.000000      (1.0174699E-03,3.0267984E-03)
   (-5.0873496E-04,-1.5133992E-03)  (3.3713877E-03,1.0095537E-02)
    1.000000        2.000000        1.000000      (4.9173832E-03,4.2468309E-03)
   (-1.5692785E-03,-6.1467290E-04)  (-1.7788261E-03,-3.0174851E-03)
    1.000000       -2.000000        0.000000      
 (-2.3457687E-04,6.7614019E-03)  (-1.1728844E-04,3.3807009E-03)  
 (-6.8731606E-03,-1.0663643E-03)
    1.000000       -2.000000        1.000000      
 (-1.3969839E-03,4.8428774E-04)  (1.4224497E-05,1.0570511E-03)  
 (1.4249235E-03,1.6298145E-03)
    1.000000       -1.000000        0.000000      
 (-2.7660280E-03,6.5774657E-05)  (-2.7660280E-03,6.5774657E-05)  
 (-5.0850213E-03,3.9488077E-03)
    1.000000       -1.000000        1.000000      (1.4565885E-02,3.6694109E-03)
   (5.2619725E-03,4.0978193E-03)  (-9.3132257E-03,4.2025931E-04)
    1.000000       -1.000000        2.000000      
 (-1.5646219E-03,1.8812716E-03)  (-3.6507845E-03,-3.4458935E-03)  
 (-1.0430813E-03,-2.6635826E-03)
    2.000000        0.000000        0.000000      (0.000000,0.000000)  
 (1.4416873E-02,-5.9604645E-03)  (-9.8953024E-04,3.2596290E-03)
    2.000000        0.000000        1.000000      
 (-4.2933971E-03,4.1536987E-03)  (5.4948032E-03,1.1995435E-02)  
 (8.5867941E-03,-8.3073974E-03)
    2.000000        1.000000        0.000000      
 (-1.7881393E-03,-1.9278377E-03)  (3.5762787E-03,3.8556755E-03)  
 (-6.3702464E-03,8.7078661E-04)
    2.000000        1.000000        1.000000      (3.6042184E-03,5.5693090E-03)
   (-5.9790909E-03,-1.3709068E-02)  (-1.2200326E-03,2.5657937E-03)
    2.000000       -1.000000        0.000000      
 (-1.3550743E-03,-3.1571835E-03)  (-2.7101487E-03,-6.3143671E-03)  
 (2.3283064E-03,4.2654574E-03)
    2.000000       -1.000000        1.000000      
 (-5.4482371E-03,1.7555431E-03)  (-5.4668635E-03,3.7532300E-03)  
 (5.4296106E-03,2.4039764E-04)
