   0.00000000       0.00000000       1.00000000     ( -1.09430403E-03, -1.22562051E-02) (  2.14576721E-02,  7.39470124E-03) (  0.00000000    ,  0.00000000    )
   0.00000000       0.00000000       2.00000000     (  6.37024641E-03, -2.90572643E-03) ( -9.08970833E-03, -3.52039933E-03) (  0.00000000    ,  0.00000000    )
   0.00000000       1.00000000       0.00000000     (  7.61821866E-03,  1.19209290E-03) (  0.00000000    ,  0.00000000    ) (  1.49384141E-02, -7.50645995E-03)
   0.00000000       1.00000000       1.00000000     ( -8.41915607E-03, -4.09781933E-03) (  3.96743417E-03, -1.37835741E-03) ( -3.96743417E-03,  1.37835741E-03)
   0.00000000       1.00000000       2.00000000     (  3.70666385E-03, -2.31899321E-03) ( -3.25962901E-03,  1.50874257E-03) (  1.62981451E-03, -7.54371285E-04)
   0.00000000       2.00000000       0.00000000     ( -1.34110451E-03,  3.68803740E-03) (  0.00000000    ,  0.00000000    ) (  5.73345460E-05, -7.17118382E-04)
   0.00000000       2.00000000       1.00000000     (  3.77185643E-04, -3.49245965E-04) ( -6.56582415E-04,  5.96046448E-04) (  1.31316483E-03, -1.19209290E-03)
   0.00000000      -2.00000000       0.00000000     ( -1.34110451E-03, -3.68803740E-03) (  0.00000000    ,  0.00000000    ) (  5.73345460E-05,  7.17118382E-04)
   0.00000000      -2.00000000       1.00000000     (  1.57393515E-03, -6.28642738E-04) ( -8.70786607E-04,  3.52156349E-05) ( -1.74157321E-03,  7.04312697E-05)
   0.00000000      -1.00000000       0.00000000     (  7.61821866E-03, -1.19209290E-03) (  0.00000000    ,  0.00000000    ) (  1.49384141E-02,  7.50645995E-03)
   0.00000000      -1.00000000       1.00000000     ( -9.68575478E-03, -1.16229057E-02) ( -6.09084964E-03,  6.38887286E-03) ( -6.09084964E-03,  6.38887286E-03)
   0.00000000      -1.00000000       2.00000000     ( -1.37835741E-03, -1.89058483E-03) ( -2.36323103E-04,  2.34693289E-03) ( -1.18161552E-04,  1.17346644E-03)
   1.00000000       0.00000000       0.00000000     (  0.00000000    ,  0.00000000    ) ( -2.82377005E-02,  5.88595867E-03) (  1.88499689E-02, -5.47617674E-03)
   1.00000000       0.00000000       1.00000000     ( -1.68103725E-03, -2.52388418E-03) (  4.93600965E-03, -5.79282641E-03) (  1.68103725E-03,  2.52388418E-03)
   1.00000000       0.00000000       2.00000000     ( -2.98023224E-03, -1.28522515E-03) ( -1.03842467E-03,  3.20374966E-03) (  1.49011612E-03,  6.42612576E-04)
   1.00000000       1.00000000       0.00000000     (  1.33295543E-04, -3.73693183E-04) ( -1.33295543E-04,  3.73693183E-04) (  7.50645995E-03,  1.56462193E-02)
   1.00000000       1.00000000       1.00000000     ( -4.28408384E-03, -7.63684511E-04) (  2.21654773E-03,  2.60770321E-03) (  2.05822289E-03, -1.83470547E-03)
   1.00000000       1.00000000       2.00000000     (  1.95577741E-04,  1.01979822E-03) (  1.63912773E-03,  8.56816769E-04) ( -9.17352736E-04, -9.35979187E-04)
   1.00000000       2.00000000       0.00000000     ( -8.38190317E-04, -5.72763383E-04) (  4.19095159E-04,  2.86381692E-04) (  2.10711733E-04, -1.62050128E-03)
   1.00000000       2.00000000       1.00000000     (  1.54599547E-03, -9.72067937E-05) ( -6.19329512E-04, -8.67294148E-05) ( -3.11993062E-04,  2.71247700E-04)
   1.00000000      -2.00000000       0.00000000     ( -1.62981451E-03, -2.50292942E-04) ( -8.14907253E-04, -1.25146471E-04) ( -6.37955964E-04,  2.04890966E-03)
   1.00000000      -2.00000000       1.00000000     (  2.80851964E-05, -8.84756446E-04) (  8.52160156E-04, -4.05125320E-04) (  1.67638063E-03,  7.24685378E-05)
   1.00000000      -1.00000000       0.00000000     (  8.15838575E-03,  2.52388418E-03) (  8.15838575E-03,  2.52388418E-03) ( -2.52388418E-03, -5.33182174E-04)
   1.00000000      -1.00000000       1.00000000     ( -2.01165676E-03,  2.53319740E-03) ( -1.13155693E-03, -2.23517418E-03) (  8.80099833E-04, -4.76837158E-03)
   1.00000000      -1.00000000       2.00000000     ( -2.25380063E-03, -8.38190317E-04) (  1.86264515E-03,  1.85333192E-03) (  2.05822289E-03,  1.34110451E-03)
   2.00000000       0.00000000       0.00000000     (  0.00000000    ,  0.00000000    ) ( -2.13272870E-03,  1.98371708E-03) (  1.95577741E-03, -2.26311386E-03)
   2.00000000       0.00000000       1.00000000     ( -9.22009349E-04,  9.54605639E-04) (  5.26779331E-05, -3.40864062E-03) (  1.84401870E-03, -1.90921128E-03)
   2.00000000       1.00000000       0.00000000     ( -1.16415322E-03, -1.08499080E-03) (  2.32830644E-03,  2.16998160E-03) ( -5.07570803E-04,  3.27825546E-03)
   2.00000000       1.00000000       1.00000000     ( -7.54371285E-04,  2.98023224E-04) (  5.12227416E-04,  7.72997737E-04) (  9.96515155E-04, -1.36904418E-03)
   2.00000000      -1.00000000       0.00000000     ( -1.49942935E-03, -8.24220479E-04) ( -2.99885869E-03, -1.64844096E-03) (  3.32947820E-04,  3.29688191E-03)
   2.00000000      -1.00000000       1.00000000     (  1.91852450E-03,  4.65661287E-04) ( -4.09781933E-04,  9.03382897E-04) ( -4.24683094E-03, -2.80851964E-05)
