   0.00000000       0.00000000       1.00000000     (  2.23517418E-03, -1.12503767E-02) (  2.62260437E-02,  1.04308128E-03) (  0.00000000    ,  0.00000000    )
   0.00000000       0.00000000       2.00000000     (  5.10364771E-03, -9.45292413E-04) ( -6.89178705E-03, -3.91155481E-03) (  0.00000000    ,  0.00000000    )
   0.00000000       1.00000000       0.00000000     (  4.37721610E-03, -3.16649675E-03) (  0.00000000    ,  0.00000000    ) (  1.48266554E-02, -2.28174031E-03)
   0.00000000       1.00000000       1.00000000     ( -1.88010745E-04,  1.53086148E-04) (  4.07919288E-03, -1.23400241E-03) ( -4.07919288E-03,  1.23400241E-03)
   0.00000000       1.00000000       2.00000000     (  3.61353159E-03, -3.65078449E-03) ( -7.96280801E-04,  1.98371708E-03) (  3.98140401E-04, -9.91858542E-04)
   0.00000000       2.00000000       0.00000000     (  1.58324838E-03,  3.72529030E-03) (  0.00000000    ,  0.00000000    ) ( -3.51574272E-04,  1.99303031E-03)
   0.00000000       2.00000000       1.00000000     ( -7.35744834E-04, -3.59490514E-03) ( -5.72763383E-04,  1.07567757E-03) (  1.14552677E-03, -2.15135515E-03)
   0.00000000      -2.00000000       0.00000000     (  1.58324838E-03, -3.72529030E-03) (  0.00000000    ,  0.00000000    ) ( -3.51574272E-04, -1.99303031E-03)
   0.00000000      -2.00000000       1.00000000     ( -9.45292413E-04,  1.57393515E-03) ( -9.82545316E-04, -2.02562660E-04) ( -1.96509063E-03, -4.05125320E-04)
   0.00000000      -1.00000000       0.00000000     (  4.37721610E-03,  3.16649675E-03) (  0.00000000    ,  0.00000000    ) (  1.48266554E-02,  2.28174031E-03)
   0.00000000      -1.00000000       1.00000000     ( -6.85453415E-03, -1.38953328E-02) ( -6.98491931E-03,  5.15952706E-03) ( -6.98491931E-03,  5.15952706E-03)
   0.00000000      -1.00000000       2.00000000     ( -3.56230885E-04, -2.28174031E-03) (  1.83470547E-03,  7.54371285E-04) (  9.17352736E-04,  3.77185643E-04)
   1.00000000       0.00000000       0.00000000     (  0.00000000    ,  0.00000000    ) ( -2.62260437E-02,  1.10641122E-02) (  1.43796206E-02, -4.22820449E-03)
   1.00000000       0.00000000       1.00000000     ( -1.75554305E-03, -1.21537596E-03) ( -2.46800482E-03, -1.10641122E-02) (  1.75554305E-03,  1.21537596E-03)
   1.00000000       0.00000000       2.00000000     ( -3.01748514E-03, -1.64844096E-03) (  1.00117177E-04,  1.38767064E-03) (  1.50874257E-03,  8.24220479E-04)
   1.00000000       1.00000000       0.00000000     (  2.57976353E-03,  1.83470547E-03) ( -2.57976353E-03, -1.83470547E-03) (  4.73111868E-03,  1.09151006E-02)
   1.00000000       1.00000000       1.00000000     ( -7.96280801E-04, -4.87489160E-06) ( -8.33533704E-04,  2.36555934E-03) (  1.62981451E-03, -2.36555934E-03)
   1.00000000       1.00000000       2.00000000     ( -2.73808837E-03,  4.95929271E-04) (  2.04890966E-03,  1.77882612E-03) (  3.46917659E-04, -1.14087015E-03)
   1.00000000       2.00000000       0.00000000     (  3.63215804E-04,  2.32830644E-03) ( -1.81607902E-04, -1.16415322E-03) ( -2.14204192E-03,  6.51925802E-04)
   1.00000000       2.00000000       1.00000000     (  2.08616257E-03,  1.33179128E-03) ( -7.21774995E-04, -4.84287739E-04) ( -6.47269189E-04, -3.65544111E-04)
   1.00000000      -2.00000000       0.00000000     (  8.84756446E-04,  8.24220479E-04) (  4.42378223E-04,  4.12110239E-04) ( -1.83470547E-03,  5.35510480E-04)
   1.00000000      -2.00000000       1.00000000     ( -1.64844096E-03,  3.86498868E-04) ( -4.12110239E-04,  6.65895641E-04) (  8.19563866E-04,  9.45292413E-04)
   1.00000000      -1.00000000       0.00000000     (  3.32482159E-03, -2.54949555E-04) (  3.32482159E-03, -2.54949555E-04) ( -4.73111868E-03,  1.30385160E-02)
   1.00000000      -1.00000000       1.00000000     (  2.58907676E-03,  2.81259418E-03) ( -2.91038305E-04, -4.04193997E-03) ( -2.88709998E-03, -6.85453415E-03)
   1.00000000      -1.00000000       2.00000000     ( -3.78116965E-03, -1.06170774E-03) (  1.24797225E-03,  3.21306288E-04) (  2.51457095E-03,  6.93835318E-04)
   2.00000000       0.00000000       0.00000000     (  0.00000000    ,  0.00000000    ) ( -1.04308128E-03,  3.37138772E-03) ( -1.01514161E-03, -1.59256160E-03)
   2.00000000       0.00000000       1.00000000     ( -5.86733222E-04,  5.70435077E-04) ( -2.16066837E-03, -1.44354999E-03) (  1.17346644E-03, -1.14087015E-03)
   2.00000000       1.00000000       0.00000000     ( -3.65544111E-04, -5.96046448E-04) (  7.31088221E-04,  1.19209290E-03) (  6.28642738E-04,  1.48080289E-03)
   2.00000000       1.00000000       1.00000000     ( -3.53902578E-04,  1.12340786E-04) ( -8.89413059E-04,  9.12696123E-04) (  1.59256160E-03, -1.13621354E-03)
   2.00000000      -1.00000000       0.00000000     ( -1.87195837E-03, -1.15483999E-03) ( -3.74391675E-03, -2.30967999E-03) (  1.46217644E-03,  3.50177288E-03)
   2.00000000      -1.00000000       1.00000000     (  9.54605639E-04, -1.81607902E-03) ( -8.38190317E-04,  1.26892701E-04) ( -2.75671482E-03,  3.74391675E-03)
