   0.00000000       0.00000000       1.00000000     ( -7.36326911E-05, -1.11386180E-02) (  2.14576721E-02,  4.89875674E-03) (  0.00000000    ,  0.00000000    )
   0.00000000       0.00000000       2.00000000     (  8.27014446E-03, -2.72877514E-03) ( -1.21444464E-02, -5.81145287E-03) (  0.00000000    ,  0.00000000    )
   0.00000000       1.00000000       0.00000000     (  6.05359674E-03, -1.35041773E-03) (  0.00000000    ,  0.00000000    ) (  1.41561031E-02, -4.97326255E-03)
   0.00000000       1.00000000       1.00000000     ( -4.93600965E-03, -2.30967999E-03) (  4.07919288E-03, -1.26659870E-03) ( -4.07919288E-03,  1.26659870E-03)
   0.00000000       1.00000000       2.00000000     (  5.77419996E-03, -4.50760126E-03) ( -3.33413482E-03,  2.16066837E-03) (  1.66706741E-03, -1.08033419E-03)
   0.00000000       2.00000000       0.00000000     ( -1.19674951E-03,  6.92903996E-03) (  0.00000000    ,  0.00000000    ) ( -9.82545316E-04,  8.38190317E-04)
   0.00000000       2.00000000       1.00000000     ( -4.47034836E-04, -3.44589353E-03) ( -1.60187483E-03,  1.26659870E-03) (  3.20374966E-03, -2.53319740E-03)
   0.00000000      -2.00000000       0.00000000     ( -1.19674951E-03, -6.92903996E-03) (  0.00000000    ,  0.00000000    ) ( -9.82545316E-04, -8.38190317E-04)
   0.00000000      -2.00000000       1.00000000     (  2.01165676E-03,  4.37721610E-04) ( -6.96163625E-04,  1.89756975E-04) ( -1.39232725E-03,  3.79513949E-04)
   0.00000000      -1.00000000       0.00000000     (  6.05359674E-03,  1.35041773E-03) (  0.00000000    ,  0.00000000    ) (  1.41561031E-02,  4.97326255E-03)
   0.00000000      -1.00000000       1.00000000     ( -7.93486834E-03, -1.13993883E-02) ( -5.60656190E-03,  5.92321157E-03) ( -5.60656190E-03,  5.92321157E-03)
   0.00000000      -1.00000000       2.00000000     ( -1.94646418E-03, -2.96160579E-03) (  8.05594027E-04,  2.99885869E-03) (  4.02797014E-04,  1.49942935E-03)
   1.00000000       0.00000000       0.00000000     (  0.00000000    ,  0.00000000    ) ( -2.52574682E-02,  6.85453415E-03) (  1.57207251E-02, -4.61935997E-03)
   1.00000000       0.00000000       1.00000000     ( -1.53202564E-03, -2.10478902E-03) (  2.17929482E-03, -7.26431608E-03) (  1.53202564E-03,  2.10478902E-03)
   1.00000000       0.00000000       2.00000000     ( -4.00468707E-03, -1.54599547E-03) ( -1.09896064E-03,  3.12924385E-03) (  2.00234354E-03,  7.72997737E-04)
   1.00000000       1.00000000       0.00000000     (  9.08039510E-04,  4.16766852E-04) ( -9.08039510E-04, -4.16766852E-04) (  6.55651093E-03,  1.32620335E-02)
   1.00000000       1.00000000       1.00000000     ( -4.20957804E-03, -8.38190317E-04) (  1.91852450E-03,  4.09781933E-03) (  2.30036676E-03, -3.25962901E-03)
   1.00000000       1.00000000       2.00000000     ( -1.33179128E-03,  1.18277967E-03) (  2.71946192E-03,  1.32713467E-03) ( -6.96163625E-04, -1.25728548E-03)
   1.00000000       2.00000000       0.00000000     ( -3.92319635E-04,  6.42612576E-04) (  1.96159817E-04, -3.21306288E-04) ( -1.80676579E-03, -1.19209290E-03)
   1.00000000       2.00000000       1.00000000     (  2.90572643E-03,  2.20024958E-04) ( -1.12224370E-03, -2.22353265E-04) ( -6.65895641E-04,  2.23517418E-04)
   1.00000000      -2.00000000       0.00000000     ( -9.12696123E-04,  1.12340786E-04) ( -4.56348062E-04,  5.61703928E-05) ( -1.80676579E-03,  3.53902578E-03)
   1.00000000      -2.00000000       1.00000000     ( -4.91272658E-04, -4.65661287E-04) (  1.08499080E-03, -4.37721610E-04) (  2.66358256E-03, -4.12110239E-04)
   1.00000000      -1.00000000       0.00000000     (  5.79282641E-03,  1.65775418E-03) (  5.79282641E-03,  1.65775418E-03) ( -2.94297934E-03,  4.24683094E-03)
   1.00000000      -1.00000000       1.00000000     ( -5.72763383E-04,  3.91155481E-03) ( -9.68575478E-04, -4.06056643E-03) ( -3.94647941E-04, -7.97212124E-03)
   1.00000000      -1.00000000       2.00000000     ( -4.86150384E-03, -1.42958015E-03) (  1.88127160E-03,  1.52271241E-03) (  3.37138772E-03,  1.47614628E-03)
   2.00000000       0.00000000       0.00000000     (  0.00000000    ,  0.00000000    ) ( -2.62632966E-03,  3.53902578E-03) (  1.05705112E-03, -2.96160579E-03)
   2.00000000       0.00000000       1.00000000     ( -1.21071935E-03,  1.18277967E-03) ( -1.93715096E-03, -4.06056643E-03) (  2.42143869E-03, -2.36555934E-03)
   2.00000000       1.00000000       0.00000000     ( -1.14552677E-03, -1.43889338E-03) (  2.29105353E-03,  2.87778676E-03) (  5.67524694E-05,  3.87430191E-03)
   2.00000000       1.00000000       1.00000000     ( -8.19563866E-04,  4.40049917E-04) ( -2.91038305E-05,  1.11293048E-03) (  1.66706741E-03, -1.99303031E-03)
   2.00000000      -1.00000000       0.00000000     ( -2.66358256E-03, -1.19209290E-03) ( -5.32716513E-03, -2.38418579E-03) (  1.19674951E-03,  5.66244125E-03)
   2.00000000      -1.00000000       1.00000000     (  2.30967999E-03, -6.49597496E-04) ( -1.30850822E-03,  7.79982656E-04) ( -5.92321157E-03,  2.07684934E-03)
