    0.000000        0.000000        1.000000      (2.2128224E-02,1.2293458E-02)
   (-1.3895333E-02,-1.7508864E-02)  (0.000000,0.000000)
    0.000000        0.000000        2.000000      
 (2.8219074E-03,-3.8649887E-04)  (3.5576522E-03,3.1292439E-03)  
 (0.000000,0.000000)
    0.000000        1.000000        0.000000      (3.3900142E-03,4.1164458E-03)
   (0.000000,0.000000)  (4.9546361E-03,-7.0547685E-04)
    0.000000        1.000000        1.000000      (6.1653554E-03,8.0466270E-03)
   (4.9546361E-03,-4.2095780E-03)  (-4.9546361E-03,4.2095780E-03)
    0.000000        1.000000        2.000000      
 (-5.3830445E-03,-1.0896474E-03)  (-1.0058284E-03,-2.4121255E-03)  
 (5.0291419E-04,1.2060627E-03)
    0.000000        2.000000        0.000000      
 (-3.0547380E-03,1.3969839E-03)  (0.000000,0.000000)  
 (1.2759119E-03,1.9557774E-03)
    0.000000        2.000000        1.000000      
 (2.7474016E-03,-1.9092113E-03)  (-9.3132257E-04,-5.3318217E-04)  
 (1.8626451E-03,1.0663643E-03)
    0.000000       -2.000000        0.000000      
 (-3.0547380E-03,-1.3969839E-03)  (0.000000,0.000000)  
 (1.2759119E-03,-1.9557774E-03)
    0.000000       -2.000000        1.000000      
 (-6.2957406E-03,-7.1153045E-03)  (-1.3411045E-03,-1.5832484E-04)  
 (-2.6822090E-03,-3.1664968E-04)
    0.000000       -1.000000        0.000000      
 (3.3900142E-03,-4.1164458E-03)  (0.000000,0.000000)  
 (4.9546361E-03,7.0547685E-04)
    0.000000       -1.000000        1.000000      
 (9.2387199E-03,-4.0046871E-03)  (-9.5460564E-04,-5.9977174E-03)  
 (-9.5460564E-04,-5.9977174E-03)
    0.000000       -1.000000        2.000000      
 (-8.2328916E-03,-9.9651515E-04)  (-2.5331974E-03,-2.9150397E-03)  
 (-1.2665987E-03,-1.4575198E-03)
    1.000000        0.000000        0.000000      (0.000000,0.000000)  
 (-2.9504299E-02,6.6496432E-03)  (1.6167760E-02,2.0116568E-02)
    1.000000        0.000000        1.000000      
 (-4.0978193E-03,-2.1141022E-03)  (-1.5646219E-02,1.3634562E-02)  
 (4.0978193E-03,2.1141022E-03)
    1.000000        0.000000        2.000000      (5.2968971E-05,1.6950071E-03)
   (2.8964132E-03,4.7683716E-03)  (-2.6484486E-05,-8.4750354E-04)
    1.000000        1.000000        0.000000      
 (1.7555431E-03,-1.2526289E-03)  (-1.7555431E-03,1.2526289E-03)  
 (-1.6938429E-04,3.9674342E-03)
    1.000000        1.000000        1.000000      (1.8067658E-03,3.2968819E-03)
   (-2.7567148E-03,-3.3807009E-03)  (9.5460564E-04,8.1199687E-05)
    1.000000        1.000000        2.000000      
 (-2.7753413E-03,1.8998981E-03)  (5.1688403E-04,-1.7322600E-03)  
 (1.1315569E-03,-8.2945917E-05)
    1.000000        2.000000        0.000000      (3.2503158E-03,1.7415732E-03)
   (-1.6251579E-03,-8.7078661E-04)  (1.4062971E-03,4.2468309E-03)
    1.000000        2.000000        1.000000      (1.3737008E-03,1.7369166E-03)
   (-1.7136335E-03,6.6822395E-04)  (2.0489097E-03,-3.0733645E-03)
    1.000000       -2.000000        0.000000      (1.4388934E-03,2.8871000E-03)
   (7.1944669E-04,1.4435500E-03)  (-2.7101487E-03,-1.8160790E-04)
    1.000000       -2.000000        1.000000      
 (-2.7753413E-03,-1.7695129E-03)  (-1.3923272E-03,-1.4575198E-03)  
 (-8.4037310E-06,-1.1455268E-03)
    1.000000       -1.000000        0.000000      
 (7.9860911E-04,-1.8742867E-04)  (7.9860911E-04,-1.8742867E-04)  
 (-7.2643161E-03,2.4773180E-03)
    1.000000       -1.000000        1.000000      
 (7.2270632E-03,-4.9546361E-03)  (1.6950071E-03,-2.7194619E-03)  
 (-5.5320561E-03,2.2258610E-03)
    1.000000       -1.000000        2.000000      
 (-3.9674342E-03,-1.8719584E-03)  (-5.4202974E-03,-3.2037497E-03)  
 (-7.2875991E-04,-6.6589564E-04)
    2.000000        0.000000        0.000000      (0.000000,0.000000)  
 (6.0163438E-03,-4.6798959E-04)  (-7.5437129E-04,-1.1362135E-03)
    2.000000        0.000000        1.000000      
 (-7.7532604E-04,3.6321580E-03)  (1.6205013E-03,4.7683716E-03)  
 (1.5506521E-03,-7.2643161E-03)
    2.000000        1.000000        0.000000      
 (-1.2293458E-03,-2.4493784E-03)  (2.4586916E-03,4.8987567E-03)  
 (-5.3457916E-03,5.7555735E-03)
    2.000000        1.000000        1.000000      (1.7881393E-03,1.8905848E-03)
   (-1.2060627E-03,-7.4878335E-03)  (-2.3748726E-03,3.7066638E-03)
    2.000000       -1.000000        0.000000      
 (-3.6507845E-03,-1.5785918E-03)  (-7.3015690E-03,-3.1571835E-03)  
 (-1.1082739E-03,2.6263297E-03)
    2.000000       -1.000000        1.000000      
 (-2.0209700E-03,1.2526289E-03)  (-7.1479008E-04,5.0850213E-03)  
 (3.3248216E-03,2.5890768E-03)
