   0.00000000       0.00000000       1.00000000     (  2.51829624E-02,  4.55416739E-03) (  3.33040953E-02, -3.05473804E-02) (  0.00000000    ,  0.00000000    )
   0.00000000       0.00000000       2.00000000     ( -3.72529030E-04,  2.51457095E-03) (  1.97440386E-03,  8.28877091E-04) (  0.00000000    ,  0.00000000    )
   0.00000000       1.00000000       0.00000000     ( -1.91479921E-02, -4.73810360E-04) (  0.00000000    ,  0.00000000    ) (  4.74974513E-03,  1.65402889E-02)
   0.00000000       1.00000000       1.00000000     (  8.28877091E-03,  8.19563866E-03) ( -2.75671482E-03, -7.63684511E-03) (  2.75671482E-03,  7.63684511E-03)
   0.00000000       1.00000000       2.00000000     (  1.75088644E-03,  2.37487257E-04) (  9.40635800E-04, -5.77419996E-04) ( -4.70317900E-04,  2.88709998E-04)
   0.00000000       2.00000000       0.00000000     ( -5.21540642E-04, -2.12341547E-03) (  0.00000000    ,  0.00000000    ) (  2.38418579E-03, -2.75671482E-03)
   0.00000000       2.00000000       1.00000000     ( -1.23865902E-03, -2.79396772E-04) (  8.66129994E-04, -4.19095159E-04) ( -1.73225999E-03,  8.38190317E-04)
   0.00000000      -2.00000000       0.00000000     ( -5.21540642E-04,  2.12341547E-03) (  0.00000000    ,  0.00000000    ) (  2.38418579E-03,  2.75671482E-03)
   0.00000000      -2.00000000       1.00000000     (  3.12924385E-03, -3.58559191E-04) (  4.47034836E-04, -1.14087015E-04) (  8.94069672E-04, -2.28174031E-04)
   0.00000000      -1.00000000       0.00000000     ( -1.91479921E-02,  4.73810360E-04) (  0.00000000    ,  0.00000000    ) (  4.74974513E-03, -1.65402889E-02)
   0.00000000      -1.00000000       1.00000000     (  3.37138772E-03, -3.16649675E-02) ( -2.83122063E-03,  3.44589353E-03) ( -2.83122063E-03,  3.44589353E-03)
   0.00000000      -1.00000000       2.00000000     ( -1.55996531E-04,  2.51457095E-04) (  4.14438546E-04,  7.82310963E-04) (  2.07219273E-04,  3.91155481E-04)
   1.00000000       0.00000000       0.00000000     (  0.00000000    ,  0.00000000    ) ( -1.49011612E-02,  1.66520476E-02) (  3.34531069E-02,  2.20909715E-02)
   1.00000000       0.00000000       1.00000000     (  1.80210918E-03, -3.82773578E-03) ( -3.44961882E-02, -2.74740160E-04) ( -1.80210918E-03,  3.82773578E-03)
   1.00000000       0.00000000       2.00000000     ( -2.64844857E-05, -1.62050128E-03) ( -1.54599547E-03, -1.39698386E-03) (  1.32422429E-05,  8.10250640E-04)
   1.00000000       1.00000000       0.00000000     (  3.36207449E-03,  4.16301191E-03) ( -3.36207449E-03, -4.16301191E-03) ( -1.10082328E-02,  1.29267573E-02)
   1.00000000       1.00000000       1.00000000     ( -1.22934580E-03,  1.31316483E-03) (  2.08616257E-03,  2.44472176E-05) ( -8.47503543E-04, -1.34110451E-03)
   1.00000000       1.00000000       2.00000000     (  1.12690032E-03,  2.70083547E-04) ( -1.55996531E-04, -2.70083547E-04) ( -4.84287739E-04, -8.09450285E-07)
   1.00000000       2.00000000       0.00000000     (  2.58442014E-04, -6.10016286E-04) ( -1.29221007E-04,  3.05008143E-04) ( -1.76951289E-03, -2.77068466E-04)
   1.00000000       2.00000000       1.00000000     ( -2.23517418E-03, -6.75208867E-04) (  1.52736902E-03,  4.88944352E-04) ( -8.00937414E-04, -3.00351530E-04)
   1.00000000      -2.00000000       0.00000000     (  7.82310963E-04,  1.18277967E-03) (  3.91155481E-04,  5.91389835E-04) (  1.11758709E-03,  1.45286322E-03)
   1.00000000      -2.00000000       1.00000000     (  6.23986125E-04, -1.16415322E-03) (  2.88709998E-04, -8.94069672E-04) ( -4.83123586E-05, -6.23986125E-04)
   1.00000000      -1.00000000       0.00000000     ( -1.47148967E-03, -1.36718154E-02) ( -1.47148967E-03, -1.36718154E-02) ( -1.39698386E-02,  2.22027302E-02)
   1.00000000      -1.00000000       1.00000000     ( -1.73225999E-03, -4.42378223E-04) (  9.31322575E-04,  3.01748514E-03) (  2.66358256E-03,  3.46451998E-03)
   1.00000000      -1.00000000       2.00000000     (  2.27242708E-03, -2.29105353E-03) (  7.17118382E-04, -6.89178705E-04) ( -7.72997737E-04,  8.00937414E-04)
   2.00000000       0.00000000       0.00000000     (  0.00000000    ,  0.00000000    ) ( -2.14204192E-03, -2.47731805E-03) (  1.09896064E-03, -1.99303031E-03)
   2.00000000       0.00000000       1.00000000     ( -7.45058060E-04,  1.21071935E-03) ( -4.74974513E-04, -1.39698386E-03) (  1.49011612E-03, -2.42143869E-03)
   2.00000000       1.00000000       0.00000000     (  5.16884029E-04, -8.66129994E-04) ( -1.03376806E-03,  1.73225999E-03) (  8.84756446E-04, -1.26659870E-03)
   2.00000000       1.00000000       1.00000000     ( -2.11875886E-04, -3.30619514E-04) ( -7.82310963E-04,  2.51457095E-03) (  1.21071935E-03, -1.84401870E-03)
   2.00000000      -1.00000000       0.00000000     (  4.88944352E-04, -1.00582838E-03) (  9.77888703E-04, -2.01165676E-03) (  6.70552254E-04, -6.98491931E-04)
   2.00000000      -1.00000000       1.00000000     (  1.05239451E-03, -1.18743628E-04) (  2.32830644E-03, -2.53785402E-04) (  2.21189111E-04, -1.73167791E-05)
