   0.00000000       0.00000000       1.00000000     (  1.32992864E-02, -9.55536962E-03) (  4.23192978E-02, -1.24424696E-02) (  0.00000000    ,  0.00000000    )
   0.00000000       0.00000000       2.00000000     (  3.72529030E-05, -1.86264515E-05) ( -3.72529030E-05, -1.16415322E-06) (  0.00000000    ,  0.00000000    )
   0.00000000       1.00000000       0.00000000     ( -2.52854079E-03, -4.43309546E-03) (  0.00000000    ,  0.00000000    ) (  1.38953328E-02,  8.38190317E-03)
   0.00000000       1.00000000       1.00000000     (  8.95932317E-03,  7.97212124E-03) (  1.16880983E-03, -1.42026693E-03) ( -1.16880983E-03,  1.42026693E-03)
   0.00000000       1.00000000       2.00000000     (  9.31322575E-06, -9.31322575E-06) ( -9.31322575E-06,  9.31322575E-06) (  4.65661287E-06, -4.65661287E-06)
   0.00000000       2.00000000       0.00000000     (  1.86264515E-05,  1.86264515E-05) (  0.00000000    ,  0.00000000    ) ( -1.86264515E-05,  4.65661287E-06)
   0.00000000       2.00000000       1.00000000     (  3.72529030E-05, -4.65661287E-06) ( -4.65661287E-06, -4.65661287E-06) (  9.31322575E-06,  9.31322575E-06)
   0.00000000      -2.00000000       0.00000000     (  1.86264515E-05, -1.86264515E-05) (  0.00000000    ,  0.00000000    ) ( -1.86264515E-05, -4.65661287E-06)
   0.00000000      -2.00000000       1.00000000     ( -9.31322575E-06, -2.32830644E-06) ( -9.31322575E-06, -1.86264515E-05) ( -1.86264515E-05, -3.72529030E-05)
   0.00000000      -1.00000000       0.00000000     ( -2.52854079E-03,  4.43309546E-03) (  0.00000000    ,  0.00000000    ) (  1.38953328E-02, -8.38190317E-03)
   0.00000000      -1.00000000       1.00000000     ( -6.46337867E-03, -2.86847353E-02) ( -9.55536962E-03,  3.26894224E-03) ( -9.55536962E-03,  3.26894224E-03)
   0.00000000      -1.00000000       2.00000000     (  1.86264515E-05, -4.65661287E-06) (  9.31322575E-06, -4.65661287E-06) (  4.65661287E-06, -2.32830644E-06)
   1.00000000       0.00000000       0.00000000     (  0.00000000    ,  0.00000000    ) ( -3.07708979E-02,  2.28732824E-02) (  1.95577741E-02,  1.92783773E-03)
   1.00000000       0.00000000       1.00000000     ( -3.78116965E-03,  6.26314431E-04) ( -1.72853470E-02, -1.77323818E-02) (  3.78116965E-03, -6.26314431E-04)
   1.00000000       0.00000000       2.00000000     ( -1.86264515E-05, -9.31322575E-06) (  1.86264515E-05,  9.31322575E-06) (  9.31322575E-06,  4.65661287E-06)
   1.00000000       1.00000000       0.00000000     (  2.17929482E-03,  4.81493771E-03) ( -2.17929482E-03, -4.81493771E-03) ( -5.28991222E-03,  1.19209290E-02)
   1.00000000       1.00000000       1.00000000     (  9.31322575E-06,  9.31322575E-06) ( -3.72529030E-05, -2.91038305E-07) (  1.86264515E-05, -9.31322575E-06)
   1.00000000       1.00000000       2.00000000     ( -3.72529030E-05,  9.31322575E-06) (  1.86264515E-05,  1.86264515E-05) (  1.86264515E-05, -1.86264515E-05)
   1.00000000       2.00000000       0.00000000     ( -1.16415322E-06,  4.65661287E-06) (  5.82076609E-07, -2.32830644E-06) ( -1.86264515E-05,  1.16415322E-06)
   1.00000000       2.00000000       1.00000000     ( -4.65661287E-06,  4.65661287E-06) ( -9.31322575E-06,  2.32830644E-06) (  1.86264515E-05, -9.31322575E-06)
   1.00000000      -2.00000000       0.00000000     ( -4.65661287E-06,  9.31322575E-06) ( -2.32830644E-06,  4.65661287E-06) ( -9.31322575E-06, -1.86264515E-05)
   1.00000000      -2.00000000       1.00000000     ( -1.86264515E-05, -9.31322575E-06) ( -4.65661287E-06, -4.65661287E-06) (  1.86264515E-05,  5.82076609E-07)
   1.00000000      -1.00000000       0.00000000     (  6.68223947E-04, -5.19677997E-03) (  6.68223947E-04, -5.19677997E-03) ( -8.73580575E-03,  3.40491533E-02)
   1.00000000      -1.00000000       1.00000000     (  3.72529030E-05,  1.86264515E-05) (  5.82076609E-07, -3.72529030E-05) ( -3.72529030E-05, -7.45058060E-05)
   1.00000000      -1.00000000       2.00000000     ( -1.86264515E-05,  5.82076609E-07) ( -9.31322575E-06,  1.86264515E-05) (  4.65661287E-06,  9.31322575E-06)
   2.00000000       0.00000000       0.00000000     (  0.00000000    ,  0.00000000    ) (  9.31322575E-06,  3.72529030E-05) ( -1.86264515E-05,  5.82076609E-07)
   2.00000000       0.00000000       1.00000000     ( -2.32830644E-06,  5.82076609E-07) (  2.32830644E-06,  9.31322575E-06) (  4.65661287E-06, -1.16415322E-06)
   2.00000000       1.00000000       0.00000000     (  4.65661287E-06,  4.65661287E-06) ( -9.31322575E-06, -9.31322575E-06) (  1.16415322E-06,  1.86264515E-05)
   2.00000000       1.00000000       1.00000000     (  1.16415322E-06, -4.65661287E-06) ( -1.86264515E-05,  9.31322575E-06) (  9.31322575E-06,  1.16415322E-06)
   2.00000000      -1.00000000       0.00000000     ( -9.31322575E-06, -4.65661287E-06) ( -1.86264515E-05, -9.31322575E-06) ( -4.65661287E-06, -4.65661287E-06)
   2.00000000      -1.00000000       1.00000000     ( -4.65661287E-06, -1.86264515E-05) ( -9.31322575E-06, -9.31322575E-06) ( -4.65661287E-06,  1.86264515E-05)
