   0.00000000       0.00000000       1.00000000     (  2.45869160E-02,  4.06056643E-03) (  3.37511301E-02, -2.97278166E-02) (  0.00000000    ,  0.00000000    )
   0.00000000       0.00000000       2.00000000     ( -3.39932740E-04,  1.97440386E-03) (  1.54599547E-03,  6.05359674E-04) (  0.00000000    ,  0.00000000    )
   0.00000000       1.00000000       0.00000000     ( -1.87009573E-02, -6.04195520E-04) (  0.00000000    ,  0.00000000    ) (  4.92669642E-03,  1.66147947E-02)
   0.00000000       1.00000000       1.00000000     (  8.25151801E-03,  8.66129994E-03) ( -2.83122063E-03, -7.15255737E-03) (  2.83122063E-03,  7.15255737E-03)
   0.00000000       1.00000000       2.00000000     (  1.30385160E-03,  2.51457095E-04) (  7.63684511E-04, -4.33064997E-04) ( -3.81842256E-04,  2.16532499E-04)
   0.00000000       2.00000000       0.00000000     ( -4.74974513E-04, -1.75088644E-03) (  0.00000000    ,  0.00000000    ) (  1.95577741E-03, -2.16066837E-03)
   0.00000000       2.00000000       1.00000000     ( -1.01514161E-03, -9.54605639E-05) (  6.70552254E-04, -3.35276127E-04) ( -1.34110451E-03,  6.70552254E-04)
   0.00000000      -2.00000000       0.00000000     ( -4.74974513E-04,  1.75088644E-03) (  0.00000000    ,  0.00000000    ) (  1.95577741E-03,  2.16066837E-03)
   0.00000000      -2.00000000       1.00000000     (  2.34693289E-03, -2.30502337E-04) (  2.98023224E-04, -1.94995664E-05) (  5.96046448E-04, -3.89991328E-05)
   0.00000000      -1.00000000       0.00000000     ( -1.87009573E-02,  6.04195520E-04) (  0.00000000    ,  0.00000000    ) (  4.92669642E-03, -1.66147947E-02)
   0.00000000      -1.00000000       1.00000000     (  2.62167305E-03, -3.18884850E-02) ( -3.19443643E-03,  3.48314643E-03) ( -3.19443643E-03,  3.48314643E-03)
   0.00000000      -1.00000000       2.00000000     ( -2.16532499E-04,  1.49011612E-04) (  4.05125320E-04,  5.96046448E-04) (  2.02562660E-04,  2.98023224E-04)
   1.00000000       0.00000000       0.00000000     (  0.00000000    ,  0.00000000    ) ( -1.51991844E-02,  1.69128180E-02) (  3.27825546E-02,  2.10851431E-02)
   1.00000000       0.00000000       1.00000000     (  1.39232725E-03, -3.70666385E-03) ( -3.38256359E-02, -1.22934580E-03) ( -1.39232725E-03,  3.70666385E-03)
   1.00000000       0.00000000       2.00000000     (  5.70435077E-05, -1.28522515E-03) ( -1.11758709E-03, -1.08033419E-03) ( -2.85217538E-05,  6.42612576E-04)
   1.00000000       1.00000000       0.00000000     (  2.98954546E-03,  3.75322998E-03) ( -2.98954546E-03, -3.75322998E-03) ( -1.10268593E-02,  1.29640102E-02)
   1.00000000       1.00000000       1.00000000     ( -9.87201929E-04,  9.77888703E-04) (  1.69500709E-03,  3.89991328E-05) ( -7.07805157E-04, -1.01514161E-03)
   1.00000000       1.00000000       2.00000000     (  9.40635800E-04,  2.21189111E-04) ( -1.46683306E-04, -2.63098627E-04) ( -3.95812094E-04,  2.06637196E-05)
   1.00000000       2.00000000       0.00000000     (  6.28642738E-05, -3.91155481E-04) ( -3.14321369E-05,  1.95577741E-04) ( -1.35973096E-03, -3.63215804E-04)
   1.00000000       2.00000000       1.00000000     ( -1.69500709E-03, -6.05359674E-04) (  1.15483999E-03,  3.67872417E-04) ( -6.05359674E-04, -1.22236088E-04)
   1.00000000      -2.00000000       0.00000000     (  6.79865479E-04,  8.75443220E-04) (  3.39932740E-04,  4.37721610E-04) (  8.56816769E-04,  1.17346644E-03)
   1.00000000      -2.00000000       1.00000000     (  5.02914190E-04, -8.10250640E-04) (  2.23517418E-04, -6.33299351E-04) ( -5.64614311E-05, -4.51691449E-04)
   1.00000000      -1.00000000       0.00000000     ( -1.36438757E-03, -1.31130219E-02) ( -1.36438757E-03, -1.31130219E-02) ( -1.38208270E-02,  2.27987766E-02)
   1.00000000      -1.00000000       1.00000000     ( -1.41561031E-03, -3.67872417E-04) (  6.98491931E-04,  2.42143869E-03) (  2.12341547E-03,  2.79396772E-03)
   1.00000000      -1.00000000       2.00000000     (  1.84401870E-03, -1.82539225E-03) (  5.96046448E-04, -5.86733222E-04) ( -6.23986125E-04,  6.23986125E-04)
   2.00000000       0.00000000       0.00000000     (  0.00000000    ,  0.00000000    ) ( -1.63912773E-03, -2.04890966E-03) (  8.28877091E-04, -1.63912773E-03)
   2.00000000       0.00000000       1.00000000     ( -5.68106771E-04,  9.40635800E-04) ( -4.14438546E-04, -1.13621354E-03) (  1.13621354E-03, -1.88127160E-03)
   2.00000000       1.00000000       0.00000000     (  3.58559191E-04, -7.26431608E-04) ( -7.17118382E-04,  1.45286322E-03) (  7.82310963E-04, -1.17346644E-03)
   2.00000000       1.00000000       1.00000000     ( -2.18860805E-04, -2.67755240E-04) ( -5.49480319E-04,  1.97440386E-03) (  9.87201929E-04, -1.45286322E-03)
   2.00000000      -1.00000000       0.00000000     (  4.00468707E-04, -7.63684511E-04) (  8.00937414E-04, -1.52736902E-03) (  5.58793545E-04, -4.74974513E-04)
   2.00000000      -1.00000000       1.00000000     (  8.00937414E-04, -1.11758709E-04) (  1.88127160E-03, -1.90921128E-04) (  2.65426934E-04,  3.37604433E-05)
