   0.00000000       0.00000000       1.00000000     (  8.73580575E-03, -1.21816993E-02) (  3.90410423E-02, -6.81728125E-03) (  0.00000000    ,  0.00000000    )
   0.00000000       0.00000000       2.00000000     (  1.00582838E-03, -2.51457095E-04) ( -9.68575478E-04, -2.88709998E-04) (  0.00000000    ,  0.00000000    )
   0.00000000       1.00000000       0.00000000     (  1.12224370E-03, -4.44240868E-03) (  0.00000000    ,  0.00000000    ) (  1.59442425E-02,  3.39932740E-03)
   0.00000000       1.00000000       1.00000000     (  6.29574060E-03,  4.61004674E-03) (  2.97091901E-03, -1.17812306E-03) ( -2.97091901E-03,  1.17812306E-03)
   0.00000000       1.00000000       2.00000000     (  4.37721610E-04, -5.21540642E-04) ( -1.67638063E-04,  2.28174031E-04) (  8.38190317E-05, -1.14087015E-04)
   0.00000000       2.00000000       0.00000000     (  6.70552254E-04,  2.60770321E-04) (  0.00000000    ,  0.00000000    ) ( -1.30385160E-04,  2.00234354E-04)
   0.00000000       2.00000000       1.00000000     (  4.09781933E-04, -2.98023224E-04) ( -4.88944352E-05, -9.08039510E-05) (  9.77888703E-05,  1.81607902E-04)
   0.00000000      -2.00000000       0.00000000     (  6.70552254E-04, -2.60770321E-04) (  0.00000000    ,  0.00000000    ) ( -1.30385160E-04, -2.00234354E-04)
   0.00000000      -2.00000000       1.00000000     ( -3.81842256E-04,  2.51457095E-04) ( -3.25962901E-04, -3.16649675E-04) ( -6.51925802E-04, -6.33299351E-04)
   0.00000000      -1.00000000       0.00000000     (  1.12224370E-03,  4.44240868E-03) (  0.00000000    ,  0.00000000    ) (  1.59442425E-02, -3.39932740E-03)
   0.00000000      -1.00000000       1.00000000     ( -6.96629286E-03, -2.36928463E-02) ( -9.57399607E-03,  4.03262675E-03) ( -9.57399607E-03,  4.03262675E-03)
   0.00000000      -1.00000000       2.00000000     (  2.98023224E-04, -2.98023224E-04) (  4.00468707E-04, -4.42378223E-05) (  2.00234354E-04, -2.21189111E-05)
   1.00000000       0.00000000       0.00000000     (  0.00000000    ,  0.00000000    ) ( -3.23355198E-02,  2.05636024E-02) (  1.75833702E-02, -2.06287950E-03)
   1.00000000       0.00000000       1.00000000     ( -3.03611159E-03,  1.93831511E-04) ( -1.14366412E-02, -1.76578760E-02) (  3.03611159E-03, -1.93831511E-04)
   1.00000000       0.00000000       2.00000000     ( -6.51925802E-04, -4.37721610E-04) (  3.07336450E-04,  2.51457095E-04) (  3.25962901E-04,  2.18860805E-04)
   1.00000000       1.00000000       0.00000000     (  3.61353159E-03,  4.35858965E-03) ( -3.61353159E-03, -4.35858965E-03) ( -1.22003257E-03,  1.11758709E-02)
   1.00000000       1.00000000       1.00000000     (  2.70083547E-04,  3.07336450E-04) ( -8.56816769E-04,  1.44354999E-04) (  5.96046448E-04, -4.56348062E-04)
   1.00000000       1.00000000       2.00000000     ( -9.31322575E-04,  1.58324838E-04) (  4.74974513E-04,  6.14672899E-04) (  2.32830644E-04, -3.91155481E-04)
   1.00000000       2.00000000       0.00000000     ( -1.62981451E-04,  4.74974513E-04) (  8.14907253E-05, -2.37487257E-04) ( -3.07336450E-04, -8.14907253E-05)
   1.00000000       2.00000000       1.00000000     (  9.77888703E-05,  2.60770321E-04) ( -2.28174031E-04, -6.75208867E-05) (  3.53902578E-04, -1.25728548E-04)
   1.00000000      -2.00000000       0.00000000     (  1.30385160E-04,  4.00468707E-04) (  6.51925802E-05,  2.00234354E-04) ( -3.07336450E-04, -5.02914190E-04)
   1.00000000      -2.00000000       1.00000000     ( -5.96046448E-04, -4.30736691E-05) ( -1.90921128E-04,  5.35510480E-05) (  2.18860805E-04,  1.49011612E-04)
   1.00000000      -1.00000000       0.00000000     (  1.67172402E-03, -3.68803740E-03) (  1.67172402E-03, -3.68803740E-03) ( -7.54371285E-03,  2.91317701E-02)
   1.00000000      -1.00000000       1.00000000     (  1.15483999E-03,  5.58793545E-04) (  4.30736691E-05, -1.00582838E-03) ( -1.11758709E-03, -1.56462193E-03)
   1.00000000      -1.00000000       2.00000000     ( -5.40167093E-04, -4.19095159E-05) ( -6.98491931E-05,  3.53902578E-04) (  2.37487257E-04,  2.00234354E-04)
   2.00000000       0.00000000       0.00000000     (  0.00000000    ,  0.00000000    ) (  1.44354999E-04,  8.19563866E-04) ( -3.53902578E-04, -2.14204192E-04)
   2.00000000       0.00000000       1.00000000     ( -9.31322575E-05,  4.54019755E-05) ( -2.09547579E-04,  4.07453626E-05) (  1.86264515E-04, -9.08039510E-05)
   2.00000000       1.00000000       0.00000000     (  4.07453626E-05,  3.14321369E-05) ( -8.14907253E-05, -6.28642738E-05) (  1.67638063E-04,  2.04890966E-04)
   2.00000000       1.00000000       1.00000000     ( -4.65661287E-05, -6.75208867E-05) ( -3.53902578E-04,  2.98023224E-04) (  4.37721610E-04, -1.67638063E-04)
   2.00000000      -1.00000000       0.00000000     ( -2.79396772E-04, -2.04890966E-04) ( -5.58793545E-04, -4.09781933E-04) (  1.76951289E-04,  6.98491931E-05)
   2.00000000      -1.00000000       1.00000000     ( -4.30736691E-05, -5.40167093E-04) ( -2.28174031E-04, -3.16649675E-04) ( -1.44354999E-04,  7.63684511E-04)
