   0.00000000       0.00000000      -2.00000000     (  4.09781933E-04,  1.65775418E-03) ( -1.28522515E-03,  4.28408384E-04) (  0.00000000    ,  0.00000000    )
   0.00000000       0.00000000      -1.00000000     (  2.77906656E-02, -9.20146704E-03) (  2.25752592E-02,  3.42726707E-02) (  0.00000000    ,  0.00000000    )
   0.00000000       1.00000000      -2.00000000     ( -1.79279596E-04,  4.56348062E-04) (  3.49245965E-04,  8.10250640E-04) (  1.74622983E-04,  4.05125320E-04)
   0.00000000       1.00000000      -1.00000000     (  1.28149986E-02,  2.44379044E-02) (  7.03148544E-04, -9.05711204E-04) (  7.03148544E-04, -9.05711204E-04)
   0.00000000       2.00000000      -1.00000000     ( -2.86847353E-03, -5.77419996E-04) ( -5.96046448E-04, -4.28408384E-04) ( -1.19209290E-03, -8.56816769E-04)
   0.00000000      -2.00000000      -1.00000000     (  6.51925802E-04, -1.17346644E-03) ( -5.30853868E-04,  9.42964107E-05) (  1.06170774E-03, -1.88592821E-04)
   0.00000000      -1.00000000      -2.00000000     ( -1.63912773E-03, -5.30853868E-04) ( -3.63215804E-04, -2.00234354E-04) (  1.81607902E-04,  1.00117177E-04)
   0.00000000      -1.00000000      -1.00000000     (  7.84173608E-03, -1.60653144E-04) ( -2.27737473E-05,  1.09337270E-02) (  2.27737473E-05, -1.09337270E-02)
   1.00000000       0.00000000      -2.00000000     ( -8.66129994E-04,  9.87201929E-04) ( -9.31322575E-04,  1.24797225E-03) ( -4.33064997E-04,  4.93600965E-04)
   1.00000000       0.00000000      -1.00000000     (  7.63684511E-03, -1.54599547E-03) ( -5.38304448E-03, -3.30619514E-03) (  7.63684511E-03, -1.54599547E-03)
   1.00000000       1.00000000      -2.00000000     ( -1.17346644E-03,  5.96046448E-04) (  4.28408384E-04, -1.26659870E-03) ( -3.72529030E-04, -3.39932740E-04)
   1.00000000       1.00000000      -1.00000000     ( -9.31322575E-04, -2.07219273E-04) (  1.09896064E-03,  4.65661287E-04) (  1.74622983E-04,  2.56113708E-04)
   1.00000000       2.00000000      -1.00000000     (  8.96397978E-05,  4.14438546E-04) ( -3.25962901E-04,  4.47034836E-04) ( -5.58793545E-04,  1.30385160E-03)
   1.00000000      -2.00000000      -1.00000000     (  5.21540642E-04,  3.72529030E-05) (  5.68106771E-04,  5.40167093E-04) ( -6.05359674E-04, -1.04308128E-03)
   1.00000000      -1.00000000      -2.00000000     ( -1.42608769E-05, -8.66129994E-04) ( -4.05125320E-04, -3.77185643E-04) (  1.95577741E-04, -2.46800482E-04)
   1.00000000      -1.00000000      -1.00000000     ( -5.12227416E-04,  4.56348062E-04) ( -1.04308128E-03,  1.83936208E-04) (  5.30853868E-04,  2.74740160E-04)
   2.00000000       0.00000000      -1.00000000     ( -4.56348062E-04, -2.28174031E-04) ( -3.11993062E-04,  7.56699592E-05) ( -9.12696123E-04, -4.56348062E-04)
   2.00000000       1.00000000      -1.00000000     ( -3.72529030E-04, -1.79279596E-04) (  6.79865479E-04, -4.00468707E-04) ( -6.05359674E-05, -7.63684511E-04)
   2.00000000      -1.00000000      -1.00000000     ( -1.42026693E-04,  1.32713467E-04) (  2.28174031E-04, -8.66129994E-04) ( -5.12227416E-04,  1.13621354E-03)
