   0.00000000       0.00000000      -2.00000000     (  1.19209290E-03,  2.81259418E-03) ( -2.04890966E-03,  3.95812094E-04) (  0.00000000    ,  0.00000000    )
   0.00000000       0.00000000      -1.00000000     (  2.77906656E-02, -1.05053186E-02) (  1.79186463E-02,  3.39001417E-02) (  0.00000000    ,  0.00000000    )
   0.00000000       1.00000000      -2.00000000     (  2.21189111E-05,  1.02445483E-03) (  6.19329512E-04,  1.47148967E-03) (  3.09664756E-04,  7.35744834E-04)
   0.00000000       1.00000000      -1.00000000     (  1.53481960E-02,  2.17556953E-02) (  1.02678314E-03,  2.90456228E-04) (  1.02678314E-03,  2.90456228E-04)
   0.00000000       2.00000000      -1.00000000     ( -5.25265932E-03, -1.33179128E-03) ( -1.04308128E-03, -7.63684511E-04) ( -2.08616257E-03, -1.52736902E-03)
   0.00000000      -2.00000000      -1.00000000     (  1.11758709E-03, -2.42143869E-03) ( -9.49949026E-04,  4.09781933E-04) (  1.89989805E-03, -8.19563866E-04)
   0.00000000      -1.00000000      -2.00000000     ( -2.94297934E-03, -1.11758709E-03) ( -7.40401447E-04, -1.80443749E-04) (  3.70200723E-04,  9.02218744E-05)
   0.00000000      -1.00000000      -1.00000000     (  6.96629286E-03,  2.90572643E-03) (  1.53668225E-03,  1.10641122E-02) ( -1.53668225E-03, -1.10641122E-02)
   1.00000000       0.00000000      -2.00000000     ( -1.31316483E-03,  2.08616257E-03) ( -1.82539225E-03,  2.68220901E-03) ( -6.56582415E-04,  1.04308128E-03)
   1.00000000       0.00000000      -1.00000000     (  6.25848770E-03, -4.77302819E-04) ( -2.14669853E-03, -3.11061740E-03) (  6.25848770E-03, -4.77302819E-04)
   1.00000000       1.00000000      -2.00000000     ( -2.29105353E-03,  1.08033419E-03) (  1.48080289E-03, -2.44006515E-03) ( -4.09781933E-04, -6.84522092E-04)
   1.00000000       1.00000000      -1.00000000     ( -2.32830644E-03, -7.49714673E-04) (  2.21654773E-03,  6.47269189E-04) ( -1.16415322E-04, -1.01281330E-04)
   1.00000000       2.00000000      -1.00000000     ( -1.40862539E-04,  7.86967576E-04) ( -4.70317900E-04,  9.68575478E-04) ( -1.08033419E-03,  2.73808837E-03)
   1.00000000      -2.00000000      -1.00000000     (  4.42378223E-04, -1.69966370E-04) (  9.31322575E-04,  6.10016286E-04) ( -1.41561031E-03, -1.38767064E-03)
   1.00000000      -1.00000000      -2.00000000     ( -4.42378223E-04, -1.60187483E-03) ( -6.28642738E-04, -1.03376806E-03) (  9.19681042E-05, -2.86381692E-04)
   1.00000000      -1.00000000      -1.00000000     ( -8.56816769E-04,  5.12227416E-04) ( -1.78813934E-03,  3.25962901E-04) (  9.40635800E-04,  1.85100362E-04)
   2.00000000       0.00000000      -1.00000000     ( -7.68341124E-04, -4.79631126E-04) ( -1.29453838E-03,  1.54832378E-04) ( -1.53668225E-03, -9.59262252E-04)
   2.00000000       1.00000000      -1.00000000     ( -3.79513949E-04, -1.26892701E-04) (  8.38190317E-04, -6.70552254E-04) (  7.74161890E-05, -9.22009349E-04)
   2.00000000      -1.00000000      -1.00000000     ( -2.37487257E-04, -1.39698386E-04) (  1.86264515E-04, -2.04890966E-03) ( -6.61239028E-04,  1.76951289E-03)
