   0.00000000       0.00000000       1.00000000     (  1.76578760E-02, -5.34346327E-04) (  3.44216824E-02, -2.07126141E-02) (  0.00000000    ,  0.00000000    )
   0.00000000       0.00000000       2.00000000     (  1.29453838E-03, -2.66358256E-03) ( -2.16066837E-03,  1.94995664E-05) (  0.00000000    ,  0.00000000    )
   0.00000000       1.00000000       0.00000000     ( -1.18464231E-02, -1.81142241E-03) (  0.00000000    ,  0.00000000    ) (  6.91041350E-03,  1.40070915E-02)
   0.00000000       1.00000000       1.00000000     (  7.91624188E-03,  1.00955367E-02) ( -2.32364982E-03, -3.11993062E-03) (  2.32364982E-03,  3.11993062E-03)
   0.00000000       1.00000000       2.00000000     ( -1.05239451E-03, -9.31322575E-04) ( -9.40635800E-04,  2.28174031E-04) (  4.70317900E-04, -1.14087015E-04)
   0.00000000       2.00000000       0.00000000     (  7.40401447E-04,  2.77534127E-03) (  0.00000000    ,  0.00000000    ) ( -3.31550837E-03,  2.10478902E-03)
   0.00000000       2.00000000       1.00000000     (  2.16066837E-03, -9.31322575E-04) ( -7.45058060E-04,  2.23517418E-04) (  1.49011612E-03, -4.47034836E-04)
   0.00000000      -2.00000000       0.00000000     (  7.40401447E-04, -2.77534127E-03) (  0.00000000    ,  0.00000000    ) ( -3.31550837E-03, -2.10478902E-03)
   0.00000000      -2.00000000       1.00000000     ( -1.71363354E-03, -2.72411853E-04) (  1.59488991E-04, -7.26431608E-04) (  3.18977982E-04, -1.45286322E-03)
   0.00000000      -1.00000000       0.00000000     ( -1.18464231E-02,  1.81142241E-03) (  0.00000000    ,  0.00000000    ) (  6.91041350E-03, -1.40070915E-02)
   0.00000000      -1.00000000       1.00000000     ( -2.16066837E-03, -2.96533108E-02) ( -5.69969416E-03,  2.43075192E-03) ( -5.69969416E-03,  2.43075192E-03)
   0.00000000      -1.00000000       2.00000000     (  1.17346644E-03,  1.59161573E-07) ( -6.98491931E-04, -8.84756446E-04) ( -3.49245965E-04, -4.42378223E-04)
   1.00000000       0.00000000       0.00000000     (  0.00000000    ,  0.00000000    ) ( -1.81421638E-02,  1.74716115E-02) (  2.43633986E-02,  1.16229057E-02)
   1.00000000       0.00000000       1.00000000     ( -2.00234354E-03, -1.52271241E-03) ( -2.46614218E-02, -8.12113285E-03) (  2.00234354E-03,  1.52271241E-03)
   1.00000000       0.00000000       2.00000000     ( -1.22934580E-03,  1.17346644E-03) (  9.87201929E-04,  1.23865902E-03) (  6.14672899E-04, -5.86733222E-04)
   1.00000000       1.00000000       0.00000000     (  3.59723344E-04,  1.83470547E-03) ( -3.59723344E-04, -1.83470547E-03) ( -9.76026058E-03,  1.15856528E-02)
   1.00000000       1.00000000       1.00000000     (  1.01514161E-03, -5.26197255E-04) ( -2.77534127E-03, -1.51339918E-04) (  1.76951289E-03,  6.75208867E-04)
   1.00000000       1.00000000       2.00000000     ( -2.38418579E-03, -8.78935680E-05) (  3.72529030E-04,  1.22934580E-03) (  1.00582838E-03, -5.68106771E-04)
   1.00000000       2.00000000       0.00000000     (  1.52736902E-03, -3.56230885E-04) ( -7.63684511E-04,  1.78115442E-04) (  3.16649675E-04,  1.82539225E-03)
   1.00000000       2.00000000       1.00000000     (  1.04308128E-03,  1.06170774E-03) ( -1.06170774E-03, -4.71482053E-05) (  1.08964741E-03, -9.68575478E-04)
   1.00000000      -2.00000000       0.00000000     ( -1.52736902E-03, -3.35276127E-04) ( -7.63684511E-04, -1.67638063E-04) ( -1.35041773E-03, -1.91852450E-03)
   1.00000000      -2.00000000       1.00000000     ( -1.08964741E-03, -2.35158950E-04) ( -3.56230885E-04, -1.47847459E-04) (  3.70200723E-04, -5.99538907E-05)
   1.00000000      -1.00000000       0.00000000     ( -5.87897375E-04, -8.00937414E-03) ( -5.87897375E-04, -8.00937414E-03) ( -1.07660890E-02,  2.62260437E-02)
   1.00000000      -1.00000000       1.00000000     (  2.81259418E-03,  9.03382897E-04) ( -5.68106771E-04, -3.20374966E-03) ( -3.39001417E-03, -4.09781933E-03)
   1.00000000      -1.00000000       2.00000000     ( -2.40281224E-03,  2.12341547E-03) ( -1.26659870E-03,  1.39698386E-03) (  5.68106771E-04, -3.65544111E-04)
   2.00000000       0.00000000       0.00000000     (  0.00000000    ,  0.00000000    ) (  1.58324838E-03,  3.39001417E-03) ( -7.35744834E-04,  2.12341547E-03)
   2.00000000       0.00000000       1.00000000     (  3.60887498E-04, -8.19563866E-04) (  9.59262252E-04,  1.78813934E-03) ( -7.21774995E-04,  1.63912773E-03)
   2.00000000       1.00000000       0.00000000     (  3.07336450E-04,  1.25728548E-03) ( -6.14672899E-04, -2.51457095E-03) ( -1.73225999E-03,  2.90572643E-03)
   2.00000000       1.00000000       1.00000000     (  7.54371285E-04,  2.93366611E-04) ( -6.00703061E-04, -1.80676579E-03) ( -9.03382897E-04,  1.21071935E-03)
   2.00000000      -1.00000000       0.00000000     ( -5.58793545E-04,  4.93600965E-04) ( -1.11758709E-03,  9.87201929E-04) ( -1.08964741E-03, -1.02445483E-04)
   2.00000000      -1.00000000       1.00000000     ( -8.66129994E-04,  1.26601662E-05) ( -2.64495611E-03, -2.53785402E-04) ( -9.12696123E-04, -2.79396772E-04)
