   0.00000000       0.00000000      -2.00000000     (  7.89761543E-03,  2.84984708E-03) ( -1.15483999E-02,  5.27128577E-03) (  0.00000000    ,  0.00000000    )
   0.00000000       0.00000000      -1.00000000     ( -3.27127054E-04,  1.13621354E-02) (  2.13831663E-02, -5.49480319E-03) (  0.00000000    ,  0.00000000    )
   0.00000000       1.00000000      -2.00000000     ( -1.86264515E-03,  2.64495611E-03) (  4.74974513E-04, -2.96160579E-03) (  2.37487257E-04, -1.48080289E-03)
   0.00000000       1.00000000      -1.00000000     ( -8.30739737E-03,  1.14366412E-02) ( -5.64381480E-03, -6.05359674E-03) ( -5.64381480E-03, -6.05359674E-03)
   0.00000000       2.00000000      -1.00000000     (  2.07684934E-03, -9.66247171E-05) ( -7.14790076E-04, -1.36788003E-04) ( -1.42958015E-03, -2.73576006E-04)
   0.00000000      -2.00000000      -1.00000000     ( -1.76369213E-04,  2.60770321E-03) ( -1.40164047E-03, -1.04773790E-03) (  2.80328095E-03,  2.09547579E-03)
   0.00000000      -1.00000000      -2.00000000     (  5.32716513E-03,  3.94880772E-03) ( -3.40864062E-03, -1.93715096E-03) (  1.70432031E-03,  9.68575478E-04)
   0.00000000      -1.00000000      -1.00000000     ( -5.77419996E-03,  2.73808837E-03) (  4.07919288E-03,  1.28056854E-03) ( -4.07919288E-03, -1.28056854E-03)
   1.00000000       0.00000000      -2.00000000     ( -1.73225999E-03, -1.23400241E-03) ( -4.55474947E-05,  5.71832061E-03) ( -8.66129994E-04, -6.17001206E-04)
   1.00000000       0.00000000      -1.00000000     (  1.02072954E-02, -5.81145287E-03) ( -3.83704901E-03,  3.01003456E-02) (  1.02072954E-02, -5.81145287E-03)
   1.00000000       1.00000000      -2.00000000     (  1.23865902E-03,  2.25380063E-03) ( -3.87430191E-03, -7.10133463E-04) ( -1.31316483E-03,  7.72997737E-04)
   1.00000000       1.00000000      -1.00000000     (  2.70083547E-03,  6.18398190E-03) ( -8.05594027E-04, -4.07919288E-03) (  1.89058483E-03,  2.09547579E-03)
   1.00000000       2.00000000      -1.00000000     (  2.25380063E-03,  1.61118805E-03) (  4.96584107E-06,  1.10594556E-04) (  2.26311386E-03,  1.82539225E-03)
   1.00000000      -2.00000000      -1.00000000     (  8.19563866E-04,  2.53319740E-03) (  1.04773790E-04,  6.65895641E-04) (  6.07687980E-04,  1.20606273E-03)
   1.00000000      -1.00000000      -2.00000000     ( -8.61473382E-04, -5.42029738E-03) ( -9.12696123E-04,  3.29688191E-03) (  2.67755240E-05, -4.35858965E-03)
   1.00000000      -1.00000000      -1.00000000     ( -2.31899321E-03,  5.37838787E-04) ( -2.41212547E-03, -4.76837158E-03) (  8.87666829E-05,  5.30853868E-03)
   2.00000000       0.00000000      -1.00000000     ( -1.53668225E-03, -3.28291208E-04) ( -4.39584255E-03,  1.50175765E-04) ( -3.07336450E-03, -6.56582415E-04)
   2.00000000       1.00000000      -1.00000000     (  1.85333192E-03,  1.69500709E-03) ( -3.57627869E-03, -2.98023224E-03) (  1.37370080E-04,  4.00468707E-04)
   2.00000000      -1.00000000      -1.00000000     (  2.96859071E-04, -9.59262252E-04) (  1.11758709E-03,  1.64727680E-04) ( -5.26197255E-04, -2.08616257E-03)
