    0.000000        0.000000        1.000000      (2.1085143E-02,1.1622906E-02)
   (-8.7916851E-03,-1.6465783E-02)  (0.000000,0.000000)
    0.000000        0.000000        2.000000      
 (6.8545341E-03,-1.5739352E-03)  (6.1281025E-03,4.8149377E-03)  
 (0.000000,0.000000)
    0.000000        1.000000        0.000000      (1.3504177E-03,8.3073974E-03)
   (0.000000,0.000000)  (3.6135316E-03,-2.3189932E-03)
    0.000000        1.000000        1.000000      (4.3213367E-03,2.8125942E-03)
   (6.0722232E-03,-4.6193600E-03)  (-6.0722232E-03,4.6193600E-03)
    0.000000        1.000000        2.000000      
 (-8.2328916E-03,-2.4866313E-03)  (-4.9918890E-03,-1.4621764E-03)  
 (2.4959445E-03,7.3108822E-04)
    0.000000        2.000000        0.000000      
 (-3.7532300E-03,-6.5774657E-04)  (0.000000,0.000000)  
 (-8.4517524E-04,3.0361116E-03)
    0.000000        2.000000        1.000000      
 (1.0132790E-02,-3.0454248E-03)  (-3.4284312E-04,-1.8998981E-03)  
 (6.8568625E-04,3.7997961E-03)
    0.000000       -2.000000        0.000000      
 (-3.7532300E-03,6.5774657E-04)  (0.000000,0.000000)  
 (-8.4517524E-04,-3.0361116E-03)
    0.000000       -2.000000        1.000000      
 (-1.2703240E-02,-1.1473894E-02)  (-3.7904829E-03,1.0849908E-03)  
 (-7.5809658E-03,2.1699816E-03)
    0.000000       -1.000000        0.000000      
 (1.3504177E-03,-8.3073974E-03)  (0.000000,0.000000)  
 (3.6135316E-03,2.3189932E-03)
    0.000000       -1.000000        1.000000      
 (6.4261258E-03,-5.8673322E-03)  (-1.8533319E-03,-4.4889748E-03)  
 (-1.8533319E-03,-4.4889748E-03)
    0.000000       -1.000000        2.000000      
 (-1.3522804E-02,1.8440187E-03)  (-2.5983900E-03,9.7788870E-04)  
 (-1.2991950E-03,4.8894435E-04)
    1.000000        0.000000        0.000000      (0.000000,0.000000)  
 (-2.5480986E-02,4.9918890E-03)  (1.7136335E-02,1.7732382E-02)
    1.000000        0.000000        1.000000      
 (-2.1699816E-03,-3.2316893E-03)  (-1.8775463E-02,1.4230609E-02)  
 (2.1699816E-03,3.2316893E-03)
    1.000000        0.000000        2.000000      (6.0535967E-04,1.5273690E-03)
   (4.6659261E-03,1.0337681E-02)  (-3.0267984E-04,-7.6368451E-04)
    1.000000        1.000000        0.000000      
 (3.3900142E-03,-1.4901161E-03)  (-3.3900142E-03,1.4901161E-03)  
 (-2.2910535E-03,2.3096800E-03)
    1.000000        1.000000        1.000000      (1.1664815E-03,4.2375177E-03)
   (-2.5751069E-03,-3.1664968E-03)  (1.4062971E-03,-1.0710210E-03)
    1.000000        1.000000        2.000000      
 (-4.1536987E-03,1.2549572E-03)  (-2.3574103E-04,-5.3178519E-03)  
 (2.1979213E-03,2.0302832E-03)
    1.000000        2.000000        0.000000      (2.7427450E-03,2.1699816E-03)
   (-1.3713725E-03,-1.0849908E-03)  (3.9394945E-03,8.7730587E-03)
    1.000000        2.000000        1.000000      (3.4645200E-03,3.3900142E-03)
   (-2.0628795E-03,5.4133125E-04)  (6.6123903E-04,-4.4703484E-03)
    1.000000       -2.000000        0.000000      (9.9884346E-04,7.7113509E-03)
   (4.9942173E-04,3.8556755E-03)  (-6.0349703E-03,-1.0151416E-03)
    1.000000       -2.000000        1.000000      
 (-2.4074689E-03,-4.8778020E-04)  (-4.2957254E-04,-1.9208528E-04)  
 (1.5459955E-03,1.0331860E-04)
    1.000000       -1.000000        0.000000      
 (-1.4854595E-03,4.9360096E-04)  (-1.4854595E-03,4.9360096E-04)  
 (-5.4948032E-03,3.5017729E-03)
    1.000000       -1.000000        1.000000      
 (1.3858080E-02,-7.1246177E-04)  (4.4889748E-03,6.7288056E-04)  
 (-9.3691051E-03,1.3876706E-03)
    1.000000       -1.000000        2.000000      
 (-3.5762787E-03,-4.6682544E-04)  (-6.9662929E-03,-4.4144690E-03)  
 (-1.6996637E-03,-1.9744039E-03)
    2.000000        0.000000        0.000000      (0.000000,0.000000)  
 (1.2665987E-02,-3.9488077E-03)  (-4.8778020E-04,1.1525117E-03)
    2.000000        0.000000        1.000000      
 (-3.0547380E-03,5.2899122E-03)  (4.2468309E-03,9.6671283E-03)  
 (6.1094761E-03,-1.0579824E-02)
    2.000000        1.000000        0.000000      
 (-1.9650906E-03,-2.8498471E-03)  (3.9301813E-03,5.6996942E-03)  
 (-7.6368451E-03,4.2095780E-03)
    2.000000        1.000000        1.000000      (3.3061951E-03,4.5727938E-03)
   (-4.5634806E-03,-1.3597310E-02)  (-2.0349398E-03,4.4330955E-03)
    2.000000       -1.000000        0.000000      
 (-3.0361116E-03,-3.2968819E-03)  (-6.0722232E-03,-6.5937638E-03)  
 (1.6717240E-03,4.2282045E-03)
    2.000000       -1.000000        1.000000      
 (-4.6007335E-03,2.5797635E-03)  (-3.8463622E-03,6.9290400E-03)  
 (5.3644180E-03,1.7788261E-03)
