   0.00000000       0.00000000      -2.00000000     (  6.07222319E-03,  1.20606273E-03) ( -8.49366188E-03,  4.80562449E-03) (  0.00000000    ,  0.00000000    )
   0.00000000       0.00000000      -1.00000000     (  1.71829015E-03,  1.11013651E-02) (  2.49594450E-02, -1.75088644E-03) (  0.00000000    ,  0.00000000    )
   0.00000000       1.00000000      -2.00000000     ( -7.31088221E-04,  2.71946192E-03) (  1.95577741E-03, -1.13621354E-03) (  9.77888703E-04, -5.68106771E-04)
   0.00000000       1.00000000      -1.00000000     ( -6.92903996E-03,  1.31502748E-02) ( -6.66826963E-03, -5.28991222E-03) ( -6.66826963E-03, -5.28991222E-03)
   0.00000000       2.00000000      -1.00000000     ( -6.23986125E-04, -1.62981451E-03) ( -9.91858542E-04,  6.83940016E-05) ( -1.98371708E-03,  1.36788003E-04)
   0.00000000      -2.00000000      -1.00000000     ( -9.73232090E-04,  4.33996320E-03) ( -8.66129994E-04, -1.36904418E-03) (  1.73225999E-03,  2.73808837E-03)
   0.00000000      -1.00000000      -2.00000000     (  4.43309546E-03,  4.30271029E-03) ( -1.17812306E-03, -2.32830644E-03) (  5.89061528E-04,  1.16415322E-03)
   0.00000000      -1.00000000      -1.00000000     ( -9.45292413E-04,  2.70083547E-04) (  4.09781933E-03,  1.24331564E-03) ( -4.09781933E-03, -1.24331564E-03)
   1.00000000       0.00000000      -2.00000000     ( -1.62050128E-03, -8.52160156E-04) (  1.35973096E-03,  5.77419996E-03) ( -8.10250640E-04, -4.26080078E-04)
   1.00000000       0.00000000      -1.00000000     (  9.61124897E-03, -5.53205609E-03) ( -4.61935997E-03,  2.63750553E-02) (  9.61124897E-03, -5.53205609E-03)
   1.00000000       1.00000000      -2.00000000     (  2.15135515E-03,  2.59838998E-03) ( -5.51342964E-03,  3.02679837E-04) ( -1.67638063E-03,  1.45286322E-03)
   1.00000000       1.00000000      -1.00000000     ( -4.71482053E-05,  7.86036253E-03) ( -2.28174031E-03, -5.14090061E-03) ( -2.32830644E-03,  2.71946192E-03)
   1.00000000       2.00000000      -1.00000000     (  2.40281224E-03, -2.63098627E-04) ( -1.15949661E-03, -3.56230885E-04) (  7.91624188E-05, -9.77888703E-04)
   1.00000000      -2.00000000      -1.00000000     ( -1.22236088E-04, -7.77654350E-04) ( -1.55414455E-04, -3.60887498E-04) (  1.87428668E-04, -5.67524694E-05)
   1.00000000      -1.00000000      -2.00000000     ( -9.59262252E-04, -3.35276127E-03) ( -9.82545316E-04,  3.31550837E-03) (  9.82254278E-06, -3.33413482E-03)
   1.00000000      -1.00000000      -1.00000000     ( -5.35510480E-04,  5.26197255E-04) ( -9.08039510E-04, -2.37487257E-03) (  3.72529030E-04,  2.90572643E-03)
   2.00000000       0.00000000      -1.00000000     ( -1.62050128E-03,  1.79279596E-04) ( -9.12696123E-04, -1.35041773E-03) ( -3.24100256E-03,  3.58559191E-04)
   2.00000000       1.00000000      -1.00000000     (  2.94530764E-04, -1.92085281E-04) ( -3.22237611E-03, -1.07567757E-03) ( -2.62632966E-03, -1.46217644E-03)
   2.00000000      -1.00000000      -1.00000000     (  1.29453838E-03, -3.53902578E-04) (  1.41561031E-03,  1.44354999E-03) (  1.17346644E-03, -2.15135515E-03)
