   0.00000000       0.00000000       1.00000000     (  6.16535544E-03, -1.23679638E-02) (  3.51667404E-02, -3.77185643E-03) (  0.00000000    ,  0.00000000    )
   0.00000000       0.00000000       2.00000000     (  1.52736902E-03, -3.07336450E-04) ( -1.63912773E-03, -7.07805157E-04) (  0.00000000    ,  0.00000000    )
   0.00000000       1.00000000       0.00000000     (  2.61701643E-03, -4.14438546E-03) (  0.00000000    ,  0.00000000    ) (  1.62050128E-02,  9.80217010E-04)
   0.00000000       1.00000000       1.00000000     (  4.07919288E-03,  2.92435288E-03) (  3.65078449E-03, -1.19209290E-03) ( -3.65078449E-03,  1.19209290E-03)
   0.00000000       1.00000000       2.00000000     (  8.00937414E-04, -9.31322575E-04) ( -1.65309757E-04,  4.47034836E-04) (  8.26548785E-05, -2.23517418E-04)
   0.00000000       2.00000000       0.00000000     (  9.87201929E-04,  4.93600965E-04) (  0.00000000    ,  0.00000000    ) ( -4.88944352E-05,  4.09781933E-04)
   0.00000000       2.00000000       1.00000000     (  2.56113708E-04, -6.70552254E-04) ( -3.14321369E-05,  1.39698386E-05) (  6.28642738E-05, -2.79396772E-05)
   0.00000000      -2.00000000       0.00000000     (  9.87201929E-04, -4.93600965E-04) (  0.00000000    ,  0.00000000    ) ( -4.88944352E-05, -4.09781933E-04)
   0.00000000      -2.00000000       1.00000000     ( -5.68106771E-04,  5.86733222E-04) ( -4.56348062E-04, -3.49245965E-04) ( -9.12696123E-04, -6.98491931E-04)
   0.00000000      -1.00000000       0.00000000     (  2.61701643E-03,  4.14438546E-03) (  0.00000000    ,  0.00000000    ) (  1.62050128E-02, -9.80217010E-04)
   0.00000000      -1.00000000       1.00000000     ( -6.92903996E-03, -2.02655792E-02) ( -8.92207026E-03,  4.44240868E-03) ( -8.92207026E-03,  4.44240868E-03)
   0.00000000      -1.00000000       2.00000000     (  3.02679837E-04, -5.40167093E-04) (  6.79865479E-04,  2.79396772E-05) (  3.39932740E-04,  1.39698386E-05)
   1.00000000       0.00000000       0.00000000     (  0.00000000    ,  0.00000000    ) ( -3.10689211E-02,  1.76206231E-02) (  1.64657831E-02, -3.35276127E-03)
   1.00000000       0.00000000       1.00000000     ( -2.62632966E-03, -2.50292942E-04) ( -8.10250640E-03, -1.59814954E-02) (  2.62632966E-03,  2.50292942E-04)
   1.00000000       0.00000000       2.00000000     ( -9.31322575E-04, -6.79865479E-04) (  3.30619514E-04,  3.91155481E-04) (  4.65661287E-04,  3.39932740E-04)
   1.00000000       1.00000000       0.00000000     (  3.71597707E-03,  3.52039933E-03) ( -3.71597707E-03, -3.52039933E-03) (  1.19209290E-03,  1.08778477E-02)
   1.00000000       1.00000000       1.00000000     (  2.51457095E-04,  3.21306288E-04) ( -9.68575478E-04,  3.72529030E-04) (  7.26431608E-04, -6.89178705E-04)
   1.00000000       1.00000000       2.00000000     ( -1.17346644E-03,  1.58324838E-04) (  6.79865479E-04,  8.56816769E-04) (  2.46800482E-04, -5.02914190E-04)
   1.00000000       2.00000000       0.00000000     ( -1.35041773E-04,  8.38190317E-04) (  6.75208867E-05, -4.19095159E-04) ( -4.93600965E-04, -1.92812877E-06)
   1.00000000       2.00000000       1.00000000     (  3.53902578E-04,  4.65661287E-04) ( -2.79396772E-04, -1.46683306E-04) (  2.04890966E-04, -1.69966370E-04)
   1.00000000      -2.00000000       0.00000000     (  2.93366611E-04,  5.02914190E-04) (  1.46683306E-04,  2.51457095E-04) ( -5.02914190E-04, -5.21540642E-04)
   1.00000000      -2.00000000       1.00000000     ( -8.00937414E-04,  4.54019755E-05) ( -3.07336450E-04,  1.72294676E-04) (  1.81607902E-04,  2.98023224E-04)
   1.00000000      -1.00000000       0.00000000     (  2.19792128E-03, -2.51457095E-03) (  2.19792128E-03, -2.51457095E-03) ( -6.70552254E-03,  2.41398811E-02)
   1.00000000      -1.00000000       1.00000000     (  1.49011612E-03,  8.38190317E-04) (  1.22236088E-05, -1.41561031E-03) ( -1.45286322E-03, -2.27242708E-03)
   1.00000000      -1.00000000       2.00000000     ( -8.94069672E-04, -1.30385160E-04) (  9.77888703E-05,  3.21306288E-04) (  5.02914190E-04,  2.23517418E-04)
   2.00000000       0.00000000       0.00000000     (  0.00000000    ,  0.00000000    ) (  4.36557457E-05,  1.15483999E-03) ( -4.84287739E-04, -4.09781933E-04)
   2.00000000       0.00000000       1.00000000     ( -1.42026693E-04,  9.08039510E-05) ( -4.93600965E-04, -9.08039510E-05) (  2.84053385E-04, -1.81607902E-04)
   2.00000000       1.00000000       0.00000000     ( -1.54250301E-05, -2.50292942E-05) (  3.08500603E-05,  5.00585884E-05) (  2.23517418E-04,  2.46800482E-04)
   2.00000000       1.00000000       1.00000000     ( -8.26548785E-05, -3.78349796E-05) ( -4.56348062E-04,  4.09781933E-04) (  6.23986125E-04, -3.35276127E-04)
   2.00000000      -1.00000000       0.00000000     ( -4.65661287E-04, -3.63215804E-04) ( -9.31322575E-04, -7.26431608E-04) (  4.28408384E-04,  3.81842256E-04)
   2.00000000      -1.00000000       1.00000000     (  2.27009878E-05, -7.82310963E-04) ( -3.11993062E-04, -3.11993062E-04) ( -3.53902578E-04,  1.26659870E-03)
