    0.000000        0.000000       -2.000000      (7.8976154E-03,1.8207356E-03)
   (5.9977174E-03,-4.2468309E-03)  (0.000000,0.000000)
    0.000000        0.000000       -1.000000      
 (2.1904707E-02,-1.1995435E-02)  (-7.1525574E-03,1.7657876E-02)  
 (0.000000,0.000000)
    0.000000        1.000000       -2.000000      
 (-1.3038516E-02,-2.8731301E-03)  (-1.9138679E-03,-3.1664968E-03)  
 (-9.5693395E-04,-1.5832484E-03)
    0.000000        1.000000       -1.000000      (6.4820051E-03,7.4133277E-03)
   (-2.3096800E-03,4.0978193E-03)  (-2.3096800E-03,4.0978193E-03)
    0.000000        2.000000       -1.000000      
 (-1.3075769E-02,1.1119992E-02)  (-4.1443855E-03,-1.1501834E-03)  
 (-8.2887709E-03,-2.3003668E-03)
    0.000000       -2.000000       -1.000000      (1.1362135E-02,3.2875687E-03)
   (-1.0855729E-04,2.2538006E-03)  (2.1711458E-04,-4.5076013E-03)
    0.000000       -1.000000       -2.000000      
 (-8.3073974E-03,2.5797635E-03)  (-6.5937638E-03,6.8102963E-04)  
 (3.2968819E-03,-3.4051482E-04)
    0.000000       -1.000000       -1.000000      
 (4.1350722E-03,-1.2526289E-03)  (6.7055225E-03,5.1409006E-03)  
 (-6.7055225E-03,-5.1409006E-03)
    1.000000        0.000000       -2.000000      (8.4191561E-03,3.3713877E-03)
   (-2.6822090E-03,6.2026083E-03)  (4.2095780E-03,1.6856939E-03)
    1.000000        0.000000       -1.000000      
 (4.0233135E-03,-4.3306500E-04)  (8.4564090E-03,-3.3807009E-03)  
 (4.0233135E-03,-4.3306500E-04)
    1.000000        1.000000       -2.000000      
 (-3.0454248E-03,-1.5366822E-03)  (-1.0314398E-03,-1.3783574E-02)  
 (-2.0395964E-03,-7.6554716E-03)
    1.000000        1.000000       -1.000000      
 (-8.4377825E-03,-3.1013042E-03)  (2.5983900E-03,-1.0384247E-03)  
 (-5.8300793E-03,-4.1443855E-03)
    1.000000        2.000000       -1.000000      
 (-9.8720193E-03,-1.8859282E-03)  (1.9185245E-03,2.8358772E-03)  
 (-6.0349703E-03,3.7811697E-03)
    1.000000       -2.000000       -1.000000      
 (-6.1932951E-04,-5.9977174E-03)  (-1.3620593E-03,-2.7613714E-03)  
 (2.1047890E-03,-4.8195943E-04)
    1.000000       -1.000000       -2.000000      (5.0384551E-03,1.5506521E-03)
   (-4.1723251E-03,2.3096800E-03)  (4.6007335E-03,-3.8067810E-04)
    1.000000       -1.000000       -1.000000      
 (-1.0021031E-02,3.6321580E-03)  (-7.6368451E-03,6.7288056E-04)  
 (-2.3748726E-03,2.9616058E-03)
    2.000000        0.000000       -1.000000      (8.3586201E-04,4.7311187E-03)
   (4.1909516E-03,7.6554716E-03)  (1.6717240E-03,9.4622374E-03)
    2.000000        1.000000       -1.000000      
 (-3.8882717E-04,-1.0360964E-03)  (4.3213367E-03,-6.3143671E-03)  
 (3.5483390E-03,-8.3819032E-03)
    2.000000       -1.000000       -1.000000      
 (-1.8952414E-03,1.7462298E-03)  (4.0861778E-04,5.9977174E-03)  
 (-4.2002648E-03,-2.4959445E-03)
