   0.00000000       0.00000000       1.00000000     (  1.63167715E-02, -3.72529030E-03) (  3.82959843E-02, -1.78441405E-02) (  0.00000000    ,  0.00000000    )
   0.00000000       0.00000000       2.00000000     (  5.77419996E-04, -7.45058060E-04) ( -7.07805157E-04,  9.54605639E-05) (  0.00000000    ,  0.00000000    )
   0.00000000       1.00000000       0.00000000     ( -8.34465027E-03, -3.06405127E-03) (  0.00000000    ,  0.00000000    ) (  9.42498446E-03,  1.28149986E-02)
   0.00000000       1.00000000       1.00000000     (  8.69855285E-03,  1.05053186E-02) ( -1.38767064E-03, -2.16066837E-03) (  1.38767064E-03,  2.16066837E-03)
   0.00000000       1.00000000       2.00000000     ( -1.58324838E-04, -3.25962901E-04) ( -2.60770321E-04,  1.25728548E-04) (  1.30385160E-04, -6.28642738E-05)
   0.00000000       2.00000000       0.00000000     (  1.76951289E-04,  7.63684511E-04) (  0.00000000    ,  0.00000000    ) ( -1.00582838E-03,  3.72529030E-04)
   0.00000000       2.00000000       1.00000000     (  8.56816769E-04, -2.51457095E-04) ( -2.60770321E-04, -3.02679837E-05) (  5.21540642E-04,  6.05359674E-05)
   0.00000000      -2.00000000       0.00000000     (  1.76951289E-04, -7.63684511E-04) (  0.00000000    ,  0.00000000    ) ( -1.00582838E-03, -3.72529030E-04)
   0.00000000      -2.00000000       1.00000000     ( -2.79396772E-04, -1.35041773E-04) ( -1.33877620E-05, -3.25962901E-04) ( -2.67755240E-05, -6.51925802E-04)
   0.00000000      -1.00000000       0.00000000     ( -8.34465027E-03,  3.06405127E-03) (  0.00000000    ,  0.00000000    ) (  9.42498446E-03, -1.28149986E-02)
   0.00000000      -1.00000000       1.00000000     ( -4.09781933E-03, -3.03983688E-02) ( -7.41332769E-03,  2.16066837E-03) ( -7.41332769E-03,  2.16066837E-03)
   0.00000000      -1.00000000       2.00000000     (  4.84287739E-04, -1.97906047E-05) ( -2.27009878E-05, -2.70083547E-04) ( -1.13504939E-05, -1.35041773E-04)
   1.00000000       0.00000000       0.00000000     (  0.00000000    ,  0.00000000    ) ( -2.29477882E-02,  1.98930502E-02) (  2.22772360E-02,  7.99074769E-03)
   1.00000000       0.00000000       1.00000000     ( -3.46451998E-03, -2.07219273E-04) ( -2.22772360E-02, -1.24052167E-02) (  3.46451998E-03,  2.07219273E-04)
   1.00000000       0.00000000       2.00000000     ( -5.58793545E-04,  8.14907253E-05) (  3.63215804E-04,  3.63215804E-04) (  2.79396772E-04, -4.07453626E-05)
   1.00000000       1.00000000       0.00000000     (  1.41444616E-04,  2.84984708E-03) ( -1.41444616E-04, -2.84984708E-03) ( -8.94069672E-03,  1.17719173E-02)
   1.00000000       1.00000000       1.00000000     (  2.42143869E-04,  3.95812094E-05) ( -9.49949026E-04, -5.47152013E-05) (  7.07805157E-04,  1.57160684E-05)
   1.00000000       1.00000000       2.00000000     ( -1.08033419E-03,  8.14907253E-05) (  1.95577741E-04,  5.02914190E-04) (  4.47034836E-04, -2.98023224E-04)
   1.00000000       2.00000000       0.00000000     (  4.74974513E-04, -1.62981451E-04) ( -2.37487257E-04,  8.14907253E-05) ( -2.70083547E-04,  5.40167093E-04)
   1.00000000       2.00000000       1.00000000     (  5.70435077E-05,  2.04890966E-04) ( -2.98023224E-04,  9.31322575E-05) (  5.40167093E-04, -3.91155481E-04)
   1.00000000      -2.00000000       0.00000000     ( -4.56348062E-04,  3.14321369E-05) ( -2.28174031E-04,  1.57160684E-05) ( -4.28408384E-04, -6.70552254E-04)
   1.00000000      -2.00000000       1.00000000     ( -4.84287739E-04, -2.98023224E-04) ( -1.18743628E-04, -2.18860805E-04) (  2.51457095E-04, -1.35041773E-04)
   1.00000000      -1.00000000       0.00000000     ( -2.49710865E-04, -6.59376383E-03) ( -2.49710865E-04, -6.59376383E-03) ( -1.00210309E-02,  3.06218863E-02)
   1.00000000      -1.00000000       1.00000000     (  1.08033419E-03,  3.91155481E-04) ( -1.07102096E-04, -1.00582838E-03) ( -1.19209290E-03, -1.37835741E-03)
   1.00000000      -1.00000000       2.00000000     ( -6.51925802E-04,  4.00468707E-04) ( -5.02914190E-04,  4.47034836E-04) (  8.14907253E-05,  2.09547579E-05)
   2.00000000       0.00000000       0.00000000     (  0.00000000    ,  0.00000000    ) (  4.09781933E-04,  1.04308128E-03) ( -2.70083547E-04,  4.65661287E-04)
   2.00000000       0.00000000       1.00000000     (  1.13504939E-05, -1.25728548E-04) (  2.88709998E-04,  5.02914190E-04) ( -2.27009878E-05,  2.51457095E-04)
   2.00000000       1.00000000       0.00000000     (  2.23517418E-04,  3.16649675E-04) ( -4.47034836E-04, -6.33299351E-04) ( -4.37721610E-04,  8.38190317E-04)
   2.00000000       1.00000000       1.00000000     (  2.04890966E-04, -2.61934474E-05) ( -4.19095159E-04, -1.76951289E-04) (  7.56699592E-06,  2.28174031E-04)
   2.00000000      -1.00000000       0.00000000     ( -1.44354999E-04,  5.93718141E-05) ( -2.88709998E-04,  1.18743628E-04) ( -3.91155481E-04, -1.09430403E-04)
   2.00000000      -1.00000000       1.00000000     ( -2.14204192E-04, -1.67638063E-04) ( -6.70552254E-04, -2.37487257E-04) ( -2.51457095E-04,  9.54605639E-05)
