   0.00000000       0.00000000      -2.00000000     (  4.78699803E-03,  4.89875674E-03) ( -2.28174031E-03, -8.38190317E-04) (  0.00000000    ,  0.00000000    )
   0.00000000       0.00000000      -1.00000000     (  2.44379044E-02, -1.10268593E-02) (  7.74860382E-03,  2.80886889E-02) (  0.00000000    ,  0.00000000    )
   0.00000000       1.00000000      -2.00000000     (  3.15485522E-04,  3.00817192E-03) (  6.40284270E-04,  1.23865902E-03) (  3.20142135E-04,  6.19329512E-04)
   0.00000000       1.00000000      -1.00000000     (  1.44541264E-02,  1.65402889E-02) ( -4.80795279E-04,  1.82073563E-03) ( -4.80795279E-04,  1.82073563E-03)
   0.00000000       2.00000000      -1.00000000     ( -9.53674316E-03, -2.00234354E-03) ( -1.50874257E-03, -1.41561031E-03) ( -3.01748514E-03, -2.83122063E-03)
   0.00000000      -2.00000000      -1.00000000     (  2.07684934E-03, -4.82425094E-03) ( -2.25380063E-03,  1.54599547E-03) (  4.50760126E-03, -3.09199095E-03)
   0.00000000      -1.00000000      -2.00000000     ( -6.16535544E-03, -8.70786607E-04) ( -3.33413482E-03, -1.33877620E-04) (  1.66706741E-03,  6.69388101E-05)
   0.00000000      -1.00000000      -1.00000000     (  3.94880772E-03,  5.19677997E-03) (  4.39584255E-03,  9.05245543E-03) ( -4.39584255E-03, -9.05245543E-03)
   1.00000000       0.00000000      -2.00000000     ( -3.60887498E-04,  4.78699803E-03) ( -4.19095159E-03,  6.91041350E-03) ( -1.80443749E-04,  2.39349902E-03)
   1.00000000       0.00000000      -1.00000000     (  3.67872417E-03,  2.86381692E-04) (  4.11644578E-03, -1.75554305E-03) (  3.67872417E-03,  2.86381692E-04)
   1.00000000       1.00000000      -2.00000000     ( -4.89875674E-03, -7.10133463E-04) (  5.38304448E-03, -4.56348062E-03) (  2.44472176E-04, -2.63564289E-03)
   1.00000000       1.00000000      -1.00000000     ( -6.92903996E-03, -2.88709998E-03) (  5.84870577E-03,  4.86616045E-04) ( -1.07102096E-03, -2.40281224E-03)
   1.00000000       2.00000000      -1.00000000     ( -2.40281224E-03,  1.21537596E-03) ( -1.78115442E-04,  1.87195837E-03) ( -2.75671482E-03,  4.95463610E-03)
   1.00000000      -2.00000000      -1.00000000     ( -3.05008143E-04, -1.42492354E-03) (  1.23865902E-03, -9.45292413E-04) ( -2.78465450E-03,  4.61004674E-04)
   1.00000000      -1.00000000      -2.00000000     ( -1.44820660E-03, -2.45869160E-03) (  4.07453626E-04, -2.14204192E-03) ( -9.26665962E-04, -1.62399374E-04)
   1.00000000      -1.00000000      -1.00000000     ( -1.97440386E-03,  3.78349796E-04) ( -4.45172191E-03,  6.72880560E-04) (  2.47731805E-03, -2.95694917E-04)
   2.00000000       0.00000000      -1.00000000     ( -1.84401870E-03, -6.37955964E-04) ( -7.13393092E-03,  1.73691660E-03) ( -3.68803740E-03, -1.27591193E-03)
   2.00000000       1.00000000      -1.00000000     (  5.39876055E-05,  1.14087015E-03) (  9.82545316E-04, -2.61701643E-03) (  1.09430403E-03, -3.29455361E-04)
   2.00000000      -1.00000000      -1.00000000     (  5.72763383E-04, -1.64378434E-03) (  1.49477273E-03, -4.37721610E-03) ( -3.49245965E-04,  1.08964741E-03)
