    0.000000        0.000000       -2.000000      (1.8440187E-03,7.7998266E-05)
   (2.4773180E-03,-2.2258610E-03)  (0.000000,0.000000)
    0.000000        0.000000       -1.000000      
 (2.3171306E-02,-1.2889504E-02)  (-1.5422702E-02,1.8700957E-02)  
 (0.000000,0.000000)
    0.000000        1.000000       -2.000000      
 (-5.8487058E-03,9.3597919E-04)  (-1.9278377E-03,2.5518239E-03)  
 (-9.6391886E-04,1.2759119E-03)
    0.000000        1.000000       -1.000000      (1.0468066E-02,3.9488077E-03)
   (-7.5902790E-04,6.4820051E-03)  (-7.5902790E-04,6.4820051E-03)
    0.000000        2.000000       -1.000000      
 (-4.1164458E-03,4.9732625E-03)  (-7.3574483E-04,2.6309863E-04)  
 (-1.4714897E-03,5.2619725E-04)
    0.000000       -2.000000       -1.000000      (1.4249235E-03,1.4156103E-03)
   (-8.1956387E-04,2.9336661E-04)  (1.6391277E-03,-5.8673322E-04)
    0.000000       -1.000000       -2.000000      
 (-3.9115548E-03,6.9383532E-04)  (-3.2829121E-04,1.9092113E-03)  
 (1.6414560E-04,-9.5460564E-04)
    0.000000       -1.000000       -1.000000      
 (6.9290400E-03,-9.6857548E-03)  (4.7869980E-03,4.3399632E-03)  
 (-4.7869980E-03,-4.3399632E-03)
    1.000000        0.000000       -2.000000      (3.4272671E-03,6.7055225E-04)
   (-2.9802322E-03,7.9162419E-04)  (1.7136335E-03,3.3527613E-04)
    1.000000        0.000000       -1.000000      
 (3.2130629E-03,-1.8393621E-03)  (4.2095780E-03,-8.5309148E-03)  
 (3.2130629E-03,-1.8393621E-03)
    1.000000        1.000000       -2.000000      
 (-2.1327287E-03,1.8998981E-03)  (-1.8626451E-03,-5.1409006E-03)  
 (-2.0023435E-03,-1.6111881E-03)
    1.000000        1.000000       -1.000000      
 (-3.8556755E-03,1.9464642E-03)  (2.0116568E-03,-1.0104850E-03)  
 (-1.8440187E-03,9.4063580E-04)
    1.000000        2.000000       -1.000000      
 (-2.5145710E-03,1.2200326E-03)  (6.0244929E-05,1.2759119E-03)  
 (-2.3934990E-03,3.7625432E-03)
    1.000000       -2.000000       -1.000000      
 (9.1735274E-04,-4.0745363E-04)  (-9.6042641E-06,-6.1234459E-04)  
 (9.3597919E-04,8.1956387E-04)
    1.000000       -1.000000       -2.000000      
 (1.4808029E-03,-8.8941306E-04)  (-2.9243529E-03,8.1956387E-04)  
 (2.1979213E-03,-8.5681677E-04)
    1.000000       -1.000000       -1.000000      
 (-4.2654574E-03,3.2223761E-03)  (-1.3597310E-03,-1.7578714E-04)  
 (-2.9057264E-03,3.3900142E-03)
    2.000000        0.000000       -1.000000      (1.7788261E-03,7.8696758E-04)
   (6.3702464E-03,3.0174851E-03)  (3.5576522E-03,1.5739352E-03)
    2.000000        1.000000       -1.000000      
 (-9.5926225E-04,-1.4901161E-03)  (5.7043508E-04,8.8009983E-04)  
 (-1.3504177E-03,-2.0861626E-03)
    2.000000       -1.000000       -1.000000      
 (-8.7078661E-04,9.3132257E-04)  (-7.2177500E-04,2.1047890E-03)  
 (-1.0151416E-03,-2.4330802E-04)
