    0.000000        0.000000        1.000000      (2.1010637E-02,1.1622906E-02)
   (-1.1697412E-02,-1.6316772E-02)  (0.000000,0.000000)
    0.000000        0.000000        2.000000      
 (4.4051558E-03,-9.5693395E-04)  (5.0105155E-03,4.2561442E-03)  
 (0.000000,0.000000)
    0.000000        1.000000        0.000000      (2.4773180E-03,5.6810677E-03)
   (0.000000,0.000000)  (4.2654574E-03,-1.2852252E-03)
    0.000000        1.000000        1.000000      (5.1967800E-03,5.8114529E-03)
   (5.2340329E-03,-4.1536987E-03)  (-5.2340329E-03,4.1536987E-03)
    0.000000        1.000000        2.000000      
 (-7.1153045E-03,-1.7462298E-03)  (-2.4028122E-03,-2.5425106E-03)  
 (1.2014061E-03,1.2712553E-03)
    0.000000        2.000000        0.000000      
 (-4.1630119E-03,1.1315569E-03)  (0.000000,0.000000)  
 (7.1013346E-04,2.4214387E-03)
    0.000000        2.000000        1.000000      
 (5.5506825E-03,-2.4866313E-03)  (-8.5914508E-04,-1.0197982E-03)  
 (1.7182902E-03,2.0395964E-03)
    0.000000       -2.000000        0.000000      
 (-4.1630119E-03,-1.1315569E-03)  (0.000000,0.000000)  
 (7.1013346E-04,-2.4214387E-03)
    0.000000       -2.000000        1.000000      
 (-9.5367432E-03,-9.7602606E-03)  (-2.3934990E-03,2.8521754E-04)  
 (-4.7869980E-03,5.7043508E-04)
    0.000000       -1.000000        0.000000      
 (2.4773180E-03,-5.6810677E-03)  (0.000000,0.000000)  
 (4.2654574E-03,1.2852252E-03)
    0.000000       -1.000000        1.000000      
 (7.6740980E-03,-4.3213367E-03)  (-1.2386590E-03,-5.3085387E-03)  
 (-1.2386590E-03,-5.3085387E-03)
    0.000000       -1.000000        2.000000      
 (-1.1250377E-02,-3.6903657E-04)  (-2.9895455E-03,-2.3329630E-03)  
 (-1.4947727E-03,-1.1664815E-03)
    1.000000        0.000000        0.000000      (0.000000,0.000000)  
 (-2.7120113E-02,5.7369471E-03)  (1.5869737E-02,1.8477440E-02)
    1.000000        0.000000        1.000000      
 (-3.3155084E-03,-2.4586916E-03)  (-1.6316772E-02,1.3411045E-02)  
 (3.3155084E-03,2.4586916E-03)
    1.000000        0.000000        2.000000      (1.5133992E-04,1.9650906E-03)
   (3.8184226E-03,7.3574483E-03)  (-7.5669959E-05,-9.8254532E-04)
    1.000000        1.000000        0.000000      
 (2.3562461E-03,-1.3783574E-03)  (-2.3562461E-03,1.3783574E-03)  
 (-8.7078661E-04,3.1664968E-03)
    1.000000        1.000000        1.000000      (2.1373853E-03,4.0885061E-03)
   (-3.4272671E-03,-3.7346035E-03)  (1.2945384E-03,-3.5157427E-04)
    1.000000        1.000000        2.000000      
 (-3.7346035E-03,2.0861626E-03)  (3.8766302E-04,-3.2782555E-03)  
 (1.6763806E-03,5.9604645E-04)
    1.000000        2.000000        0.000000      (3.7159771E-03,2.0675361E-03)
   (-1.8579885E-03,-1.0337681E-03)  (2.6635826E-03,6.3143671E-03)
    1.000000        2.000000        1.000000      (1.9976869E-03,2.3189932E-03)
   (-2.1513551E-03,9.9418685E-04)  (2.3096800E-03,-4.3120235E-03)
    1.000000       -2.000000        0.000000      (1.5785918E-03,5.3085387E-03)
   (7.8929588E-04,2.6542693E-03)  (-4.0326267E-03,-5.4482371E-04)
    1.000000       -2.000000        1.000000      
 (-3.3341348E-03,-1.8021092E-03)  (-1.4202669E-03,-1.4062971E-03)  
 (4.9825758E-04,-1.0128133E-03)
    1.000000       -1.000000        0.000000      
 (-1.0710210E-04,2.1769665E-04)  (-1.0710210E-04,2.1769665E-04)  
 (-6.3516200E-03,2.9150397E-03)
    1.000000       -1.000000        1.000000      
 (1.0356307E-02,-4.6659261E-03)  (2.7194619E-03,-2.3236498E-03)  
 (-7.6182187E-03,2.3469329E-03)
    1.000000       -1.000000        2.000000      
 (-4.6845526E-03,-1.8905848E-03)  (-7.3388219E-03,-4.1723251E-03)  
 (-1.3271347E-03,-1.1408702E-03)
    2.000000        0.000000        0.000000      (0.000000,0.000000)  
 (8.9593232E-03,-1.5553087E-03)  (-5.6345016E-04,-7.2410330E-04)
    2.000000        0.000000        1.000000      
 (-1.4808029E-03,4.8987567E-03)  (2.4586916E-03,6.5937638E-03)  
 (2.9616058E-03,-9.7975135E-03)
    2.000000        1.000000        0.000000      
 (-1.7229468E-03,-3.0547380E-03)  (3.4458935E-03,6.1094761E-03)  
 (-7.0221722E-03,6.4074993E-03)
    2.000000        1.000000        1.000000      (2.4400651E-03,2.9057264E-03)
   (-2.2910535E-03,-1.0579824E-02)  (-2.5890768E-03,4.7869980E-03)
    2.000000       -1.000000        0.000000      
 (-4.1723251E-03,-2.4680048E-03)  (-8.3446503E-03,-4.9360096E-03)  
 (-3.0151568E-04,3.4086406E-03)
    2.000000       -1.000000        1.000000      
 (-3.1106174E-03,2.1327287E-03)  (-1.7834827E-03,7.1153045E-03)  
 (4.4330955E-03,2.8498471E-03)
