   0.00000000       0.00000000      -2.00000000     ( -4.65661287E-06, -3.72529030E-05) (  3.72529030E-05, -9.31322575E-06) (  0.00000000    ,  0.00000000    )
   0.00000000       0.00000000      -1.00000000     (  2.76416540E-02, -8.23289156E-03) (  2.54809856E-02,  3.40491533E-02) (  0.00000000    ,  0.00000000    )
   0.00000000       1.00000000      -2.00000000     (  4.65661287E-06, -9.31322575E-06) ( -4.65661287E-06, -1.86264515E-05) ( -2.32830644E-06, -9.31322575E-06)
   0.00000000       1.00000000      -1.00000000     (  1.06357038E-02,  2.64495611E-02) (  1.13795977E-04, -1.68103725E-03) (  1.13795977E-04, -1.68103725E-03)
   0.00000000       2.00000000      -1.00000000     (  7.45058060E-05,  9.31322575E-06) (  9.31322575E-06,  9.31322575E-06) (  1.86264515E-05,  1.86264515E-05)
   0.00000000      -2.00000000      -1.00000000     ( -9.31322575E-06,  1.86264515E-05) (  9.31322575E-06,  1.45519152E-07) ( -1.86264515E-05, -2.91038305E-07)
   0.00000000      -1.00000000      -2.00000000     (  3.72529030E-05,  9.31322575E-06) (  9.31322575E-06,  4.65661287E-06) ( -4.65661287E-06, -2.32830644E-06)
   0.00000000      -1.00000000      -1.00000000     (  8.12113285E-03, -2.32830644E-03) ( -9.15024430E-04,  1.05425715E-02) (  9.15024430E-04, -1.05425715E-02)
   1.00000000       0.00000000      -2.00000000     (  1.86264515E-05, -1.86264515E-05) (  1.86264515E-05, -1.86264515E-05) (  9.31322575E-06, -9.31322575E-06)
   1.00000000       0.00000000      -1.00000000     (  8.43778253E-03, -2.41212547E-03) ( -7.24568963E-03, -3.30619514E-03) (  8.43778253E-03, -2.41212547E-03)
   1.00000000       1.00000000      -2.00000000     (  1.86264515E-05, -9.31322575E-06) ( -4.65661287E-06,  1.86264515E-05) (  9.31322575E-06,  9.31322575E-06)
   1.00000000       1.00000000      -1.00000000     (  1.86264515E-05,  2.32830644E-06) ( -1.86264515E-05, -9.31322575E-06) ( -9.31322575E-06, -9.31322575E-06)
   1.00000000       2.00000000      -1.00000000     ( -2.32830644E-06, -9.31322575E-06) (  4.65661287E-06, -4.65661287E-06) (  9.31322575E-06, -1.86264515E-05)
   1.00000000      -2.00000000      -1.00000000     ( -1.86264515E-05, -2.32830644E-06) ( -9.31322575E-06, -9.31322575E-06) (  9.31322575E-06,  1.86264515E-05)
   1.00000000      -1.00000000      -2.00000000     ( -2.32830644E-06,  1.86264515E-05) (  4.65661287E-06,  4.65661287E-06) ( -4.65661287E-06,  4.65661287E-06)
   1.00000000      -1.00000000      -1.00000000     (  9.31322575E-06, -9.31322575E-06) (  1.86264515E-05, -4.65661287E-06) ( -9.31322575E-06, -9.31322575E-06)
   2.00000000       0.00000000      -1.00000000     (  9.31322575E-06,  4.65661287E-06) (  2.32830644E-06, -2.32830644E-06) (  1.86264515E-05,  9.31322575E-06)
   2.00000000       1.00000000      -1.00000000     (  9.31322575E-06,  4.65661287E-06) ( -1.86264515E-05,  9.31322575E-06) (  2.32830644E-06,  1.86264515E-05)
   2.00000000      -1.00000000      -1.00000000     (  2.32830644E-06, -4.65661287E-06) ( -9.31322575E-06,  1.86264515E-05) (  9.31322575E-06, -1.86264515E-05)
