   0.00000000       0.00000000       1.00000000     (  2.30967999E-02,  1.14738941E-02) (  1.16880983E-03, -2.36183405E-02) (  0.00000000    ,  0.00000000    )
   0.00000000       0.00000000       2.00000000     (  6.70552254E-03, -4.47034836E-03) (  1.14552677E-03,  1.46683306E-03) (  0.00000000    ,  0.00000000    )
   0.00000000       1.00000000       0.00000000     ( -3.02679837E-03,  1.14366412E-02) (  0.00000000    ,  0.00000000    ) (  1.89524144E-03, -2.33761966E-03)
   0.00000000       1.00000000       1.00000000     (  3.12924385E-03, -3.98606062E-03) (  6.53788447E-03, -7.37607479E-03) ( -6.53788447E-03,  7.37607479E-03)
   0.00000000       1.00000000       2.00000000     ( -7.48783350E-03, -7.79982656E-04) ( -6.83590770E-03,  5.58793545E-04) (  3.41795385E-03, -2.79396772E-04)
   0.00000000       2.00000000       0.00000000     ( -7.54371285E-04, -6.72414899E-03) (  0.00000000    ,  0.00000000    ) ( -5.27128577E-03,  3.42261046E-04)
   0.00000000       2.00000000       1.00000000     (  5.25265932E-03,  2.11410224E-03) ( -1.60187483E-03, -2.48663127E-03) (  3.20374966E-03,  4.97326255E-03)
   0.00000000      -2.00000000       0.00000000     ( -7.54371285E-04,  6.72414899E-03) (  0.00000000    ,  0.00000000    ) ( -5.27128577E-03, -3.42261046E-04)
   0.00000000      -2.00000000       1.00000000     ( -9.42498446E-03, -1.98371708E-03) ( -1.55530870E-03,  1.14552677E-03) ( -3.11061740E-03,  2.29105353E-03)
   0.00000000      -1.00000000       0.00000000     ( -3.02679837E-03, -1.14366412E-02) (  0.00000000    ,  0.00000000    ) (  1.89524144E-03,  2.33761966E-03)
   0.00000000      -1.00000000       1.00000000     (  1.09151006E-02, -1.34110451E-02) ( -2.25380063E-03, -2.43075192E-03) ( -2.25380063E-03, -2.43075192E-03)
   0.00000000      -1.00000000       2.00000000     ( -2.89641321E-03, -9.22009349E-04) (  6.65895641E-04,  3.08267772E-03) (  3.32947820E-04,  1.54133886E-03)
   1.00000000       0.00000000       0.00000000     (  0.00000000    ,  0.00000000    ) ( -1.97440386E-02,  5.38304448E-03) (  2.43633986E-02,  2.00420618E-02)
   1.00000000       0.00000000       1.00000000     (  2.21654773E-03, -4.09781933E-03) ( -2.51829624E-02,  1.54972076E-02) ( -2.21654773E-03,  4.09781933E-03)
   1.00000000       0.00000000       2.00000000     (  1.04773790E-03,  2.47731805E-03) (  5.49480319E-03,  4.78699803E-03) ( -5.23868948E-04, -1.23865902E-03)
   1.00000000       1.00000000       0.00000000     (  5.28991222E-03,  1.43889338E-03) ( -5.28991222E-03, -1.43889338E-03) ( -7.02217221E-03,  3.23168933E-03)
   1.00000000       1.00000000       1.00000000     ( -3.50177288E-03,  8.19563866E-04) (  2.50525773E-03, -4.84287739E-04) (  9.98843461E-04, -3.36440280E-04)
   1.00000000       1.00000000       2.00000000     ( -2.14204192E-03, -2.62632966E-03) ( -4.91738319E-03, -3.44589353E-03) (  3.52971256E-03,  3.03611159E-03)
   1.00000000       2.00000000       0.00000000     ( -1.96509063E-03,  5.68106771E-03) (  9.82545316E-04, -2.84053385E-03) ( -8.28877091E-04,  9.38773155E-03)
   1.00000000       2.00000000       1.00000000     (  6.79865479E-03,  2.72877514E-03) ( -2.60770321E-03, -2.38418579E-03) ( -1.58324838E-03,  2.04425305E-03)
   1.00000000      -2.00000000       0.00000000     ( -2.78232619E-04, -2.14204192E-03) ( -1.39116310E-04, -1.07102096E-03) ( -2.09081918E-03,  1.24331564E-03)
   1.00000000      -2.00000000       1.00000000     ( -2.15601176E-03,  6.93835318E-04) ( -2.18395144E-03,  1.42026693E-03) ( -2.21189111E-03,  2.14669853E-03)
   1.00000000      -1.00000000       0.00000000     ( -5.79282641E-03, -4.63798642E-03) ( -5.79282641E-03, -4.63798642E-03) ( -4.33996320E-03,  4.50760126E-03)
   1.00000000      -1.00000000       1.00000000     (  7.18981028E-03,  8.47503543E-03) (  1.28056854E-03,  7.48783350E-03) ( -5.90458512E-03, -9.73232090E-04)
   1.00000000      -1.00000000       2.00000000     (  4.06056643E-03,  6.25848770E-03) (  6.53788447E-03,  2.53319740E-03) (  1.23865902E-03, -1.86264515E-03)
   2.00000000       0.00000000       0.00000000     (  0.00000000    ,  0.00000000    ) (  1.11758709E-02, -6.23986125E-03) ( -4.15369868E-03,  4.03262675E-03)
   2.00000000       0.00000000       1.00000000     ( -4.39584255E-03, -1.01281330E-03) (  3.37138772E-03,  1.10641122E-02) (  8.79168510E-03,  2.02562660E-03)
   2.00000000       1.00000000       0.00000000     ( -2.16998160E-03,  7.52042979E-04) (  4.33996320E-03, -1.50408596E-03) ( -1.12690032E-03, -7.48783350E-03)
   2.00000000       1.00000000       1.00000000     (  2.05822289E-03,  4.50760126E-03) ( -5.06639481E-03, -7.72997737E-03) (  9.59262252E-04, -1.26659870E-03)
   2.00000000      -1.00000000       0.00000000     (  1.50408596E-03, -2.80560926E-04) (  3.00817192E-03, -5.61121851E-04) (  3.87663022E-04,  1.86730176E-03)
   2.00000000      -1.00000000       1.00000000     ( -3.86498868E-03,  5.79748303E-04) ( -3.43658030E-03, -1.97906047E-03) (  4.30271029E-03, -3.13855708E-03)
