   0.00000000       0.00000000       1.00000000     (  2.26311386E-03, -1.12131238E-02) (  2.62260437E-02,  9.96515155E-04) (  0.00000000    ,  0.00000000    )
   0.00000000       0.00000000       2.00000000     (  5.06639481E-03, -9.35979187E-04) ( -6.81728125E-03, -3.85567546E-03) (  0.00000000    ,  0.00000000    )
   0.00000000       1.00000000       0.00000000     (  4.33996320E-03, -3.17580998E-03) (  0.00000000    ,  0.00000000    ) (  1.48266554E-02, -2.25380063E-03)
   0.00000000       1.00000000       1.00000000     ( -1.41444616E-04,  1.79279596E-04) (  4.06056643E-03, -1.22934580E-03) ( -4.06056643E-03,  1.22934580E-03)
   0.00000000       1.00000000       2.00000000     (  3.57627869E-03, -3.61353159E-03) ( -7.77654350E-04,  1.96509063E-03) (  3.88827175E-04, -9.82545316E-04)
   0.00000000       2.00000000       0.00000000     (  1.59256160E-03,  3.66941094E-03) (  0.00000000    ,  0.00000000    ) ( -3.42261046E-04,  1.97440386E-03)
   0.00000000       2.00000000       1.00000000     ( -7.21774995E-04, -3.55765224E-03) ( -5.58793545E-04,  1.05705112E-03) (  1.11758709E-03, -2.11410224E-03)
   0.00000000      -2.00000000       0.00000000     (  1.59256160E-03, -3.66941094E-03) (  0.00000000    ,  0.00000000    ) ( -3.42261046E-04, -1.97440386E-03)
   0.00000000      -2.00000000       1.00000000     ( -9.63918865E-04,  1.57393515E-03) ( -9.82545316E-04, -2.10711733E-04) ( -1.96509063E-03, -4.21423465E-04)
   0.00000000      -1.00000000       0.00000000     (  4.33996320E-03,  3.17580998E-03) (  0.00000000    ,  0.00000000    ) (  1.48266554E-02,  2.25380063E-03)
   0.00000000      -1.00000000       1.00000000     ( -6.83590770E-03, -1.39325857E-02) ( -7.00354576E-03,  5.14090061E-03) ( -7.00354576E-03,  5.14090061E-03)
   0.00000000      -1.00000000       2.00000000     ( -3.37604433E-04, -2.26311386E-03) (  1.82539225E-03,  7.35744834E-04) (  9.12696123E-04,  3.67872417E-04)
   1.00000000       0.00000000       0.00000000     (  0.00000000    ,  0.00000000    ) ( -2.62260437E-02,  1.11013651E-02) (  1.43796206E-02, -4.22820449E-03)
   1.00000000       0.00000000       1.00000000     ( -1.76019967E-03, -1.20606273E-03) ( -2.51457095E-03, -1.11013651E-02) (  1.76019967E-03,  1.20606273E-03)
   1.00000000       0.00000000       2.00000000     ( -2.99885869E-03, -1.64844096E-03) (  1.10012479E-04,  1.36904418E-03) (  1.49942935E-03,  8.24220479E-04)
   1.00000000       1.00000000       0.00000000     (  2.59838998E-03,  1.85333192E-03) ( -2.59838998E-03, -1.85333192E-03) (  4.69386578E-03,  1.08778477E-02)
   1.00000000       1.00000000       1.00000000     ( -7.68341124E-04,  5.67524694E-06) ( -8.52160156E-04,  2.34693289E-03) (  1.62050128E-03, -2.34693289E-03)
   1.00000000       1.00000000       2.00000000     ( -2.73808837E-03,  4.88944352E-04) (  2.03028321E-03,  1.77882612E-03) (  3.51574272E-04, -1.13621354E-03)
   1.00000000       2.00000000       0.00000000     (  3.58559191E-04,  2.32830644E-03) ( -1.79279596E-04, -1.16415322E-03) ( -2.12341547E-03,  6.47269189E-04)
   1.00000000       2.00000000       1.00000000     (  2.06753612E-03,  1.33179128E-03) ( -7.17118382E-04, -4.81959432E-04) ( -6.33299351E-04, -3.67872417E-04)
   1.00000000      -2.00000000       0.00000000     (  8.84756446E-04,  8.24220479E-04) (  4.42378223E-04,  4.12110239E-04) ( -1.82539225E-03,  5.00585884E-04)
   1.00000000      -2.00000000       1.00000000     ( -1.63912773E-03,  3.81842256E-04) ( -4.21423465E-04,  6.65895641E-04) (  8.00937414E-04,  9.45292413E-04)
   1.00000000      -1.00000000       0.00000000     (  3.30619514E-03, -2.77068466E-04) (  3.30619514E-03, -2.77068466E-04) ( -4.73111868E-03,  1.31130219E-02)
   1.00000000      -1.00000000       1.00000000     (  2.60770321E-03,  2.79396772E-03) ( -2.86381692E-04, -4.02331352E-03) ( -2.88709998E-03, -6.81728125E-03)
   1.00000000      -1.00000000       2.00000000     ( -3.74391675E-03, -1.04773790E-03) (  1.22934580E-03,  3.18977982E-04) (  2.49594450E-03,  6.84522092E-04)
   2.00000000       0.00000000       0.00000000     (  0.00000000    ,  0.00000000    ) ( -1.01979822E-03,  3.35276127E-03) ( -1.01979822E-03, -1.57393515E-03)
   2.00000000       0.00000000       1.00000000     ( -5.82076609E-04,  5.61121851E-04) ( -2.15135515E-03, -1.41561031E-03) (  1.16415322E-03, -1.12224370E-03)
   2.00000000       1.00000000       0.00000000     ( -3.58559191E-04, -5.86733222E-04) (  7.17118382E-04,  1.17346644E-03) (  6.23986125E-04,  1.45286322E-03)
   2.00000000       1.00000000       1.00000000     ( -3.49245965E-04,  1.09430403E-04) ( -8.89413059E-04,  9.08039510E-04) (  1.59256160E-03, -1.12690032E-03)
   2.00000000      -1.00000000       0.00000000     ( -1.85333192E-03, -1.14552677E-03) ( -3.70666385E-03, -2.29105353E-03) (  1.46217644E-03,  3.44589353E-03)
   2.00000000      -1.00000000       1.00000000     (  9.35979187E-04, -1.80676579E-03) ( -8.33533704E-04,  1.18743628E-04) ( -2.70083547E-03,  3.74391675E-03)
