   0.00000000       0.00000000      -2.00000000     (  1.09896064E-03,  1.65775418E-03) ( -1.47148967E-03, -1.69966370E-04) (  0.00000000    ,  0.00000000    )
   0.00000000       0.00000000      -1.00000000     (  1.66520476E-02,  2.48663127E-03) (  3.66568565E-02,  1.87754631E-02) (  0.00000000    ,  0.00000000    )
   0.00000000       1.00000000      -2.00000000     (  9.40635800E-04,  2.85217538E-05) ( -2.04890966E-04,  5.96046448E-04) ( -1.02445483E-04,  2.98023224E-04)
   0.00000000       1.00000000      -1.00000000     ( -3.40864062E-03,  3.00258398E-02) ( -6.78002834E-03, -2.15601176E-03) ( -6.78002834E-03, -2.15601176E-03)
   0.00000000       2.00000000      -1.00000000     ( -7.45058060E-04,  2.60770321E-04) (  6.40284270E-05,  6.14672899E-04) (  1.28056854E-04,  1.22934580E-03)
   0.00000000      -2.00000000      -1.00000000     (  1.69500709E-03,  5.96046448E-04) ( -5.21540642E-04, -2.00816430E-05) (  1.04308128E-03,  4.01632860E-05)
   0.00000000      -1.00000000      -2.00000000     ( -4.84287739E-04,  6.79865479E-04) ( -5.68106771E-04, -2.00234354E-04) (  2.84053385E-04,  1.00117177E-04)
   0.00000000      -1.00000000      -1.00000000     (  8.36327672E-03, -1.04308128E-02) ( -1.78348273E-03,  2.40746886E-03) (  1.78348273E-03, -2.40746886E-03)
   1.00000000       0.00000000      -2.00000000     ( -7.72997737E-04, -2.00234354E-04) ( -5.02914190E-04,  1.04308128E-03) ( -3.86498868E-04, -1.00117177E-04)
   1.00000000       0.00000000      -1.00000000     (  9.05245543E-03, -5.17815351E-03) ( -9.83476639E-03,  3.39001417E-03) (  9.05245543E-03, -5.17815351E-03)
   1.00000000       1.00000000      -2.00000000     ( -4.79631126E-04, -6.63567334E-05) (  5.40167093E-04, -1.50874257E-03) (  3.25962901E-05, -7.91624188E-04)
   1.00000000       1.00000000      -1.00000000     ( -1.62050128E-03,  1.54599547E-03) (  1.56462193E-03, -1.46683306E-04) ( -5.35510480E-05,  1.39698386E-03)
   1.00000000       2.00000000      -1.00000000     (  3.39932740E-04, -6.61239028E-04) ( -4.00468707E-04, -4.19095159E-05) ( -4.61004674E-04, -7.45058060E-04)
   1.00000000      -2.00000000      -1.00000000     (  9.59262252E-04,  2.65426934E-04) (  7.17118382E-04,  3.91155481E-04) ( -4.84287739E-04, -5.12227416E-04)
   1.00000000      -1.00000000      -2.00000000     (  5.86733222E-04, -7.26431608E-04) (  5.96046448E-04, -4.74974513E-04) ( -5.38420863E-06, -1.25728548E-04)
   1.00000000      -1.00000000      -1.00000000     (  5.00585884E-05,  1.28522515E-03) ( -7.91624188E-04,  8.19563866E-04) (  8.38190317E-04,  4.56348062E-04)
   2.00000000       0.00000000      -1.00000000     ( -4.19095159E-04, -2.32830644E-04) (  6.23986125E-04, -5.30853868E-04) ( -8.38190317E-04, -4.65661287E-04)
   2.00000000       1.00000000      -1.00000000     (  4.65661287E-04,  2.70083547E-04) ( -5.02914190E-04,  6.79865479E-04) (  4.23751771E-04,  1.22934580E-03)
   2.00000000      -1.00000000      -1.00000000     (  3.21306288E-04,  1.05937943E-04) (  7.17118382E-04, -6.51925802E-04) ( -7.56699592E-05,  8.66129994E-04)
