    0.000000        0.000000       -2.000000      (8.5495412E-03,2.5797635E-03)
   (5.2899122E-03,-2.9895455E-03)  (0.000000,0.000000)
    0.000000        0.000000       -1.000000      
 (2.3096800E-02,-1.2405217E-02)  (-4.7124922E-03,1.9967556E-02)  
 (0.000000,0.000000)
    0.000000        1.000000       -2.000000      
 (-1.0747463E-02,-3.0640513E-03)  (-8.1257895E-04,-5.0477684E-03)  
 (-4.0628947E-04,-2.5238842E-03)
    0.000000        1.000000       -1.000000      (7.4505806E-03,9.7975135E-03)
   (-2.8032809E-03,3.6507845E-03)  (-2.8032809E-03,3.6507845E-03)
    0.000000        2.000000       -1.000000      
 (-1.2591481E-02,9.2945993E-03)  (-3.9208680E-03,-1.0011718E-03)  
 (-7.8417361E-03,-2.0023435E-03)
    0.000000       -2.000000       -1.000000      (1.0952353E-02,2.8032809E-03)
   (-2.1478627E-04,2.5657937E-03)  (4.2957254E-04,-5.1315874E-03)
    0.000000       -1.000000       -2.000000      
 (-8.4936619E-03,2.2305176E-03)  (-8.3446503E-03,-5.7625584E-05)  
 (4.1723251E-03,2.8812792E-05)
    0.000000       -1.000000       -1.000000      (3.9674342E-03,7.8463927E-04)
   (7.3760748E-03,6.0349703E-03)  (-7.3760748E-03,-6.0349703E-03)
    1.000000        0.000000       -2.000000      (7.0035458E-03,4.3865293E-03)
   (-2.2957101E-03,7.8976154E-03)  (3.5017729E-03,2.1932647E-03)
    1.000000        0.000000       -1.000000      
 (4.1723251E-03,-3.1432137E-05)  (9.5367432E-03,-2.2631139E-03)  
 (4.1723251E-03,-3.1432137E-05)
    1.000000        1.000000       -2.000000      
 (-3.1944364E-03,-2.9150397E-03)  (1.5553087E-03,-1.3075769E-02)  
 (-8.1956387E-04,-7.9907477E-03)
    1.000000        1.000000       -1.000000      
 (-8.6240470E-03,-5.1315874E-03)  (3.6787242E-03,-6.6240318E-04)  
 (-4.9546361E-03,-5.7928264E-03)
    1.000000        2.000000       -1.000000      
 (-9.9465251E-03,-3.8556755E-03)  (1.8859282E-03,2.3981556E-03)  
 (-6.1653554E-03,9.3365088E-04)
    1.000000       -2.000000       -1.000000      
 (-8.1257895E-04,-6.3888729E-03)  (-1.5599653E-03,-3.7439167E-03)  
 (2.3096800E-03,1.1106022E-03)
    1.000000       -1.000000       -2.000000      (4.4610351E-03,2.5518239E-03)
   (-3.1199306E-03,2.8032809E-03)  (3.7904829E-03,-1.2514647E-04)
    1.000000       -1.000000       -1.000000      
 (-8.8475645E-03,2.6682392E-03)  (-8.5867941E-03,1.0710210E-03)  
 (-2.5029294E-04,1.5972182E-03)
    2.000000        0.000000       -1.000000      
 (-6.1700121E-04,4.3958426E-03)  (-9.3132257E-04,7.0594251E-03)  
 (-1.2340024E-03,8.7916851E-03)
    2.000000        1.000000       -1.000000      (3.8882717E-04,3.5739504E-04)
   (4.1723251E-03,-7.0221722E-03)  (4.9453229E-03,-6.2957406E-03)
    2.000000       -1.000000       -1.000000      
 (-1.6158447E-03,1.6851118E-04)  (1.0849908E-03,4.1909516E-03)  
 (-4.3120235E-03,-3.8463622E-03)
