   0.00000000       0.00000000      -2.00000000     (  7.07805157E-04,  9.31322575E-04) ( -8.75443220E-04, -1.16415322E-04) (  0.00000000    ,  0.00000000    )
   0.00000000       0.00000000      -1.00000000     (  1.63912773E-02,  3.46451998E-03) (  3.79979610E-02,  1.80676579E-02) (  0.00000000    ,  0.00000000    )
   0.00000000       1.00000000      -2.00000000     (  5.86733222E-04,  2.27009878E-05) ( -4.54019755E-05,  3.35276127E-04) ( -2.27009878E-05,  1.67638063E-04)
   0.00000000       1.00000000      -1.00000000     ( -3.96743417E-03,  3.03983688E-02) ( -7.28294253E-03, -2.15135515E-03) ( -7.28294253E-03, -2.15135515E-03)
   0.00000000       2.00000000      -1.00000000     ( -3.63215804E-04,  1.67638063E-04) ( -3.34694050E-06,  3.91155481E-04) ( -6.69388101E-06,  7.82310963E-04)
   0.00000000      -2.00000000      -1.00000000     (  1.04308128E-03,  3.25962901E-04) ( -3.16649675E-04,  2.73576006E-05) (  6.33299351E-04, -5.47152013E-05)
   0.00000000      -1.00000000      -2.00000000     ( -2.14204192E-04,  4.00468707E-04) ( -3.25962901E-04, -1.46683306E-04) (  1.62981451E-04,  7.33416528E-05)
   0.00000000      -1.00000000      -1.00000000     (  8.64267349E-03, -1.05053186E-02) ( -1.47614628E-03,  2.20723450E-03) (  1.47614628E-03, -2.20723450E-03)
   1.00000000       0.00000000      -2.00000000     ( -4.74974513E-04, -1.72294676E-04) ( -2.37487257E-04,  6.89178705E-04) ( -2.37487257E-04, -8.61473382E-05)
   1.00000000       0.00000000      -1.00000000     (  9.36910510E-03, -5.30853868E-03) ( -9.94652510E-03,  4.75905836E-03) (  9.36910510E-03, -5.30853868E-03)
   1.00000000       1.00000000      -2.00000000     ( -2.46800482E-04,  1.27329258E-06) (  2.79396772E-04, -8.38190317E-04) (  1.74622983E-05, -4.19095159E-04)
   1.00000000       1.00000000      -1.00000000     ( -1.04308128E-03,  1.06170774E-03) (  8.75443220E-04, -2.14204192E-04) ( -1.72294676E-04,  8.56816769E-04)
   1.00000000       2.00000000      -1.00000000     (  1.86264515E-04, -5.02914190E-04) ( -2.00234354E-04,  6.05359674E-05) ( -2.14204192E-04, -3.81842256E-04)
   1.00000000      -2.00000000      -1.00000000     (  5.21540642E-04,  1.39698386E-04) (  4.37721610E-04,  2.14204192E-04) ( -3.44589353E-04, -2.88709998E-04)
   1.00000000      -1.00000000      -2.00000000     (  3.53902578E-04, -4.47034836E-04) (  2.98023224E-04, -2.60770321E-04) (  2.61934474E-05, -9.31322575E-05)
   1.00000000      -1.00000000      -1.00000000     (  3.25962901E-05,  7.26431608E-04) ( -4.56348062E-04,  5.02914190E-04) (  4.84287739E-04,  2.23517418E-04)
   2.00000000       0.00000000      -1.00000000     ( -2.74740160E-04, -1.32713467E-04) (  4.19095159E-04, -3.91155481E-04) ( -5.49480319E-04, -2.65426934E-04)
   2.00000000       1.00000000      -1.00000000     (  3.07336450E-04,  1.53668225E-04) ( -3.63215804E-04,  5.12227416E-04) (  2.60770321E-04,  8.19563866E-04)
   2.00000000      -1.00000000      -1.00000000     (  2.09547579E-04,  7.68341124E-05) (  3.91155481E-04, -3.25962901E-04) (  3.31783667E-05,  4.84287739E-04)
