    0.000000        0.000000        1.000000      (2.3618340E-02,1.3150275E-02)
   (-1.6093254E-02,-1.9222498E-02)  (0.000000,0.000000)
    0.000000        0.000000        2.000000      (1.4435500E-03,1.3096724E-05)
   (1.9930303E-03,1.8067658E-03)  (0.000000,0.000000)
    0.000000        1.000000        0.000000      (4.3958426E-03,2.4307519E-03)
   (0.000000,0.000000)  (5.7555735E-03,-1.7287675E-04)
    0.000000        1.000000        1.000000      (7.2643161E-03,1.0430813E-02)
   (4.6938658E-03,-4.4330955E-03)  (-4.6938658E-03,4.4330955E-03)
    0.000000        1.000000        2.000000      
 (-3.2037497E-03,-5.4016709E-04)  (-1.2223609E-04,-1.6111881E-03)  
 (6.1118044E-05,8.0559403E-04)
    0.000000        2.000000        0.000000      
 (-1.5832484E-03,1.0523945E-03)  (0.000000,0.000000)  
 (1.1362135E-03,1.2852252E-03)
    0.000000        2.000000        1.000000      
 (9.9185854E-04,-1.1734664E-03)  (-7.2177500E-04,-2.1187589E-04)  
 (1.4435500E-03,4.2375177E-04)
    0.000000       -2.000000        0.000000      
 (-1.5832484E-03,-1.0523945E-03)  (0.000000,0.000000)  
 (1.1362135E-03,-1.2852252E-03)
    0.000000       -2.000000        1.000000      
 (-3.2223761E-03,-3.9860606E-03)  (-5.1688403E-04,-2.6077032E-04)  
 (-1.0337681E-03,-5.2154064E-04)
    0.000000       -1.000000        0.000000      
 (4.3958426E-03,-2.4307519E-03)  (0.000000,0.000000)  
 (5.7555735E-03,1.7287675E-04)
    0.000000       -1.000000        1.000000      
 (1.1026859E-02,-3.9488077E-03)  (-6.6589564E-04,-6.6682696E-03)  
 (-6.6589564E-04,-6.6682696E-03)
    0.000000       -1.000000        2.000000      
 (-4.7311187E-03,-8.1956387E-04)  (-1.5925616E-03,-2.2165477E-03)  
 (-7.9628080E-04,-1.1082739E-03)
    1.000000        0.000000        0.000000      (0.000000,0.000000)  
 (-3.2186508E-02,7.6740980E-03)  (1.6763806E-02,2.2202730E-02)
    1.000000        0.000000        1.000000      
 (-4.8987567E-03,-1.7974526E-03)  (-1.5199184E-02,1.4118850E-02)  
 (4.8987567E-03,1.7974526E-03)
    1.000000        0.000000        2.000000      (5.6388672E-06,1.0710210E-03)
   (1.6670674E-03,2.4214387E-03)  (-2.8194336E-06,-5.3551048E-04)
    1.000000        1.000000        0.000000      
 (1.1734664E-03,-1.1036173E-03)  (-1.1734664E-03,1.1036173E-03)  
 (4.3655746E-04,4.8987567E-03)
    1.000000        1.000000        1.000000      (1.0989606E-03,2.0675361E-03)
   (-1.6205013E-03,-2.3469329E-03)  (5.3085387E-04,2.7706847E-04)
    1.000000        1.000000        2.000000      
 (-1.5832484E-03,1.2665987E-03)  (4.3772161E-04,-6.2398612E-04)  
 (5.7276338E-04,-3.2130629E-04)
    1.000000        2.000000        0.000000      (2.1979213E-03,1.0803342E-03)
   (-1.0989606E-03,-5.4016709E-04)  (5.2619725E-04,2.1234155E-03)
    1.000000        2.000000        1.000000      (7.8696758E-04,1.0617077E-03)
   (-1.0430813E-03,2.9336661E-04)  (1.2945384E-03,-1.6484410E-03)
    1.000000       -2.000000        0.000000      (9.7788870E-04,1.1269003E-03)
   (4.8894435E-04,5.6345016E-04)  (-1.4714897E-03,2.3283064E-06)
    1.000000       -2.000000        1.000000      
 (-1.6950071E-03,-1.0803342E-03)  (-9.3132257E-04,-9.5460564E-04)  
 (-1.6880222E-04,-8.2422048E-04)
    1.000000       -1.000000        0.000000      
 (1.7508864E-03,-6.8219379E-04)  (1.7508864E-03,-6.8219379E-04)  
 (-8.3446503E-03,1.8486753E-03)
    1.000000       -1.000000        1.000000      
 (4.0419400E-03,-3.5390258E-03)  (8.7544322E-04,-2.0116568E-03)  
 (-3.1664968E-03,1.5273690E-03)
    1.000000       -1.000000        2.000000      
 (-2.4586916E-03,-1.2759119E-03)  (-2.9243529E-03,-1.8905848E-03)  
 (-2.3748726E-04,-3.0500814E-04)
    2.000000        0.000000        0.000000      (0.000000,0.000000)  
 (3.1851232E-03,8.3236955E-05)  (-6.7986548E-04,-9.4529241E-04)
    2.000000        0.000000        1.000000      
 (-3.5390258E-04,2.0675361E-03)  (9.2666596E-04,2.8498471E-03)  
 (7.0780516E-04,-4.1350722E-03)
    2.000000        1.000000        0.000000      
 (-6.5658242E-04,-1.4714897E-03)  (1.3131648E-03,2.9429793E-03)  
 (-3.1664968E-03,3.7997961E-03)
    2.000000        1.000000        1.000000      (1.0803342E-03,1.0151416E-03)
   (-5.3551048E-04,-4.2468309E-03)  (-1.6205013E-03,2.1979213E-03)
    2.000000       -1.000000        0.000000      
 (-2.3655593E-03,-7.7299774E-04)  (-4.7311187E-03,-1.5459955E-03)  
 (-1.0523945E-03,1.6670674E-03)
    2.000000       -1.000000        1.000000      
 (-1.0197982E-03,5.1688403E-04)  (-8.0326572E-05,2.6822090E-03)  
 (1.9557774E-03,1.6484410E-03)
