   0.00000000       0.00000000      -2.00000000     ( -3.70200723E-04, -2.73808837E-03) (  2.16066837E-03, -9.40635800E-04) (  0.00000000    ,  0.00000000    )
   0.00000000       0.00000000      -1.00000000     (  2.55554914E-02, -4.85219061E-03) (  3.30060720E-02,  3.09944153E-02) (  0.00000000    ,  0.00000000    )
   0.00000000       1.00000000      -2.00000000     ( -9.77888703E-05, -3.11993062E-04) (  3.86498868E-04, -8.75443220E-04) (  1.93249434E-04, -4.37721610E-04)
   0.00000000       1.00000000      -1.00000000     (  3.82773578E-03,  3.15904617E-02) ( -2.62632966E-03, -3.40864062E-03) ( -2.62632966E-03, -3.40864062E-03)
   0.00000000       2.00000000      -1.00000000     (  3.46451998E-03,  4.23751771E-04) (  5.26197255E-04,  1.79279596E-04) (  1.05239451E-03,  3.58559191E-04)
   0.00000000      -2.00000000      -1.00000000     ( -1.31316483E-03,  4.05125320E-04) (  9.49949026E-04,  4.47034836E-04) ( -1.89989805E-03, -8.94069672E-04)
   0.00000000      -1.00000000      -2.00000000     (  1.97440386E-03, -2.07219273E-04) (  1.01514161E-03,  6.37955964E-04) ( -5.07570803E-04, -3.18977982E-04)
   0.00000000      -1.00000000      -1.00000000     (  8.32602382E-03, -7.93486834E-03) ( -2.70549208E-03,  7.93486834E-03) (  2.70549208E-03, -7.93486834E-03)
   1.00000000       0.00000000      -2.00000000     (  1.11758709E-03, -7.31088221E-04) (  1.42492354E-03, -9.03382897E-04) (  5.58793545E-04, -3.65544111E-04)
   1.00000000       0.00000000      -1.00000000     (  1.00024045E-02, -4.50760126E-03) ( -1.03935599E-02, -2.91503966E-03) (  1.00024045E-02, -4.50760126E-03)
   1.00000000       1.00000000      -2.00000000     (  1.11758709E-03,  3.56230885E-04) ( -9.66247171E-05,  1.69500709E-03) (  5.07570803E-04,  1.03376806E-03)
   1.00000000       1.00000000      -1.00000000     (  8.38190317E-04, -3.14321369E-04) ( -2.06753612E-03, -1.15483999E-03) ( -1.22934580E-03, -1.47148967E-03)
   1.00000000       2.00000000      -1.00000000     ( -6.22821972E-05, -1.17346644E-03) (  4.93600965E-04,  4.84287739E-04) (  9.22009349E-04, -2.04890966E-04)
   1.00000000      -2.00000000      -1.00000000     ( -1.71363354E-03, -7.54371285E-04) ( -1.10827386E-03, -1.09896064E-03) (  4.88944352E-04,  1.43423676E-03)
   1.00000000      -1.00000000      -2.00000000     ( -7.91624188E-04,  1.16415322E-03) ( -8.38190317E-04, -5.82076609E-05) (  1.97906047E-05,  6.10016286E-04)
   1.00000000      -1.00000000      -1.00000000     (  6.33299351E-04, -1.63912773E-03) (  1.97440386E-03, -5.35510480E-04) ( -1.34110451E-03, -1.10827386E-03)
   2.00000000       0.00000000      -1.00000000     (  7.63684511E-04,  1.75787136E-04) (  1.30385160E-04, -2.46800482E-04) (  1.52736902E-03,  3.51574272E-04)
   2.00000000       1.00000000      -1.00000000     (  7.91624188E-04,  2.86381692E-04) ( -1.28522515E-03,  6.98491931E-04) (  2.95694917E-04,  1.26659870E-03)
   2.00000000      -1.00000000      -1.00000000     ( -8.61473382E-05, -2.72411853E-04) ( -1.31316483E-03,  1.08033419E-03) (  1.14552677E-03, -1.62050128E-03)
