   0.00000000       0.00000000       1.00000000     (  6.58910722E-04, -1.08405948E-02) (  2.24262476E-02,  3.40864062E-03) (  0.00000000    ,  0.00000000    )
   0.00000000       0.00000000       2.00000000     (  8.19563866E-03, -2.09547579E-03) ( -1.19954348E-02, -6.37024641E-03) (  0.00000000    ,  0.00000000    )
   0.00000000       1.00000000       0.00000000     (  5.27128577E-03, -2.27242708E-03) (  0.00000000    ,  0.00000000    ) (  1.40815973E-02, -3.83704901E-03)
   0.00000000       1.00000000       1.00000000     ( -2.95229256E-03, -1.29453838E-03) (  4.07919288E-03, -1.25728548E-03) ( -4.07919288E-03,  1.25728548E-03)
   0.00000000       1.00000000       2.00000000     (  6.05359674E-03, -5.30853868E-03) ( -2.54251063E-03,  2.65426934E-03) (  1.27125531E-03, -1.32713467E-03)
   0.00000000       2.00000000       0.00000000     ( -5.25324140E-05,  7.37607479E-03) (  0.00000000    ,  0.00000000    ) ( -1.14552677E-03,  2.29105353E-03)
   0.00000000       2.00000000       1.00000000     ( -1.08499080E-03, -5.06639481E-03) ( -1.62981451E-03,  1.70432031E-03) (  3.25962901E-03, -3.40864062E-03)
   0.00000000      -2.00000000       0.00000000     ( -5.25324140E-05, -7.37607479E-03) (  0.00000000    ,  0.00000000    ) ( -1.14552677E-03, -2.29105353E-03)
   0.00000000      -2.00000000       1.00000000     (  9.49949026E-04,  1.32247806E-03) ( -8.17235559E-04,  2.22353265E-04) ( -1.63447112E-03,  4.44706529E-04)
   0.00000000      -1.00000000       0.00000000     (  5.27128577E-03,  2.27242708E-03) (  0.00000000    ,  0.00000000    ) (  1.40815973E-02,  3.83704901E-03)
   0.00000000      -1.00000000       1.00000000     ( -7.22706318E-03, -1.17719173E-02) ( -5.92321157E-03,  5.58793545E-03) ( -5.92321157E-03,  5.58793545E-03)
   0.00000000      -1.00000000       2.00000000     ( -1.71363354E-03, -3.40864062E-03) (  1.68103725E-03,  2.42143869E-03) (  8.40518624E-04,  1.21071935E-03)
   1.00000000       0.00000000       0.00000000     (  0.00000000    ,  0.00000000    ) ( -2.46614218E-02,  8.04662704E-03) (  1.45286322E-02, -4.35858965E-03)
   1.00000000       0.00000000       1.00000000     ( -1.52736902E-03, -1.76951289E-03) (  4.13274392E-04, -8.49366188E-03) (  1.52736902E-03,  1.76951289E-03)
   1.00000000       0.00000000       2.00000000     ( -4.30271029E-03, -1.77882612E-03) ( -7.24103302E-04,  2.55182385E-03) (  2.15135515E-03,  8.89413059E-04)
   1.00000000       1.00000000       0.00000000     (  1.53202564E-03,  9.45292413E-04) ( -1.53202564E-03, -9.45292413E-04) (  5.97909093E-03,  1.19954348E-02)
   1.00000000       1.00000000       1.00000000     ( -3.12924385E-03, -6.75208867E-04) (  8.89413059E-04,  4.28408384E-03) (  2.24448740E-03, -3.61353159E-03)
   1.00000000       1.00000000       2.00000000     ( -2.63564289E-03,  1.10827386E-03) (  3.02679837E-03,  1.70432031E-03) ( -1.96159817E-04, -1.40629709E-03)
   1.00000000       2.00000000       0.00000000     (  1.87428668E-04,  1.83470547E-03) ( -9.37143341E-05, -9.17352736E-04) ( -2.79396772E-03, -6.66477717E-05)
   1.00000000       2.00000000       1.00000000     (  3.32482159E-03,  8.52160156E-04) ( -1.18743628E-03, -3.73693183E-04) ( -9.54605639E-04, -1.06520019E-04)
   1.00000000      -2.00000000       0.00000000     (  1.43772922E-04,  5.68106771E-04) (  7.18864612E-05,  2.84053385E-04) ( -2.44937837E-03,  3.12924385E-03)
   1.00000000      -2.00000000       1.00000000     ( -1.27591193E-03,  1.87428668E-04) (  6.28642738E-04,  1.89756975E-04) (  2.53319740E-03,  1.90921128E-04)
   1.00000000      -1.00000000       0.00000000     (  4.60073352E-03,  9.54605639E-04) (  4.60073352E-03,  9.54605639E-04) ( -3.50177288E-03,  7.37607479E-03)
   1.00000000      -1.00000000       1.00000000     (  1.17812306E-03,  4.22820449E-03) ( -6.96163625E-04, -4.93600965E-03) ( -1.87195837E-03, -9.16421413E-03)
   1.00000000      -1.00000000       2.00000000     ( -5.68106771E-03, -1.61118805E-03) (  1.94646418E-03,  8.56816769E-04) (  3.81842256E-03,  1.23400241E-03)
   2.00000000       0.00000000       0.00000000     (  0.00000000    ,  0.00000000    ) ( -2.38418579E-03,  4.22820449E-03) ( -1.97178451E-05, -2.78465450E-03)
   2.00000000       0.00000000       1.00000000     ( -1.11293048E-03,  1.11758709E-03) ( -2.80328095E-03, -3.52039933E-03) (  2.22586095E-03, -2.23517418E-03)
   2.00000000       1.00000000       0.00000000     ( -9.35979187E-04, -1.33644789E-03) (  1.87195837E-03,  2.67289579E-03) (  6.23986125E-04,  3.40864062E-03)
   2.00000000       1.00000000       1.00000000     ( -6.86850399E-04,  3.28291208E-04) ( -5.54136932E-04,  1.22468919E-03) (  1.92783773E-03, -1.88127160E-03)
   2.00000000      -1.00000000       0.00000000     ( -2.95229256E-03, -1.35973096E-03) ( -5.90458512E-03, -2.71946192E-03) (  1.71363354E-03,  6.27711415E-03)
   2.00000000      -1.00000000       1.00000000     (  2.11410224E-03, -1.56927854E-03) ( -1.41095370E-03,  5.16884029E-04) ( -5.62518835E-03,  3.65078449E-03)
