   0.00000000       0.00000000      -2.00000000     (  5.02914190E-04,  6.14672899E-04) ( -6.14672899E-04, -8.14907253E-05) (  0.00000000    ,  0.00000000    )
   0.00000000       0.00000000      -1.00000000     (  1.62795186E-02,  3.93949449E-03) (  3.85940075E-02,  1.76951289E-02) (  0.00000000    ,  0.00000000    )
   0.00000000       1.00000000      -2.00000000     (  4.09781933E-04,  1.74622983E-05) ( -9.31322575E-06,  2.23517418E-04) ( -4.65661287E-06,  1.11758709E-04)
   0.00000000       1.00000000      -1.00000000     ( -4.21889126E-03,  3.04728746E-02) ( -7.50645995E-03, -2.17463821E-03) ( -7.50645995E-03, -2.17463821E-03)
   0.00000000       2.00000000      -1.00000000     ( -2.32830644E-04,  1.16415322E-04) ( -1.92085281E-05,  2.79396772E-04) ( -3.84170562E-05,  5.58793545E-04)
   0.00000000      -2.00000000      -1.00000000     (  7.26431608E-04,  2.14204192E-04) ( -2.14204192E-04,  3.14321369E-05) (  4.28408384E-04, -6.28642738E-05)
   0.00000000      -1.00000000      -2.00000000     ( -1.21071935E-04,  2.70083547E-04) ( -2.23517418E-04, -1.11758709E-04) (  1.11758709E-04,  5.58793545E-05)
   0.00000000      -1.00000000      -1.00000000     (  8.75443220E-03, -1.05053186E-02) ( -1.31316483E-03,  2.12341547E-03) (  1.31316483E-03, -2.12341547E-03)
   1.00000000       0.00000000      -2.00000000     ( -3.25962901E-04, -1.35041773E-04) ( -1.39698386E-04,  4.84287739E-04) ( -1.62981451E-04, -6.75208867E-05)
   1.00000000       0.00000000      -1.00000000     (  9.49949026E-03, -5.34579158E-03) ( -9.98377800E-03,  5.43892384E-03) (  9.49949026E-03, -5.34579158E-03)
   1.00000000       1.00000000      -2.00000000     ( -1.53668225E-04,  1.62981451E-05) (  1.76951289E-04, -5.58793545E-04) (  1.22236088E-05, -2.70083547E-04)
   1.00000000       1.00000000      -1.00000000     ( -7.45058060E-04,  7.82310963E-04) (  5.77419996E-04, -1.86264515E-04) ( -1.67638063E-04,  5.96046448E-04)
   1.00000000       2.00000000      -1.00000000     (  1.21071935E-04, -3.81842256E-04) ( -1.25728548E-04,  6.75208867E-05) ( -1.30385160E-04, -2.42143869E-04)
   1.00000000      -2.00000000      -1.00000000     (  3.44589353E-04,  8.84756446E-05) (  2.98023224E-04,  1.39698386E-04) ( -2.51457095E-04, -1.90921128E-04)
   1.00000000      -1.00000000      -2.00000000     (  2.42143869E-04, -3.16649675E-04) (  1.90921128E-04, -1.72294676E-04) (  2.67755240E-05, -7.21774995E-05)
   1.00000000      -1.00000000      -1.00000000     (  2.09547579E-05,  4.84287739E-04) ( -3.07336450E-04,  3.53902578E-04) (  3.25962901E-04,  1.39698386E-04)
   2.00000000       0.00000000      -1.00000000     ( -1.95577741E-04, -8.84756446E-05) (  3.07336450E-04, -2.88709998E-04) ( -3.91155481E-04, -1.76951289E-04)
   2.00000000       1.00000000      -1.00000000     (  2.14204192E-04,  1.00117177E-04) ( -2.60770321E-04,  3.81842256E-04) (  1.72294676E-04,  5.77419996E-04)
   2.00000000      -1.00000000      -1.00000000     (  1.53668225E-04,  5.58793545E-05) (  2.51457095E-04, -2.04890966E-04) (  4.77302819E-05,  3.16649675E-04)
