   0.00000000       0.00000000      -2.00000000     ( -3.39932740E-04, -1.99303031E-03) (  1.56462193E-03, -6.14672899E-04) (  0.00000000    ,  0.00000000    )
   0.00000000       0.00000000      -1.00000000     (  2.45124102E-02, -4.06056643E-03) (  3.36021185E-02,  2.96533108E-02) (  0.00000000    ,  0.00000000    )
   0.00000000       1.00000000      -2.00000000     ( -2.16532499E-04, -1.51339918E-04) (  4.09781933E-04, -5.96046448E-04) (  2.04890966E-04, -2.98023224E-04)
   0.00000000       1.00000000      -1.00000000     (  2.63098627E-03,  3.17394733E-02) ( -3.16649675E-03, -3.47383320E-03) ( -3.16649675E-03, -3.47383320E-03)
   0.00000000       2.00000000      -1.00000000     (  2.38418579E-03,  2.35158950E-04) (  3.02679837E-04,  2.15368345E-05) (  6.05359674E-04,  4.30736691E-05)
   0.00000000      -2.00000000      -1.00000000     ( -1.02445483E-03,  9.89530236E-05) (  6.79865479E-04,  3.39932740E-04) ( -1.35973096E-03, -6.79865479E-04)
   0.00000000      -1.00000000      -2.00000000     (  1.32247806E-03, -2.51457095E-04) (  7.63684511E-04,  4.37721610E-04) ( -3.81842256E-04, -2.18860805E-04)
   0.00000000      -1.00000000      -1.00000000     (  8.21426511E-03, -8.60542059E-03) ( -2.82190740E-03,  7.15255737E-03) (  2.82190740E-03, -7.15255737E-03)
   1.00000000       0.00000000      -2.00000000     (  7.63684511E-04, -4.61004674E-04) (  1.04308128E-03, -6.05359674E-04) (  3.81842256E-04, -2.30502337E-04)
   1.00000000       0.00000000      -1.00000000     (  9.94652510E-03, -4.68455255E-03) ( -1.04121864E-02, -2.62632966E-03) (  9.94652510E-03, -4.68455255E-03)
   1.00000000       1.00000000      -2.00000000     (  7.26431608E-04,  3.16649675E-04) ( -1.69966370E-04,  1.28522515E-03) (  2.79396772E-04,  8.00937414E-04)
   1.00000000       1.00000000      -1.00000000     (  6.51925802E-04, -3.07336450E-04) ( -1.56462193E-03, -8.47503543E-04) ( -9.22009349E-04, -1.15483999E-03)
   1.00000000       2.00000000      -1.00000000     ( -6.11180440E-05, -8.56816769E-04) (  3.77185643E-04,  4.79631126E-04) (  6.98491931E-04,  1.03609636E-04)
   1.00000000      -2.00000000      -1.00000000     ( -1.28522515E-03, -5.86733222E-04) ( -8.10250640E-04, -7.54371285E-04) (  3.35276127E-04,  9.12696123E-04)
   1.00000000      -1.00000000      -2.00000000     ( -6.14672899E-04,  7.82310963E-04) ( -7.82310963E-04, -5.82076609E-06) (  8.61473382E-05,  3.95812094E-04)
   1.00000000      -1.00000000      -1.00000000     (  4.00468707E-04, -1.24797225E-03) (  1.41561031E-03, -4.19095159E-04) ( -1.01514161E-03, -8.28877091E-04)
   2.00000000       0.00000000      -1.00000000     (  5.30853868E-04,  1.28056854E-04) (  8.96397978E-05, -1.67638063E-04) (  1.06170774E-03,  2.56113708E-04)
   2.00000000       1.00000000      -1.00000000     (  5.12227416E-04,  1.62981451E-04) ( -8.28877091E-04,  4.61004674E-04) (  1.88592821E-04,  7.82310963E-04)
   2.00000000      -1.00000000      -1.00000000     ( -9.42964107E-05, -1.55996531E-04) ( -1.02445483E-03,  8.19563866E-04) (  8.28877091E-04, -1.13621354E-03)
