   0.00000000       0.00000000      -2.00000000     (  6.79865479E-03,  4.84287739E-03) (  6.49597496E-04, -1.49477273E-03) (  0.00000000    ,  0.00000000    )
   0.00000000       0.00000000      -1.00000000     (  2.30967999E-02, -1.13621354E-02) (  1.91386789E-03,  2.40653753E-02) (  0.00000000    ,  0.00000000    )
   0.00000000       1.00000000      -2.00000000     ( -2.30967999E-03,  1.51339918E-03) (  7.56699592E-04, -2.62632966E-03) (  3.78349796E-04, -1.31316483E-03)
   0.00000000       1.00000000      -1.00000000     (  1.13621354E-02,  1.37463212E-02) ( -2.05822289E-03,  2.30967999E-03) ( -2.05822289E-03,  2.30967999E-03)
   0.00000000       2.00000000      -1.00000000     ( -9.76026058E-03,  1.31782144E-03) ( -1.49011612E-03, -1.27591193E-03) ( -2.98023224E-03, -2.55182385E-03)
   0.00000000      -2.00000000      -1.00000000     (  4.84287739E-03, -2.82190740E-03) ( -1.85333192E-03,  2.51457095E-03) (  3.70666385E-03, -5.02914190E-03)
   0.00000000      -1.00000000      -2.00000000     ( -7.69272447E-03,  6.56582415E-04) ( -6.72414899E-03, -5.58793545E-04) (  3.36207449E-03,  2.79396772E-04)
   0.00000000      -1.00000000      -1.00000000     (  3.08267772E-03,  4.24683094E-03) (  6.27711415E-03,  7.52508640E-03) ( -6.27711415E-03, -7.52508640E-03)
   1.00000000       0.00000000      -2.00000000     (  2.10944563E-03,  5.27128577E-03) ( -4.02331352E-03,  8.40052962E-03) (  1.05472282E-03,  2.63564289E-03)
   1.00000000       0.00000000      -1.00000000     (  3.44589353E-03,  4.00468707E-04) (  7.74860382E-03, -9.35979187E-04) (  3.44589353E-03,  4.00468707E-04)
   1.00000000       1.00000000      -2.00000000     ( -4.82425094E-03, -3.56696546E-03) (  5.83007932E-03, -6.92903996E-03) (  5.02914190E-04, -5.25265932E-03)
   1.00000000       1.00000000      -1.00000000     ( -8.17701221E-03, -4.53554094E-03) (  6.20260835E-03, -1.09139364E-04) ( -1.96974725E-03, -4.63798642E-03)
   1.00000000       2.00000000      -1.00000000     ( -5.01051545E-03, -1.50874257E-03) (  5.12227416E-04,  1.43423676E-03) ( -3.99537385E-03,  1.35973096E-03)
   1.00000000      -2.00000000      -1.00000000     (  5.39002940E-04, -3.11993062E-03) (  6.07687980E-04, -3.13855708E-03) ( -6.75208867E-04,  3.15718353E-03)
   1.00000000      -1.00000000      -2.00000000     (  4.17931005E-04,  3.35276127E-04) (  8.70786607E-04, -2.51457095E-04) ( -2.27009878E-04,  2.93366611E-04)
   1.00000000      -1.00000000      -1.00000000     ( -4.13507223E-03,  8.56816769E-04) ( -6.85453415E-03,  8.87084752E-04) (  2.72877514E-03, -3.04862624E-05)
   2.00000000       0.00000000      -1.00000000     ( -2.21189111E-03,  1.01979822E-03) ( -9.16421413E-03,  3.77185643E-03) ( -4.42378223E-03,  2.03959644E-03)
   2.00000000       1.00000000      -1.00000000     (  8.73114914E-04,  2.00234354E-03) (  1.72294676E-03, -5.06639481E-03) (  3.46451998E-03, -1.05937943E-03)
   2.00000000      -1.00000000      -1.00000000     (  7.49714673E-04, -2.13272870E-03) (  2.59838998E-03, -2.07219273E-03) ( -1.09430403E-03, -2.18860805E-03)
