   0.00000000       0.00000000      -2.00000000     ( -2.42143869E-04, -2.29105353E-03) (  1.82539225E-03, -8.47503543E-04) (  0.00000000    ,  0.00000000    )
   0.00000000       0.00000000      -1.00000000     (  2.73436308E-02, -6.87316060E-03) (  2.95788050E-02,  3.34531069E-02) (  0.00000000    ,  0.00000000    )
   0.00000000       1.00000000      -2.00000000     (  2.86381692E-04, -4.61004674E-04) ( -9.42964107E-05, -8.94069672E-04) ( -4.71482053E-05, -4.47034836E-04)
   0.00000000       1.00000000      -1.00000000     (  7.58096576E-03,  2.95042992E-02) ( -1.02445483E-03, -2.66823918E-03) ( -1.02445483E-03, -2.66823918E-03)
   0.00000000       2.00000000      -1.00000000     (  3.35276127E-03,  5.16884029E-04) (  6.51925802E-04,  4.28408384E-04) (  1.30385160E-03,  8.56816769E-04)
   0.00000000      -2.00000000      -1.00000000     ( -9.31322575E-04,  9.22009349E-04) (  7.72997737E-04,  2.04890966E-04) ( -1.54599547E-03, -4.09781933E-04)
   0.00000000      -1.00000000      -2.00000000     (  1.97440386E-03,  2.02562660E-04) (  6.70552254E-04,  4.93600965E-04) ( -3.35276127E-04, -2.46800482E-04)
   0.00000000      -1.00000000      -1.00000000     (  8.38190317E-03, -5.18746674E-03) ( -1.93715096E-03,  9.72300768E-03) (  1.93715096E-03, -9.72300768E-03)
   1.00000000       0.00000000      -2.00000000     (  1.11758709E-03, -8.94069672E-04) (  1.14552677E-03, -1.05239451E-03) (  5.58793545E-04, -4.47034836E-04)
   1.00000000       0.00000000      -1.00000000     (  9.44361091E-03, -3.56696546E-03) ( -9.31322575E-03, -3.27825546E-03) (  9.44361091E-03, -3.56696546E-03)
   1.00000000       1.00000000      -2.00000000     (  1.22934580E-03, -1.25728548E-04) ( -1.33877620E-05,  1.41561031E-03) (  6.05359674E-04,  6.42612576E-04)
   1.00000000       1.00000000      -1.00000000     (  7.45058060E-04, -4.94765118E-05) ( -1.52736902E-03, -8.47503543E-04) ( -7.82310963E-04, -8.94069672E-04)
   1.00000000       2.00000000      -1.00000000     ( -9.08039510E-05, -7.72997737E-04) (  4.14438546E-04, -8.96397978E-05) (  7.35744834E-04, -9.59262252E-04)
   1.00000000      -2.00000000      -1.00000000     ( -1.24797225E-03, -3.91155481E-04) ( -8.75443220E-04, -9.40635800E-04) (  5.12227416E-04,  1.49011612E-03)
   1.00000000      -1.00000000      -2.00000000     ( -4.51691449E-04,  1.10827386E-03) ( -3.14321369E-05,  3.66708264E-05) ( -2.09547579E-04,  5.35510480E-04)
   1.00000000      -1.00000000      -1.00000000     (  6.70552254E-04, -1.09896064E-03) (  1.60187483E-03, -3.49245965E-04) ( -9.31322575E-04, -7.45058060E-04)
   2.00000000       0.00000000      -1.00000000     (  6.79865479E-04,  1.90921128E-04) (  1.10594556E-04, -1.83936208E-04) (  1.35973096E-03,  3.81842256E-04)
   2.00000000       1.00000000      -1.00000000     (  7.26431608E-04,  3.11993062E-04) ( -1.19209290E-03,  6.33299351E-04) (  2.58442014E-04,  1.24797225E-03)
   2.00000000      -1.00000000      -1.00000000     (  5.41331246E-05, -3.30619514E-04) ( -7.91624188E-04,  8.56816769E-04) (  8.94069672E-04, -1.50874257E-03)
