   0.00000000       0.00000000      -2.00000000     (  1.32247806E-03,  2.60770321E-03) ( -2.14204192E-03, -6.40284270E-05) (  0.00000000    ,  0.00000000    )
   0.00000000       0.00000000      -1.00000000     (  1.74716115E-02,  8.12578946E-04) (  3.47197056E-02,  2.03400850E-02) (  0.00000000    ,  0.00000000    )
   0.00000000       1.00000000      -2.00000000     (  1.20140612E-03,  6.83940016E-06) ( -6.37955964E-04,  8.75443220E-04) ( -3.18977982E-04,  4.37721610E-04)
   0.00000000       1.00000000      -1.00000000     ( -2.35624611E-03,  2.96533108E-02) ( -5.86733222E-03, -2.37021595E-03) ( -5.86733222E-03, -2.37021595E-03)
   0.00000000       2.00000000      -1.00000000     ( -1.60187483E-03,  2.91038305E-04) (  1.61817297E-04,  7.45058060E-04) (  3.23634595E-04,  1.49011612E-03)
   0.00000000      -2.00000000      -1.00000000     (  2.19792128E-03,  9.31322575E-04) ( -7.45058060E-04, -1.95577741E-04) (  1.49011612E-03,  3.91155481E-04)
   0.00000000      -1.00000000      -2.00000000     ( -9.96515155E-04,  9.40635800E-04) ( -9.03382897E-04, -2.25845724E-04) (  4.51691449E-04,  1.12922862E-04)
   0.00000000      -1.00000000      -1.00000000     (  7.97212124E-03, -1.01327896E-02) ( -2.25845724E-03,  2.98954546E-03) (  2.25845724E-03, -2.98954546E-03)
   1.00000000       0.00000000      -2.00000000     ( -1.03376806E-03, -2.03726813E-05) ( -1.00582838E-03,  1.22934580E-03) ( -5.16884029E-04, -1.01863407E-05)
   1.00000000       0.00000000      -1.00000000     (  8.77305865E-03, -4.99188900E-03) ( -9.61124897E-03,  1.22468919E-03) (  8.77305865E-03, -4.99188900E-03)
   1.00000000       1.00000000      -2.00000000     ( -7.82310963E-04, -2.42143869E-04) (  8.94069672E-04, -2.29105353E-03) (  5.82076609E-05, -1.26659870E-03)
   1.00000000       1.00000000      -1.00000000     ( -1.93715096E-03,  1.60187483E-03) (  2.44006515E-03,  3.39932740E-04) (  5.12227416E-04,  1.93715096E-03)
   1.00000000       2.00000000      -1.00000000     (  4.84287739E-04, -2.98023224E-04) ( -7.03148544E-04, -4.65661287E-04) ( -9.22009349E-04, -1.22934580E-03)
   1.00000000      -2.00000000      -1.00000000     (  1.60187483E-03,  4.70317900E-04) (  1.04308128E-03,  6.10016286E-04) ( -4.88944352E-04, -7.54371285E-04)
   1.00000000      -1.00000000      -2.00000000     (  8.66129994E-04, -9.40635800E-04) (  1.15483999E-03, -6.84522092E-04) ( -1.45519152E-04, -1.26892701E-04)
   1.00000000      -1.00000000      -1.00000000     ( -8.36735126E-06,  1.93715096E-03) ( -1.31316483E-03,  1.05239451E-03) (  1.30385160E-03,  8.75443220E-04)
   2.00000000       0.00000000      -1.00000000     ( -5.30853868E-04, -3.39932740E-04) (  5.58793545E-04, -3.86498868E-04) ( -1.06170774E-03, -6.79865479E-04)
   2.00000000       1.00000000      -1.00000000     (  3.95812094E-04,  3.51574272E-04) ( -3.60887498E-04,  4.42378223E-04) (  4.23751771E-04,  1.14552677E-03)
   2.00000000      -1.00000000      -1.00000000     (  3.91155481E-04,  9.66247171E-05) (  1.26659870E-03, -1.16415322E-03) ( -4.84287739E-04,  1.35973096E-03)
