   0.00000000       0.00000000       1.00000000     (  2.60770321E-02,  1.11386180E-02) (  1.13993883E-02, -3.07708979E-02) (  0.00000000    ,  0.00000000    )
   0.00000000       0.00000000       2.00000000     (  2.94297934E-03, -3.91155481E-03) ( -2.42143869E-03,  1.86264515E-04) (  0.00000000    ,  0.00000000    )
   0.00000000       1.00000000       0.00000000     ( -9.76026058E-03,  7.58096576E-03) (  0.00000000    ,  0.00000000    ) (  2.42143869E-03,  2.84053385E-03)
   0.00000000       1.00000000       1.00000000     (  5.04776835E-03, -5.01051545E-03) (  3.44589353E-03, -1.00210309E-02) ( -3.44589353E-03,  1.00210309E-02)
   0.00000000       1.00000000       2.00000000     ( -4.54485416E-03,  1.24797225E-03) ( -1.77882612E-03,  8.55652615E-05) (  8.89413059E-04, -4.27826308E-05)
   0.00000000       2.00000000       0.00000000     ( -3.22237611E-03, -2.40281224E-03) (  0.00000000    ,  0.00000000    ) ( -3.55765224E-03,  7.68341124E-04)
   0.00000000       2.00000000       1.00000000     (  1.49011612E-03,  3.89292836E-03) ( -1.62981451E-03, -9.77888703E-04) (  3.25962901E-03,  1.95577741E-03)
   0.00000000      -2.00000000       0.00000000     ( -3.22237611E-03,  2.40281224E-03) (  0.00000000    ,  0.00000000    ) ( -3.55765224E-03, -7.68341124E-04)
   0.00000000      -2.00000000       1.00000000     ( -7.67409801E-03,  2.02096999E-03) ( -1.35041773E-03,  1.08964741E-03) ( -2.70083547E-03,  2.17929482E-03)
   0.00000000      -1.00000000       0.00000000     ( -9.76026058E-03, -7.58096576E-03) (  0.00000000    ,  0.00000000    ) (  2.42143869E-03, -2.84053385E-03)
   0.00000000      -1.00000000       1.00000000     (  1.56089664E-02, -1.84029341E-02) (  2.95694917E-04, -1.44820660E-03) (  2.95694917E-04, -1.44820660E-03)
   0.00000000      -1.00000000       2.00000000     (  4.09781933E-04, -2.11410224E-03) (  6.07687980E-04, -1.76019967E-03) (  3.03843990E-04, -8.80099833E-04)
   1.00000000       0.00000000       0.00000000     (  0.00000000    ,  0.00000000    ) ( -1.52736902E-02,  7.76723027E-03) (  2.98768282E-02,  2.51829624E-02)
   1.00000000       0.00000000       1.00000000     (  4.82425094E-03, -2.46800482E-03) ( -3.08454037E-02,  1.48639083E-02) ( -4.82425094E-03,  2.46800482E-03)
   1.00000000       0.00000000       2.00000000     (  1.17812306E-03,  2.32830644E-03) (  6.03497028E-03,  2.51457095E-03) ( -5.89061528E-04, -1.16415322E-03)
   1.00000000       1.00000000       0.00000000     (  5.96046448E-03,  5.19677997E-03) ( -5.96046448E-03, -5.19677997E-03) ( -9.31322575E-03,  7.15255737E-03)
   1.00000000       1.00000000       1.00000000     ( -2.03959644E-03, -1.44354999E-03) (  8.70786607E-04,  4.09781933E-04) (  1.16880983E-03,  1.03376806E-03)
   1.00000000       1.00000000       2.00000000     ( -3.20142135E-04, -1.49011612E-03) ( -3.12924385E-03,  1.93540473E-05) (  1.72294676E-03,  7.35744834E-04)
   1.00000000       2.00000000       0.00000000     ( -1.28056854E-03,  4.52622771E-03) (  6.40284270E-04, -2.26311386E-03) ( -3.20142135E-04,  1.86264515E-03)
   1.00000000       2.00000000       1.00000000     (  4.26545739E-03,  1.08499080E-03) ( -3.37138772E-03, -1.63912773E-03) (  2.46800482E-03,  2.20723450E-03)
   1.00000000      -2.00000000       0.00000000     (  3.02679837E-04, -2.19792128E-03) (  1.51339918E-04, -1.09896064E-03) ( -1.09896064E-03,  1.94646418E-03)
   1.00000000      -2.00000000       1.00000000     ( -6.21657819E-04,  1.97440386E-03) ( -9.73232090E-04,  2.32830644E-03) ( -1.32247806E-03,  2.66358256E-03)
   1.00000000      -1.00000000       0.00000000     ( -5.83007932E-03, -1.25542283E-02) ( -5.83007932E-03, -1.25542283E-02) ( -7.30156898E-03,  7.72997737E-03)
   1.00000000      -1.00000000       1.00000000     (  1.53668225E-03,  2.88709998E-03) ( -1.94646418E-03,  5.91389835E-04) ( -3.48314643E-03, -2.28174031E-03)
   1.00000000      -1.00000000       2.00000000     (  1.76951289E-03,  2.55182385E-03) (  2.96160579E-03,  2.56113708E-03) (  5.98374754E-04,  4.03815648E-06)
   2.00000000       0.00000000       0.00000000     (  0.00000000    ,  0.00000000    ) (  5.40167093E-03, -1.09430403E-03) ( -3.33413482E-03,  5.50062396E-05)
   2.00000000       0.00000000       1.00000000     ( -8.56816769E-04, -1.76951289E-03) (  7.63684511E-04,  4.32133675E-03) (  1.71363354E-03,  3.53902578E-03)
   2.00000000       1.00000000       0.00000000     ( -1.98371708E-03,  1.55414455E-04) (  3.96743417E-03, -3.10828909E-04) (  9.54605639E-05, -5.92321157E-03)
   2.00000000       1.00000000       1.00000000     ( -9.78616299E-06,  1.70432031E-03) ( -5.19212335E-04, -3.35276127E-03) (  5.40167093E-04, -4.27826308E-05)
   2.00000000      -1.00000000       0.00000000     (  9.82545316E-04,  1.38767064E-03) (  1.96509063E-03,  2.77534127E-03) ( -1.52504072E-04,  1.46217644E-03)
   2.00000000      -1.00000000       1.00000000     ( -2.14204192E-03,  5.37838787E-04) ( -1.65775418E-03, -5.98374754E-04) (  2.62632966E-03, -1.67638063E-03)
