   0.00000000       0.00000000       1.00000000     (  2.68220901E-02,  6.01634383E-03) (  3.14414501E-02, -3.27080488E-02) (  0.00000000    ,  0.00000000    )
   0.00000000       0.00000000       2.00000000     ( -3.00351530E-04,  2.88709998E-03) (  2.29105353E-03,  1.07102096E-03) (  0.00000000    ,  0.00000000    )
   0.00000000       1.00000000       0.00000000     ( -1.99675560E-02,  2.32103048E-05) (  0.00000000    ,  0.00000000    ) (  4.30271029E-03,  1.58697367E-02)
   0.00000000       1.00000000       1.00000000     (  8.41915607E-03,  6.55651093E-03) ( -2.36555934E-03, -9.03382897E-03) (  2.36555934E-03,  9.03382897E-03)
   0.00000000       1.00000000       2.00000000     (  2.32830644E-03, -3.11410986E-05) (  9.59262252E-04, -6.70552254E-04) ( -4.79631126E-04,  3.35276127E-04)
   0.00000000       2.00000000       0.00000000     ( -2.14204192E-04, -1.93715096E-03) (  0.00000000    ,  0.00000000    ) (  2.34693289E-03, -3.07336450E-03)
   0.00000000       2.00000000       1.00000000     ( -1.24797225E-03, -8.47503543E-04) (  9.96515155E-04, -3.74857336E-04) ( -1.99303031E-03,  7.49714673E-04)
   0.00000000      -2.00000000       0.00000000     ( -2.14204192E-04,  1.93715096E-03) (  0.00000000    ,  0.00000000    ) (  2.34693289E-03,  3.07336450E-03)
   0.00000000      -2.00000000       1.00000000     (  3.98606062E-03, -5.77419996E-04) (  7.17118382E-04, -4.05125320E-04) (  1.43423676E-03, -8.10250640E-04)
   0.00000000      -1.00000000       0.00000000     ( -1.99675560E-02, -2.32103048E-05) (  0.00000000    ,  0.00000000    ) (  4.30271029E-03, -1.58697367E-02)
   0.00000000      -1.00000000       1.00000000     (  5.86733222E-03, -3.07708979E-02) ( -1.74157321E-03,  3.09199095E-03) ( -1.74157321E-03,  3.09199095E-03)
   0.00000000      -1.00000000       2.00000000     (  1.90921128E-04,  4.84287739E-04) (  1.09430403E-04,  1.02445483E-03) (  5.47152013E-05,  5.12227416E-04)
   1.00000000       0.00000000       0.00000000     (  0.00000000    ,  0.00000000    ) ( -1.41933560E-02,  1.57579780E-02) (  3.50922346E-02,  2.48849392E-02)
   1.00000000       0.00000000       1.00000000     (  2.98023224E-03, -3.99537385E-03) ( -3.63588333E-02,  2.72411853E-03) ( -2.98023224E-03,  3.99537385E-03)
   1.00000000       0.00000000       2.00000000     ( -3.23634595E-04, -1.75088644E-03) ( -2.19792128E-03, -1.71363354E-03) (  1.61817297E-04,  8.75443220E-04)
   1.00000000       1.00000000       0.00000000     (  4.47034836E-03,  5.41098416E-03) ( -4.47034836E-03, -5.41098416E-03) ( -1.08964741E-02,  1.26659870E-02)
   1.00000000       1.00000000       1.00000000     ( -1.22934580E-03,  1.69500709E-03) (  2.08616257E-03, -6.11180440E-05) ( -8.66129994E-04, -1.62050128E-03)
   1.00000000       1.00000000       2.00000000     (  1.05239451E-03,  2.77068466E-04) ( -1.12049747E-05, -1.73458830E-04) ( -5.21540642E-04, -5.18048182E-05)
   1.00000000       2.00000000       0.00000000     (  8.19563866E-04, -1.10827386E-03) ( -4.09781933E-04,  5.54136932E-04) ( -1.99303031E-03,  2.86381692E-04)
   1.00000000       2.00000000       1.00000000     ( -2.73808837E-03, -4.00468707E-04) (  1.95577741E-03,  5.86733222E-04) ( -1.17346644E-03, -7.72997737E-04)
   1.00000000      -2.00000000       0.00000000     (  6.33299351E-04,  1.52736902E-03) (  3.16649675E-04,  7.63684511E-04) (  1.42492354E-03,  1.37835741E-03)
   1.00000000      -2.00000000       1.00000000     (  6.37955964E-04, -1.73225999E-03) (  3.49245965E-04, -1.31316483E-03) (  6.05359674E-05, -8.94069672E-04)
   1.00000000      -1.00000000       0.00000000     ( -1.86264515E-03, -1.52364373E-02) ( -1.86264515E-03, -1.52364373E-02) ( -1.41561031E-02,  2.01165676E-02)
   1.00000000      -1.00000000       1.00000000     ( -1.71363354E-03, -4.19095159E-04) (  1.23865902E-03,  3.31550837E-03) (  2.94297934E-03,  3.72529030E-03)
   1.00000000      -1.00000000       2.00000000     (  2.14204192E-03, -2.40281224E-03) (  6.51925802E-04, -6.47269189E-04) ( -7.45058060E-04,  8.75443220E-04)
   2.00000000       0.00000000       0.00000000     (  0.00000000    ,  0.00000000    ) ( -2.60770321E-03, -2.36555934E-03) (  1.38767064E-03, -1.86264515E-03)
   2.00000000       0.00000000       1.00000000     ( -8.56816769E-04,  1.36904418E-03) ( -3.95812094E-04, -1.46217644E-03) (  1.71363354E-03, -2.73808837E-03)
   2.00000000       1.00000000       0.00000000     (  7.82310963E-04, -7.91624188E-04) ( -1.56462193E-03,  1.58324838E-03) (  6.61239028E-04, -6.14672899E-04)
   2.00000000       1.00000000       1.00000000     ( -2.61934474E-05, -3.58559191E-04) ( -1.10827386E-03,  2.73808837E-03) (  1.16415322E-03, -2.03028321E-03)
   2.00000000      -1.00000000       0.00000000     (  4.84287739E-04, -1.24797225E-03) (  9.68575478E-04, -2.49594450E-03) (  6.00703061E-04, -1.07102096E-03)
   2.00000000      -1.00000000       1.00000000     (  1.34110451E-03, -5.58793545E-05) (  2.49594450E-03, -2.84053385E-04) ( -1.90921128E-04, -1.72294676E-04)
