   0.00000000       0.00000000      -2.00000000     ( -1.53668225E-04, -1.19209290E-03) (  9.49949026E-04, -4.09781933E-04) (  0.00000000    ,  0.00000000    )
   0.00000000       0.00000000      -1.00000000     (  2.74926424E-02, -7.63684511E-03) (  2.73436308E-02,  3.38256359E-02) (  0.00000000    ,  0.00000000    )
   0.00000000       1.00000000      -2.00000000     (  1.86264515E-04, -2.70083547E-04) ( -1.32713467E-04, -5.02914190E-04) ( -6.63567334E-05, -2.51457095E-04)
   0.00000000       1.00000000      -1.00000000     (  9.25734639E-03,  2.77906656E-02) ( -3.57395038E-04, -2.13738531E-03) ( -3.57395038E-04, -2.13738531E-03)
   0.00000000       2.00000000      -1.00000000     (  1.86264515E-03,  2.98023224E-04) (  3.72529030E-04,  2.65426934E-04) (  7.45058060E-04,  5.30853868E-04)
   0.00000000      -2.00000000      -1.00000000     ( -4.74974513E-04,  6.05359674E-04) (  3.91155481E-04,  5.12227416E-05) ( -7.82310963E-04, -1.02445483E-04)
   0.00000000      -1.00000000      -2.00000000     (  1.09896064E-03,  2.00234354E-04) (  3.07336450E-04,  2.28174031E-04) ( -1.53668225E-04, -1.14087015E-04)
   0.00000000      -1.00000000      -1.00000000     (  8.25151801E-03, -3.64147127E-03) ( -1.40396878E-03,  1.02259219E-02) (  1.40396878E-03, -1.02259219E-02)
   1.00000000       0.00000000      -2.00000000     (  6.05359674E-04, -5.40167093E-04) (  5.96046448E-04, -6.51925802E-04) (  3.02679837E-04, -2.70083547E-04)
   1.00000000       0.00000000      -1.00000000     (  8.90344381E-03, -2.95229256E-03) ( -8.27014446E-03, -3.29688191E-03) (  8.90344381E-03, -2.95229256E-03)
   1.00000000       1.00000000      -2.00000000     (  7.07805157E-04, -2.00234354E-04) ( -6.51925802E-05,  7.82310963E-04) (  3.16649675E-04,  2.88709998E-04)
   1.00000000       1.00000000      -1.00000000     (  4.47034836E-04,  2.27009878E-05) ( -7.63684511E-04, -4.09781933E-04) ( -3.25962901E-04, -3.81842256E-04)
   1.00000000       2.00000000      -1.00000000     ( -6.40284270E-05, -3.44589353E-04) (  2.23517418E-04, -1.55996531E-04) (  3.81842256E-04, -6.51925802E-04)
   1.00000000      -2.00000000      -1.00000000     ( -5.77419996E-04, -1.42026693E-04) ( -4.37721610E-04, -4.65661287E-04) (  3.07336450E-04,  8.00937414E-04)
   1.00000000      -1.00000000      -2.00000000     ( -1.62981451E-04,  5.96046448E-04) (  1.21071935E-04,  8.38190317E-05) ( -1.42026693E-04,  2.56113708E-04)
   1.00000000      -1.00000000      -1.00000000     (  3.63215804E-04, -4.93600965E-04) (  8.00937414E-04, -1.58324838E-04) ( -4.37721610E-04, -3.25962901E-04)
   2.00000000       0.00000000      -1.00000000     (  3.44589353E-04,  1.16415322E-04) (  7.56699592E-05, -8.14907253E-05) (  6.89178705E-04,  2.32830644E-04)
   2.00000000       1.00000000      -1.00000000     (  3.63215804E-04,  1.62981451E-04) ( -6.05359674E-04,  3.16649675E-04) (  1.16415322E-04,  6.51925802E-04)
   2.00000000      -1.00000000      -1.00000000     (  5.93718141E-05, -1.72294676E-04) ( -3.25962901E-04,  4.65661287E-04) (  4.47034836E-04, -8.00937414E-04)
