    0.000000        0.000000       -2.000000      (3.0640513E-03,4.7264621E-04)
   (3.8184226E-03,-3.3341348E-03)  (0.000000,0.000000)
    0.000000        0.000000       -1.000000      
 (2.1979213E-02,-1.2181699E-02)  (-1.3560057E-02,1.7285347E-02)  
 (0.000000,0.000000)
    0.000000        1.000000       -2.000000      
 (-8.7916851E-03,9.5926225E-04)  (-2.6542693E-03,2.9243529E-03)  
 (-1.3271347E-03,1.4621764E-03)
    0.000000        1.000000       -1.000000      (8.9779496E-03,4.0419400E-03)
   (-9.9651515E-04,5.8859587E-03)  (-9.9651515E-04,5.8859587E-03)
    0.000000        2.000000       -1.000000      
 (-6.8359077E-03,7.5995922E-03)  (-1.5040860E-03,1.1030352E-04)  
 (-3.0081719E-03,2.2060703E-04)
    0.000000       -2.000000       -1.000000      (3.1385571E-03,2.0209700E-03)
   (-9.4063580E-04,6.0303137E-04)  (1.8812716E-03,-1.2060627E-03)
    0.000000       -1.000000       -2.000000      
 (-5.7183206E-03,1.1920929E-03)  (-1.2060627E-03,2.4866313E-03)  
 (6.0303137E-04,-1.2433156E-03)
    0.000000       -1.000000       -1.000000      
 (6.0163438E-03,-7.7113509E-03)  (4.9918890E-03,4.1909516E-03)  
 (-4.9918890E-03,-4.1909516E-03)
    1.000000        0.000000       -2.000000      (5.2340329E-03,1.2852252E-03)
   (-4.1350722E-03,1.3411045E-03)  (2.6170164E-03,6.4261258E-04)
    1.000000        0.000000       -1.000000      
 (3.3061951E-03,-1.5320256E-03)  (5.0105155E-03,-7.2270632E-03)  
 (3.3061951E-03,-1.5320256E-03)
    1.000000        1.000000       -2.000000      
 (-2.9150397E-03,2.0954758E-03)  (-2.8405339E-03,-8.1956387E-03)  
 (-2.8777868E-03,-3.0547380E-03)
    1.000000        1.000000       -1.000000      
 (-5.6438148E-03,2.2538006E-03)  (2.3469329E-03,-1.4854595E-03)  
 (-3.3061951E-03,7.6834112E-04)
    1.000000        2.000000       -1.000000      
 (-4.3027103E-03,1.6856939E-03)  (2.3632310E-04,1.8673018E-03)  
 (-3.8184226E-03,5.4202974E-03)
    1.000000       -2.000000       -1.000000      
 (1.3643876E-03,-7.5902790E-04)  (-6.0827006E-05,-5.7043508E-04)  
 (1.4854595E-03,3.8067810E-04)
    1.000000       -1.000000       -2.000000      
 (2.4773180E-03,-1.1362135E-03)  (-3.8370490E-03,9.9185854E-04)  
 (3.1571835E-03,-1.0617077E-03)
    1.000000       -1.000000       -1.000000      
 (-6.5937638E-03,4.3585896E-03)  (-2.5611371E-03,-5.6315912E-05)  
 (-4.0233135E-03,4.4144690E-03)
    2.000000        0.000000       -1.000000      (2.4959445E-03,1.5692785E-03)
   (8.7916851E-03,4.6566129E-03)  (4.9918890E-03,3.1385571E-03)
    2.000000        1.000000       -1.000000      
 (-1.3085082E-03,-2.0675361E-03)  (1.1827797E-03,2.1711458E-04)  
 (-1.4342368E-03,-3.9115548E-03)
    2.000000       -1.000000       -1.000000      
 (-1.0244548E-03,1.6344711E-03)  (-4.5867637E-04,3.4738332E-03)  
 (-1.5925616E-03,-2.0605512E-04)
