   0.00000000       0.00000000      -2.00000000     ( -3.11993062E-04, -2.94297934E-03) (  2.32830644E-03, -1.08033419E-03) (  0.00000000    ,  0.00000000    )
   0.00000000       0.00000000      -1.00000000     (  2.68220901E-02, -5.86733222E-03) (  3.18884850E-02,  3.26335430E-02) (  0.00000000    ,  0.00000000    )
   0.00000000       1.00000000      -2.00000000     (  1.52504072E-04, -4.70317900E-04) (  1.57160684E-04, -1.02445483E-03) (  7.85803422E-05, -5.12227416E-04)
   0.00000000       1.00000000      -1.00000000     (  5.56930900E-03,  3.10689211E-02) ( -1.89058483E-03, -3.16649675E-03) ( -1.89058483E-03, -3.16649675E-03)
   0.00000000       2.00000000      -1.00000000     (  3.98606062E-03,  5.68106771E-04) (  7.03148544E-04,  3.79513949E-04) (  1.40629709E-03,  7.59027898E-04)
   0.00000000      -2.00000000      -1.00000000     ( -1.28522515E-03,  7.91624188E-04) (  1.01514161E-03,  4.00468707E-04) ( -2.03028321E-03, -8.00937414E-04)
   0.00000000      -1.00000000      -2.00000000     (  2.32830644E-03, -9.24046617E-06) (  9.96515155E-04,  6.84522092E-04) ( -4.98257577E-04, -3.42261046E-04)
   0.00000000      -1.00000000      -1.00000000     (  8.43778253E-03, -6.81728125E-03) ( -2.44006515E-03,  8.92207026E-03) (  2.44006515E-03, -8.92207026E-03)
   1.00000000       0.00000000      -2.00000000     (  1.31316483E-03, -9.40635800E-04) (  1.49011612E-03, -1.11758709E-03) (  6.56582415E-04, -4.70317900E-04)
   1.00000000       0.00000000      -1.00000000     (  9.90927219E-03, -4.17232513E-03) ( -1.01514161E-02, -3.16649675E-03) (  9.90927219E-03, -4.17232513E-03)
   1.00000000       1.00000000      -2.00000000     (  1.36904418E-03,  1.79279596E-04) (  6.69388101E-06,  1.76951289E-03) (  6.89178705E-04,  9.77888703E-04)
   1.00000000       1.00000000      -1.00000000     (  8.84756446E-04, -2.04890966E-04) ( -2.08616257E-03, -1.18277967E-03) ( -1.20140612E-03, -1.37835741E-03)
   1.00000000       2.00000000      -1.00000000     ( -7.56699592E-05, -1.16415322E-03) (  5.16884029E-04,  2.30502337E-04) (  9.49949026E-04, -7.03148544E-04)
   1.00000000      -2.00000000      -1.00000000     ( -1.75088644E-03, -6.79865479E-04) ( -1.15483999E-03, -1.21071935E-03) (  5.72763383E-04,  1.75088644E-03)
   1.00000000      -1.00000000      -2.00000000     ( -7.49714673E-04,  1.34110451E-03) ( -5.02914190E-04, -5.76255843E-05) ( -1.23400241E-04,  6.98491931E-04)
   1.00000000      -1.00000000      -1.00000000     (  7.72997737E-04, -1.60187483E-03) (  2.08616257E-03, -5.16884029E-04) ( -1.32247806E-03, -1.09896064E-03)
   2.00000000       0.00000000      -1.00000000     (  8.56816769E-04,  2.04890966E-04) (  1.32713467E-04, -2.60770321E-04) (  1.71363354E-03,  4.09781933E-04)
   2.00000000       1.00000000      -1.00000000     (  9.12696123E-04,  3.65544111E-04) ( -1.49011612E-03,  7.91624188E-04) (  3.42261046E-04,  1.52736902E-03)
   2.00000000      -1.00000000      -1.00000000     ( -2.31375452E-05, -3.67872417E-04) ( -1.23865902E-03,  1.10827386E-03) (  1.19209290E-03, -1.84401870E-03)
