   0.00000000       0.00000000       1.00000000     (  2.67475843E-02,  1.11758709E-02) (  1.29267573E-02, -3.18139791E-02) (  0.00000000    ,  0.00000000    )
   0.00000000       0.00000000       2.00000000     (  2.34693289E-03, -3.52039933E-03) ( -2.29105353E-03,  5.23868948E-06) (  0.00000000    ,  0.00000000    )
   0.00000000       1.00000000       0.00000000     ( -1.08033419E-02,  7.05942512E-03) (  0.00000000    ,  0.00000000    ) (  2.58907676E-03,  3.70666385E-03)
   0.00000000       1.00000000       1.00000000     (  5.53205609E-03, -4.76837158E-03) (  3.06405127E-03, -1.04308128E-02) ( -3.06405127E-03,  1.04308128E-02)
   0.00000000       1.00000000       2.00000000     ( -3.96743417E-03,  1.24797225E-03) ( -1.37835741E-03,  9.77888703E-05) (  6.89178705E-04, -4.88944352E-05)
   0.00000000       2.00000000       0.00000000     ( -2.86847353E-03, -1.76019967E-03) (  0.00000000    ,  0.00000000    ) ( -2.96160579E-03,  8.61473382E-04)
   0.00000000       2.00000000       1.00000000     (  1.35041773E-03,  3.42726707E-03) ( -1.38767064E-03, -7.96280801E-04) (  2.77534127E-03,  1.59256160E-03)
   0.00000000      -2.00000000       0.00000000     ( -2.86847353E-03,  1.76019967E-03) (  0.00000000    ,  0.00000000    ) ( -2.96160579E-03, -8.61473382E-04)
   0.00000000      -2.00000000       1.00000000     ( -6.81728125E-03,  1.84401870E-03) ( -1.24797225E-03,  9.68575478E-04) ( -2.49594450E-03,  1.93715096E-03)
   0.00000000      -1.00000000       0.00000000     ( -1.08033419E-02, -7.05942512E-03) (  0.00000000    ,  0.00000000    ) (  2.58907676E-03, -3.70666385E-03)
   0.00000000      -1.00000000       1.00000000     (  1.59069896E-02, -1.92224979E-02) (  5.48316166E-04, -1.25262886E-03) (  5.48316166E-04, -1.25262886E-03)
   0.00000000      -1.00000000       2.00000000     (  3.30619514E-04, -1.75088644E-03) (  6.00703061E-04, -1.71363354E-03) (  3.00351530E-04, -8.56816769E-04)
   1.00000000       0.00000000       0.00000000     (  0.00000000    ,  0.00000000    ) ( -1.50501728E-02,  8.28877091E-03) (  3.08454037E-02,  2.60770321E-02)
   1.00000000       0.00000000       1.00000000     (  5.06639481E-03, -2.45869160E-03) ( -3.20374966E-02,  1.47521496E-02) ( -5.06639481E-03,  2.45869160E-03)
   1.00000000       0.00000000       2.00000000     (  1.08499080E-03,  2.05822289E-03) (  5.32716513E-03,  2.23517418E-03) ( -5.42495400E-04, -1.02911144E-03)
   1.00000000       1.00000000       0.00000000     (  6.12810254E-03,  5.66244125E-03) ( -6.12810254E-03, -5.66244125E-03) ( -9.59262252E-03,  7.71135092E-03)
   1.00000000       1.00000000       1.00000000     ( -1.60187483E-03, -1.44354999E-03) (  5.28525561E-04,  3.84170562E-04) (  1.07567757E-03,  1.06170774E-03)
   1.00000000       1.00000000       2.00000000     ( -2.22353265E-04, -1.19209290E-03) ( -2.58907676E-03,  1.26310624E-04) (  1.40629709E-03,  5.33182174E-04)
   1.00000000       2.00000000       0.00000000     ( -1.18277967E-03,  3.94880772E-03) (  5.91389835E-04, -1.97440386E-03) ( -8.03265721E-05,  1.17346644E-03)
   1.00000000       2.00000000       1.00000000     (  3.70666385E-03,  7.96280801E-04) ( -3.05473804E-03, -1.35973096E-03) (  2.40281224E-03,  1.92783773E-03)
   1.00000000      -2.00000000       0.00000000     (  2.50292942E-04, -1.95577741E-03) (  1.25146471E-04, -9.77888703E-04) ( -1.09896064E-03,  1.56462193E-03)
   1.00000000      -2.00000000       1.00000000     ( -4.91272658E-04,  1.99303031E-03) ( -8.28877091E-04,  2.18860805E-03) ( -1.16415322E-03,  2.38418579E-03)
   1.00000000      -1.00000000       0.00000000     ( -5.66244125E-03, -1.34855509E-02) ( -5.66244125E-03, -1.34855509E-02) ( -7.89761543E-03,  8.40052962E-03)
   1.00000000      -1.00000000       1.00000000     (  1.24797225E-03,  2.18860805E-03) ( -1.83470547E-03,  7.45785655E-07) ( -3.09199095E-03, -2.17929482E-03)
   1.00000000      -1.00000000       2.00000000     (  1.33179128E-03,  2.09547579E-03) (  2.21654773E-03,  2.12341547E-03) (  4.47034836E-04,  1.50612323E-05)
   2.00000000       0.00000000       0.00000000     (  0.00000000    ,  0.00000000    ) (  4.50760126E-03, -6.56582415E-04) ( -2.86847353E-03, -5.79166226E-05)
   2.00000000       0.00000000       1.00000000     ( -5.28525561E-04, -1.53668225E-03) (  6.19329512E-04,  3.46451998E-03) (  1.05705112E-03,  3.07336450E-03)
   2.00000000       1.00000000       0.00000000     ( -1.76019967E-03,  1.03609636E-04) (  3.52039933E-03, -2.07219273E-04) (  1.05937943E-04, -4.99188900E-03)
   2.00000000       1.00000000       1.00000000     ( -1.44354999E-04,  1.35041773E-03) ( -7.91624188E-05, -2.84984708E-03) (  3.67872417E-04,  1.35623850E-04)
   2.00000000      -1.00000000       0.00000000     (  7.49714673E-04,  1.29453838E-03) (  1.49942935E-03,  2.58907676E-03) ( -1.40862539E-04,  1.36904418E-03)
   2.00000000      -1.00000000       1.00000000     ( -1.93715096E-03,  4.19095159E-04) ( -1.56462193E-03, -4.33064997E-04) (  2.30967999E-03, -1.27591193E-03)
