    0.000000        0.000000        1.000000      (2.3022294E-02,1.2367964E-02)
   (-4.8801303E-03,-1.9818544E-02)  (0.000000,0.000000)
    0.000000        0.000000        2.000000      
 (8.5495412E-03,-2.5145710E-03)  (5.3551048E-03,3.0733645E-03)  
 (0.000000,0.000000)
    0.000000        1.000000        0.000000      
 (-1.2340024E-04,1.1436641E-02)  (0.000000,0.000000)  
 (2.9988587E-03,-3.4365803E-03)
    0.000000        1.000000        1.000000      
 (3.9860606E-03,-6.5425411E-04)  (7.3388219E-03,-5.9604645E-03)  
 (-7.3388219E-03,5.9604645E-03)
    0.000000        1.000000        2.000000      
 (-8.4936619E-03,-2.2677705E-03)  (-8.2515180E-03,1.9972504E-05)  
 (4.1257590E-03,-9.9862518E-06)
    0.000000        2.000000        0.000000      
 (-6.4261258E-04,-4.5355409E-03)  (0.000000,0.000000)  
 (-2.7846545E-03,2.2072345E-03)
    0.000000        2.000000        1.000000      
 (1.1045486E-02,-2.8777868E-03)  (-1.9033905E-04,-2.5518239E-03)  
 (3.8067810E-04,5.1036477E-03)
    0.000000       -2.000000        0.000000      
 (-6.4261258E-04,4.5355409E-03)  (0.000000,0.000000)  
 (-2.7846545E-03,-2.2072345E-03)
    0.000000       -2.000000        1.000000      
 (-1.2665987E-02,-9.4808638E-03)  (-3.9581209E-03,1.0081567E-03)  
 (-7.9162419E-03,2.0163134E-03)
    0.000000       -1.000000        0.000000      
 (-1.2340024E-04,-1.1436641E-02)  (0.000000,0.000000)  
 (2.9988587E-03,3.4365803E-03)
    0.000000       -1.000000        1.000000      
 (7.3388219E-03,-9.6485019E-03)  (-2.7846545E-03,-3.6787242E-03)  
 (-2.7846545E-03,-3.6787242E-03)
    0.000000       -1.000000        2.000000      
 (-1.0952353E-02,3.1013042E-03)  (-8.8009983E-04,4.9732625E-03)  
 (-4.4004992E-04,2.4866313E-03)
    1.000000        0.000000        0.000000      (0.000000,0.000000)  
 (-2.4661422E-02,4.9732625E-03)  (2.1085143E-02,1.8924475E-02)
    1.000000        0.000000        1.000000      
 (-4.0279701E-04,-4.4330955E-03)  (-2.3171306E-02,1.6093254E-02)  
 (4.0279701E-04,4.4330955E-03)
    1.000000        0.000000        2.000000      (1.2642704E-03,1.4319085E-03)
   (5.3644180E-03,1.0132790E-02)  (-6.3213520E-04,-7.1595423E-04)
    1.000000        1.000000        0.000000      
 (4.7311187E-03,-9.6857548E-04)  (-4.7311187E-03,9.6857548E-04)  
 (-4.7124922E-03,2.1047890E-03)
    1.000000        1.000000        1.000000      
 (-1.7974526E-03,3.1106174E-03)  (5.1339157E-04,-1.8812716E-03)  
 (1.2828968E-03,-1.2316741E-03)
    1.000000        1.000000        2.000000      
 (-3.4086406E-03,-1.2433156E-03)  (-2.4819747E-03,-5.9045851E-03)  
 (2.9429793E-03,3.5762787E-03)
    1.000000        2.000000        0.000000      
 (-1.1496013E-04,4.0140003E-03)  (5.7480065E-05,-2.0070001E-03)  
 (2.4028122E-03,1.0821968E-02)
    1.000000        2.000000        1.000000      (5.8114529E-03,4.3772161E-03)
   (-1.4668331E-03,-1.3574027E-03)  (-2.8777868E-03,-1.6577542E-03)
    1.000000       -2.000000        0.000000      
 (-9.3597919E-04,5.0012022E-03)  (-4.6798959E-04,2.5006011E-03)  
 (-6.5937638E-03,-8.5216016E-04)
    1.000000       -2.000000        1.000000      
 (-1.3853423E-03,8.9406967E-04)  (-3.3236574E-04,1.6670674E-03)  
 (7.1944669E-04,2.4400651E-03)
    1.000000       -1.000000        0.000000      
 (-3.6507845E-03,-6.0070306E-04)  (-3.6507845E-03,-6.0070306E-04)  
 (-4.8615038E-03,4.1164458E-03)
    1.000000       -1.000000        1.000000      (1.3969839E-02,6.2026083E-03)
   (5.0477684E-03,6.2212348E-03)  (-8.9220703E-03,1.8699211E-05)
    1.000000       -1.000000        2.000000      (1.8218998E-04,3.6228448E-03)
   (-7.1944669E-04,-2.2491440E-03)  (-4.5169145E-04,-2.9336661E-03)
    2.000000        0.000000        0.000000      (0.000000,0.000000)  
 (1.4752150E-02,-7.1153045E-03)  (-1.6298145E-03,4.3585896E-03)
    2.000000        0.000000        1.000000      
 (-4.9173832E-03,3.0454248E-03)  (5.7276338E-03,1.2964010E-02)  
 (9.8347664E-03,-6.0908496E-03)
    2.000000        1.000000        0.000000      
 (-1.7369166E-03,-1.2130477E-03)  (3.4738332E-03,2.4260953E-03)  
 (-5.0757080E-03,-1.3853423E-03)
    2.000000        1.000000        1.000000      (3.5390258E-03,5.8673322E-03)
   (-6.4074993E-03,-1.2926757E-02)  (-6.7637302E-04,1.1897646E-03)
    2.000000       -1.000000        0.000000      
 (-3.6321580E-04,-2.7334318E-03)  (-7.2643161E-04,-5.4668635E-03)  
 (2.1047890E-03,4.0698797E-03)
    2.000000       -1.000000        1.000000      
 (-5.6717545E-03,1.1455268E-03)  (-5.9977174E-03,1.5133992E-03)  
 (5.3271651E-03,-7.7998266E-04)
