   0.00000000       0.00000000      -2.00000000     ( -3.44589353E-04, -2.06753612E-03) (  1.63912773E-03, -6.51925802E-04) (  0.00000000    ,  0.00000000    )
   0.00000000       0.00000000      -1.00000000     (  2.46614218E-02, -4.15369868E-03) (  3.36021185E-02,  2.98023224E-02) (  0.00000000    ,  0.00000000    )
   0.00000000       1.00000000      -2.00000000     ( -2.07219273E-04, -1.67638063E-04) (  4.14438546E-04, -6.23986125E-04) (  2.07219273E-04, -3.11993062E-04)
   0.00000000       1.00000000      -1.00000000     (  2.76602805E-03,  3.18139791E-02) ( -3.11061740E-03, -3.47383320E-03) ( -3.11061740E-03, -3.47383320E-03)
   0.00000000       2.00000000      -1.00000000     (  2.49594450E-03,  2.53785402E-04) (  3.25962901E-04,  3.55066732E-05) (  6.51925802E-04,  7.10133463E-05)
   0.00000000      -2.00000000      -1.00000000     ( -1.06170774E-03,  1.25728548E-04) (  7.07805157E-04,  3.53902578E-04) ( -1.41561031E-03, -7.07805157E-04)
   0.00000000      -1.00000000      -2.00000000     (  1.39698386E-03, -2.51457095E-04) (  8.00937414E-04,  4.61004674E-04) ( -4.00468707E-04, -2.30502337E-04)
   0.00000000      -1.00000000      -1.00000000     (  8.23289156E-03, -8.54954123E-03) ( -2.81259418E-03,  7.24568963E-03) (  2.81259418E-03, -7.24568963E-03)
   1.00000000       0.00000000      -2.00000000     (  8.00937414E-04, -4.88944352E-04) (  1.08964741E-03, -6.33299351E-04) (  4.00468707E-04, -2.44472176E-04)
   1.00000000       0.00000000      -1.00000000     (  9.96515155E-03, -4.67523932E-03) ( -1.04308128E-02, -2.66823918E-03) (  9.96515155E-03, -4.67523932E-03)
   1.00000000       1.00000000      -2.00000000     (  7.63684511E-04,  3.25962901E-04) ( -1.62981451E-04,  1.34110451E-03) (  3.02679837E-04,  8.28877091E-04)
   1.00000000       1.00000000      -1.00000000     (  6.70552254E-04, -3.11993062E-04) ( -1.63912773E-03, -8.84756446E-04) ( -9.59262252E-04, -1.19209290E-03)
   1.00000000       2.00000000      -1.00000000     ( -6.11180440E-05, -8.94069672E-04) (  3.91155481E-04,  4.88944352E-04) (  7.26431608E-04,  7.91624188E-05)
   1.00000000      -2.00000000      -1.00000000     ( -1.34110451E-03, -6.14672899E-04) ( -8.47503543E-04, -7.91624188E-04) (  3.53902578E-04,  9.68575478E-04)
   1.00000000      -1.00000000      -2.00000000     ( -6.33299351E-04,  8.19563866E-04) ( -8.00937414E-04, -1.20780896E-05) (  8.14907253E-05,  4.19095159E-04)
   1.00000000      -1.00000000      -1.00000000     (  4.23751771E-04, -1.30385160E-03) (  1.47148967E-03, -4.37721610E-04) ( -1.05239451E-03, -8.66129994E-04)
   2.00000000       0.00000000      -1.00000000     (  5.54136932E-04,  1.32713467E-04) (  9.42964107E-05, -1.76951289E-04) (  1.10827386E-03,  2.65426934E-04)
   2.00000000       1.00000000      -1.00000000     (  5.40167093E-04,  1.76951289E-04) ( -8.84756446E-04,  4.88944352E-04) (  2.00234354E-04,  8.38190317E-04)
   2.00000000      -1.00000000      -1.00000000     ( -9.42964107E-05, -1.67638063E-04) ( -1.06170774E-03,  8.56816769E-04) (  8.66129994E-04, -1.19209290E-03)
