   0.00000000       0.00000000      -2.00000000     (  6.78002834E-03,  5.58793545E-03) ( -9.03382897E-04, -1.51339918E-03) (  0.00000000    ,  0.00000000    )
   0.00000000       0.00000000      -1.00000000     (  2.32458115E-02, -1.10268593E-02) (  4.15369868E-03,  2.54064798E-02) (  0.00000000    ,  0.00000000    )
   0.00000000       1.00000000      -2.00000000     ( -8.45175236E-04,  2.95229256E-03) (  8.26548785E-04, -9.05711204E-04) (  4.13274392E-04, -4.52855602E-04)
   0.00000000       1.00000000      -1.00000000     (  1.26659870E-02,  1.47521496E-02) ( -1.41561031E-03,  2.06753612E-03) ( -1.41561031E-03,  2.06753612E-03)
   0.00000000       2.00000000      -1.00000000     ( -1.07288361E-02, -5.68106771E-04) ( -1.53202564E-03, -1.57859176E-03) ( -3.06405127E-03, -3.15718353E-03)
   0.00000000      -2.00000000      -1.00000000     (  3.66941094E-03, -4.59142029E-03) ( -2.45869160E-03,  2.34693289E-03) (  4.91738319E-03, -4.69386578E-03)
   0.00000000      -1.00000000      -2.00000000     ( -7.89761543E-03,  8.96397978E-05) ( -5.86733222E-03, -4.10946086E-04) (  2.93366611E-03,  2.05473043E-04)
   0.00000000      -1.00000000      -1.00000000     (  3.18512321E-03,  4.80562449E-03) (  5.45755029E-03,  8.00937414E-03) ( -5.45755029E-03, -8.00937414E-03)
   1.00000000       0.00000000      -2.00000000     (  1.15483999E-03,  5.77419996E-03) ( -4.78699803E-03,  8.79168510E-03) (  5.77419996E-04,  2.88709998E-03)
   1.00000000       0.00000000      -1.00000000     (  3.33413482E-03,  3.71364877E-04) (  6.29574060E-03, -1.16880983E-03) (  3.33413482E-03,  3.71364877E-04)
   1.00000000       1.00000000      -2.00000000     ( -5.64381480E-03, -2.92435288E-03) (  6.79865479E-03, -6.07222319E-03) (  5.77419996E-04, -4.49828804E-03)
   1.00000000       1.00000000      -1.00000000     ( -8.71717930E-03, -4.20957804E-03) (  7.13393092E-03,  1.28929969E-04) ( -1.57393515E-03, -4.07919288E-03)
   1.00000000       2.00000000      -1.00000000     ( -4.08850610E-03, -2.21916707E-05) (  1.49011612E-04,  1.80210918E-03) ( -3.79048288E-03,  3.57627869E-03)
   1.00000000      -2.00000000      -1.00000000     (  6.33008312E-05, -2.43075192E-03) (  1.03842467E-03, -2.49594450E-03) ( -2.01631337E-03,  2.57045031E-03)
   1.00000000      -1.00000000      -2.00000000     ( -6.68223947E-04, -1.20140612E-03) (  1.16880983E-03, -1.44354999E-03) ( -9.17352736E-04,  1.21362973E-04)
   1.00000000      -1.00000000      -1.00000000     ( -3.28756869E-03,  5.84404916E-04) ( -6.46337867E-03,  8.52160156E-04) (  3.16649675E-03, -2.67173164E-04)
   2.00000000       0.00000000      -1.00000000     ( -2.40281224E-03,  1.11467671E-04) ( -1.02072954E-02,  3.17580998E-03) ( -4.80562449E-03,  2.22935341E-04)
   2.00000000       1.00000000      -1.00000000     (  5.93718141E-04,  2.05356628E-03) (  1.35041773E-03, -4.51691449E-03) (  2.53319740E-03, -4.10946086E-04)
   2.00000000      -1.00000000      -1.00000000     (  1.03376806E-03, -2.32830644E-03) (  2.65426934E-03, -3.82773578E-03) ( -5.91389835E-04, -8.33533704E-04)
