    0.000000        0.000000       -2.000000      (5.0477684E-03,1.1548400E-03)
   (5.4575503E-03,-4.5914203E-03)  (0.000000,0.000000)
    0.000000        0.000000       -1.000000      
 (2.0936131E-02,-1.1585653E-02)  (-1.1026859E-02,1.6242266E-02)  
 (0.000000,0.000000)
    0.000000        1.000000       -2.000000      
 (-1.2218952E-02,-6.7957444E-05)  (-3.0361116E-03,1.7834827E-03)  
 (-1.5180558E-03,8.9174137E-04)
    0.000000        1.000000       -1.000000      (7.3015690E-03,4.5821071E-03)
   (-1.3643876E-03,5.1222742E-03)  (-1.3643876E-03,5.1222742E-03)
    0.000000        2.000000       -1.000000      
 (-1.0654330E-02,1.0505319E-02)  (-2.7939677E-03,-5.0524250E-04)  
 (-5.5879354E-03,-1.0104850E-03)
    0.000000       -2.000000       -1.000000      (6.7800283E-03,2.6542693E-03)
   (-7.7532604E-04,1.2363307E-03)  (1.5506521E-03,-2.4726614E-03)
    0.000000       -1.000000       -2.000000      
 (-7.6182187E-03,1.9883737E-03)  (-2.9988587E-03,2.4214387E-03)  
 (1.4994293E-03,-1.2107193E-03)
    0.000000       -1.000000       -1.000000      
 (4.9546361E-03,-5.0850213E-03)  (5.4202974E-03,4.2282045E-03)  
 (-5.4202974E-03,-4.2282045E-03)
    1.000000        0.000000       -2.000000      (7.5995922E-03,2.1001324E-03)
   (-4.7124922E-03,2.6915222E-03)  (3.7997961E-03,1.0500662E-03)
    1.000000        0.000000       -1.000000      
 (3.5017729E-03,-1.1222437E-03)  (6.1467290E-03,-5.6438148E-03)  
 (3.5017729E-03,-1.1222437E-03)
    1.000000        1.000000       -2.000000      
 (-3.5203993E-03,1.3085082E-03)  (-3.6042184E-03,-1.1920929E-02)  
 (-3.5669655E-03,-5.2899122E-03)
    1.000000        1.000000       -1.000000      
 (-7.5250864E-03,1.4016405E-03)  (2.2351742E-03,-1.7834827E-03)  
 (-5.2899122E-03,-3.8184226E-04)
    1.000000        2.000000       -1.000000      
 (-7.0407987E-03,1.3550743E-03)  (7.8463927E-04,2.5518239E-03)  
 (-5.4761767E-03,6.4633787E-03)
    1.000000       -2.000000       -1.000000      
 (1.4854595E-03,-2.1141022E-03)  (-2.2235326E-04,-6.9616362E-04)  
 (1.9278377E-03,-7.2177500E-04)
    1.000000       -1.000000       -2.000000      
 (3.9674342E-03,-8.0559403E-04)  (-4.3213367E-03,1.1408702E-03)  
 (4.1443855E-03,-9.7323209E-04)
    1.000000       -1.000000       -1.000000      
 (-9.2759728E-03,5.0012022E-03)  (-4.6100467E-03,1.9790605E-04)  
 (-4.6659261E-03,4.8056245E-03)
    2.000000        0.000000       -1.000000      (2.7753413E-03,3.0267984E-03)
   (9.8161399E-03,6.6496432E-03)  (5.5506825E-03,6.0535967E-03)
    2.000000        1.000000       -1.000000      
 (-1.4901161E-03,-2.3748726E-03)  (2.6915222E-03,-2.2351742E-03)  
 (-2.8754584E-04,-6.9849193E-03)
    2.000000       -1.000000       -1.000000      
 (-1.2270175E-03,2.5378540E-03)  (5.1804818E-05,5.4202974E-03)  
 (-2.5052577E-03,-3.4226105E-04)
