    0.000000        0.000000        1.000000      (2.2426248E-02,1.2181699E-02)
   (-6.1467290E-03,-1.8551946E-02)  (0.000000,0.000000)
    0.000000        0.000000        2.000000      
 (8.3073974E-03,-2.0768493E-03)  (5.7835132E-03,3.7439167E-03)  
 (0.000000,0.000000)
    0.000000        1.000000        0.000000      (3.5855919E-04,1.0654330E-02)
   (0.000000,0.000000)  (3.2037497E-03,-3.1944364E-03)
    0.000000        1.000000        1.000000      (4.0605664E-03,3.7252903E-04)
   (7.0407987E-03,-5.4948032E-03)  (-7.0407987E-03,5.4948032E-03)
    0.000000        1.000000        2.000000      
 (-8.3819032E-03,-2.4912879E-03)  (-7.4319541E-03,-3.2247044E-04)  
 (3.7159771E-03,1.6123522E-04)
    0.000000        2.000000        0.000000      
 (-1.5180558E-03,-3.3061951E-03)  (0.000000,0.000000)  
 (-2.1513551E-03,2.6961789E-03)
    0.000000        2.000000        1.000000      
 (1.1455268E-02,-3.2410026E-03)  (-8.4546627E-05,-2.4028122E-03)  
 (1.6909325E-04,4.8056245E-03)
    0.000000       -2.000000        0.000000      
 (-1.5180558E-03,3.3061951E-03)  (0.000000,0.000000)  
 (-2.1513551E-03,-2.6961789E-03)
    0.000000       -2.000000        1.000000      
 (-1.3001263E-02,-1.0542572E-02)  (-4.1536987E-03,1.0826625E-03)  
 (-8.3073974E-03,2.1653250E-03)
    0.000000       -1.000000        0.000000      
 (3.5855919E-04,-1.0654330E-02)  (0.000000,0.000000)  
 (3.2037497E-03,3.1944364E-03)
    0.000000       -1.000000        1.000000      
 (6.7614019E-03,-8.4191561E-03)  (-2.5611371E-03,-3.9115548E-03)  
 (-2.5611371E-03,-3.9115548E-03)
    0.000000       -1.000000        2.000000      
 (-1.2256205E-02,3.1571835E-03)  (-1.4435500E-03,4.1630119E-03)  
 (-7.2177500E-04,2.0815060E-03)
    1.000000        0.000000        0.000000      (0.000000,0.000000)  
 (-2.5033951E-02,4.8987567E-03)  (1.9744039E-02,1.8477440E-02)
    1.000000        0.000000        1.000000      
 (-9.8254532E-04,-4.0978193E-03)  (-2.1904707E-02,1.5646219E-02)  
 (9.8254532E-04,4.0978193E-03)
    1.000000        0.000000        2.000000      (1.1618249E-03,1.3085082E-03)
   (5.1967800E-03,1.0710210E-02)  (-5.8091246E-04,-6.5425411E-04)
    1.000000        1.000000        0.000000      
 (4.3585896E-03,-1.2479722E-03)  (-4.3585896E-03,1.2479722E-03)  
 (-3.9488077E-03,2.0675361E-03)
    1.000000        1.000000        1.000000      
 (-9.1269612E-04,3.5669655E-03)  (-4.1327439E-04,-2.2491440E-03)  
 (1.3248064E-03,-1.3131648E-03)
    1.000000        1.000000        2.000000      
 (-3.7066638E-03,-4.4587068E-04)  (-1.6763806E-03,-5.9418380E-03)  
 (2.6915222E-03,3.1944364E-03)
    1.000000        2.000000        0.000000      (7.5902790E-04,3.2410026E-03)
   (-3.7951395E-04,-1.6205013E-03)  (3.1944364E-03,1.0281801E-02)
    1.000000        2.000000        1.000000      (5.1315874E-03,4.3213367E-03)
   (-1.5320256E-03,-7.9395249E-04)  (-2.0675361E-03,-2.7334318E-03)
    1.000000       -2.000000        0.000000      
 (-4.1211024E-04,6.4447522E-03)  (-2.0605512E-04,3.2223761E-03)  
 (-6.8917871E-03,-1.0337681E-03)
    1.000000       -2.000000        1.000000      
 (-1.3457611E-03,5.7742000E-04)  (-2.1136657E-05,1.2060627E-03)  
 (1.3038516E-03,1.8347055E-03)
    1.000000       -1.000000        0.000000      
 (-2.9616058E-03,-5.6461431E-05)  (-2.9616058E-03,-5.6461431E-05)  
 (-5.0477684E-03,3.9860606E-03)
    1.000000       -1.000000        1.000000      (1.4528632E-02,4.2840838E-03)
   (5.2712858E-03,4.6007335E-03)  (-9.2573464E-03,3.1781383E-04)
    1.000000       -1.000000        2.000000      
 (-1.2037344E-03,2.2677705E-03)  (-3.0267984E-03,-3.2223761E-03)  
 (-9.1269612E-04,-2.7427450E-03)
    2.000000        0.000000        0.000000      (0.000000,0.000000)  
 (1.4565885E-02,-6.2398612E-03)  (-1.1106022E-03,3.5390258E-03)
    2.000000        0.000000        1.000000      
 (-4.4517219E-03,3.9301813E-03)  (5.5972487E-03,1.2293458E-02)  
 (8.9034438E-03,-7.8603625E-03)
    2.000000        1.000000        0.000000      
 (-1.7695129E-03,-1.7788261E-03)  (3.5390258E-03,3.5576522E-03)  
 (-6.1094761E-03,3.7718564E-04)
    2.000000        1.000000        1.000000      (3.6042184E-03,5.6624413E-03)
   (-6.1094761E-03,-1.3597310E-02)  (-1.0966323E-03,2.2584572E-03)
    2.000000       -1.000000        0.000000      
 (-1.1245720E-03,-3.0826777E-03)  (-2.2491440E-03,-6.1653554E-03)  
 (2.3189932E-03,4.2468309E-03)
    2.000000       -1.000000        1.000000      
 (-5.5320561E-03,1.6158447E-03)  (-5.6345016E-03,3.2410026E-03)  
 (5.4296106E-03,8.5674401E-06)
