   0.00000000       0.00000000       1.00000000     (  1.13248825E-02, -1.09896064E-02) (  4.12762165E-02, -9.92789865E-03) (  0.00000000    ,  0.00000000    )
   0.00000000       0.00000000       2.00000000     (  4.09781933E-04, -1.39698386E-04) ( -3.53902578E-04, -5.58793545E-05) (  0.00000000    ,  0.00000000    )
   0.00000000       1.00000000       0.00000000     ( -7.54371285E-04, -4.50760126E-03) (  0.00000000    ,  0.00000000    ) (  1.49011612E-02,  6.12810254E-03)
   0.00000000       1.00000000       1.00000000     (  8.04662704E-03,  6.38887286E-03) (  2.03493983E-03, -1.25961378E-03) ( -2.03493983E-03,  1.25961378E-03)
   0.00000000       1.00000000       2.00000000     (  1.30385160E-04, -1.67638063E-04) ( -9.77888703E-05,  7.91624188E-05) (  4.88944352E-05, -3.95812094E-05)
   0.00000000       2.00000000       0.00000000     (  2.23517418E-04,  1.21071935E-04) (  0.00000000    ,  0.00000000    ) ( -1.30385160E-04,  5.58793545E-05)
   0.00000000       2.00000000       1.00000000     (  2.79396772E-04, -8.38190317E-05) ( -4.88944352E-05, -6.05359674E-05) (  9.77888703E-05,  1.21071935E-04)
   0.00000000      -2.00000000       0.00000000     (  2.23517418E-04, -1.21071935E-04) (  0.00000000    ,  0.00000000    ) ( -1.30385160E-04, -5.58793545E-05)
   0.00000000      -2.00000000       1.00000000     ( -1.49011612E-04,  2.79396772E-05) ( -1.30385160E-04, -1.58324838E-04) ( -2.60770321E-04, -3.16649675E-04)
   0.00000000      -1.00000000       0.00000000     ( -7.54371285E-04,  4.50760126E-03) (  0.00000000    ,  0.00000000    ) (  1.49011612E-02, -6.12810254E-03)
   0.00000000      -1.00000000       1.00000000     ( -6.78002834E-03, -2.65240669E-02) ( -9.72300768E-03,  3.61353159E-03) ( -9.72300768E-03,  3.61353159E-03)
   0.00000000      -1.00000000       2.00000000     (  1.58324838E-04, -8.38190317E-05) (  1.21071935E-04, -4.42378223E-05) (  6.05359674E-05, -2.21189111E-05)
   1.00000000       0.00000000       0.00000000     (  0.00000000    ,  0.00000000    ) ( -3.18884850E-02,  2.22772360E-02) (  1.85146928E-02, -6.21366780E-05)
   1.00000000       0.00000000       1.00000000     ( -3.41795385E-03,  5.01750037E-04) ( -1.47148967E-02, -1.81049109E-02) (  3.41795385E-03, -5.01750037E-04)
   1.00000000       0.00000000       2.00000000     ( -2.79396772E-04, -1.58324838E-04) (  1.58324838E-04,  1.02445483E-04) (  1.39698386E-04,  7.91624188E-05)
   1.00000000       1.00000000       0.00000000     (  2.96160579E-03,  4.80562449E-03) ( -2.96160579E-03, -4.80562449E-03) ( -3.55765224E-03,  1.15483999E-02)
   1.00000000       1.00000000       1.00000000     (  1.21071935E-04,  1.49011612E-04) ( -4.09781933E-04,  2.09547579E-05) (  2.79396772E-04, -1.67638063E-04)
   1.00000000       1.00000000       2.00000000     ( -4.47034836E-04,  7.91624188E-05) (  1.86264515E-04,  2.60770321E-04) (  1.30385160E-04, -1.67638063E-04)
   1.00000000       2.00000000       0.00000000     ( -6.05359674E-05,  1.30385160E-04) (  3.02679837E-05, -6.51925802E-05) ( -1.49011612E-04, -2.79396772E-05)
   1.00000000       2.00000000       1.00000000     ( -1.62981451E-05,  7.45058060E-05) ( -1.11758709E-04, -3.49245965E-06) (  2.23517418E-04, -6.98491931E-05)
   1.00000000      -2.00000000       0.00000000     (  2.32830644E-06,  1.58324838E-04) (  1.16415322E-06,  7.91624188E-05) ( -1.21071935E-04, -2.60770321E-04)
   1.00000000      -2.00000000       1.00000000     ( -2.42143869E-04, -7.45058060E-05) ( -5.58793545E-05, -1.97906047E-05) (  1.30385160E-04,  3.72529030E-05)
   1.00000000      -1.00000000       0.00000000     (  1.10827386E-03, -4.61004674E-03) (  1.10827386E-03, -4.61004674E-03) ( -8.19563866E-03,  3.24100256E-02)
   1.00000000      -1.00000000       1.00000000     (  5.21540642E-04,  2.23517418E-04) (  1.97906047E-05, -4.09781933E-04) ( -5.21540642E-04, -6.70552254E-04)
   1.00000000      -1.00000000       2.00000000     ( -2.23517418E-04, -9.89530236E-06) ( -8.84756446E-05,  1.95577741E-04) (  6.51925802E-05,  1.02445483E-04)
   2.00000000       0.00000000       0.00000000     (  0.00000000    ,  0.00000000    ) (  1.02445483E-04,  3.53902578E-04) ( -1.58324838E-04, -4.42378223E-05)
   2.00000000       0.00000000       1.00000000     ( -3.95812094E-05,  1.51339918E-05) ( -2.79396772E-05,  6.51925802E-05) (  7.91624188E-05, -3.02679837E-05)
   2.00000000       1.00000000       0.00000000     (  4.88944352E-05,  3.25962901E-05) ( -9.77888703E-05, -6.51925802E-05) (  5.58793545E-05,  1.30385160E-04)
   2.00000000       1.00000000       1.00000000     ( -6.40284270E-06, -4.42378223E-05) ( -1.58324838E-04,  1.21071935E-04) (  1.76951289E-04, -2.79396772E-05)
   2.00000000      -1.00000000       0.00000000     ( -9.77888703E-05, -6.05359674E-05) ( -1.95577741E-04, -1.21071935E-04) ( -2.18278728E-06, -1.86264515E-05)
   2.00000000      -1.00000000       1.00000000     ( -3.72529030E-05, -2.04890966E-04) ( -1.11758709E-04, -1.39698386E-04) ( -3.95812094E-05,  2.79396772E-04)
