   0.00000000       0.00000000      -2.00000000     (  6.33299351E-04,  1.95577741E-04) ( -5.77419996E-04,  1.21071935E-04) (  0.00000000    ,  0.00000000    )
   0.00000000       0.00000000      -1.00000000     (  1.03190541E-02,  1.15483999E-02) (  4.05311584E-02,  8.69855285E-03) (  0.00000000    ,  0.00000000    )
   0.00000000       1.00000000      -2.00000000     (  2.23517418E-04,  1.58324838E-04) (  2.23517418E-04,  5.35510480E-05) (  1.11758709E-04,  2.67755240E-05)
   0.00000000       1.00000000      -1.00000000     ( -6.87316060E-03,  2.54064798E-02) ( -9.72300768E-03, -3.77185643E-03) ( -9.72300768E-03, -3.77185643E-03)
   0.00000000       2.00000000      -1.00000000     ( -2.42143869E-04, -8.84756446E-05) ( -2.14204192E-04,  2.32830644E-04) ( -4.28408384E-04,  4.65661287E-04)
   0.00000000      -2.00000000      -1.00000000     (  3.72529030E-04,  1.49011612E-04) ( -5.58793545E-05,  8.38190317E-05) (  1.11758709E-04, -1.67638063E-04)
   0.00000000      -1.00000000      -2.00000000     (  2.42143869E-04,  2.88709998E-04) ( -1.35041773E-04, -1.30385160E-04) (  6.75208867E-05,  6.51925802E-05)
   0.00000000      -1.00000000      -1.00000000     (  7.43195415E-03, -5.66244125E-03) (  2.42609531E-03,  1.21071935E-03) ( -2.42609531E-03, -1.21071935E-03)
   1.00000000       0.00000000      -2.00000000     ( -2.70083547E-04, -1.16415322E-04) (  2.32830644E-04,  6.33299351E-04) ( -1.35041773E-04, -5.82076609E-05)
   1.00000000       0.00000000      -1.00000000     (  1.16974115E-02, -5.77419996E-03) ( -7.74860382E-03,  2.01165676E-02) (  1.16974115E-02, -5.77419996E-03)
   1.00000000       1.00000000      -2.00000000     (  1.11758709E-04,  2.51457095E-04) ( -1.95577741E-04, -2.42143869E-04) ( -4.42378223E-05,  1.67347025E-06)
   1.00000000       1.00000000      -1.00000000     ( -5.77419996E-04,  1.00582838E-03) ( -4.88944352E-05, -5.58793545E-04) ( -6.33299351E-04,  4.65661287E-04)
   1.00000000       2.00000000      -1.00000000     (  1.62981451E-05, -1.39698386E-04) ( -9.77888703E-05,  3.02679837E-05) ( -1.76951289E-04, -7.91624188E-05)
   1.00000000      -2.00000000      -1.00000000     ( -9.60426405E-06, -1.49011612E-04) (  1.21071935E-04, -6.75208867E-05) ( -2.51457095E-04, -1.33877620E-05)
   1.00000000      -1.00000000      -2.00000000     (  1.16415322E-04, -2.60770321E-04) ( -1.11758709E-04,  1.30967237E-06) (  1.11758709E-04, -1.30385160E-04)
   1.00000000      -1.00000000      -1.00000000     ( -1.86264515E-05,  1.76951289E-04) ( -1.58324838E-04,  1.39698386E-04) (  1.39698386E-04,  3.49245965E-05)
   2.00000000       0.00000000      -1.00000000     ( -2.14204192E-04,  8.14907253E-06) (  1.67638063E-04, -3.72529030E-04) ( -4.28408384E-04,  1.62981451E-05)
   2.00000000       1.00000000      -1.00000000     (  6.28642738E-05, -6.98491931E-05) ( -2.60770321E-04,  3.53902578E-04) ( -1.35041773E-04,  2.04890966E-04)
   2.00000000      -1.00000000      -1.00000000     (  1.95577741E-04,  3.72529030E-05) (  1.11758709E-04,  1.49011612E-04) (  2.79396772E-04, -7.21774995E-05)
