   0.00000000       0.00000000      -2.00000000     ( -1.58324838E-04, -6.70552254E-04) (  5.21540642E-04, -1.67638063E-04) (  0.00000000    ,  0.00000000    )
   0.00000000       0.00000000      -1.00000000     (  2.28732824E-02, -3.02679837E-03) (  3.39001417E-02,  2.75671482E-02) (  0.00000000    ,  0.00000000    )
   0.00000000       1.00000000      -2.00000000     ( -1.35041773E-04, -2.27009878E-05) (  1.86264515E-04, -1.95577741E-04) (  9.31322575E-05, -9.77888703E-05)
   0.00000000       1.00000000      -1.00000000     (  1.24331564E-03,  3.14414501E-02) ( -3.79979610E-03, -3.38070095E-03) ( -3.79979610E-03, -3.38070095E-03)
   0.00000000       2.00000000      -1.00000000     (  7.45058060E-04,  4.42378223E-05) (  6.28642738E-05, -4.07453626E-05) (  1.25728548E-04, -8.14907253E-05)
   0.00000000      -2.00000000      -1.00000000     ( -3.91155481E-04, -4.88944352E-05) (  2.23517418E-04,  1.11758709E-04) ( -4.47034836E-04, -2.23517418E-04)
   0.00000000      -1.00000000      -2.00000000     (  3.91155481E-04, -1.25728548E-04) (  2.70083547E-04,  1.30385160E-04) ( -1.35041773E-04, -6.51925802E-05)
   0.00000000      -1.00000000      -1.00000000     (  8.06525350E-03, -9.22009349E-03) ( -2.85916030E-03,  6.09084964E-03) (  2.85916030E-03, -6.09084964E-03)
   1.00000000       0.00000000      -2.00000000     (  2.42143869E-04, -1.30385160E-04) (  3.53902578E-04, -1.95577741E-04) (  1.21071935E-04, -6.51925802E-05)
   1.00000000       0.00000000      -1.00000000     (  9.68575478E-03, -4.81493771E-03) ( -1.02445483E-02, -2.12341547E-03) (  9.68575478E-03, -4.81493771E-03)
   1.00000000       1.00000000      -2.00000000     (  2.14204192E-04,  1.16415322E-04) ( -1.11758709E-04,  4.65661287E-04) (  5.35510480E-05,  2.88709998E-04)
   1.00000000       1.00000000      -1.00000000     (  2.51457095E-04, -1.44354999E-04) ( -5.58793545E-04, -2.79396772E-04) ( -3.16649675E-04, -4.28408384E-04)
   1.00000000       2.00000000      -1.00000000     ( -3.72529030E-05, -2.70083547E-04) (  1.44354999E-04,  2.04890966E-04) (  2.51457095E-04,  1.39698386E-04)
   1.00000000      -2.00000000      -1.00000000     ( -4.47034836E-04, -2.04890966E-04) ( -2.79396772E-04, -2.32830644E-04) (  1.07102096E-04,  2.60770321E-04)
   1.00000000      -1.00000000      -2.00000000     ( -2.14204192E-04,  2.42143869E-04) ( -3.25962901E-04,  2.91038305E-05) (  5.35510480E-05,  1.07102096E-04)
   1.00000000      -1.00000000      -1.00000000     (  1.07102096E-04, -4.47034836E-04) (  4.65661287E-04, -1.58324838E-04) ( -3.53902578E-04, -2.88709998E-04)
   2.00000000       0.00000000      -1.00000000     (  1.62981451E-04,  4.88944352E-05) (  2.03726813E-05, -4.65661287E-05) (  3.25962901E-04,  9.77888703E-05)
   2.00000000       1.00000000      -1.00000000     (  1.35041773E-04,  2.79396772E-05) ( -2.23517418E-04,  1.25728548E-04) (  4.65661287E-05,  1.81607902E-04)
   2.00000000      -1.00000000      -1.00000000     ( -4.54019755E-05, -3.60887498E-05) ( -3.63215804E-04,  2.98023224E-04) (  2.79396772E-04, -3.72529030E-04)
