   0.00000000       0.00000000       1.00000000     (  2.30222940E-02,  1.16601586E-02) (  1.86846592E-04, -2.29477882E-02) (  0.00000000    ,  0.00000000    )
   0.00000000       0.00000000       2.00000000     (  6.61239028E-03, -3.96743417E-03) (  1.76951289E-03,  1.46217644E-03) (  0.00000000    ,  0.00000000    )
   0.00000000       1.00000000       0.00000000     ( -2.44937837E-03,  1.16601586E-02) (  0.00000000    ,  0.00000000    ) (  2.02096999E-03, -2.71946192E-03)
   0.00000000       1.00000000       1.00000000     (  3.22237611E-03, -3.58559191E-03) (  6.81728125E-03, -7.15255737E-03) ( -6.81728125E-03,  7.15255737E-03)
   0.00000000       1.00000000       2.00000000     ( -7.22706318E-03, -9.19681042E-04) ( -6.92903996E-03,  5.22704795E-04) (  3.46451998E-03, -2.61352398E-04)
   0.00000000       2.00000000       0.00000000     ( -2.92202458E-04, -6.35161996E-03) (  0.00000000    ,  0.00000000    ) ( -4.61935997E-03,  4.15602699E-04)
   0.00000000       2.00000000       1.00000000     (  5.79282641E-03,  1.17812306E-03) ( -1.28522515E-03, -2.43075192E-03) (  2.57045031E-03,  4.86150384E-03)
   0.00000000      -2.00000000       0.00000000     ( -2.92202458E-04,  6.35161996E-03) (  0.00000000    ,  0.00000000    ) ( -4.61935997E-03, -4.15602699E-04)
   0.00000000      -2.00000000       1.00000000     ( -9.12696123E-03, -2.88709998E-03) ( -1.71829015E-03,  9.94186848E-04) ( -3.43658030E-03,  1.98837370E-03)
   0.00000000      -1.00000000       0.00000000     ( -2.44937837E-03, -1.16601586E-02) (  0.00000000    ,  0.00000000    ) (  2.02096999E-03,  2.71946192E-03)
   0.00000000      -1.00000000       1.00000000     (  1.02072954E-02, -1.28895044E-02) ( -2.47731805E-03, -2.58907676E-03) ( -2.47731805E-03, -2.58907676E-03)
   0.00000000      -1.00000000       2.00000000     ( -3.73460352E-03, -1.61817297E-04) (  4.97093424E-04,  3.56696546E-03) (  2.48546712E-04,  1.78348273E-03)
   1.00000000       0.00000000       0.00000000     (  0.00000000    ,  0.00000000    ) ( -2.05636024E-02,  5.25265932E-03) (  2.38418579E-02,  1.97440386E-02)
   1.00000000       0.00000000       1.00000000     (  1.82539225E-03, -4.30271029E-03) ( -2.48849392E-02,  1.56462193E-02) ( -1.82539225E-03,  4.30271029E-03)
   1.00000000       0.00000000       2.00000000     (  1.04773790E-03,  2.15601176E-03) (  4.99188900E-03,  5.17815351E-03) ( -5.23868948E-04, -1.07800588E-03)
   1.00000000       1.00000000       0.00000000     (  5.25265932E-03,  9.96515155E-04) ( -5.25265932E-03, -9.96515155E-04) ( -6.70552254E-03,  2.93366611E-03)
   1.00000000       1.00000000       1.00000000     ( -3.20374966E-03,  1.06636435E-03) (  2.25380063E-03, -6.14672899E-04) (  9.47620720E-04, -4.50527295E-04)
   1.00000000       1.00000000       2.00000000     ( -2.17929482E-03, -2.43075192E-03) ( -4.37721610E-03, -3.76254320E-03) (  3.27825546E-03,  3.10130417E-03)
   1.00000000       2.00000000       0.00000000     ( -1.79279596E-03,  5.27128577E-03) (  8.96397978E-04, -2.63564289E-03) ( -4.38885763E-04,  9.35047865E-03)
   1.00000000       2.00000000       1.00000000     (  6.38887286E-03,  2.71946192E-03) ( -2.19792128E-03, -2.13738531E-03) ( -1.98371708E-03,  1.55530870E-03)
   1.00000000      -2.00000000       0.00000000     ( -5.06406650E-04, -1.29919499E-03) ( -2.53203325E-04, -6.49597496E-04) ( -2.57976353E-03,  6.89178705E-04)
   1.00000000      -2.00000000       1.00000000     ( -2.04890966E-03,  7.63684511E-04) ( -1.95577741E-03,  1.45751983E-03) ( -1.86264515E-03,  2.15135515E-03)
   1.00000000      -1.00000000       0.00000000     ( -5.53205609E-03, -3.82773578E-03) ( -5.53205609E-03, -3.82773578E-03) ( -4.30271029E-03,  4.33996320E-03)
   1.00000000      -1.00000000       1.00000000     (  7.76723027E-03,  8.10250640E-03) (  1.81607902E-03,  7.39470124E-03) ( -5.94183803E-03, -7.12461770E-04)
   1.00000000      -1.00000000       2.00000000     (  3.61353159E-03,  5.94183803E-03) (  5.60656190E-03,  1.85798854E-03) (  9.98843461E-04, -2.03959644E-03)
   2.00000000       0.00000000       0.00000000     (  0.00000000    ,  0.00000000    ) (  1.10641122E-02, -6.35161996E-03) ( -3.58559191E-03,  4.20957804E-03)
   2.00000000       0.00000000       1.00000000     ( -4.39584255E-03, -4.56348062E-04) (  3.60421836E-03,  1.09151006E-02) (  8.79168510E-03,  9.12696123E-04)
   2.00000000       1.00000000       0.00000000     ( -1.93249434E-03,  5.70435077E-04) (  3.86498868E-03, -1.14087015E-03) ( -1.38767064E-03, -6.44475222E-03)
   2.00000000       1.00000000       1.00000000     (  2.19792128E-03,  4.50760126E-03) ( -5.08502126E-03, -7.87898898E-03) (  6.93835318E-04, -1.15483999E-03)
   2.00000000      -1.00000000       0.00000000     (  1.27125531E-03, -6.47269189E-04) (  2.54251063E-03, -1.29453838E-03) (  5.20376489E-04,  2.04425305E-03)
   2.00000000      -1.00000000       1.00000000     ( -3.96743417E-03,  4.73810360E-04) ( -3.77185643E-03, -1.76951289E-03) (  4.16301191E-03, -2.71946192E-03)
