   0.00000000       0.00000000      -2.00000000     (  8.41915607E-03,  2.40281224E-03) ( -1.24052167E-02,  6.33299351E-03) (  0.00000000    ,  0.00000000    )
   0.00000000       0.00000000      -1.00000000     (  3.36440280E-04,  1.09151006E-02) (  2.19047070E-02, -4.02331352E-03) (  0.00000000    ,  0.00000000    )
   0.00000000       1.00000000      -2.00000000     ( -1.89989805E-03,  3.31550837E-03) (  1.34110451E-03, -2.77534127E-03) (  6.70552254E-04, -1.38767064E-03)
   0.00000000       1.00000000      -1.00000000     ( -7.48783350E-03,  1.15483999E-02) ( -5.75557351E-03, -5.73694706E-03) ( -5.75557351E-03, -5.73694706E-03)
   0.00000000       2.00000000      -1.00000000     (  1.52736902E-03, -9.91858542E-04) ( -7.38073140E-04, -2.40979716E-04) ( -1.47614628E-03, -4.81959432E-04)
   0.00000000      -2.00000000      -1.00000000     ( -8.66129994E-04,  4.58210707E-03) ( -1.72294676E-03, -1.57859176E-03) (  3.44589353E-03,  3.15718353E-03)
   0.00000000      -1.00000000      -2.00000000     (  6.12810254E-03,  5.12227416E-03) ( -2.97091901E-03, -2.48663127E-03) (  1.48545951E-03,  1.24331564E-03)
   0.00000000      -1.00000000      -1.00000000     ( -3.76254320E-03,  1.70432031E-03) (  4.07919288E-03,  1.26194209E-03) ( -4.07919288E-03, -1.26194209E-03)
   1.00000000       0.00000000      -2.00000000     ( -2.01165676E-03, -1.35507435E-03) (  5.14555722E-04,  6.85453415E-03) ( -1.00582838E-03, -6.77537173E-04)
   1.00000000       0.00000000      -1.00000000     (  9.57399607E-03, -5.62518835E-03) ( -3.98606062E-03,  2.78651714E-02) (  9.57399607E-03, -5.62518835E-03)
   1.00000000       1.00000000      -2.00000000     (  2.09547579E-03,  2.97091901E-03) ( -5.92321157E-03, -3.46917659E-04) ( -1.91852450E-03,  1.31316483E-03)
   1.00000000       1.00000000      -1.00000000     (  2.16066837E-03,  8.15838575E-03) ( -1.79745257E-03, -5.51342964E-03) (  3.53902578E-04,  2.63564289E-03)
   1.00000000       2.00000000      -1.00000000     (  2.85916030E-03,  9.22009349E-04) ( -4.49363142E-04, -2.35741027E-05) (  1.96509063E-03,  8.75443220E-04)
   1.00000000      -2.00000000      -1.00000000     (  5.02914190E-04,  1.35507435E-03) ( -7.01402314E-05,  1.59488991E-04) (  6.42612576E-04,  1.03376806E-03)
   1.00000000      -1.00000000      -2.00000000     ( -1.42492354E-03, -5.30853868E-03) ( -1.01979822E-03,  4.07919288E-03) ( -2.01398507E-04, -4.69386578E-03)
   1.00000000      -1.00000000      -1.00000000     ( -1.81607902E-03,  4.91272658E-04) ( -2.02096999E-03, -4.47034836E-03) (  2.08965503E-04,  4.95463610E-03)
   2.00000000       0.00000000      -1.00000000     ( -1.85333192E-03, -5.64614311E-05) ( -3.44589353E-03, -5.05242497E-04) ( -3.70666385E-03, -1.12922862E-04)
   2.00000000       1.00000000      -1.00000000     (  1.36438757E-03,  9.77888703E-04) ( -4.17232513E-03, -2.80328095E-03) ( -1.44354999E-03, -8.52160156E-04)
   2.00000000      -1.00000000      -1.00000000     (  9.45292413E-04, -7.56699592E-04) (  1.89058483E-03,  9.22009349E-04) ( -4.22005542E-06, -2.44006515E-03)
