    0.000000        0.000000       -2.000000      (2.5425106E-03,2.9336661E-04)
   (3.2596290E-03,-2.8871000E-03)  (0.000000,0.000000)
    0.000000        0.000000       -1.000000      
 (2.2426248E-02,-1.2442470E-02)  (-1.4305115E-02,1.7806888E-02)  
 (0.000000,0.000000)
    0.000000        1.000000       -2.000000      
 (-7.5995922E-03,1.0104850E-03)  (-2.3841858E-03,2.8684735E-03)  
 (-1.1920929E-03,1.4342368E-03)
    0.000000        1.000000       -1.000000      (9.5739961E-03,3.9860606E-03)
   (-9.0338290E-04,6.1281025E-03)  (-9.0338290E-04,6.1281025E-03)
    0.000000        2.000000       -1.000000      
 (-5.6996942E-03,6.5192580E-03)  (-1.1641532E-03,2.0139851E-04)  
 (-2.3283064E-03,4.0279701E-04)
    0.000000       -2.000000       -1.000000      (2.3469329E-03,1.7788261E-03)
   (-9.1269612E-04,4.6100467E-04)  (1.8253922E-03,-9.2200935E-04)
    0.000000       -1.000000       -2.000000      
 (-4.9918890E-03,9.7323209E-04)  (-7.9860911E-04,2.3003668E-03)  
 (3.9930455E-04,-1.1501834E-03)
    0.000000       -1.000000       -1.000000      
 (6.3702464E-03,-8.4936619E-03)  (4.9173832E-03,4.2468309E-03)  
 (-4.9173832E-03,-4.2468309E-03)
    1.000000        0.000000       -2.000000      (4.4889748E-03,1.0244548E-03)
   (-3.7066638E-03,1.0896474E-03)  (2.2444874E-03,5.1222742E-04)
    1.000000        0.000000       -1.000000      
 (3.2689422E-03,-1.6577542E-03)  (4.6938658E-03,-7.7486038E-03)  
 (3.2689422E-03,-1.6577542E-03)
    1.000000        1.000000       -2.000000      
 (-2.6170164E-03,2.0768493E-03)  (-2.4586916E-03,-6.9290400E-03)  
 (-2.5331974E-03,-2.4307519E-03)
    1.000000        1.000000       -1.000000      
 (-4.9360096E-03,2.1979213E-03)  (2.2538006E-03,-1.3038516E-03)  
 (-2.6822090E-03,8.9406967E-04)
    1.000000        2.000000       -1.000000      
 (-3.5203993E-03,1.5413389E-03)  (1.4668331E-04,1.6298145E-03)  
 (-3.2316893E-03,4.8056245E-03)
    1.000000       -2.000000       -1.000000      
 (1.1920929E-03,-5.7509169E-04)  (-3.6234269E-05,-5.9604645E-04)  
 (1.2665987E-03,6.1467290E-04)
    1.000000       -1.000000       -2.000000      
 (2.0489097E-03,-1.0663643E-03)  (-3.5203993E-03,9.3597919E-04)  
 (2.7846545E-03,-1.0011718E-03)
    1.000000       -1.000000       -1.000000      
 (-5.6438148E-03,3.9301813E-03)  (-2.0302832E-03,-1.1525117E-04)  
 (-3.6135316E-03,4.0419400E-03)
    2.000000        0.000000       -1.000000      (2.2351742E-03,1.2200326E-03)
   (7.8976154E-03,3.9860606E-03)  (4.4703484E-03,2.4400651E-03)
    2.000000        1.000000       -1.000000      
 (-1.1781231E-03,-1.8533319E-03)  (8.8475645E-04,5.9604645E-04)  
 (-1.4714897E-03,-3.1106174E-03)
    2.000000       -1.000000       -1.000000      
 (-9.7323209E-04,1.3317913E-03)  (-5.9371814E-04,2.8964132E-03)  
 (-1.3504177E-03,-2.2468157E-04)
