   0.00000000       0.00000000      -2.00000000     (  2.19792128E-03,  3.44589353E-03) ( -2.27242708E-03,  4.68571670E-05) (  0.00000000    ,  0.00000000    )
   0.00000000       0.00000000      -1.00000000     (  2.68220901E-02, -1.11386180E-02) (  1.34110451E-02,  3.20374966E-02) (  0.00000000    ,  0.00000000    )
   0.00000000       1.00000000      -2.00000000     (  3.05008143E-04,  1.66706741E-03) (  6.10016286E-04,  1.71363354E-03) (  3.05008143E-04,  8.56816769E-04)
   0.00000000       1.00000000      -1.00000000     (  1.59442425E-02,  1.94460154E-02) (  6.23986125E-04,  1.17346644E-03) (  6.23986125E-04,  1.17346644E-03)
   0.00000000       2.00000000      -1.00000000     ( -6.66826963E-03, -1.80676579E-03) ( -1.22934580E-03, -9.45292413E-04) ( -2.45869160E-03, -1.89058483E-03)
   0.00000000      -2.00000000      -1.00000000     (  1.32247806E-03, -3.33413482E-03) ( -1.34110451E-03,  7.54371285E-04) (  2.68220901E-03, -1.50874257E-03)
   0.00000000      -1.00000000      -2.00000000     ( -3.85567546E-03, -1.25728548E-03) ( -1.29453838E-03, -1.04773790E-04) (  6.47269189E-04,  5.23868948E-05)
   0.00000000      -1.00000000      -1.00000000     (  5.68106771E-03,  4.64729965E-03) (  2.91503966E-03,  1.05053186E-02) ( -2.91503966E-03, -1.05053186E-02)
   1.00000000       0.00000000      -2.00000000     ( -1.21071935E-03,  2.98023224E-03) ( -2.57045031E-03,  3.94880772E-03) ( -6.05359674E-04,  1.49011612E-03)
   1.00000000       0.00000000      -1.00000000     (  4.95463610E-03,  2.94676283E-05) (  8.17235559E-04, -2.62632966E-03) (  4.95463610E-03,  2.94676283E-05)
   1.00000000       1.00000000      -2.00000000     ( -3.14787030E-03,  8.70786607E-04) (  2.70083547E-03, -3.12924385E-03) ( -2.22353265E-04, -1.13621354E-03)
   1.00000000       1.00000000      -1.00000000     ( -3.78116965E-03, -1.41561031E-03) (  3.29688191E-03,  6.47269189E-04) ( -4.74974513E-04, -7.68341124E-04)
   1.00000000       2.00000000      -1.00000000     ( -7.82310963E-04,  1.07102096E-03) ( -3.86498868E-04,  1.34110451E-03) ( -1.55530870E-03,  3.74391675E-03)
   1.00000000      -2.00000000      -1.00000000     (  1.17579475E-04, -5.35510480E-04) (  1.09896064E-03,  2.44472176E-04) ( -2.07684934E-03, -1.02445483E-03)
   1.00000000      -1.00000000      -2.00000000     ( -9.40635800E-04, -2.10478902E-03) ( -4.19095159E-04, -1.55530870E-03) ( -2.60770321E-04, -2.74740160E-04)
   1.00000000      -1.00000000      -1.00000000     ( -1.09896064E-03,  4.14438546E-04) ( -2.44006515E-03,  4.40049917E-04) (  1.35041773E-03, -2.54658516E-05)
   2.00000000       0.00000000      -1.00000000     ( -1.03842467E-03, -6.33299351E-04) ( -2.88709998E-03,  4.81959432E-04) ( -2.07684934E-03, -1.26659870E-03)
   2.00000000       1.00000000      -1.00000000     ( -2.44472176E-04,  1.68802217E-04) (  7.91624188E-04, -1.05239451E-03) (  3.00351530E-04, -7.12461770E-04)
   2.00000000      -1.00000000      -1.00000000     ( -1.03609636E-04, -6.23986125E-04) (  3.37604433E-04, -3.01748514E-03) ( -5.44823706E-04,  1.77882612E-03)
