    0.000000        0.000000        1.000000      (2.1010637E-02,1.1585653E-02)
   (-9.2759728E-03,-1.6316772E-02)  (0.000000,0.000000)
    0.000000        0.000000        2.000000      
 (6.5565109E-03,-1.5227124E-03)  (6.1094761E-03,4.9080700E-03)  
 (0.000000,0.000000)
    0.000000        1.000000        0.000000      (1.5227124E-03,7.8976154E-03)
   (0.000000,0.000000)  (3.7066638E-03,-2.1513551E-03)
    0.000000        1.000000        1.000000      (4.4144690E-03,3.2689422E-03)
   (5.9232116E-03,-4.5076013E-03)  (-5.9232116E-03,4.5076013E-03)
    0.000000        1.000000        2.000000      
 (-8.2328916E-03,-2.4307519E-03)  (-4.5914203E-03,-1.6996637E-03)  
 (2.2957101E-03,8.4983185E-04)
    0.000000        2.000000        0.000000      
 (-4.0512532E-03,-2.8172508E-04)  (0.000000,0.000000)  
 (-5.9488229E-04,2.9988587E-03)
    0.000000        2.000000        1.000000      
 (9.6298754E-03,-2.9802322E-03)  (-4.3539330E-04,-1.7834827E-03)  
 (8.7078661E-04,3.5669655E-03)
    0.000000       -2.000000        0.000000      
 (-4.0512532E-03,2.8172508E-04)  (0.000000,0.000000)  
 (-5.9488229E-04,-2.9988587E-03)
    0.000000       -2.000000        1.000000      
 (-1.2516975E-02,-1.1511147E-02)  (-3.6507845E-03,1.0081567E-03)  
 (-7.3015690E-03,2.0163134E-03)
    0.000000       -1.000000        0.000000      
 (1.5227124E-03,-7.8976154E-03)  (0.000000,0.000000)  
 (3.7066638E-03,2.1513551E-03)
    0.000000       -1.000000        1.000000      
 (6.5192580E-03,-5.5320561E-03)  (-1.7415732E-03,-4.6007335E-03)  
 (-1.7415732E-03,-4.6007335E-03)
    0.000000       -1.000000        2.000000      
 (-1.3522804E-02,1.4854595E-03)  (-2.7567148E-03,3.4109689E-04)  
 (-1.3783574E-03,1.7054845E-04)
    1.000000        0.000000        0.000000      (0.000000,0.000000)  
 (-2.5704503E-02,5.0663948E-03)  (1.6838312E-02,1.7732382E-02)
    1.000000        0.000000        1.000000      
 (-2.3655593E-03,-3.0919909E-03)  (-1.8328428E-02,1.4081597E-02)  
 (2.3655593E-03,3.0919909E-03)
    1.000000        0.000000        2.000000      (5.1688403E-04,1.6437843E-03)
   (4.6007335E-03,1.0114163E-02)  (-2.5844201E-04,-8.2189217E-04)
    1.000000        1.000000        0.000000      
 (3.2316893E-03,-1.4947727E-03)  (-3.2316893E-03,1.4947727E-03)  
 (-2.0395964E-03,2.4121255E-03)
    1.000000        1.000000        1.000000      (1.4621764E-03,4.3306500E-03)
   (-2.8964132E-03,-3.3434480E-03)  (1.4295802E-03,-9.8487362E-04)
    1.000000        1.000000        2.000000      
 (-4.2188913E-03,1.4854595E-03)  (-8.4692147E-05,-5.1222742E-03)  
 (2.1513551E-03,1.8160790E-03)
    1.000000        2.000000        0.000000      (3.0547380E-03,2.1420419E-03)
   (-1.5273690E-03,-1.0710210E-03)  (3.9022416E-03,8.5122883E-03)
    1.000000        2.000000        1.000000      (3.2037497E-03,3.2223761E-03)
   (-2.1653250E-03,7.1944669E-04)  (1.1222437E-03,-4.6566129E-03)
    1.000000       -2.000000        0.000000      (1.1944212E-03,7.6368451E-03)
   (5.9721060E-04,3.8184226E-03)  (-5.7742000E-03,-9.7090378E-04)
    1.000000       -2.000000        1.000000      
 (-2.6822090E-03,-7.4971467E-04)  (-6.2398612E-04,-4.5401976E-04)  
 (1.4342368E-03,-1.5774276E-04)
    1.000000       -1.000000        0.000000      
 (-1.2572855E-03,4.9825758E-04)  (-1.2572855E-03,4.9825758E-04)  
 (-5.6065619E-03,3.4272671E-03)
    1.000000       -1.000000        1.000000      
 (1.3560057E-02,-1.5553087E-03)  (4.2561442E-03,5.3405529E-05)  
 (-9.3132257E-03,1.6111881E-03)
    1.000000       -1.000000        2.000000      
 (-3.9115548E-03,-8.3120540E-04)  (-7.3947012E-03,-4.5169145E-03)  
 (-1.7415732E-03,-1.8440187E-03)
    2.000000        0.000000        0.000000      (0.000000,0.000000)  
 (1.2256205E-02,-3.5669655E-03)  (-4.6100467E-04,7.6368451E-04)
    2.000000        0.000000        1.000000      
 (-2.8079376E-03,5.4202974E-03)  (3.9674342E-03,9.2387199E-03)  
 (5.6158751E-03,-1.0840595E-02)
    2.000000        1.000000        0.000000      
 (-1.9930303E-03,-2.9988587E-03)  (3.9860606E-03,5.9977174E-03)  
 (-7.7672303E-03,4.8335642E-03)
    2.000000        1.000000        1.000000      (3.2130629E-03,4.3492764E-03)
   (-4.2375177E-03,-1.3411045E-02)  (-2.1792948E-03,4.7218055E-03)
    2.000000       -1.000000        0.000000      
 (-3.3713877E-03,-3.2503158E-03)  (-6.7427754E-03,-6.5006316E-03)  
 (1.4202669E-03,4.1909516E-03)
    2.000000       -1.000000        1.000000      
 (-4.4237822E-03,2.6635826E-03)  (-3.5203993E-03,7.3760748E-03)  
 (5.3271651E-03,2.0442531E-03)
