   0.00000000       0.00000000       1.00000000     (  2.53319740E-02,  1.11013651E-02) (  9.94652510E-03, -2.96533108E-02) (  0.00000000    ,  0.00000000    )
   0.00000000       0.00000000       2.00000000     (  3.55765224E-03, -4.24683094E-03) ( -2.43075192E-03,  4.05125320E-04) (  0.00000000    ,  0.00000000    )
   0.00000000       1.00000000       0.00000000     ( -8.71717930E-03,  8.06525350E-03) (  0.00000000    ,  0.00000000    ) (  2.25845724E-03,  2.04425305E-03)
   0.00000000       1.00000000       1.00000000     (  4.58210707E-03, -5.14090061E-03) (  3.80910933E-03, -9.64850187E-03) ( -3.80910933E-03,  9.64850187E-03)
   0.00000000       1.00000000       2.00000000     ( -5.08502126E-03,  1.15483999E-03) ( -2.25380063E-03,  8.38190317E-05) (  1.12690032E-03, -4.19095159E-05)
   0.00000000       2.00000000       0.00000000     ( -3.46451998E-03, -3.11061740E-03) (  0.00000000    ,  0.00000000    ) ( -4.15369868E-03,  6.47269189E-04)
   0.00000000       2.00000000       1.00000000     (  1.63912773E-03,  4.26545739E-03) ( -1.85333192E-03, -1.16415322E-03) (  3.70666385E-03,  2.32830644E-03)
   0.00000000      -2.00000000       0.00000000     ( -3.46451998E-03,  3.11061740E-03) (  0.00000000    ,  0.00000000    ) ( -4.15369868E-03, -6.47269189E-04)
   0.00000000      -2.00000000       1.00000000     ( -8.34465027E-03,  2.07684934E-03) ( -1.41095370E-03,  1.20140612E-03) ( -2.82190740E-03,  2.40281224E-03)
   0.00000000      -1.00000000       0.00000000     ( -8.71717930E-03, -8.06525350E-03) (  0.00000000    ,  0.00000000    ) (  2.25845724E-03, -2.04425305E-03)
   0.00000000      -1.00000000       1.00000000     (  1.51991844E-02, -1.76206231E-02) (  1.07684173E-05, -1.61118805E-03) (  1.07684173E-05, -1.61118805E-03)
   0.00000000      -1.00000000       2.00000000     (  4.35393304E-04, -2.44937837E-03) (  6.03031367E-04, -1.66706741E-03) (  3.01515684E-04, -8.33533704E-04)
   1.00000000       0.00000000       0.00000000     (  0.00000000    ,  0.00000000    ) ( -1.54972076E-02,  7.30156898E-03) (  2.88337469E-02,  2.42143869E-02)
   1.00000000       0.00000000       1.00000000     (  4.54485416E-03, -2.53319740E-03) ( -2.97278166E-02,  1.49384141E-02) ( -4.54485416E-03,  2.53319740E-03)
   1.00000000       0.00000000       2.00000000     (  1.22468919E-03,  2.54251063E-03) (  6.59376383E-03,  2.73808837E-03) ( -6.12344593E-04, -1.27125531E-03)
   1.00000000       1.00000000       0.00000000     (  5.79282641E-03,  4.69386578E-03) ( -5.79282641E-03, -4.69386578E-03) ( -9.03382897E-03,  6.57513738E-03)
   1.00000000       1.00000000       1.00000000     ( -2.47731805E-03, -1.35041773E-03) (  1.24797225E-03,  4.07453626E-04) (  1.23400241E-03,  9.40635800E-04)
   1.00000000       1.00000000       2.00000000     ( -4.61004674E-04, -1.79745257E-03) ( -3.66941094E-03, -1.53086148E-04) (  2.06753612E-03,  9.73232090E-04)
   1.00000000       2.00000000       0.00000000     ( -1.36438757E-03,  5.01051545E-03) (  6.82193786E-04, -2.50525773E-03) ( -5.98374754E-04,  2.70083547E-03)
   1.00000000       2.00000000       1.00000000     (  4.78699803E-03,  1.39232725E-03) ( -3.57627869E-03, -1.91852450E-03) (  2.35624611E-03,  2.44006515E-03)
   1.00000000      -2.00000000       0.00000000     (  3.45753506E-04, -2.43075192E-03) (  1.72876753E-04, -1.21537596E-03) ( -1.04773790E-03,  2.29105353E-03)
   1.00000000      -2.00000000       1.00000000     ( -7.72997737E-04,  1.85333192E-03) ( -1.12224370E-03,  2.35624611E-03) ( -1.47148967E-03,  2.86847353E-03)
   1.00000000      -1.00000000       0.00000000     ( -5.96046448E-03, -1.15483999E-02) ( -5.96046448E-03, -1.15483999E-02) ( -6.72414899E-03,  7.09667802E-03)
   1.00000000      -1.00000000       1.00000000     (  1.89058483E-03,  3.66941094E-03) ( -1.96509063E-03,  1.34576112E-03) ( -3.85567546E-03, -2.31899321E-03)
   1.00000000      -1.00000000       2.00000000     (  2.23517418E-03,  3.07336450E-03) (  3.78116965E-03,  2.94297934E-03) (  7.72997737E-04, -5.82076609E-05)
   2.00000000       0.00000000       0.00000000     (  0.00000000    ,  0.00000000    ) (  6.25848770E-03, -1.61118805E-03) ( -3.76254320E-03,  2.59606168E-04)
   2.00000000       0.00000000       1.00000000     ( -1.24797225E-03, -1.98371708E-03) (  9.35979187E-04,  5.25265932E-03) (  2.49594450E-03,  3.96743417E-03)
   2.00000000       1.00000000       0.00000000     ( -2.17929482E-03,  2.35158950E-04) (  4.35858965E-03, -4.70317900E-04) (  7.13043846E-05, -6.74277544E-03)
   2.00000000       1.00000000       1.00000000     (  1.72876753E-04,  2.07684934E-03) ( -1.06636435E-03, -3.91155481E-03) (  7.21774995E-04, -2.45636329E-04)
   2.00000000      -1.00000000       0.00000000     (  1.21537596E-03,  1.42492354E-03) (  2.43075192E-03,  2.84984708E-03) ( -1.58324838E-04,  1.50874257E-03)
   2.00000000      -1.00000000       1.00000000     ( -2.31899321E-03,  6.51925802E-04) ( -1.72294676E-03, -7.91624188E-04) (  2.92435288E-03, -2.09547579E-03)
