   0.00000000       0.00000000       1.00000000     ( -3.52738425E-04, -1.13621354E-02) (  2.13086605E-02,  5.53205609E-03) (  0.00000000    ,  0.00000000    )
   0.00000000       0.00000000       2.00000000     (  7.86036253E-03, -2.85916030E-03) ( -1.15111470E-02, -5.23403287E-03) (  0.00000000    ,  0.00000000    )
   0.00000000       1.00000000       0.00000000     (  6.42612576E-03, -8.28877091E-04) (  0.00000000    ,  0.00000000    ) (  1.43796206E-02, -5.55068254E-03)
   0.00000000       1.00000000       1.00000000     ( -5.83007932E-03, -2.77534127E-03) (  4.06056643E-03, -1.27591193E-03) ( -4.06056643E-03,  1.27591193E-03)
   0.00000000       1.00000000       2.00000000     (  5.28991222E-03, -3.89292836E-03) ( -3.42726707E-03,  1.91852450E-03) (  1.71363354E-03, -9.59262252E-04)
   0.00000000       2.00000000       0.00000000     ( -1.40164047E-03,  6.14672899E-03) (  0.00000000    ,  0.00000000    ) ( -7.14790076E-04,  2.13040039E-04)
   0.00000000       2.00000000       1.00000000     ( -1.50175765E-04, -2.52388418E-03) ( -1.38301402E-03,  1.02911144E-03) (  2.76602805E-03, -2.05822289E-03)
   0.00000000      -2.00000000       0.00000000     ( -1.40164047E-03, -6.14672899E-03) (  0.00000000    ,  0.00000000    ) ( -7.14790076E-04, -2.13040039E-04)
   0.00000000      -2.00000000       1.00000000     (  2.07684934E-03,  6.37373887E-05) ( -7.19446689E-04,  1.31549314E-04) ( -1.43889338E-03,  2.63098627E-04)
   0.00000000      -1.00000000       0.00000000     (  6.42612576E-03,  8.28877091E-04) (  0.00000000    ,  0.00000000    ) (  1.43796206E-02,  5.55068254E-03)
   0.00000000      -1.00000000       1.00000000     ( -8.34465027E-03, -1.13993883E-02) ( -5.62518835E-03,  6.05359674E-03) ( -5.62518835E-03,  6.05359674E-03)
   0.00000000      -1.00000000       2.00000000     ( -1.85333192E-03, -2.61701643E-03) (  4.42378223E-04,  2.95229256E-03) (  2.21189111E-04,  1.47614628E-03)
   1.00000000       0.00000000       0.00000000     (  0.00000000    ,  0.00000000    ) ( -2.58535147E-02,  6.51925802E-03) (  1.63912773E-02, -4.80562449E-03)
   1.00000000       0.00000000       1.00000000     ( -1.55996531E-03, -2.23517418E-03) (  2.90572643E-03, -6.85453415E-03) (  1.55996531E-03,  2.23517418E-03)
   1.00000000       0.00000000       2.00000000     ( -3.70666385E-03, -1.44820660E-03) ( -1.14552677E-03,  3.24100256E-03) (  1.85333192E-03,  7.24103302E-04)
   1.00000000       1.00000000       0.00000000     (  6.79865479E-04,  2.06055120E-04) ( -6.79865479E-04, -2.06055120E-04) (  6.79865479E-03,  1.38580799E-02)
   1.00000000       1.00000000       1.00000000     ( -4.37721610E-03, -8.33533704E-04) (  2.13272870E-03,  3.74391675E-03) (  2.25380063E-03, -2.90572643E-03)
   1.00000000       1.00000000       2.00000000     ( -7.82310963E-04,  1.15018338E-03) (  2.44006515E-03,  1.17812306E-03) ( -8.28877091E-04, -1.16415322E-03)
   1.00000000       2.00000000       0.00000000     ( -5.89061528E-04,  2.00234354E-04) (  2.94530764E-04, -1.00117177E-04) ( -1.22003257E-03, -1.48080289E-03)
   1.00000000       2.00000000       1.00000000     (  2.53319740E-03,  5.70435077E-05) ( -9.96515155E-04, -1.79861672E-04) ( -5.44823706E-04,  3.02679837E-04)
   1.00000000      -2.00000000       0.00000000     ( -1.24797225E-03, -4.16184776E-05) ( -6.23986125E-04, -2.08092388E-05) ( -1.43423676E-03,  3.25962901E-03)
   1.00000000      -2.00000000       1.00000000     ( -2.54949555E-04, -6.93835318E-04) (  1.08033419E-03, -5.58793545E-04) (  2.42143869E-03, -4.26080078E-04)
   1.00000000      -1.00000000       0.00000000     (  6.37024641E-03,  1.92783773E-03) (  6.37024641E-03,  1.92783773E-03) ( -2.79396772E-03,  2.99885869E-03)
   1.00000000      -1.00000000       1.00000000     ( -1.14087015E-03,  3.55765224E-03) ( -1.04308128E-03, -3.53902578E-03) (  9.66247171E-05, -7.11530447E-03)
   1.00000000      -1.00000000       2.00000000     ( -4.19095159E-03, -1.26659870E-03) (  1.84401870E-03,  1.72294676E-03) (  3.01748514E-03,  1.49011612E-03)
   2.00000000       0.00000000       0.00000000     (  0.00000000    ,  0.00000000    ) ( -2.56113708E-03,  3.11061740E-03) (  1.38301402E-03, -2.83122063E-03)
   2.00000000       0.00000000       1.00000000     ( -1.17346644E-03,  1.14087015E-03) ( -1.39232725E-03, -3.98606062E-03) (  2.34693289E-03, -2.28174031E-03)
   2.00000000       1.00000000       0.00000000     ( -1.16880983E-03, -1.37835741E-03) (  2.33761966E-03,  2.75671482E-03) ( -1.65891834E-04,  3.79979610E-03)
   2.00000000       1.00000000       1.00000000     ( -8.33533704E-04,  4.40049917E-04) (  1.71712600E-04,  1.01048499E-03) (  1.49011612E-03, -1.89058483E-03)
   2.00000000      -1.00000000       0.00000000     ( -2.36555934E-03, -1.08499080E-03) ( -4.73111868E-03, -2.16998160E-03) (  9.26665962E-04,  5.02914190E-03)
   2.00000000      -1.00000000       1.00000000     (  2.23517418E-03, -2.60770321E-04) ( -1.11293048E-03,  8.61473382E-04) ( -5.58793545E-03,  1.38301402E-03)
