   0.00000000       0.00000000       1.00000000     (  7.24568963E-03, -1.24052167E-02) (  3.70293856E-02, -5.04776835E-03) (  0.00000000    ,  0.00000000    )
   0.00000000       0.00000000       2.00000000     (  1.26659870E-03, -2.79396772E-04) ( -1.30385160E-03, -4.93600965E-04) (  0.00000000    ,  0.00000000    )
   0.00000000       1.00000000       0.00000000     (  2.02562660E-03, -4.30271029E-03) (  0.00000000    ,  0.00000000    ) (  1.62050128E-02,  1.96509063E-03)
   0.00000000       1.00000000       1.00000000     (  5.04776835E-03,  3.63215804E-03) (  3.39001417E-03, -1.17812306E-03) ( -3.39001417E-03,  1.17812306E-03)
   0.00000000       1.00000000       2.00000000     (  6.14672899E-04, -7.26431608E-04) ( -1.62981451E-04,  3.25962901E-04) (  8.14907253E-05, -1.62981451E-04)
   0.00000000       2.00000000       0.00000000     (  8.56816769E-04,  3.53902578E-04) (  0.00000000    ,  0.00000000    ) ( -8.14907253E-05,  3.07336450E-04)
   0.00000000       2.00000000       1.00000000     (  3.35276127E-04, -4.74974513E-04) ( -3.31783667E-05, -4.54019755E-05) (  6.63567334E-05,  9.08039510E-05)
   0.00000000      -2.00000000       0.00000000     (  8.56816769E-04, -3.53902578E-04) (  0.00000000    ,  0.00000000    ) ( -8.14907253E-05, -3.07336450E-04)
   0.00000000      -2.00000000       1.00000000     ( -4.84287739E-04,  4.28408384E-04) ( -4.00468707E-04, -3.35276127E-04) ( -8.00937414E-04, -6.70552254E-04)
   0.00000000      -1.00000000       0.00000000     (  2.02562660E-03,  4.30271029E-03) (  0.00000000    ,  0.00000000    ) (  1.62050128E-02, -1.96509063E-03)
   0.00000000      -1.00000000       1.00000000     ( -6.96629286E-03, -2.17556953E-02) ( -9.25734639E-03,  4.26545739E-03) ( -9.25734639E-03,  4.26545739E-03)
   0.00000000      -1.00000000       2.00000000     (  3.07336450E-04, -4.19095159E-04) (  5.49480319E-04, -8.44011083E-06) (  2.74740160E-04, -4.22005542E-06)
   1.00000000       0.00000000       0.00000000     (  0.00000000    ,  0.00000000    ) ( -3.18139791E-02,  1.89989805E-02) (  1.69500709E-02, -2.88709998E-03)
   1.00000000       0.00000000       1.00000000     ( -2.81259418E-03, -4.59840521E-05) ( -9.53674316E-03, -1.68383121E-02) (  2.81259418E-03,  4.59840521E-05)
   1.00000000       0.00000000       2.00000000     ( -8.00937414E-04, -5.68106771E-04) (  3.25962901E-04,  3.25962901E-04) (  4.00468707E-04,  2.84053385E-04)
   1.00000000       1.00000000       0.00000000     (  3.74391675E-03,  3.90224159E-03) ( -3.74391675E-03, -3.90224159E-03) (  1.73458830E-04,  1.09896064E-02)
   1.00000000       1.00000000       1.00000000     (  2.70083547E-04,  3.25962901E-04) ( -9.31322575E-04,  2.51457095E-04) (  6.51925802E-04, -5.77419996E-04)
   1.00000000       1.00000000       2.00000000     ( -1.06170774E-03,  1.58324838E-04) (  5.86733222E-04,  7.45058060E-04) (  2.37487257E-04, -4.56348062E-04)
   1.00000000       2.00000000       0.00000000     ( -1.62981451E-04,  6.70552254E-04) (  8.14907253E-05, -3.35276127E-04) ( -3.91155481E-04, -5.23868948E-05)
   1.00000000       2.00000000       1.00000000     (  2.23517418E-04,  3.63215804E-04) ( -2.56113708E-04, -1.09430403E-04) (  2.84053385E-04, -1.44354999E-04)
   1.00000000      -2.00000000       0.00000000     (  2.18860805E-04,  4.65661287E-04) (  1.09430403E-04,  2.32830644E-04) ( -4.00468707E-04, -5.21540642E-04)
   1.00000000      -2.00000000       1.00000000     ( -7.07805157E-04,  8.73114914E-06) ( -2.56113708E-04,  1.16415322E-04) (  1.95577741E-04,  2.23517418E-04)
   1.00000000      -1.00000000       0.00000000     (  1.97440386E-03, -3.03611159E-03) (  1.97440386E-03, -3.03611159E-03) ( -7.09667802E-03,  2.64495611E-02)
   1.00000000      -1.00000000       1.00000000     (  1.34110451E-03,  6.89178705E-04) (  3.20142135E-05, -1.22934580E-03) ( -1.30385160E-03, -1.89989805E-03)
   1.00000000      -1.00000000       2.00000000     ( -7.07805157E-04, -7.68341124E-05) (  1.13504939E-05,  3.44589353E-04) (  3.63215804E-04,  2.09547579E-04)
   2.00000000       0.00000000       0.00000000     (  0.00000000    ,  0.00000000    ) (  1.00117177E-04,  9.87201929E-04) ( -4.19095159E-04, -3.16649675E-04)
   2.00000000       0.00000000       1.00000000     ( -1.16415322E-04,  6.63567334E-05) ( -3.53902578E-04, -2.32830644E-05) (  2.32830644E-04, -1.32713467E-04)
   2.00000000       1.00000000       0.00000000     (  1.01863407E-05,  4.51109372E-06) ( -2.03726813E-05, -9.02218744E-06) (  2.00234354E-04,  2.18860805E-04)
   2.00000000       1.00000000       1.00000000     ( -6.51925802E-05, -5.23868948E-05) ( -4.09781933E-04,  3.63215804E-04) (  5.40167093E-04, -2.56113708E-04)
   2.00000000      -1.00000000       0.00000000     ( -3.72529030E-04, -2.84053385E-04) ( -7.45058060E-04, -5.68106771E-04) (  3.07336450E-04,  2.09547579E-04)
   2.00000000      -1.00000000       1.00000000     ( -1.60071068E-05, -6.70552254E-04) ( -2.70083547E-04, -3.25962901E-04) ( -2.37487257E-04,  1.02445483E-03)
