    0.000000        0.000000       -2.000000      (7.3760748E-03,1.6717240E-03)
   (6.0535967E-03,-4.5355409E-03)  (0.000000,0.000000)
    0.000000        0.000000       -1.000000      
 (2.1532178E-02,-1.1809170E-02)  (-7.9721212E-03,1.7061830E-02)  
 (0.000000,0.000000)
    0.000000        1.000000       -2.000000      
 (-1.3299286E-02,-2.4260953E-03)  (-2.2491440E-03,-2.1466985E-03)  
 (-1.1245720E-03,-1.0733493E-03)
    0.000000        1.000000       -1.000000      (6.3888729E-03,6.6310167E-03)
   (-2.0954758E-03,4.2840838E-03)  (-2.0954758E-03,4.2840838E-03)
    0.000000        2.000000       -1.000000      
 (-1.2889504E-02,1.1287630E-02)  (-3.9860606E-03,-1.1501834E-03)  
 (-7.9721212E-03,-2.3003668E-03)
    0.000000       -2.000000       -1.000000      (1.0840595E-02,3.1664968E-03)
   (-1.9732397E-04,2.0815060E-03)  (3.9464794E-04,-4.1630119E-03)
    0.000000       -1.000000       -2.000000      
 (-8.1956387E-03,2.5471672E-03)  (-5.7742000E-03,1.0337681E-03)  
 (2.8871000E-03,-5.1688403E-04)
    0.000000       -1.000000       -1.000000      
 (4.2095780E-03,-2.0023435E-03)  (6.4261258E-03,4.8801303E-03)  
 (-6.4261258E-03,-4.8801303E-03)
    1.000000        0.000000       -2.000000      (8.5495412E-03,3.0174851E-03)
   (-3.0826777E-03,5.4016709E-03)  (4.2747706E-03,1.5087426E-03)
    1.000000        0.000000       -1.000000      
 (3.9301813E-03,-5.7974830E-04)  (7.9721212E-03,-3.8370490E-03)  
 (3.9301813E-03,-5.7974830E-04)
    1.000000        1.000000       -2.000000      
 (-3.1385571E-03,-9.7323209E-04)  (-1.8998981E-03,-1.3597310E-02)  
 (-2.5192276E-03,-7.2829425E-03)
    1.000000        1.000000       -1.000000      
 (-8.2701445E-03,-2.1094456E-03)  (2.3143366E-03,-1.2060627E-03)  
 (-5.9604645E-03,-3.3155084E-03)
    1.000000        2.000000       -1.000000      
 (-9.4436109E-03,-1.0640360E-03)  (1.7741695E-03,2.8498471E-03)  
 (-5.9045851E-03,4.6379864E-03)
    1.000000       -2.000000       -1.000000      
 (-1.8742867E-04,-5.2992254E-03)  (-1.0873191E-03,-2.2165477E-03)  
 (1.9883737E-03,-8.6612999E-04)
    1.000000       -1.000000       -2.000000      (4.9732625E-03,1.0174699E-03)
   (-4.2468309E-03,1.9697472E-03)  (4.6100467E-03,-4.7497451E-04)
    1.000000       -1.000000       -1.000000      
 (-1.0114163E-02,3.9581209E-03)  (-7.0594251E-03,5.3551048E-04)  
 (-3.0547380E-03,3.4272671E-03)
    2.000000        0.000000       -1.000000      (1.3620593E-03,4.5448542E-03)
   (5.7928264E-03,7.6182187E-03)  (2.7241185E-03,9.0897083E-03)
    2.000000        1.000000       -1.000000      
 (-6.9965608E-04,-1.4482066E-03)  (4.1630119E-03,-5.7276338E-03)  
 (2.7613714E-03,-8.6240470E-03)
    2.000000       -1.000000       -1.000000      
 (-1.7741695E-03,2.1466985E-03)  (3.0966476E-04,6.1839819E-03)  
 (-3.8649887E-03,-1.8905848E-03)
