    0.000000        0.000000       -2.000000      (8.5122883E-03,2.3702160E-03)
   (5.5134296E-03,-3.2782555E-03)  (0.000000,0.000000)
    0.000000        0.000000       -1.000000      
 (2.2947788E-02,-1.2405217E-02)  (-5.3085387E-03,1.9520521E-02)  
 (0.000000,0.000000)
    0.000000        1.000000       -2.000000      
 (-1.1399388E-02,-3.1758100E-03)  (-1.0454096E-03,-4.7869980E-03)  
 (-5.2270480E-04,-2.3934990E-03)
    0.000000        1.000000       -1.000000      (7.1898103E-03,9.3132257E-03)
   (-2.7380884E-03,3.7625432E-03)  (-2.7380884E-03,3.7625432E-03)
    0.000000        2.000000       -1.000000      
 (-1.2814999E-02,9.8533928E-03)  (-4.0512532E-03,-1.0267831E-03)  
 (-8.1025064E-03,-2.0535663E-03)
    0.000000       -2.000000       -1.000000      (1.1231750E-02,3.0267984E-03)
   (-1.4260877E-04,2.5145710E-03)  (2.8521754E-04,-5.0291419E-03)
    0.000000       -1.000000       -2.000000      
 (-8.4750354E-03,2.3469329E-03)  (-8.0466270E-03,7.4360287E-05)  
 (4.0233135E-03,-3.7180143E-05)
    0.000000       -1.000000       -1.000000      (4.0419400E-03,3.5157427E-04)
   (7.3015690E-03,5.8487058E-03)  (-7.3015690E-03,-5.8487058E-03)
    1.000000        0.000000       -2.000000      (7.4133277E-03,4.1630119E-03)
   (-2.2631139E-03,7.5995922E-03)  (3.7066638E-03,2.0815060E-03)
    1.000000        0.000000       -1.000000      
 (4.1723251E-03,-1.1874363E-04)  (9.4249845E-03,-2.5052577E-03)  
 (4.1723251E-03,-1.1874363E-04)
    1.000000        1.000000       -2.000000      
 (-3.0919909E-03,-2.6309863E-03)  (9.9884346E-04,-1.3373792E-02)  
 (-1.0477379E-03,-8.0093741E-03)
    1.000000        1.000000       -1.000000      
 (-8.6054206E-03,-4.8056245E-03)  (3.4086406E-03,-7.3341653E-04)  
 (-5.1874667E-03,-5.5320561E-03)
    1.000000        2.000000       -1.000000      
 (-1.0058284E-02,-3.5297126E-03)  (1.9371510E-03,2.5331974E-03)  
 (-6.1839819E-03,1.5413389E-03)
    1.000000       -2.000000       -1.000000      
 (-9.0803951E-04,-6.4633787E-03)  (-1.6111881E-03,-3.6042184E-03)  
 (2.3096800E-03,7.3108822E-04)
    1.000000       -1.000000       -2.000000      (4.6845526E-03,2.4214387E-03)
   (-3.4645200E-03,2.7939677E-03)  (4.0698797E-03,-1.8568244E-04)
    1.000000       -1.000000       -1.000000      
 (-9.1828406E-03,2.8777868E-03)  (-8.4750354E-03,9.9185854E-04)  
 (-7.0547685E-04,1.8859282E-03)
    2.000000        0.000000       -1.000000      
 (-3.1548552E-04,4.5634806E-03)  (2.0256266E-04,7.2643161E-03)  
 (-6.3097104E-04,9.1269612E-03)
    2.000000        1.000000       -1.000000      (2.3806933E-04,4.2127795E-05)
   (4.2654574E-03,-6.9476664E-03)  (4.7404319E-03,-6.8731606E-03)
    2.000000       -1.000000       -1.000000      
 (-1.7695129E-03,5.4482371E-04)  (8.8009983E-04,4.7218055E-03)  
 (-4.4237822E-03,-3.6321580E-03)
