   0.00000000       0.00000000       1.00000000     (  2.07126141E-02,  1.83004886E-03) (  3.36021185E-02, -2.48104334E-02) (  0.00000000    ,  0.00000000    )
   0.00000000       0.00000000       2.00000000     (  3.16649675E-04, -1.00582838E-03) ( -8.00937414E-04, -1.67638063E-04) (  0.00000000    ,  0.00000000    )
   0.00000000       1.00000000       0.00000000     ( -1.53854489E-02, -1.07102096E-03) (  0.00000000    ,  0.00000000    ) (  5.58793545E-03,  1.54599547E-02)
   0.00000000       1.00000000       1.00000000     (  7.84173608E-03,  9.55536962E-03) ( -2.75671482E-03, -4.87081707E-03) (  2.75671482E-03,  4.87081707E-03)
   0.00000000       1.00000000       2.00000000     ( -5.21540642E-04, -2.51457095E-04) ( -4.00468707E-04,  1.49011612E-04) (  2.00234354E-04, -7.45058060E-05)
   0.00000000       2.00000000       0.00000000     (  3.16649675E-04,  1.02445483E-03) (  0.00000000    ,  0.00000000    ) ( -1.15483999E-03,  1.02445483E-03)
   0.00000000       2.00000000       1.00000000     (  6.33299351E-04, -2.00234354E-04) ( -3.07336450E-04,  1.49011612E-04) (  6.14672899E-04, -2.98023224E-04)
   0.00000000      -2.00000000       0.00000000     (  3.16649675E-04, -1.02445483E-03) (  0.00000000    ,  0.00000000    ) ( -1.15483999E-03, -1.02445483E-03)
   0.00000000      -2.00000000       1.00000000     ( -9.68575478E-04,  1.70985004E-06) ( -2.67755240E-05, -1.39698386E-04) ( -5.35510480E-05, -2.79396772E-04)
   0.00000000      -1.00000000       0.00000000     ( -1.53854489E-02,  1.07102096E-03) (  0.00000000    ,  0.00000000    ) (  5.58793545E-03, -1.54599547E-02)
   0.00000000      -1.00000000       1.00000000     ( -1.14669092E-04, -3.05473804E-02) ( -4.41446900E-03,  3.09199095E-03) ( -4.41446900E-03,  3.09199095E-03)
   0.00000000      -1.00000000       2.00000000     (  2.98023224E-04, -1.67347025E-06) ( -3.25962901E-04, -2.98023224E-04) ( -1.62981451E-04, -1.49011612E-04)
   1.00000000       0.00000000       0.00000000     (  0.00000000    ,  0.00000000    ) ( -1.60187483E-02,  1.68755651E-02) (  2.82377005E-02,  1.59814954E-02)
   1.00000000       0.00000000       1.00000000     ( -3.52738425E-04, -2.76602805E-03) ( -2.88337469E-02, -4.74043190E-03) (  3.52738425E-04,  2.76602805E-03)
   1.00000000       0.00000000       2.00000000     ( -2.28174031E-04,  6.14672899E-04) (  4.28408384E-04,  5.12227416E-04) (  1.14087015E-04, -3.07336450E-04)
   1.00000000       1.00000000       0.00000000     (  1.44354999E-03,  2.27708369E-03) ( -1.44354999E-03, -2.27708369E-03) ( -1.04308128E-02,  1.22189522E-02)
   1.00000000       1.00000000       1.00000000     (  4.84287739E-04, -3.63215804E-04) ( -9.68575478E-04, -5.12227416E-05) (  4.84287739E-04,  4.19095159E-04)
   1.00000000       1.00000000       2.00000000     ( -6.33299351E-04, -1.09430403E-04) (  1.07102096E-04,  2.79396772E-04) (  2.60770321E-04, -8.61473382E-05)
   1.00000000       2.00000000       0.00000000     (  2.88709998E-04,  2.44472176E-05) ( -1.44354999E-04, -1.22236088E-05) (  5.02914190E-04,  4.74974513E-04)
   1.00000000       2.00000000       1.00000000     (  6.70552254E-04,  4.28408384E-04) ( -4.84287739E-04, -1.23400241E-04) (  3.07336450E-04, -1.76951289E-04)
   1.00000000      -2.00000000       0.00000000     ( -4.84287739E-04, -2.98023224E-04) ( -2.42143869E-04, -1.49011612E-04) ( -4.47034836E-04, -6.70552254E-04)
   1.00000000      -2.00000000       1.00000000     ( -2.98023224E-04,  1.81607902E-04) ( -1.16415322E-04,  1.58324838E-04) (  6.05359674E-05,  1.30385160E-04)
   1.00000000      -1.00000000       0.00000000     ( -9.33650881E-04, -1.02445483E-02) ( -9.33650881E-04, -1.02445483E-02) ( -1.22189522E-02,  2.41398811E-02)
   1.00000000      -1.00000000       1.00000000     (  8.75443220E-04,  2.46800482E-04) ( -2.79396772E-04, -1.22934580E-03) ( -1.15483999E-03, -1.49011612E-03)
   1.00000000      -1.00000000       2.00000000     ( -9.87201929E-04,  9.49949026E-04) ( -3.72529030E-04,  4.19095159E-04) (  3.07336450E-04, -2.60770321E-04)
   2.00000000       0.00000000       0.00000000     (  0.00000000    ,  0.00000000    ) (  7.26431608E-04,  1.22934580E-03) ( -3.44589353E-04,  8.94069672E-04)
   2.00000000       0.00000000       1.00000000     (  2.37487257E-04, -4.28408384E-04) (  2.98023224E-04,  6.51925802E-04) ( -4.74974513E-04,  8.56816769E-04)
   2.00000000       1.00000000       0.00000000     ( -5.23868948E-05,  4.56348062E-04) (  1.04773790E-04, -9.12696123E-04) ( -5.77419996E-04,  9.12696123E-04)
   2.00000000       1.00000000       1.00000000     (  2.23517418E-04,  1.49011612E-04) (  7.21774995E-05, -9.49949026E-04) ( -5.12227416E-04,  6.51925802E-04)
   2.00000000      -1.00000000       0.00000000     ( -2.23517418E-04,  2.98023224E-04) ( -4.47034836E-04,  5.96046448E-04) ( -3.44589353E-04,  8.84756446E-05)
   2.00000000      -1.00000000       1.00000000     ( -3.63215804E-04,  7.68341124E-05) ( -1.02445483E-03,  3.95812094E-05) ( -2.88709998E-04, -1.16415322E-04)
