   0.00000000       0.00000000      -2.00000000     (  6.66826963E-03,  3.72529030E-03) (  2.14669853E-03, -1.49942935E-03) (  0.00000000    ,  0.00000000    )
   0.00000000       0.00000000      -1.00000000     (  2.32458115E-02, -1.18464231E-02) ( -3.91155481E-04,  2.27987766E-02) (  0.00000000    ,  0.00000000    )
   0.00000000       1.00000000      -2.00000000     ( -4.30271029E-03, -2.62516551E-04) (  3.88827175E-04, -3.82773578E-03) (  1.94413587E-04, -1.91386789E-03)
   0.00000000       1.00000000      -1.00000000     (  9.90927219E-03,  1.26659870E-02) ( -2.60770321E-03,  2.72877514E-03) ( -2.60770321E-03,  2.72877514E-03)
   0.00000000       2.00000000      -1.00000000     ( -9.12696123E-03,  3.46451998E-03) ( -1.87661499E-03, -9.31322575E-04) ( -3.75322998E-03, -1.86264515E-03)
   0.00000000      -2.00000000      -1.00000000     (  6.22123480E-03, -6.54254109E-04) ( -1.12224370E-03,  2.41212547E-03) (  2.24448740E-03, -4.82425094E-03)
   0.00000000      -1.00000000      -2.00000000     ( -7.17118382E-03,  1.01514161E-03) ( -7.04079866E-03, -4.92436811E-04) (  3.52039933E-03,  2.46218406E-04)
   0.00000000      -1.00000000      -1.00000000     (  3.32482159E-03,  3.35276127E-03) (  7.02217221E-03,  7.09667802E-03) ( -7.02217221E-03, -7.09667802E-03)
   1.00000000       0.00000000      -2.00000000     (  3.14787030E-03,  4.63798642E-03) ( -3.07336450E-03,  7.67409801E-03) (  1.57393515E-03,  2.31899321E-03)
   1.00000000       0.00000000      -1.00000000     (  3.76254320E-03,  3.67872417E-04) (  8.97794962E-03, -1.05705112E-03) (  3.76254320E-03,  3.67872417E-04)
   1.00000000       1.00000000      -2.00000000     ( -3.83704901E-03, -3.51108611E-03) (  4.27477062E-03, -8.08387995E-03) (  2.20024958E-04, -5.79282641E-03)
   1.00000000       1.00000000      -1.00000000     ( -7.48783350E-03, -4.69386578E-03) (  4.86150384E-03, -2.39815563E-04) ( -2.61701643E-03, -4.93600965E-03)
   1.00000000       2.00000000      -1.00000000     ( -6.14672899E-03, -2.83122063E-03) (  9.40635800E-04,  1.28522515E-03) ( -4.26545739E-03, -2.67173164E-04)
   1.00000000      -2.00000000      -1.00000000     (  5.01750037E-04, -3.92086804E-03) ( -7.18864612E-05, -3.35276127E-03) (  6.44940883E-04,  2.77534127E-03)
   1.00000000      -1.00000000      -2.00000000     (  1.55996531E-03,  1.51805580E-03) ( -8.29459168E-05,  9.45292413E-04) (  8.21892172E-04,  2.86381692E-04)
   1.00000000      -1.00000000      -1.00000000     ( -5.06639481E-03,  1.17812306E-03) ( -6.92903996E-03,  9.40635800E-04) (  1.86730176E-03,  2.35741027E-04)
   2.00000000       0.00000000      -1.00000000     ( -1.78348273E-03,  2.01631337E-03) ( -6.59376383E-03,  4.29339707E-03) ( -3.56696546E-03,  4.03262675E-03)
   2.00000000       1.00000000      -1.00000000     (  9.08039510E-04,  1.57859176E-03) (  2.27242708E-03, -5.30853868E-03) (  4.08850610E-03, -2.14669853E-03)
   2.00000000      -1.00000000      -1.00000000     (  1.08557288E-04, -1.60187483E-03) (  2.08150595E-03, -1.49593689E-04) ( -1.86730176E-03, -3.05473804E-03)
