   0.00000000       0.00000000       1.00000000     (  3.53902578E-03, -1.16229057E-02) (  2.92062759E-02, -6.40284270E-04) (  0.00000000    ,  0.00000000    )
   0.00000000       0.00000000       2.00000000     (  3.24100256E-03, -5.72763383E-04) ( -4.02331352E-03, -2.17929482E-03) (  0.00000000    ,  0.00000000    )
   0.00000000       1.00000000       0.00000000     (  3.78116965E-03, -3.54833901E-03) (  0.00000000    ,  0.00000000    ) (  1.53481960E-02, -1.17346644E-03)
   0.00000000       1.00000000       1.00000000     (  1.43889338E-03,  1.14087015E-03) (  3.98606062E-03, -1.20606273E-03) ( -3.98606062E-03,  1.20606273E-03)
   0.00000000       1.00000000       2.00000000     (  2.06753612E-03, -2.25380063E-03) ( -3.49245965E-04,  1.19209290E-03) (  1.74622983E-04, -5.96046448E-04)
   0.00000000       2.00000000       0.00000000     (  1.58324838E-03,  1.75088644E-03) (  0.00000000    ,  0.00000000    ) ( -7.50878826E-05,  1.17346644E-03)
   0.00000000       2.00000000       1.00000000     ( -1.83936208E-04, -2.03028321E-03) ( -1.79279596E-04,  4.65661287E-04) (  3.58559191E-04, -9.31322575E-04)
   0.00000000      -2.00000000       0.00000000     (  1.58324838E-03, -1.75088644E-03) (  0.00000000    ,  0.00000000    ) ( -7.50878826E-05, -1.17346644E-03)
   0.00000000      -2.00000000       1.00000000     ( -1.02445483E-03,  1.23865902E-03) ( -8.10250640E-04, -3.72529030E-04) ( -1.62050128E-03, -7.45058060E-04)
   0.00000000      -1.00000000       0.00000000     (  3.78116965E-03,  3.54833901E-03) (  0.00000000    ,  0.00000000    ) (  1.53481960E-02,  1.17346644E-03)
   0.00000000      -1.00000000       1.00000000     ( -6.74277544E-03, -1.59442425E-02) ( -7.69272447E-03,  4.86150384E-03) ( -7.69272447E-03,  4.86150384E-03)
   0.00000000      -1.00000000       2.00000000     (  1.54832378E-04, -1.37835741E-03) (  1.36904418E-03,  2.70083547E-04) (  6.84522092E-04,  1.35041773E-04)
   1.00000000       0.00000000       0.00000000     (  0.00000000    ,  0.00000000    ) ( -2.77906656E-02,  1.33737922E-02) (  1.48639083E-02, -4.02331352E-03)
   1.00000000       0.00000000       1.00000000     ( -2.03959644E-03, -8.35862011E-04) ( -4.47034836E-03, -1.28895044E-02) (  2.03959644E-03,  8.35862011E-04)
   1.00000000       0.00000000       2.00000000     ( -1.97440386E-03, -1.27591193E-03) (  3.28291208E-04,  8.75443220E-04) (  9.87201929E-04,  6.37955964E-04)
   1.00000000       1.00000000       0.00000000     (  3.12924385E-03,  2.43075192E-03) ( -3.12924385E-03, -2.43075192E-03) (  3.54833901E-03,  1.06170774E-02)
   1.00000000       1.00000000       1.00000000     ( -4.04543243E-05,  2.60770321E-04) ( -1.16415322E-03,  1.23865902E-03) (  1.20140612E-03, -1.50874257E-03)
   1.00000000       1.00000000       2.00000000     ( -2.06753612E-03,  2.60770321E-04) (  1.35041773E-03,  1.45286322E-03) (  3.56230885E-04, -8.56816769E-04)
   1.00000000       2.00000000       0.00000000     (  9.54605639E-05,  1.76951289E-03) ( -4.77302819E-05, -8.84756446E-04) ( -1.28522515E-03,  3.49245965E-04)
   1.00000000       2.00000000       1.00000000     (  1.16415322E-03,  1.01514161E-03) ( -4.88944352E-04, -3.46917659E-04) ( -1.90921128E-04, -3.18977982E-04)
   1.00000000      -2.00000000       0.00000000     (  6.79865479E-04,  7.17118382E-04) (  3.39932740E-04,  3.58559191E-04) ( -1.17346644E-03, -3.21306288E-04)
   1.00000000      -2.00000000       1.00000000     ( -1.31316483E-03,  2.14204192E-04) ( -4.98257577E-04,  4.74974513E-04) (  3.18977982E-04,  7.35744834E-04)
   1.00000000      -1.00000000       0.00000000     (  2.79396772E-03, -1.08033419E-03) (  2.79396772E-03, -1.08033419E-03) ( -5.47617674E-03,  1.70618296E-02)
   1.00000000      -1.00000000       1.00000000     (  2.32830644E-03,  1.78813934E-03) ( -1.19907781E-04, -2.83122063E-03) ( -2.44006515E-03, -4.61935997E-03)
   1.00000000      -1.00000000       2.00000000     ( -2.25380063E-03, -5.49480319E-04) (  6.33299351E-04,  2.91038305E-04) (  1.44354999E-03,  4.19095159E-04)
   2.00000000       0.00000000       0.00000000     (  0.00000000    ,  0.00000000    ) ( -3.77185643E-04,  2.32830644E-03) ( -8.56816769E-04, -9.68575478E-04)
   2.00000000       0.00000000       1.00000000     ( -3.32947820E-04,  2.88709998E-04) ( -1.34110451E-03, -6.00703061E-04) (  6.65895641E-04, -5.77419996E-04)
   2.00000000       1.00000000       0.00000000     ( -1.53668225E-04, -2.46800482E-04) (  3.07336450E-04,  4.93600965E-04) (  4.09781933E-04,  6.93835318E-04)
   2.00000000       1.00000000       1.00000000     ( -1.97906047E-04,  2.88127922E-05) ( -7.63684511E-04,  6.93835318E-04) (  1.15483999E-03, -7.54371285E-04)
   2.00000000      -1.00000000       0.00000000     ( -1.12690032E-03, -8.19563866E-04) ( -2.25380063E-03, -1.63912773E-03) (  1.02445483E-03,  1.69500709E-03)
   2.00000000      -1.00000000       1.00000000     (  3.81842256E-04, -1.41561031E-03) ( -5.72763383E-04, -1.58324838E-04) ( -1.33179128E-03,  2.68220901E-03)
