   0.00000000       0.00000000      -2.00000000     ( -2.23517418E-04, -1.86264515E-04) (  2.23517418E-04,  2.32830644E-05) (  0.00000000    ,  0.00000000    )
   0.00000000       0.00000000      -1.00000000     (  1.56089664E-02,  6.09084964E-03) (  4.08291817E-02,  1.60560012E-02) (  0.00000000    ,  0.00000000    )
   0.00000000       1.00000000      -2.00000000     ( -1.49011612E-04, -1.28056854E-05) ( -2.32830644E-05, -6.51925802E-05) ( -1.16415322E-05, -3.25962901E-05)
   0.00000000       1.00000000      -1.00000000     ( -5.25265932E-03,  3.05473804E-02) ( -8.43778253E-03, -2.48197466E-03) ( -8.43778253E-03, -2.48197466E-03)
   0.00000000       2.00000000      -1.00000000     (  6.98491931E-05, -4.19095159E-05) (  3.72529030E-05, -1.11758709E-04) (  7.45058060E-05, -2.23517418E-04)
   0.00000000      -2.00000000      -1.00000000     ( -2.79396772E-04, -6.05359674E-05) (  7.45058060E-05, -3.02679837E-05) ( -1.49011612E-04,  6.05359674E-05)
   0.00000000      -1.00000000      -2.00000000     (  1.45519152E-06, -9.31322575E-05) (  8.38190317E-05,  5.58793545E-05) ( -4.19095159E-05, -2.79396772E-05)
   0.00000000      -1.00000000      -1.00000000     (  9.16421413E-03, -1.00769103E-02) ( -4.81959432E-04,  1.82073563E-03) (  4.81959432E-04, -1.82073563E-03)
   1.00000000       0.00000000      -2.00000000     (  1.30385160E-04,  6.98491931E-05) (  2.09547579E-05, -2.04890966E-04) (  6.51925802E-05,  3.49245965E-05)
   1.00000000       0.00000000      -1.00000000     (  1.02259219E-02, -5.51342964E-03) ( -9.81613994E-03,  8.77305865E-03) (  1.02259219E-02, -5.51342964E-03)
   1.00000000       1.00000000      -2.00000000     (  2.79396772E-05, -3.72529030E-05) ( -4.19095159E-05,  1.86264515E-04) ( -6.40284270E-06,  6.98491931E-05)
   1.00000000       1.00000000      -1.00000000     (  2.98023224E-04, -3.35276127E-04) ( -1.67638063E-04,  1.30385160E-04) (  1.30385160E-04, -2.23517418E-04)
   1.00000000       2.00000000      -1.00000000     ( -3.02679837E-05,  1.67638063E-04) (  3.02679837E-05, -5.58793545E-05) (  3.02679837E-05,  5.12227416E-05)
   1.00000000      -2.00000000      -1.00000000     ( -1.02445483E-04, -1.16415322E-05) ( -1.11758709E-04, -3.25962901E-05) (  1.21071935E-04,  5.12227416E-05)
   1.00000000      -1.00000000      -2.00000000     ( -9.31322575E-05,  1.21071935E-04) ( -4.65661287E-05,  4.65661287E-05) ( -2.56113708E-05,  3.49245965E-05)
   1.00000000      -1.00000000      -1.00000000     ( -1.01863407E-06, -1.49011612E-04) (  1.11758709E-04, -1.21071935E-04) ( -1.11758709E-04, -3.02679837E-05)
   2.00000000       0.00000000      -1.00000000     (  8.38190317E-05,  2.56113708E-05) ( -1.21071935E-04,  1.30385160E-04) (  1.67638063E-04,  5.12227416E-05)
   2.00000000       1.00000000      -1.00000000     ( -8.38190317E-05, -2.56113708E-05) (  1.11758709E-04, -1.67638063E-04) ( -4.65661287E-05, -2.23517418E-04)
   2.00000000      -1.00000000      -1.00000000     ( -6.98491931E-05, -2.32830644E-05) ( -8.38190317E-05,  4.19095159E-05) ( -6.05359674E-05, -9.31322575E-05)
