   0.00000000       0.00000000       1.00000000     (  2.31713057E-02,  1.18091702E-02) ( -4.78466973E-04, -2.26497650E-02) (  0.00000000    ,  0.00000000    )
   0.00000000       0.00000000       2.00000000     (  6.66826963E-03, -3.68803740E-03) (  2.19792128E-03,  1.50408596E-03) (  0.00000000    ,  0.00000000    )
   0.00000000       1.00000000       0.00000000     ( -2.10478902E-03,  1.18464231E-02) (  0.00000000    ,  0.00000000    ) (  2.12341547E-03, -2.96160579E-03)
   0.00000000       1.00000000       1.00000000     (  3.32482159E-03, -3.29688191E-03) (  7.02217221E-03, -7.04079866E-03) ( -7.02217221E-03,  7.04079866E-03)
   0.00000000       1.00000000       2.00000000     ( -7.15255737E-03, -1.02911144E-03) ( -7.05942512E-03,  4.86616045E-04) (  3.52971256E-03, -2.43308023E-04)
   0.00000000       2.00000000       0.00000000     ( -7.68341124E-05, -6.14672899E-03) (  0.00000000    ,  0.00000000    ) ( -4.25614417E-03,  5.09899110E-04)
   0.00000000       2.00000000       1.00000000     (  6.27711415E-03,  5.72763383E-04) ( -1.09896064E-03, -2.41212547E-03) (  2.19792128E-03,  4.82425094E-03)
   0.00000000      -2.00000000       0.00000000     ( -7.68341124E-05,  6.14672899E-03) (  0.00000000    ,  0.00000000    ) ( -4.25614417E-03, -5.09899110E-04)
   0.00000000      -2.00000000       1.00000000     ( -9.12696123E-03, -3.54833901E-03) ( -1.89989805E-03,  9.22009349E-04) ( -3.79979610E-03,  1.84401870E-03)
   0.00000000      -1.00000000       0.00000000     ( -2.10478902E-03, -1.18464231E-02) (  0.00000000    ,  0.00000000    ) (  2.12341547E-03,  2.96160579E-03)
   0.00000000      -1.00000000       1.00000000     (  9.83476639E-03, -1.25542283E-02) ( -2.60770321E-03, -2.72877514E-03) ( -2.60770321E-03, -2.72877514E-03)
   0.00000000      -1.00000000       2.00000000     ( -4.39584255E-03,  3.27127054E-04) (  3.71364877E-04,  3.86498868E-03) (  1.85682438E-04,  1.93249434E-03)
   1.00000000       0.00000000       0.00000000     (  0.00000000    ,  0.00000000    ) ( -2.12341547E-02,  5.19677997E-03) (  2.36928463E-02,  1.97440386E-02)
   1.00000000       0.00000000       1.00000000     (  1.55530870E-03, -4.43309546E-03) ( -2.48849392E-02,  1.57952309E-02) ( -1.55530870E-03,  4.43309546E-03)
   1.00000000       0.00000000       2.00000000     (  1.05472282E-03,  1.98837370E-03) (  4.80562449E-03,  5.56930900E-03) ( -5.27361408E-04, -9.94186848E-04)
   1.00000000       1.00000000       0.00000000     (  5.23403287E-03,  7.00820237E-04) ( -5.23403287E-03, -7.00820237E-04) ( -6.51925802E-03,  2.76602805E-03)
   1.00000000       1.00000000       1.00000000     ( -3.03611159E-03,  1.24797225E-03) (  2.09547579E-03, -7.14790076E-04) (  9.42964107E-04, -5.30853868E-04)
   1.00000000       1.00000000       2.00000000     ( -2.23517418E-03, -2.32830644E-03) ( -4.07919288E-03, -3.99537385E-03) (  3.15718353E-03,  3.15718353E-03)
   1.00000000       2.00000000       0.00000000     ( -1.67172402E-03,  5.06639481E-03) (  8.35862011E-04, -2.53319740E-03) ( -1.62981451E-04,  9.38773155E-03)
   1.00000000       2.00000000       1.00000000     (  6.18398190E-03,  2.79396772E-03) ( -1.97906047E-03, -2.01631337E-03) ( -2.23517418E-03,  1.22934580E-03)
   1.00000000      -2.00000000       0.00000000     ( -6.61239028E-04, -6.70552254E-04) ( -3.30619514E-04, -3.35276127E-04) ( -2.98023224E-03,  3.77185643E-04)
   1.00000000      -2.00000000       1.00000000     ( -1.97440386E-03,  8.42846930E-04) ( -1.78348273E-03,  1.52271241E-03) ( -1.59721822E-03,  2.20723450E-03)
   1.00000000      -1.00000000       0.00000000     ( -5.36441803E-03, -3.33413482E-03) ( -5.36441803E-03, -3.33413482E-03) ( -4.33996320E-03,  4.28408384E-03)
   1.00000000      -1.00000000       1.00000000     (  8.27014446E-03,  7.91624188E-03) (  2.18860805E-03,  7.33882189E-03) ( -6.09084964E-03, -5.75091690E-04)
   1.00000000      -1.00000000       2.00000000     (  3.31550837E-03,  5.73694706E-03) (  4.97326255E-03,  1.39232725E-03) (  8.31205398E-04, -2.16998160E-03)
   2.00000000       0.00000000       0.00000000     (  0.00000000    ,  0.00000000    ) (  1.11758709E-02, -6.46337867E-03) ( -3.25962901E-03,  4.32133675E-03)
   2.00000000       0.00000000       1.00000000     ( -4.43309546E-03, -7.74161890E-05) (  3.80910933E-03,  1.09523535E-02) (  8.86619091E-03,  1.54832378E-04)
   2.00000000       1.00000000       0.00000000     ( -1.81607902E-03,  4.26080078E-04) (  3.63215804E-03, -8.52160156E-04) ( -1.61584467E-03, -5.81145287E-03)
   2.00000000       1.00000000       1.00000000     (  2.31899321E-03,  4.58210707E-03) ( -5.15952706E-03, -8.13975930E-03) (  5.20376489E-04, -1.03143975E-03)
   2.00000000      -1.00000000       0.00000000     (  1.12224370E-03, -8.91741365E-04) (  2.24448740E-03, -1.78348273E-03) (  6.40284270E-04,  2.21654773E-03)
   2.00000000      -1.00000000       1.00000000     ( -4.09781933E-03,  4.33064997E-04) ( -4.05125320E-03, -1.59721822E-03) (  4.14438546E-03, -2.45869160E-03)
