   0.00000000       0.00000000       1.00000000     ( -6.44940883E-04, -1.16974115E-02) (  2.13831663E-02,  6.25848770E-03) (  0.00000000    ,  0.00000000    )
   0.00000000       0.00000000       2.00000000     (  7.33882189E-03, -2.94297934E-03) ( -1.06543303E-02, -4.58210707E-03) (  0.00000000    ,  0.00000000    )
   0.00000000       1.00000000       0.00000000     (  6.89178705E-03, -1.58324838E-04) (  0.00000000    ,  0.00000000    ) (  1.46403909E-02, -6.23986125E-03)
   0.00000000       1.00000000       1.00000000     ( -6.83590770E-03, -3.29688191E-03) (  4.06056643E-03, -1.30385160E-03) ( -4.06056643E-03,  1.30385160E-03)
   0.00000000       1.00000000       2.00000000     (  4.71249223E-03, -3.25962901E-03) ( -3.42726707E-03,  1.72294676E-03) (  1.71363354E-03, -8.61473382E-04)
   0.00000000       2.00000000       0.00000000     ( -1.47148967E-03,  5.19677997E-03) (  0.00000000    ,  0.00000000    ) ( -3.95812094E-04, -2.93366611E-04)
   0.00000000       2.00000000       1.00000000     (  1.10594556E-04, -1.59256160E-03) ( -1.10827386E-03,  8.19563866E-04) (  2.21654773E-03, -1.63912773E-03)
   0.00000000      -2.00000000       0.00000000     ( -1.47148967E-03, -5.19677997E-03) (  0.00000000    ,  0.00000000    ) ( -3.95812094E-04,  2.93366611E-04)
   0.00000000      -2.00000000       1.00000000     (  1.96509063E-03, -2.66591087E-04) ( -7.77654350E-04,  7.91624188E-05) ( -1.55530870E-03,  1.58324838E-04)
   0.00000000      -1.00000000       0.00000000     (  6.89178705E-03,  1.58324838E-04) (  0.00000000    ,  0.00000000    ) (  1.46403909E-02,  6.23986125E-03)
   0.00000000      -1.00000000       1.00000000     ( -8.82893801E-03, -1.15111470E-02) ( -5.75557351E-03,  6.20260835E-03) ( -5.75557351E-03,  6.20260835E-03)
   0.00000000      -1.00000000       2.00000000     ( -1.70432031E-03, -2.29105353E-03) (  1.25146471E-04,  2.79396772E-03) (  6.25732355E-05,  1.39698386E-03)
   1.00000000       0.00000000       0.00000000     (  0.00000000    ,  0.00000000    ) ( -2.67475843E-02,  6.25848770E-03) (  1.73598528E-02, -5.04776835E-03)
   1.00000000       0.00000000       1.00000000     ( -1.59721822E-03, -2.37487257E-03) (  3.69735062E-03, -6.44475222E-03) (  1.59721822E-03,  2.37487257E-03)
   1.00000000       0.00000000       2.00000000     ( -3.42726707E-03, -1.36904418E-03) ( -1.14552677E-03,  3.29688191E-03) (  1.71363354E-03,  6.84522092E-04)
   1.00000000       1.00000000       0.00000000     (  4.59840521E-04, -1.68074621E-05) ( -4.59840521E-04,  1.68074621E-05) (  7.05942512E-03,  1.45658851E-02)
   1.00000000       1.00000000       1.00000000     ( -4.43309546E-03, -8.14907253E-04) (  2.25380063E-03,  3.31550837E-03) (  2.18860805E-03, -2.49594450E-03)
   1.00000000       1.00000000       2.00000000     ( -3.07336450E-04,  1.10361725E-03) (  2.12341547E-03,  1.04773790E-03) ( -9.08039510E-04, -1.07567757E-03)
   1.00000000       2.00000000       0.00000000     ( -7.40401447E-04, -1.74622983E-04) (  3.70200723E-04,  8.73114914E-05) ( -6.14672899E-04, -1.63912773E-03)
   1.00000000       2.00000000       1.00000000     (  2.14204192E-03, -4.62750904E-05) ( -8.47503543E-04, -1.42608769E-04) ( -4.44706529E-04,  3.31783667E-04)
   1.00000000      -2.00000000       0.00000000     ( -1.49011612E-03, -1.58324838E-04) ( -7.45058060E-04, -7.91624188E-05) ( -1.08033419E-03,  2.81259418E-03)
   1.00000000      -2.00000000       1.00000000     ( -9.19681042E-05, -8.42846930E-04) (  1.01514161E-03, -5.72763383E-04) (  2.12341547E-03, -3.00351530E-04)
   1.00000000      -1.00000000       0.00000000     (  7.04079866E-03,  2.18860805E-03) (  7.04079866E-03,  2.18860805E-03) ( -2.67289579E-03,  1.65775418E-03)
   1.00000000      -1.00000000       1.00000000     ( -1.59256160E-03,  3.16649675E-03) ( -1.09896064E-03, -3.01748514E-03) (  4.91272658E-04, -6.18398190E-03)
   1.00000000      -1.00000000       2.00000000     ( -3.42726707E-03, -1.08964741E-03) (  1.84401870E-03,  1.85333192E-03) (  2.63564289E-03,  1.47148967E-03)
   2.00000000       0.00000000       0.00000000     (  0.00000000    ,  0.00000000    ) ( -2.44006515E-03,  2.67289579E-03) (  1.65775418E-03, -2.63564289E-03)
   2.00000000       0.00000000       1.00000000     ( -1.10361725E-03,  1.08033419E-03) ( -8.10250640E-04, -3.81842256E-03) (  2.20723450E-03, -2.16066837E-03)
   2.00000000       1.00000000       0.00000000     ( -1.18277967E-03, -1.28056854E-03) (  2.36555934E-03,  2.56113708E-03) ( -3.46917659E-04,  3.65078449E-03)
   2.00000000       1.00000000       1.00000000     ( -8.24220479E-04,  4.02797014E-04) (  3.39932740E-04,  9.17352736E-04) (  1.30850822E-03, -1.72294676E-03)
   2.00000000      -1.00000000       0.00000000     ( -2.03028321E-03, -9.82545316E-04) ( -4.06056643E-03, -1.96509063E-03) (  6.68223947E-04,  4.33996320E-03)
   2.00000000      -1.00000000       1.00000000     (  2.13272870E-03,  8.55652615E-05) ( -8.52160156E-04,  9.12696123E-04) ( -5.12227416E-03,  7.40401447E-04)
