    0.000000        0.000000       -2.000000      (8.5681677E-03,2.5378540E-03)
   (5.3364784E-03,-3.0547380E-03)  (0.000000,0.000000)
    0.000000        0.000000       -1.000000      
 (2.3022294E-02,-1.2367964E-02)  (-4.8242509E-03,1.9818544E-02)  
 (0.000000,0.000000)
    0.000000        1.000000       -2.000000      
 (-1.0896474E-02,-3.0919909E-03)  (-8.5914508E-04,-5.0012022E-03)  
 (-4.2957254E-04,-2.5006011E-03)
    0.000000        1.000000       -1.000000      (7.3574483E-03,9.6857548E-03)
   (-2.7846545E-03,3.6694109E-03)  (-2.7846545E-03,3.6694109E-03)
    0.000000        2.000000       -1.000000      
 (-1.2665987E-02,9.4249845E-03)  (-3.9488077E-03,-1.0081567E-03)  
 (-7.8976154E-03,-2.0163134E-03)
    0.000000       -2.000000       -1.000000      (1.1026859E-02,2.8591603E-03)
   (-1.9848812E-04,2.5611371E-03)  (3.9697625E-04,-5.1222742E-03)
    0.000000       -1.000000       -2.000000      
 (-8.5122883E-03,2.2584572E-03)  (-8.2887709E-03,-3.2741809E-05)  
 (4.1443855E-03,1.6370905E-05)
    0.000000       -1.000000       -1.000000      (3.9674342E-03,6.9849193E-04)
   (7.3388219E-03,5.9790909E-03)  (-7.3388219E-03,-5.9790909E-03)
    1.000000        0.000000       -2.000000      (7.0966780E-03,4.3492764E-03)
   (-2.2863969E-03,7.8417361E-03)  (3.5483390E-03,2.1746382E-03)
    1.000000        0.000000       -1.000000      
 (4.1536987E-03,-4.8312359E-05)  (9.4994903E-03,-2.3096800E-03)  
 (4.1536987E-03,-4.8312359E-05)
    1.000000        1.000000       -2.000000      
 (-3.1758100E-03,-2.8638169E-03)  (1.4435500E-03,-1.3150275E-02)  
 (-8.6380169E-04,-8.0093741E-03)
    1.000000        1.000000       -1.000000      
 (-8.6426735E-03,-5.0757080E-03)  (3.6228448E-03,-6.7637302E-04)  
 (-5.0105155E-03,-5.7462603E-03)
    1.000000        2.000000       -1.000000      
 (-9.9837780E-03,-3.7997961E-03)  (1.8998981E-03,2.4260953E-03)  
 (-6.1839819E-03,1.0523945E-03)
    1.000000       -2.000000       -1.000000      
 (-8.3586201E-04,-6.4074993E-03)  (-1.5739352E-03,-3.7252903E-03)  
 (2.3143366E-03,1.0337681E-03)
    1.000000       -1.000000       -2.000000      (4.5169145E-03,2.5331974E-03)
   (-3.1944364E-03,2.8079376E-03)  (3.8556755E-03,-1.3795216E-04)
    1.000000       -1.000000       -1.000000      
 (-8.9220703E-03,2.7148053E-03)  (-8.5867941E-03,1.0570511E-03)  
 (-3.3993274E-04,1.6577542E-03)
    2.000000        0.000000       -1.000000      
 (-5.5762939E-04,4.4424087E-03)  (-7.0547685E-04,7.1153045E-03)  
 (-1.1152588E-03,8.8848174E-03)
    2.000000        1.000000       -1.000000      (3.6088750E-04,2.9569492E-04)
   (4.2002648E-03,-7.0221722E-03)  (4.9173832E-03,-6.4261258E-03)
    2.000000       -1.000000       -1.000000      
 (-1.6530976E-03,2.4447218E-04)  (1.0430813E-03,4.3027103E-03)  
 (-4.3492764E-03,-3.8184226E-03)
