   0.00000000       0.00000000       1.00000000     (  2.11410224E-03, -1.12131238E-02) (  2.59280205E-02,  1.21071935E-03) (  0.00000000    ,  0.00000000    )
   0.00000000       0.00000000       2.00000000     (  5.32716513E-03, -1.00117177E-03) ( -7.26431608E-03, -4.11644578E-03) (  0.00000000    ,  0.00000000    )
   0.00000000       1.00000000       0.00000000     (  4.43309546E-03, -3.11993062E-03) (  0.00000000    ,  0.00000000    ) (  1.48266554E-02, -2.39349902E-03)
   0.00000000       1.00000000       1.00000000     ( -3.60887498E-04,  5.39876055E-05) (  4.07919288E-03, -1.23865902E-03) ( -4.07919288E-03,  1.23865902E-03)
   0.00000000       1.00000000       2.00000000     (  3.79979610E-03, -3.79979610E-03) ( -8.75443220E-04,  2.06753612E-03) (  4.37721610E-04, -1.03376806E-03)
   0.00000000       2.00000000       0.00000000     (  1.53668225E-03,  4.00468707E-03) (  0.00000000    ,  0.00000000    ) ( -4.00468707E-04,  2.08616257E-03)
   0.00000000       2.00000000       1.00000000     ( -7.96280801E-04, -3.76254320E-03) ( -6.33299351E-04,  1.14552677E-03) (  1.26659870E-03, -2.29105353E-03)
   0.00000000      -2.00000000       0.00000000     (  1.53668225E-03, -4.00468707E-03) (  0.00000000    ,  0.00000000    ) ( -4.00468707E-04, -2.08616257E-03)
   0.00000000      -2.00000000       1.00000000     ( -8.94069672E-04,  1.59256160E-03) ( -9.91858542E-04, -1.73458830E-04) ( -1.98371708E-03, -3.46917659E-04)
   0.00000000      -1.00000000       0.00000000     (  4.43309546E-03,  3.11993062E-03) (  0.00000000    ,  0.00000000    ) (  1.48266554E-02,  2.39349902E-03)
   0.00000000      -1.00000000       1.00000000     ( -6.87316060E-03, -1.37463212E-02) ( -6.92903996E-03,  5.19677997E-03) ( -6.92903996E-03,  5.19677997E-03)
   0.00000000      -1.00000000       2.00000000     ( -4.37721610E-04, -2.38418579E-03) (  1.87195837E-03,  8.33533704E-04) (  9.35979187E-04,  4.16766852E-04)
   1.00000000       0.00000000       0.00000000     (  0.00000000    ,  0.00000000    ) ( -2.60770321E-02,  1.08405948E-02) (  1.43796206E-02, -4.24683094E-03)
   1.00000000       0.00000000       1.00000000     ( -1.73225999E-03, -1.25728548E-03) ( -2.27242708E-03, -1.08778477E-02) (  1.73225999E-03,  1.25728548E-03)
   1.00000000       0.00000000       2.00000000     ( -3.14787030E-03, -1.68569386E-03) (  6.08270057E-05,  1.45286322E-03) (  1.57393515E-03,  8.42846930E-04)
   1.00000000       1.00000000       0.00000000     (  2.52388418E-03,  1.77882612E-03) ( -2.52388418E-03, -1.77882612E-03) (  4.84287739E-03,  1.09523535E-02)
   1.00000000       1.00000000       1.00000000     ( -9.12696123E-04, -4.56930138E-05) ( -7.59027898E-04,  2.51457095E-03) (  1.67638063E-03, -2.47731805E-03)
   1.00000000       1.00000000       2.00000000     ( -2.79396772E-03,  5.33182174E-04) (  2.13272870E-03,  1.80676579E-03) (  3.35276127E-04, -1.16880983E-03)
   1.00000000       2.00000000       0.00000000     (  3.86498868E-04,  2.36555934E-03) ( -1.93249434E-04, -1.18277967E-03) ( -2.23517418E-03,  6.65895641E-04)
   1.00000000       2.00000000       1.00000000     (  2.19792128E-03,  1.35041773E-03) ( -7.49714673E-04, -4.91272658E-04) ( -6.93835318E-04, -3.63215804E-04)
   1.00000000      -2.00000000       0.00000000     (  8.89413059E-04,  8.28877091E-04) (  4.44706529E-04,  4.14438546E-04) ( -1.90921128E-03,  6.75208867E-04)
   1.00000000      -2.00000000       1.00000000     ( -1.66706741E-03,  4.00468707E-04) ( -3.79513949E-04,  6.75208867E-04) (  9.08039510E-04,  9.45292413E-04)
   1.00000000      -1.00000000       0.00000000     (  3.39932740E-03, -1.71712600E-04) (  3.39932740E-03, -1.71712600E-04) ( -4.63798642E-03,  1.26659870E-02)
   1.00000000      -1.00000000       1.00000000     (  2.58907676E-03,  2.92435288E-03) ( -3.14321369E-04, -4.17232513E-03) ( -2.90572643E-03, -7.11530447E-03)
   1.00000000      -1.00000000       2.00000000     ( -3.96743417E-03, -1.11758709E-03) (  1.31316483E-03,  3.32947820E-04) (  2.64495611E-03,  7.26431608E-04)
   2.00000000       0.00000000       0.00000000     (  0.00000000    ,  0.00000000    ) ( -1.13155693E-03,  3.48314643E-03) ( -1.01048499E-03, -1.66706741E-03)
   2.00000000       0.00000000       1.00000000     ( -6.23986125E-04,  6.10016286E-04) ( -2.25380063E-03, -1.56462193E-03) (  1.24797225E-03, -1.22003257E-03)
   2.00000000       1.00000000       0.00000000     ( -3.95812094E-04, -6.42612576E-04) (  7.91624188E-04,  1.28522515E-03) (  6.51925802E-04,  1.60187483E-03)
   2.00000000       1.00000000       1.00000000     ( -3.74857336E-04,  1.23400241E-04) ( -8.89413059E-04,  9.35979187E-04) (  1.63912773E-03, -1.18277967E-03)
   2.00000000      -1.00000000       0.00000000     ( -1.96509063E-03, -1.18277967E-03) ( -3.93018126E-03, -2.36555934E-03) (  1.50874257E-03,  3.72529030E-03)
   2.00000000      -1.00000000       1.00000000     (  1.02911144E-03, -1.84401870E-03) ( -8.75443220E-04,  1.59488991E-04) ( -2.94297934E-03,  3.83704901E-03)
