    0.000000        0.000000        1.000000      (2.3320317E-02,1.2256205E-02)
   (-3.0454248E-03,-2.1085143E-02)  (0.000000,0.000000)
    0.000000        0.000000        2.000000      
 (7.9534948E-03,-3.0733645E-03)  (4.1816384E-03,2.1932647E-03)  
 (0.000000,0.000000)
    0.000000        1.000000        0.000000      
 (-8.7311491E-04,1.1958182E-02)  (0.000000,0.000000)  
 (2.6263297E-03,-3.4645200E-03)
    0.000000        1.000000        1.000000      
 (3.7346035E-03,-1.8998981E-03)  (7.4133277E-03,-6.4820051E-03)  
 (-7.4133277E-03,6.4820051E-03)
    0.000000        1.000000        2.000000      
 (-8.0280006E-03,-1.7322600E-03)  (-8.2701445E-03,3.1199306E-04)  
 (4.1350722E-03,-1.5599653E-04)
    0.000000        2.000000        0.000000      
 (6.2136678E-05,-5.6438148E-03)  (0.000000,0.000000)  
 (-3.4552068E-03,1.3411045E-03)
    0.000000        2.000000        1.000000      
 (9.2200935E-03,-1.6670674E-03)  (-5.2270480E-04,-2.5425106E-03)  
 (1.0454096E-03,5.0850213E-03)
    0.000000       -2.000000        0.000000      (6.2136678E-05,5.6438148E-03)
   (0.000000,0.000000)  (-3.4552068E-03,-1.3411045E-03)
    0.000000       -2.000000        1.000000      
 (-1.1175871E-02,-7.0221722E-03)  (-3.1571835E-03,9.2200935E-04)  
 (-6.3143671E-03,1.8440187E-03)
    0.000000       -1.000000        0.000000      
 (-8.7311491E-04,-1.1958182E-02)  (0.000000,0.000000)  
 (2.6263297E-03,3.4645200E-03)
    0.000000       -1.000000        1.000000      
 (8.2701445E-03,-1.1064112E-02)  (-2.8591603E-03,-3.3061951E-03)  
 (-2.8591603E-03,-3.3061951E-03)
    0.000000       -1.000000        2.000000      
 (-8.1397593E-03,2.1886081E-03)  (-2.2817403E-04,5.0198287E-03)  
 (-1.1408702E-04,2.5099143E-03)
    1.000000        0.000000        0.000000      (0.000000,0.000000)  
 (-2.3469329E-02,5.0291419E-03)  (2.2351742E-02,1.9297004E-02)
    1.000000        0.000000        1.000000      
 (4.2608008E-04,-4.6007335E-03)  (-2.4214387E-02,1.6242266E-02)  
 (-4.2608008E-04,4.6007335E-03)
    1.000000        0.000000        2.000000      (1.1851080E-03,1.6530976E-03)
   (5.1502138E-03,8.2887709E-03)  (-5.9255399E-04,-8.2654878E-04)
    1.000000        1.000000        0.000000      
 (5.0477684E-03,-3.6903657E-04)  (-5.0477684E-03,3.6903657E-04)  
 (-5.5693090E-03,2.2817403E-03)
    1.000000        1.000000        1.000000      
 (-2.5937334E-03,2.2817403E-03)  (1.4528632E-03,-1.3364479E-03)  
 (1.1408702E-03,-9.4529241E-04)
    1.000000        1.000000        2.000000      
 (-2.8498471E-03,-1.9883737E-03)  (-3.3341348E-03,-5.2526593E-03)  
 (3.0919909E-03,3.6228448E-03)
    1.000000        2.000000        0.000000      
 (-1.0430813E-03,4.7124922E-03)  (5.2154064E-04,-2.3562461E-03)  
 (1.1618249E-03,1.0579824E-02)
    1.000000        2.000000        1.000000      (6.2026083E-03,3.7811697E-03)
   (-1.5506521E-03,-1.7881393E-03)  (-3.1013042E-03,-2.0780135E-04)
    1.000000       -2.000000        0.000000      
 (-1.1292286E-03,2.4167821E-03)  (-5.6461431E-04,1.2083910E-03)  
 (-5.2060932E-03,-4.7031790E-04)
    1.000000       -2.000000        1.000000      
 (-1.6763806E-03,1.1152588E-03)  (-1.0011718E-03,1.8812716E-03)  
 (-3.2596290E-04,2.6542693E-03)
    1.000000       -1.000000        0.000000      
 (-4.4703484E-03,-1.5972182E-03)  (-4.4703484E-03,-1.5972182E-03)  
 (-4.6007335E-03,4.1723251E-03)
    1.000000       -1.000000        1.000000      (1.1771917E-02,7.6182187E-03)
   (3.9860606E-03,7.3574483E-03)  (-7.7858567E-03,-2.5960617E-04)
    1.000000       -1.000000        2.000000      (1.9464642E-03,4.9918890E-03)
   (2.2212043E-03,-6.1118044E-04)  (1.3707904E-04,-2.8032809E-03)
    2.000000        0.000000        0.000000      (0.000000,0.000000)  
 (1.3522804E-02,-7.3201954E-03)  (-2.3562461E-03,4.7869980E-03)
    2.000000        0.000000        1.000000      
 (-4.9732625E-03,1.6158447E-03)  (5.1222742E-03,1.2591481E-02)  
 (9.9465251E-03,-3.2316893E-03)
    2.000000        1.000000        0.000000      
 (-1.7043203E-03,-3.8649887E-04)  (3.4086406E-03,7.7299774E-04)  
 (-3.3341348E-03,-3.5949051E-03)
    2.000000        1.000000        1.000000      (3.0919909E-03,5.4948032E-03)
   (-6.0722232E-03,-1.0877848E-02)  (-1.2194505E-04,-1.1059456E-04)
    2.000000       -1.000000        0.000000      
 (4.6566129E-04,-1.9930303E-03)  (9.3132257E-04,-3.9860606E-03)  
 (1.4528632E-03,3.3620745E-03)
    2.000000       -1.000000        1.000000      
 (-5.2060932E-03,6.2631443E-04)  (-5.5879354E-03,-3.9697625E-04)  
 (4.8242509E-03,-1.6484410E-03)
