   0.00000000       0.00000000      -2.00000000     (  2.27242708E-03,  3.46451998E-03) ( -2.29105353E-03,  1.64436642E-05) (  0.00000000    ,  0.00000000    )
   0.00000000       0.00000000      -1.00000000     (  2.67475843E-02, -1.11758709E-02) (  1.31502748E-02,  3.19629908E-02) (  0.00000000    ,  0.00000000    )
   0.00000000       1.00000000      -2.00000000     (  3.21306288E-04,  1.71363354E-03) (  6.05359674E-04,  1.70432031E-03) (  3.02679837E-04,  8.52160156E-04)
   0.00000000       1.00000000      -1.00000000     (  1.59442425E-02,  1.93342566E-02) (  5.80912456E-04,  1.22003257E-03) (  5.80912456E-04,  1.22003257E-03)
   0.00000000       2.00000000      -1.00000000     ( -6.74277544E-03, -1.82539225E-03) ( -1.23865902E-03, -9.54605639E-04) ( -2.47731805E-03, -1.90921128E-03)
   0.00000000      -2.00000000      -1.00000000     (  1.33179128E-03, -3.37138772E-03) ( -1.36904418E-03,  7.77654350E-04) (  2.73808837E-03, -1.55530870E-03)
   0.00000000      -1.00000000      -2.00000000     ( -3.91155481E-03, -1.24797225E-03) ( -1.34110451E-03, -1.00117177E-04) (  6.70552254E-04,  5.00585884E-05)
   0.00000000      -1.00000000      -1.00000000     (  5.58793545E-03,  4.72180545E-03) (  3.00817192E-03,  1.04680657E-02) ( -3.00817192E-03, -1.04680657E-02)
   1.00000000       0.00000000      -2.00000000     ( -1.19209290E-03,  3.01748514E-03) ( -2.62632966E-03,  4.02331352E-03) ( -5.96046448E-04,  1.50874257E-03)
   1.00000000       0.00000000      -1.00000000     (  4.89875674E-03,  4.94765118E-05) (  1.00117177E-03, -2.59838998E-03) (  4.89875674E-03,  4.94765118E-05)
   1.00000000       1.00000000      -2.00000000     ( -3.18512321E-03,  8.33533704E-04) (  2.77534127E-03, -3.16649675E-03) ( -2.06055120E-04, -1.17346644E-03)
   1.00000000       1.00000000      -1.00000000     ( -3.87430191E-03, -1.46217644E-03) (  3.37138772E-03,  6.42612576E-04) ( -4.95929271E-04, -8.19563866E-04)
   1.00000000       2.00000000      -1.00000000     ( -8.33533704E-04,  1.08499080E-03) ( -3.77185643E-04,  1.35973096E-03) ( -1.58324838E-03,  3.79979610E-03)
   1.00000000      -2.00000000      -1.00000000     (  9.42964107E-05, -5.68106771E-04) (  1.10827386E-03,  2.08383426E-04) ( -2.11410224E-03, -9.82545316E-04)
   1.00000000      -1.00000000      -2.00000000     ( -9.68575478E-04, -2.12341547E-03) ( -3.95812094E-04, -1.58324838E-03) ( -2.88709998E-04, -2.71247700E-04)
   1.00000000      -1.00000000      -1.00000000     ( -1.11758709E-03,  4.07453626E-04) ( -2.49594450E-03,  4.44706529E-04) (  1.37835741E-03, -3.87080945E-05)
   2.00000000       0.00000000      -1.00000000     ( -1.05705112E-03, -6.37955964E-04) ( -3.01748514E-03,  5.14555722E-04) ( -2.11410224E-03, -1.27591193E-03)
   2.00000000       1.00000000      -1.00000000     ( -2.33994797E-04,  1.96741894E-04) (  7.86967576E-04, -1.08499080E-03) (  3.18977982E-04, -6.93835318E-04)
   2.00000000      -1.00000000      -1.00000000     ( -8.49831849E-05, -6.61239028E-04) (  3.63215804E-04, -3.07336450E-03) ( -5.33182174E-04,  1.76019967E-03)
