    0.000000        0.000000        1.000000      (2.4065375E-02,1.3411045E-02)
   (-1.6763806E-02,-1.9744039E-02)  (0.000000,0.000000)
    0.000000        0.000000        2.000000      (1.1082739E-03,7.3923729E-05)
   (1.5739352E-03,1.4435500E-03)  (0.000000,0.000000)
    0.000000        1.000000        0.000000      (4.7124922E-03,1.8579885E-03)
   (0.000000,0.000000)  (5.9977174E-03,-1.1714292E-05)
    0.000000        1.000000        1.000000      (7.5995922E-03,1.1175871E-02)
   (4.6007335E-03,-4.5076013E-03)  (-4.6007335E-03,4.5076013E-03)
    0.000000        1.000000        2.000000      
 (-2.5704503E-03,-4.1211024E-04)  (2.1245796E-05,-1.3131648E-03)  
 (-1.0622898E-05,6.5658242E-04)
    0.000000        2.000000        0.000000      
 (-1.2014061E-03,8.8475645E-04)  (0.000000,0.000000)  
 (9.9651515E-04,1.0617077E-03)
    0.000000        2.000000        1.000000      
 (6.6589564E-04,-9.4994903E-04)  (-6.2398612E-04,-1.5017577E-04)  
 (1.2479722E-03,3.0035153E-04)
    0.000000       -2.000000        0.000000      
 (-1.2014061E-03,-8.8475645E-04)  (0.000000,0.000000)  
 (9.9651515E-04,-1.0617077E-03)
    0.000000       -2.000000        1.000000      
 (-2.4586916E-03,-3.1292439E-03)  (-3.4691766E-04,-2.3981556E-04)  
 (-6.9383532E-04,-4.7963113E-04)
    0.000000       -1.000000        0.000000      
 (4.7124922E-03,-1.8579885E-03)  (0.000000,0.000000)  
 (5.9977174E-03,1.1714292E-05)
    0.000000       -1.000000        1.000000      
 (1.1585653E-02,-3.9488077E-03)  (-5.6577846E-04,-6.8545341E-03)  
 (-5.6577846E-04,-6.8545341E-03)
    0.000000       -1.000000        2.000000      
 (-3.7625432E-03,-6.8917871E-04)  (-1.2945384E-03,-1.8812716E-03)  
 (-6.4726919E-04,-9.4063580E-04)
    1.000000        0.000000        0.000000      (0.000000,0.000000)  
 (-3.3080578E-02,8.0093741E-03)  (1.6912818E-02,2.2873282E-02)
    1.000000        0.000000        1.000000      
 (-5.1409006E-03,-1.6903505E-03)  (-1.5012920E-02,1.4267862E-02)  
 (5.1409006E-03,1.6903505E-03)
    1.000000        0.000000        2.000000      
 (-6.5483619E-06,8.7544322E-04)  (1.3224781E-03,1.8626451E-03)  
 (3.2741809E-06,-4.3772161E-04)
    1.000000        1.000000        0.000000      
 (9.8720193E-04,-1.0523945E-03)  (-9.8720193E-04,1.0523945E-03)  
 (6.1700121E-04,5.1967800E-03)
    1.000000        1.000000        1.000000      (8.7544322E-04,1.6950071E-03)
   (-1.2945384E-03,-1.9744039E-03)  (4.1443855E-04,2.8172508E-04)
    1.000000        1.000000        2.000000      
 (-1.2479722E-03,1.0430813E-03)  (3.8184226E-04,-4.0745363E-04)  
 (4.3306500E-04,-3.1897798E-04)
    1.000000        2.000000        0.000000      (1.8440187E-03,8.7544322E-04)
   (-9.2200935E-04,-4.3772161E-04)  (3.6088750E-04,1.5925616E-03)
    1.000000        2.000000        1.000000      (6.2864274E-04,8.6612999E-04)
   (-8.3819032E-04,2.0721927E-04)  (1.0523945E-03,-1.2852252E-03)
    1.000000       -2.000000        0.000000      (8.0559403E-04,7.7765435E-04)
   (4.0279701E-04,3.8882717E-04)  (-1.1548400E-03,2.2409949E-05)
    1.000000       -2.000000        1.000000      
 (-1.3597310E-03,-8.4750354E-04)  (-7.6368451E-04,-7.6368451E-04)  
 (-1.6647391E-04,-6.7986548E-04)
    1.000000       -1.000000        0.000000      
 (2.0489097E-03,-8.4983185E-04)  (2.0489097E-03,-8.4983185E-04)  
 (-8.7171793E-03,1.6018748E-03)
    1.000000       -1.000000        1.000000      
 (3.2037497E-03,-2.9616058E-03)  (6.8452209E-04,-1.6950071E-03)  
 (-2.5145710E-03,1.2665987E-03)
    1.000000       -1.000000        2.000000      
 (-1.9930303E-03,-1.0523945E-03)  (-2.2538006E-03,-1.5180558E-03)  
 (-1.3853423E-04,-2.2817403E-04)
    2.000000        0.000000        0.000000      (0.000000,0.000000)  
 (2.4773180E-03,1.5250407E-04)  (-6.0070306E-04,-8.1956387E-04)
    2.000000        0.000000        1.000000      
 (-2.7008355E-04,1.6391277E-03)  (7.4971467E-04,2.3096800E-03)  
 (5.4016709E-04,-3.2782555E-03)
    2.000000        1.000000        0.000000      
 (-5.0757080E-04,-1.1827797E-03)  (1.0151416E-03,2.3655593E-03)  
 (-2.5518239E-03,3.1292439E-03)
    2.000000        1.000000        1.000000      (8.7544322E-04,7.9628080E-04)
   (-3.9814040E-04,-3.3527613E-03)  (-1.3411045E-03,1.7508864E-03)
    2.000000       -1.000000        0.000000      
 (-1.9371510E-03,-5.8207661E-04)  (-3.8743019E-03,-1.1641532E-03)  
 (-9.2200935E-04,1.3783574E-03)
    2.000000       -1.000000        1.000000      
 (-7.7299774E-04,3.6088750E-04)  (1.8626451E-05,2.0489097E-03)  
 (1.5646219E-03,1.3317913E-03)
