   0.00000000       0.00000000       1.00000000     (  2.30967999E-02,  1.14738941E-02) (  1.27591193E-03, -2.36928463E-02) (  0.00000000    ,  0.00000000    )
   0.00000000       0.00000000       2.00000000     (  6.68689609E-03, -4.50760126E-03) (  1.07334927E-03,  1.46683306E-03) (  0.00000000    ,  0.00000000    )
   0.00000000       1.00000000       0.00000000     ( -3.08267772E-03,  1.13993883E-02) (  0.00000000    ,  0.00000000    ) (  1.88127160E-03, -2.29105353E-03)
   0.00000000       1.00000000       1.00000000     (  3.11993062E-03, -4.02331352E-03) (  6.50063157E-03, -7.39470124E-03) ( -6.50063157E-03,  7.39470124E-03)
   0.00000000       1.00000000       2.00000000     ( -7.48783350E-03, -7.61356205E-04) ( -6.79865479E-03,  5.58793545E-04) (  3.39932740E-03, -2.79396772E-04)
   0.00000000       2.00000000       0.00000000     ( -8.10250640E-04, -6.74277544E-03) (  0.00000000    ,  0.00000000    ) ( -5.32716513E-03,  3.36440280E-04)
   0.00000000       2.00000000       1.00000000     (  5.17815351E-03,  2.20723450E-03) ( -1.63447112E-03, -2.48663127E-03) (  3.26894224E-03,  4.97326255E-03)
   0.00000000      -2.00000000       0.00000000     ( -8.10250640E-04,  6.74277544E-03) (  0.00000000    ,  0.00000000    ) ( -5.32716513E-03, -3.36440280E-04)
   0.00000000      -2.00000000       1.00000000     ( -9.42498446E-03, -1.88592821E-03) ( -1.53668225E-03,  1.15949661E-03) ( -3.07336450E-03,  2.31899321E-03)
   0.00000000      -1.00000000       0.00000000     ( -3.08267772E-03, -1.13993883E-02) (  0.00000000    ,  0.00000000    ) (  1.88127160E-03,  2.29105353E-03)
   0.00000000      -1.00000000       1.00000000     (  1.09523535E-02, -1.34482980E-02) ( -2.22586095E-03, -2.41212547E-03) ( -2.22586095E-03, -2.41212547E-03)
   0.00000000      -1.00000000       2.00000000     ( -2.80328095E-03, -1.00350007E-03) (  6.77537173E-04,  3.01748514E-03) (  3.38768587E-04,  1.50874257E-03)
   1.00000000       0.00000000       0.00000000     (  0.00000000    ,  0.00000000    ) ( -1.96695328E-02,  5.40167093E-03) (  2.43633986E-02,  2.01165676E-02)
   1.00000000       0.00000000       1.00000000     (  2.25380063E-03, -4.07919288E-03) ( -2.51829624E-02,  1.54972076E-02) ( -2.25380063E-03,  4.07919288E-03)
   1.00000000       0.00000000       2.00000000     (  1.04540959E-03,  2.50525773E-03) (  5.55068254E-03,  4.73111868E-03) ( -5.22704795E-04, -1.25262886E-03)
   1.00000000       1.00000000       0.00000000     (  5.28991222E-03,  1.48080289E-03) ( -5.28991222E-03, -1.48080289E-03) ( -7.04079866E-03,  3.25962901E-03)
   1.00000000       1.00000000       1.00000000     ( -3.52971256E-03,  7.91624188E-04) (  2.52388418E-03, -4.69153747E-04) (  1.00350007E-03, -3.22470441E-04)
   1.00000000       1.00000000       2.00000000     ( -2.13272870E-03, -2.64495611E-03) ( -4.95463610E-03, -3.39932740E-03) (  3.54833901E-03,  3.01748514E-03)
   1.00000000       2.00000000       0.00000000     ( -1.97440386E-03,  5.71832061E-03) (  9.87201929E-04, -2.85916030E-03) ( -8.66129994E-04,  9.35047865E-03)
   1.00000000       2.00000000       1.00000000     (  6.81728125E-03,  2.71946192E-03) ( -2.64495611E-03, -2.40281224E-03) ( -1.53202564E-03,  2.09081918E-03)
   1.00000000      -2.00000000       0.00000000     ( -2.53203325E-04, -2.21654773E-03) ( -1.26601662E-04, -1.10827386E-03) ( -2.03493983E-03,  1.30385160E-03)
   1.00000000      -2.00000000       1.00000000     ( -2.15601176E-03,  6.86850399E-04) ( -2.19792128E-03,  1.41561031E-03) ( -2.23517418E-03,  2.14669853E-03)
   1.00000000      -1.00000000       0.00000000     ( -5.79282641E-03, -4.73111868E-03) ( -5.79282641E-03, -4.73111868E-03) ( -4.33996320E-03,  4.52622771E-03)
   1.00000000      -1.00000000       1.00000000     (  7.09667802E-03,  8.47503543E-03) (  1.22003257E-03,  7.46920705E-03) ( -5.88595867E-03, -1.00117177E-03)
   1.00000000      -1.00000000       2.00000000     (  4.08850610E-03,  6.25848770E-03) (  6.61239028E-03,  2.59838998E-03) (  1.25728548E-03, -1.83470547E-03)
   2.00000000       0.00000000       0.00000000     (  0.00000000    ,  0.00000000    ) (  1.11386180E-02, -6.22123480E-03) ( -4.20026481E-03,  3.99537385E-03)
   2.00000000       0.00000000       1.00000000     ( -4.38652933E-03, -1.06869265E-03) (  3.34344804E-03,  1.10268593E-02) (  8.77305865E-03,  2.13738531E-03)
   2.00000000       1.00000000       0.00000000     ( -2.18860805E-03,  7.66012818E-04) (  4.37721610E-03, -1.53202564E-03) ( -1.09663233E-03, -7.58096576E-03)
   2.00000000       1.00000000       1.00000000     (  2.03493983E-03,  4.48897481E-03) ( -5.04776835E-03, -7.71135092E-03) (  9.84873623E-04, -1.27125531E-03)
   2.00000000      -1.00000000       0.00000000     (  1.52736902E-03, -2.39815563E-04) (  3.05473804E-03, -4.79631126E-04) (  3.73693183E-04,  1.84401870E-03)
   2.00000000      -1.00000000       1.00000000     ( -3.84636223E-03,  5.91389835E-04) ( -3.39001417E-03, -1.98837370E-03) (  4.30271029E-03, -3.17580998E-03)
