    0.000000        0.000000        1.000000      (2.4139881E-02,1.3485551E-02)
   (-1.6838312E-02,-1.9818544E-02)  (0.000000,0.000000)
    0.000000        0.000000        2.000000      (1.0803342E-03,7.6834112E-05)
   (1.5366822E-03,1.4062971E-03)  (0.000000,0.000000)
    0.000000        1.000000        0.000000      (4.7497451E-03,1.8253922E-03)
   (0.000000,0.000000)  (6.0349703E-03,-2.9217517E-07)
    0.000000        1.000000        1.000000      (7.6554716E-03,1.1250377E-02)
   (4.6193600E-03,-4.5262277E-03)  (-4.6193600E-03,4.5262277E-03)
    0.000000        1.000000        2.000000      
 (-2.5145710E-03,-4.0046871E-04)  (2.9103830E-05,-1.2852252E-03)  
 (-1.4551915E-05,6.4261258E-04)
    0.000000        2.000000        0.000000      
 (-1.1734664E-03,8.6612999E-04)  (0.000000,0.000000)  
 (9.7788870E-04,1.0430813E-03)
    0.000000        2.000000        1.000000      
 (6.4261258E-04,-9.3132257E-04)  (-6.1467290E-04,-1.4551915E-04)  
 (1.2293458E-03,2.9103830E-04)
    0.000000       -2.000000        0.000000      
 (-1.1734664E-03,-8.6612999E-04)  (0.000000,0.000000)  
 (9.7788870E-04,-1.0430813E-03)
    0.000000       -2.000000        1.000000      
 (-2.4028122E-03,-3.0547380E-03)  (-3.3527613E-04,-2.3748726E-04)  
 (-6.7055225E-04,-4.7497451E-04)
    0.000000       -1.000000        0.000000      
 (4.7497451E-03,-1.8253922E-03)  (0.000000,0.000000)  
 (6.0349703E-03,2.9217517E-07)
    0.000000       -1.000000        1.000000      
 (1.1660159E-02,-3.9674342E-03)  (-5.6112185E-04,-6.8917871E-03)  
 (-5.6112185E-04,-6.8917871E-03)
    0.000000       -1.000000        2.000000      
 (-3.6507845E-03,-6.7520887E-04)  (-1.2665987E-03,-1.8440187E-03)  
 (-6.3329935E-04,-9.2200935E-04)
    1.000000        0.000000        0.000000      (0.000000,0.000000)  
 (-3.3229589E-02,8.0466270E-03)  (1.6987324E-02,2.2947788E-02)
    1.000000        0.000000        1.000000      
 (-5.1781535E-03,-1.6856939E-03)  (-1.5050173E-02,1.4305115E-02)  
 (5.1781535E-03,1.6856939E-03)
    1.000000        0.000000        2.000000      
 (-7.2759576E-06,8.5681677E-04)  (1.2945384E-03,1.8067658E-03)  
 (3.6379788E-06,-4.2840838E-04)
    1.000000        1.000000        0.000000      
 (9.7788870E-04,-1.0523945E-03)  (-9.7788870E-04,1.0523945E-03)  
 (6.3097104E-04,5.2340329E-03)
    1.000000        1.000000        1.000000      (8.5681677E-04,1.6577542E-03)
   (-1.2572855E-03,-1.9371510E-03)  (4.0512532E-04,2.7939677E-04)
    1.000000        1.000000        2.000000      
 (-1.2200326E-03,1.0244548E-03)  (3.7485734E-04,-3.9115548E-04)  
 (4.2375177E-04,-3.1664968E-04)
    1.000000        2.000000        0.000000      (1.8067658E-03,8.5681677E-04)
   (-9.0338290E-04,-4.2840838E-04)  (3.4924597E-04,1.5459955E-03)
    1.000000        2.000000        1.000000      (6.1467290E-04,8.4750354E-04)
   (-8.1956387E-04,2.0023435E-04)  (1.0244548E-03,-1.2479722E-03)
    1.000000       -2.000000        0.000000      (7.8696758E-04,7.4971467E-04)
   (3.9348379E-04,3.7485734E-04)  (-1.1269003E-03,2.3283064E-05)
    1.000000       -2.000000        1.000000      
 (-1.3317913E-03,-8.2887709E-04)  (-7.4505806E-04,-7.4505806E-04)  
 (-1.6414560E-04,-6.6589564E-04)
    1.000000       -1.000000        0.000000      
 (2.0768493E-03,-8.6612999E-04)  (2.0768493E-03,-8.6612999E-04)  
 (-8.7916851E-03,1.5879050E-03)
    1.000000       -1.000000        1.000000      
 (3.1292439E-03,-2.9057264E-03)  (6.6589564E-04,-1.6577542E-03)  
 (-2.4586916E-03,1.2479722E-03)
    1.000000       -1.000000        2.000000      
 (-1.9371510E-03,-1.0337681E-03)  (-2.1979213E-03,-1.4808029E-03)  
 (-1.3154931E-04,-2.2351742E-04)
    2.000000        0.000000        0.000000      (0.000000,0.000000)  
 (2.4214387E-03,1.5483238E-04)  (-5.9138983E-04,-8.0559403E-04)
    2.000000        0.000000        1.000000      
 (-2.6309863E-04,1.6018748E-03)  (7.3108822E-04,2.2724271E-03)  
 (5.2619725E-04,-3.2037497E-03)
    2.000000        1.000000        0.000000      
 (-4.9360096E-04,-1.1548400E-03)  (9.8720193E-04,2.3096800E-03)  
 (-2.4959445E-03,3.0733645E-03)
    2.000000        1.000000        1.000000      (8.5681677E-04,7.7765435E-04)
   (-3.8882717E-04,-3.2782555E-03)  (-1.3131648E-03,1.7136335E-03)
    2.000000       -1.000000        0.000000      
 (-1.8998981E-03,-5.6810677E-04)  (-3.7997961E-03,-1.1362135E-03)  
 (-9.0338290E-04,1.3504177E-03)
    2.000000       -1.000000        1.000000      
 (-7.5437129E-04,3.4924597E-04)  (2.4010660E-05,1.9930303E-03)  
 (1.5366822E-03,1.3038516E-03)
