   0.00000000       0.00000000      -2.00000000     (  5.01051545E-03,  4.97326255E-03) ( -2.18860805E-03, -9.26665962E-04) (  0.00000000    ,  0.00000000    )
   0.00000000       0.00000000      -1.00000000     (  2.43633986E-02, -1.10641122E-02) (  7.35744834E-03,  2.78651714E-02) (  0.00000000    ,  0.00000000    )
   0.00000000       1.00000000      -2.00000000     (  2.51457095E-04,  3.06405127E-03) (  6.49597496E-04,  1.07567757E-03) (  3.24798748E-04,  5.37838787E-04)
   0.00000000       1.00000000      -1.00000000     (  1.43796206E-02,  1.64285302E-02) ( -5.89061528E-04,  1.86264515E-03) ( -5.89061528E-04,  1.86264515E-03)
   0.00000000       2.00000000      -1.00000000     ( -9.68575478E-03, -1.91852450E-03) ( -1.50874257E-03, -1.44354999E-03) ( -3.01748514E-03, -2.88709998E-03)
   0.00000000      -2.00000000      -1.00000000     (  2.17929482E-03, -4.88013029E-03) ( -2.30036676E-03,  1.62050128E-03) (  4.60073352E-03, -3.24100256E-03)
   0.00000000      -1.00000000      -2.00000000     ( -6.35161996E-03, -7.79982656E-04) ( -3.56696546E-03, -1.53086148E-04) (  1.78348273E-03,  7.65430741E-05)
   0.00000000      -1.00000000      -1.00000000     (  3.85567546E-03,  5.21540642E-03) (  4.54485416E-03,  8.97794962E-03) ( -4.54485416E-03, -8.97794962E-03)
   1.00000000       0.00000000      -2.00000000     ( -2.17114575E-04,  4.91738319E-03) ( -4.28408384E-03,  7.13393092E-03) ( -1.08557288E-04,  2.45869160E-03)
   1.00000000       0.00000000      -1.00000000     (  3.63215804E-03,  3.01515684E-04) (  4.39584255E-03, -1.69035047E-03) (  3.63215804E-03,  3.01515684E-04)
   1.00000000       1.00000000      -2.00000000     ( -4.99188900E-03, -9.40635800E-04) (  5.58793545E-03, -4.67523932E-03) (  2.93366611E-04, -2.80328095E-03)
   1.00000000       1.00000000      -1.00000000     ( -7.13393092E-03, -3.01748514E-03) (  6.03497028E-03,  4.49363142E-04) ( -1.11293048E-03, -2.57045031E-03)
   1.00000000       2.00000000      -1.00000000     ( -2.56113708E-03,  1.14552677E-03) ( -1.51339918E-04,  1.87195837E-03) ( -2.85916030E-03,  4.89875674E-03)
   1.00000000      -2.00000000      -1.00000000     ( -3.08500603E-04, -1.50874257E-03) (  1.22468919E-03, -1.08964741E-03) ( -2.75671482E-03,  6.72880560E-04)
   1.00000000      -1.00000000      -2.00000000     ( -1.41561031E-03, -2.39349902E-03) (  5.07570803E-04, -2.11410224E-03) ( -9.63918865E-04, -1.39116310E-04)
   1.00000000      -1.00000000      -1.00000000     ( -2.06753612E-03,  3.83006409E-04) ( -4.63798642E-03,  6.89178705E-04) (  2.56113708E-03, -3.07336450E-04)
   2.00000000       0.00000000      -1.00000000     ( -1.90921128E-03, -5.93718141E-04) ( -7.52508640E-03,  1.87195837E-03) ( -3.81842256E-03, -1.18743628E-03)
   2.00000000       1.00000000      -1.00000000     (  1.00408215E-04,  1.24797225E-03) (  1.00582838E-03, -2.79396772E-03) (  1.20606273E-03, -3.00351530E-04)
   2.00000000      -1.00000000      -1.00000000     (  6.44940883E-04, -1.72760338E-03) (  1.62981451E-03, -4.39584255E-03) ( -3.41096893E-04,  9.31322575E-04)
