    0.000000        0.000000        1.000000      (2.3618340E-02,1.3150275E-02)
   (-1.6093254E-02,-1.9222498E-02)  (0.000000,0.000000)
    0.000000        0.000000        2.000000      (1.4714897E-03,8.3673513E-06)
   (2.0302832E-03,1.8440187E-03)  (0.000000,0.000000)
    0.000000        1.000000        0.000000      (4.3958426E-03,2.4680048E-03)
   (0.000000,0.000000)  (5.7369471E-03,-1.8335413E-04)
    0.000000        1.000000        1.000000      (7.2643161E-03,1.0393560E-02)
   (4.7124922E-03,-4.4330955E-03)  (-4.7124922E-03,4.4330955E-03)
    0.000000        1.000000        2.000000      
 (-3.2596290E-03,-5.4948032E-04)  (-1.3387762E-04,-1.6298145E-03)  
 (6.6938810E-05,8.1490725E-04)
    0.000000        2.000000        0.000000      
 (-1.6205013E-03,1.0617077E-03)  (0.000000,0.000000)  
 (1.1548400E-03,1.3038516E-03)
    0.000000        2.000000        1.000000      
 (1.0197982E-03,-1.1920929E-03)  (-7.3108822E-04,-2.1769665E-04)  
 (1.4621764E-03,4.3539330E-04)
    0.000000       -2.000000        0.000000      
 (-1.6205013E-03,-1.0617077E-03)  (0.000000,0.000000)  
 (1.1548400E-03,-1.3038516E-03)
    0.000000       -2.000000        1.000000      
 (-3.2782555E-03,-4.0605664E-03)  (-5.3085387E-04,-2.6193447E-04)  
 (-1.0617077E-03,-5.2386895E-04)
    0.000000       -1.000000        0.000000      
 (4.3958426E-03,-2.4680048E-03)  (0.000000,0.000000)  
 (5.7369471E-03,1.8335413E-04)
    0.000000       -1.000000        1.000000      
 (1.0989606E-02,-3.9488077E-03)  (-6.7288056E-04,-6.6682696E-03)  
 (-6.7288056E-04,-6.6682696E-03)
    0.000000       -1.000000        2.000000      
 (-4.8056245E-03,-8.2887709E-04)  (-1.6205013E-03,-2.2538006E-03)  
 (-8.1025064E-04,-1.1269003E-03)
    1.000000        0.000000        0.000000      (0.000000,0.000000)  
 (-3.2186508E-02,7.6740980E-03)  (1.6763806E-02,2.2202730E-02)
    1.000000        0.000000        1.000000      
 (-4.8987567E-03,-1.8067658E-03)  (-1.5236437E-02,1.4118850E-02)  
 (4.8987567E-03,1.8067658E-03)
    1.000000        0.000000        2.000000      (6.4756023E-06,1.0896474E-03)
   (1.7043203E-03,2.4773180E-03)  (-3.2378011E-06,-5.4482371E-04)
    1.000000        1.000000        0.000000      
 (1.1874363E-03,-1.1082739E-03)  (-1.1874363E-03,1.1082739E-03)  
 (4.2608008E-04,4.8801303E-03)
    1.000000        1.000000        1.000000      (1.1175871E-03,2.1047890E-03)
   (-1.6577542E-03,-2.3841858E-03)  (5.4016709E-04,2.7706847E-04)
    1.000000        1.000000        2.000000      
 (-1.6111881E-03,1.2852252E-03)  (4.4237822E-04,-6.4261258E-04)  
 (5.8673322E-04,-3.2130629E-04)
    1.000000        2.000000        0.000000      (2.2351742E-03,1.0989606E-03)
   (-1.1175871E-03,-5.4948032E-04)  (5.4016709E-04,2.1792948E-03)
    1.000000        2.000000        1.000000      (8.0093741E-04,1.0803342E-03)
   (-1.0617077E-03,3.0035153E-04)  (1.3131648E-03,-1.6856939E-03)
    1.000000       -2.000000        0.000000      (9.9185854E-04,1.1548400E-03)
   (4.9592927E-04,5.7742000E-04)  (-1.4994293E-03,5.8207661E-07)
    1.000000       -2.000000        1.000000      
 (-1.7229468E-03,-1.0989606E-03)  (-9.4529241E-04,-9.6857548E-04)  
 (-1.6880222E-04,-8.3819032E-04)
    1.000000       -1.000000        0.000000      
 (1.7322600E-03,-6.7288056E-04)  (1.7322600E-03,-6.7288056E-04)  
 (-8.3446503E-03,1.8626451E-03)
    1.000000       -1.000000        1.000000      
 (4.1164458E-03,-3.5949051E-03)  (8.9406967E-04,-2.0395964E-03)  
 (-3.2223761E-03,1.5459955E-03)
    1.000000       -1.000000        2.000000      
 (-2.4959445E-03,-1.2945384E-03)  (-2.9802322E-03,-1.9278377E-03)  
 (-2.4563633E-04,-3.1199306E-04)
    2.000000        0.000000        0.000000      (0.000000,0.000000)  
 (3.2596290E-03,7.7998266E-05)  (-6.8452209E-04,-9.5926225E-04)
    2.000000        0.000000        1.000000      
 (-3.6088750E-04,2.1047890E-03)  (9.4063580E-04,2.9057264E-03)  
 (7.2177500E-04,-4.2095780E-03)
    2.000000        1.000000        0.000000      
 (-6.7055225E-04,-1.4994293E-03)  (1.3411045E-03,2.9988587E-03)  
 (-3.2223761E-03,3.8556755E-03)
    2.000000        1.000000        1.000000      (1.0989606E-03,1.0337681E-03)
   (-5.4482371E-04,-4.3213367E-03)  (-1.6391277E-03,2.2351742E-03)
    2.000000       -1.000000        0.000000      
 (-2.4028122E-03,-7.9162419E-04)  (-4.8056245E-03,-1.5832484E-03)  
 (-1.0617077E-03,1.6950071E-03)
    2.000000       -1.000000        1.000000      
 (-1.0384247E-03,5.3085387E-04)  (-8.7893568E-05,2.7380884E-03)  
 (1.9930303E-03,1.6763806E-03)
