   0.00000000       0.00000000      -2.00000000     (  1.56462193E-03,  3.11993062E-04) ( -1.71363354E-03,  7.45058060E-04) (  0.00000000    ,  0.00000000    )
   0.00000000       0.00000000      -1.00000000     (  5.92321157E-03,  1.23307109E-02) (  3.46451998E-02,  3.50177288E-03) (  0.00000000    ,  0.00000000    )
   0.00000000       1.00000000      -2.00000000     (  2.98023224E-04,  5.68106771E-04) (  6.98491931E-04, -3.60887498E-05) (  3.49245965E-04, -1.80443749E-05)
   0.00000000       1.00000000      -1.00000000     ( -6.89178705E-03,  1.98930502E-02) ( -8.81031156E-03, -4.47034836E-03) ( -8.81031156E-03, -4.47034836E-03)
   0.00000000       2.00000000      -1.00000000     ( -5.86733222E-04, -6.14672899E-04) ( -4.65661287E-04,  3.44589353E-04) ( -9.31322575E-04,  6.89178705E-04)
   0.00000000      -2.00000000      -1.00000000     (  2.32830644E-04,  7.07805157E-04) ( -3.20142135E-05, -2.96859071E-05) (  6.40284270E-05,  5.93718141E-05)
   0.00000000      -1.00000000      -2.00000000     (  8.19563866E-04,  9.68575478E-04) ( -1.65309757E-04, -4.65661287E-04) (  8.26548785E-05,  2.32830644E-04)
   0.00000000      -1.00000000      -1.00000000     (  3.86498868E-03, -2.77534127E-03) (  3.67872417E-03,  1.19209290E-03) ( -3.67872417E-03, -1.19209290E-03)
   1.00000000       0.00000000      -2.00000000     ( -5.40167093E-04, -2.04890966E-04) (  6.89178705E-04,  1.56462193E-03) ( -2.70083547E-04, -1.02445483E-04)
   1.00000000       0.00000000      -1.00000000     (  1.12503767E-02, -5.75557351E-03) ( -6.40749931E-03,  2.48849392E-02) (  1.12503767E-02, -5.75557351E-03)
   1.00000000       1.00000000      -2.00000000     (  4.56348062E-04,  6.14672899E-04) ( -1.06170774E-03, -1.28056854E-04) ( -3.07336450E-04,  2.46800482E-04)
   1.00000000       1.00000000      -1.00000000     ( -8.56816769E-04,  2.42143869E-03) ( -5.77419996E-04, -1.45286322E-03) ( -1.43423676E-03,  9.68575478E-04)
   1.00000000       2.00000000      -1.00000000     (  3.07336450E-04, -1.46683306E-04) ( -3.81842256E-04, -1.16415322E-04) ( -4.47034836E-04, -3.81842256E-04)
   1.00000000      -2.00000000      -1.00000000     ( -1.86264515E-04, -4.47034836E-04) (  7.79982656E-05, -1.69966370E-04) ( -3.39932740E-04, -1.04773790E-04)
   1.00000000      -1.00000000      -2.00000000     (  5.93718141E-05, -6.61239028E-04) ( -4.09781933E-04,  4.56348062E-04) (  2.37487257E-04, -5.58793545E-04)
   1.00000000      -1.00000000      -1.00000000     (  6.83940016E-06,  2.60770321E-04) ( -1.95577741E-04, -6.75208867E-05) (  2.04890966E-04,  3.30619514E-04)
   2.00000000       0.00000000      -1.00000000     ( -4.84287739E-04,  6.63567334E-05) (  2.09547579E-04, -7.63684511E-04) ( -9.68575478E-04,  1.32713467E-04)
   2.00000000       1.00000000      -1.00000000     (  1.13504939E-05, -2.18860805E-04) ( -6.51925802E-04,  3.53902578E-04) ( -6.33299351E-04, -7.79982656E-05)
   2.00000000      -1.00000000      -1.00000000     (  4.19095159E-04,  2.00816430E-05) (  2.04890966E-04,  4.93600965E-04) (  6.23986125E-04, -4.56348062E-04)
