   0.00000000       0.00000000      -2.00000000     (  2.94297934E-03,  5.26197255E-04) ( -3.57627869E-03,  1.89989805E-03) (  0.00000000    ,  0.00000000    )
   0.00000000       0.00000000      -1.00000000     (  3.89292836E-03,  1.17346644E-02) (  3.00258398E-02,  1.07567757E-03) (  0.00000000    ,  0.00000000    )
   0.00000000       1.00000000      -2.00000000     (  2.21189111E-04,  1.22003257E-03) (  1.27591193E-03, -2.11875886E-04) (  6.37955964E-04, -1.05937943E-04)
   0.00000000       1.00000000      -1.00000000     ( -6.74277544E-03,  1.65402889E-02) ( -7.86036253E-03, -4.78699803E-03) ( -7.86036253E-03, -4.78699803E-03)
   0.00000000       2.00000000      -1.00000000     ( -9.87201929E-04, -1.16415322E-03) ( -7.72997737E-04,  3.91155481E-04) ( -1.54599547E-03,  7.82310963E-04)
   0.00000000      -2.00000000      -1.00000000     ( -8.09086487E-05,  1.76951289E-03) ( -1.32713467E-04, -3.63215804E-04) (  2.65426934E-04,  7.26431608E-04)
   0.00000000      -1.00000000      -2.00000000     (  1.82539225E-03,  2.03028321E-03) ( -3.02679837E-04, -1.06170774E-03) (  1.51339918E-04,  5.30853868E-04)
   0.00000000      -1.00000000      -1.00000000     (  1.83004886E-03, -1.39698386E-03) (  3.93949449E-03,  1.20140612E-03) ( -3.93949449E-03, -1.20140612E-03)
   1.00000000       0.00000000      -2.00000000     ( -9.22009349E-04, -3.72529030E-04) (  1.13621354E-03,  2.98023224E-03) ( -4.61004674E-04, -1.86264515E-04)
   1.00000000       0.00000000      -1.00000000     (  1.04308128E-02, -5.58793545E-03) ( -5.55068254E-03,  2.54809856E-02) (  1.04308128E-02, -5.58793545E-03)
   1.00000000       1.00000000      -2.00000000     (  1.02445483E-03,  1.24797225E-03) ( -2.44006515E-03,  7.27595761E-05) ( -7.07805157E-04,  6.61239028E-04)
   1.00000000       1.00000000      -1.00000000     ( -1.02445483E-03,  4.39584255E-03) ( -1.26659870E-03, -2.71946192E-03) ( -2.29105353E-03,  1.67638063E-03)
   1.00000000       2.00000000      -1.00000000     (  9.49949026E-04, -2.56113708E-04) ( -7.91624188E-04, -2.60770321E-04) ( -6.33299351E-04, -7.82310963E-04)
   1.00000000      -2.00000000      -1.00000000     ( -2.79396772E-04, -8.10250640E-04) (  1.92085281E-05, -2.77068466E-04) ( -3.16649675E-04, -2.53785402E-04)
   1.00000000      -1.00000000      -2.00000000     ( -1.25728548E-04, -1.37835741E-03) ( -6.98491931E-04,  1.33179128E-03) (  2.84053385E-04, -1.35973096E-03)
   1.00000000      -1.00000000      -1.00000000     ( -2.18278728E-05,  3.91155481E-04) ( -3.23634595E-04, -5.77419996E-04) (  3.02679837E-04,  9.68575478E-04)
   2.00000000       0.00000000      -1.00000000     ( -8.84756446E-04,  1.37370080E-04) (  1.50175765E-04, -1.20140612E-03) ( -1.76951289E-03,  2.74740160E-04)
   2.00000000       1.00000000      -1.00000000     ( -8.73114914E-06, -3.49245965E-04) ( -1.37835741E-03,  1.88592821E-04) ( -1.39698386E-03, -5.12227416E-04)
   2.00000000      -1.00000000      -1.00000000     (  7.54371285E-04, -5.12227416E-05) (  4.51691449E-04,  9.40635800E-04) (  1.04308128E-03, -1.04308128E-03)
