   0.00000000       0.00000000      -2.00000000     (  7.22706318E-03,  2.96160579E-03) ( -1.04308128E-02,  4.39584255E-03) (  0.00000000    ,  0.00000000    )
   0.00000000       0.00000000      -1.00000000     ( -7.35744834E-04,  1.18464231E-02) (  2.14576721E-02, -6.50063157E-03) (  0.00000000    ,  0.00000000    )
   0.00000000       1.00000000      -2.00000000     ( -1.65775418E-03,  2.21654773E-03) (  4.16184776E-05, -2.75671482E-03) (  2.08092388E-05, -1.37835741E-03)
   0.00000000       1.00000000      -1.00000000     ( -9.01520252E-03,  1.15856528E-02) ( -5.83007932E-03, -6.27711415E-03) ( -5.83007932E-03, -6.27711415E-03)
   0.00000000       2.00000000      -1.00000000     (  1.91852450E-03,  3.56230885E-04) ( -8.05594027E-04, -6.72298484E-05) ( -1.61118805E-03, -1.34459697E-04)
   0.00000000      -2.00000000      -1.00000000     (  1.79279596E-04,  1.33179128E-03) ( -1.02911144E-03, -7.72997737E-04) (  2.05822289E-03,  1.54599547E-03)
   0.00000000      -1.00000000      -2.00000000     (  4.56348062E-03,  3.09199095E-03) ( -3.42726707E-03, -1.68569386E-03) (  1.71363354E-03,  8.42846930E-04)
   0.00000000      -1.00000000      -1.00000000     ( -7.17118382E-03,  3.46451998E-03) (  4.06056643E-03,  1.31782144E-03) ( -4.06056643E-03, -1.31782144E-03)
   1.00000000       0.00000000      -2.00000000     ( -1.48080289E-03, -1.04773790E-03) ( -2.29338184E-04,  4.93600965E-03) ( -7.40401447E-04, -5.23868948E-04)
   1.00000000       0.00000000      -1.00000000     (  1.08033419E-02, -5.92321157E-03) ( -3.85567546E-03,  3.20374966E-02) (  1.08033419E-02, -5.92321157E-03)
   1.00000000       1.00000000      -2.00000000     (  7.40401447E-04,  1.74157321E-03) ( -2.59838998E-03, -7.96280801E-04) ( -9.31322575E-04,  4.70317900E-04)
   1.00000000       1.00000000      -1.00000000     (  2.65426934E-03,  4.99188900E-03) ( -2.28174031E-04, -3.12924385E-03) (  2.43075192E-03,  1.86264515E-03)
   1.00000000       2.00000000      -1.00000000     (  1.82539225E-03,  1.74157321E-03) (  1.45519152E-04,  7.33416528E-05) (  2.11410224E-03,  1.89058483E-03)
   1.00000000      -2.00000000      -1.00000000     (  8.84756446E-04,  2.83122063E-03) (  1.75787136E-04,  8.94069672E-04) (  5.30853868E-04,  1.04308128E-03)
   1.00000000      -1.00000000      -2.00000000     ( -3.88827175E-04, -5.19677997E-03) ( -8.33533704E-04,  2.68220901E-03) (  2.22353265E-04, -3.93018126E-03)
   1.00000000      -1.00000000      -1.00000000     ( -2.47731805E-03,  6.19329512E-04) ( -2.49594450E-03, -4.67523932E-03) (  1.82626536E-05,  5.30853868E-03)
   2.00000000       0.00000000      -1.00000000     ( -1.30385160E-03, -5.00585884E-04) ( -4.67523932E-03,  5.21540642E-04) ( -2.60770321E-03, -1.00117177E-03)
   2.00000000       1.00000000      -1.00000000     (  1.99303031E-03,  1.97440386E-03) ( -3.11061740E-03, -2.84984708E-03) (  8.70786607E-04,  1.10827386E-03)
   2.00000000      -1.00000000      -1.00000000     ( -8.03265721E-05, -1.04308128E-03) (  4.77302819E-04, -2.30502337E-04) ( -6.37955964E-04, -1.86264515E-03)
