    0.000000        0.000000       -2.000000      (2.5983900E-03,3.1432137E-04)
   (3.3341348E-03,-2.9336661E-03)  (0.000000,0.000000)
    0.000000        0.000000       -1.000000      
 (2.2351742E-02,-1.2405217E-02)  (-1.4193356E-02,1.7732382E-02)  
 (0.000000,0.000000)
    0.000000        1.000000       -2.000000      
 (-7.7486038E-03,1.0058284E-03)  (-2.4214387E-03,2.8777868E-03)  
 (-1.2107193E-03,1.4388934E-03)
    0.000000        1.000000       -1.000000      (9.4622374E-03,3.9860606E-03)
   (-9.1269612E-04,6.0908496E-03)  (-9.1269612E-04,6.0908496E-03)
    0.000000        2.000000       -1.000000      
 (-5.8300793E-03,6.6682696E-03)  (-1.2014061E-03,1.9150320E-04)  
 (-2.4028122E-03,3.8300641E-04)
    0.000000       -2.000000       -1.000000      (2.4307519E-03,1.8067658E-03)
   (-9.1269612E-04,4.7730282E-04)  (1.8253922E-03,-9.5460564E-04)
    0.000000       -1.000000       -2.000000      
 (-5.0850213E-03,1.0011718E-03)  (-8.4750354E-04,2.3283064E-03)  
 (4.2375177E-04,-1.1641532E-03)
    0.000000       -1.000000       -1.000000      
 (6.3143671E-03,-8.3819032E-03)  (4.9173832E-03,4.2282045E-03)  
 (-4.9173832E-03,-4.2282045E-03)
    1.000000        0.000000       -2.000000      (4.5821071E-03,1.0570511E-03)
   (-3.7625432E-03,1.1129305E-03)  (2.2910535E-03,5.2852556E-04)
    1.000000        0.000000       -1.000000      
 (3.2689422E-03,-1.6391277E-03)  (4.7311187E-03,-7.6740980E-03)  
 (3.2689422E-03,-1.6391277E-03)
    1.000000        1.000000       -2.000000      
 (-2.6542693E-03,2.0861626E-03)  (-2.4959445E-03,-7.0780516E-03)  
 (-2.5797635E-03,-2.5052577E-03)
    1.000000        1.000000       -1.000000      
 (-5.0291419E-03,2.2072345E-03)  (2.2631139E-03,-1.3224781E-03)  
 (-2.7567148E-03,8.8009983E-04)
    1.000000        2.000000       -1.000000      
 (-3.6135316E-03,1.5599653E-03)  (1.5657861E-04,1.6577542E-03)  
 (-3.3061951E-03,4.8801303E-03)
    1.000000       -2.000000       -1.000000      
 (1.2153760E-03,-5.9371814E-04)  (-3.8999133E-05,-5.9138983E-04)  
 (1.2898818E-03,5.8906153E-04)
    1.000000       -1.000000       -2.000000      
 (2.0954758E-03,-1.0756776E-03)  (-3.5576522E-03,9.4529241E-04)  
 (2.8312206E-03,-1.0104850E-03)
    1.000000       -1.000000       -1.000000      
 (-5.7555735E-03,3.9860606E-03)  (-2.0954758E-03,-1.0826625E-04)  
 (-3.6507845E-03,4.0978193E-03)
    2.000000        0.000000       -1.000000      (2.2631139E-03,1.2619421E-03)
   (8.0093741E-03,4.0605664E-03)  (4.5262277E-03,2.5238842E-03)
    2.000000        1.000000       -1.000000      
 (-1.1920929E-03,-1.8812716E-03)  (9.1735274E-04,5.5646524E-04)  
 (-1.4668331E-03,-3.1944364E-03)
    2.000000       -1.000000       -1.000000      
 (-9.7788870E-04,1.3690442E-03)  (-5.7742000E-04,2.9616058E-03)  
 (-1.3783574E-03,-2.2235326E-04)
