   0.00000000       0.00000000      -2.00000000     (  0.00000000    ,  0.00000000    ) (  0.00000000    ,  0.00000000    ) (  0.00000000    ,  0.00000000    )
   0.00000000       0.00000000      -1.00000000     (  2.76416540E-02, -8.23289156E-03) (  2.54809856E-02,  3.40491533E-02) (  0.00000000    ,  0.00000000    )
   0.00000000       1.00000000      -2.00000000     (  0.00000000    ,  0.00000000    ) (  0.00000000    ,  0.00000000    ) (  0.00000000    ,  0.00000000    )
   0.00000000       1.00000000      -1.00000000     (  1.06543303E-02,  2.64495611E-02) (  1.20198820E-04, -1.67172402E-03) (  1.20198820E-04, -1.67172402E-03)
   0.00000000       2.00000000      -1.00000000     (  0.00000000    ,  0.00000000    ) (  0.00000000    ,  0.00000000    ) (  0.00000000    ,  0.00000000    )
   0.00000000      -2.00000000      -1.00000000     (  0.00000000    ,  0.00000000    ) (  0.00000000    ,  0.00000000    ) (  0.00000000    ,  0.00000000    )
   0.00000000      -1.00000000      -2.00000000     (  0.00000000    ,  0.00000000    ) (  0.00000000    ,  0.00000000    ) (  0.00000000    ,  0.00000000    )
   0.00000000      -1.00000000      -1.00000000     (  8.12113285E-03, -2.30967999E-03) ( -9.08039510E-04,  1.05611980E-02) (  9.08039510E-04, -1.05611980E-02)
   1.00000000       0.00000000      -2.00000000     (  0.00000000    ,  0.00000000    ) (  0.00000000    ,  0.00000000    ) (  0.00000000    ,  0.00000000    )
   1.00000000       0.00000000      -1.00000000     (  8.43778253E-03, -2.40281224E-03) ( -7.24568963E-03, -3.30619514E-03) (  8.43778253E-03, -2.40281224E-03)
   1.00000000       1.00000000      -2.00000000     (  0.00000000    ,  0.00000000    ) (  0.00000000    ,  0.00000000    ) (  0.00000000    ,  0.00000000    )
   1.00000000       1.00000000      -1.00000000     (  0.00000000    ,  0.00000000    ) (  0.00000000    ,  0.00000000    ) (  0.00000000    ,  0.00000000    )
   1.00000000       2.00000000      -1.00000000     (  0.00000000    ,  0.00000000    ) (  0.00000000    ,  0.00000000    ) (  0.00000000    ,  0.00000000    )
   1.00000000      -2.00000000      -1.00000000     (  0.00000000    ,  0.00000000    ) (  0.00000000    ,  0.00000000    ) (  0.00000000    ,  0.00000000    )
   1.00000000      -1.00000000      -2.00000000     (  0.00000000    ,  0.00000000    ) (  0.00000000    ,  0.00000000    ) (  0.00000000    ,  0.00000000    )
   1.00000000      -1.00000000      -1.00000000     (  0.00000000    ,  0.00000000    ) (  0.00000000    ,  0.00000000    ) (  0.00000000    ,  0.00000000    )
   2.00000000       0.00000000      -1.00000000     (  0.00000000    ,  0.00000000    ) (  0.00000000    ,  0.00000000    ) (  0.00000000    ,  0.00000000    )
   2.00000000       1.00000000      -1.00000000     (  0.00000000    ,  0.00000000    ) (  0.00000000    ,  0.00000000    ) (  0.00000000    ,  0.00000000    )
   2.00000000      -1.00000000      -1.00000000     (  0.00000000    ,  0.00000000    ) (  0.00000000    ,  0.00000000    ) (  0.00000000    ,  0.00000000    )
