   0.00000000       0.00000000       1.00000000     (  5.25265932E-03, -1.21444464E-02) (  3.31550837E-02, -2.69152224E-03) (  0.00000000    ,  0.00000000    )
   0.00000000       0.00000000       2.00000000     (  1.97440386E-03, -3.72529030E-04) ( -2.19792128E-03, -1.04308128E-03) (  0.00000000    ,  0.00000000    )
   0.00000000       1.00000000       0.00000000     (  3.04542482E-03, -3.95812094E-03) (  0.00000000    ,  0.00000000    ) (  1.59814954E-02,  2.11875886E-04)
   0.00000000       1.00000000       1.00000000     (  3.20374966E-03,  2.31899321E-03) (  3.79048288E-03, -1.19674951E-03) ( -3.79048288E-03,  1.19674951E-03)
   0.00000000       1.00000000       2.00000000     (  1.09896064E-03, -1.26659870E-03) ( -1.95577741E-04,  6.23986125E-04) (  9.77888703E-05, -3.11993062E-04)
   0.00000000       2.00000000       0.00000000     (  1.21071935E-03,  7.35744834E-04) (  0.00000000    ,  0.00000000    ) ( -3.37604433E-05,  5.86733222E-04)
   0.00000000       2.00000000       1.00000000     (  1.72294676E-04, -9.87201929E-04) ( -4.59840521E-05,  1.01281330E-04) (  9.19681042E-05, -2.02562660E-04)
   0.00000000      -2.00000000       0.00000000     (  1.21071935E-03, -7.35744834E-04) (  0.00000000    ,  0.00000000    ) ( -3.37604433E-05, -5.86733222E-04)
   0.00000000      -2.00000000       1.00000000     ( -7.26431608E-04,  7.91624188E-04) ( -5.68106771E-04, -3.81842256E-04) ( -1.13621354E-03, -7.63684511E-04)
   0.00000000      -1.00000000       0.00000000     (  3.04542482E-03,  3.95812094E-03) (  0.00000000    ,  0.00000000    ) (  1.59814954E-02, -2.11875886E-04)
   0.00000000      -1.00000000       1.00000000     ( -6.83590770E-03, -1.87754631E-02) ( -8.51228833E-03,  4.56348062E-03) ( -8.51228833E-03,  4.56348062E-03)
   0.00000000      -1.00000000       2.00000000     (  3.07336450E-04, -7.45058060E-04) (  8.84756446E-04,  7.56699592E-05) (  4.42378223E-04,  3.78349796E-05)
   1.00000000       0.00000000       0.00000000     (  0.00000000    ,  0.00000000    ) ( -3.00258398E-02,  1.62050128E-02) (  1.58697367E-02, -3.63215804E-03)
   1.00000000       0.00000000       1.00000000     ( -2.43075192E-03, -4.35393304E-04) ( -6.87316060E-03, -1.50129199E-02) (  2.43075192E-03,  4.35393304E-04)
   1.00000000       0.00000000       2.00000000     ( -1.21071935E-03, -8.66129994E-04) (  3.63215804E-04,  5.21540642E-04) (  6.05359674E-04,  4.33064997E-04)
   1.00000000       1.00000000       0.00000000     (  3.57627869E-03,  3.14787030E-03) ( -3.57627869E-03, -3.14787030E-03) (  2.01165676E-03,  1.06915832E-02)
   1.00000000       1.00000000       1.00000000     (  2.28174031E-04,  3.39932740E-04) ( -1.09896064E-03,  5.58793545E-04) (  8.66129994E-04, -9.03382897E-04)
   1.00000000       1.00000000       2.00000000     ( -1.43423676E-03,  1.76951289E-04) (  8.66129994E-04,  1.04308128E-03) (  2.84053385E-04, -6.14672899E-04)
   1.00000000       2.00000000       0.00000000     ( -9.77888703E-05,  1.11758709E-03) (  4.88944352E-05, -5.58793545E-04) ( -6.79865479E-04,  7.10133463E-05)
   1.00000000       2.00000000       1.00000000     (  5.49480319E-04,  6.23986125E-04) ( -3.35276127E-04, -2.02562660E-04) (  1.28056854E-04, -2.16532499E-04)
   1.00000000      -2.00000000       0.00000000     (  4.00468707E-04,  5.77419996E-04) (  2.00234354E-04,  2.88709998E-04) ( -6.70552254E-04, -5.40167093E-04)
   1.00000000      -2.00000000       1.00000000     ( -9.68575478E-04,  8.49831849E-05) ( -3.86498868E-04,  2.51457095E-04) (  1.93249434E-04,  4.23751771E-04)
   1.00000000      -1.00000000       0.00000000     (  2.37487257E-03, -2.03959644E-03) (  2.37487257E-03, -2.03959644E-03) ( -6.31436706E-03,  2.18302011E-02)
   1.00000000      -1.00000000       1.00000000     (  1.76951289E-03,  1.08033419E-03) ( -1.48429535E-05, -1.82539225E-03) ( -1.78813934E-03, -2.90572643E-03)
   1.00000000      -1.00000000       2.00000000     ( -1.22934580E-03, -2.18860805E-04) (  2.18860805E-04,  3.21306288E-04) (  7.26431608E-04,  2.70083547E-04)
   2.00000000       0.00000000       0.00000000     (  0.00000000    ,  0.00000000    ) ( -3.14321369E-05,  1.47148967E-03) ( -5.96046448E-04, -5.49480319E-04)
   2.00000000       0.00000000       1.00000000     ( -1.86264515E-04,  1.32713467E-04) ( -7.07805157E-04, -1.93249434E-04) (  3.72529030E-04, -2.65426934E-04)
   2.00000000       1.00000000       0.00000000     ( -4.54019755E-05, -6.75208867E-05) (  9.08039510E-05,  1.35041773E-04) (  2.70083547E-04,  3.30619514E-04)
   2.00000000       1.00000000       1.00000000     ( -1.10594556E-04, -2.41561793E-05) ( -5.58793545E-04,  5.02914190E-04) (  7.82310963E-04, -4.51691449E-04)
   2.00000000      -1.00000000       0.00000000     ( -6.23986125E-04, -4.84287739E-04) ( -1.24797225E-03, -9.68575478E-04) (  6.05359674E-04,  6.61239028E-04)
   2.00000000      -1.00000000       1.00000000     (  8.61473382E-05, -9.87201929E-04) ( -3.86498868E-04, -3.07336450E-04) ( -5.58793545E-04,  1.65775418E-03)
