   0.00000000       0.00000000      -2.00000000     (  8.34465027E-03,  2.70083547E-03) ( -1.23307109E-02,  5.94183803E-03) (  0.00000000    ,  0.00000000    )
   0.00000000       0.00000000      -1.00000000     ( -1.26237865E-05,  1.10641122E-02) (  2.14576721E-02, -4.74974513E-03) (  0.00000000    ,  0.00000000    )
   0.00000000       1.00000000      -2.00000000     ( -1.96509063E-03,  3.04542482E-03) (  8.94069672E-04, -2.99885869E-03) (  4.47034836E-04, -1.49942935E-03)
   0.00000000       1.00000000      -1.00000000     ( -7.82310963E-03,  1.13993883E-02) ( -5.62518835E-03, -5.88595867E-03) ( -5.62518835E-03, -5.88595867E-03)
   0.00000000       2.00000000      -1.00000000     (  1.97440386E-03, -5.26197255E-04) ( -7.00820237E-04, -2.01980583E-04) ( -1.40164047E-03, -4.03961167E-04)
   0.00000000      -2.00000000      -1.00000000     ( -5.16884029E-04,  3.66941094E-03) ( -1.63912773E-03, -1.32713467E-03) (  3.27825546E-03,  2.65426934E-03)
   0.00000000      -1.00000000      -2.00000000     (  5.88595867E-03,  4.63798642E-03) ( -3.31550837E-03, -2.21654773E-03) (  1.65775418E-03,  1.10827386E-03)
   0.00000000      -1.00000000      -1.00000000     ( -4.74974513E-03,  2.21654773E-03) (  4.07919288E-03,  1.26659870E-03) ( -4.07919288E-03, -1.26659870E-03)
   1.00000000       0.00000000      -2.00000000     ( -1.91852450E-03, -1.34576112E-03) (  1.86264515E-04,  6.38887286E-03) ( -9.59262252E-04, -6.72880560E-04)
   1.00000000       0.00000000      -1.00000000     (  9.79751348E-03, -5.69969416E-03) ( -3.85567546E-03,  2.87592411E-02) (  9.79751348E-03, -5.69969416E-03)
   1.00000000       1.00000000      -2.00000000     (  1.68569386E-03,  2.66358256E-03) ( -4.97326255E-03, -5.77419996E-04) ( -1.63912773E-03,  1.04308128E-03)
   1.00000000       1.00000000      -1.00000000     (  2.57976353E-03,  7.22706318E-03) ( -1.30385160E-03, -4.88013029E-03) (  1.27125531E-03,  2.36555934E-03)
   1.00000000       2.00000000      -1.00000000     (  2.60770321E-03,  1.35507435E-03) ( -1.82189979E-04,  7.94534571E-05) (  2.24448740E-03,  1.51339918E-03)
   1.00000000      -2.00000000      -1.00000000     (  7.00820237E-04,  2.08616257E-03) (  2.43016984E-05,  4.35393304E-04) (  6.49597496E-04,  1.21537596E-03)
   1.00000000      -1.00000000      -2.00000000     ( -1.19674951E-03, -5.51342964E-03) ( -9.82545316E-04,  3.76254320E-03) ( -1.07684173E-04, -4.63798642E-03)
   1.00000000      -1.00000000      -1.00000000     ( -2.14204192E-03,  5.07570803E-04) ( -2.29105353E-03, -4.76837158E-03) (  1.43772922E-04,  5.27128577E-03)
   2.00000000       0.00000000      -1.00000000     ( -1.72294676E-03, -1.96741894E-04) ( -4.07919288E-03, -1.60071068E-04) ( -3.44589353E-03, -3.93483788E-04)
   2.00000000       1.00000000      -1.00000000     (  1.67638063E-03,  1.40164047E-03) ( -3.94880772E-03, -3.00817192E-03) ( -5.96046448E-04, -2.11875886E-04)
   2.00000000      -1.00000000      -1.00000000     (  6.19329512E-04, -8.80099833E-04) (  1.57393515E-03,  5.28525561E-04) ( -3.37604433E-04, -2.29105353E-03)
