    0.000000        0.000000        1.000000      (2.1085143E-02,1.1697412E-02)
   (-1.1734664E-02,-1.6391277E-02)  (0.000000,0.000000)
    0.000000        0.000000        2.000000      
 (4.4330955E-03,-9.6159056E-04)  (5.0291419E-03,4.2747706E-03)  
 (0.000000,0.000000)
    0.000000        1.000000        0.000000      (2.4866313E-03,5.7369471E-03)
   (0.000000,0.000000)  (4.2840838E-03,-1.2945384E-03)
    0.000000        1.000000        1.000000      (5.2154064E-03,5.8300793E-03)
   (5.2712858E-03,-4.1723251E-03)  (-5.2712858E-03,4.1723251E-03)
    0.000000        1.000000        2.000000      
 (-7.1525574E-03,-1.7555431E-03)  (-2.4214387E-03,-2.5425106E-03)  
 (1.2107193E-03,1.2712553E-03)
    0.000000        2.000000        0.000000      
 (-4.1816384E-03,1.1292286E-03)  (0.000000,0.000000)  
 (7.0547685E-04,2.4307519E-03)
    0.000000        2.000000        1.000000      
 (5.5879354E-03,-2.4959445E-03)  (-8.5914508E-04,-1.0267831E-03)  
 (1.7182902E-03,2.0535663E-03)
    0.000000       -2.000000        0.000000      
 (-4.1816384E-03,-1.1292286E-03)  (0.000000,0.000000)  
 (7.0547685E-04,-2.4307519E-03)
    0.000000       -2.000000        1.000000      
 (-9.6112490E-03,-9.7975135E-03)  (-2.4028122E-03,2.8987415E-04)  
 (-4.8056245E-03,5.7974830E-04)
    0.000000       -1.000000        0.000000      
 (2.4866313E-03,-5.7369471E-03)  (0.000000,0.000000)  
 (4.2840838E-03,1.2945384E-03)
    0.000000       -1.000000        1.000000      
 (7.7113509E-03,-4.3585896E-03)  (-1.2479722E-03,-5.3271651E-03)  
 (-1.2479722E-03,-5.3271651E-03)
    0.000000       -1.000000        2.000000      
 (-1.1324883E-02,-3.6205165E-04)  (-2.9988587E-03,-2.3283064E-03)  
 (-1.4994293E-03,-1.1641532E-03)
    1.000000        0.000000        0.000000      (0.000000,0.000000)  
 (-2.7269125E-02,5.7742000E-03)  (1.5944242E-02,1.8551946E-02)
    1.000000        0.000000        1.000000      
 (-3.3341348E-03,-2.4773180E-03)  (-1.6465783E-02,1.3485551E-02)  
 (3.3341348E-03,2.4773180E-03)
    1.000000        0.000000        2.000000      (1.5250407E-04,1.9697472E-03)
   (3.8370490E-03,7.3947012E-03)  (-7.6252036E-05,-9.8487362E-04)
    1.000000        1.000000        0.000000      
 (2.3748726E-03,-1.3876706E-03)  (-2.3748726E-03,1.3876706E-03)  
 (-8.8009983E-04,3.1758100E-03)
    1.000000        1.000000        1.000000      (2.1420419E-03,4.0978193E-03)
   (-3.4365803E-03,-3.7439167E-03)  (1.2991950E-03,-3.5623088E-04)
    1.000000        1.000000        2.000000      
 (-3.7532300E-03,2.0908192E-03)  (3.8649887E-04,-3.2968819E-03)  
 (1.6810372E-03,6.0303137E-04)
    1.000000        2.000000        0.000000      (3.7252903E-03,2.0721927E-03)
   (-1.8626451E-03,-1.0360964E-03)  (2.6728958E-03,6.3516200E-03)
    1.000000        2.000000        1.000000      (2.0070001E-03,2.3329630E-03)
   (-2.1606684E-03,9.9884346E-04)  (2.3143366E-03,-4.3306500E-03)
    1.000000       -2.000000        0.000000      (1.5832484E-03,5.3271651E-03)
   (7.9162419E-04,2.6635826E-03)  (-4.0512532E-03,-5.4948032E-04)
    1.000000       -2.000000        1.000000      
 (-3.3434480E-03,-1.8021092E-03)  (-1.4202669E-03,-1.4062971E-03)  
 (5.0407834E-04,-1.0104850E-03)
    1.000000       -1.000000        0.000000      
 (-1.1466909E-04,2.2235326E-04)  (-1.1466909E-04,2.2235326E-04)  
 (-6.3702464E-03,2.9336661E-03)
    1.000000       -1.000000        1.000000      
 (1.0393560E-02,-4.6659261E-03)  (2.7380884E-03,-2.3189932E-03)  
 (-7.6554716E-03,2.3515895E-03)
    1.000000       -1.000000        2.000000      
 (-4.6938658E-03,-1.8905848E-03)  (-7.3574483E-03,-4.1816384E-03)  
 (-1.3364479E-03,-1.1455268E-03)
    2.000000        0.000000        0.000000      (0.000000,0.000000)  
 (8.9965761E-03,-1.5692785E-03)  (-5.6228600E-04,-7.1944669E-04)
    2.000000        0.000000        1.000000      
 (-1.4901161E-03,4.9173832E-03)  (2.4680048E-03,6.6310167E-03)  
 (2.9802322E-03,-9.8347664E-03)
    2.000000        1.000000        0.000000      
 (-1.7322600E-03,-3.0640513E-03)  (3.4645200E-03,6.1281025E-03)  
 (-7.0407987E-03,6.4261258E-03)
    2.000000        1.000000        1.000000      (2.4493784E-03,2.9150397E-03)
   (-2.3050234E-03,-1.0654330E-02)  (-2.5890768E-03,4.8056245E-03)
    2.000000       -1.000000        0.000000      
 (-4.1816384E-03,-2.4773180E-03)  (-8.3632767E-03,-4.9546361E-03)  
 (-2.9336661E-04,3.4272671E-03)
    2.000000       -1.000000        1.000000      
 (-3.1199306E-03,2.1466985E-03)  (-1.7974526E-03,7.1525574E-03)  
 (4.4517219E-03,2.8498471E-03)
