    0.000000        0.000000        1.000000      (2.3320317E-02,1.3001263E-02)
   (-1.5720725E-02,-1.8849969E-02)  (0.000000,0.000000)
    0.000000        0.000000        2.000000      
 (1.6484410E-03,-3.1577656E-05)  (2.2444874E-03,2.0209700E-03)  
 (0.000000,0.000000)
    0.000000        1.000000        0.000000      (4.2282045E-03,2.7194619E-03)
   (0.000000,0.000000)  (5.6065619E-03,-2.5844201E-04)
    0.000000        1.000000        1.000000      (7.0780516E-03,1.0021031E-02)
   (4.7311187E-03,-4.3772161E-03)  (-4.7311187E-03,4.3772161E-03)
    0.000000        1.000000        2.000000      
 (-3.5762787E-03,-6.1932951E-04)  (-2.2351742E-04,-1.7695129E-03)  
 (1.1175871E-04,8.8475645E-04)
    0.000000        2.000000        0.000000      
 (-1.8253922E-03,1.1362135E-03)  (0.000000,0.000000)  
 (1.2014061E-03,1.4156103E-03)
    0.000000        2.000000        1.000000      
 (1.2107193E-03,-1.2945384E-03)  (-7.7299774E-04,-2.5262125E-04)  
 (1.5459955E-03,5.0524250E-04)
    0.000000       -2.000000        0.000000      
 (-1.8253922E-03,-1.1362135E-03)  (0.000000,0.000000)  
 (1.2014061E-03,-1.4156103E-03)
    0.000000       -2.000000        1.000000      
 (-3.6694109E-03,-4.4889748E-03)  (-6.2864274E-04,-2.6426278E-04)  
 (-1.2572855E-03,-5.2852556E-04)
    0.000000       -1.000000        0.000000      
 (4.2282045E-03,-2.7194619E-03)  (0.000000,0.000000)  
 (5.6065619E-03,2.5844201E-04)
    0.000000       -1.000000        1.000000      
 (1.0691583E-02,-3.9488077E-03)  (-7.1479008E-04,-6.5565109E-03)  
 (-7.1479008E-04,-6.5565109E-03)
    0.000000       -1.000000        2.000000      
 (-5.2899122E-03,-8.8475645E-04)  (-1.7695129E-03,-2.4028122E-03)  
 (-8.8475645E-04,-1.2014061E-03)
    1.000000        0.000000        0.000000      (0.000000,0.000000)  
 (-3.1739473E-02,7.4878335E-03)  (1.6614795E-02,2.1830201E-02)
    1.000000        0.000000        1.000000      
 (-4.7683716E-03,-1.8486753E-03)  (-1.5273690E-02,1.4007092E-02)  
 (4.7683716E-03,1.8486753E-03)
    1.000000        0.000000        2.000000      (1.2805685E-05,1.1920929E-03)
   (1.8719584E-03,2.7753413E-03)  (-6.4028427E-06,-5.9604645E-04)
    1.000000        1.000000        0.000000      
 (1.2665987E-03,-1.1269003E-03)  (-1.2665987E-03,1.1269003E-03)  
 (3.3993274E-04,4.7311187E-03)
    1.000000        1.000000        1.000000      (1.2200326E-03,2.2910535E-03)
   (-1.8160790E-03,-2.5518239E-03)  (5.9604645E-04,2.6542693E-04)
    1.000000        1.000000        2.000000      
 (-1.7788261E-03,1.3876706E-03)  (4.6566129E-04,-7.6834112E-04)  
 (6.5658242E-04,-3.1199306E-04)
    1.000000        2.000000        0.000000      (2.4028122E-03,1.2014061E-03)
   (-1.2014061E-03,-6.0070306E-04)  (6.3795596E-04,2.4586916E-03)
    1.000000        2.000000        1.000000      (8.8475645E-04,1.1827797E-03)
   (-1.1548400E-03,3.4691766E-04)  (1.4342368E-03,-1.8719584E-03)
    1.000000       -2.000000        0.000000      (1.0710210E-03,1.3504177E-03)
   (5.3551048E-04,6.7520887E-04)  (-1.6670674E-03,-1.4551915E-05)
    1.000000       -2.000000        1.000000      
 (-1.8812716E-03,-1.2107193E-03)  (-1.0244548E-03,-1.0570511E-03)  
 (-1.6298145E-04,-9.0338290E-04)
    1.000000       -1.000000        0.000000      
 (1.5879050E-03,-5.9604645E-04)  (1.5879050E-03,-5.9604645E-04)  
 (-8.1583858E-03,1.9650906E-03)
    1.000000       -1.000000        1.000000      
 (4.5448542E-03,-3.8556755E-03)  (9.9651515E-04,-2.1792948E-03)  
 (-3.5576522E-03,1.6670674E-03)
    1.000000       -1.000000        2.000000      
 (-2.7194619E-03,-1.3969839E-03)  (-3.3341348E-03,-2.1141022E-03)  
 (-3.0267984E-04,-3.5623088E-04)
    2.000000        0.000000        0.000000      (0.000000,0.000000)  
 (3.6135316E-03,2.8958311E-05)  (-7.1711838E-04,-1.0104850E-03)
    2.000000        0.000000        1.000000      
 (-4.0745363E-04,2.3283064E-03)  (1.0337681E-03,3.1664968E-03)  
 (8.1490725E-04,-4.6566129E-03)
    2.000000        1.000000        0.000000      
 (-7.4971467E-04,-1.6391277E-03)  (1.4994293E-03,3.2782555E-03)  
 (-3.5390258E-03,4.1723251E-03)
    2.000000        1.000000        1.000000      (1.1920929E-03,1.1455268E-03)
   (-6.2398612E-04,-4.7683716E-03)  (-1.7695129E-03,2.4586916E-03)
    2.000000       -1.000000        0.000000      
 (-2.6077032E-03,-8.8941306E-04)  (-5.2154064E-03,-1.7788261E-03)  
 (-1.1082739E-03,1.8347055E-03)
    2.000000       -1.000000        1.000000      
 (-1.1734664E-03,6.1467290E-04)  (-1.5133992E-04,3.0547380E-03)  
 (2.1886081E-03,1.8253922E-03)
