   0.00000000       0.00000000      -2.00000000     (  2.42143869E-04,  2.60770321E-04) ( -2.79396772E-04, -3.72529030E-05) (  0.00000000    ,  0.00000000    )
   0.00000000       0.00000000      -1.00000000     (  1.61305070E-02,  4.54485416E-03) (  3.93390656E-02,  1.72853470E-02) (  0.00000000    ,  0.00000000    )
   0.00000000       1.00000000      -2.00000000     (  1.86264515E-04,  9.31322575E-06) (  7.56699592E-06,  9.31322575E-05) (  3.78349796E-06,  4.65661287E-05)
   0.00000000       1.00000000      -1.00000000     ( -4.53554094E-03,  3.06218863E-02) ( -7.80448318E-03, -2.23517418E-03) ( -7.80448318E-03, -2.23517418E-03)
   0.00000000       2.00000000      -1.00000000     ( -9.31322575E-05,  5.58793545E-05) ( -1.97906047E-05,  1.30385160E-04) ( -3.95812094E-05,  2.60770321E-04)
   0.00000000      -2.00000000      -1.00000000     (  3.35276127E-04,  8.84756446E-05) ( -1.02445483E-04,  2.09547579E-05) (  2.04890966E-04, -4.19095159E-05)
   0.00000000      -1.00000000      -2.00000000     ( -3.95812094E-05,  1.21071935E-04) ( -1.02445483E-04, -5.58793545E-05) (  5.12227416E-05,  2.79396772E-05)
   0.00000000      -1.00000000      -1.00000000     (  8.90344381E-03, -1.04308128E-02) ( -1.09197572E-03,  2.03028321E-03) (  1.09197572E-03, -2.03028321E-03)
   1.00000000       0.00000000      -2.00000000     ( -1.49011612E-04, -6.98491931E-05) ( -5.12227416E-05,  2.42143869E-04) ( -7.45058060E-05, -3.49245965E-05)
   1.00000000       0.00000000      -1.00000000     (  9.70438123E-03, -5.40167093E-03) ( -9.98377800E-03,  6.35161996E-03) (  9.70438123E-03, -5.40167093E-03)
   1.00000000       1.00000000      -2.00000000     ( -6.05359674E-05,  1.74622983E-05) (  6.98491931E-05, -2.42143869E-04) (  5.82076609E-06, -1.11758709E-04)
   1.00000000       1.00000000      -1.00000000     ( -3.53902578E-04,  3.72529030E-04) (  2.42143869E-04, -1.11758709E-04) ( -1.02445483E-04,  2.79396772E-04)
   1.00000000       2.00000000      -1.00000000     (  5.12227416E-05, -1.86264515E-04) ( -5.12227416E-05,  4.42378223E-05) ( -5.12227416E-05, -9.31322575E-05)
   1.00000000      -2.00000000      -1.00000000     (  1.49011612E-04,  3.49245965E-05) (  1.39698386E-04,  5.58793545E-05) ( -1.30385160E-04, -8.38190317E-05)
   1.00000000      -1.00000000      -2.00000000     (  1.11758709E-04, -1.39698386E-04) (  7.91624188E-05, -6.98491931E-05) (  1.74622983E-05, -3.49245965E-05)
   1.00000000      -1.00000000      -1.00000000     (  8.14907253E-06,  2.23517418E-04) ( -1.39698386E-04,  1.58324838E-04) (  1.49011612E-04,  5.58793545E-05)
   2.00000000       0.00000000      -1.00000000     ( -9.31322575E-05, -3.72529030E-05) (  1.49011612E-04, -1.39698386E-04) ( -1.86264515E-04, -7.45058060E-05)
   2.00000000       1.00000000      -1.00000000     (  1.02445483E-04,  4.19095159E-05) ( -1.30385160E-04,  1.86264515E-04) (  7.45058060E-05,  2.79396772E-04)
   2.00000000      -1.00000000      -1.00000000     (  7.45058060E-05,  2.79396772E-05) (  1.11758709E-04, -8.38190317E-05) (  3.72529030E-05,  1.39698386E-04)
