   0.00000000       0.00000000      -2.00000000     (  2.34693289E-03,  3.52039933E-03) ( -2.29105353E-03, -8.36735126E-06) (  0.00000000    ,  0.00000000    )
   0.00000000       0.00000000      -1.00000000     (  2.65985727E-02, -1.11386180E-02) (  1.28522515E-02,  3.16649675E-02) (  0.00000000    ,  0.00000000    )
   0.00000000       1.00000000      -2.00000000     (  3.32947820E-04,  1.75088644E-03) (  6.00703061E-04,  1.71363354E-03) (  3.00351530E-04,  8.56816769E-04)
   0.00000000       1.00000000      -1.00000000     (  1.58697367E-02,  1.91479921E-02) (  5.42495400E-04,  1.25262886E-03) (  5.42495400E-04,  1.25262886E-03)
   0.00000000       2.00000000      -1.00000000     ( -6.81728125E-03, -1.84401870E-03) ( -1.24797225E-03, -9.63918865E-04) ( -2.49594450E-03, -1.92783773E-03)
   0.00000000      -2.00000000      -1.00000000     (  1.35041773E-03, -3.42726707E-03) ( -1.38767064E-03,  7.96280801E-04) (  2.77534127E-03, -1.59256160E-03)
   0.00000000      -1.00000000      -2.00000000     ( -3.96743417E-03, -1.23865902E-03) ( -1.38767064E-03, -9.72067937E-05) (  6.93835318E-04,  4.86033969E-05)
   0.00000000      -1.00000000      -1.00000000     (  5.49480319E-03,  4.75905836E-03) (  3.06405127E-03,  1.03563070E-02) ( -3.06405127E-03, -1.03563070E-02)
   1.00000000       0.00000000      -2.00000000     ( -1.17346644E-03,  3.07336450E-03) ( -2.68220901E-03,  4.09781933E-03) ( -5.86733222E-04,  1.53668225E-03)
   1.00000000       0.00000000      -1.00000000     (  4.81493771E-03,  6.43194653E-05) (  1.14087015E-03, -2.56113708E-03) (  4.81493771E-03,  6.43194653E-05)
   1.00000000       1.00000000      -2.00000000     ( -3.24100256E-03,  8.05594027E-04) (  2.84984708E-03, -3.20374966E-03) ( -1.93249434E-04, -1.20140612E-03)
   1.00000000       1.00000000      -1.00000000     ( -3.96743417E-03, -1.49942935E-03) (  3.44589353E-03,  6.37955964E-04) ( -5.14555722E-04, -8.61473382E-04)
   1.00000000       2.00000000      -1.00000000     ( -8.75443220E-04,  1.09896064E-03) ( -3.70200723E-04,  1.37835741E-03) ( -1.62050128E-03,  3.85567546E-03)
   1.00000000      -2.00000000      -1.00000000     (  7.50878826E-05, -5.91389835E-04) (  1.10827386E-03,  1.79279596E-04) ( -2.15135515E-03, -9.49949026E-04)
   1.00000000      -1.00000000      -2.00000000     ( -9.96515155E-04, -2.15135515E-03) ( -3.74857336E-04, -1.61118805E-03) ( -3.09664756E-04, -2.70083547E-04)
   1.00000000      -1.00000000      -1.00000000     ( -1.13621354E-03,  4.02797014E-04) ( -2.55182385E-03,  4.51691449E-04) (  1.40629709E-03, -4.94765118E-05)
   2.00000000       0.00000000      -1.00000000     ( -1.08033419E-03, -6.47269189E-04) ( -3.12924385E-03,  5.44823706E-04) ( -2.16066837E-03, -1.29453838E-03)
   2.00000000       1.00000000      -1.00000000     ( -2.27009878E-04,  2.21189111E-04) (  7.91624188E-04, -1.11758709E-03) (  3.35276127E-04, -6.75208867E-04)
   2.00000000      -1.00000000      -1.00000000     ( -6.92671165E-05, -6.89178705E-04) (  3.86498868E-04, -3.12924385E-03) ( -5.23868948E-04,  1.75088644E-03)
