   0.00000000       0.00000000       1.00000000     (  2.36183405E-02,  1.09896064E-02) (  5.49480319E-03, -2.63750553E-02) (  0.00000000    ,  0.00000000    )
   0.00000000       0.00000000       2.00000000     (  6.14672899E-03, -5.45755029E-03) ( -1.61584467E-03,  1.31782144E-03) (  0.00000000    ,  0.00000000    )
   0.00000000       1.00000000       0.00000000     ( -5.71832061E-03,  9.72300768E-03) (  0.00000000    ,  0.00000000    ) (  1.80676579E-03, -2.52039172E-04)
   0.00000000       1.00000000       1.00000000     (  3.40864062E-03, -5.02914190E-03) (  5.04776835E-03, -8.41915607E-03) ( -5.04776835E-03,  8.41915607E-03)
   0.00000000       1.00000000       2.00000000     ( -7.33882189E-03,  3.17813829E-04) ( -4.88013029E-03,  2.81725079E-04) (  2.44006515E-03, -1.40862539E-04)
   0.00000000       2.00000000       0.00000000     ( -3.39001417E-03, -6.12810254E-03) (  0.00000000    ,  0.00000000    ) ( -6.40749931E-03,  3.63215804E-04)
   0.00000000       2.00000000       1.00000000     (  2.93366611E-03,  4.97326255E-03) ( -2.50525773E-03, -2.04425305E-03) (  5.01051545E-03,  4.08850610E-03)
   0.00000000      -2.00000000       0.00000000     ( -3.39001417E-03,  6.12810254E-03) (  0.00000000    ,  0.00000000    ) ( -6.40749931E-03, -3.63215804E-04)
   0.00000000      -2.00000000       1.00000000     ( -1.05053186E-02,  1.35507435E-03) ( -1.54133886E-03,  1.57393515E-03) ( -3.08267772E-03,  3.14787030E-03)
   0.00000000      -1.00000000       0.00000000     ( -5.71832061E-03, -9.72300768E-03) (  0.00000000    ,  0.00000000    ) (  1.80676579E-03,  2.52039172E-04)
   0.00000000      -1.00000000       1.00000000     (  1.34482980E-02, -1.54599547E-02) ( -1.05705112E-03, -1.97906047E-03) ( -1.05705112E-03, -1.97906047E-03)
   0.00000000      -1.00000000       2.00000000     ( -2.27591954E-04, -3.22237611E-03) (  7.47386366E-04, -1.02154445E-04) (  3.73693183E-04, -5.10772225E-05)
   1.00000000       0.00000000       0.00000000     (  0.00000000    ,  0.00000000    ) ( -1.69128180E-02,  6.14672899E-03) (  2.62260437E-02,  2.16811895E-02)
   1.00000000       0.00000000       1.00000000     (  3.53902578E-03, -3.07336450E-03) ( -2.68220901E-02,  1.50874257E-02) ( -3.53902578E-03,  3.07336450E-03)
   1.00000000       0.00000000       2.00000000     (  1.21071935E-03,  3.25962901E-03) (  7.80448318E-03,  3.64147127E-03) ( -6.05359674E-04, -1.62981451E-03)
   1.00000000       1.00000000       0.00000000     (  5.42029738E-03,  3.13855708E-03) ( -5.42029738E-03, -3.13855708E-03) ( -8.10250640E-03,  4.78699803E-03)
   1.00000000       1.00000000       1.00000000     ( -3.96743417E-03, -5.20376489E-04) (  2.61701643E-03,  1.48429535E-04) (  1.35041773E-03,  3.71364877E-04)
   1.00000000       1.00000000       2.00000000     ( -1.46217644E-03, -2.94297934E-03) ( -5.64381480E-03, -1.43423676E-03) (  3.55765224E-03,  2.18860805E-03)
   1.00000000       2.00000000       0.00000000     ( -1.90455467E-03,  6.55651093E-03) (  9.52277333E-04, -3.27825546E-03) ( -1.56462193E-03,  6.94766641E-03)
   1.00000000       2.00000000       1.00000000     (  7.02217221E-03,  2.64495611E-03) ( -3.97674739E-03, -2.91503966E-03) (  9.24337655E-04,  3.19443643E-03)
   1.00000000      -2.00000000       0.00000000     (  4.06289473E-04, -3.44589353E-03) (  2.03144737E-04, -1.72294676E-03) ( -9.42964107E-04,  3.09199095E-03)
   1.00000000      -2.00000000       1.00000000     ( -1.67638063E-03,  1.16415322E-03) ( -1.96509063E-03,  2.05822289E-03) ( -2.25380063E-03,  2.95229256E-03)
   1.00000000      -1.00000000       0.00000000     ( -6.18398190E-03, -8.23289156E-03) ( -6.18398190E-03, -8.23289156E-03) ( -5.19677997E-03,  5.49480319E-03)
   1.00000000      -1.00000000       1.00000000     (  4.24683094E-03,  7.37607479E-03) ( -1.18277967E-03,  5.19677997E-03) ( -5.43892384E-03, -2.17929482E-03)
   1.00000000      -1.00000000       2.00000000     (  4.17232513E-03,  5.56930900E-03) (  7.09667802E-03,  3.99537385E-03) (  1.46683306E-03, -7.86967576E-04)
   2.00000000       0.00000000       0.00000000     (  0.00000000    ,  0.00000000    ) (  1.01327896E-02, -4.20026481E-03) ( -5.27128577E-03,  1.91386789E-03)
   2.00000000       0.00000000       1.00000000     ( -3.18512321E-03, -2.50525773E-03) (  2.09081918E-03,  9.57399607E-03) (  6.37024641E-03,  5.01051545E-03)
   2.00000000       1.00000000       0.00000000     ( -2.77534127E-03,  7.28759915E-04) (  5.55068254E-03, -1.45751983E-03) ( -2.20607035E-04, -9.49949026E-03)
   2.00000000       1.00000000       1.00000000     (  1.12690032E-03,  3.74391675E-03) ( -3.61353159E-03, -6.53788447E-03) (  1.36438757E-03, -9.56933945E-04)
   2.00000000      -1.00000000       0.00000000     (  1.92783773E-03,  1.15949661E-03) (  3.85567546E-03,  2.31899321E-03) ( -9.98261385E-05,  1.60653144E-03)
   2.00000000      -1.00000000       1.00000000     ( -3.23168933E-03,  9.52277333E-04) ( -2.21654773E-03, -1.74622983E-03) (  4.24683094E-03, -3.65078449E-03)
