    0.000000        0.000000       -2.000000      (5.9604645E-03,1.3969839E-03)
   (5.9604645E-03,-4.8987567E-03)  (0.000000,0.000000)
    0.000000        0.000000       -1.000000      
 (2.0787120E-02,-1.1473894E-02)  (-9.9465251E-03,1.6093254E-02)  
 (0.000000,0.000000)
    0.000000        1.000000       -2.000000      
 (-1.3224781E-02,-8.6147338E-04)  (-2.9522926E-03,6.6356733E-04)  
 (-1.4761463E-03,3.3178367E-04)
    0.000000        1.000000       -1.000000      (6.7427754E-03,5.0291419E-03)
   (-1.5599653E-03,4.7869980E-03)  (-1.5599653E-03,4.7869980E-03)
    0.000000        2.000000       -1.000000      
 (-1.1958182E-02,1.1287630E-02)  (-3.3341348E-03,-8.2422048E-04)  
 (-6.6682696E-03,-1.6484410E-03)
    0.000000       -2.000000       -1.000000      (8.5681677E-03,2.8684735E-03)
   (-5.9371814E-04,1.5646219E-03)  (1.1874363E-03,-3.1292439E-03)
    0.000000       -1.000000       -2.000000      
 (-8.1025064E-03,2.2863969E-03)  (-3.9208680E-03,2.0675361E-03)  
 (1.9604340E-03,-1.0337681E-03)
    0.000000       -1.000000       -1.000000      
 (4.5821071E-03,-4.0046871E-03)  (5.6438148E-03,4.3213367E-03)  
 (-5.6438148E-03,-4.3213367E-03)
    1.000000        0.000000       -2.000000      (8.3632767E-03,2.4074689E-03)
   (-4.4424087E-03,3.5390258E-03)  (4.1816384E-03,1.2037344E-03)
    1.000000        0.000000       -1.000000      
 (3.6135316E-03,-9.4063580E-04)  (6.6682696E-03,-4.9918890E-03)  
 (3.6135316E-03,-9.4063580E-04)
    1.000000        1.000000       -2.000000      
 (-3.5669655E-03,6.1816536E-04)  (-3.4738332E-03,-1.2964010E-02)  
 (-3.5203993E-03,-6.1839819E-03)
    1.000000        1.000000       -1.000000      
 (-8.0466270E-03,4.5052730E-04)  (2.1606684E-03,-1.6903505E-03)  
 (-5.8859587E-03,-1.2409873E-03)
    1.000000        2.000000       -1.000000      
 (-8.1211329E-03,7.5902790E-04)  (1.1501834E-03,2.7660280E-03)  
 (-5.8300793E-03,6.2957406E-03)
    1.000000       -2.000000       -1.000000      
 (1.1315569E-03,-3.1199306E-03)  (-4.0861778E-04,-1.0267831E-03)  
 (1.9511208E-03,-1.0710210E-03)
    1.000000       -1.000000       -2.000000      
 (4.5262277E-03,-3.2188836E-04)  (-4.3772161E-03,1.3061799E-03)  
 (4.4517219E-03,-8.1490725E-04)
    1.000000       -1.000000       -1.000000      
 (-1.0021031E-02,4.8894435E-03)  (-5.5506825E-03,2.9976945E-04)  
 (-4.4703484E-03,4.5914203E-03)
    2.000000        0.000000       -1.000000      (2.5378540E-03,3.6973506E-03)
   (9.1828406E-03,7.3015690E-03)  (5.0757080E-03,7.3947012E-03)
    2.000000        1.000000       -1.000000      
 (-1.3783574E-03,-2.2631139E-03)  (3.3993274E-03,-3.5949051E-03)  
 (6.3679181E-04,-8.1211329E-03)
    2.000000       -1.000000       -1.000000      
 (-1.4016405E-03,2.6961789E-03)  (1.8335413E-04,6.0722232E-03)  
 (-2.9895455E-03,-6.8102963E-04)
