   0.00000000       0.00000000       1.00000000     (  1.77533366E-04, -1.09523535E-02) (  2.16811895E-02,  4.33996320E-03) (  0.00000000    ,  0.00000000    )
   0.00000000       0.00000000       2.00000000     (  8.45640898E-03, -2.55182385E-03) ( -1.24424696E-02, -6.20260835E-03) (  0.00000000    ,  0.00000000    )
   0.00000000       1.00000000       0.00000000     (  5.75557351E-03, -1.73225999E-03) (  0.00000000    ,  0.00000000    ) (  1.40815973E-02, -4.54485416E-03)
   0.00000000       1.00000000       1.00000000     ( -4.19095159E-03, -1.92783773E-03) (  4.07919288E-03, -1.26194209E-03) ( -4.07919288E-03,  1.26194209E-03)
   0.00000000       1.00000000       2.00000000     (  6.07222319E-03, -4.95463610E-03) ( -3.15718353E-03,  2.37487257E-03) (  1.57859176E-03, -1.18743628E-03)
   0.00000000       2.00000000       0.00000000     ( -8.80099833E-04,  7.41332769E-03) (  0.00000000    ,  0.00000000    ) ( -1.14087015E-03,  1.43423676E-03)
   0.00000000       2.00000000       1.00000000     ( -7.17118382E-04, -4.20957804E-03) ( -1.71363354E-03,  1.47614628E-03) (  3.42726707E-03, -2.95229256E-03)
   0.00000000      -2.00000000       0.00000000     ( -8.80099833E-04, -7.41332769E-03) (  0.00000000    ,  0.00000000    ) ( -1.14087015E-03, -1.43423676E-03)
   0.00000000      -2.00000000       1.00000000     (  1.76951289E-03,  7.89295882E-04) ( -7.12461770E-04,  2.30502337E-04) ( -1.42492354E-03,  4.61004674E-04)
   0.00000000      -1.00000000       0.00000000     (  5.75557351E-03,  1.73225999E-03) (  0.00000000    ,  0.00000000    ) (  1.40815973E-02,  4.54485416E-03)
   0.00000000      -1.00000000       1.00000000     ( -7.63684511E-03, -1.14366412E-02) ( -5.68106771E-03,  5.79282641E-03) ( -5.68106771E-03,  5.79282641E-03)
   0.00000000      -1.00000000       2.00000000     ( -1.95577741E-03, -3.22237611E-03) (  1.14552677E-03,  2.90572643E-03) (  5.72763383E-04,  1.45286322E-03)
   1.00000000       0.00000000       0.00000000     (  0.00000000    ,  0.00000000    ) ( -2.48849392E-02,  7.22706318E-03) (  1.51246786E-02, -4.48897481E-03)
   1.00000000       0.00000000       1.00000000     ( -1.52271241E-03, -1.98371708E-03) (  1.54133886E-03, -7.67409801E-03) (  1.52271241E-03,  1.98371708E-03)
   1.00000000       0.00000000       2.00000000     ( -4.20957804E-03, -1.63912773E-03) ( -1.01048499E-03,  2.97091901E-03) (  2.10478902E-03,  8.19563866E-04)
   1.00000000       1.00000000       0.00000000     (  1.12224370E-03,  6.03031367E-04) ( -1.12224370E-03, -6.03031367E-04) (  6.35161996E-03,  1.27404928E-02)
   1.00000000       1.00000000       1.00000000     ( -3.94880772E-03, -8.14907253E-04) (  1.62515789E-03,  4.32133675E-03) (  2.31899321E-03, -3.50177288E-03)
   1.00000000       1.00000000       2.00000000     ( -1.84401870E-03,  1.19209290E-03) (  2.92435288E-03,  1.46683306E-03) ( -5.37838787E-04, -1.33179128E-03)
   1.00000000       2.00000000       0.00000000     ( -1.83936208E-04,  1.08033419E-03) (  9.19681042E-05, -5.40167093E-04) ( -2.26311386E-03, -8.26548785E-04)
   1.00000000       2.00000000       1.00000000     (  3.17580998E-03,  4.21423465E-04) ( -1.19209290E-03, -2.68919393E-04) ( -7.84639269E-04,  1.16415322E-04)
   1.00000000      -2.00000000       0.00000000     ( -5.49480319E-04,  2.75904313E-04) ( -2.74740160E-04,  1.37952156E-04) ( -2.11410224E-03,  3.61353159E-03)
   1.00000000      -2.00000000       1.00000000     ( -7.56699592E-04, -2.22353265E-04) (  1.00582838E-03, -2.49128789E-04) (  2.76602805E-03, -2.75904313E-04)
   1.00000000      -1.00000000       0.00000000     (  5.32716513E-03,  1.41561031E-03) (  5.32716513E-03,  1.41561031E-03) ( -3.11061740E-03,  5.36441803E-03)
   1.00000000      -1.00000000       1.00000000     (  2.77941581E-05,  4.15369868E-03) ( -8.80099833E-04, -4.47034836E-03) ( -9.08039510E-04, -8.60542059E-03)
   1.00000000      -1.00000000       2.00000000     ( -5.34579158E-03, -1.54133886E-03) (  1.92783773E-03,  1.29453838E-03) (  3.63215804E-03,  1.41561031E-03)
   2.00000000       0.00000000       0.00000000     (  0.00000000    ,  0.00000000    ) ( -2.61701643E-03,  3.85567546E-03) (  7.05476850E-04, -2.98954546E-03)
   2.00000000       0.00000000       1.00000000     ( -1.21071935E-03,  1.19209290E-03) ( -2.35624611E-03, -3.98606062E-03) (  2.42143869E-03, -2.38418579E-03)
   2.00000000       1.00000000       0.00000000     ( -1.09896064E-03, -1.45286322E-03) (  2.19792128E-03,  2.90572643E-03) (  2.78232619E-04,  3.81842256E-03)
   2.00000000       1.00000000       1.00000000     ( -7.86967576E-04,  4.14438546E-04) ( -2.23517418E-04,  1.18743628E-03) (  1.79745257E-03, -2.01165676E-03)
   2.00000000      -1.00000000       0.00000000     ( -2.85916030E-03, -1.27125531E-03) ( -5.71832061E-03, -2.54251063E-03) (  1.42958015E-03,  6.10947609E-03)
   2.00000000      -1.00000000       1.00000000     (  2.30967999E-03, -1.01514161E-03) ( -1.41561031E-03,  6.86850399E-04) ( -6.03497028E-03,  2.71014869E-03)
