   0.00000000       0.00000000       1.00000000     (  1.94413587E-04, -1.09151006E-02) (  2.16066837E-02,  4.28408384E-03) (  0.00000000    ,  0.00000000    )
   0.00000000       0.00000000       2.00000000     (  8.45640898E-03, -2.53319740E-03) ( -1.24424696E-02, -6.22123480E-03) (  0.00000000    ,  0.00000000    )
   0.00000000       1.00000000       0.00000000     (  5.69969416E-03, -1.75088644E-03) (  0.00000000    ,  0.00000000    ) (  1.40070915E-02, -4.48897481E-03)
   0.00000000       1.00000000       1.00000000     ( -4.13507223E-03, -1.89058483E-03) (  4.06056643E-03, -1.25728548E-03) ( -4.06056643E-03,  1.25728548E-03)
   0.00000000       1.00000000       2.00000000     (  6.07222319E-03, -4.97326255E-03) ( -3.12924385E-03,  2.38418579E-03) (  1.56462193E-03, -1.19209290E-03)
   0.00000000       2.00000000       0.00000000     ( -8.47503543E-04,  7.41332769E-03) (  0.00000000    ,  0.00000000    ) ( -1.14552677E-03,  1.47148967E-03)
   0.00000000       2.00000000       1.00000000     ( -7.35744834E-04, -4.26545739E-03) ( -1.71363354E-03,  1.48545951E-03) (  3.42726707E-03, -2.97091901E-03)
   0.00000000      -2.00000000       0.00000000     ( -8.47503543E-04, -7.41332769E-03) (  0.00000000    ,  0.00000000    ) ( -1.14552677E-03, -1.47148967E-03)
   0.00000000      -2.00000000       1.00000000     (  1.74157321E-03,  8.12578946E-04) ( -7.14790076E-04,  2.31666490E-04) ( -1.42958015E-03,  4.63332981E-04)
   0.00000000      -1.00000000       0.00000000     (  5.69969416E-03,  1.75088644E-03) (  0.00000000    ,  0.00000000    ) (  1.40070915E-02,  4.48897481E-03)
   0.00000000      -1.00000000       1.00000000     ( -7.56233931E-03, -1.13993883E-02) ( -5.66244125E-03,  5.75557351E-03) ( -5.66244125E-03,  5.75557351E-03)
   0.00000000      -1.00000000       2.00000000     ( -1.94646418E-03, -3.23168933E-03) (  1.16880983E-03,  2.88709998E-03) (  5.84404916E-04,  1.44354999E-03)
   1.00000000       0.00000000       0.00000000     (  0.00000000    ,  0.00000000    ) ( -2.47359276E-02,  7.22706318E-03) (  1.50501728E-02, -4.47034836E-03)
   1.00000000       0.00000000       1.00000000     ( -1.51339918E-03, -1.96509063E-03) (  1.49011612E-03, -7.67409801E-03) (  1.51339918E-03,  1.96509063E-03)
   1.00000000       0.00000000       2.00000000     ( -4.20957804E-03, -1.64378434E-03) ( -9.96515155E-04,  2.95229256E-03) (  2.10478902E-03,  8.21892172E-04)
   1.00000000       1.00000000       0.00000000     (  1.13155693E-03,  6.14672899E-04) ( -1.13155693E-03, -6.14672899E-04) (  6.31436706E-03,  1.26659870E-02)
   1.00000000       1.00000000       1.00000000     ( -3.91155481E-03, -8.10250640E-04) (  1.59721822E-03,  4.32133675E-03) (  2.30967999E-03, -3.52039933E-03)
   1.00000000       1.00000000       2.00000000     ( -1.88127160E-03,  1.18743628E-03) (  2.92435288E-03,  1.47614628E-03) ( -5.23868948E-04, -1.33179128E-03)
   1.00000000       2.00000000       0.00000000     ( -1.68220140E-04,  1.10827386E-03) (  8.41100700E-05, -5.54136932E-04) ( -2.29105353E-03, -7.96280801E-04)
   1.00000000       2.00000000       1.00000000     (  3.17580998E-03,  4.35393304E-04) ( -1.19209290E-03, -2.72411853E-04) ( -7.91624188E-04,  1.07684173E-04)
   1.00000000      -2.00000000       0.00000000     ( -5.21540642E-04,  2.86381692E-04) ( -2.60770321E-04,  1.43190846E-04) ( -2.13272870E-03,  3.59490514E-03)
   1.00000000      -2.00000000       1.00000000     ( -7.75326043E-04, -2.03726813E-04) (  9.96515155E-04, -2.32830644E-04) (  2.76602805E-03, -2.61934474E-04)
   1.00000000      -1.00000000       0.00000000     (  5.27128577E-03,  1.38767064E-03) (  5.27128577E-03,  1.38767064E-03) ( -3.11061740E-03,  5.42029738E-03)
   1.00000000      -1.00000000       1.00000000     (  7.21774995E-05,  4.15369868E-03) ( -8.70786607E-04, -4.48897481E-03) ( -9.45292413E-04, -8.64267349E-03)
   1.00000000      -1.00000000       2.00000000     ( -5.36441803E-03, -1.54599547E-03) (  1.92783773E-03,  1.27125531E-03) (  3.65078449E-03,  1.40629709E-03)
   2.00000000       0.00000000       0.00000000     (  0.00000000    ,  0.00000000    ) ( -2.60770321E-03,  3.87430191E-03) (  6.77537173E-04, -2.98023224E-03)
   2.00000000       0.00000000       1.00000000     ( -1.20606273E-03,  1.18743628E-03) ( -2.37487257E-03, -3.96743417E-03) (  2.41212547E-03, -2.37487257E-03)
   2.00000000       1.00000000       0.00000000     ( -1.08964741E-03, -1.44820660E-03) (  2.17929482E-03,  2.89641321E-03) (  2.93366611E-04,  3.79979610E-03)
   2.00000000       1.00000000       1.00000000     ( -7.82310963E-04,  4.10946086E-04) ( -2.37487257E-04,  1.18743628E-03) (  1.80676579E-03, -2.01165676E-03)
   2.00000000      -1.00000000       0.00000000     ( -2.86847353E-03, -1.27591193E-03) ( -5.73694706E-03, -2.55182385E-03) (  1.44354999E-03,  6.10947609E-03)
   2.00000000      -1.00000000       1.00000000     (  2.30036676E-03, -1.03376806E-03) ( -1.41561031E-03,  6.79865479E-04) ( -6.01634383E-03,  2.74740160E-03)
