   0.00000000       0.00000000       1.00000000     (  2.77161598E-02,  8.90344381E-03) (  2.34693289E-02, -3.41981649E-02) (  0.00000000    ,  0.00000000    )
   0.00000000       0.00000000       2.00000000     (  2.65426934E-04, -1.21071935E-03) ( -9.31322575E-04, -3.35276127E-04) (  0.00000000    ,  0.00000000    )
   0.00000000       1.00000000       0.00000000     ( -1.75833702E-02,  2.36090273E-03) (  0.00000000    ,  0.00000000    ) (  3.39932740E-03,  1.09337270E-02)
   0.00000000       1.00000000       1.00000000     (  7.93486834E-03,  8.28877091E-04) ( -3.10828909E-04, -1.08405948E-02) (  3.10828909E-04,  1.08405948E-02)
   0.00000000       1.00000000       2.00000000     ( -1.17346644E-03,  3.53902578E-04) ( -2.65426934E-04,  1.62981451E-04) (  1.32713467E-04, -8.14907253E-05)
   0.00000000       2.00000000       0.00000000     ( -4.74974513E-04,  2.32830644E-04) (  0.00000000    ,  0.00000000    ) ( -7.45058060E-04,  8.75443220E-04)
   0.00000000       2.00000000       1.00000000     (  4.74974513E-04,  8.19563866E-04) ( -3.81842256E-04, -4.65661287E-05) (  7.63684511E-04,  9.31322575E-05)
   0.00000000      -2.00000000       0.00000000     ( -4.74974513E-04, -2.32830644E-04) (  0.00000000    ,  0.00000000    ) ( -7.45058060E-04, -8.75443220E-04)
   0.00000000      -2.00000000       1.00000000     ( -2.04890966E-03,  3.91155481E-04) ( -4.28408384E-04,  3.07336450E-04) ( -8.56816769E-04,  6.14672899E-04)
   0.00000000      -1.00000000       0.00000000     ( -1.75833702E-02, -2.36090273E-03) (  0.00000000    ,  0.00000000    ) (  3.39932740E-03, -1.09337270E-02)
   0.00000000      -1.00000000       1.00000000     (  1.21816993E-02, -2.51084566E-02) (  5.48316166E-04,  1.14785507E-03) (  5.48316166E-04,  1.14785507E-03)
   0.00000000      -1.00000000       2.00000000     ( -1.53668225E-04, -3.16649675E-04) (  2.37487257E-04, -5.77419996E-04) (  1.18743628E-04, -2.88709998E-04)
   1.00000000       0.00000000       0.00000000     (  0.00000000    ,  0.00000000    ) ( -1.31130219E-02,  1.21816993E-02) (  3.45706940E-02,  2.78651714E-02)
   1.00000000       0.00000000       1.00000000     (  4.91738319E-03, -3.15718353E-03) ( -3.61353159E-02,  9.66712832E-03) ( -4.91738319E-03,  3.15718353E-03)
   1.00000000       0.00000000       2.00000000     (  3.11993062E-04,  6.33299351E-04) (  1.37835741E-03,  7.82310963E-04) ( -1.55996531E-04, -3.16649675E-04)
   1.00000000       1.00000000       0.00000000     (  6.27711415E-03,  7.09667802E-03) ( -6.27711415E-03, -7.09667802E-03) ( -1.02445483E-02,  1.06915832E-02)
   1.00000000       1.00000000       1.00000000     (  1.00117177E-04, -7.45058060E-04) ( -4.56348062E-04,  9.77888703E-05) (  3.63215804E-04,  6.33299351E-04)
   1.00000000       1.00000000       2.00000000     ( -1.62981451E-04, -1.62981451E-04) ( -3.53902578E-04,  1.14087015E-04) (  2.56113708E-04,  2.38651410E-05)
   1.00000000       2.00000000       0.00000000     ( -5.21540642E-04,  8.75443220E-04) (  2.60770321E-04, -4.37721610E-04) (  4.84287739E-04, -3.63215804E-04)
   1.00000000       2.00000000       1.00000000     (  1.11758709E-03, -2.56113708E-05) ( -9.68575478E-04, -2.56113708E-04) (  8.19563866E-04,  5.40167093E-04)
   1.00000000      -2.00000000       0.00000000     ( -6.98491931E-05, -6.70552254E-04) ( -3.49245965E-05, -3.35276127E-04) ( -6.23986125E-04, -9.31322575E-05)
   1.00000000      -2.00000000       1.00000000     ( -1.39698386E-04,  9.68575478E-04) ( -1.86264515E-04,  7.82310963E-04) ( -2.28174031E-04,  6.14672899E-04)
   1.00000000      -1.00000000       0.00000000     ( -3.28756869E-03, -1.65402889E-02) ( -3.28756869E-03, -1.65402889E-02) ( -1.19209290E-02,  1.38953328E-02)
   1.00000000      -1.00000000       1.00000000     (  4.56348062E-04,  1.86264515E-04) ( -6.33299351E-04, -9.68575478E-04) ( -1.09896064E-03, -1.15483999E-03)
   1.00000000      -1.00000000       2.00000000     ( -2.42143869E-04,  6.70552254E-04) ( -2.15368345E-05,  3.07336450E-04) (  1.09430403E-04, -1.86264515E-04)
   2.00000000       0.00000000       0.00000000     (  0.00000000    ,  0.00000000    ) (  1.15483999E-03,  4.28408384E-04) ( -7.07805157E-04,  2.18860805E-04)
   2.00000000       0.00000000       1.00000000     (  2.37487257E-04, -4.84287739E-04) (  1.25728548E-04,  6.23986125E-04) ( -4.74974513E-04,  9.68575478E-04)
   2.00000000       1.00000000       0.00000000     ( -4.93600965E-04,  1.28056854E-04) (  9.87201929E-04, -2.56113708E-04) ( -4.72937245E-06, -6.89178705E-04)
   2.00000000       1.00000000       1.00000000     ( -1.39698386E-04,  2.00234354E-04) (  4.74974513E-04, -9.12696123E-04) ( -1.90921128E-04,  5.21540642E-04)
   2.00000000      -1.00000000       0.00000000     ( -7.10133463E-05,  4.93600965E-04) ( -1.42026693E-04,  9.87201929E-04) ( -9.31322575E-05,  5.40167093E-04)
   2.00000000      -1.00000000       1.00000000     ( -6.51925802E-04,  1.74622983E-05) ( -8.00937414E-04,  3.60887498E-05) (  5.12227416E-04,  1.30967237E-06)
