   0.00000000       0.00000000      -2.00000000     (  6.74277544E-03,  3.58559191E-03) (  2.41212547E-03, -1.54133886E-03) (  0.00000000    ,  0.00000000    )
   0.00000000       0.00000000      -1.00000000     (  2.33203173E-02, -1.19581819E-02) ( -7.93952495E-04,  2.25752592E-02) (  0.00000000    ,  0.00000000    )
   0.00000000       1.00000000      -2.00000000     ( -4.73111868E-03, -5.51808625E-04) (  3.09664756E-04, -4.00468707E-03) (  1.54832378E-04, -2.00234354E-03)
   0.00000000       1.00000000      -1.00000000     (  9.68575478E-03,  1.24797225E-02) ( -2.67289579E-03,  2.81259418E-03) ( -2.67289579E-03,  2.81259418E-03)
   0.00000000       2.00000000      -1.00000000     ( -9.20146704E-03,  3.88361514E-03) ( -2.00700015E-03, -8.98726285E-04) ( -4.01400030E-03, -1.79745257E-03)
   0.00000000      -2.00000000      -1.00000000     (  6.53788447E-03, -2.99187377E-04) ( -1.01514161E-03,  2.40281224E-03) (  2.03028321E-03, -4.80562449E-03)
   0.00000000      -1.00000000      -2.00000000     ( -7.17118382E-03,  1.08964741E-03) ( -7.15255737E-03, -4.67989594E-04) (  3.57627869E-03,  2.33994797E-04)
   0.00000000      -1.00000000      -1.00000000     (  3.39001417E-03,  3.16649675E-03) (  7.13393092E-03,  7.02217221E-03) ( -7.13393092E-03, -7.02217221E-03)
   1.00000000       0.00000000      -2.00000000     (  3.38070095E-03,  4.56348062E-03) ( -2.95229256E-03,  7.63684511E-03) (  1.69035047E-03,  2.28174031E-03)
   1.00000000       0.00000000      -1.00000000     (  3.82773578E-03,  3.50410119E-04) (  9.12696123E-03, -1.12224370E-03) (  3.82773578E-03,  3.50410119E-04)
   1.00000000       1.00000000      -2.00000000     ( -3.71597707E-03, -3.49245965E-03) (  4.04193997E-03, -8.38190317E-03) (  1.61235221E-04, -5.94183803E-03)
   1.00000000       1.00000000      -1.00000000     ( -7.46920705E-03, -4.74974513E-03) (  4.69386578E-03, -2.60188244E-04) ( -2.77534127E-03, -5.01051545E-03)
   1.00000000       2.00000000      -1.00000000     ( -6.42612576E-03, -3.04542482E-03) (  1.02212653E-03,  1.31316483E-03) ( -4.38652933E-03, -4.09781933E-04)
   1.00000000      -2.00000000      -1.00000000     (  4.28408384E-04, -4.08850610E-03) ( -2.10129656E-04, -3.38070095E-03) (  8.49831849E-04,  2.67289579E-03)
   1.00000000      -1.00000000      -2.00000000     (  1.78348273E-03,  1.67172402E-03) ( -2.91038305E-04,  1.14552677E-03) (  1.03842467E-03,  2.63098627E-04)
   1.00000000      -1.00000000      -1.00000000     ( -5.28991222E-03,  1.25262886E-03) ( -7.02217221E-03,  9.61590558E-04) (  1.72294676E-03,  2.92202458E-04)
   2.00000000       0.00000000      -1.00000000     ( -1.71363354E-03,  2.20257789E-03) ( -6.16535544E-03,  4.45172191E-03) ( -3.42726707E-03,  4.40515578E-03)
   2.00000000       1.00000000      -1.00000000     (  8.91741365E-04,  1.50874257E-03) (  2.41212547E-03, -5.40167093E-03) (  4.20026481E-03, -2.38418579E-03)
   2.00000000      -1.00000000      -1.00000000     ( -2.01544026E-05, -1.50408596E-03) (  2.00234354E-03,  1.72876753E-04) ( -2.04425305E-03, -3.17580998E-03)
