   0.00000000       0.00000000       1.00000000     (  4.86033969E-05, -1.10268593E-02) (  2.15321779E-02,  4.61935997E-03) (  0.00000000    ,  0.00000000    )
   0.00000000       0.00000000       2.00000000     (  8.38190317E-03, -2.64495611E-03) ( -1.23307109E-02, -6.01634383E-03) (  0.00000000    ,  0.00000000    )
   0.00000000       1.00000000       0.00000000     (  5.88595867E-03, -1.54599547E-03) (  0.00000000    ,  0.00000000    ) (  1.40815973E-02, -4.74974513E-03)
   0.00000000       1.00000000       1.00000000     ( -4.56348062E-03, -2.11410224E-03) (  4.06056643E-03, -1.26194209E-03) ( -4.06056643E-03,  1.26194209E-03)
   0.00000000       1.00000000       2.00000000     (  5.92321157E-03, -4.73111868E-03) ( -3.25031579E-03,  2.26311386E-03) (  1.62515789E-03, -1.13155693E-03)
   0.00000000       2.00000000       0.00000000     ( -1.05239451E-03,  7.18981028E-03) (  0.00000000    ,  0.00000000    ) ( -1.07102096E-03,  1.13155693E-03)
   0.00000000       2.00000000       1.00000000     ( -5.79748303E-04, -3.83704901E-03) ( -1.66706741E-03,  1.36904418E-03) (  3.33413482E-03, -2.73808837E-03)
   0.00000000      -2.00000000       0.00000000     ( -1.05239451E-03, -7.18981028E-03) (  0.00000000    ,  0.00000000    ) ( -1.07102096E-03, -1.13155693E-03)
   0.00000000      -2.00000000       1.00000000     (  1.90921128E-03,  6.10016286E-04) ( -6.98491931E-04,  2.11875886E-04) ( -1.39698386E-03,  4.23751771E-04)
   0.00000000      -1.00000000       0.00000000     (  5.88595867E-03,  1.54599547E-03) (  0.00000000    ,  0.00000000    ) (  1.40815973E-02,  4.74974513E-03)
   0.00000000      -1.00000000       1.00000000     ( -7.74860382E-03, -1.13993883E-02) ( -5.62518835E-03,  5.84870577E-03) ( -5.62518835E-03,  5.84870577E-03)
   0.00000000      -1.00000000       2.00000000     ( -1.95577741E-03, -3.09199095E-03) (  9.68575478E-04,  2.96160579E-03) (  4.84287739E-04,  1.48080289E-03)
   1.00000000       0.00000000       0.00000000     (  0.00000000    ,  0.00000000    ) ( -2.50339508E-02,  7.00354576E-03) (  1.53481960E-02, -4.54485416E-03)
   1.00000000       0.00000000       1.00000000     ( -1.52271241E-03, -2.03959644E-03) (  1.86264515E-03, -7.45058060E-03) (  1.52271241E-03,  2.03959644E-03)
   1.00000000       0.00000000       2.00000000     ( -4.09781933E-03, -1.58790499E-03) ( -1.05705112E-03,  3.05473804E-03) (  2.04890966E-03,  7.93952495E-04)
   1.00000000       1.00000000       0.00000000     (  1.00582838E-03,  5.07570803E-04) ( -1.00582838E-03, -5.07570803E-04) (  6.44475222E-03,  1.29640102E-02)
   1.00000000       1.00000000       1.00000000     ( -4.09781933E-03, -8.28877091E-04) (  1.77882612E-03,  4.22820449E-03) (  2.30967999E-03, -3.39001417E-03)
   1.00000000       1.00000000       2.00000000     ( -1.58324838E-03,  1.18743628E-03) (  2.82190740E-03,  1.39232725E-03) ( -6.21657819E-04, -1.28988177E-03)
   1.00000000       2.00000000       0.00000000     ( -2.92202458E-04,  8.52160156E-04) (  1.46101229E-04, -4.26080078E-04) ( -2.03959644E-03, -1.01979822E-03)
   1.00000000       2.00000000       1.00000000     (  3.04542482E-03,  3.11993062E-04) ( -1.15949661E-03, -2.43308023E-04) ( -7.24103302E-04,  1.74040906E-04)
   1.00000000      -2.00000000       0.00000000     ( -7.40401447E-04,  1.89756975E-04) ( -3.70200723E-04,  9.48784873E-05) ( -1.96509063E-03,  3.59490514E-03)
   1.00000000      -2.00000000       1.00000000     ( -6.14672899E-04, -3.48081812E-04) (  1.05705112E-03, -3.52738425E-04) (  2.72877514E-03, -3.58559191E-04)
   1.00000000      -1.00000000       0.00000000     (  5.55068254E-03,  1.53668225E-03) (  5.55068254E-03,  1.53668225E-03) ( -3.01748514E-03,  4.78699803E-03)
   1.00000000      -1.00000000       1.00000000     ( -2.86381692E-04,  4.04193997E-03) ( -9.26665962E-04, -4.26545739E-03) ( -6.40284270E-04, -8.30739737E-03)
   1.00000000      -1.00000000       2.00000000     ( -5.10364771E-03, -1.48545951E-03) (  1.89989805E-03,  1.41095370E-03) (  3.50177288E-03,  1.44820660E-03)
   2.00000000       0.00000000       0.00000000     (  0.00000000    ,  0.00000000    ) ( -2.62632966E-03,  3.68803740E-03) (  8.89413059E-04, -2.98023224E-03)
   2.00000000       0.00000000       1.00000000     ( -1.21537596E-03,  1.18743628E-03) ( -2.15135515E-03, -4.02331352E-03) (  2.43075192E-03, -2.37487257E-03)
   2.00000000       1.00000000       0.00000000     ( -1.12224370E-03, -1.44820660E-03) (  2.24448740E-03,  2.89641321E-03) (  1.64727680E-04,  3.85567546E-03)
   2.00000000       1.00000000       1.00000000     ( -8.05594027E-04,  4.30736691E-04) ( -1.23982318E-04,  1.15018338E-03) (  1.73225999E-03, -2.01165676E-03)
   2.00000000      -1.00000000       0.00000000     ( -2.76602805E-03, -1.22934580E-03) ( -5.53205609E-03, -2.45869160E-03) (  1.31316483E-03,  5.88595867E-03)
   2.00000000      -1.00000000       1.00000000     (  2.30967999E-03, -8.28877091E-04) ( -1.36438757E-03,  7.35744834E-04) ( -5.99771738E-03,  2.39349902E-03)
