   0.00000000       0.00000000       1.00000000     (  2.74926424E-02,  7.28294253E-03) (  2.84612179E-02, -3.37511301E-02) (  0.00000000    ,  0.00000000    )
   0.00000000       0.00000000       2.00000000     ( -2.07219273E-04,  1.80676579E-03) (  1.43423676E-03,  6.51925802E-04) (  0.00000000    ,  0.00000000    )
   0.00000000       1.00000000       0.00000000     ( -1.95950270E-02,  7.52042979E-04) (  0.00000000    ,  0.00000000    ) (  3.88361514E-03,  1.42306089E-02)
   0.00000000       1.00000000       1.00000000     (  8.34465027E-03,  4.42378223E-03) ( -1.68103725E-03, -1.00024045E-02) (  1.68103725E-03,  1.00024045E-02)
   0.00000000       1.00000000       2.00000000     (  1.62050128E-03, -2.32830644E-04) (  4.93600965E-04, -3.67872417E-04) ( -2.46800482E-04,  1.83936208E-04)
   0.00000000       2.00000000       0.00000000     (  1.74622983E-04, -8.66129994E-04) (  0.00000000    ,  0.00000000    ) (  1.24797225E-03, -1.73225999E-03)
   0.00000000       2.00000000       1.00000000     ( -7.26431608E-04, -8.19563866E-04) (  6.05359674E-04, -1.21071935E-04) ( -1.21071935E-03,  2.42143869E-04)
   0.00000000      -2.00000000       0.00000000     (  1.74622983E-04,  8.66129994E-04) (  0.00000000    ,  0.00000000    ) (  1.24797225E-03,  1.73225999E-03)
   0.00000000      -2.00000000       1.00000000     (  2.71946192E-03, -4.28408384E-04) (  5.40167093E-04, -3.72529030E-04) (  1.08033419E-03, -7.45058060E-04)
   0.00000000      -1.00000000       0.00000000     ( -1.95950270E-02, -7.52042979E-04) (  0.00000000    ,  0.00000000    ) (  3.88361514E-03, -1.42306089E-02)
   0.00000000      -1.00000000       1.00000000     (  8.43778253E-03, -2.86847353E-02) ( -6.75208867E-04,  2.40746886E-03) ( -6.75208867E-04,  2.40746886E-03)
   0.00000000      -1.00000000       2.00000000     (  2.60770321E-04,  3.86498868E-04) ( -1.39698386E-04,  7.35744834E-04) ( -6.98491931E-05,  3.67872417E-04)
   1.00000000       0.00000000       0.00000000     (  0.00000000    ,  0.00000000    ) ( -1.34855509E-02,  1.43423676E-02) (  3.53902578E-02,  2.65985727E-02)
   1.00000000       0.00000000       1.00000000     (  3.93018126E-03, -3.78116965E-03) ( -3.68058681E-02,  5.69969416E-03) ( -3.93018126E-03,  3.78116965E-03)
   1.00000000       0.00000000       2.00000000     ( -3.39932740E-04, -1.00582838E-03) ( -1.65775418E-03, -1.13621354E-03) (  1.69966370E-04,  5.02914190E-04)
   1.00000000       1.00000000       0.00000000     (  5.37373126E-03,  6.38887286E-03) ( -5.37373126E-03, -6.38887286E-03) ( -1.05798244E-02,  1.19581819E-02)
   1.00000000       1.00000000       1.00000000     ( -5.68106771E-04,  1.11758709E-03) (  1.08033419E-03, -9.08039510E-05) ( -5.21540642E-04, -1.02445483E-03)
   1.00000000       1.00000000       2.00000000     (  4.93600965E-04,  1.72294676E-04) (  1.69966370E-04, -1.04773790E-04) ( -3.30619514E-04, -3.37604433E-05)
   1.00000000       2.00000000       0.00000000     (  7.17118382E-04, -9.49949026E-04) ( -3.58559191E-04,  4.74974513E-04) ( -1.08033419E-03,  4.61004674E-04)
   1.00000000       2.00000000       1.00000000     ( -1.71363354E-03, -6.28642738E-05) (  1.32247806E-03,  3.63215804E-04) ( -9.49949026E-04, -6.61239028E-04)
   1.00000000      -2.00000000       0.00000000     (  2.70083547E-04,  1.00582838E-03) (  1.35041773E-04,  5.02914190E-04) (  9.68575478E-04,  6.05359674E-04)
   1.00000000      -2.00000000       1.00000000     (  3.30619514E-04, -1.28522515E-03) (  2.37487257E-04, -9.87201929E-04) (  1.46683306E-04, -6.89178705E-04)
   1.00000000      -1.00000000       0.00000000     ( -2.34227628E-03, -1.61305070E-02) ( -2.34227628E-03, -1.61305070E-02) ( -1.35973096E-02,  1.75088644E-02)
   1.00000000      -1.00000000       1.00000000     ( -8.94069672E-04, -2.30502337E-04) (  8.56816769E-04,  1.88127160E-03) (  1.75088644E-03,  2.12341547E-03)
   1.00000000      -1.00000000       2.00000000     (  9.49949026E-04, -1.30385160E-03) (  2.74740160E-04, -3.77185643E-04) ( -3.39932740E-04,  4.61004674E-04)
   2.00000000       0.00000000       0.00000000     (  0.00000000    ,  0.00000000    ) ( -1.69500709E-03, -1.13621354E-03) (  9.31322575E-04, -8.28877091E-04)
   2.00000000       0.00000000       1.00000000     ( -4.93600965E-04,  8.10250640E-04) ( -1.93249434E-04, -8.66129994E-04) (  9.87201929E-04, -1.62050128E-03)
   2.00000000       1.00000000       0.00000000     (  5.96046448E-04, -3.63215804E-04) ( -1.19209290E-03,  7.26431608E-04) (  2.14204192E-04,  1.90921128E-04)
   2.00000000       1.00000000       1.00000000     (  9.31322575E-05, -2.32830644E-04) ( -7.45058060E-04,  1.58324838E-03) (  5.58793545E-04, -1.11758709E-03)
   2.00000000      -1.00000000       0.00000000     (  2.42143869E-04, -7.82310963E-04) (  4.84287739E-04, -1.56462193E-03) (  2.65426934E-04, -7.72997737E-04)
   2.00000000      -1.00000000       1.00000000     (  9.12696123E-04, -5.38420863E-06) (  1.41561031E-03, -1.39698386E-04) ( -4.00468707E-04, -1.28056854E-04)
