    0.000000        0.000000       -2.000000      (5.6438148E-03,1.3178214E-03)
   (5.8114529E-03,-4.8149377E-03)  (0.000000,0.000000)
    0.000000        0.000000       -1.000000      
 (2.0861626E-02,-1.1548400E-02)  (-1.0393560E-02,1.6167760E-02)  
 (0.000000,0.000000)
    0.000000        1.000000       -2.000000      
 (-1.2926757E-02,-5.5762939E-04)  (-2.9988587E-03,1.1082739E-03)  
 (-1.4994293E-03,5.5413693E-04)
    0.000000        1.000000       -1.000000      (6.9662929E-03,4.8615038E-03)
   (-1.4901161E-03,4.9173832E-03)  (-1.4901161E-03,4.9173832E-03)
    0.000000        2.000000       -1.000000      
 (-1.1548400E-02,1.1064112E-02)  (-3.1478703E-03,-7.1246177E-04)  
 (-6.2957406E-03,-1.4249235E-03)
    0.000000       -2.000000       -1.000000      (7.9348683E-03,2.7939677E-03)
   (-6.6589564E-04,1.4435500E-03)  (1.3317913E-03,-2.8871000E-03)
    0.000000       -1.000000       -2.000000      
 (-7.9534948E-03,2.1886081E-03)  (-3.5762787E-03,2.2165477E-03)  
 (1.7881393E-03,-1.1082739E-03)
    0.000000       -1.000000       -1.000000      
 (4.7311187E-03,-4.4144690E-03)  (5.5693090E-03,4.3027103E-03)  
 (-5.5693090E-03,-4.3027103E-03)
    1.000000        0.000000       -2.000000      (8.1211329E-03,2.2957101E-03)
   (-4.5821071E-03,3.2130629E-03)  (4.0605664E-03,1.1478551E-03)
    1.000000        0.000000       -1.000000      
 (3.5949051E-03,-1.0104850E-03)  (6.4820051E-03,-5.2526593E-03)  
 (3.5949051E-03,-1.0104850E-03)
    1.000000        1.000000       -2.000000      
 (-3.5669655E-03,8.8708475E-04)  (-3.5669655E-03,-1.2628734E-02)  
 (-3.5669655E-03,-5.8673322E-03)
    1.000000        1.000000       -1.000000      
 (-7.8789890E-03,8.3819032E-04)  (2.1792948E-03,-1.7415732E-03)  
 (-5.6996942E-03,-9.0338290E-04)
    1.000000        2.000000       -1.000000      
 (-7.7486038E-03,1.0081567E-03)  (1.0104850E-03,2.7008355E-03)  
 (-5.7369471E-03,6.4074993E-03)
    1.000000       -2.000000       -1.000000      
 (1.2945384E-03,-2.7287751E-03)  (-3.2654498E-04,-8.8009983E-04)  
 (1.9464642E-03,-9.6857548E-04)
    1.000000       -1.000000       -2.000000      
 (4.3399632E-03,-5.2154064E-04)  (-4.3585896E-03,1.2316741E-03)  
 (4.3492764E-03,-8.7777153E-04)
    1.000000       -1.000000       -1.000000      
 (-9.7975135E-03,4.9639493E-03)  (-5.2154064E-03,2.6309863E-04)  
 (-4.5821071E-03,4.7031790E-03)
    2.000000        0.000000       -1.000000      (2.6542693E-03,3.4645200E-03)
   (9.4994903E-03,7.0966780E-03)  (5.3085387E-03,6.9290400E-03)
    2.000000        1.000000       -1.000000      
 (-1.4388934E-03,-2.3283064E-03)  (3.1571835E-03,-3.1013042E-03)  
 (2.7823262E-04,-7.7486038E-03)
    2.000000       -1.000000       -1.000000      
 (-1.3317913E-03,2.6682392E-03)  (1.4377292E-04,5.8673322E-03)  
 (-2.8032809E-03,-5.3201802E-04)
