   0.00000000       0.00000000       1.00000000     (  2.31713057E-02,  1.16229057E-02) (  6.93835318E-04, -2.33948231E-02) (  0.00000000    ,  0.00000000    )
   0.00000000       0.00000000       2.00000000     (  6.64964318E-03, -4.21889126E-03) (  1.45286322E-03,  1.45751983E-03) (  0.00000000    ,  0.00000000    )
   0.00000000       1.00000000       0.00000000     ( -2.75671482E-03,  1.16229057E-02) (  0.00000000    ,  0.00000000    ) (  1.95577741E-03, -2.54251063E-03)
   0.00000000       1.00000000       1.00000000     (  3.18512321E-03, -3.81842256E-03) (  6.70552254E-03, -7.30156898E-03) ( -6.70552254E-03,  7.30156898E-03)
   0.00000000       1.00000000       2.00000000     ( -7.33882189E-03, -8.47503543E-04) ( -6.87316060E-03,  5.45987859E-04) (  3.43658030E-03, -2.72993930E-04)
   0.00000000       2.00000000       0.00000000     ( -5.07570803E-04, -6.53788447E-03) (  0.00000000    ,  0.00000000    ) ( -4.95463610E-03,  3.69036570E-04)
   0.00000000       2.00000000       1.00000000     (  5.51342964E-03,  1.65309757E-03) ( -1.44354999E-03, -2.46800482E-03) (  2.88709998E-03,  4.93600965E-03)
   0.00000000      -2.00000000       0.00000000     ( -5.07570803E-04,  6.53788447E-03) (  0.00000000    ,  0.00000000    ) ( -4.95463610E-03, -3.69036570E-04)
   0.00000000      -2.00000000       1.00000000     ( -9.23871994E-03, -2.41212547E-03) ( -1.62050128E-03,  1.06636435E-03) ( -3.24100256E-03,  2.13272870E-03)
   0.00000000      -1.00000000       0.00000000     ( -2.75671482E-03, -1.16229057E-02) (  0.00000000    ,  0.00000000    ) (  1.95577741E-03,  2.54251063E-03)
   0.00000000      -1.00000000       1.00000000     (  1.06170774E-02, -1.32247806E-02) ( -2.37487257E-03, -2.51457095E-03) ( -2.37487257E-03, -2.51457095E-03)
   0.00000000      -1.00000000       2.00000000     ( -3.28756869E-03, -5.45987859E-04) (  5.86733222E-04,  3.32482159E-03) (  2.93366611E-04,  1.66241080E-03)
   1.00000000       0.00000000       0.00000000     (  0.00000000    ,  0.00000000    ) ( -2.02655792E-02,  5.34579158E-03) (  2.42143869E-02,  2.00420618E-02)
   1.00000000       0.00000000       1.00000000     (  2.03959644E-03, -4.22820449E-03) ( -2.51829624E-02,  1.56462193E-02) ( -2.03959644E-03,  4.22820449E-03)
   1.00000000       0.00000000       2.00000000     (  1.04540959E-03,  2.30967999E-03) (  5.21540642E-03,  4.95463610E-03) ( -5.22704795E-04, -1.15483999E-03)
   1.00000000       1.00000000       0.00000000     (  5.28991222E-03,  1.22934580E-03) ( -5.28991222E-03, -1.22934580E-03) ( -6.89178705E-03,  3.09199095E-03)
   1.00000000       1.00000000       1.00000000     ( -3.35276127E-03,  9.40635800E-04) (  2.38418579E-03, -5.47152013E-04) (  9.68575478E-04, -3.92319635E-04)
   1.00000000       1.00000000       2.00000000     ( -2.15601176E-03, -2.53319740E-03) ( -4.65661287E-03, -3.60421836E-03) (  3.39932740E-03,  3.07336450E-03)
   1.00000000       2.00000000       0.00000000     ( -1.88592821E-03,  5.47617674E-03) (  9.42964107E-04, -2.73808837E-03) ( -6.42612576E-04,  9.35047865E-03)
   1.00000000       2.00000000       1.00000000     (  6.57513738E-03,  2.71014869E-03) ( -2.40281224E-03, -2.25380063E-03) ( -1.78348273E-03,  1.80676579E-03)
   1.00000000      -2.00000000       0.00000000     ( -3.89991328E-04, -1.74622983E-03) ( -1.94995664E-04, -8.73114914E-04) ( -2.31899321E-03,  9.59262252E-04)
   1.00000000      -2.00000000       1.00000000     ( -2.10944563E-03,  7.19446689E-04) ( -2.08150595E-03,  1.42958015E-03) ( -2.05356628E-03,  2.13738531E-03)
   1.00000000      -1.00000000       0.00000000     ( -5.69969416E-03, -4.26545739E-03) ( -5.69969416E-03, -4.26545739E-03) ( -4.33996320E-03,  4.45172191E-03)
   1.00000000      -1.00000000       1.00000000     (  7.45058060E-03,  8.28877091E-03) (  1.54599547E-03,  7.45058060E-03) ( -5.90458512E-03, -8.40518624E-04)
   1.00000000      -1.00000000       2.00000000     (  3.84636223E-03,  6.10947609E-03) (  6.09084964E-03,  2.20723450E-03) (  1.12224370E-03, -1.95112079E-03)
   2.00000000       0.00000000       0.00000000     (  0.00000000    ,  0.00000000    ) (  1.11013651E-02, -6.29574060E-03) ( -3.86498868E-03,  4.12575901E-03)
   2.00000000       0.00000000       1.00000000     ( -4.39584255E-03, -7.42729753E-04) (  3.48314643E-03,  1.09523535E-02) (  8.79168510E-03,  1.48545951E-03)
   2.00000000       1.00000000       0.00000000     ( -2.04890966E-03,  6.70552254E-04) (  4.09781933E-03, -1.34110451E-03) ( -1.24797225E-03, -6.98491931E-03)
   2.00000000       1.00000000       1.00000000     (  2.12341547E-03,  4.50760126E-03) ( -5.08502126E-03, -7.78585672E-03) (  8.31205398E-04, -1.22003257E-03)
   2.00000000      -1.00000000       0.00000000     (  1.39232725E-03, -4.61004674E-04) (  2.78465450E-03, -9.22009349E-04) (  4.47034836E-04,  1.94646418E-03)
   2.00000000      -1.00000000       1.00000000     ( -3.91155481E-03,  5.22704795E-04) ( -3.59490514E-03, -1.88592821E-03) (  4.22820449E-03, -2.93366611E-03)
