   0.00000000       0.00000000      -2.00000000     (  5.96046448E-04,  1.86264515E-04) ( -5.40167093E-04,  1.02445483E-04) (  0.00000000    ,  0.00000000    )
   0.00000000       0.00000000      -1.00000000     (  1.06915832E-02,  1.13621354E-02) (  4.08291817E-02,  9.18284059E-03) (  0.00000000    ,  0.00000000    )
   0.00000000       1.00000000      -2.00000000     (  2.14204192E-04,  1.39698386E-04) (  1.95577741E-04,  5.82076609E-05) (  9.77888703E-05,  2.91038305E-05)
   0.00000000       1.00000000      -1.00000000     ( -6.85453415E-03,  2.58535147E-02) ( -9.74163413E-03, -3.71597707E-03) ( -9.74163413E-03, -3.71597707E-03)
   0.00000000       2.00000000      -1.00000000     ( -2.23517418E-04, -6.75208867E-05) ( -1.95577741E-04,  2.23517418E-04) ( -3.91155481E-04,  4.47034836E-04)
   0.00000000      -2.00000000      -1.00000000     (  3.72529030E-04,  1.30385160E-04) ( -5.82076609E-05,  8.38190317E-05) (  1.16415322E-04, -1.67638063E-04)
   0.00000000      -1.00000000      -2.00000000     (  2.14204192E-04,  2.60770321E-04) ( -1.35041773E-04, -1.21071935E-04) (  6.75208867E-05,  6.05359674E-05)
   0.00000000      -1.00000000      -1.00000000     (  7.69272447E-03, -5.94183803E-03) (  2.28174031E-03,  1.22934580E-03) ( -2.28174031E-03, -1.22934580E-03)
   1.00000000       0.00000000      -2.00000000     ( -2.51457095E-04, -1.11758709E-04) (  2.04890966E-04,  5.96046448E-04) ( -1.25728548E-04, -5.58793545E-05)
   1.00000000       0.00000000      -1.00000000     (  1.16974115E-02, -5.75557351E-03) ( -7.87898898E-03,  1.95577741E-02) (  1.16974115E-02, -5.75557351E-03)
   1.00000000       1.00000000      -2.00000000     (  9.77888703E-05,  2.32830644E-04) ( -1.58324838E-04, -2.42143869E-04) ( -3.37604433E-05, -6.40284270E-06)
   1.00000000       1.00000000      -1.00000000     ( -5.58793545E-04,  9.68575478E-04) ( -2.32830644E-05, -5.02914190E-04) ( -5.96046448E-04,  4.47034836E-04)
   1.00000000       2.00000000      -1.00000000     (  1.28056854E-05, -1.44354999E-04) ( -8.38190317E-05,  3.72529030E-05) ( -1.58324838E-04, -6.75208867E-05)
   1.00000000      -2.00000000      -1.00000000     (  1.60071068E-06, -1.35041773E-04) (  1.21071935E-04, -6.05359674E-05) ( -2.42143869E-04, -1.22236088E-05)
   1.00000000      -1.00000000      -2.00000000     (  1.16415322E-04, -2.42143869E-04) ( -9.31322575E-05, -9.89530236E-06) (  1.02445483E-04, -1.16415322E-04)
   1.00000000      -1.00000000      -1.00000000     ( -1.97906047E-05,  1.67638063E-04) ( -1.58324838E-04,  1.44354999E-04) (  1.35041773E-04,  2.79396772E-05)
   2.00000000       0.00000000      -1.00000000     ( -2.04890966E-04,  5.23868948E-06) (  1.58324838E-04, -3.53902578E-04) ( -4.09781933E-04,  1.04773790E-05)
   2.00000000       1.00000000      -1.00000000     (  6.51925802E-05, -6.05359674E-05) ( -2.42143869E-04,  3.35276127E-04) ( -1.16415322E-04,  2.14204192E-04)
   2.00000000      -1.00000000      -1.00000000     (  1.86264515E-04,  3.60887498E-05) (  1.11758709E-04,  1.30385160E-04) (  2.60770321E-04, -5.82076609E-05)
