   0.00000000       0.00000000      -2.00000000     ( -7.45058060E-05, -7.45058060E-05) (  7.45058060E-05,  9.31322575E-06) (  0.00000000    ,  0.00000000    )
   0.00000000       0.00000000      -1.00000000     (  1.57579780E-02,  5.51342964E-03) (  4.01586294E-02,  1.64657831E-02) (  0.00000000    ,  0.00000000    )
   0.00000000       1.00000000      -2.00000000     ( -5.58793545E-05, -3.49245965E-06) ( -6.98491931E-06, -2.79396772E-05) ( -3.49245965E-06, -1.39698386E-05)
   0.00000000       1.00000000      -1.00000000     ( -4.98257577E-03,  3.05473804E-02) ( -8.17701221E-03, -2.36555934E-03) ( -8.17701221E-03, -2.36555934E-03)
   0.00000000       2.00000000      -1.00000000     (  2.79396772E-05, -1.39698386E-05) (  1.16415322E-05, -3.72529030E-05) (  2.32830644E-05, -7.45058060E-05)
   0.00000000      -2.00000000      -1.00000000     ( -1.11758709E-04, -2.32830644E-05) (  2.79396772E-05, -9.31322575E-06) ( -5.58793545E-05,  1.86264515E-05)
   0.00000000      -1.00000000      -2.00000000     (  4.65661287E-06, -3.72529030E-05) (  2.79396772E-05,  1.86264515E-05) ( -1.39698386E-05, -9.31322575E-06)
   0.00000000      -1.00000000      -1.00000000     (  9.05245543E-03, -1.02072954E-02) ( -7.12461770E-04,  1.88592821E-03) (  7.12461770E-04, -1.88592821E-03)
   1.00000000       0.00000000      -2.00000000     (  4.65661287E-05,  2.32830644E-05) (  1.16415322E-05, -7.45058060E-05) (  2.32830644E-05,  1.16415322E-05)
   1.00000000       0.00000000      -1.00000000     (  1.00024045E-02, -5.45755029E-03) ( -9.87201929E-03,  7.82310963E-03) (  1.00024045E-02, -5.45755029E-03)
   1.00000000       1.00000000      -2.00000000     (  1.39698386E-05, -1.16415322E-05) ( -1.86264515E-05,  7.45058060E-05) ( -2.32830644E-06,  2.79396772E-05)
   1.00000000       1.00000000      -1.00000000     (  1.11758709E-04, -1.11758709E-04) ( -7.45058060E-05,  4.65661287E-05) (  4.65661287E-05, -7.45058060E-05)
   1.00000000       2.00000000      -1.00000000     ( -1.16415322E-05,  5.58793545E-05) (  1.16415322E-05, -1.86264515E-05) (  1.16415322E-05,  2.32830644E-05)
   1.00000000      -2.00000000      -1.00000000     ( -3.72529030E-05, -6.98491931E-06) ( -3.72529030E-05, -1.39698386E-05) (  4.65661287E-05,  2.32830644E-05)
   1.00000000      -1.00000000      -2.00000000     ( -3.72529030E-05,  4.65661287E-05) ( -1.86264515E-05,  1.86264515E-05) ( -6.98491931E-06,  1.16415322E-05)
   1.00000000      -1.00000000      -1.00000000     ( -1.16415322E-06, -5.58793545E-05) (  3.72529030E-05, -4.65661287E-05) ( -4.65661287E-05, -1.39698386E-05)
   2.00000000       0.00000000      -1.00000000     (  2.79396772E-05,  9.31322575E-06) ( -4.65661287E-05,  4.65661287E-05) (  5.58793545E-05,  1.86264515E-05)
   2.00000000       1.00000000      -1.00000000     ( -2.79396772E-05, -1.16415322E-05) (  3.72529030E-05, -5.58793545E-05) ( -1.86264515E-05, -9.31322575E-05)
   2.00000000      -1.00000000      -1.00000000     ( -2.32830644E-05, -9.31322575E-06) ( -2.79396772E-05,  1.86264515E-05) ( -1.86264515E-05, -3.72529030E-05)
