   0.00000000       0.00000000      -2.00000000     (  6.61239028E-03,  3.87430191E-03) (  1.90455467E-03, -1.47148967E-03) (  0.00000000    ,  0.00000000    )
   0.00000000       0.00000000      -1.00000000     (  2.31713057E-02, -1.17719173E-02) ( -1.97178451E-05,  2.29477882E-02) (  0.00000000    ,  0.00000000    )
   0.00000000       1.00000000      -2.00000000     ( -3.93018126E-03,  8.27640179E-06) (  4.58676368E-04, -3.66009772E-03) (  2.29338184E-04, -1.83004886E-03)
   0.00000000       1.00000000      -1.00000000     (  1.01327896E-02,  1.28522515E-02) ( -2.53319740E-03,  2.64495611E-03) ( -2.53319740E-03,  2.64495611E-03)
   0.00000000       2.00000000      -1.00000000     ( -9.08970833E-03,  3.08267772E-03) ( -1.76951289E-03, -9.68575478E-04) ( -3.53902578E-03, -1.93715096E-03)
   0.00000000      -2.00000000      -1.00000000     (  5.94183803E-03, -9.87201929E-04) ( -1.22468919E-03,  2.42143869E-03) (  2.44937837E-03, -4.84287739E-03)
   0.00000000      -1.00000000      -2.00000000     ( -7.18981028E-03,  9.52277333E-04) ( -6.96629286E-03, -5.12227416E-04) (  3.48314643E-03,  2.56113708E-04)
   0.00000000      -1.00000000      -1.00000000     (  3.26894224E-03,  3.52039933E-03) (  6.91041350E-03,  7.15255737E-03) ( -6.91041350E-03, -7.15255737E-03)
   1.00000000       0.00000000      -2.00000000     (  2.94297934E-03,  4.69386578E-03) ( -3.19443643E-03,  7.72997737E-03) (  1.47148967E-03,  2.34693289E-03)
   1.00000000       0.00000000      -1.00000000     (  3.70666385E-03,  3.80678102E-04) (  8.79168510E-03, -1.00582838E-03) (  3.70666385E-03,  3.80678102E-04)
   1.00000000       1.00000000      -2.00000000     ( -3.95812094E-03, -3.52971256E-03) (  4.50760126E-03, -7.84173608E-03) (  2.71247700E-04, -5.68106771E-03)
   1.00000000       1.00000000      -1.00000000     ( -7.52508640E-03, -4.63798642E-03) (  5.02914190E-03, -2.21771188E-04) ( -2.48663127E-03, -4.86150384E-03)
   1.00000000       2.00000000      -1.00000000     ( -5.90458512E-03, -2.63564289E-03) (  8.66129994E-04,  1.27125531E-03) ( -4.18163836E-03, -9.57516022E-05)
   1.00000000      -2.00000000      -1.00000000     (  5.51808625E-04, -3.77185643E-03) (  5.10772225E-05, -3.31550837E-03) (  4.49363142E-04,  2.86847353E-03)
   1.00000000      -1.00000000      -2.00000000     (  1.35973096E-03,  1.36438757E-03) (  9.77888703E-05,  7.59027898E-04) (  6.30971044E-04,  3.03843990E-04)
   1.00000000      -1.00000000      -1.00000000     ( -4.88013029E-03,  1.11293048E-03) ( -6.87316060E-03,  9.24337655E-04) (  1.99768692E-03,  1.89174898E-04)
   2.00000000       0.00000000      -1.00000000     ( -1.84867531E-03,  1.84867531E-03) ( -7.00354576E-03,  4.16301191E-03) ( -3.69735062E-03,  3.69735062E-03)
   2.00000000       1.00000000      -1.00000000     (  9.15024430E-04,  1.64378434E-03) (  2.15601176E-03, -5.21540642E-03) (  3.98606062E-03, -1.93715096E-03)
   2.00000000      -1.00000000      -1.00000000     (  2.22935341E-04, -1.68569386E-03) (  2.15601176E-03, -4.44706529E-04) ( -1.70897692E-03, -2.93366611E-03)
