   0.00000000       0.00000000      -2.00000000     ( -1.67638063E-04, -1.02445483E-04) (  1.49011612E-04,  4.07453626E-06) (  0.00000000    ,  0.00000000    )
   0.00000000       0.00000000      -1.00000000     (  1.44913793E-02,  8.23289156E-03) (  4.21702862E-02,  1.40815973E-02) (  0.00000000    ,  0.00000000    )
   0.00000000       1.00000000      -2.00000000     ( -9.31322575E-05, -1.86264515E-05) ( -3.25962901E-05, -3.25962901E-05) ( -1.62981451E-05, -1.62981451E-05)
   0.00000000       1.00000000      -1.00000000     ( -6.07222319E-03,  2.98023224E-02) ( -9.22009349E-03, -2.96160579E-03) ( -9.22009349E-03, -2.96160579E-03)
   0.00000000       2.00000000      -1.00000000     (  5.58793545E-05, -2.09547579E-05) (  4.65661287E-05, -8.38190317E-05) (  9.31322575E-05, -1.67638063E-04)
   0.00000000      -2.00000000      -1.00000000     ( -1.86264515E-04, -3.25962901E-05) (  4.19095159E-05, -2.79396772E-05) ( -8.38190317E-05,  5.58793545E-05)
   0.00000000      -1.00000000      -2.00000000     ( -2.79396772E-05, -6.51925802E-05) (  5.58793545E-05,  4.19095159E-05) ( -2.79396772E-05, -2.09547579E-05)
   0.00000000      -1.00000000      -1.00000000     (  9.25734639E-03, -9.01520252E-03) (  4.86616045E-04,  1.56462193E-03) ( -4.86616045E-04, -1.56462193E-03)
   1.00000000       0.00000000      -2.00000000     (  9.31322575E-05,  5.12227416E-05) ( -9.31322575E-06, -1.67638063E-04) (  4.65661287E-05,  2.56113708E-05)
   1.00000000       0.00000000      -1.00000000     (  1.09523535E-02, -5.64381480E-03) ( -9.29459929E-03,  1.24424696E-02) (  1.09523535E-02, -5.64381480E-03)
   1.00000000       1.00000000      -2.00000000     ( -5.09317033E-07, -5.58793545E-05) ( -9.31322575E-06,  1.11758709E-04) ( -5.23868948E-06,  3.25962901E-05)
   1.00000000       1.00000000      -1.00000000     (  2.23517418E-04, -2.98023224E-04) ( -7.45058060E-05,  1.30385160E-04) (  1.49011612E-04, -1.49011612E-04)
   1.00000000       2.00000000      -1.00000000     ( -1.28056854E-05,  1.02445483E-04) (  1.86264515E-05, -4.19095159E-05) (  2.32830644E-05,  1.86264515E-05)
   1.00000000      -2.00000000      -1.00000000     ( -4.65661287E-05,  1.16415322E-05) ( -6.51925802E-05, -4.65661287E-06) (  9.31322575E-05,  2.09547579E-05)
   1.00000000      -1.00000000      -2.00000000     ( -6.51925802E-05,  8.38190317E-05) ( -1.39698386E-05,  2.56113708E-05) ( -2.79396772E-05,  2.79396772E-05)
   1.00000000      -1.00000000      -1.00000000     (  5.82076609E-06, -9.31322575E-05) (  7.45058060E-05, -8.38190317E-05) ( -6.51925802E-05, -1.04773790E-05)
   2.00000000       0.00000000      -1.00000000     (  6.51925802E-05,  1.04773790E-05) ( -7.45058060E-05,  1.11758709E-04) (  1.30385160E-04,  2.09547579E-05)
   2.00000000       1.00000000      -1.00000000     ( -4.65661287E-05, -5.82076609E-06) (  8.38190317E-05, -1.30385160E-04) ( -9.31322575E-06, -1.49011612E-04)
   2.00000000      -1.00000000      -1.00000000     ( -5.58793545E-05, -1.62981451E-05) ( -5.12227416E-05,  2.91038305E-06) ( -6.51925802E-05, -3.25962901E-05)
