   0.00000000       0.00000000       1.00000000     ( -3.42261046E-04, -1.14366412E-02) (  2.14576721E-02,  5.55068254E-03) (  0.00000000    ,  0.00000000    )
   0.00000000       0.00000000       2.00000000     (  7.89761543E-03, -2.86847353E-03) ( -1.15856528E-02, -5.27128577E-03) (  0.00000000    ,  0.00000000    )
   0.00000000       1.00000000       0.00000000     (  6.46337867E-03, -8.61473382E-04) (  0.00000000    ,  0.00000000    ) (  1.44541264E-02, -5.55068254E-03)
   0.00000000       1.00000000       1.00000000     ( -5.83007932E-03, -2.77534127E-03) (  4.09781933E-03, -1.28522515E-03) ( -4.09781933E-03,  1.28522515E-03)
   0.00000000       1.00000000       2.00000000     (  5.32716513E-03, -3.93018126E-03) ( -3.42726707E-03,  1.93715096E-03) (  1.71363354E-03, -9.68575478E-04)
   0.00000000       2.00000000       0.00000000     ( -1.39698386E-03,  6.18398190E-03) (  0.00000000    ,  0.00000000    ) ( -7.31088221E-04,  2.39815563E-04)
   0.00000000       2.00000000       1.00000000     ( -1.64145604E-04, -2.57045031E-03) ( -1.39698386E-03,  1.04308128E-03) (  2.79396772E-03, -2.08616257E-03)
   0.00000000      -2.00000000       0.00000000     ( -1.39698386E-03, -6.18398190E-03) (  0.00000000    ,  0.00000000    ) ( -7.31088221E-04, -2.39815563E-04)
   0.00000000      -2.00000000       1.00000000     (  2.07684934E-03,  8.03265721E-05) ( -7.19446689E-04,  1.34459697E-04) ( -1.43889338E-03,  2.68919393E-04)
   0.00000000      -1.00000000       0.00000000     (  6.46337867E-03,  8.61473382E-04) (  0.00000000    ,  0.00000000    ) (  1.44541264E-02,  5.55068254E-03)
   0.00000000      -1.00000000       1.00000000     ( -8.34465027E-03, -1.14738941E-02) ( -5.66244125E-03,  6.09084964E-03) ( -5.66244125E-03,  6.09084964E-03)
   0.00000000      -1.00000000       2.00000000     ( -1.86264515E-03, -2.64495611E-03) (  4.61004674E-04,  2.96160579E-03) (  2.30502337E-04,  1.48080289E-03)
   1.00000000       0.00000000       0.00000000     (  0.00000000    ,  0.00000000    ) ( -2.60025263E-02,  6.59376383E-03) (  1.64657831E-02, -4.82425094E-03)
   1.00000000       0.00000000       1.00000000     ( -1.56462193E-03, -2.24448740E-03) (  2.89641321E-03, -6.92903996E-03) (  1.56462193E-03,  2.24448740E-03)
   1.00000000       0.00000000       2.00000000     ( -3.74391675E-03, -1.45286322E-03) ( -1.15018338E-03,  3.24100256E-03) (  1.87195837E-03,  7.26431608E-04)
   1.00000000       1.00000000       0.00000000     (  6.93835318E-04,  2.17696652E-04) ( -6.93835318E-04, -2.17696652E-04) (  6.83590770E-03,  1.39325857E-02)
   1.00000000       1.00000000       1.00000000     ( -4.39584255E-03, -8.38190317E-04) (  2.13272870E-03,  3.76254320E-03) (  2.26311386E-03, -2.92435288E-03)
   1.00000000       1.00000000       2.00000000     ( -8.10250640E-04,  1.15483999E-03) (  2.45869160E-03,  1.18743628E-03) ( -8.24220479E-04, -1.17346644E-03)
   1.00000000       2.00000000       0.00000000     ( -5.82076609E-04,  2.20024958E-04) (  2.91038305E-04, -1.10012479E-04) ( -1.24797225E-03, -1.47148967E-03)
   1.00000000       2.00000000       1.00000000     (  2.56113708E-03,  6.31553121E-05) ( -1.00582838E-03, -1.82189979E-04) ( -5.51808625E-04,  3.00351530E-04)
   1.00000000      -2.00000000       0.00000000     ( -1.23865902E-03, -3.53611540E-05) ( -6.19329512E-04, -1.76805770E-05) ( -1.45751983E-03,  3.27825546E-03)
   1.00000000      -2.00000000       1.00000000     ( -2.65426934E-04, -6.86850399E-04) (  1.08499080E-03, -5.56465238E-04) (  2.44006515E-03, -4.28408384E-04)
   1.00000000      -1.00000000       0.00000000     (  6.38887286E-03,  1.92783773E-03) (  6.38887286E-03,  1.92783773E-03) ( -2.81259418E-03,  3.07336450E-03)
   1.00000000      -1.00000000       1.00000000     ( -1.11758709E-03,  3.59490514E-03) ( -1.04308128E-03, -3.57627869E-03) (  7.59609975E-05, -7.15255737E-03)
   1.00000000      -1.00000000       2.00000000     ( -4.22820449E-03, -1.28056854E-03) (  1.85333192E-03,  1.71363354E-03) (  3.03611159E-03,  1.49942935E-03)
   2.00000000       0.00000000       0.00000000     (  0.00000000    ,  0.00000000    ) ( -2.57045031E-03,  3.14787030E-03) (  1.37370080E-03, -2.84053385E-03)
   2.00000000       0.00000000       1.00000000     ( -1.17812306E-03,  1.14552677E-03) ( -1.42026693E-03, -4.00468707E-03) (  2.35624611E-03, -2.29105353E-03)
   2.00000000       1.00000000       0.00000000     ( -1.17346644E-03, -1.38301402E-03) (  2.34693289E-03,  2.76602805E-03) ( -1.57160684E-04,  3.81842256E-03)
   2.00000000       1.00000000       1.00000000     ( -8.33533704E-04,  4.40049917E-04) (  1.63563527E-04,  1.01979822E-03) (  1.50874257E-03, -1.89989805E-03)
   2.00000000      -1.00000000       0.00000000     ( -2.38418579E-03, -1.09430403E-03) ( -4.76837158E-03, -2.18860805E-03) (  9.40635800E-04,  5.06639481E-03)
   2.00000000      -1.00000000       1.00000000     (  2.24448740E-03, -2.78232619E-04) ( -1.12690032E-03,  8.61473382E-04) ( -5.62518835E-03,  1.41561031E-03)
