    0.000000        0.000000        1.000000      (2.1010637E-02,1.1585653E-02)
   (-8.9779496E-03,-1.6391277E-02)  (0.000000,0.000000)
    0.000000        0.000000        2.000000      
 (6.7241490E-03,-1.5506521E-03)  (6.1281025E-03,4.8615038E-03)  
 (0.000000,0.000000)
    0.000000        1.000000        0.000000      (1.4249235E-03,8.0838799E-03)
   (0.000000,0.000000)  (3.6507845E-03,-2.2351742E-03)
    0.000000        1.000000        1.000000      (4.3585896E-03,3.0081719E-03)
   (5.9977174E-03,-4.5448542E-03)  (-5.9977174E-03,4.5448542E-03)
    0.000000        1.000000        2.000000      
 (-8.2328916E-03,-2.4633482E-03)  (-4.8056245E-03,-1.5692785E-03)  
 (2.4028122E-03,7.8463927E-04)
    0.000000        2.000000        0.000000      
 (-3.8929284E-03,-4.8661605E-04)  (0.000000,0.000000)  
 (-7.3341653E-04,3.0267984E-03)
    0.000000        2.000000        1.000000      
 (9.9278986E-03,-3.0081719E-03)  (-3.8300641E-04,-1.8486753E-03)  
 (7.6601282E-04,3.6973506E-03)
    0.000000       -2.000000        0.000000      
 (-3.8929284E-03,4.8661605E-04)  (0.000000,0.000000)  
 (-7.3341653E-04,-3.0267984E-03)
    0.000000       -2.000000        1.000000      
 (-1.2628734E-02,-1.1473894E-02)  (-3.7252903E-03,1.0523945E-03)  
 (-7.4505806E-03,2.1047890E-03)
    0.000000       -1.000000        0.000000      
 (1.4249235E-03,-8.0838799E-03)  (0.000000,0.000000)  
 (3.6507845E-03,2.2351742E-03)
    0.000000       -1.000000        1.000000      
 (6.4447522E-03,-5.6996942E-03)  (-1.7974526E-03,-4.5262277E-03)  
 (-1.7974526E-03,-4.5262277E-03)
    0.000000       -1.000000        2.000000      
 (-1.3522804E-02,1.6856939E-03)  (-2.6728958E-03,6.9267116E-04)  
 (-1.3364479E-03,3.4633558E-04)
    1.000000        0.000000        0.000000      (0.000000,0.000000)  
 (-2.5480986E-02,5.0105155E-03)  (1.6912818E-02,1.7657876E-02)
    1.000000        0.000000        1.000000      
 (-2.2538006E-03,-3.1571835E-03)  (-1.8477440E-02,1.4081597E-02)  
 (2.2538006E-03,3.1571835E-03)
    1.000000        0.000000        2.000000      (5.6461431E-04,1.5785918E-03)
   (4.6286732E-03,1.0244548E-02)  (-2.8230716E-04,-7.8929588E-04)
    1.000000        1.000000        0.000000      
 (3.3155084E-03,-1.4901161E-03)  (-3.3155084E-03,1.4901161E-03)  
 (-2.1699816E-03,2.3469329E-03)
    1.000000        1.000000        1.000000      (1.3038516E-03,4.2747706E-03)
   (-2.7194619E-03,-3.2410026E-03)  (1.4156103E-03,-1.0337681E-03)
    1.000000        1.000000        2.000000      
 (-4.1816384E-03,1.3597310E-03)  (-1.6472768E-04,-5.2247196E-03)  
 (2.1746382E-03,1.9324943E-03)
    1.000000        2.000000        0.000000      (2.8871000E-03,2.1513551E-03)
   (-1.4435500E-03,-1.0756776E-03)  (3.9301813E-03,8.6426735E-03)
    1.000000        2.000000        1.000000      (3.3434480E-03,3.3155084E-03)
   (-2.1094456E-03,6.2282197E-04)  (8.7311491E-04,-4.5541674E-03)
    1.000000       -2.000000        0.000000      (1.0896474E-03,7.6740980E-03)
   (5.4482371E-04,3.8370490E-03)  (-5.9232116E-03,-9.9651515E-04)
    1.000000       -2.000000        1.000000      
 (-2.5285408E-03,-6.0303137E-04)  (-5.1455572E-04,-3.0966476E-04)  
 (1.4994293E-03,-1.6625563E-05)
    1.000000       -1.000000        0.000000      
 (-1.3783574E-03,4.9592927E-04)  (-1.3783574E-03,4.9592927E-04)  
 (-5.5320561E-03,3.4645200E-03)
    1.000000       -1.000000        1.000000      
 (1.3709068E-02,-1.0919757E-03)  (4.3865293E-03,3.9348379E-04)  
 (-9.3318522E-03,1.4854595E-03)
    1.000000       -1.000000        2.000000      
 (-3.7252903E-03,-6.3329935E-04)  (-7.1711838E-03,-4.4610351E-03)  
 (-1.7229468E-03,-1.9138679E-03)
    2.000000        0.000000        0.000000      (0.000000,0.000000)  
 (1.2479722E-02,-3.7811697E-03)  (-4.7381036E-04,9.7556040E-04)
    2.000000        0.000000        1.000000      
 (-2.9429793E-03,5.3457916E-03)  (4.1257590E-03,9.4622374E-03)  
 (5.8859587E-03,-1.0691583E-02)
    2.000000        1.000000        0.000000      
 (-1.9790605E-03,-2.9243529E-03)  (3.9581209E-03,5.8487058E-03)  
 (-7.6927245E-03,4.4889748E-03)
    2.000000        1.000000        1.000000      (3.2596290E-03,4.4703484E-03)
   (-4.4144690E-03,-1.3522804E-02)  (-2.1001324E-03,4.5634806E-03)
    2.000000       -1.000000        0.000000      
 (-3.1851232E-03,-3.2782555E-03)  (-6.3702464E-03,-6.5565109E-03)  
 (1.5646219E-03,4.2095780E-03)
    2.000000       -1.000000        1.000000      
 (-4.5169145E-03,2.6216730E-03)  (-3.6973506E-03,7.1339309E-03)  
 (5.3457916E-03,1.8998981E-03)
