   0.00000000       0.00000000      -2.00000000     (  4.30271029E-03,  4.65661287E-03) ( -2.37487257E-03, -6.65895641E-04) (  0.00000000    ,  0.00000000    )
   0.00000000       0.00000000      -1.00000000     (  2.48104334E-02, -1.11013651E-02) (  8.56816769E-03,  2.87592411E-02) (  0.00000000    ,  0.00000000    )
   0.00000000       1.00000000      -2.00000000     (  3.91155481E-04,  2.81259418E-03) (  6.19329512E-04,  1.45751983E-03) (  3.09664756E-04,  7.28759915E-04)
   0.00000000       1.00000000      -1.00000000     (  1.48266554E-02,  1.69873238E-02) ( -2.93366611E-04,  1.75554305E-03) ( -2.93366611E-04,  1.75554305E-03)
   0.00000000       2.00000000      -1.00000000     ( -9.08970833E-03, -2.07684934E-03) ( -1.47614628E-03, -1.33644789E-03) ( -2.95229256E-03, -2.67289579E-03)
   0.00000000      -2.00000000      -1.00000000     (  1.88127160E-03, -4.63798642E-03) ( -2.11410224E-03,  1.39232725E-03) (  4.22820449E-03, -2.78465450E-03)
   0.00000000      -1.00000000      -2.00000000     ( -5.73694706E-03, -1.00117177E-03) ( -2.88709998E-03, -1.05937943E-04) (  1.44354999E-03,  5.29689714E-05)
   0.00000000      -1.00000000      -1.00000000     (  4.18163836E-03,  5.21540642E-03) (  4.19095159E-03,  9.27597284E-03) ( -4.19095159E-03, -9.27597284E-03)
   1.00000000       0.00000000      -2.00000000     ( -5.89061528E-04,  4.48897481E-03) ( -3.94880772E-03,  6.38887286E-03) ( -2.94530764E-04,  2.24448740E-03)
   1.00000000       0.00000000      -1.00000000     (  3.82773578E-03,  2.59606168E-04) (  3.66009772E-03, -1.89524144E-03) (  3.82773578E-03,  2.59606168E-04)
   1.00000000       1.00000000      -2.00000000     ( -4.61935997E-03, -3.17813829E-04) (  4.91738319E-03, -4.30271029E-03) (  1.51339918E-04, -2.30967999E-03)
   1.00000000       1.00000000      -1.00000000     ( -6.38887286E-03, -2.61701643E-03) (  5.42029738E-03,  5.35510480E-04) ( -9.73232090E-04, -2.07684934E-03)
   1.00000000       2.00000000      -1.00000000     ( -2.09547579E-03,  1.27591193E-03) ( -2.21189111E-04,  1.81607902E-03) ( -2.53319740E-03,  4.89875674E-03)
   1.00000000      -2.00000000      -1.00000000     ( -2.68919393E-04, -1.25728548E-03) (  1.24331564E-03, -6.79865479E-04) ( -2.75671482E-03,  1.03027560E-04)
   1.00000000      -1.00000000      -2.00000000     ( -1.43889338E-03, -2.50525773E-03) (  2.25845724E-04, -2.11410224E-03) ( -8.33533704E-04, -1.96159817E-04)
   1.00000000      -1.00000000      -1.00000000     ( -1.77882612E-03,  3.71364877E-04) ( -4.04193997E-03,  6.33299351E-04) (  2.26311386E-03, -2.60770321E-04)
   2.00000000       0.00000000      -1.00000000     ( -1.69500709E-03, -6.86850399E-04) ( -6.33299351E-03,  1.47148967E-03) ( -3.39001417E-03, -1.37370080E-03)
   2.00000000       1.00000000      -1.00000000     ( -2.02271622E-05,  9.40635800E-04) (  9.40635800E-04, -2.27242708E-03) (  8.98726285E-04, -3.85334715E-04)
   2.00000000      -1.00000000      -1.00000000     (  4.33064997E-04, -1.46217644E-03) (  1.23865902E-03, -4.24683094E-03) ( -3.70200723E-04,  1.31782144E-03)
