   0.00000000       0.00000000      -2.00000000     (  1.84401870E-03,  3.16649675E-03) ( -2.16066837E-03,  1.50175765E-04) (  0.00000000    ,  0.00000000    )
   0.00000000       0.00000000      -1.00000000     (  2.71946192E-02, -1.10641122E-02) (  1.45658851E-02,  3.27080488E-02) (  0.00000000    ,  0.00000000    )
   0.00000000       1.00000000      -2.00000000     (  2.30502337E-04,  1.43423676E-03) (  6.00703061E-04,  1.62050128E-03) (  3.00351530E-04,  8.10250640E-04)
   0.00000000       1.00000000      -1.00000000     (  1.59814954E-02,  2.00420618E-02) (  7.79982656E-04,  9.84873623E-04) (  7.79982656E-04,  9.84873623E-04)
   0.00000000       2.00000000      -1.00000000     ( -6.10947609E-03, -1.65775418E-03) ( -1.14552677E-03, -8.66129994E-04) ( -2.29105353E-03, -1.73225999E-03)
   0.00000000      -2.00000000      -1.00000000     (  1.22934580E-03, -2.99885869E-03) ( -1.18277967E-03,  6.37955964E-04) (  2.36555934E-03, -1.27591193E-03)
   0.00000000      -1.00000000      -2.00000000     ( -3.48314643E-03, -1.21071935E-03) ( -1.07102096E-03, -1.18161552E-04) (  5.35510480E-04,  5.90807758E-05)
   0.00000000      -1.00000000      -1.00000000     (  6.03497028E-03,  4.33996320E-03) (  2.58907676E-03,  1.07288361E-02) ( -2.58907676E-03, -1.07288361E-02)
   1.00000000       0.00000000      -2.00000000     ( -1.23865902E-03,  2.64495611E-03) ( -2.29105353E-03,  3.46451998E-03) ( -6.19329512E-04,  1.32247806E-03)
   1.00000000       0.00000000      -1.00000000     (  5.28991222E-03, -6.05359674E-05) (  9.57516022E-05, -2.77534127E-03) (  5.28991222E-03, -6.05359674E-05)
   1.00000000       1.00000000      -2.00000000     ( -2.81259418E-03,  9.49949026E-04) (  2.27242708E-03, -2.86847353E-03) ( -2.70083547E-04, -9.59262252E-04)
   1.00000000       1.00000000      -1.00000000     ( -3.25962901E-03, -1.19209290E-03) (  2.88709998E-03,  6.33299351E-04) ( -3.70200723E-04, -5.54136932E-04)
   1.00000000       2.00000000      -1.00000000     ( -5.68106771E-04,  9.68575478E-04) ( -4.05125320E-04,  1.21071935E-03) ( -1.37835741E-03,  3.39001417E-03)
   1.00000000      -2.00000000      -1.00000000     (  2.00234354E-04, -4.12110239E-04) (  1.02445483E-03,  3.56230885E-04) ( -1.85333192E-03, -1.12690032E-03)
   1.00000000      -1.00000000      -2.00000000     ( -7.86967576E-04, -1.91852450E-03) ( -4.84287739E-04, -1.37835741E-03) ( -1.52504072E-04, -2.70083547E-04)
   1.00000000      -1.00000000      -1.00000000     ( -9.96515155E-04,  4.23751771E-04) ( -2.17929482E-03,  3.95812094E-04) (  1.19209290E-03,  2.67755240E-05)
   2.00000000       0.00000000      -1.00000000     ( -9.26665962E-04, -5.82076609E-04) ( -2.32830644E-03,  3.46917659E-04) ( -1.85333192E-03, -1.16415322E-03)
   2.00000000       1.00000000      -1.00000000     ( -2.70083547E-04,  6.81029633E-05) (  7.63684511E-04, -8.89413059E-04) (  2.23517418E-04, -7.54371285E-04)
   2.00000000      -1.00000000      -1.00000000     ( -1.58324838E-04, -4.70317900E-04) (  2.51457095E-04, -2.70083547E-03) ( -5.68106771E-04,  1.75088644E-03)
