   0.00000000       0.00000000       1.00000000     (  2.30222940E-02,  1.15111470E-02) (  9.56933945E-04, -2.33948231E-02) (  0.00000000    ,  0.00000000    )
   0.00000000       0.00000000       2.00000000     (  6.64964318E-03, -4.34927642E-03) (  1.27591193E-03,  1.45751983E-03) (  0.00000000    ,  0.00000000    )
   0.00000000       1.00000000       0.00000000     ( -2.89641321E-03,  1.14738941E-02) (  0.00000000    ,  0.00000000    ) (  1.91386789E-03, -2.42143869E-03)
   0.00000000       1.00000000       1.00000000     (  3.13855708E-03, -3.89292836E-03) (  6.57513738E-03, -7.32019544E-03) ( -6.57513738E-03,  7.32019544E-03)
   0.00000000       1.00000000       2.00000000     ( -7.39470124E-03, -8.07922333E-04) ( -6.83590770E-03,  5.54136932E-04) (  3.41795385E-03, -2.77068466E-04)
   0.00000000       2.00000000       0.00000000     ( -6.40284270E-04, -6.63101673E-03) (  0.00000000    ,  0.00000000    ) ( -5.12227416E-03,  3.51574272E-04)
   0.00000000       2.00000000       1.00000000     (  5.34579158E-03,  1.90455467E-03) ( -1.52736902E-03, -2.47731805E-03) (  3.05473804E-03,  4.95463610E-03)
   0.00000000      -2.00000000       0.00000000     ( -6.40284270E-04,  6.63101673E-03) (  0.00000000    ,  0.00000000    ) ( -5.12227416E-03, -3.51574272E-04)
   0.00000000      -2.00000000       1.00000000     ( -9.31322575E-03, -2.16998160E-03) ( -1.57393515E-03,  1.10827386E-03) ( -3.14787030E-03,  2.21654773E-03)
   0.00000000      -1.00000000       0.00000000     ( -2.89641321E-03, -1.14738941E-02) (  0.00000000    ,  0.00000000    ) (  1.91386789E-03,  2.42143869E-03)
   0.00000000      -1.00000000       1.00000000     (  1.07288361E-02, -1.32620335E-02) ( -2.30036676E-03, -2.44937837E-03) ( -2.30036676E-03, -2.44937837E-03)
   0.00000000      -1.00000000       2.00000000     ( -3.05473804E-03, -7.54371285E-04) (  6.30971044E-04,  3.18512321E-03) (  3.15485522E-04,  1.59256160E-03)
   1.00000000       0.00000000       0.00000000     (  0.00000000    ,  0.00000000    ) ( -1.98930502E-02,  5.34579158E-03) (  2.42143869E-02,  1.99675560E-02)
   1.00000000       0.00000000       1.00000000     (  2.13272870E-03, -4.13507223E-03) ( -2.50339508E-02,  1.54972076E-02) ( -2.13272870E-03,  4.13507223E-03)
   1.00000000       0.00000000       2.00000000     (  1.04308128E-03,  2.39349902E-03) (  5.36441803E-03,  4.84287739E-03) ( -5.21540642E-04, -1.19674951E-03)
   1.00000000       1.00000000       0.00000000     (  5.27128577E-03,  1.34110451E-03) ( -5.27128577E-03, -1.34110451E-03) ( -6.92903996E-03,  3.15718353E-03)
   1.00000000       1.00000000       1.00000000     ( -3.42726707E-03,  8.70786607E-04) (  2.44937837E-03, -5.11063263E-04) (  9.82545316E-04, -3.60887498E-04)
   1.00000000       1.00000000       2.00000000     ( -2.14204192E-03, -2.57976353E-03) ( -4.78699803E-03, -3.51108611E-03) (  3.46451998E-03,  3.04542482E-03)
   1.00000000       2.00000000       0.00000000     ( -1.92783773E-03,  5.56930900E-03) (  9.63918865E-04, -2.78465450E-03) ( -7.45058060E-04,  9.35047865E-03)
   1.00000000       2.00000000       1.00000000     (  6.68689609E-03,  2.71014869E-03) ( -2.50525773E-03, -2.31899321E-03) ( -1.67172402E-03,  1.93249434E-03)
   1.00000000      -2.00000000       0.00000000     ( -3.27127054E-04, -1.96974725E-03) ( -1.63563527E-04, -9.84873623E-04) ( -2.18395144E-03,  1.11293048E-03)
   1.00000000      -2.00000000       1.00000000     ( -2.13272870E-03,  7.00820237E-04) ( -2.13272870E-03,  1.42026693E-03) ( -2.13738531E-03,  2.13738531E-03)
   1.00000000      -1.00000000       0.00000000     ( -5.71832061E-03, -4.45172191E-03) ( -5.71832061E-03, -4.45172191E-03) ( -4.32133675E-03,  4.45172191E-03)
   1.00000000      -1.00000000       1.00000000     (  7.28294253E-03,  8.36327672E-03) (  1.39698386E-03,  7.45058060E-03) ( -5.88595867E-03, -9.10367817E-04)
   1.00000000      -1.00000000       2.00000000     (  3.95812094E-03,  6.18398190E-03) (  6.33299351E-03,  2.38418579E-03) (  1.18743628E-03, -1.89524144E-03)
   2.00000000       0.00000000       0.00000000     (  0.00000000    ,  0.00000000    ) (  1.11013651E-02, -6.25848770E-03) ( -4.01400030E-03,  4.06987965E-03)
   2.00000000       0.00000000       1.00000000     ( -4.38652933E-03, -8.91741365E-04) (  3.40864062E-03,  1.09896064E-02) (  8.77305865E-03,  1.78348273E-03)
   2.00000000       1.00000000       0.00000000     ( -2.10944563E-03,  7.17118382E-04) (  4.21889126E-03, -1.43423676E-03) ( -1.17346644E-03, -7.24568963E-03)
   2.00000000       1.00000000       1.00000000     (  2.08150595E-03,  4.48897481E-03) ( -5.06639481E-03, -7.72997737E-03) (  9.01054591E-04, -1.24797225E-03)
   2.00000000      -1.00000000       0.00000000     (  1.45286322E-03, -3.59723344E-04) (  2.90572643E-03, -7.19446689E-04) (  4.12110239E-04,  1.89524144E-03)
   2.00000000      -1.00000000       1.00000000     ( -3.87430191E-03,  5.51808625E-04) ( -3.49245965E-03, -1.93249434E-03) (  4.25614417E-03, -3.03611159E-03)
