   0.00000000       0.00000000      -2.00000000     (  3.25962901E-04,  1.04308128E-03) ( -8.19563866E-04,  1.72294676E-04) (  0.00000000    ,  0.00000000    )
   0.00000000       0.00000000      -1.00000000     (  2.06381083E-02, -1.78813934E-03) (  3.35276127E-02,  2.47359276E-02) (  0.00000000    ,  0.00000000    )
   0.00000000       1.00000000      -2.00000000     (  3.07336450E-04,  1.09139364E-06) ( -3.35276127E-04,  3.07336450E-04) ( -1.67638063E-04,  1.53668225E-04)
   0.00000000       1.00000000      -1.00000000     ( -1.52504072E-04,  3.03983688E-02) ( -4.42378223E-03, -3.07336450E-03) ( -4.42378223E-03, -3.07336450E-03)
   0.00000000       2.00000000      -1.00000000     ( -9.87201929E-04,  2.81943358E-07) ( -2.56113708E-05,  1.49011612E-04) ( -5.12227416E-05,  2.98023224E-04)
   0.00000000      -2.00000000      -1.00000000     (  6.70552254E-04,  2.09547579E-04) ( -3.16649675E-04, -1.53668225E-04) (  6.33299351E-04,  3.07336450E-04)
   0.00000000      -1.00000000      -2.00000000     ( -5.40167093E-04,  2.60770321E-04) ( -4.09781933E-04, -1.53668225E-04) (  2.04890966E-04,  7.68341124E-05)
   0.00000000      -1.00000000      -1.00000000     (  7.82310963E-03, -9.55536962E-03) ( -2.74740160E-03,  4.83356416E-03) (  2.74740160E-03, -4.83356416E-03)
   1.00000000       0.00000000      -2.00000000     ( -3.63215804E-04,  1.44354999E-04) ( -5.12227416E-04,  3.25962901E-04) ( -1.81607902E-04,  7.21774995E-05)
   1.00000000       0.00000000      -1.00000000     (  9.18284059E-03, -4.82425094E-03) ( -9.83476639E-03, -1.31316483E-03) (  9.18284059E-03, -4.82425094E-03)
   1.00000000       1.00000000      -2.00000000     ( -3.07336450E-04, -1.67638063E-04) (  2.65426934E-04, -8.00937414E-04) ( -2.27009878E-05, -4.84287739E-04)
   1.00000000       1.00000000      -1.00000000     ( -4.74974513E-04,  3.07336450E-04) (  9.12696123E-04,  3.81842256E-04) (  4.47034836E-04,  6.89178705E-04)
   1.00000000       2.00000000      -1.00000000     (  1.00117177E-04,  3.07336450E-04) ( -2.51457095E-04, -3.35276127E-04) ( -4.00468707E-04, -3.63215804E-04)
   1.00000000      -2.00000000      -1.00000000     (  6.89178705E-04,  2.88709998E-04) (  4.28408384E-04,  3.07336450E-04) ( -1.58324838E-04, -3.16649675E-04)
   1.00000000      -1.00000000      -2.00000000     (  3.44589353E-04, -3.35276127E-04) (  5.49480319E-04, -1.28056854E-04) ( -1.04773790E-04, -1.04773790E-04)
   1.00000000      -1.00000000      -1.00000000     ( -1.11758709E-04,  7.26431608E-04) ( -6.70552254E-04,  2.88709998E-04) (  5.58793545E-04,  4.37721610E-04)
   2.00000000       0.00000000      -1.00000000     ( -2.28174031E-04, -9.31322575E-05) (  1.36788003E-05,  3.31783667E-05) ( -4.56348062E-04, -1.86264515E-04)
   2.00000000       1.00000000      -1.00000000     ( -1.11758709E-04,  1.74622983E-05) (  2.04890966E-04, -1.16415322E-04) ( -1.80443749E-05, -8.14907253E-05)
   2.00000000      -1.00000000      -1.00000000     (  9.31322575E-05,  3.37604433E-05) (  5.77419996E-04, -4.84287739E-04) ( -3.91155481E-04,  5.49480319E-04)
