   0.00000000       0.00000000      -2.00000000     (  6.33299351E-03,  5.55068254E-03) ( -1.51339918E-03, -1.37370080E-03) (  0.00000000    ,  0.00000000    )
   0.00000000       0.00000000      -1.00000000     (  2.35438347E-02, -1.10268593E-02) (  5.23403287E-03,  2.62260437E-02) (  0.00000000    ,  0.00000000    )
   0.00000000       1.00000000      -2.00000000     ( -3.29455361E-04,  3.23168933E-03) (  7.70669430E-04, -7.39237294E-05) (  3.85334715E-04, -3.69618647E-05)
   0.00000000       1.00000000      -1.00000000     (  1.32992864E-02,  1.53109431E-02) ( -1.12224370E-03,  1.99768692E-03) ( -1.12224370E-03,  1.99768692E-03)
   0.00000000       2.00000000      -1.00000000     ( -1.06543303E-02, -1.23865902E-03) ( -1.55065209E-03, -1.59721822E-03) ( -3.10130417E-03, -3.19443643E-03)
   0.00000000      -2.00000000      -1.00000000     (  3.08267772E-03, -4.97326255E-03) ( -2.53319740E-03,  2.12341547E-03) (  5.06639481E-03, -4.24683094E-03)
   0.00000000      -1.00000000      -2.00000000     ( -7.52508640E-03, -2.43890099E-04) ( -5.10364771E-03, -3.07336450E-04) (  2.55182385E-03,  1.53668225E-04)
   0.00000000      -1.00000000      -1.00000000     (  3.36207449E-03,  5.01051545E-03) (  5.14090061E-03,  8.34465027E-03) ( -5.14090061E-03, -8.34465027E-03)
   1.00000000       0.00000000      -2.00000000     (  6.47269189E-04,  5.64381480E-03) ( -4.78699803E-03,  8.45640898E-03) (  3.23634595E-04,  2.82190740E-03)
   1.00000000       0.00000000      -1.00000000     (  3.39001417E-03,  3.53902578E-04) (  5.64381480E-03, -1.33644789E-03) (  3.39001417E-03,  3.53902578E-04)
   1.00000000       1.00000000      -2.00000000     ( -5.60656190E-03, -2.28174031E-03) (  6.64964318E-03, -5.60656190E-03) (  5.19212335E-04, -3.93949449E-03)
   1.00000000       1.00000000      -1.00000000     ( -8.41915607E-03, -3.85567546E-03) (  7.00354576E-03,  2.54367478E-04) ( -1.41095370E-03, -3.59490514E-03)
   1.00000000       2.00000000      -1.00000000     ( -3.56696546E-03,  5.41331246E-04) (  1.78260962E-05,  1.89989805E-03) ( -3.52971256E-03,  4.33996320E-03)
   1.00000000      -2.00000000      -1.00000000     ( -1.55996531E-04, -2.09547579E-03) (  1.15018338E-03, -2.01631337E-03) ( -2.45869160E-03,  1.93249434E-03)
   1.00000000      -1.00000000      -2.00000000     ( -1.06869265E-03, -1.79745257E-03) (  1.01746991E-03, -1.83004886E-03) ( -1.04308128E-03,  1.70621206E-05)
   1.00000000      -1.00000000      -1.00000000     ( -2.84053385E-03,  4.85451892E-04) ( -5.92321157E-03,  8.05594027E-04) (  3.07336450E-03, -3.21306288E-04)
   2.00000000       0.00000000      -1.00000000     ( -2.30036676E-03, -2.25263648E-04) ( -9.64850187E-03,  2.74740160E-03) ( -4.60073352E-03, -4.50527295E-04)
   2.00000000       1.00000000      -1.00000000     (  4.06289473E-04,  1.83936208E-03) (  1.20606273E-03, -3.96743417E-03) (  2.02096999E-03, -2.92202458E-04)
   2.00000000      -1.00000000      -1.00000000     (  9.73232090E-04, -2.20257789E-03) (  2.38418579E-03, -4.28408384E-03) ( -4.37721610E-04, -1.21945050E-04)
