   0.00000000       0.00000000       1.00000000     (  2.52574682E-02,  1.11013651E-02) (  9.72300768E-03, -2.95042992E-02) (  0.00000000    ,  0.00000000    )
   0.00000000       0.00000000       2.00000000     (  3.66941094E-03, -4.30271029E-03) ( -2.42143869E-03,  4.44706529E-04) (  0.00000000    ,  0.00000000    )
   0.00000000       1.00000000       0.00000000     ( -8.56816769E-03,  8.15838575E-03) (  0.00000000    ,  0.00000000    ) (  2.23517418E-03,  1.91852450E-03)
   0.00000000       1.00000000       1.00000000     (  4.52622771E-03, -5.15952706E-03) (  3.87430191E-03, -9.57399607E-03) ( -3.87430191E-03,  9.57399607E-03)
   0.00000000       1.00000000       2.00000000     ( -5.17815351E-03,  1.13155693E-03) ( -2.33761966E-03,  8.55652615E-05) (  1.16880983E-03, -4.27826308E-05)
   0.00000000       2.00000000       0.00000000     ( -3.48314643E-03, -3.24100256E-03) (  0.00000000    ,  0.00000000    ) ( -4.24683094E-03,  6.26314431E-04)
   0.00000000       2.00000000       1.00000000     (  1.66706741E-03,  4.32133675E-03) ( -1.89058483E-03, -1.19674951E-03) (  3.78116965E-03,  2.39349902E-03)
   0.00000000      -2.00000000       0.00000000     ( -3.48314643E-03,  3.24100256E-03) (  0.00000000    ,  0.00000000    ) ( -4.24683094E-03, -6.26314431E-04)
   0.00000000      -2.00000000       1.00000000     ( -8.41915607E-03,  2.07684934E-03) ( -1.42026693E-03,  1.22003257E-03) ( -2.84053385E-03,  2.44006515E-03)
   0.00000000      -1.00000000       0.00000000     ( -8.56816769E-03, -8.15838575E-03) (  0.00000000    ,  0.00000000    ) (  2.23517418E-03, -1.91852450E-03)
   0.00000000      -1.00000000       1.00000000     (  1.51619315E-02, -1.75088644E-02) ( -3.85625754E-05, -1.63912773E-03) ( -3.85625754E-05, -1.63912773E-03)
   0.00000000      -1.00000000       2.00000000     (  4.33064997E-04, -2.50525773E-03) (  6.03031367E-04, -1.63912773E-03) (  3.01515684E-04, -8.19563866E-04)
   1.00000000       0.00000000       0.00000000     (  0.00000000    ,  0.00000000    ) ( -1.55717134E-02,  7.24568963E-03) (  2.87592411E-02,  2.41398811E-02)
   1.00000000       0.00000000       1.00000000     (  4.50760126E-03, -2.55182385E-03) ( -2.96533108E-02,  1.49756670E-02) ( -4.50760126E-03,  2.55182385E-03)
   1.00000000       0.00000000       2.00000000     (  1.22934580E-03,  2.57976353E-03) (  6.66826963E-03,  2.77534127E-03) ( -6.14672899E-04, -1.28988177E-03)
   1.00000000       1.00000000       0.00000000     (  5.77419996E-03,  4.63798642E-03) ( -5.77419996E-03, -4.63798642E-03) ( -8.99657607E-03,  6.48200512E-03)
   1.00000000       1.00000000       1.00000000     ( -2.55182385E-03, -1.32713467E-03) (  1.30850822E-03,  4.05125320E-04) (  1.23865902E-03,  9.22009349E-04)
   1.00000000       1.00000000       2.00000000     ( -4.88944352E-04, -1.85333192E-03) ( -3.76254320E-03, -1.88592821E-04) (  2.12341547E-03,  1.01979822E-03)
   1.00000000       2.00000000       0.00000000     ( -1.37835741E-03,  5.08502126E-03) (  6.89178705E-04, -2.54251063E-03) ( -6.47269189E-04,  2.84984708E-03)
   1.00000000       2.00000000       1.00000000     (  4.86150384E-03,  1.44820660E-03) ( -3.59490514E-03, -1.96509063E-03) (  2.32830644E-03,  2.47731805E-03)
   1.00000000      -2.00000000       0.00000000     (  3.51574272E-04, -2.46800482E-03) (  1.75787136E-04, -1.23400241E-03) ( -1.03376806E-03,  2.33761966E-03)
   1.00000000      -2.00000000       1.00000000     ( -8.00937414E-04,  1.82539225E-03) ( -1.14552677E-03,  2.35624611E-03) ( -1.49011612E-03,  2.88709998E-03)
   1.00000000      -1.00000000       0.00000000     ( -5.99771738E-03, -1.13993883E-02) ( -5.99771738E-03, -1.13993883E-02) ( -6.64964318E-03,  7.00354576E-03)
   1.00000000      -1.00000000       1.00000000     (  1.95577741E-03,  3.79979610E-03) ( -1.95577741E-03,  1.49011612E-03) ( -3.91155481E-03, -2.31899321E-03)
   1.00000000      -1.00000000       2.00000000     (  2.30967999E-03,  3.16649675E-03) (  3.91155481E-03,  3.01748514E-03) (  8.00937414E-04, -7.47968443E-05)
   2.00000000       0.00000000       0.00000000     (  0.00000000    ,  0.00000000    ) (  6.40749931E-03, -1.70432031E-03) ( -3.83704901E-03,  3.03843990E-04)
   2.00000000       0.00000000       1.00000000     ( -1.31782144E-03, -2.02096999E-03) (  9.68575478E-04,  5.42029738E-03) (  2.63564289E-03,  4.04193997E-03)
   2.00000000       1.00000000       0.00000000     ( -2.20723450E-03,  2.51457095E-04) (  4.41446900E-03, -5.02914190E-04) (  6.57746568E-05, -6.89178705E-03)
   2.00000000       1.00000000       1.00000000     (  2.07219273E-04,  2.14204192E-03) ( -1.16880983E-03, -4.00468707E-03) (  7.54371285E-04, -2.80560926E-04)
   2.00000000      -1.00000000       0.00000000     (  1.25262886E-03,  1.42492354E-03) (  2.50525773E-03,  2.84984708E-03) ( -1.58906914E-04,  1.50874257E-03)
   2.00000000      -1.00000000       1.00000000     ( -2.34693289E-03,  6.70552254E-04) ( -1.73225999E-03, -8.28877091E-04) (  2.96160579E-03, -2.16998160E-03)
