    0.000000        0.000000        1.000000      (2.2426248E-02,1.2218952E-02)
   (-6.3143671E-03,-1.8551946E-02)  (0.000000,0.000000)
    0.000000        0.000000        2.000000      
 (8.2328916E-03,-2.0256266E-03)  (5.8021396E-03,3.8091093E-03)  
 (0.000000,0.000000)
    0.000000        1.000000        0.000000      (4.1443855E-04,1.0579824E-02)
   (0.000000,0.000000)  (3.2410026E-03,-3.1758100E-03)
    0.000000        1.000000        1.000000      (4.0978193E-03,4.9825758E-04)
   (7.0407987E-03,-5.4761767E-03)  (-7.0407987E-03,5.4761767E-03)
    0.000000        1.000000        2.000000      
 (-8.3446503E-03,-2.5006011E-03)  (-7.2829425E-03,-3.6670826E-04)  
 (3.6414713E-03,1.8335413E-04)
    0.000000        2.000000        0.000000      
 (-1.6251579E-03,-3.1478703E-03)  (0.000000,0.000000)  
 (-2.0721927E-03,2.7287751E-03)
    0.000000        2.000000        1.000000      
 (1.1436641E-02,-3.2503158E-03)  (-8.1490725E-05,-2.3748726E-03)  
 (1.6298145E-04,4.7497451E-03)
    0.000000       -2.000000        0.000000      
 (-1.6251579E-03,3.1478703E-03)  (0.000000,0.000000)  
 (-2.0721927E-03,-2.7287751E-03)
    0.000000       -2.000000        1.000000      
 (-1.3001263E-02,-1.0598451E-02)  (-4.1443855E-03,1.0896474E-03)  
 (-8.2887709E-03,2.1792948E-03)
    0.000000       -1.000000        0.000000      
 (4.1443855E-04,-1.0579824E-02)  (0.000000,0.000000)  
 (3.2410026E-03,3.1758100E-03)
    0.000000       -1.000000        1.000000      
 (6.7427754E-03,-8.3073974E-03)  (-2.5331974E-03,-3.9488077E-03)  
 (-2.5331974E-03,-3.9488077E-03)
    0.000000       -1.000000        2.000000      
 (-1.2367964E-02,3.1199306E-03)  (-1.5040860E-03,4.0233135E-03)  
 (-7.5204298E-04,2.0116568E-03)
    1.000000        0.000000        0.000000      (0.000000,0.000000)  
 (-2.5182962E-02,4.9173832E-03)  (1.9669533E-02,1.8477440E-02)
    1.000000        0.000000        1.000000      
 (-1.0523945E-03,-4.0791929E-03)  (-2.1830201E-02,1.5646219E-02)  
 (1.0523945E-03,4.0791929E-03)
    1.000000        0.000000        2.000000      (1.1362135E-03,1.2968667E-03)
   (5.1502138E-03,1.0691583E-02)  (-5.6810677E-04,-6.4843334E-04)
    1.000000        1.000000        0.000000      
 (4.3399632E-03,-1.2805685E-03)  (-4.3399632E-03,1.2805685E-03)  
 (-3.8743019E-03,2.0768493E-03)
    1.000000        1.000000        1.000000      
 (-7.9860911E-04,3.5949051E-03)  (-5.2619725E-04,-2.2863969E-03)  
 (1.3248064E-03,-1.3108365E-03)
    1.000000        1.000000        2.000000      
 (-3.7159771E-03,-3.4866389E-04)  (-1.5785918E-03,-5.9045851E-03)  
 (2.6496127E-03,3.1292439E-03)
    1.000000        2.000000        0.000000      (8.6147338E-04,3.1385571E-03)
   (-4.3073669E-04,-1.5692785E-03)  (3.2596290E-03,1.0170043E-02)
    1.000000        2.000000        1.000000      (5.0291419E-03,4.2840838E-03)
   (-1.5413389E-03,-7.1944669E-04)  (-1.9464642E-03,-2.8451905E-03)
    1.000000       -2.000000        0.000000      
 (-3.3935066E-04,6.5565109E-03)  (-1.6967533E-04,3.2782555E-03)  
 (-6.8731606E-03,-1.0454096E-03)
    1.000000       -2.000000        1.000000      
 (-1.3597310E-03,5.3783879E-04)  (-3.4469849E-06,1.1431985E-03)  
 (1.3527460E-03,1.7462298E-03)
    1.000000       -1.000000        0.000000      
 (-2.8964132E-03,-4.7293724E-06)  (-2.8964132E-03,-4.7293724E-06)  
 (-5.0850213E-03,3.9860606E-03)
    1.000000       -1.000000        1.000000      (1.4491379E-02,4.0233135E-03)
   (5.2526593E-03,4.3772161E-03)  (-9.2573464E-03,3.5797711E-04)
    1.000000       -1.000000        2.000000      
 (-1.3480894E-03,2.1047890E-03)  (-3.2689422E-03,-3.3061951E-03)  
 (-9.6391886E-04,-2.7054921E-03)
    2.000000        0.000000        0.000000      (0.000000,0.000000)  
 (1.4454126E-02,-6.1094761E-03)  (-1.0570511E-03,3.4179538E-03)
    2.000000        0.000000        1.000000      
 (-4.3679029E-03,4.0140003E-03)  (5.5413693E-03,1.2144446E-02)  
 (8.7358057E-03,-8.0280006E-03)
    2.000000        1.000000        0.000000      
 (-1.7695129E-03,-1.8347055E-03)  (3.5390258E-03,3.6694109E-03)  
 (-6.2026083E-03,5.7625584E-04)
    2.000000        1.000000        1.000000      (3.5949051E-03,5.6065619E-03)
   (-6.0535967E-03,-1.3597310E-02)  (-1.1431985E-03,2.3748726E-03)
    2.000000       -1.000000        0.000000      
 (-1.2153760E-03,-3.1013042E-03)  (-2.4307519E-03,-6.2026083E-03)  
 (2.3189932E-03,4.2468309E-03)
    2.000000       -1.000000        1.000000      
 (-5.4854900E-03,1.6670674E-03)  (-5.5506825E-03,3.4365803E-03)  
 (5.4109842E-03,1.0273652E-04)
