   0.00000000       0.00000000       1.00000000     (  2.76416540E-02,  8.41915607E-03) (  2.49594450E-02, -3.40491533E-02) (  0.00000000    ,  0.00000000    )
   0.00000000       0.00000000       2.00000000     (  5.58793545E-05, -3.16649675E-04) ( -2.60770321E-04, -1.02445483E-04) (  0.00000000    ,  0.00000000    )
   0.00000000       1.00000000       0.00000000     ( -1.82539225E-02,  1.79279596E-03) (  0.00000000    ,  0.00000000    ) (  3.52039933E-03,  1.19581819E-02)
   0.00000000       1.00000000       1.00000000     (  8.08387995E-03,  1.93715096E-03) ( -7.61356205E-04, -1.06357038E-02) (  7.61356205E-04,  1.06357038E-02)
   0.00000000       1.00000000       2.00000000     ( -2.98023224E-04,  7.91624188E-05) ( -7.45058060E-05,  5.12227416E-05) (  3.72529030E-05, -2.56113708E-05)
   0.00000000       2.00000000       0.00000000     ( -9.31322575E-05,  9.31322575E-05) (  0.00000000    ,  0.00000000    ) ( -2.04890966E-04,  2.60770321E-04)
   0.00000000       2.00000000       1.00000000     (  1.21071935E-04,  2.04890966E-04) ( -1.02445483E-04, -2.18278728E-06) (  2.04890966E-04,  4.36557457E-06)
   0.00000000      -2.00000000       0.00000000     ( -9.31322575E-05, -9.31322575E-05) (  0.00000000    ,  0.00000000    ) ( -2.04890966E-04, -2.60770321E-04)
   0.00000000      -2.00000000       1.00000000     ( -5.21540642E-04,  9.31322575E-05) ( -1.11758709E-04,  7.91624188E-05) ( -2.23517418E-04,  1.58324838E-04)
   0.00000000      -1.00000000       0.00000000     ( -1.82539225E-02, -1.79279596E-03) (  0.00000000    ,  0.00000000    ) (  3.52039933E-03, -1.19581819E-02)
   0.00000000      -1.00000000       1.00000000     (  1.10454857E-02, -2.60770321E-02) (  2.39233486E-04,  1.54133886E-03) (  2.39233486E-04,  1.54133886E-03)
   0.00000000      -1.00000000       2.00000000     ( -4.65661287E-05, -7.91624188E-05) (  5.58793545E-05, -1.49011612E-04) (  2.79396772E-05, -7.45058060E-05)
   1.00000000       0.00000000       0.00000000     (  0.00000000    ,  0.00000000    ) ( -1.30757689E-02,  1.27777457E-02) (  3.48687172E-02,  2.74926424E-02)
   1.00000000       0.00000000       1.00000000     (  4.65661287E-03, -3.35276127E-03) ( -3.63588333E-02,  8.51228833E-03) ( -4.65661287E-03,  3.35276127E-03)
   1.00000000       0.00000000       2.00000000     (  7.91624188E-05,  1.67638063E-04) (  3.35276127E-04,  2.04890966E-04) ( -3.95812094E-05, -8.38190317E-05)
   1.00000000       1.00000000       0.00000000     (  6.05359674E-03,  6.96629286E-03) ( -6.05359674E-03, -6.96629286E-03) ( -1.03004277E-02,  1.10454857E-02)
   1.00000000       1.00000000       1.00000000     (  5.12227416E-05, -2.04890966E-04) ( -1.49011612E-04,  2.32830644E-05) (  9.31322575E-05,  1.67638063E-04)
   1.00000000       1.00000000       2.00000000     ( -5.58793545E-05, -3.72529030E-05) ( -7.45058060E-05,  2.79396772E-05) (  6.51925802E-05,  5.23868948E-06)
   1.00000000       2.00000000       0.00000000     ( -1.39698386E-04,  2.04890966E-04) (  6.98491931E-05, -1.02445483E-04) (  1.49011612E-04, -1.02445483E-04)
   1.00000000       2.00000000       1.00000000     (  2.98023224E-04, -5.82076609E-06) ( -2.60770321E-04, -6.51925802E-05) (  2.04890966E-04,  1.39698386E-04)
   1.00000000      -2.00000000       0.00000000     ( -2.79396772E-05, -1.86264515E-04) ( -1.39698386E-05, -9.31322575E-05) ( -1.67638063E-04, -5.12227416E-05)
   1.00000000      -2.00000000       1.00000000     ( -4.19095159E-05,  2.60770321E-04) ( -4.65661287E-05,  2.04890966E-04) ( -5.12227416E-05,  1.49011612E-04)
   1.00000000      -1.00000000       0.00000000     ( -2.96160579E-03, -1.65030360E-02) ( -2.96160579E-03, -1.65030360E-02) ( -1.24797225E-02,  1.49011612E-02)
   1.00000000      -1.00000000       1.00000000     (  1.30385160E-04,  4.19095159E-05) ( -1.67638063E-04, -2.79396772E-04) ( -2.98023224E-04, -3.35276127E-04)
   1.00000000      -1.00000000       2.00000000     ( -9.31322575E-05,  1.86264515E-04) ( -2.09547579E-05,  7.45058060E-05) (  3.72529030E-05, -6.05359674E-05)
   2.00000000       0.00000000       0.00000000     (  0.00000000    ,  0.00000000    ) (  2.98023224E-04,  1.39698386E-04) ( -1.86264515E-04,  8.38190317E-05)
   2.00000000       0.00000000       1.00000000     (  7.45058060E-05, -1.30385160E-04) (  3.25962901E-05,  1.58324838E-04) ( -1.49011612E-04,  2.60770321E-04)
   2.00000000       1.00000000       0.00000000     ( -1.21071935E-04,  4.19095159E-05) (  2.42143869E-04, -8.38190317E-05) ( -9.89530236E-06, -1.39698386E-04)
   2.00000000       1.00000000       1.00000000     ( -3.25962901E-05,  4.65661287E-05) (  1.30385160E-04, -2.60770321E-04) ( -6.51925802E-05,  1.58324838E-04)
   2.00000000      -1.00000000       0.00000000     ( -2.79396772E-05,  1.30385160E-04) ( -5.58793545E-05,  2.60770321E-04) ( -3.02679837E-05,  1.39698386E-04)
   2.00000000      -1.00000000       1.00000000     ( -1.67638063E-04,  2.03726813E-06) ( -2.23517418E-04,  1.39698386E-05) (  1.21071935E-04,  1.04773790E-05)
