   0.00000000       0.00000000       1.00000000     (  2.41398811E-02,  1.10641122E-02) (  6.79865479E-03, -2.74926424E-02) (  0.00000000    ,  0.00000000    )
   0.00000000       0.00000000       2.00000000     (  5.38304448E-03, -5.15952706E-03) ( -2.07684934E-03,  1.05239451E-03) (  0.00000000    ,  0.00000000    )
   0.00000000       1.00000000       0.00000000     ( -6.59376383E-03,  9.27597284E-03) (  0.00000000    ,  0.00000000    ) (  1.92318112E-03,  3.96976247E-04)
   0.00000000       1.00000000       1.00000000     (  3.70666385E-03, -5.17815351E-03) (  4.69386578E-03, -8.79168510E-03) ( -4.69386578E-03,  8.79168510E-03)
   0.00000000       1.00000000       2.00000000     ( -6.68689609E-03,  6.65895641E-04) ( -3.94880772E-03,  1.85100362E-04) (  1.97440386E-03, -9.25501809E-05)
   0.00000000       2.00000000       0.00000000     ( -3.66009772E-03, -5.19677997E-03) (  0.00000000    ,  0.00000000    ) ( -5.81145287E-03,  4.16766852E-04)
   0.00000000       2.00000000       1.00000000     (  2.38418579E-03,  4.97326255E-03) ( -2.39349902E-03, -1.75088644E-03) (  4.78699803E-03,  3.50177288E-03)
   0.00000000      -2.00000000       0.00000000     ( -3.66009772E-03,  5.19677997E-03) (  0.00000000    ,  0.00000000    ) ( -5.81145287E-03, -4.16766852E-04)
   0.00000000      -2.00000000       1.00000000     ( -9.98377800E-03,  1.81607902E-03) ( -1.52736902E-03,  1.49942935E-03) ( -3.05473804E-03,  2.99885869E-03)
   0.00000000      -1.00000000       0.00000000     ( -6.59376383E-03, -9.27597284E-03) (  0.00000000    ,  0.00000000    ) (  1.92318112E-03, -3.96976247E-04)
   0.00000000      -1.00000000       1.00000000     (  1.41188502E-02, -1.61305070E-02) ( -7.24103302E-04, -1.89989805E-03) ( -7.24103302E-04, -1.89989805E-03)
   0.00000000      -1.00000000       2.00000000     (  1.49593689E-04, -3.17580998E-03) (  6.77537173E-04, -8.47503543E-04) (  3.38768587E-04, -4.23751771E-04)
   1.00000000       0.00000000       0.00000000     (  0.00000000    ,  0.00000000    ) ( -1.64285302E-02,  6.46337867E-03) (  2.70456076E-02,  2.24262476E-02)
   1.00000000       0.00000000       1.00000000     (  3.87430191E-03, -2.86847353E-03) ( -2.77161598E-02,  1.50874257E-02) ( -3.87430191E-03,  2.86847353E-03)
   1.00000000       0.00000000       2.00000000     (  1.26194209E-03,  3.11061740E-03) (  7.69272447E-03,  3.36207449E-03) ( -6.30971044E-04, -1.55530870E-03)
   1.00000000       1.00000000       0.00000000     (  5.53205609E-03,  3.62284482E-03) ( -5.53205609E-03, -3.62284482E-03) ( -8.43778253E-03,  5.32716513E-03)
   1.00000000       1.00000000       1.00000000     ( -3.59490514E-03, -8.70786607E-04) (  2.23517418E-03,  2.86381692E-04) (  1.35507435E-03,  5.84404916E-04)
   1.00000000       1.00000000       2.00000000     ( -1.08499080E-03, -2.65426934E-03) ( -5.12227416E-03, -9.12696123E-04) (  3.10130417E-03,  1.78348273E-03)
   1.00000000       2.00000000       0.00000000     ( -1.70432031E-03,  6.20260835E-03) (  8.52160156E-04, -3.10130417E-03) ( -1.33644789E-03,  5.49480319E-03)
   1.00000000       2.00000000       1.00000000     (  6.37024641E-03,  2.29105353E-03) ( -3.96743417E-03, -2.66358256E-03) (  1.56927854E-03,  3.04542482E-03)
   1.00000000      -2.00000000       0.00000000     (  4.20259312E-04, -3.16649675E-03) (  2.10129656E-04, -1.58324838E-03) ( -9.31322575E-04,  3.00817192E-03)
   1.00000000      -2.00000000       1.00000000     ( -1.34576112E-03,  1.40629709E-03) ( -1.66241080E-03,  2.24448740E-03) ( -1.97440386E-03,  3.07336450E-03)
   1.00000000      -1.00000000       0.00000000     ( -6.18398190E-03, -9.27597284E-03) ( -6.18398190E-03, -9.27597284E-03) ( -5.62518835E-03,  5.92321157E-03)
   1.00000000      -1.00000000       1.00000000     (  3.33413482E-03,  6.18398190E-03) ( -1.62050128E-03,  3.88361514E-03) ( -4.95463610E-03, -2.30967999E-03)
   1.00000000      -1.00000000       2.00000000     (  3.58559191E-03,  4.76837158E-03) (  6.14672899E-03,  3.80910933E-03) (  1.27591193E-03, -4.83123586E-04)
   2.00000000       0.00000000       0.00000000     (  0.00000000    ,  0.00000000    ) (  8.94069672E-03, -3.29688191E-03) ( -4.89875674E-03,  1.23400241E-03)
   2.00000000       0.00000000       1.00000000     ( -2.52388418E-03, -2.44937837E-03) (  1.64378434E-03,  8.19563866E-03) (  5.04776835E-03,  4.89875674E-03)
   2.00000000       1.00000000       0.00000000     ( -2.65426934E-03,  5.56465238E-04) (  5.30853868E-03, -1.11293048E-03) ( -7.65430741E-05, -8.82893801E-03)
   2.00000000       1.00000000       1.00000000     (  7.89295882E-04,  3.21306288E-03) ( -2.77534127E-03, -5.68106771E-03) (  1.19674951E-03, -7.49714673E-04)
   2.00000000      -1.00000000       0.00000000     (  1.76485628E-03,  1.34576112E-03) (  3.52971256E-03,  2.69152224E-03) ( -1.47847459E-04,  1.57393515E-03)
   2.00000000      -1.00000000       1.00000000     ( -2.91503966E-03,  9.03382897E-04) ( -1.99303031E-03, -1.42958015E-03) (  3.83704901E-03, -3.23168933E-03)
