   0.00000000       0.00000000      -2.00000000     (  1.27591193E-03,  2.66358256E-03) ( -2.16066837E-03, -7.13043846E-06) (  0.00000000    ,  0.00000000    )
   0.00000000       0.00000000      -1.00000000     (  1.76578760E-02,  4.59840521E-04) (  3.42726707E-02,  2.07126141E-02) (  0.00000000    ,  0.00000000    )
   0.00000000       1.00000000      -2.00000000     (  1.16415322E-03, -1.94631866E-06) ( -7.07805157E-04,  8.75443220E-04) ( -3.53902578E-04,  4.37721610E-04)
   0.00000000       1.00000000      -1.00000000     ( -2.10013241E-03,  2.95042992E-02) ( -5.64381480E-03, -2.44006515E-03) ( -5.64381480E-03, -2.44006515E-03)
   0.00000000       2.00000000      -1.00000000     ( -1.73225999E-03,  2.67755240E-04) (  1.57160684E-04,  7.17118382E-04) (  3.14321369E-04,  1.43423676E-03)
   0.00000000      -2.00000000      -1.00000000     (  2.16066837E-03,  9.31322575E-04) ( -7.45058060E-04, -2.30502337E-04) (  1.49011612E-03,  4.61004674E-04)
   0.00000000      -1.00000000      -2.00000000     ( -1.06170774E-03,  9.22009349E-04) ( -9.40635800E-04, -2.30502337E-04) (  4.70317900E-04,  1.15251169E-04)
   0.00000000      -1.00000000      -1.00000000     (  7.86036253E-03, -1.00210309E-02) ( -2.33296305E-03,  3.13855708E-03) (  2.33296305E-03, -3.13855708E-03)
   1.00000000       0.00000000      -2.00000000     ( -1.02445483E-03,  3.87080945E-05) ( -1.07102096E-03,  1.18277967E-03) ( -5.12227416E-04,  1.93540473E-05)
   1.00000000       0.00000000      -1.00000000     (  8.71717930E-03, -4.91738319E-03) ( -9.57399607E-03,  8.10250640E-04) (  8.71717930E-03, -4.91738319E-03)
   1.00000000       1.00000000      -2.00000000     ( -7.91624188E-04, -2.72411853E-04) (  9.03382897E-04, -2.30967999E-03) (  5.76255843E-05, -1.29453838E-03)
   1.00000000       1.00000000      -1.00000000     ( -1.84401870E-03,  1.49011612E-03) (  2.47731805E-03,  4.56348062E-04) (  6.28642738E-04,  1.93715096E-03)
   1.00000000       2.00000000      -1.00000000     (  4.70317900E-04, -1.38534233E-04) ( -7.21774995E-04, -5.58793545E-04) ( -9.77888703E-04, -1.24797225E-03)
   1.00000000      -2.00000000      -1.00000000     (  1.65775418E-03,  5.02914190E-04) (  1.06170774E-03,  6.28642738E-04) ( -4.65661287E-04, -7.54371285E-04)
   1.00000000      -1.00000000      -2.00000000     (  8.75443220E-04, -9.22009349E-04) (  1.22934580E-03, -6.70552254E-04) ( -1.76951289E-04, -1.26892701E-04)
   1.00000000      -1.00000000      -1.00000000     ( -3.84170562E-05,  1.95577741E-03) ( -1.37835741E-03,  1.02445483E-03) (  1.34110451E-03,  9.22009349E-04)
   2.00000000       0.00000000      -1.00000000     ( -5.30853868E-04, -3.35276127E-04) (  4.84287739E-04, -3.11993062E-04) ( -1.06170774E-03, -6.70552254E-04)
   2.00000000       1.00000000      -1.00000000     (  3.14321369E-04,  3.28291208E-04) ( -2.60770321E-04,  3.30619514E-04) (  3.67872417E-04,  9.87201929E-04)
   2.00000000      -1.00000000      -1.00000000     (  3.77185643E-04,  8.73114914E-05) (  1.33179128E-03, -1.21071935E-03) ( -5.77419996E-04,  1.38767064E-03)
