   0.00000000       0.00000000       1.00000000     (  1.48266554E-02, -7.56233931E-03) (  4.17232513E-02, -1.46776438E-02) (  0.00000000    ,  0.00000000    )
   0.00000000       0.00000000       2.00000000     ( -2.42143869E-04,  1.67638063E-04) (  2.23517418E-04, -1.16415322E-05) (  0.00000000    ,  0.00000000    )
   0.00000000       1.00000000       0.00000000     ( -4.58210707E-03, -4.12575901E-03) (  0.00000000    ,  0.00000000    ) (  1.24052167E-02,  1.03935599E-02)
   0.00000000       1.00000000       1.00000000     (  9.23871994E-03,  9.36910510E-03) (  1.78115442E-04, -1.63447112E-03) ( -1.78115442E-04,  1.63447112E-03)
   0.00000000       1.00000000       2.00000000     ( -2.79396772E-05,  9.31322575E-05) (  8.38190317E-05, -5.58793545E-05) ( -4.19095159E-05,  2.79396772E-05)
   0.00000000       2.00000000       0.00000000     ( -8.38190317E-05, -1.67638063E-04) (  0.00000000    ,  0.00000000    ) (  2.23517418E-04, -4.19095159E-05)
   0.00000000       2.00000000       1.00000000     ( -2.79396772E-04,  5.12227416E-05) (  6.98491931E-05,  4.19095159E-05) ( -1.39698386E-04, -8.38190317E-05)
   0.00000000      -2.00000000       0.00000000     ( -8.38190317E-05,  1.67638063E-04) (  0.00000000    ,  0.00000000    ) (  2.23517418E-04,  4.19095159E-05)
   0.00000000      -2.00000000       1.00000000     (  6.98491931E-05,  3.49245965E-05) (  6.05359674E-05,  1.11758709E-04) (  1.21071935E-04,  2.23517418E-04)
   0.00000000      -1.00000000       0.00000000     ( -4.58210707E-03,  4.12575901E-03) (  0.00000000    ,  0.00000000    ) (  1.24052167E-02, -1.03935599E-02)
   0.00000000      -1.00000000       1.00000000     ( -5.83007932E-03, -3.00258398E-02) ( -8.95932317E-03,  2.79396772E-03) ( -8.95932317E-03,  2.79396772E-03)
   0.00000000      -1.00000000       2.00000000     ( -1.49011612E-04,  2.09547579E-05) ( -3.72529030E-05,  5.58793545E-05) ( -1.86264515E-05,  2.79396772E-05)
   1.00000000       0.00000000       0.00000000     (  0.00000000    ,  0.00000000    ) ( -2.83867121E-02,  2.23517418E-02) (  2.05636024E-02,  4.16301191E-03)
   1.00000000       0.00000000       1.00000000     ( -3.98606062E-03,  5.63450158E-04) ( -1.94832683E-02, -1.63540244E-02) (  3.98606062E-03, -5.63450158E-04)
   1.00000000       0.00000000       2.00000000     (  1.86264515E-04,  5.12227416E-05) ( -1.21071935E-04, -9.31322575E-05) ( -9.31322575E-05, -2.56113708E-05)
   1.00000000       1.00000000       0.00000000     (  1.25728548E-03,  4.33064997E-03) ( -1.25728548E-03, -4.33064997E-03) ( -6.89178705E-03,  1.19954348E-02)
   1.00000000       1.00000000       1.00000000     ( -7.45058060E-05, -8.38190317E-05) (  2.98023224E-04,  1.39698386E-05) ( -2.23517418E-04,  6.51925802E-05)
   1.00000000       1.00000000       2.00000000     (  3.72529030E-04, -4.65661287E-05) ( -1.02445483E-04, -1.67638063E-04) ( -1.39698386E-04,  1.11758709E-04)
   1.00000000       2.00000000       0.00000000     ( -4.65661287E-05,  5.00222086E-08) (  2.32830644E-05, -2.50111043E-08) (  1.39698386E-04, -6.98491931E-05)
   1.00000000       2.00000000       1.00000000     (  3.72529030E-05, -3.25962901E-05) (  8.38190317E-05, -3.02679837E-05) ( -2.04890966E-04,  9.31322575E-05)
   1.00000000      -2.00000000       0.00000000     (  8.38190317E-05, -5.58793545E-05) (  4.19095159E-05, -2.79396772E-05) (  1.02445483E-04,  2.04890966E-04)
   1.00000000      -2.00000000       1.00000000     (  1.67638063E-04,  1.11758709E-04) (  2.56113708E-05,  6.98491931E-05) ( -1.11758709E-04,  2.32830644E-05)
   1.00000000      -1.00000000       0.00000000     (  2.60188244E-04, -5.64381480E-03) (  2.60188244E-04, -5.64381480E-03) ( -9.22009349E-03,  3.39746475E-02)
   1.00000000      -1.00000000       1.00000000     ( -3.72529030E-04, -1.49011612E-04) (  6.40284270E-06,  2.98023224E-04) (  3.72529030E-04,  4.47034836E-04)
   1.00000000      -1.00000000       2.00000000     (  1.67638063E-04, -3.49245965E-05) (  1.30385160E-04, -1.39698386E-04) ( -2.09547579E-05, -5.12227416E-05)
   2.00000000       0.00000000       0.00000000     (  0.00000000    ,  0.00000000    ) ( -1.02445483E-04, -2.79396772E-04) (  1.11758709E-04, -5.58793545E-05)
   2.00000000       0.00000000       1.00000000     (  2.09547579E-05,  3.49245965E-06) ( -4.65661287E-05, -1.02445483E-04) ( -4.19095159E-05, -6.98491931E-06)
   2.00000000       1.00000000       0.00000000     ( -6.98491931E-05, -5.58793545E-05) (  1.39698386E-04,  1.11758709E-04) (  4.19095159E-05, -1.67638063E-04)
   2.00000000       1.00000000       1.00000000     ( -2.79396772E-05,  4.19095159E-05) (  1.39698386E-04, -4.19095159E-05) ( -8.38190317E-05, -3.49245965E-05)
   2.00000000      -1.00000000       0.00000000     (  5.12227416E-05,  1.04773790E-05) (  1.02445483E-04,  2.09547579E-05) (  9.31322575E-05,  3.72529030E-05)
   2.00000000      -1.00000000       1.00000000     (  4.65661287E-05,  1.02445483E-04) (  1.39698386E-04,  9.31322575E-05) (  4.19095159E-05, -1.11758709E-04)
