   0.00000000       0.00000000      -2.00000000     (  5.69969416E-03,  1.09896064E-03) ( -7.86036253E-03,  4.47034836E-03) (  0.00000000    ,  0.00000000    )
   0.00000000       0.00000000      -1.00000000     (  1.89989805E-03,  1.11013651E-02) (  2.53319740E-02, -1.48080289E-03) (  0.00000000    ,  0.00000000    )
   0.00000000       1.00000000      -2.00000000     ( -5.82076609E-04,  2.55182385E-03) (  1.91852450E-03, -9.77888703E-04) (  9.59262252E-04, -4.88944352E-04)
   0.00000000       1.00000000      -1.00000000     ( -6.87316060E-03,  1.33737922E-02) ( -6.76140189E-03, -5.21540642E-03) ( -6.76140189E-03, -5.21540642E-03)
   0.00000000       2.00000000      -1.00000000     ( -7.68341124E-04, -1.62050128E-03) ( -9.91858542E-04,  1.21071935E-04) ( -1.98371708E-03,  2.42143869E-04)
   0.00000000      -2.00000000      -1.00000000     ( -8.89413059E-04,  4.06056643E-03) ( -7.45058060E-04, -1.26194209E-03) (  1.49011612E-03,  2.52388418E-03)
   0.00000000      -1.00000000      -2.00000000     (  4.11644578E-03,  4.06056643E-03) ( -1.01514161E-03, -2.19792128E-03) (  5.07570803E-04,  1.09896064E-03)
   0.00000000      -1.00000000      -1.00000000     ( -6.56582415E-04,  1.12922862E-04) (  4.07919288E-03,  1.23400241E-03) ( -4.07919288E-03, -1.23400241E-03)
   1.00000000       0.00000000      -2.00000000     ( -1.54599547E-03, -7.86967576E-04) (  1.37835741E-03,  5.47617674E-03) ( -7.72997737E-04, -3.93483788E-04)
   1.00000000       0.00000000      -1.00000000     (  9.64850187E-03, -5.51342964E-03) ( -4.69386578E-03,  2.62260437E-02) (  9.64850187E-03, -5.51342964E-03)
   1.00000000       1.00000000      -2.00000000     (  2.04890966E-03,  2.45869160E-03) ( -5.17815351E-03,  3.15485522E-04) ( -1.56462193E-03,  1.38767064E-03)
   1.00000000       1.00000000      -1.00000000     ( -2.42143869E-04,  7.52508640E-03) ( -2.20723450E-03, -4.89875674E-03) ( -2.44937837E-03,  2.64495611E-03)
   1.00000000       2.00000000      -1.00000000     (  2.25380063E-03, -3.05008143E-04) ( -1.16880983E-03, -3.63215804E-04) ( -8.61473382E-05, -1.03376806E-03)
   1.00000000      -2.00000000      -1.00000000     ( -1.62981451E-04, -8.70786607E-04) ( -1.39698386E-04, -3.67872417E-04) (  1.15833245E-04, -1.34459697E-04)
   1.00000000      -1.00000000      -2.00000000     ( -8.47503543E-04, -3.09199095E-03) ( -9.54605639E-04,  3.11061740E-03) (  5.44241630E-05, -3.11061740E-03)
   1.00000000      -1.00000000      -1.00000000     ( -4.35393304E-04,  5.19212335E-04) ( -8.10250640E-04, -2.12341547E-03) (  3.74857336E-04,  2.64495611E-03)
   2.00000000       0.00000000      -1.00000000     ( -1.54599547E-03,  1.83936208E-04) ( -7.07805157E-04, -1.38767064E-03) ( -3.09199095E-03,  3.67872417E-04)
   2.00000000       1.00000000      -1.00000000     (  2.25845724E-04, -2.51457095E-04) ( -2.99885869E-03, -8.80099833E-04) ( -2.55182385E-03, -1.37835741E-03)
   2.00000000      -1.00000000      -1.00000000     (  1.25728548E-03, -3.14321369E-04) (  1.28522515E-03,  1.42492354E-03) (  1.22003257E-03, -2.04890966E-03)
