    0.000000        0.000000       -2.000000      (8.5495412E-03,2.5518239E-03)
   (5.3085387E-03,-3.0267984E-03)  (0.000000,0.000000)
    0.000000        0.000000       -1.000000      
 (2.3096800E-02,-1.2405217E-02)  (-4.7869980E-03,1.9893050E-02)  
 (0.000000,0.000000)
    0.000000        1.000000       -2.000000      
 (-1.0821968E-02,-3.0733645E-03)  (-8.4051862E-04,-5.0105155E-03)  
 (-4.2025931E-04,-2.5052577E-03)
    0.000000        1.000000       -1.000000      (7.4133277E-03,9.7602606E-03)
   (-2.8032809E-03,3.6694109E-03)  (-2.8032809E-03,3.6694109E-03)
    0.000000        2.000000       -1.000000      
 (-1.2628734E-02,9.3504786E-03)  (-3.9301813E-03,-1.0035001E-03)  
 (-7.8603625E-03,-2.0070001E-03)
    0.000000       -2.000000       -1.000000      (1.0970980E-02,2.8312206E-03)
   (-2.0372681E-04,2.5564805E-03)  (4.0745363E-04,-5.1129609E-03)
    0.000000       -1.000000       -2.000000      
 (-8.4936619E-03,2.2444874E-03)  (-8.2887709E-03,-4.2127795E-05)  
 (4.1443855E-03,2.1063897E-05)
    0.000000       -1.000000       -1.000000      (3.9860606E-03,7.3341653E-04)
   (7.3760748E-03,6.0163438E-03)  (-7.3760748E-03,-6.0163438E-03)
    1.000000        0.000000       -2.000000      (7.0407987E-03,4.3492764E-03)
   (-2.2817403E-03,7.8417361E-03)  (3.5203993E-03,2.1746382E-03)
    1.000000        0.000000       -1.000000      
 (4.1723251E-03,-4.2055035E-05)  (9.5367432E-03,-2.3003668E-03)  
 (4.1723251E-03,-4.2055035E-05)
    1.000000        1.000000       -2.000000      
 (-3.1758100E-03,-2.8777868E-03)  (1.4808029E-03,-1.3113022E-02)  
 (-8.4517524E-04,-7.9907477E-03)
    1.000000        1.000000       -1.000000      
 (-8.6240470E-03,-5.0850213E-03)  (3.6321580E-03,-6.6938810E-04)  
 (-4.9825758E-03,-5.7555735E-03)
    1.000000        2.000000       -1.000000      
 (-9.9465251E-03,-3.8184226E-03)  (1.8905848E-03,2.4121255E-03)  
 (-6.1653554E-03,1.0058284E-03)
    1.000000       -2.000000       -1.000000      
 (-8.2654878E-04,-6.3888729E-03)  (-1.5692785E-03,-3.7252903E-03)  
 (2.3096800E-03,1.0617077E-03)
    1.000000       -1.000000       -2.000000      (4.4889748E-03,2.5378540E-03)
   (-3.1571835E-03,2.8032809E-03)  (3.8184226E-03,-1.3300451E-04)
    1.000000       -1.000000       -1.000000      
 (-8.8661909E-03,2.6915222E-03)  (-8.5681677E-03,1.0593794E-03)  
 (-3.0559022E-04,1.6298145E-03)
    2.000000        0.000000       -1.000000      
 (-5.7858415E-04,4.4144690E-03)  (-7.8929588E-04,7.0780516E-03)  
 (-1.1571683E-03,8.8289380E-03)
    2.000000        1.000000       -1.000000      (3.7020072E-04,3.1839591E-04)
   (4.1816384E-03,-7.0035458E-03)  (4.9173832E-03,-6.3702464E-03)
    2.000000       -1.000000       -1.000000      
 (-1.6344711E-03,2.1536835E-04)  (1.0570511E-03,4.2561442E-03)  
 (-4.3306500E-03,-3.8184226E-03)
