   0.00000000       0.00000000      -2.00000000     (  4.50760126E-03,  8.14907253E-04) ( -5.96046448E-03,  3.37138772E-03) (  0.00000000    ,  0.00000000    )
   0.00000000       0.00000000      -1.00000000     (  2.56113708E-03,  1.12503767E-02) (  2.68220901E-02, -5.77419996E-04) (  0.00000000    ,  0.00000000    )
   0.00000000       1.00000000      -2.00000000     ( -1.65309757E-04,  2.00234354E-03) (  1.72294676E-03, -5.72763383E-04) (  8.61473382E-04, -2.86381692E-04)
   0.00000000       1.00000000      -1.00000000     ( -6.76140189E-03,  1.43423676E-02) ( -7.13393092E-03, -5.02914190E-03) ( -7.13393092E-03, -5.02914190E-03)
   0.00000000       2.00000000      -1.00000000     ( -1.04308128E-03, -1.50874257E-03) ( -9.54605639E-04,  2.72411853E-04) ( -1.90921128E-03,  5.44823706E-04)
   0.00000000      -2.00000000      -1.00000000     ( -5.68106771E-04,  3.11061740E-03) ( -4.26080078E-04, -8.84756446E-04) (  8.52160156E-04,  1.76951289E-03)
   0.00000000      -1.00000000      -2.00000000     (  3.11061740E-03,  3.22237611E-03) ( -6.23986125E-04, -1.75088644E-03) (  3.11993062E-04,  8.75443220E-04)
   0.00000000      -1.00000000      -1.00000000     (  2.75904313E-04, -4.22587618E-04) (  4.02331352E-03,  1.21537596E-03) ( -4.02331352E-03, -1.21537596E-03)
   1.00000000       0.00000000      -2.00000000     ( -1.28522515E-03, -6.00703061E-04) (  1.35973096E-03,  4.43309546E-03) ( -6.42612576E-04, -3.00351530E-04)
   1.00000000       0.00000000      -1.00000000     (  9.83476639E-03, -5.49480319E-03) ( -4.95463610E-03,  2.58535147E-02) (  9.83476639E-03, -5.49480319E-03)
   1.00000000       1.00000000      -2.00000000     (  1.66706741E-03,  1.96509063E-03) ( -4.06056643E-03,  2.79396772E-04) ( -1.20140612E-03,  1.11758709E-03)
   1.00000000       1.00000000      -1.00000000     ( -7.21774995E-04,  6.37024641E-03) ( -1.89058483E-03, -4.06056643E-03) ( -2.60770321E-03,  2.30967999E-03)
   1.00000000       2.00000000      -1.00000000     (  1.73225999E-03, -3.46917659E-04) ( -1.09896064E-03, -3.51574272E-04) ( -4.63332981E-04, -1.04308128E-03)
   1.00000000      -2.00000000      -1.00000000     ( -2.49128789E-04, -9.82545316E-04) ( -7.50878826E-05, -3.51574272E-04) ( -1.00117177E-04, -2.79396772E-04)
   1.00000000      -1.00000000      -2.00000000     ( -5.02914190E-04, -2.32830644E-03) ( -8.66129994E-04,  2.38418579E-03) (  1.81607902E-04, -2.36555934E-03)
   1.00000000      -1.00000000      -1.00000000     ( -1.94413587E-04,  4.79631126E-04) ( -5.58793545E-04, -1.40629709E-03) (  3.63215804E-04,  1.88127160E-03)
   2.00000000       0.00000000      -1.00000000     ( -1.28522515E-03,  1.80443749E-04) ( -2.11875886E-04, -1.40629709E-03) ( -2.57045031E-03,  3.60887498E-04)
   2.00000000       1.00000000      -1.00000000     (  7.27595761E-05, -3.58559191E-04) ( -2.30967999E-03, -3.35276127E-04) ( -2.16066837E-03, -1.05239451E-03)
   2.00000000      -1.00000000      -1.00000000     (  1.08033419E-03, -1.93249434E-04) (  8.94069672E-04,  1.27591193E-03) (  1.25728548E-03, -1.66706741E-03)
