    0.000000        0.000000       -2.000000      (3.5110861E-03,6.4028427E-04)
   (4.2282045E-03,-3.6600977E-03)  (0.000000,0.000000)
    0.000000        0.000000       -1.000000      
 (2.1606684E-02,-1.1958182E-02)  (-1.2889504E-02,1.6912818E-02)  
 (0.000000,0.000000)
    0.000000        1.000000       -2.000000      
 (-9.6857548E-03,8.1956387E-04)  (-2.8032809E-03,2.8125942E-03)  
 (-1.4016405E-03,1.4062971E-03)
    0.000000        1.000000       -1.000000      (8.4936619E-03,4.1164458E-03)
   (-1.0803342E-03,5.6810677E-03)  (-1.0803342E-03,5.6810677E-03)
    0.000000        2.000000       -1.000000      
 (-7.7858567E-03,8.3819032E-03)  (-1.7974526E-03,-5.4387783E-06)  
 (-3.5949051E-03,-1.0877557E-05)
    0.000000       -2.000000       -1.000000      (3.9022416E-03,2.1886081E-03)
   (-9.2666596E-04,7.3574483E-04)  (1.8533319E-03,-1.4714897E-03)
    0.000000       -1.000000       -2.000000      
 (-6.2212348E-03,1.3737008E-03)  (-1.5925616E-03,2.5518239E-03)  
 (7.9628080E-04,-1.2759119E-03)
    0.000000       -1.000000       -1.000000      
 (5.6996942E-03,-7.0035458E-03)  (5.0850213E-03,4.1723251E-03)  
 (-5.0850213E-03,-4.1723251E-03)
    1.000000        0.000000       -2.000000      (5.8300793E-03,1.4947727E-03)
   (-4.3958426E-03,1.5879050E-03)  (2.9150397E-03,7.4738637E-04)
    1.000000        0.000000       -1.000000      
 (3.3341348E-03,-1.4249235E-03)  (5.2899122E-03,-6.7986548E-03)  
 (3.3341348E-03,-1.4249235E-03)
    1.000000        1.000000       -2.000000      
 (-3.1013042E-03,1.9976869E-03)  (-3.1013042E-03,-9.1642141E-03)  
 (-3.1013042E-03,-3.5949051E-03)
    1.000000        1.000000       -1.000000      
 (-6.1467290E-03,2.1792948E-03)  (2.3376197E-03,-1.6018748E-03)  
 (-3.8091093E-03,5.7974830E-04)
    1.000000        2.000000       -1.000000      
 (-4.9360096E-03,1.7229468E-03)  (3.3411197E-04,2.0395964E-03)  
 (-4.2840838E-03,5.7928264E-03)
    1.000000       -2.000000       -1.000000      
 (1.4668331E-03,-9.7323209E-04)  (-8.5856300E-05,-5.4715201E-04)  
 (1.6391277E-03,1.2165401E-04)
    1.000000       -1.000000       -2.000000      
 (2.8312206E-03,-1.1315569E-03)  (-4.0140003E-03,1.0174699E-03)  
 (3.4179538E-03,-1.0756776E-03)
    1.000000       -1.000000       -1.000000      
 (-7.3015690E-03,4.5821071E-03)  (-3.0174851E-03,4.9294613E-06)  
 (-4.2840838E-03,4.5821071E-03)
    2.000000        0.000000       -1.000000      (2.6449561E-03,1.8905848E-03)
   (9.2759728E-03,5.1595271E-03)  (5.2899122E-03,3.7811697E-03)
    2.000000        1.000000       -1.000000      
 (-1.3830140E-03,-2.1886081E-03)  (1.4854595E-03,-2.4796464E-04)  
 (-1.2805685E-03,-4.6193600E-03)
    2.000000       -1.000000       -1.000000      
 (-1.0523945E-03,1.8766150E-03)  (-3.1664968E-04,3.9488077E-03)  
 (-1.7881393E-03,-1.9324943E-04)
