   0.00000000       0.00000000       1.00000000     (  1.03935599E-02, -1.14738941E-02) (  4.05311584E-02, -8.79168510E-03) (  0.00000000    ,  0.00000000    )
   0.00000000       0.00000000       2.00000000     (  6.70552254E-04, -2.04890966E-04) ( -6.14672899E-04, -1.25728548E-04) (  0.00000000    ,  0.00000000    )
   0.00000000       1.00000000       0.00000000     ( -3.38332029E-05, -4.49828804E-03) (  0.00000000    ,  0.00000000    ) (  1.53109431E-02,  5.10364771E-03)
   0.00000000       1.00000000       1.00000000     (  7.46920705E-03,  5.71832061E-03) (  2.38884240E-03, -1.21304765E-03) ( -2.38884240E-03,  1.21304765E-03)
   0.00000000       1.00000000       2.00000000     (  2.51457095E-04, -3.07336450E-04) ( -1.49011612E-04,  1.35041773E-04) (  7.45058060E-05, -6.75208867E-05)
   0.00000000       2.00000000       0.00000000     (  4.09781933E-04,  1.86264515E-04) (  0.00000000    ,  0.00000000    ) ( -1.62981451E-04,  1.07102096E-04)
   0.00000000       2.00000000       1.00000000     (  3.91155481E-04, -1.53668225E-04) ( -6.05359674E-05, -9.31322575E-05) (  1.21071935E-04,  1.86264515E-04)
   0.00000000      -2.00000000       0.00000000     (  4.09781933E-04, -1.86264515E-04) (  0.00000000    ,  0.00000000    ) ( -1.62981451E-04, -1.07102096E-04)
   0.00000000      -2.00000000       1.00000000     ( -2.51457095E-04,  8.84756446E-05) ( -2.23517418E-04, -2.51457095E-04) ( -4.47034836E-04, -5.02914190E-04)
   0.00000000      -1.00000000       0.00000000     ( -3.38332029E-05,  4.49828804E-03) (  0.00000000    ,  0.00000000    ) (  1.53109431E-02, -5.10364771E-03)
   0.00000000      -1.00000000       1.00000000     ( -6.85453415E-03, -2.54809856E-02) ( -9.70438123E-03,  3.75322998E-03) ( -9.70438123E-03,  3.75322998E-03)
   0.00000000      -1.00000000       2.00000000     (  2.42143869E-04, -1.62981451E-04) (  2.32830644E-04, -5.82076609E-05) (  1.16415322E-04, -2.91038305E-05)
   1.00000000       0.00000000       0.00000000     (  0.00000000    ,  0.00000000    ) ( -3.21865082E-02,  2.17556953E-02) (  1.81421638E-02, -8.59145075E-04)
   1.00000000       0.00000000       1.00000000     ( -3.26894224E-03,  4.08617780E-04) ( -1.35228038E-02, -1.80676579E-02) (  3.26894224E-03, -4.08617780E-04)
   1.00000000       0.00000000       2.00000000     ( -4.47034836E-04, -2.70083547E-04) (  2.42143869E-04,  1.67638063E-04) (  2.23517418E-04,  1.35041773E-04)
   1.00000000       1.00000000       0.00000000     (  3.25031579E-03,  4.69386578E-03) ( -3.25031579E-03, -4.69386578E-03) ( -2.72877514E-03,  1.13993883E-02)
   1.00000000       1.00000000       1.00000000     (  1.95577741E-04,  2.32830644E-04) ( -6.51925802E-04,  5.58793545E-05) (  4.47034836E-04, -2.98023224E-04)
   1.00000000       1.00000000       2.00000000     ( -7.07805157E-04,  1.25728548E-04) (  3.16649675E-04,  4.28408384E-04) (  1.95577741E-04, -2.79396772E-04)
   1.00000000       2.00000000       0.00000000     ( -1.11758709E-04,  2.51457095E-04) (  5.58793545E-05, -1.25728548E-04) ( -2.32830644E-04, -5.82076609E-05)
   1.00000000       2.00000000       1.00000000     (  5.23868948E-06,  1.44354999E-04) ( -1.67638063E-04, -2.21189111E-05) (  3.35276127E-04, -1.02445483E-04)
   1.00000000      -2.00000000       0.00000000     (  4.07453626E-05,  2.70083547E-04) (  2.03726813E-05,  1.35041773E-04) ( -1.95577741E-04, -3.91155481E-04)
   1.00000000      -2.00000000       1.00000000     ( -4.09781933E-04, -8.84756446E-05) ( -1.07102096E-04, -4.94765118E-06) (  1.95577741E-04,  7.68341124E-05)
   1.00000000      -1.00000000       0.00000000     (  1.31316483E-03, -4.29339707E-03) (  1.31316483E-03, -4.29339707E-03) ( -7.97212124E-03,  3.13669443E-02)
   1.00000000      -1.00000000       1.00000000     (  8.56816769E-04,  3.91155481E-04) (  3.37604433E-05, -7.07805157E-04) ( -8.19563866E-04, -1.08033419E-03)
   1.00000000      -1.00000000       2.00000000     ( -3.53902578E-04, -2.09547579E-05) ( -1.07102096E-04,  2.98023224E-04) (  1.25728548E-04,  1.58324838E-04)
   2.00000000       0.00000000       0.00000000     (  0.00000000    ,  0.00000000    ) (  1.44354999E-04,  5.77419996E-04) ( -2.51457095E-04, -1.02445483E-04)
   2.00000000       0.00000000       1.00000000     ( -6.28642738E-05,  2.67755240E-05) ( -8.14907253E-05,  7.68341124E-05) (  1.25728548E-04, -5.35510480E-05)
   2.00000000       1.00000000       0.00000000     (  6.05359674E-05,  4.19095159E-05) ( -1.21071935E-04, -8.38190317E-05) (  1.07102096E-04,  1.76951289E-04)
   2.00000000       1.00000000       1.00000000     ( -2.09547579E-05, -6.28642738E-05) ( -2.51457095E-04,  2.04890966E-04) (  2.98023224E-04, -7.45058060E-05)
   2.00000000      -1.00000000       0.00000000     ( -1.76951289E-04, -1.16415322E-04) ( -3.53902578E-04, -2.32830644E-04) (  4.42378223E-05, -7.27595761E-06)
   2.00000000      -1.00000000       1.00000000     ( -5.12227416E-05, -3.53902578E-04) ( -1.76951289E-04, -2.32830644E-04) ( -7.21774995E-05,  4.84287739E-04)
