   0.00000000       0.00000000      -2.00000000     (  6.83590770E-03,  5.49480319E-03) ( -6.23986125E-04, -1.53202564E-03) (  0.00000000    ,  0.00000000    )
   0.00000000       0.00000000      -1.00000000     (  2.33203173E-02, -1.11386180E-02) (  3.76254320E-03,  2.52574682E-02) (  0.00000000    ,  0.00000000    )
   0.00000000       1.00000000      -2.00000000     ( -1.08033419E-03,  2.74740160E-03) (  8.35862011E-04, -1.24331564E-03) (  4.17931005E-04, -6.21657819E-04)
   0.00000000       1.00000000      -1.00000000     (  1.25169754E-02,  1.46403909E-02) ( -1.54133886E-03,  2.11410224E-03) ( -1.54133886E-03,  2.11410224E-03)
   0.00000000       2.00000000      -1.00000000     ( -1.06170774E-02, -2.48546712E-04) ( -1.50874257E-03, -1.54133886E-03) ( -3.01748514E-03, -3.08267772E-03)
   0.00000000      -2.00000000      -1.00000000     (  3.88361514E-03, -4.33064997E-03) ( -2.37487257E-03,  2.40281224E-03) (  4.74974513E-03, -4.80562449E-03)
   0.00000000      -1.00000000      -2.00000000     ( -7.91624188E-03,  2.14786269E-04) ( -6.09084964E-03, -4.48198989E-04) (  3.04542482E-03,  2.24099495E-04)
   0.00000000      -1.00000000      -1.00000000     (  3.15718353E-03,  4.74974513E-03) (  5.64381480E-03,  7.97212124E-03) ( -5.64381480E-03, -7.97212124E-03)
   1.00000000       0.00000000      -2.00000000     (  1.34110451E-03,  5.71832061E-03) ( -4.69386578E-03,  8.79168510E-03) (  6.70552254E-04,  2.85916030E-03)
   1.00000000       0.00000000      -1.00000000     (  3.35276127E-03,  3.80678102E-04) (  6.61239028E-03, -1.11758709E-03) (  3.35276127E-03,  3.80678102E-04)
   1.00000000       1.00000000      -2.00000000     ( -5.55068254E-03, -3.11993062E-03) (  6.70552254E-03, -6.22123480E-03) (  5.82076609E-04, -4.67523932E-03)
   1.00000000       1.00000000      -1.00000000     ( -8.67992640E-03, -4.30271029E-03) (  7.05942512E-03,  7.82893039E-05) ( -1.63447112E-03, -4.21889126E-03)
   1.00000000       2.00000000      -1.00000000     ( -4.26545739E-03, -2.82889232E-04) (  2.08383426E-04,  1.73691660E-03) ( -3.84636223E-03,  3.18512321E-03)
   1.00000000      -2.00000000      -1.00000000     (  1.62981451E-04, -2.55182385E-03) (  9.75560397E-04, -2.65426934E-03) ( -1.78813934E-03,  2.75671482E-03)
   1.00000000      -1.00000000      -2.00000000     ( -4.77302819E-04, -9.22009349E-04) (  1.17346644E-03, -1.24331564E-03) ( -8.26548785E-04,  1.60653144E-04)
   1.00000000      -1.00000000      -1.00000000     ( -3.44589353E-03,  6.28642738E-04) ( -6.57513738E-03,  8.59145075E-04) (  3.13855708E-03, -2.32830644E-04)
   2.00000000       0.00000000      -1.00000000     ( -2.39349902E-03,  2.65426934E-04) ( -1.02072954E-02,  3.30619514E-03) ( -4.78699803E-03,  5.30853868E-04)
   2.00000000       1.00000000      -1.00000000     (  6.61239028E-04,  2.09081918E-03) (  1.40629709E-03, -4.67523932E-03) (  2.72877514E-03, -4.88944352E-04)
   2.00000000      -1.00000000      -1.00000000     (  1.01746991E-03, -2.33761966E-03) (  2.70083547E-03, -3.54833901E-03) ( -6.68223947E-04, -1.11525878E-03)
