    0.000000        0.000000        1.000000      (2.1010637E-02,1.1622906E-02)
   (-1.1622906E-02,-1.6316772E-02)  (0.000000,0.000000)
    0.000000        0.000000        2.000000      
 (4.4703484E-03,-9.7556040E-04)  (5.0477684E-03,4.2933971E-03)  
 (0.000000,0.000000)
    0.000000        1.000000        0.000000      (2.4493784E-03,5.7555735E-03)
   (0.000000,0.000000)  (4.2468309E-03,-1.3085082E-03)
    0.000000        1.000000        1.000000      (5.1781535E-03,5.7369471E-03)
   (5.2526593E-03,-4.1536987E-03)  (-5.2526593E-03,4.1536987E-03)
    0.000000        1.000000        2.000000      
 (-7.1711838E-03,-1.7695129E-03)  (-2.4680048E-03,-2.5331974E-03)  
 (1.2340024E-03,1.2665987E-03)
    0.000000        2.000000        0.000000      
 (-4.1909516E-03,1.1082739E-03)  (0.000000,0.000000)  
 (6.7986548E-04,2.4400651E-03)
    0.000000        2.000000        1.000000      
 (5.6624413E-03,-2.5052577E-03)  (-8.5216016E-04,-1.0407530E-03)  
 (1.7043203E-03,2.0815060E-03)
    0.000000       -2.000000        0.000000      
 (-4.1909516E-03,-1.1082739E-03)  (0.000000,0.000000)  
 (6.7986548E-04,-2.4400651E-03)
    0.000000       -2.000000        1.000000      
 (-9.6485019E-03,-9.8347664E-03)  (-2.4307519E-03,3.0617230E-04)  
 (-4.8615038E-03,6.1234459E-04)
    0.000000       -1.000000        0.000000      
 (2.4493784E-03,-5.7555735E-03)  (0.000000,0.000000)  
 (4.2468309E-03,1.3085082E-03)
    0.000000       -1.000000        1.000000      
 (7.6368451E-03,-4.3585896E-03)  (-1.2526289E-03,-5.2899122E-03)  
 (-1.2526289E-03,-5.2899122E-03)
    0.000000       -1.000000        2.000000      
 (-1.1362135E-02,-3.2945536E-04)  (-2.9988587E-03,-2.2817403E-03)  
 (-1.4994293E-03,-1.1408702E-03)
    1.000000        0.000000        0.000000      (0.000000,0.000000)  
 (-2.7120113E-02,5.7183206E-03)  (1.5869737E-02,1.8402934E-02)
    1.000000        0.000000        1.000000      
 (-3.2968819E-03,-2.4773180E-03)  (-1.6391277E-02,1.3411045E-02)  
 (3.2968819E-03,2.4773180E-03)
    1.000000        0.000000        2.000000      (1.5716068E-04,1.9650906E-03)
   (3.8463622E-03,7.4505806E-03)  (-7.8580342E-05,-9.8254532E-04)
    1.000000        1.000000        0.000000      
 (2.3841858E-03,-1.3876706E-03)  (-2.3841858E-03,1.3876706E-03)  
 (-8.9872628E-04,3.1478703E-03)
    1.000000        1.000000        1.000000      (2.1373853E-03,4.1071326E-03)
   (-3.4365803E-03,-3.7346035E-03)  (1.3038516E-03,-3.7020072E-04)
    1.000000        1.000000        2.000000      
 (-3.7625432E-03,2.0815060E-03)  (3.7951395E-04,-3.3341348E-03)  
 (1.6950071E-03,6.2631443E-04)
    1.000000        2.000000        0.000000      (3.7159771E-03,2.0721927E-03)
   (-1.8579885E-03,-1.0360964E-03)  (2.7101487E-03,6.3888729E-03)
    1.000000        2.000000        1.000000      (2.0256266E-03,2.3422763E-03)
   (-2.1653250E-03,1.0011718E-03)  (2.3050234E-03,-4.3399632E-03)
    1.000000       -2.000000        0.000000      (1.5785918E-03,5.3830445E-03)
   (7.8929588E-04,2.6915222E-03)  (-4.0791929E-03,-5.5995770E-04)
    1.000000       -2.000000        1.000000      
 (-3.3434480E-03,-1.7881393E-03)  (-1.4109537E-03,-1.3923272E-03)  
 (5.2270480E-04,-9.9884346E-04)
    1.000000       -1.000000        0.000000      
 (-1.3969839E-04,2.3166649E-04)  (-1.3969839E-04,2.3166649E-04)  
 (-6.3329935E-03,2.9336661E-03)
    1.000000       -1.000000        1.000000      
 (1.0468066E-02,-4.6193600E-03)  (2.7660280E-03,-2.2817403E-03)  
 (-7.6927245E-03,2.3376197E-03)
    1.000000       -1.000000        2.000000      
 (-4.6845526E-03,-1.8766150E-03)  (-7.3760748E-03,-4.1909516E-03)  
 (-1.3457611E-03,-1.1571683E-03)
    2.000000        0.000000        0.000000      (0.000000,0.000000)  
 (9.0710819E-03,-1.6065314E-03)  (-5.5530109E-04,-6.9616362E-04)
    2.000000        0.000000        1.000000      
 (-1.5087426E-03,4.9360096E-03)  (2.4959445E-03,6.6682696E-03)  
 (3.0174851E-03,-9.8720193E-03)
    2.000000        1.000000        0.000000      
 (-1.7369166E-03,-3.0640513E-03)  (3.4738332E-03,6.1281025E-03)  
 (-7.0780516E-03,6.4074993E-03)
    2.000000        1.000000        1.000000      (2.4586916E-03,2.9429793E-03)
   (-2.3376197E-03,-1.0691583E-02)  (-2.5890768E-03,4.8056245E-03)
    2.000000       -1.000000        0.000000      
 (-4.1723251E-03,-2.4959445E-03)  (-8.3446503E-03,-4.9918890E-03)  
 (-2.5669578E-04,3.4365803E-03)
    2.000000       -1.000000        1.000000      
 (-3.1478703E-03,2.1653250E-03)  (-1.8300489E-03,7.1711838E-03)  
 (4.4703484E-03,2.8405339E-03)
