    0.000000        0.000000        1.000000      (2.3096800E-02,1.2330711E-02)
   (-4.1164458E-03,-2.0340085E-02)  (0.000000,0.000000)
    0.000000        0.000000        2.000000      
 (8.4191561E-03,-2.7660280E-03)  (4.9453229E-03,2.6868656E-03)  
 (0.000000,0.000000)
    0.000000        1.000000        0.000000      
 (-4.2025931E-04,1.1697412E-02)  (0.000000,0.000000)  
 (2.8405339E-03,-3.4831464E-03)
    0.000000        1.000000        1.000000      
 (3.8743019E-03,-1.1967495E-03)  (7.3947012E-03,-6.1653554E-03)  
 (-7.3947012E-03,6.1653554E-03)
    0.000000        1.000000        2.000000      
 (-8.3819032E-03,-2.0721927E-03)  (-8.4377825E-03,1.6792910E-04)  
 (4.2188913E-03,-8.3964551E-05)
    0.000000        2.000000        0.000000      
 (-2.6659109E-04,-5.1129609E-03)  (0.000000,0.000000)  
 (-3.1106174E-03,1.8533319E-03)
    0.000000        2.000000        1.000000      
 (1.0430813E-02,-2.4633482E-03)  (-3.0966476E-04,-2.5797635E-03)  
 (6.1932951E-04,5.1595271E-03)
    0.000000       -2.000000        0.000000      
 (-2.6659109E-04,5.1129609E-03)  (0.000000,0.000000)  
 (-3.1106174E-03,-1.8533319E-03)
    0.000000       -2.000000        1.000000      
 (-1.2181699E-02,-8.5495412E-03)  (-3.6880374E-03,9.7090378E-04)  
 (-7.3760748E-03,1.9418076E-03)
    0.000000       -1.000000        0.000000      
 (-4.2025931E-04,-1.1697412E-02)  (0.000000,0.000000)  
 (2.8405339E-03,3.4831464E-03)
    0.000000       -1.000000        1.000000      
 (7.7113509E-03,-1.0244548E-02)  (-2.8312206E-03,-3.5203993E-03)  
 (-2.8312206E-03,-3.5203993E-03)
    0.000000       -1.000000        2.000000      
 (-9.8906457E-03,2.8219074E-03)  (-5.8673322E-04,5.1409006E-03)  
 (-2.9336661E-04,2.5704503E-03)
    1.000000        0.000000        0.000000      (0.000000,0.000000)  
 (-2.4214387E-02,4.9732625E-03)  (2.1606684E-02,1.9073486E-02)
    1.000000        0.000000        1.000000      
 (-5.8789738E-05,-4.5262277E-03)  (-2.3618340E-02,1.6167760E-02)  
 (5.8789738E-05,4.5262277E-03)
    1.000000        0.000000        2.000000      (1.2526289E-03,1.5227124E-03)
   (5.3364784E-03,9.4808638E-03)  (-6.2631443E-04,-7.6135620E-04)
    1.000000        1.000000        0.000000      
 (4.8615038E-03,-7.4272975E-04)  (-4.8615038E-03,7.4272975E-04)  
 (-5.0850213E-03,2.1513551E-03)
    1.000000        1.000000        1.000000      
 (-2.1979213E-03,2.7893111E-03)  (9.6159056E-04,-1.6577542E-03)  
 (1.2363307E-03,-1.1292286E-03)
    1.000000        1.000000        2.000000      
 (-3.1851232E-03,-1.6205013E-03)  (-2.8871000E-03,-5.7183206E-03)  
 (3.0361116E-03,3.6694109E-03)
    1.000000        2.000000        0.000000      
 (-5.5297278E-04,4.3772161E-03)  (2.7648639E-04,-2.1886081E-03)  
 (1.8812716E-03,1.0877848E-02)
    1.000000        2.000000        1.000000      (6.0535967E-03,4.2002648E-03)
   (-1.4808029E-03,-1.5879050E-03)  (-3.1013042E-03,-1.0244548E-03)
    1.000000       -2.000000        0.000000      
 (-1.1012889E-03,3.9581209E-03)  (-5.5064447E-04,1.9790605E-03)  
 (-6.1281025E-03,-7.0780516E-04)
    1.000000       -2.000000        1.000000      
 (-1.4947727E-03,1.0337681E-03)  (-5.9721060E-04,1.8300489E-03)  
 (3.0209776E-04,2.6263297E-03)
    1.000000       -1.000000        0.000000      
 (-4.0046871E-03,-9.8254532E-04)  (-4.0046871E-03,-9.8254532E-04)  
 (-4.7311187E-03,4.1350722E-03)
    1.000000       -1.000000        1.000000      (1.3224781E-02,6.9849193E-03)
   (4.6938658E-03,6.8731606E-03)  (-8.5309148E-03,-1.1496013E-04)
    1.000000       -1.000000        2.000000      (9.7788870E-04,4.2933971E-03)
   (5.8324076E-04,-1.5879050E-03)  (-1.9848812E-04,-2.9429793E-03)
    2.000000        0.000000        0.000000      (0.000000,0.000000)  
 (1.4454126E-02,-7.3574483E-03)  (-1.9464642E-03,4.6472996E-03)
    2.000000        0.000000        1.000000      
 (-5.0291419E-03,2.4586916E-03)  (5.5786222E-03,1.3001263E-02)  
 (1.0058284E-02,-4.9173832E-03)
    2.000000        1.000000        0.000000      
 (-1.7229468E-03,-8.6380169E-04)  (3.4458935E-03,1.7276034E-03)  
 (-4.3679029E-03,-2.3655593E-03)
    2.000000        1.000000        1.000000      (3.3993274E-03,5.7928264E-03)
   (-6.3516200E-03,-1.2181699E-02)  (-4.3772161E-04,5.9953891E-04)
    2.000000       -1.000000        0.000000      
 (2.3719622E-05,-2.4540350E-03)  (4.7439244E-05,-4.9080700E-03)  
 (1.8626451E-03,3.8370490E-03)
    2.000000       -1.000000        1.000000      
 (-5.5693090E-03,8.9639798E-04)  (-5.9604645E-03,6.1234459E-04)  
 (5.1688403E-03,-1.1827797E-03)
