    0.000000        0.000000        1.000000      (2.2575259E-02,1.2256205E-02)
   (-5.7555735E-03,-1.8924475E-02)  (0.000000,0.000000)
    0.000000        0.000000        2.000000      
 (8.4377825E-03,-2.2025779E-03)  (5.6810677E-03,3.5483390E-03)  
 (0.000000,0.000000)
    0.000000        1.000000        0.000000      (2.1420419E-04,1.0915101E-02)
   (0.000000,0.000000)  (3.1385571E-03,-3.2782555E-03)
    0.000000        1.000000        1.000000      (4.0419400E-03,4.8457878E-05)
   (7.1339309E-03,-5.6251884E-03)  (-7.1339309E-03,5.6251884E-03)
    0.000000        1.000000        2.000000      
 (-8.4377825E-03,-2.4354085E-03)  (-7.7299774E-03,-2.0721927E-04)  
 (3.8649887E-03,1.0360964E-04)
    0.000000        2.000000        0.000000      
 (-1.2223609E-03,-3.6973506E-03)  (0.000000,0.000000)  
 (-2.3469329E-03,2.5657937E-03)
    0.000000        2.000000        1.000000      
 (1.1418015E-02,-3.1758100E-03)  (-1.0157237E-04,-2.4586916E-03)  
 (2.0314474E-04,4.9173832E-03)
    0.000000       -2.000000        0.000000      
 (-1.2223609E-03,3.6973506E-03)  (0.000000,0.000000)  
 (-2.3469329E-03,-2.5657937E-03)
    0.000000       -2.000000        1.000000      
 (-1.2964010E-02,-1.0281801E-02)  (-4.1257590E-03,1.0570511E-03)  
 (-8.2515180E-03,2.1141022E-03)
    0.000000       -1.000000        0.000000      
 (2.1420419E-04,-1.0915101E-02)  (0.000000,0.000000)  
 (3.1385571E-03,3.2782555E-03)
    0.000000       -1.000000        1.000000      
 (6.9104135E-03,-8.7916851E-03)  (-2.6356429E-03,-3.8370490E-03)  
 (-2.6356429E-03,-3.8370490E-03)
    0.000000       -1.000000        2.000000      
 (-1.1920929E-02,3.2037497E-03)  (-1.2665987E-03,4.4796616E-03)  
 (-6.3329935E-04,2.2398308E-03)
    1.000000        0.000000        0.000000      (0.000000,0.000000)  
 (-2.4884939E-02,4.9173832E-03)  (2.0116568E-02,1.8551946E-02)
    1.000000        0.000000        1.000000      
 (-8.0559403E-04,-4.2095780E-03)  (-2.2277236E-02,1.5795231E-02)  
 (8.0559403E-04,4.2095780E-03)
    1.000000        0.000000        2.000000      (1.2107193E-03,1.3387762E-03)
   (5.2712858E-03,1.0598451E-02)  (-6.0535967E-04,-6.6938810E-04)
    1.000000        1.000000        0.000000      
 (4.4703484E-03,-1.1734664E-03)  (-4.4703484E-03,1.1734664E-03)  
 (-4.1723251E-03,2.0675361E-03)
    1.000000        1.000000        1.000000      
 (-1.2014061E-03,3.4458935E-03)  (-1.1408702E-04,-2.1373853E-03)  
 (1.3154931E-03,-1.3038516E-03)
    1.000000        1.000000        2.000000      
 (-3.6228448E-03,-6.9965608E-04)  (-1.9278377E-03,-5.9790909E-03)  
 (2.7753413E-03,3.3341348E-03)
    1.000000        2.000000        0.000000      (4.8195943E-04,3.4738332E-03)
   (-2.4097972E-04,-1.7369166E-03)  (2.9709190E-03,1.0486692E-02)
    1.000000        2.000000        1.000000      (5.3644180E-03,4.3865293E-03)
   (-1.4994293E-03,-9.8254532E-04)  (-2.3609027E-03,-2.4167821E-03)
    1.000000       -2.000000        0.000000      
 (-5.9604645E-04,6.0535967E-03)  (-2.9802322E-04,3.0267984E-03)  
 (-6.8731606E-03,-9.8953024E-04)
    1.000000       -2.000000        1.000000      
 (-1.3271347E-03,6.7753717E-04)  (-8.8766683E-05,1.3620593E-03)  
 (1.1501834E-03,2.0489097E-03)
    1.000000       -1.000000        0.000000      
 (-3.1758100E-03,-2.0547304E-04)  (-3.1758100E-03,-2.0547304E-04)  
 (-4.9918890E-03,4.0419400E-03)
    1.000000       -1.000000        1.000000      (1.4454126E-02,4.9266964E-03)
   (5.2526593E-03,5.1409006E-03)  (-9.2014670E-03,2.1653250E-04)
    1.000000       -1.000000        2.000000      
 (-7.9162419E-04,2.6961789E-03)  (-2.3329630E-03,-2.9522926E-03)  
 (-7.7066943E-04,-2.8219074E-03)
    2.000000        0.000000        0.000000      (0.000000,0.000000)  
 (1.4714897E-02,-6.5565109E-03)  (-1.2572855E-03,3.8277358E-03)
    2.000000        0.000000        1.000000      
 (-4.6193600E-03,3.6787242E-03)  (5.6810677E-03,1.2591481E-02)  
 (9.2387199E-03,-7.3574483E-03)
    2.000000        1.000000        0.000000      
 (-1.7555431E-03,-1.6111881E-03)  (3.5110861E-03,3.2223761E-03)  
 (-5.8300793E-03,-1.6327249E-04)
    2.000000        1.000000        1.000000      (3.6042184E-03,5.7648867E-03)
   (-6.2398612E-03,-1.3448298E-02)  (-9.6624717E-04,1.9324943E-03)
    2.000000       -1.000000        0.000000      
 (-8.8242814E-04,-2.9988587E-03)  (-1.7648563E-03,-5.9977174E-03)  
 (2.2863969E-03,4.2188913E-03)
    2.000000       -1.000000        1.000000      
 (-5.6065619E-03,1.4714897E-03)  (-5.8021396E-03,2.7008355E-03)  
 (5.4202974E-03,-2.4097972E-04)
