   0.00000000       0.00000000      -2.00000000     (  6.68689609E-03,  4.39584255E-03) (  1.23400241E-03, -1.46217644E-03) (  0.00000000    ,  0.00000000    )
   0.00000000       0.00000000      -1.00000000     (  2.30967999E-02, -1.15111470E-02) (  1.03842467E-03,  2.35438347E-02) (  0.00000000    ,  0.00000000    )
   0.00000000       1.00000000      -2.00000000     ( -2.99885869E-03,  8.14907253E-04) (  6.44940883E-04, -3.15718353E-03) (  3.22470441E-04, -1.57859176E-03)
   0.00000000       1.00000000      -1.00000000     (  1.08033419E-02,  1.33365393E-02) ( -2.29105353E-03,  2.44937837E-03) ( -2.29105353E-03,  2.44937837E-03)
   0.00000000       2.00000000      -1.00000000     ( -9.35047865E-03,  2.10478902E-03) ( -1.56927854E-03, -1.12224370E-03) ( -3.13855708E-03, -2.24448740E-03)
   0.00000000      -2.00000000      -1.00000000     (  5.30853868E-03, -1.97906047E-03) ( -1.55996531E-03,  2.48663127E-03) (  3.11993062E-03, -4.97326255E-03)
   0.00000000      -1.00000000      -2.00000000     ( -7.43195415E-03,  7.98609108E-04) ( -6.83590770E-03, -5.56465238E-04) (  3.41795385E-03,  2.78232619E-04)
   0.00000000      -1.00000000      -1.00000000     (  3.14787030E-03,  3.94880772E-03) (  6.59376383E-03,  7.35744834E-03) ( -6.59376383E-03, -7.35744834E-03)
   1.00000000       0.00000000      -2.00000000     (  2.46800482E-03,  4.97326255E-03) ( -3.62284482E-03,  8.06525350E-03) (  1.23400241E-03,  2.48663127E-03)
   1.00000000       0.00000000      -1.00000000     (  3.55765224E-03,  4.00468707E-04) (  8.27014446E-03, -9.28994268E-04) (  3.55765224E-03,  4.00468707E-04)
   1.00000000       1.00000000      -2.00000000     ( -4.40515578E-03, -3.58559191E-03) (  5.21540642E-03, -7.30156898E-03) (  4.09781933E-04, -5.43892384E-03)
   1.00000000       1.00000000      -1.00000000     ( -7.82310963E-03, -4.58210707E-03) (  5.64381480E-03, -1.68802217E-04) ( -2.18395144E-03, -4.74974513E-03)
   1.00000000       2.00000000      -1.00000000     ( -5.38304448E-03, -2.05356628E-03) (  6.70552254E-04,  1.32247806E-03) ( -4.05125320E-03,  5.89061528E-04)
   1.00000000      -2.00000000      -1.00000000     (  6.07687980E-04, -3.40864062E-03) (  3.74857336E-04, -3.25031579E-03) ( -1.43190846E-04,  3.09199095E-03)
   1.00000000      -1.00000000      -2.00000000     (  8.40518624E-04,  8.61473382E-04) (  5.58793545E-04,  2.21189111E-04) (  1.40280463E-04,  3.20142135E-04)
   1.00000000      -1.00000000      -1.00000000     ( -4.45172191E-03,  9.68575478E-04) ( -6.85453415E-03,  8.96397978E-04) (  2.40281224E-03,  7.21774995E-05)
   2.00000000       0.00000000      -1.00000000     ( -2.05356628E-03,  1.39698386E-03) ( -8.21426511E-03,  3.93018126E-03) ( -4.10713255E-03,  2.79396772E-03)
   2.00000000       1.00000000      -1.00000000     (  9.15024430E-04,  1.84867531E-03) (  1.89524144E-03, -5.12227416E-03) (  3.72529030E-03, -1.42958015E-03)
   2.00000000      -1.00000000      -1.00000000     (  5.29689714E-04, -1.94180757E-03) (  2.40281224E-03, -1.31316483E-03) ( -1.34576112E-03, -2.57045031E-03)
