    0.000000        0.000000       -2.000000      (8.3632767E-03,2.1373853E-03)
   (5.7090074E-03,-3.6228448E-03)  (0.000000,0.000000)
    0.000000        0.000000       -1.000000      
 (2.2649765E-02,-1.2293458E-02)  (-5.9604645E-03,1.8849969E-02)  
 (0.000000,0.000000)
    0.000000        1.000000       -2.000000      
 (-1.2032688E-02,-3.1758100E-03)  (-1.3411045E-03,-4.3306500E-03)  
 (-6.7055225E-04,-2.1653250E-03)
    0.000000        1.000000       -1.000000      (6.8731606E-03,8.6426735E-03)
   (-2.6170164E-03,3.8929284E-03)  (-2.6170164E-03,3.8929284E-03)
    0.000000        2.000000       -1.000000      
 (-1.2964010E-02,1.0374933E-02)  (-4.1257590E-03,-1.0640360E-03)  
 (-8.2515180E-03,-2.1280721E-03)
    0.000000       -2.000000       -1.000000      (1.1399388E-02,3.1944364E-03)
   (-9.1968104E-05,2.4260953E-03)  (1.8393621E-04,-4.8521906E-03)
    0.000000       -1.000000       -2.000000      
 (-8.3819032E-03,2.4540350E-03)  (-7.5809658E-03,2.5727786E-04)  
 (3.7904829E-03,-1.2863893E-04)
    0.000000       -1.000000       -1.000000      
 (4.0791929E-03,-1.9441359E-04)  (7.1339309E-03,5.5879354E-03)  
 (-7.1339309E-03,-5.5879354E-03)
    1.000000        0.000000       -2.000000      (7.8044832E-03,3.8743019E-03)
   (-2.3050234E-03,7.1525574E-03)  (3.9022416E-03,1.9371510E-03)
    1.000000        0.000000       -1.000000      
 (4.1536987E-03,-2.2700988E-04)  (9.1269612E-03,-2.7939677E-03)  
 (4.1536987E-03,-2.2700988E-04)
    1.000000        1.000000       -2.000000      
 (-3.0081719E-03,-2.2584572E-03)  (3.0500814E-04,-1.3597310E-02)  
 (-1.3527460E-03,-7.9348683E-03)
    1.000000        1.000000       -1.000000      
 (-8.5122883E-03,-4.2933971E-03)  (3.0919909E-03,-8.2422048E-04)  
 (-5.4202974E-03,-5.1129609E-03)
    1.000000        2.000000       -1.000000      
 (-1.0058284E-02,-3.0081719E-03)  (1.9604340E-03,2.6589260E-03)  
 (-6.1281025E-03,2.3143366E-03)
    1.000000       -2.000000       -1.000000      
 (-9.1968104E-04,-6.4261258E-03)  (-1.5879050E-03,-3.3620745E-03)  
 (2.2538006E-03,2.8230716E-04)
    1.000000       -1.000000       -2.000000      (4.8615038E-03,2.1792948E-03)
   (-3.7811697E-03,2.6822090E-03)  (4.3213367E-03,-2.5203917E-04)
    1.000000       -1.000000       -1.000000      
 (-9.4994903E-03,3.1199306E-03)  (-8.2328916E-03,8.7777153E-04)  
 (-1.2759119E-03,2.2398308E-03)
    2.000000        0.000000       -1.000000      (6.7811925E-05,4.6845526E-03)
   (1.5925616E-03,7.4133277E-03)  (1.3562385E-04,9.3691051E-03)
    2.000000        1.000000       -1.000000      
 (3.7689460E-05,-3.4400728E-04)  (4.3213367E-03,-6.7800283E-03)  
 (4.3958426E-03,-7.4692070E-03)
    2.000000       -1.000000       -1.000000      
 (-1.8812716E-03,9.8720193E-04)  (6.6822395E-04,5.2619725E-03)  
 (-4.4237822E-03,-3.2875687E-03)
