    0.000000        0.000000       -2.000000      (1.7788261E-03,5.9080776E-05)
   (2.3934990E-03,-2.1606684E-03)  (0.000000,0.000000)
    0.000000        0.000000       -1.000000      
 (2.3245811E-02,-1.2926757E-02)  (-1.5571713E-02,1.8775463E-02)  
 (0.000000,0.000000)
    0.000000        1.000000       -2.000000      
 (-5.6624413E-03,9.2200935E-04)  (-1.8719584E-03,2.4959445E-03)  
 (-9.3597919E-04,1.2479722E-03)
    0.000000        1.000000       -1.000000      (1.0579824E-02,3.9488077E-03)
   (-7.4272975E-04,6.5192580E-03)  (-7.4272975E-04,6.5192580E-03)
    0.000000        2.000000       -1.000000      
 (-3.9674342E-03,4.8056245E-03)  (-6.9849193E-04,2.6542693E-04)  
 (-1.3969839E-03,5.3085387E-04)
    0.000000       -2.000000       -1.000000      (1.3411045E-03,1.3783574E-03)
   (-8.0559403E-04,2.7823262E-04)  (1.6111881E-03,-5.5646524E-04)
    0.000000       -1.000000       -2.000000      
 (-3.7997961E-03,6.6589564E-04)  (-2.8638169E-04,1.8719584E-03)  
 (1.4319085E-04,-9.3597919E-04)
    0.000000       -1.000000       -1.000000      
 (6.9849193E-03,-9.8347664E-03)  (4.7683716E-03,4.3585896E-03)  
 (-4.7683716E-03,-4.3585896E-03)
    1.000000        0.000000       -2.000000      (3.3155084E-03,6.3329935E-04)
   (-2.9057264E-03,7.6368451E-04)  (1.6577542E-03,3.1664968E-04)
    1.000000        0.000000       -1.000000      
 (3.2130629E-03,-1.8626451E-03)  (4.1536987E-03,-8.6054206E-03)  
 (3.2130629E-03,-1.8626451E-03)
    1.000000        1.000000       -2.000000      
 (-2.0768493E-03,1.8719584E-03)  (-1.8067658E-03,-4.9546361E-03)  
 (-1.9464642E-03,-1.5366822E-03)
    1.000000        1.000000       -1.000000      
 (-3.7439167E-03,1.9185245E-03)  (1.9744039E-03,-9.7788870E-04)  
 (-1.7695129E-03,9.3597919E-04)
    1.000000        2.000000       -1.000000      
 (-2.4121255E-03,1.1827797E-03)  (5.3551048E-05,1.2386590E-03)  
 (-2.3096800E-03,3.6507845E-03)
    1.000000       -2.000000       -1.000000      
 (8.8475645E-04,-3.9348379E-04)  (-7.3850970E-06,-6.1467290E-04)  
 (8.9872628E-04,8.3353370E-04)
    1.000000       -1.000000       -2.000000      
 (1.4249235E-03,-8.7078661E-04)  (-2.8498471E-03,8.0559403E-04)  
 (2.1420419E-03,-8.3819032E-04)
    1.000000       -1.000000       -1.000000      
 (-4.1164458E-03,3.1478703E-03)  (-1.2945384E-03,-1.8044375E-04)  
 (-2.8125942E-03,3.3155084E-03)
    2.000000        0.000000       -1.000000      (1.7322600E-03,7.4971467E-04)
   (6.2212348E-03,2.9243529E-03)  (3.4645200E-03,1.4994293E-03)
    2.000000        1.000000       -1.000000      
 (-9.3597919E-04,-1.4435500E-03)  (5.4482371E-04,8.9872628E-04)  
 (-1.3317913E-03,-1.9930303E-03)
    2.000000       -1.000000       -1.000000      
 (-8.5681677E-04,8.8941306E-04)  (-7.3108822E-04,2.0209700E-03)  
 (-9.8254532E-04,-2.4330802E-04)
