   0.00000000       0.00000000      -2.00000000     (  5.96046448E-03,  5.40167093E-03) ( -1.74157321E-03, -1.25728548E-03) (  0.00000000    ,  0.00000000    )
   0.00000000       0.00000000      -1.00000000     (  2.36928463E-02, -1.09896064E-02) (  5.77419996E-03,  2.65985727E-02) (  0.00000000    ,  0.00000000    )
   0.00000000       1.00000000      -2.00000000     ( -1.22236088E-04,  3.23168933E-03) (  7.28759915E-04,  2.96859071E-04) (  3.64379957E-04,  1.48429535E-04)
   0.00000000       1.00000000      -1.00000000     (  1.35600567E-02,  1.55717134E-02) ( -9.75560397E-04,  1.95577741E-03) ( -9.75560397E-04,  1.95577741E-03)
   0.00000000       2.00000000      -1.00000000     ( -1.03935599E-02, -1.48545951E-03) ( -1.53668225E-03, -1.56462193E-03) ( -3.07336450E-03, -3.12924385E-03)
   0.00000000      -2.00000000      -1.00000000     (  2.78465450E-03, -4.99188900E-03) ( -2.48663127E-03,  1.97440386E-03) (  4.97326255E-03, -3.94880772E-03)
   0.00000000      -1.00000000      -2.00000000     ( -7.18981028E-03, -4.03961167E-04) ( -4.65661287E-03, -2.56695785E-04) (  2.32830644E-03,  1.28347892E-04)
   0.00000000      -1.00000000      -1.00000000     (  3.46451998E-03,  5.06639481E-03) (  4.95463610E-03,  8.45640898E-03) ( -4.95463610E-03, -8.45640898E-03)
   1.00000000       0.00000000      -2.00000000     (  3.92319635E-04,  5.45755029E-03) ( -4.67523932E-03,  8.10250640E-03) (  1.96159817E-04,  2.72877514E-03)
   1.00000000       0.00000000      -1.00000000     (  3.42726707E-03,  3.41096893E-04) (  5.30853868E-03, -1.42026693E-03) (  3.42726707E-03,  3.41096893E-04)
   1.00000000       1.00000000      -2.00000000     ( -5.45755029E-03, -1.90455467E-03) (  6.38887286E-03, -5.30853868E-03) (  4.66825441E-04, -3.60421836E-03)
   1.00000000       1.00000000      -1.00000000     ( -8.08387995E-03, -3.60421836E-03) (  6.76140189E-03,  3.10828909E-04) ( -1.31782144E-03, -3.29688191E-03)
   1.00000000       2.00000000      -1.00000000     ( -3.26894224E-03,  7.56699592E-04) ( -3.63797881E-05,  1.89989805E-03) ( -3.33413482E-03,  4.56348062E-03)
   1.00000000      -2.00000000      -1.00000000     ( -2.31084414E-04, -1.91386789E-03) (  1.17346644E-03, -1.74157321E-03) ( -2.57976353E-03,  1.56927854E-03)
   1.00000000      -1.00000000      -2.00000000     ( -1.20606273E-03, -2.00700015E-03) (  8.89413059E-04, -1.94180757E-03) ( -1.04773790E-03, -3.20142135E-05)
   1.00000000      -1.00000000      -1.00000000     ( -2.58907676E-03,  4.42378223E-04) ( -5.53205609E-03,  7.70669430E-04) (  2.94297934E-03, -3.28291208E-04)
   2.00000000       0.00000000      -1.00000000     ( -2.19792128E-03, -3.55066732E-04) ( -9.08970833E-03,  2.48663127E-03) ( -4.39584255E-03, -7.10133463E-04)
   2.00000000       1.00000000      -1.00000000     (  3.11993062E-04,  1.67638063E-03) (  1.13155693E-03, -3.62284482E-03) (  1.76019967E-03, -2.67755240E-04)
   2.00000000      -1.00000000      -1.00000000     (  8.98726285E-04, -2.07684934E-03) (  2.17929482E-03, -4.35858965E-03) ( -3.86498868E-04,  2.06055120E-04)
