   0.00000000       0.00000000       1.00000000     (  1.08033419E-02, -1.12876296E-02) (  4.08291817E-02, -9.29459929E-03) (  0.00000000    ,  0.00000000    )
   0.00000000       0.00000000       2.00000000     (  5.21540642E-04, -1.67638063E-04) ( -4.65661287E-04, -8.38190317E-05) (  0.00000000    ,  0.00000000    )
   0.00000000       1.00000000       0.00000000     ( -3.37604433E-04, -4.50760126E-03) (  0.00000000    ,  0.00000000    ) (  1.51619315E-02,  5.55068254E-03)
   0.00000000       1.00000000       1.00000000     (  7.72997737E-03,  6.01634383E-03) (  2.23983079E-03, -1.23167410E-03) ( -2.23983079E-03,  1.23167410E-03)
   0.00000000       1.00000000       2.00000000     (  1.86264515E-04, -2.23517418E-04) ( -1.21071935E-04,  1.02445483E-04) (  6.05359674E-05, -5.12227416E-05)
   0.00000000       2.00000000       0.00000000     (  3.16649675E-04,  1.49011612E-04) (  0.00000000    ,  0.00000000    ) ( -1.39698386E-04,  7.91624188E-05)
   0.00000000       2.00000000       1.00000000     (  3.16649675E-04, -1.11758709E-04) ( -5.35510480E-05, -7.45058060E-05) (  1.07102096E-04,  1.49011612E-04)
   0.00000000      -2.00000000       0.00000000     (  3.16649675E-04, -1.49011612E-04) (  0.00000000    ,  0.00000000    ) ( -1.39698386E-04, -7.91624188E-05)
   0.00000000      -2.00000000       1.00000000     ( -1.95577741E-04,  5.35510480E-05) ( -1.76951289E-04, -1.95577741E-04) ( -3.53902578E-04, -3.91155481E-04)
   0.00000000      -1.00000000       0.00000000     ( -3.37604433E-04,  4.50760126E-03) (  0.00000000    ,  0.00000000    ) (  1.51619315E-02, -5.55068254E-03)
   0.00000000      -1.00000000       1.00000000     ( -6.83590770E-03, -2.59280205E-02) ( -9.72300768E-03,  3.69735062E-03) ( -9.72300768E-03,  3.69735062E-03)
   0.00000000      -1.00000000       2.00000000     (  1.95577741E-04, -1.21071935E-04) (  1.67638063E-04, -5.12227416E-05) (  8.38190317E-05, -2.56113708E-05)
   1.00000000       0.00000000       0.00000000     (  0.00000000    ,  0.00000000    ) ( -3.21120024E-02,  2.19792128E-02) (  1.82911754E-02, -5.27361408E-04)
   1.00000000       0.00000000       1.00000000     ( -3.33413482E-03,  4.51691449E-04) ( -1.40443444E-02, -1.81049109E-02) (  3.33413482E-03, -4.51691449E-04)
   1.00000000       0.00000000       2.00000000     ( -3.53902578E-04, -2.04890966E-04) (  1.95577741E-04,  1.30385160E-04) (  1.76951289E-04,  1.02445483E-04)
   1.00000000       1.00000000       0.00000000     (  3.13855708E-03,  4.75905836E-03) ( -3.13855708E-03, -4.75905836E-03) ( -3.09199095E-03,  1.14738941E-02)
   1.00000000       1.00000000       1.00000000     (  1.58324838E-04,  1.86264515E-04) ( -5.02914190E-04,  3.72529030E-05) (  3.53902578E-04, -2.23517418E-04)
   1.00000000       1.00000000       2.00000000     ( -5.58793545E-04,  1.02445483E-04) (  2.42143869E-04,  3.35276127E-04) (  1.58324838E-04, -2.14204192E-04)
   1.00000000       2.00000000       0.00000000     ( -8.38190317E-05,  1.86264515E-04) (  4.19095159E-05, -9.31322575E-05) ( -1.86264515E-04, -4.19095159E-05)
   1.00000000       2.00000000       1.00000000     ( -6.69388101E-06,  1.07102096E-04) ( -1.30385160E-04, -1.16415322E-05) (  2.79396772E-04, -8.38190317E-05)
   1.00000000      -2.00000000       0.00000000     (  1.97906047E-05,  2.04890966E-04) (  9.89530236E-06,  1.02445483E-04) ( -1.49011612E-04, -3.16649675E-04)
   1.00000000      -2.00000000       1.00000000     ( -3.16649675E-04, -7.91624188E-05) ( -7.91624188E-05, -1.28056854E-05) (  1.58324838E-04,  5.35510480E-05)
   1.00000000      -1.00000000       0.00000000     (  1.22468919E-03, -4.44240868E-03) (  1.22468919E-03, -4.44240868E-03) ( -8.08387995E-03,  3.18884850E-02)
   1.00000000      -1.00000000       1.00000000     (  6.70552254E-04,  2.98023224E-04) (  2.67755240E-05, -5.21540642E-04) ( -6.33299351E-04, -8.19563866E-04)
   1.00000000      -1.00000000       2.00000000     ( -2.79396772E-04, -1.51339918E-05) ( -9.77888703E-05,  2.42143869E-04) (  8.84756446E-05,  1.25728548E-04)
   2.00000000       0.00000000       0.00000000     (  0.00000000    ,  0.00000000    ) (  1.21071935E-04,  4.47034836E-04) ( -1.95577741E-04, -6.98491931E-05)
   2.00000000       0.00000000       1.00000000     ( -4.88944352E-05,  1.97906047E-05) ( -5.12227416E-05,  6.98491931E-05) (  9.77888703E-05, -3.95812094E-05)
   2.00000000       1.00000000       0.00000000     (  5.35510480E-05,  3.72529030E-05) ( -1.07102096E-04, -7.45058060E-05) (  7.91624188E-05,  1.49011612E-04)
   2.00000000       1.00000000       1.00000000     ( -1.28056854E-05, -5.35510480E-05) ( -2.04890966E-04,  1.58324838E-04) (  2.23517418E-04, -4.88944352E-05)
   2.00000000      -1.00000000       0.00000000     ( -1.30385160E-04, -8.38190317E-05) ( -2.60770321E-04, -1.67638063E-04) (  1.86264515E-05, -1.39698386E-05)
   2.00000000      -1.00000000       1.00000000     ( -4.42378223E-05, -2.79396772E-04) ( -1.39698386E-04, -1.86264515E-04) ( -5.35510480E-05,  3.53902578E-04)
