   0.00000000       0.00000000      -2.00000000     (  8.38190317E-03,  2.33761966E-03) ( -1.23307109E-02,  6.35161996E-03) (  0.00000000    ,  0.00000000    )
   0.00000000       0.00000000      -1.00000000     (  3.95812094E-04,  1.08405948E-02) (  2.19047070E-02, -3.89292836E-03) (  0.00000000    ,  0.00000000    )
   0.00000000       1.00000000      -2.00000000     ( -1.87195837E-03,  3.33413482E-03) (  1.41095370E-03, -2.71014869E-03) (  7.05476850E-04, -1.35507435E-03)
   0.00000000       1.00000000      -1.00000000     ( -7.41332769E-03,  1.15111470E-02) ( -5.75557351E-03, -5.68106771E-03) ( -5.75557351E-03, -5.68106771E-03)
   0.00000000       2.00000000      -1.00000000     (  1.42492354E-03, -1.05705112E-03) ( -7.47386366E-04, -2.40979716E-04) ( -1.49477273E-03, -4.81959432E-04)
   0.00000000      -2.00000000      -1.00000000     ( -9.12696123E-04,  4.69386578E-03) ( -1.71363354E-03, -1.60653144E-03) (  3.42726707E-03,  3.21306288E-03)
   0.00000000      -1.00000000      -2.00000000     (  6.12810254E-03,  5.17815351E-03) ( -2.88709998E-03, -2.52388418E-03) (  1.44354999E-03,  1.26194209E-03)
   0.00000000      -1.00000000      -1.00000000     ( -3.59490514E-03,  1.61584467E-03) (  4.06056643E-03,  1.25728548E-03) ( -4.06056643E-03, -1.25728548E-03)
   1.00000000       0.00000000      -2.00000000     ( -2.01165676E-03, -1.34110451E-03) (  5.75091690E-04,  6.89178705E-03) ( -1.00582838E-03, -6.70552254E-04)
   1.00000000       0.00000000      -1.00000000     (  9.49949026E-03, -5.58793545E-03) ( -3.98606062E-03,  2.75671482E-02) (  9.49949026E-03, -5.58793545E-03)
   1.00000000       1.00000000      -2.00000000     (  2.15135515E-03,  3.00817192E-03) ( -6.03497028E-03, -3.02679837E-04) ( -1.94646418E-03,  1.35041773E-03)
   1.00000000       1.00000000      -1.00000000     (  2.05822289E-03,  8.23289156E-03) ( -1.87195837E-03, -5.56930900E-03) (  1.85100362E-04,  2.66358256E-03)
   1.00000000       2.00000000      -1.00000000     (  2.88709998E-03,  8.42846930E-04) ( -4.95929271E-04, -4.56930138E-05) (  1.89058483E-03,  7.49714673E-04)
   1.00000000      -2.00000000      -1.00000000     (  4.65661287E-04,  1.21537596E-03) ( -8.49831849E-05,  1.14669092E-04) (  6.33299351E-04,  9.87201929E-04)
   1.00000000      -1.00000000      -2.00000000     ( -1.44354999E-03, -5.23403287E-03) ( -1.02445483E-03,  4.11644578E-03) ( -2.08965503E-04, -4.67523932E-03)
   1.00000000      -1.00000000      -1.00000000     ( -1.75088644E-03,  4.91272658E-04) ( -1.96509063E-03, -4.39584255E-03) (  2.20024958E-04,  4.88013029E-03)
   2.00000000       0.00000000      -1.00000000     ( -1.86264515E-03, -3.46335582E-05) ( -3.31550837E-03, -5.61121851E-04) ( -3.72529030E-03, -6.92671165E-05)
   2.00000000       1.00000000      -1.00000000     (  1.29919499E-03,  8.98726285E-04) ( -4.17232513E-03, -2.74740160E-03) ( -1.57859176E-03, -9.45292413E-04)
   2.00000000      -1.00000000      -1.00000000     (  9.91858542E-04, -7.33416528E-04) (  1.91852450E-03,  9.82545316E-04) (  6.25732355E-05, -2.44937837E-03)
