   0.00000000       0.00000000      -2.00000000     (  5.30853868E-04,  1.95577741E-03) ( -1.50874257E-03,  4.74974513E-04) (  0.00000000    ,  0.00000000    )
   0.00000000       0.00000000      -1.00000000     (  2.78651714E-02, -9.42498446E-03) (  2.19792128E-02,  3.43471766E-02) (  0.00000000    ,  0.00000000    )
   0.00000000       1.00000000      -2.00000000     ( -1.81607902E-04,  5.58793545E-04) (  4.23751771E-04,  9.77888703E-04) (  2.11875886E-04,  4.88944352E-04)
   0.00000000       1.00000000      -1.00000000     (  1.32992864E-02,  2.40653753E-02) (  8.00937414E-04, -7.28759915E-04) (  8.00937414E-04, -7.28759915E-04)
   0.00000000       2.00000000      -1.00000000     ( -3.42726707E-03, -7.17118382E-04) ( -7.17118382E-04, -5.16884029E-04) ( -1.43423676E-03, -1.03376806E-03)
   0.00000000      -2.00000000      -1.00000000     (  7.72997737E-04, -1.43423676E-03) ( -6.23986125E-04,  1.37370080E-04) (  1.24797225E-03, -2.74740160E-04)
   0.00000000      -1.00000000      -2.00000000     ( -1.95577741E-03, -6.61239028E-04) ( -4.33064997E-04, -2.16532499E-04) (  2.16532499E-04,  1.08266249E-04)
   0.00000000      -1.00000000      -1.00000000     (  7.74860382E-03,  3.24216671E-04) (  1.96159817E-04,  1.10268593E-02) ( -1.96159817E-04, -1.10268593E-02)
   1.00000000       0.00000000      -2.00000000     ( -1.01514161E-03,  1.21071935E-03) ( -1.11758709E-03,  1.52736902E-03) ( -5.07570803E-04,  6.05359674E-04)
   1.00000000       0.00000000      -1.00000000     (  7.46920705E-03, -1.36438757E-03) ( -4.93600965E-03, -3.29688191E-03) (  7.46920705E-03, -1.36438757E-03)
   1.00000000       1.00000000      -2.00000000     ( -1.41561031E-03,  7.35744834E-04) (  5.77419996E-04, -1.54599547E-03) ( -4.19095159E-04, -4.05125320E-04)
   1.00000000       1.00000000      -1.00000000     ( -1.17346644E-03, -2.79396772E-04) (  1.34110451E-03,  5.30853868E-04) (  1.62981451E-04,  2.53785402E-04)
   1.00000000       2.00000000      -1.00000000     (  9.08039510E-05,  4.93600965E-04) ( -3.81842256E-04,  5.58793545E-04) ( -6.70552254E-04,  1.60187483E-03)
   1.00000000      -2.00000000      -1.00000000     (  5.68106771E-04,  2.06637196E-05) (  6.61239028E-04,  6.14672899E-04) ( -7.54371285E-04, -1.21071935E-03)
   1.00000000      -1.00000000      -2.00000000     ( -5.87897375E-05, -1.03376806E-03) ( -4.88944352E-04, -4.88944352E-04) (  2.16532499E-04, -2.74740160E-04)
   1.00000000      -1.00000000      -1.00000000     ( -6.05359674E-04,  5.12227416E-04) ( -1.22934580E-03,  2.16532499E-04) (  6.23986125E-04,  2.98023224E-04)
   2.00000000       0.00000000      -1.00000000     ( -5.40167093E-04, -2.79396772E-04) ( -4.33064997E-04,  8.61473382E-05) ( -1.08033419E-03, -5.58793545E-04)
   2.00000000       1.00000000      -1.00000000     ( -4.14438546E-04, -2.00234354E-04) (  7.72997737E-04, -4.65661287E-04) ( -5.23868948E-05, -8.66129994E-04)
   2.00000000      -1.00000000      -1.00000000     ( -1.72294676E-04,  1.26892701E-04) (  2.42143869E-04, -1.08033419E-03) ( -5.86733222E-04,  1.32247806E-03)
