   0.00000000       0.00000000       1.00000000     ( -1.20606273E-03, -1.23679638E-02) (  2.14576721E-02,  7.67409801E-03) (  0.00000000    ,  0.00000000    )
   0.00000000       0.00000000       2.00000000     (  6.03497028E-03, -2.81259418E-03) ( -8.53091478E-03, -3.22237611E-03) (  0.00000000    ,  0.00000000    )
   0.00000000       1.00000000       0.00000000     (  7.80448318E-03,  1.58324838E-03) (  0.00000000    ,  0.00000000    ) (  1.49756670E-02, -7.84173608E-03)
   0.00000000       1.00000000       1.00000000     ( -8.82893801E-03, -4.28408384E-03) (  3.93949449E-03, -1.40629709E-03) ( -3.93949449E-03,  1.40629709E-03)
   0.00000000       1.00000000       2.00000000     (  3.40864062E-03, -2.07684934E-03) ( -3.14787030E-03,  1.44354999E-03) (  1.57393515E-03, -7.21774995E-04)
   0.00000000       2.00000000       0.00000000     ( -1.26659870E-03,  3.29688191E-03) (  0.00000000    ,  0.00000000    ) (  1.44354999E-04, -7.40401447E-04)
   0.00000000       2.00000000       1.00000000     (  4.07453626E-04, -9.83709469E-05) ( -5.40167093E-04,  5.54136932E-04) (  1.08033419E-03, -1.10827386E-03)
   0.00000000      -2.00000000       0.00000000     ( -1.26659870E-03, -3.29688191E-03) (  0.00000000    ,  0.00000000    ) (  1.44354999E-04,  7.40401447E-04)
   0.00000000      -2.00000000       1.00000000     (  1.44354999E-03, -6.75208867E-04) ( -8.66129994E-04,  3.23052518E-05) ( -1.73225999E-03,  6.46105036E-05)
   0.00000000      -1.00000000       0.00000000     (  7.80448318E-03, -1.58324838E-03) (  0.00000000    ,  0.00000000    ) (  1.49756670E-02,  7.84173608E-03)
   0.00000000      -1.00000000       1.00000000     ( -9.87201929E-03, -1.16229057E-02) ( -6.20260835E-03,  6.40749931E-03) ( -6.20260835E-03,  6.40749931E-03)
   0.00000000      -1.00000000       2.00000000     ( -1.25728548E-03, -1.77882612E-03) ( -2.95694917E-04,  2.17929482E-03) ( -1.47847459E-04,  1.08964741E-03)
   1.00000000       0.00000000       0.00000000     (  0.00000000    ,  0.00000000    ) ( -2.86102295E-02,  5.81145287E-03) (  1.92224979E-02, -5.60656190E-03)
   1.00000000       0.00000000       1.00000000     ( -1.70432031E-03, -2.55182385E-03) (  5.25265932E-03, -5.64381480E-03) (  1.70432031E-03,  2.55182385E-03)
   1.00000000       0.00000000       2.00000000     ( -2.83122063E-03, -1.24797225E-03) ( -9.82545316E-04,  3.11061740E-03) (  1.41561031E-03,  6.23986125E-04)
   1.00000000       1.00000000       0.00000000     (  5.42786438E-05, -4.61004674E-04) ( -5.42786438E-05,  4.61004674E-04) (  7.63684511E-03,  1.59069896E-02)
   1.00000000       1.00000000       1.00000000     ( -4.13507223E-03, -7.40401447E-04) (  2.14204192E-03,  2.40281224E-03) (  1.99303031E-03, -1.65775418E-03)
   1.00000000       1.00000000       2.00000000     (  2.72411853E-04,  9.82545316E-04) (  1.49942935E-03,  7.96280801E-04) ( -8.89413059E-04, -8.89413059E-04)
   1.00000000       2.00000000       0.00000000     ( -8.24220479E-04, -6.28642738E-04) (  4.12110239E-04,  3.14321369E-04) (  3.72529030E-04, -1.55530870E-03)
   1.00000000       2.00000000       1.00000000     (  1.38767064E-03, -9.19681042E-05) ( -5.58793545E-04, -7.15954229E-05) ( -2.74740160E-04,  2.35158950E-04)
   1.00000000      -2.00000000       0.00000000     ( -1.60187483E-03, -2.52621248E-04) ( -8.00937414E-04, -1.26310624E-04) ( -5.49480319E-04,  1.83470547E-03)
   1.00000000      -2.00000000       1.00000000     (  3.95812094E-05, -8.52160156E-04) (  7.96280801E-04, -3.39932740E-04) (  1.54599547E-03,  1.72294676E-04)
   1.00000000      -1.00000000       0.00000000     (  8.41915607E-03,  2.58907676E-03) (  8.41915607E-03,  2.58907676E-03) ( -2.48663127E-03, -1.09430403E-03)
   1.00000000      -1.00000000       1.00000000     ( -2.03028321E-03,  2.34693289E-03) ( -1.10827386E-03, -2.02096999E-03) (  9.26665962E-04, -4.37721610E-03)
   1.00000000      -1.00000000       2.00000000     ( -1.95577741E-03, -7.72997737E-04) (  1.83470547E-03,  1.78813934E-03) (  1.89058483E-03,  1.27591193E-03)
   2.00000000       0.00000000       0.00000000     (  0.00000000    ,  0.00000000    ) ( -2.01165676E-03,  1.78813934E-03) (  1.96509063E-03, -2.12341547E-03)
   2.00000000       0.00000000       1.00000000     ( -8.52160156E-04,  9.03382897E-04) (  2.38651410E-04, -3.22237611E-03) (  1.70432031E-03, -1.80676579E-03)
   2.00000000       1.00000000       0.00000000     ( -1.14552677E-03, -1.01979822E-03) (  2.29105353E-03,  2.03959644E-03) ( -5.16884029E-04,  3.11061740E-03)
   2.00000000       1.00000000       1.00000000     ( -7.17118382E-04,  2.65426934E-04) (  5.26197255E-04,  7.21774995E-04) (  9.08039510E-04, -1.25728548E-03)
   2.00000000      -1.00000000       0.00000000     ( -1.34110451E-03, -7.72997737E-04) ( -2.68220901E-03, -1.54599547E-03) (  2.59606168E-04,  3.01748514E-03)
   2.00000000      -1.00000000       1.00000000     (  1.82539225E-03,  5.19212335E-04) ( -3.00351530E-04,  8.70786607E-04) ( -3.94880772E-03, -1.67638063E-04)
