   0.00000000       0.00000000       1.00000000     (  1.66893005E-02, -2.44006515E-03) (  3.66568565E-02, -1.88127160E-02) (  0.00000000    ,  0.00000000    )
   0.00000000       0.00000000       2.00000000     (  1.13621354E-03, -1.76951289E-03) ( -1.56462193E-03,  1.76951289E-04) (  0.00000000    ,  0.00000000    )
   0.00000000       1.00000000       0.00000000     ( -9.62987542E-03, -2.57976353E-03) (  0.00000000    ,  0.00000000    ) (  8.38190317E-03,  1.32620335E-02)
   0.00000000       1.00000000       1.00000000     (  8.36327672E-03,  1.04308128E-02) ( -1.80210918E-03, -2.42143869E-03) (  1.80210918E-03,  2.42143869E-03)
   0.00000000       1.00000000       2.00000000     ( -5.16884029E-04, -7.17118382E-04) ( -5.96046448E-04,  2.07219273E-04) (  2.98023224E-04, -1.03609636E-04)
   0.00000000       2.00000000       0.00000000     (  4.19095159E-04,  1.82539225E-03) (  0.00000000    ,  0.00000000    ) ( -2.34693289E-03,  1.06170774E-03)
   0.00000000       2.00000000       1.00000000     (  1.78813934E-03, -6.33299351E-04) ( -5.49480319E-04,  2.53203325E-05) (  1.09896064E-03, -5.06406650E-05)
   0.00000000      -2.00000000       0.00000000     (  4.19095159E-04, -1.82539225E-03) (  0.00000000    ,  0.00000000    ) ( -2.34693289E-03, -1.06170774E-03)
   0.00000000      -2.00000000       1.00000000     ( -8.00937414E-04, -2.74740160E-04) (  7.10133463E-05, -6.42612576E-04) (  1.42026693E-04, -1.28522515E-03)
   0.00000000      -1.00000000       0.00000000     ( -9.62987542E-03,  2.57976353E-03) (  0.00000000    ,  0.00000000    ) (  8.38190317E-03, -1.32620335E-02)
   0.00000000      -1.00000000       1.00000000     ( -3.38070095E-03, -3.00258398E-02) ( -6.76140189E-03,  2.16066837E-03) ( -6.76140189E-03,  2.16066837E-03)
   0.00000000      -1.00000000       2.00000000     (  9.96515155E-04, -2.93948688E-05) ( -2.23517418E-04, -6.33299351E-04) ( -1.11758709E-04, -3.16649675E-04)
   1.00000000       0.00000000       0.00000000     (  0.00000000    ,  0.00000000    ) ( -2.09361315E-02,  1.88499689E-02) (  2.28732824E-02,  9.27597284E-03)
   1.00000000       0.00000000       1.00000000     ( -2.98954546E-03, -6.61239028E-04) ( -2.30222940E-02, -1.07660890E-02) (  2.98954546E-03,  6.61239028E-04)
   1.00000000       0.00000000       2.00000000     ( -1.13621354E-03,  4.33064997E-04) (  7.54371285E-04,  8.28877091E-04) (  5.68106771E-04, -2.16532499E-04)
   1.00000000       1.00000000       0.00000000     (  7.17409421E-05,  2.33761966E-03) ( -7.17409421E-05, -2.33761966E-03) ( -9.33185220E-03,  1.16229057E-02)
   1.00000000       1.00000000       1.00000000     (  5.86733222E-04, -9.77888703E-05) ( -2.06753612E-03, -1.14087015E-04) (  1.47148967E-03,  2.11875886E-04)
   1.00000000       1.00000000       2.00000000     ( -2.16066837E-03,  9.19681042E-05) (  3.49245965E-04,  1.05239451E-03) (  9.03382897E-04, -5.68106771E-04)
   1.00000000       2.00000000       0.00000000     (  1.15483999E-03, -3.63215804E-04) ( -5.77419996E-04,  1.81607902E-04) ( -3.11993062E-04,  1.32247806E-03)
   1.00000000       2.00000000       1.00000000     (  3.49245965E-04,  5.77419996E-04) ( -6.79865479E-04,  1.32713467E-04) (  1.00582838E-03, -8.38190317E-04)
   1.00000000      -2.00000000       0.00000000     ( -1.08033419E-03, -4.07453626E-05) ( -5.40167093E-04, -2.03726813E-05) ( -9.77888703E-04, -1.43423676E-03)
   1.00000000      -2.00000000       1.00000000     ( -9.77888703E-04, -5.02914190E-04) ( -2.74740160E-04, -3.67872417E-04) (  4.33064997E-04, -2.28174031E-04)
   1.00000000      -1.00000000       0.00000000     ( -3.81842256E-04, -7.04079866E-03) ( -3.81842256E-04, -7.04079866E-03) ( -1.02445483E-02,  2.88337469E-02)
   1.00000000      -1.00000000       1.00000000     (  2.27242708E-03,  7.91624188E-04) ( -3.02679837E-04, -2.19792128E-03) ( -2.57045031E-03, -2.98023224E-03)
   1.00000000      -1.00000000       2.00000000     ( -1.54599547E-03,  1.13621354E-03) ( -1.03376806E-03,  1.01514161E-03) (  2.49128789E-04, -6.63567334E-05)
   2.00000000       0.00000000       0.00000000     (  0.00000000    ,  0.00000000    ) (  9.77888703E-04,  2.34693289E-03) ( -5.40167093E-04,  1.22934580E-03)
   2.00000000       0.00000000       1.00000000     (  1.09430403E-04, -3.95812094E-04) (  6.79865479E-04,  1.21071935E-03) ( -2.18860805E-04,  7.91624188E-04)
   2.00000000       1.00000000       0.00000000     (  4.14438546E-04,  7.91624188E-04) ( -8.28877091E-04, -1.58324838E-03) ( -1.11758709E-03,  1.99303031E-03)
   2.00000000       1.00000000       1.00000000     (  5.12227416E-04,  5.64614311E-05) ( -7.82310963E-04, -7.26431608E-04) ( -2.39815563E-04,  6.14672899E-04)
   2.00000000      -1.00000000       0.00000000     ( -3.44589353E-04,  2.04890966E-04) ( -6.89178705E-04,  4.09781933E-04) ( -8.47503543E-04, -1.88592821E-04)
   2.00000000      -1.00000000       1.00000000     ( -5.26197255E-04, -2.11875886E-04) ( -1.65775418E-03, -4.00468707E-04) ( -6.05359674E-04,  2.15368345E-05)
