    0.000000        0.000000        1.000000      (2.3171306E-02,1.2889504E-02)
   (-1.5422702E-02,-1.8700957E-02)  (0.000000,0.000000)
    0.000000        0.000000        2.000000      
 (1.8253922E-03,-7.4505806E-05)  (2.4586916E-03,2.2072345E-03)  
 (0.000000,0.000000)
    0.000000        1.000000        0.000000      (4.0978193E-03,2.9522926E-03)
   (0.000000,0.000000)  (5.5134296E-03,-3.2945536E-04)
    0.000000        1.000000        1.000000      (6.9290400E-03,9.7230077E-03)
   (4.7683716E-03,-4.3399632E-03)  (-4.7683716E-03,4.3399632E-03)
    0.000000        1.000000        2.000000      
 (-3.8743019E-03,-6.8917871E-04)  (-3.2130629E-04,-1.8998981E-03)  
 (1.6065314E-04,9.4994903E-04)
    0.000000        2.000000        0.000000      
 (-2.0209700E-03,1.2060627E-03)  (0.000000,0.000000)  
 (1.2526289E-03,1.5180558E-03)
    0.000000        2.000000        1.000000      
 (1.4062971E-03,-1.4062971E-03)  (-8.1490725E-04,-2.9103830E-04)  
 (1.6298145E-03,5.8207661E-04)
    0.000000       -2.000000        0.000000      
 (-2.0209700E-03,-1.2060627E-03)  (0.000000,0.000000)  
 (1.2526289E-03,-1.5180558E-03)
    0.000000       -2.000000        1.000000      
 (-4.0791929E-03,-4.9360096E-03)  (-7.2643161E-04,-2.6309863E-04)  
 (-1.4528632E-03,-5.2619725E-04)
    0.000000       -1.000000        0.000000      
 (4.0978193E-03,-2.9522926E-03)  (0.000000,0.000000)  
 (5.5134296E-03,3.2945536E-04)
    0.000000       -1.000000        1.000000      
 (1.0468066E-02,-3.9488077E-03)  (-7.5437129E-04,-6.4820051E-03)  
 (-7.5437129E-04,-6.4820051E-03)
    0.000000       -1.000000        2.000000      
 (-5.8114529E-03,-9.3132257E-04)  (-1.9092113E-03,-2.5331974E-03)  
 (-9.5460564E-04,-1.2665987E-03)
    1.000000        0.000000        0.000000      (0.000000,0.000000)  
 (-3.1441450E-02,7.3574483E-03)  (1.6540289E-02,2.1606684E-02)
    1.000000        0.000000        1.000000      
 (-4.6566129E-03,-1.8905848E-03)  (-1.5348196E-02,1.3932586E-02)  
 (4.6566129E-03,1.8905848E-03)
    1.000000        0.000000        2.000000      (1.8917490E-05,1.2852252E-03)
   (2.0489097E-03,3.0919909E-03)  (-9.4587449E-06,-6.4261258E-04)
    1.000000        1.000000        0.000000      
 (1.3457611E-03,-1.1501834E-03)  (-1.3457611E-03,1.1501834E-03)  
 (2.6193447E-04,4.6007335E-03)
    1.000000        1.000000        1.000000      (1.3317913E-03,2.4773180E-03)
   (-1.9837171E-03,-2.7194619E-03)  (6.5658242E-04,2.5029294E-04)
    1.000000        1.000000        2.000000      
 (-1.9464642E-03,1.4901161E-03)  (4.8428774E-04,-8.9872628E-04)  
 (7.3108822E-04,-2.9569492E-04)
    1.000000        2.000000        0.000000      (2.5704503E-03,1.3038516E-03)
   (-1.2852252E-03,-6.5192580E-04)  (7.3574483E-04,2.7380884E-03)
    1.000000        2.000000        1.000000      (9.6391886E-04,1.2759119E-03)
   (-1.2572855E-03,3.9581209E-04)  (1.5459955E-03,-2.0675361E-03)
    1.000000       -2.000000        0.000000      (1.1455268E-03,1.5646219E-03)
   (5.7276338E-04,7.8231096E-04)  (-1.8253922E-03,-3.2014214E-05)
    1.000000       -2.000000        1.000000      
 (-2.0489097E-03,-1.3224781E-03)  (-1.0989606E-03,-1.1408702E-03)  
 (-1.5366822E-04,-9.5926225E-04)
    1.000000       -1.000000        0.000000      
 (1.4621764E-03,-5.2619725E-04)  (1.4621764E-03,-5.2619725E-04)  
 (-8.0093741E-03,2.0582229E-03)
    1.000000       -1.000000        1.000000      
 (4.9732625E-03,-4.0978193E-03)  (1.1036173E-03,-2.3096800E-03)  
 (-3.8743019E-03,1.7881393E-03)
    1.000000       -1.000000        2.000000      
 (-2.9616058E-03,-1.4994293E-03)  (-3.6694109E-03,-2.3003668E-03)  
 (-3.6088750E-04,-4.0046871E-04)
    2.000000        0.000000        0.000000      (0.000000,0.000000)  
 (4.0046871E-03,-2.5320332E-05)  (-7.4040145E-04,-1.0570511E-03)
    2.000000        0.000000        1.000000      
 (-4.5634806E-04,2.5331974E-03)  (1.1222437E-03,3.4458935E-03)  
 (9.1269612E-04,-5.0663948E-03)
    2.000000        1.000000        0.000000      
 (-8.2887709E-04,-1.7881393E-03)  (1.6577542E-03,3.5762787E-03)  
 (-3.8556755E-03,4.4703484E-03)
    2.000000        1.000000        1.000000      (1.2945384E-03,1.2665987E-03)
   (-7.0314854E-04,-5.2154064E-03)  (-1.8905848E-03,2.6822090E-03)
    2.000000       -1.000000        0.000000      
 (-2.7939677E-03,-9.9651515E-04)  (-5.5879354E-03,-1.9930303E-03)  
 (-1.1501834E-03,1.9744039E-03)
    2.000000       -1.000000        1.000000      
 (-1.3038516E-03,7.0780516E-04)  (-2.1886081E-04,3.3900142E-03)  
 (2.3841858E-03,1.9744039E-03)
