   0.00000000       0.00000000       1.00000000     (  2.22772360E-02,  2.71946192E-03) (  3.37511301E-02, -2.67475843E-02) (  0.00000000    ,  0.00000000    )
   0.00000000       0.00000000       2.00000000     ( -6.98491931E-05,  2.60770321E-04) (  2.04890966E-04,  6.05359674E-05) (  0.00000000    ,  0.00000000    )
   0.00000000       1.00000000       0.00000000     ( -1.68010592E-02, -8.80099833E-04) (  0.00000000    ,  0.00000000    ) (  5.28991222E-03,  1.60560012E-02)
   0.00000000       1.00000000       1.00000000     (  7.97212124E-03,  9.29459929E-03) ( -2.83122063E-03, -5.75557351E-03) (  2.83122063E-03,  5.75557351E-03)
   0.00000000       1.00000000       2.00000000     (  1.49011612E-04,  5.58793545E-05) (  1.11758709E-04, -5.12227416E-05) ( -5.58793545E-05,  2.56113708E-05)
   0.00000000       2.00000000       0.00000000     ( -8.38190317E-05, -2.60770321E-04) (  0.00000000    ,  0.00000000    ) (  2.98023224E-04, -2.79396772E-04)
   0.00000000       2.00000000       1.00000000     ( -1.49011612E-04,  2.79396772E-05) (  8.38190317E-05, -4.65661287E-05) ( -1.67638063E-04,  9.31322575E-05)
   0.00000000      -2.00000000       0.00000000     ( -8.38190317E-05,  2.60770321E-04) (  0.00000000    ,  0.00000000    ) (  2.98023224E-04,  2.79396772E-04)
   0.00000000      -2.00000000       1.00000000     (  2.79396772E-04, -1.28056854E-05) (  2.09547579E-05,  2.09547579E-05) (  4.19095159E-05,  4.19095159E-05)
   0.00000000      -1.00000000       0.00000000     ( -1.68010592E-02,  8.80099833E-04) (  0.00000000    ,  0.00000000    ) (  5.28991222E-03, -1.60560012E-02)
   0.00000000      -1.00000000       1.00000000     (  8.77771527E-04, -3.11434269E-02) ( -3.94880772E-03,  3.31550837E-03) ( -3.94880772E-03,  3.31550837E-03)
   0.00000000      -1.00000000       2.00000000     ( -6.05359674E-05,  6.40284270E-06) (  7.45058060E-05,  7.45058060E-05) (  3.72529030E-05,  3.72529030E-05)
   1.00000000       0.00000000       0.00000000     (  0.00000000    ,  0.00000000    ) ( -1.56089664E-02,  1.69128180E-02) (  3.00258398E-02,  1.79931521E-02)
   1.00000000       0.00000000       1.00000000     (  3.31783667E-04, -3.18512321E-03) ( -3.08454037E-02, -3.41795385E-03) ( -3.31783667E-04,  3.18512321E-03)
   1.00000000       0.00000000       2.00000000     (  3.72529030E-05, -1.67638063E-04) ( -1.30385160E-04, -1.39698386E-04) ( -1.86264515E-05,  8.38190317E-05)
   1.00000000       1.00000000       0.00000000     (  2.02096999E-03,  2.77534127E-03) ( -2.02096999E-03, -2.77534127E-03) ( -1.06915832E-02,  1.25542283E-02)
   1.00000000       1.00000000       1.00000000     ( -1.30385160E-04,  1.11758709E-04) (  2.42143869E-04,  1.16415322E-05) ( -1.11758709E-04, -1.21071935E-04)
   1.00000000       1.00000000       2.00000000     (  1.49011612E-04,  3.25962901E-05) ( -2.56113708E-05, -5.58793545E-05) ( -6.05359674E-05,  1.28056854E-05)
   1.00000000       2.00000000       0.00000000     ( -4.19095159E-05, -2.56113708E-05) (  2.09547579E-05,  1.28056854E-05) ( -1.67638063E-04, -1.02445483E-04)
   1.00000000       2.00000000       1.00000000     ( -2.04890966E-04, -1.02445483E-04) (  1.39698386E-04,  4.19095159E-05) ( -7.45058060E-05,  2.32830644E-05)
   1.00000000      -2.00000000       0.00000000     (  1.11758709E-04,  1.02445483E-04) (  5.58793545E-05,  5.12227416E-05) (  1.11758709E-04,  1.67638063E-04)
   1.00000000      -2.00000000       1.00000000     (  7.45058060E-05, -7.45058060E-05) (  3.02679837E-05, -6.05359674E-05) ( -1.28056854E-05, -4.65661287E-05)
   1.00000000      -1.00000000       0.00000000     ( -1.09197572E-03, -1.13621354E-02) ( -1.09197572E-03, -1.13621354E-02) ( -1.28895044E-02,  2.36183405E-02)
   1.00000000      -1.00000000       1.00000000     ( -2.23517418E-04, -6.05359674E-05) (  8.38190317E-05,  3.35276127E-04) (  2.98023224E-04,  4.09781933E-04)
   1.00000000      -1.00000000       2.00000000     (  2.60770321E-04, -2.60770321E-04) (  9.31322575E-05, -1.02445483E-04) ( -8.38190317E-05,  7.45058060E-05)
   2.00000000       0.00000000       0.00000000     (  0.00000000    ,  0.00000000    ) ( -2.04890966E-04, -2.98023224E-04) (  1.02445483E-04, -2.42143869E-04)
   2.00000000       0.00000000       1.00000000     ( -6.98491931E-05,  1.21071935E-04) ( -6.98491931E-05, -1.67638063E-04) (  1.39698386E-04, -2.42143869E-04)
   2.00000000       1.00000000       0.00000000     (  3.02679837E-05, -1.11758709E-04) ( -6.05359674E-05,  2.23517418E-04) (  1.39698386E-04, -2.04890966E-04)
   2.00000000       1.00000000       1.00000000     ( -4.65661287E-05, -3.72529030E-05) ( -4.65661287E-05,  2.60770321E-04) (  1.39698386E-04, -1.86264515E-04)
   2.00000000      -1.00000000       0.00000000     (  6.05359674E-05, -9.31322575E-05) (  1.21071935E-04, -1.86264515E-04) (  8.38190317E-05, -4.19095159E-05)
   2.00000000      -1.00000000       1.00000000     (  1.02445483E-04, -2.09547579E-05) (  2.60770321E-04, -1.86264515E-05) (  6.51925802E-05,  2.09547579E-05)
