   0.00000000       0.00000000       1.00000000     (  2.70456076E-02,  1.11386180E-02) (  1.38580799E-02, -3.24100256E-02) (  0.00000000    ,  0.00000000    )
   0.00000000       0.00000000       2.00000000     (  2.04890966E-03, -3.31550837E-03) ( -2.23517418E-03, -8.61473382E-05) (  0.00000000    ,  0.00000000    )
   0.00000000       1.00000000       0.00000000     ( -1.14738941E-02,  6.72414899E-03) (  0.00000000    ,  0.00000000    ) (  2.68220901E-03,  4.25614417E-03)
   0.00000000       1.00000000       1.00000000     (  5.83007932E-03, -4.55416739E-03) (  2.81259418E-03, -1.06170774E-02) ( -2.81259418E-03,  1.06170774E-02)
   0.00000000       1.00000000       2.00000000     ( -3.68803740E-03,  1.23865902E-03) ( -1.20140612E-03,  1.08848326E-04) (  6.00703061E-04, -5.44241630E-05)
   0.00000000       2.00000000       0.00000000     ( -2.68220901E-03, -1.43423676E-03) (  0.00000000    ,  0.00000000    ) ( -2.68220901E-03,  9.26665962E-04)
   0.00000000       2.00000000       1.00000000     (  1.28522515E-03,  3.18512321E-03) ( -1.27591193E-03, -7.03148544E-04) (  2.55182385E-03,  1.40629709E-03)
   0.00000000      -2.00000000       0.00000000     ( -2.68220901E-03,  1.43423676E-03) (  0.00000000    ,  0.00000000    ) ( -2.68220901E-03, -9.26665962E-04)
   0.00000000      -2.00000000       1.00000000     ( -6.40749931E-03,  1.74157321E-03) ( -1.19209290E-03,  9.12696123E-04) ( -2.38418579E-03,  1.82539225E-03)
   0.00000000      -1.00000000       0.00000000     ( -1.14738941E-02, -6.72414899E-03) (  0.00000000    ,  0.00000000    ) (  2.68220901E-03, -4.25614417E-03)
   0.00000000      -1.00000000       1.00000000     (  1.60187483E-02, -1.97067857E-02) (  6.84522092E-04, -1.11060217E-03) (  6.84522092E-04, -1.11060217E-03)
   0.00000000      -1.00000000       2.00000000     (  2.77068466E-04, -1.57393515E-03) (  6.05359674E-04, -1.67638063E-03) (  3.02679837E-04, -8.38190317E-04)
   1.00000000       0.00000000       0.00000000     (  0.00000000    ,  0.00000000    ) ( -1.49011612E-02,  8.60542059E-03) (  3.14414501E-02,  2.65240669E-02)
   1.00000000       0.00000000       1.00000000     (  5.19677997E-03, -2.45869160E-03) ( -3.26335430E-02,  1.46031380E-02) ( -5.19677997E-03,  2.45869160E-03)
   1.00000000       0.00000000       2.00000000     (  1.03376806E-03,  1.93715096E-03) (  4.95463610E-03,  2.10478902E-03) ( -5.16884029E-04, -9.68575478E-04)
   1.00000000       1.00000000       0.00000000     (  6.23986125E-03,  5.92321157E-03) ( -6.23986125E-03, -5.92321157E-03) ( -9.72300768E-03,  8.04662704E-03)
   1.00000000       1.00000000       1.00000000     ( -1.37835741E-03, -1.45286322E-03) (  3.49245965E-04,  3.67872417E-04) (  1.03376806E-03,  1.08033419E-03)
   1.00000000       1.00000000       2.00000000     ( -1.83936208E-04, -1.05239451E-03) ( -2.32830644E-03,  1.69966370E-04) (  1.24797225E-03,  4.42378223E-04)
   1.00000000       2.00000000       0.00000000     ( -1.13621354E-03,  3.66941094E-03) (  5.68106771E-04, -1.83470547E-03) (  4.51109372E-05,  8.42846930E-04)
   1.00000000       2.00000000       1.00000000     (  3.44589353E-03,  6.51925802E-04) ( -2.88709998E-03, -1.22003257E-03) (  2.34693289E-03,  1.79745257E-03)
   1.00000000      -2.00000000       0.00000000     (  2.21189111E-04, -1.84401870E-03) (  1.10594556E-04, -9.22009349E-04) ( -1.10827386E-03,  1.36904418E-03)
   1.00000000      -2.00000000       1.00000000     ( -4.30736691E-04,  2.01165676E-03) ( -7.59027898E-04,  2.12341547E-03) ( -1.08964741E-03,  2.23517418E-03)
   1.00000000      -1.00000000       0.00000000     ( -5.53205609E-03, -1.40070915E-02) ( -5.53205609E-03, -1.40070915E-02) ( -8.25151801E-03,  8.82893801E-03)
   1.00000000      -1.00000000       1.00000000     (  1.12690032E-03,  1.85333192E-03) ( -1.76951289E-03, -2.88709998E-04) ( -2.90572643E-03, -2.14204192E-03)
   1.00000000      -1.00000000       2.00000000     (  1.10827386E-03,  1.89058483E-03) (  1.85333192E-03,  1.89989805E-03) (  3.74857336E-04,  4.69299266E-06)
   2.00000000       0.00000000       0.00000000     (  0.00000000    ,  0.00000000    ) (  4.09781933E-03, -4.47034836E-04) ( -2.64495611E-03, -9.19681042E-05)
   2.00000000       0.00000000       1.00000000     ( -3.70200723E-04, -1.42492354E-03) (  5.54136932E-04,  3.07336450E-03) (  7.40401447E-04,  2.84984708E-03)
   2.00000000       1.00000000       0.00000000     ( -1.64844096E-03,  8.61473382E-05) (  3.29688191E-03, -1.72294676E-04) (  1.08848326E-04, -4.54485416E-03)
   2.00000000       1.00000000       1.00000000     ( -2.07219273E-04,  1.19209290E-03) (  1.33877620E-04, -2.60770321E-03) (  2.79396772E-04,  2.32830644E-04)
   2.00000000      -1.00000000       0.00000000     (  6.23986125E-04,  1.24797225E-03) (  1.24797225E-03,  2.49594450E-03) ( -1.33877620E-04,  1.32247806E-03)
   2.00000000      -1.00000000       1.00000000     ( -1.83470547E-03,  3.60887498E-04) ( -1.51805580E-03, -3.53902578E-04) (  2.14204192E-03, -1.07102096E-03)
