    0.000000        0.000000        1.000000      (2.1532178E-02,1.1809170E-02)
   (-7.8976154E-03,-1.7061830E-02)  (0.000000,0.000000)
    0.000000        0.000000        2.000000      
 (7.4319541E-03,-1.6810372E-03)  (6.0722232E-03,4.5355409E-03)  
 (0.000000,0.000000)
    0.000000        1.000000        0.000000      (1.0197982E-03,9.1642141E-03)
   (0.000000,0.000000)  (3.4645200E-03,-2.6542693E-03)
    0.000000        1.000000        1.000000      (4.1909516E-03,1.9557774E-03)
   (6.4261258E-03,-4.8801303E-03)  (-6.4261258E-03,4.8801303E-03)
    0.000000        1.000000        2.000000      
 (-8.2328916E-03,-2.5564805E-03)  (-5.8300793E-03,-1.0128133E-03)  
 (2.9150397E-03,5.0640665E-04)
    0.000000        2.000000        0.000000      
 (-3.0454248E-03,-1.4854595E-03)  (0.000000,0.000000)  
 (-1.3085082E-03,3.0454248E-03)
    0.000000        2.000000        1.000000      
 (1.0896474E-02,-3.1758100E-03)  (-1.9092113E-04,-2.1001324E-03)  
 (3.8184226E-04,4.2002648E-03)
    0.000000       -2.000000        0.000000      
 (-3.0454248E-03,1.4854595E-03)  (0.000000,0.000000)  
 (-1.3085082E-03,-3.0454248E-03)
    0.000000       -2.000000        1.000000      
 (-1.2926757E-02,-1.1306256E-02)  (-4.0140003E-03,1.1548400E-03)  
 (-8.0280006E-03,2.3096800E-03)
    0.000000       -1.000000        0.000000      
 (1.0197982E-03,-9.1642141E-03)  (0.000000,0.000000)  
 (3.4645200E-03,2.6542693E-03)
    0.000000       -1.000000        1.000000      
 (6.3888729E-03,-6.6682696E-03)  (-2.1047890E-03,-4.2654574E-03)  
 (-2.1047890E-03,-4.2654574E-03)
    0.000000       -1.000000        2.000000      
 (-1.3336539E-02,2.4633482E-03)  (-2.2351742E-03,2.2118911E-03)  
 (-1.1175871E-03,1.1059456E-03)
    1.000000        0.000000        0.000000      (0.000000,0.000000)  
 (-2.5331974E-02,4.9173832E-03)  (1.7955899E-02,1.7881393E-02)
    1.000000        0.000000        1.000000      
 (-1.7788261E-03,-3.5390258E-03)  (-1.9818544E-02,1.4752150E-02)  
 (1.7788261E-03,3.5390258E-03)
    1.000000        0.000000        2.000000      (8.0093741E-04,1.3550743E-03)
   (4.8149377E-03,1.0635704E-02)  (-4.0046871E-04,-6.7753717E-04)
    1.000000        1.000000        0.000000      
 (3.7439167E-03,-1.4575198E-03)  (-3.7439167E-03,1.4575198E-03)  
 (-2.8312206E-03,2.1606684E-03)
    1.000000        1.000000        1.000000      (4.9942173E-04,4.0326267E-03)
   (-1.8673018E-03,-2.8312206E-03)  (1.3690442E-03,-1.2083910E-03)
    1.000000        1.000000        2.000000      
 (-4.0140003E-03,7.3108822E-04)  (-6.2165782E-04,-5.6065619E-03)  
 (2.3143366E-03,2.4354085E-03)
    1.000000        2.000000        0.000000      (2.0768493E-03,2.3655593E-03)
   (-1.0384247E-03,-1.1827797E-03)  (3.8649887E-03,9.2945993E-03)
    1.000000        2.000000        1.000000      (4.0140003E-03,3.7532300E-03)
   (-1.8393621E-03,1.2252713E-04)  (-3.3760443E-04,-3.9953738E-03)
    1.000000       -2.000000        0.000000      (5.4016709E-04,7.5995922E-03)
   (2.7008355E-04,3.7997961E-03)  (-6.4820051E-03,-1.0826625E-03)
    1.000000       -2.000000        1.000000      
 (-1.8905848E-03,-1.9535946E-05)  (-1.2340024E-04,3.3585820E-04)  
 (1.6437843E-03,6.9150701E-04)
    1.000000       -1.000000        0.000000      
 (-1.9650906E-03,4.0978193E-04)  (-1.9650906E-03,4.0978193E-04)  
 (-5.3085387E-03,3.7066638E-03)
    1.000000       -1.000000        1.000000      (1.4267862E-02,1.0104850E-03)
   (4.8987567E-03,1.9697472E-03)  (-9.3877316E-03,9.5926225E-04)
    1.000000       -1.000000        2.000000      
 (-2.8498471E-03,3.7252903E-04)  (-5.8673322E-03,-4.1350722E-03)  
 (-1.5133992E-03,-2.2538006E-03)
    2.000000        0.000000        0.000000      (0.000000,0.000000)  
 (1.3448298E-02,-4.7124922E-03)  (-6.0768798E-04,1.9790605E-03)
    2.000000        0.000000        1.000000      
 (-3.5483390E-03,4.9173832E-03)  (4.7963113E-03,1.0579824E-02)  
 (7.0966780E-03,-9.8347664E-03)
    2.000000        1.000000        0.000000      
 (-1.8905848E-03,-2.5099143E-03)  (3.7811697E-03,5.0198287E-03)  
 (-7.2456896E-03,2.9057264E-03)
    2.000000        1.000000        1.000000      (3.4645200E-03,4.9918890E-03)
   (-5.1967800E-03,-1.3746321E-02)  (-1.7322600E-03,3.7532300E-03)
    2.000000       -1.000000        0.000000      
 (-2.3609027E-03,-3.3061951E-03)  (-4.7218055E-03,-6.6123903E-03)  
 (2.0675361E-03,4.2654574E-03)
    2.000000       -1.000000        1.000000      
 (-4.9546361E-03,2.3050234E-03)  (-4.5169145E-03,5.8114529E-03)  
 (5.4016709E-03,1.1990778E-03)
