   0.00000000       0.00000000      -2.00000000     (  3.72529030E-04,  1.30385160E-04) ( -3.16649675E-04,  4.65661287E-05) (  0.00000000    ,  0.00000000    )
   0.00000000       0.00000000      -1.00000000     (  1.13993883E-02,  1.09896064E-02) (  4.14252281E-02,  1.00210309E-02) (  0.00000000    ,  0.00000000    )
   0.00000000       1.00000000      -2.00000000     (  1.39698386E-04,  7.91624188E-05) (  1.11758709E-04,  4.19095159E-05) (  5.58793545E-05,  2.09547579E-05)
   0.00000000       1.00000000      -1.00000000     ( -6.78002834E-03,  2.65985727E-02) ( -9.74163413E-03, -3.61353159E-03) ( -9.74163413E-03, -3.61353159E-03)
   0.00000000       2.00000000      -1.00000000     ( -1.30385160E-04, -2.32830644E-05) ( -1.21071935E-04,  1.39698386E-04) ( -2.42143869E-04,  2.79396772E-04)
   0.00000000      -2.00000000      -1.00000000     (  2.42143869E-04,  7.45058060E-05) ( -4.42378223E-05,  5.58793545E-05) (  8.84756446E-05, -1.11758709E-04)
   0.00000000      -1.00000000      -2.00000000     (  1.21071935E-04,  1.49011612E-04) ( -9.31322575E-05, -7.45058060E-05) (  4.65661287E-05,  3.72529030E-05)
   0.00000000      -1.00000000      -1.00000000     (  8.10250640E-03, -6.44475222E-03) (  2.02096999E-03,  1.26427040E-03) ( -2.02096999E-03, -1.26427040E-03)
   1.00000000       0.00000000      -2.00000000     ( -1.58324838E-04, -7.45058060E-05) (  1.11758709E-04,  3.72529030E-04) ( -7.91624188E-05, -3.72529030E-05)
   1.00000000       0.00000000      -1.00000000     (  1.16229057E-02, -5.75557351E-03) ( -8.10250640E-03,  1.84401870E-02) (  1.16229057E-02, -5.75557351E-03)
   1.00000000       1.00000000      -2.00000000     (  5.12227416E-05,  1.39698386E-04) ( -7.45058060E-05, -1.67638063E-04) ( -1.28056854E-05, -1.28056854E-05)
   1.00000000       1.00000000      -1.00000000     ( -3.72529030E-04,  5.96046448E-04) (  1.10594556E-05, -2.98023224E-04) ( -3.53902578E-04,  2.79396772E-04)
   1.00000000       2.00000000      -1.00000000     (  6.98491931E-06, -1.02445483E-04) ( -4.65661287E-05,  3.49245965E-05) ( -8.84756446E-05, -3.49245965E-05)
   1.00000000      -2.00000000      -1.00000000     (  1.28056854E-05, -7.45058060E-05) (  8.38190317E-05, -3.25962901E-05) ( -1.58324838E-04, -8.73114914E-06)
   1.00000000      -1.00000000      -2.00000000     (  7.91624188E-05, -1.49011612E-04) ( -4.42378223E-05, -1.74622983E-05) (  6.05359674E-05, -6.51925802E-05)
   1.00000000      -1.00000000      -1.00000000     ( -1.39698386E-05,  1.11758709E-04) ( -1.02445483E-04,  1.02445483E-04) (  8.84756446E-05,  1.39698386E-05)
   2.00000000       0.00000000      -1.00000000     ( -1.30385160E-04,  2.72848411E-07) (  1.11758709E-04, -2.23517418E-04) ( -2.60770321E-04,  5.45696821E-07)
   2.00000000       1.00000000      -1.00000000     (  4.65661287E-05, -3.25962901E-05) ( -1.49011612E-04,  2.23517418E-04) ( -6.05359674E-05,  1.58324838E-04)
   2.00000000      -1.00000000      -1.00000000     (  1.21071935E-04,  2.32830644E-05) (  6.98491931E-05,  6.98491931E-05) (  1.58324838E-04, -2.21189111E-05)
