   0.00000000       0.00000000      -2.00000000     ( -1.35041773E-04, -1.02445483E-03) (  8.00937414E-04, -3.44589353E-04) (  0.00000000    ,  0.00000000    )
   0.00000000       0.00000000      -1.00000000     (  2.75671482E-02, -7.74860382E-03) (  2.70456076E-02,  3.39001417E-02) (  0.00000000    ,  0.00000000    )
   0.00000000       1.00000000      -2.00000000     (  1.58324838E-04, -2.32830644E-04) ( -1.21071935E-04, -4.37721610E-04) ( -6.05359674E-05, -2.18860805E-04)
   0.00000000       1.00000000      -1.00000000     (  9.49949026E-03,  2.76416540E-02) ( -2.75322236E-04, -2.06753612E-03) ( -2.75322236E-04, -2.06753612E-03)
   0.00000000       2.00000000      -1.00000000     (  1.60187483E-03,  2.56113708E-04) (  3.25962901E-04,  2.28174031E-04) (  6.51925802E-04,  4.56348062E-04)
   0.00000000      -2.00000000      -1.00000000     ( -4.00468707E-04,  5.30853868E-04) (  3.35276127E-04,  3.72529030E-05) ( -6.70552254E-04, -7.45058060E-05)
   0.00000000      -1.00000000      -2.00000000     (  9.31322575E-04,  1.81607902E-04) (  2.56113708E-04,  1.90921128E-04) ( -1.28056854E-04, -9.54605639E-05)
   0.00000000      -1.00000000      -1.00000000     (  8.25151801E-03, -3.43658030E-03) ( -1.32946298E-03,  1.03004277E-02) (  1.32946298E-03, -1.03004277E-02)
   1.00000000       0.00000000      -2.00000000     (  5.21540642E-04, -4.65661287E-04) (  5.12227416E-04, -5.58793545E-04) (  2.60770321E-04, -2.32830644E-04)
   1.00000000       0.00000000      -1.00000000     (  8.84756446E-03, -2.86847353E-03) ( -8.12113285E-03, -3.30619514E-03) (  8.84756446E-03, -2.86847353E-03)
   1.00000000       1.00000000      -2.00000000     (  6.14672899E-04, -1.86264515E-04) ( -6.40284270E-05,  6.70552254E-04) (  2.70083547E-04,  2.42143869E-04)
   1.00000000       1.00000000      -1.00000000     (  3.91155481E-04,  2.50292942E-05) ( -6.51925802E-04, -3.44589353E-04) ( -2.70083547E-04, -3.16649675E-04)
   1.00000000       2.00000000      -1.00000000     ( -5.58793545E-05, -2.88709998E-04) (  1.90921128E-04, -1.44354999E-04) (  3.25962901E-04, -5.77419996E-04)
   1.00000000      -2.00000000      -1.00000000     ( -4.74974513E-04, -1.14087015E-04) ( -3.72529030E-04, -3.91155481E-04) (  2.70083547E-04,  6.70552254E-04)
   1.00000000      -1.00000000      -2.00000000     ( -1.30385160E-04,  5.02914190E-04) (  1.16415322E-04,  7.91624188E-05) ( -1.23400241E-04,  2.14204192E-04)
   1.00000000      -1.00000000      -1.00000000     (  3.07336450E-04, -4.09781933E-04) (  6.70552254E-04, -1.35041773E-04) ( -3.72529030E-04, -2.70083547E-04)
   2.00000000       0.00000000      -1.00000000     (  2.98023224E-04,  1.02445483E-04) (  6.98491931E-05, -6.75208867E-05) (  5.96046448E-04,  2.04890966E-04)
   2.00000000       1.00000000      -1.00000000     (  3.07336450E-04,  1.39698386E-04) ( -5.12227416E-04,  2.70083547E-04) (  9.54605639E-05,  5.40167093E-04)
   2.00000000      -1.00000000      -1.00000000     (  5.47152013E-05, -1.44354999E-04) ( -2.70083547E-04,  4.00468707E-04) (  3.81842256E-04, -6.89178705E-04)
