   0.00000000       0.00000000       1.00000000     (  3.56696546E-03, -1.16229057E-02) (  2.92062759E-02, -6.79865479E-04) (  0.00000000    ,  0.00000000    )
   0.00000000       0.00000000       2.00000000     (  3.24100256E-03, -5.72763383E-04) ( -4.02331352E-03, -2.16066837E-03) (  0.00000000    ,  0.00000000    )
   0.00000000       1.00000000       0.00000000     (  3.75322998E-03, -3.55765224E-03) (  0.00000000    ,  0.00000000    ) (  1.53481960E-02, -1.14552677E-03)
   0.00000000       1.00000000       1.00000000     (  1.47614628E-03,  1.16415322E-03) (  3.96743417E-03, -1.20140612E-03) ( -3.96743417E-03,  1.20140612E-03)
   0.00000000       1.00000000       2.00000000     (  2.06753612E-03, -2.25380063E-03) ( -3.46917659E-04,  1.19209290E-03) (  1.73458830E-04, -5.96046448E-04)
   0.00000000       2.00000000       0.00000000     (  1.58324838E-03,  1.73225999E-03) (  0.00000000    ,  0.00000000    ) ( -7.27595761E-05,  1.16415322E-03)
   0.00000000       2.00000000       1.00000000     ( -1.75787136E-04, -2.01165676E-03) ( -1.75787136E-04,  4.61004674E-04) (  3.51574272E-04, -9.22009349E-04)
   0.00000000      -2.00000000       0.00000000     (  1.58324838E-03, -1.73225999E-03) (  0.00000000    ,  0.00000000    ) ( -7.27595761E-05, -1.16415322E-03)
   0.00000000      -2.00000000       1.00000000     ( -1.02445483E-03,  1.24797225E-03) ( -8.19563866E-04, -3.77185643E-04) ( -1.63912773E-03, -7.54371285E-04)
   0.00000000      -1.00000000       0.00000000     (  3.75322998E-03,  3.55765224E-03) (  0.00000000    ,  0.00000000    ) (  1.53481960E-02,  1.14552677E-03)
   0.00000000      -1.00000000       1.00000000     ( -6.74277544E-03, -1.60187483E-02) ( -7.69272447E-03,  4.84287739E-03) ( -7.69272447E-03,  4.84287739E-03)
   0.00000000      -1.00000000       2.00000000     (  1.62981451E-04, -1.36904418E-03) (  1.36904418E-03,  2.65426934E-04) (  6.84522092E-04,  1.32713467E-04)
   1.00000000       0.00000000       0.00000000     (  0.00000000    ,  0.00000000    ) ( -2.77906656E-02,  1.34110451E-02) (  1.48639083E-02, -4.00468707E-03)
   1.00000000       0.00000000       1.00000000     ( -2.03959644E-03, -8.24220479E-04) ( -4.50760126E-03, -1.29267573E-02) (  2.03959644E-03,  8.24220479E-04)
   1.00000000       0.00000000       2.00000000     ( -1.97440386E-03, -1.27591193E-03) (  3.35276127E-04,  8.75443220E-04) (  9.87201929E-04,  6.37955964E-04)
   1.00000000       1.00000000       0.00000000     (  3.12924385E-03,  2.44006515E-03) ( -3.12924385E-03, -2.44006515E-03) (  3.51108611E-03,  1.05798244E-02)
   1.00000000       1.00000000       1.00000000     ( -3.02679837E-05,  2.65426934E-04) ( -1.18277967E-03,  1.22934580E-03) (  1.21071935E-03, -1.49011612E-03)
   1.00000000       1.00000000       2.00000000     ( -2.06753612E-03,  2.60770321E-04) (  1.35041773E-03,  1.46217644E-03) (  3.58559191E-04, -8.66129994E-04)
   1.00000000       2.00000000       0.00000000     (  9.08039510E-05,  1.76951289E-03) ( -4.54019755E-05, -8.84756446E-04) ( -1.28522515E-03,  3.44589353E-04)
   1.00000000       2.00000000       1.00000000     (  1.16415322E-03,  1.01514161E-03) ( -4.88944352E-04, -3.46917659E-04) ( -1.83936208E-04, -3.21306288E-04)
   1.00000000      -2.00000000       0.00000000     (  6.79865479E-04,  7.21774995E-04) (  3.39932740E-04,  3.60887498E-04) ( -1.17346644E-03, -3.35276127E-04)
   1.00000000      -2.00000000       1.00000000     ( -1.32247806E-03,  2.14204192E-04) ( -5.02914190E-04,  4.74974513E-04) (  3.16649675E-04,  7.40401447E-04)
   1.00000000      -1.00000000       0.00000000     (  2.77534127E-03, -1.09896064E-03) (  2.77534127E-03, -1.09896064E-03) ( -5.49480319E-03,  1.71363354E-02)
   1.00000000      -1.00000000       1.00000000     (  2.32830644E-03,  1.78813934E-03) ( -1.18743628E-04, -2.84984708E-03) ( -2.45869160E-03, -4.65661287E-03)
   1.00000000      -1.00000000       2.00000000     ( -2.25380063E-03, -5.44823706E-04) (  6.28642738E-04,  2.95694917E-04) (  1.44354999E-03,  4.19095159E-04)
   2.00000000       0.00000000       0.00000000     (  0.00000000    ,  0.00000000    ) ( -3.70200723E-04,  2.32830644E-03) ( -8.66129994E-04, -9.68575478E-04)
   2.00000000       0.00000000       1.00000000     ( -3.32947820E-04,  2.86381692E-04) ( -1.34110451E-03, -5.96046448E-04) (  6.65895641E-04, -5.72763383E-04)
   2.00000000       1.00000000       0.00000000     ( -1.51339918E-04, -2.42143869E-04) (  3.02679837E-04,  4.84287739E-04) (  4.14438546E-04,  6.84522092E-04)
   2.00000000       1.00000000       1.00000000     ( -1.97906047E-04,  2.73576006E-05) ( -7.63684511E-04,  6.98491931E-04) (  1.16415322E-03, -7.54371285E-04)
   2.00000000      -1.00000000       0.00000000     ( -1.12690032E-03, -8.19563866E-04) ( -2.25380063E-03, -1.63912773E-03) (  1.02445483E-03,  1.69500709E-03)
   2.00000000      -1.00000000       1.00000000     (  3.77185643E-04, -1.42492354E-03) ( -5.72763383E-04, -1.65309757E-04) ( -1.32247806E-03,  2.68220901E-03)
