    0.000000        0.000000        1.000000      (2.1159649E-02,1.1734664E-02)
   (-1.2181699E-02,-1.6540289E-02)  (0.000000,0.000000)
    0.000000        0.000000        2.000000      
 (4.0140003E-03,-8.2189217E-04)  (4.6938658E-03,4.0140003E-03)  
 (0.000000,0.000000)
    0.000000        1.000000        0.000000      (2.6728958E-03,5.3085387E-03)
   (0.000000,0.000000)  (4.3958426E-03,-1.1455268E-03)
    0.000000        1.000000        1.000000      (5.4016709E-03,6.2957406E-03)
   (5.1595271E-03,-4.1350722E-03)  (-5.1595271E-03,4.1350722E-03)
    0.000000        1.000000        2.000000      
 (-6.7614019E-03,-1.5832484E-03)  (-2.0442531E-03,-2.5704503E-03)  
 (1.0221265E-03,1.2852252E-03)
    0.000000        2.000000        0.000000      
 (-3.9674342E-03,1.2526289E-03)  (0.000000,0.000000)  
 (8.9174137E-04,2.3096800E-03)
    0.000000        2.000000        1.000000      
 (4.8056245E-03,-2.3655593E-03)  (-8.9639798E-04,-8.9174137E-04)  
 (1.7927960E-03,1.7834827E-03)
    0.000000       -2.000000        0.000000      
 (-3.9674342E-03,-1.2526289E-03)  (0.000000,0.000000)  
 (8.9174137E-04,-2.3096800E-03)
    0.000000       -2.000000        1.000000      
 (-8.7916851E-03,-9.2014670E-03)  (-2.1327287E-03,1.5541445E-04)  
 (-4.2654574E-03,3.1082891E-04)
    0.000000       -1.000000        0.000000      
 (2.6728958E-03,-5.3085387E-03)  (0.000000,0.000000)  
 (4.3958426E-03,1.1455268E-03)
    0.000000       -1.000000        1.000000      
 (8.0093741E-03,-4.2095780E-03)  (-1.1688098E-03,-5.4575503E-03)  
 (-1.1688098E-03,-5.4575503E-03)
    0.000000       -1.000000        2.000000      
 (-1.0617077E-02,-5.9371814E-04)  (-2.9243529E-03,-2.5890768E-03)  
 (-1.4621764E-03,-1.2945384E-03)
    1.000000        0.000000        0.000000      (0.000000,0.000000)  
 (-2.7567148E-02,5.9232116E-03)  (1.5869737E-02,1.8775463E-02)
    1.000000        0.000000        1.000000      
 (-3.4831464E-03,-2.3655593E-03)  (-1.6167760E-02,1.3411045E-02)  
 (3.4831464E-03,2.3655593E-03)
    1.000000        0.000000        2.000000      (1.1699740E-04,1.9371510E-03)
   (3.6321580E-03,6.7427754E-03)  (-5.8498699E-05,-9.6857548E-04)
    1.000000        1.000000        0.000000      
 (2.2072345E-03,-1.3504177E-03)  (-2.2072345E-03,1.3504177E-03)  
 (-6.9616362E-04,3.3341348E-03)
    1.000000        1.000000        1.000000      (2.1047890E-03,3.9394945E-03)
   (-3.3341348E-03,-3.6973506E-03)  (1.2293458E-03,-2.3806933E-04)
    1.000000        1.000000        2.000000      
 (-3.5390258E-03,2.0861626E-03)  (4.3073669E-04,-2.8871000E-03)  
 (1.5553087E-03,4.0279701E-04)
    1.000000        2.000000        0.000000      (3.6600977E-03,2.0209700E-03)
   (-1.8300489E-03,-1.0104850E-03)  (2.3469329E-03,5.8487058E-03)
    1.000000        2.000000        1.000000      (1.8347055E-03,2.1839514E-03)
   (-2.0721927E-03,9.3830749E-04)  (2.3096800E-03,-4.0605664E-03)
    1.000000       -2.000000        0.000000      (1.5692785E-03,4.7124922E-03)
   (7.8463927E-04,2.3562461E-03)  (-3.7159771E-03,-4.5169145E-04)
    1.000000       -2.000000        1.000000      
 (-3.2689422E-03,-1.8673018E-03)  (-1.4621764E-03,-1.4761463E-03)  
 (3.4924597E-04,-1.0826625E-03)
    1.000000       -1.000000        0.000000      (9.6915755E-05,1.3504177E-04)
   (9.6915755E-05,1.3504177E-04)  (-6.5192580E-03,2.8219074E-03)
    1.000000       -1.000000        1.000000      
 (9.6112490E-03,-4.8987567E-03)  (2.4586916E-03,-2.5238842E-03)  
 (-7.1525574E-03,2.3748726E-03)
    1.000000       -1.000000        2.000000      
 (-4.6007335E-03,-1.9418076E-03)  (-6.9849193E-03,-3.9860606E-03)  
 (-1.1874363E-03,-1.0221265E-03)
    2.000000        0.000000        0.000000      (0.000000,0.000000)  
 (8.2701445E-03,-1.2572855E-03)  (-6.1234459E-04,-8.7311491E-04)
    2.000000        0.000000        1.000000      
 (-1.2852252E-03,4.6379864E-03)  (2.2351742E-03,6.1467290E-03)  
 (2.5704503E-03,-9.2759728E-03)
    2.000000        1.000000        0.000000      
 (-1.6205013E-03,-2.9522926E-03)  (3.2410026E-03,5.9045851E-03)  
 (-6.6868961E-03,6.3702464E-03)
    2.000000        1.000000        1.000000      (2.2817403E-03,2.6449561E-03)
   (-1.9883737E-03,-9.8720193E-03)  (-2.5797635E-03,4.5821071E-03)
    2.000000       -1.000000        0.000000      
 (-4.1257590E-03,-2.2631139E-03)  (-8.2515180E-03,-4.5262277E-03)  
 (-5.6112185E-04,3.2316893E-03)
    2.000000       -1.000000        1.000000      
 (-2.8498471E-03,1.9324943E-03)  (-1.5040860E-03,6.7241490E-03)  
 (4.1909516E-03,2.8498471E-03)
