   0.00000000       0.00000000       1.00000000     (  2.69711018E-02,  1.10641122E-02) (  1.40815973E-02, -3.23355198E-02) (  0.00000000    ,  0.00000000    )
   0.00000000       0.00000000       2.00000000     (  1.96509063E-03, -3.25962901E-03) ( -2.19792128E-03, -1.12922862E-04) (  0.00000000    ,  0.00000000    )
   0.00000000       1.00000000       0.00000000     ( -1.16229057E-02,  6.57513738E-03) (  0.00000000    ,  0.00000000    ) (  2.69152224E-03,  4.41446900E-03)
   0.00000000       1.00000000       1.00000000     (  5.88595867E-03, -4.45172191E-03) (  2.71014869E-03, -1.06170774E-02) ( -2.71014869E-03,  1.06170774E-02)
   0.00000000       1.00000000       2.00000000     ( -3.59490514E-03,  1.22003257E-03) ( -1.14552677E-03,  1.12340786E-04) (  5.72763383E-04, -5.61703928E-05)
   0.00000000       2.00000000       0.00000000     ( -2.60770321E-03, -1.34110451E-03) (  0.00000000    ,  0.00000000    ) ( -2.58907676E-03,  9.45292413E-04)
   0.00000000       2.00000000       1.00000000     (  1.25728548E-03,  3.11061740E-03) ( -1.23865902E-03, -6.75208867E-04) (  2.47731805E-03,  1.35041773E-03)
   0.00000000      -2.00000000       0.00000000     ( -2.60770321E-03,  1.34110451E-03) (  0.00000000    ,  0.00000000    ) ( -2.58907676E-03, -9.45292413E-04)
   0.00000000      -2.00000000       1.00000000     ( -6.29574060E-03,  1.70432031E-03) ( -1.17346644E-03,  8.89413059E-04) ( -2.34693289E-03,  1.77882612E-03)
   0.00000000      -1.00000000       0.00000000     ( -1.16229057E-02, -6.57513738E-03) (  0.00000000    ,  0.00000000    ) (  2.69152224E-03, -4.41446900E-03)
   0.00000000      -1.00000000       1.00000000     (  1.59442425E-02, -1.97812915E-02) (  7.21774995E-04, -1.05705112E-03) (  7.21774995E-04, -1.05705112E-03)
   0.00000000      -1.00000000       2.00000000     (  2.58442014E-04, -1.50874257E-03) (  6.05359674E-04, -1.64844096E-03) (  3.02679837E-04, -8.24220479E-04)
   1.00000000       0.00000000       0.00000000     (  0.00000000    ,  0.00000000    ) ( -1.47521496E-02,  8.66129994E-03) (  3.14414501E-02,  2.65240669E-02)
   1.00000000       0.00000000       1.00000000     (  5.19677997E-03, -2.44937837E-03) ( -3.26335430E-02,  1.44541264E-02) ( -5.19677997E-03,  2.44937837E-03)
   1.00000000       0.00000000       2.00000000     (  1.01514161E-03,  1.89058483E-03) (  4.84287739E-03,  2.06753612E-03) ( -5.07570803E-04, -9.45292413E-04)
   1.00000000       1.00000000       0.00000000     (  6.22123480E-03,  5.96046448E-03) ( -6.22123480E-03, -5.96046448E-03) ( -9.70438123E-03,  8.10250640E-03)
   1.00000000       1.00000000       1.00000000     ( -1.30385160E-03, -1.44354999E-03) (  2.93366611E-04,  3.60887498E-04) (  1.01514161E-03,  1.08033419E-03)
   1.00000000       1.00000000       2.00000000     ( -1.72294676E-04, -1.00582838E-03) ( -2.23517418E-03,  1.80443749E-04) (  1.20140612E-03,  4.14438546E-04)
   1.00000000       2.00000000       0.00000000     ( -1.11758709E-03,  3.55765224E-03) (  5.58793545E-04, -1.77882612E-03) (  8.26548785E-05,  7.40401447E-04)
   1.00000000       2.00000000       1.00000000     (  3.35276127E-03,  6.05359674E-04) ( -2.83122063E-03, -1.18277967E-03) (  2.32830644E-03,  1.75088644E-03)
   1.00000000      -2.00000000       0.00000000     (  2.11875886E-04, -1.80676579E-03) (  1.05937943E-04, -9.03382897E-04) ( -1.10827386E-03,  1.30385160E-03)
   1.00000000      -2.00000000       1.00000000     ( -4.12110239E-04,  2.01165676E-03) ( -7.35744834E-04,  2.08616257E-03) ( -1.06170774E-03,  2.17929482E-03)
   1.00000000      -1.00000000       0.00000000     ( -5.45755029E-03, -1.40815973E-02) ( -5.45755029E-03, -1.40815973E-02) ( -8.32602382E-03,  8.92207026E-03)
   1.00000000      -1.00000000       1.00000000     (  1.08964741E-03,  1.75088644E-03) ( -1.74157321E-03, -3.70200723E-04) ( -2.83122063E-03, -2.12341547E-03)
   1.00000000      -1.00000000       2.00000000     (  1.03376806E-03,  1.83470547E-03) (  1.74157321E-03,  1.82539225E-03) (  3.51574272E-04, -7.73070497E-07)
   2.00000000       0.00000000       0.00000000     (  0.00000000    ,  0.00000000    ) (  3.96743417E-03, -3.81842256E-04) ( -2.57045031E-03, -9.83709469E-05)
   2.00000000       0.00000000       1.00000000     ( -3.23634595E-04, -1.38767064E-03) (  5.35510480E-04,  2.94297934E-03) (  6.47269189E-04,  2.77534127E-03)
   2.00000000       1.00000000       0.00000000     ( -1.61118805E-03,  8.14907253E-05) (  3.22237611E-03, -1.62981451E-04) (  1.09430403E-04, -4.35858965E-03)
   2.00000000       1.00000000       1.00000000     ( -2.23517418E-04,  1.13621354E-03) (  1.94413587E-04, -2.53319740E-03) (  2.53785402E-04,  2.60770321E-04)
   2.00000000      -1.00000000       0.00000000     (  5.86733222E-04,  1.22934580E-03) (  1.17346644E-03,  2.45869160E-03) ( -1.31549314E-04,  1.30385160E-03)
   2.00000000      -1.00000000       1.00000000     ( -1.79745257E-03,  3.42261046E-04) ( -1.50874257E-03, -3.28291208E-04) (  2.08616257E-03, -1.01514161E-03)
