   0.00000000       0.00000000       1.00000000     (  2.74926424E-02,  7.30156898E-03) (  2.84612179E-02, -3.37511301E-02) (  0.00000000    ,  0.00000000    )
   0.00000000       0.00000000       2.00000000     ( -2.04890966E-04,  1.76951289E-03) (  1.41561031E-03,  6.33299351E-04) (  0.00000000    ,  0.00000000    )
   0.00000000       1.00000000       0.00000000     ( -1.95577741E-02,  7.66012818E-04) (  0.00000000    ,  0.00000000    ) (  3.87430191E-03,  1.41933560E-02)
   0.00000000       1.00000000       1.00000000     (  8.34465027E-03,  4.38652933E-03) ( -1.66706741E-03, -1.00210309E-02) (  1.66706741E-03,  1.00210309E-02)
   0.00000000       1.00000000       2.00000000     (  1.58324838E-03, -2.30502337E-04) (  4.84287739E-04, -3.58559191E-04) ( -2.42143869E-04,  1.79279596E-04)
   0.00000000       2.00000000       0.00000000     (  1.76951289E-04, -8.47503543E-04) (  0.00000000    ,  0.00000000    ) (  1.22934580E-03, -1.69500709E-03)
   0.00000000       2.00000000       1.00000000     ( -7.07805157E-04, -8.10250640E-04) (  5.86733222E-04, -1.16415322E-04) ( -1.17346644E-03,  2.32830644E-04)
   0.00000000      -2.00000000       0.00000000     (  1.76951289E-04,  8.47503543E-04) (  0.00000000    ,  0.00000000    ) (  1.22934580E-03,  1.69500709E-03)
   0.00000000      -2.00000000       1.00000000     (  2.68220901E-03, -4.19095159E-04) (  5.30853868E-04, -3.67872417E-04) (  1.06170774E-03, -7.35744834E-04)
   0.00000000      -1.00000000       0.00000000     ( -1.95577741E-02, -7.66012818E-04) (  0.00000000    ,  0.00000000    ) (  3.87430191E-03, -1.41933560E-02)
   0.00000000      -1.00000000       1.00000000     (  8.49366188E-03, -2.86847353E-02) ( -6.58910722E-04,  2.39815563E-03) ( -6.58910722E-04,  2.39815563E-03)
   0.00000000      -1.00000000       2.00000000     (  2.56113708E-04,  3.81842256E-04) ( -1.39698386E-04,  7.26431608E-04) ( -6.98491931E-05,  3.63215804E-04)
   1.00000000       0.00000000       0.00000000     (  0.00000000    ,  0.00000000    ) ( -1.34855509E-02,  1.43423676E-02) (  3.53902578E-02,  2.65985727E-02)
   1.00000000       0.00000000       1.00000000     (  3.94880772E-03, -3.78116965E-03) ( -3.68058681E-02,  5.73694706E-03) ( -3.94880772E-03,  3.78116965E-03)
   1.00000000       0.00000000       2.00000000     ( -3.35276127E-04, -9.87201929E-04) ( -1.62050128E-03, -1.11758709E-03) (  1.67638063E-04,  4.93600965E-04)
   1.00000000       1.00000000       0.00000000     (  5.39235771E-03,  6.40749931E-03) ( -5.39235771E-03, -6.40749931E-03) ( -1.05798244E-02,  1.19581819E-02)
   1.00000000       1.00000000       1.00000000     ( -5.58793545E-04,  1.09896064E-03) (  1.06170774E-03, -8.96397978E-05) ( -5.02914190E-04, -1.00582838E-03)
   1.00000000       1.00000000       2.00000000     (  4.84287739E-04,  1.69966370E-04) (  1.69966370E-04, -1.03609636E-04) ( -3.25962901E-04, -3.25962901E-05)
   1.00000000       2.00000000       0.00000000     (  7.07805157E-04, -9.31322575E-04) ( -3.53902578E-04,  4.65661287E-04) ( -1.06170774E-03,  4.56348062E-04)
   1.00000000       2.00000000       1.00000000     ( -1.67638063E-03, -5.93718141E-05) (  1.30385160E-03,  3.53902578E-04) ( -9.31322575E-04, -6.51925802E-04)
   1.00000000      -2.00000000       0.00000000     (  2.60770321E-04,  9.87201929E-04) (  1.30385160E-04,  4.93600965E-04) (  9.49949026E-04,  5.96046448E-04)
   1.00000000      -2.00000000       1.00000000     (  3.25962901E-04, -1.26659870E-03) (  2.32830644E-04, -9.68575478E-04) (  1.44354999E-04, -6.79865479E-04)
   1.00000000      -1.00000000       0.00000000     ( -2.35158950E-03, -1.61305070E-02) ( -2.35158950E-03, -1.61305070E-02) ( -1.35600567E-02,  1.74716115E-02)
   1.00000000      -1.00000000       1.00000000     ( -8.75443220E-04, -2.25845724E-04) (  8.47503543E-04,  1.84401870E-03) (  1.71363354E-03,  2.04890966E-03)
   1.00000000      -1.00000000       2.00000000     (  9.31322575E-04, -1.26659870E-03) (  2.70083547E-04, -3.72529030E-04) ( -3.30619514E-04,  4.51691449E-04)
   2.00000000       0.00000000       0.00000000     (  0.00000000    ,  0.00000000    ) ( -1.65775418E-03, -1.11758709E-03) (  9.12696123E-04, -8.10250640E-04)
   2.00000000       0.00000000       1.00000000     ( -4.84287739E-04,  7.91624188E-04) ( -1.88592821E-04, -8.56816769E-04) (  9.68575478E-04, -1.58324838E-03)
   2.00000000       1.00000000       0.00000000     (  5.86733222E-04, -3.53902578E-04) ( -1.17346644E-03,  7.07805157E-04) (  2.07219273E-04,  1.95577741E-04)
   2.00000000       1.00000000       1.00000000     (  9.31322575E-05, -2.28174031E-04) ( -7.26431608E-04,  1.54599547E-03) (  5.40167093E-04, -1.09896064E-03)
   2.00000000      -1.00000000       0.00000000     (  2.37487257E-04, -7.63684511E-04) (  4.74974513E-04, -1.52736902E-03) (  2.60770321E-04, -7.63684511E-04)
   2.00000000      -1.00000000       1.00000000     (  8.94069672E-04, -5.09317033E-06) (  1.39698386E-03, -1.35041773E-04) ( -3.95812094E-04, -1.25728548E-04)
