   0.00000000       0.00000000       1.00000000     (  3.08500603E-04, -1.09151006E-02) (  2.18302011E-02,  4.07919288E-03) (  0.00000000    ,  0.00000000    )
   0.00000000       0.00000000       2.00000000     (  8.41915607E-03, -2.42143869E-03) ( -1.23679638E-02, -6.29574060E-03) (  0.00000000    ,  0.00000000    )
   0.00000000       1.00000000       0.00000000     (  5.60656190E-03, -1.89989805E-03) (  0.00000000    ,  0.00000000    ) (  1.40815973E-02, -4.33996320E-03)
   0.00000000       1.00000000       1.00000000     ( -3.83704901E-03, -1.74157321E-03) (  4.07919288E-03, -1.26194209E-03) ( -4.07919288E-03,  1.26194209E-03)
   0.00000000       1.00000000       2.00000000     (  6.09084964E-03, -5.08502126E-03) ( -2.98954546E-03,  2.45869160E-03) (  1.49477273E-03, -1.22934580E-03)
   0.00000000       2.00000000       0.00000000     ( -6.65895641E-04,  7.48783350E-03) (  0.00000000    ,  0.00000000    ) ( -1.16880983E-03,  1.71363354E-03)
   0.00000000       2.00000000       1.00000000     ( -8.38190317E-04, -4.50760126E-03) ( -1.71363354E-03,  1.55530870E-03) (  3.42726707E-03, -3.11061740E-03)
   0.00000000      -2.00000000       0.00000000     ( -6.65895641E-04, -7.48783350E-03) (  0.00000000    ,  0.00000000    ) ( -1.16880983E-03, -1.71363354E-03)
   0.00000000      -2.00000000       1.00000000     (  1.56927854E-03,  9.54605639E-04) ( -7.28759915E-04,  2.38651410E-04) ( -1.45751983E-03,  4.77302819E-04)
   0.00000000      -1.00000000       0.00000000     (  5.60656190E-03,  1.89989805E-03) (  0.00000000    ,  0.00000000    ) (  1.40815973E-02,  4.33996320E-03)
   0.00000000      -1.00000000       1.00000000     ( -7.48783350E-03, -1.15111470E-02) ( -5.73694706E-03,  5.73694706E-03) ( -5.73694706E-03,  5.73694706E-03)
   0.00000000      -1.00000000       2.00000000     ( -1.90921128E-03, -3.28756869E-03) (  1.30385160E-03,  2.79396772E-03) (  6.51925802E-04,  1.39698386E-03)
   1.00000000       0.00000000       0.00000000     (  0.00000000    ,  0.00000000    ) ( -2.47359276E-02,  7.45058060E-03) (  1.49756670E-02, -4.45172191E-03)
   1.00000000       0.00000000       1.00000000     ( -1.51805580E-03, -1.92783773E-03) (  1.22003257E-03, -7.89761543E-03) (  1.51805580E-03,  1.92783773E-03)
   1.00000000       0.00000000       2.00000000     ( -4.24683094E-03, -1.67172402E-03) ( -9.35979187E-04,  2.84053385E-03) (  2.12341547E-03,  8.35862011E-04)
   1.00000000       1.00000000       0.00000000     (  1.23400241E-03,  6.98491931E-04) ( -1.23400241E-03, -6.98491931E-04) (  6.25848770E-03,  1.25169754E-02)
   1.00000000       1.00000000       1.00000000     ( -3.72529030E-03, -7.82310963E-04) (  1.42958015E-03,  4.33996320E-03) (  2.29105353E-03, -3.55765224E-03)
   1.00000000       1.00000000       2.00000000     ( -2.08616257E-03,  1.17346644E-03) (  2.96160579E-03,  1.52736902E-03) ( -4.42378223E-04, -1.35041773E-03)
   1.00000000       2.00000000       0.00000000     ( -7.21774995E-05,  1.29453838E-03) (  3.60887498E-05, -6.47269189E-04) ( -2.44937837E-03, -6.10016286E-04)
   1.00000000       2.00000000       1.00000000     (  3.24100256E-03,  5.35510480E-04) ( -1.20140612E-03, -2.94530764E-04) ( -8.35862011E-04,  5.29689714E-05)
   1.00000000      -2.00000000       0.00000000     ( -3.48081812E-04,  3.59723344E-04) ( -1.74040906E-04,  1.79861672E-04) ( -2.22586095E-03,  3.52039933E-03)
   1.00000000      -2.00000000       1.00000000     ( -8.98726285E-04, -9.42964107E-05) (  9.22009349E-04, -1.29221007E-04) (  2.73808837E-03, -1.64727680E-04)
   1.00000000      -1.00000000       0.00000000     (  5.10364771E-03,  1.28522515E-03) (  5.10364771E-03,  1.28522515E-03) ( -3.21306288E-03,  5.92321157E-03)
   1.00000000      -1.00000000       1.00000000     (  3.51574272E-04,  4.19095159E-03) ( -8.24220479E-04, -4.61935997E-03) ( -1.17812306E-03, -8.79168510E-03)
   1.00000000      -1.00000000       2.00000000     ( -5.47617674E-03, -1.56927854E-03) (  1.92783773E-03,  1.15949661E-03) (  3.70666385E-03,  1.36438757E-03)
   2.00000000       0.00000000       0.00000000     (  0.00000000    ,  0.00000000    ) ( -2.56113708E-03,  3.96743417E-03) (  5.02914190E-04, -2.94297934E-03)
   2.00000000       0.00000000       1.00000000     ( -1.18743628E-03,  1.17346644E-03) ( -2.50525773E-03, -3.87430191E-03) (  2.37487257E-03, -2.34693289E-03)
   2.00000000       1.00000000       0.00000000     ( -1.05239451E-03, -1.42958015E-03) (  2.10478902E-03,  2.85916030E-03) (  3.86498868E-04,  3.70666385E-03)
   2.00000000       1.00000000       1.00000000     ( -7.59027898E-04,  3.89991328E-04) ( -3.21306288E-04,  1.20606273E-03) (  1.83470547E-03, -1.98371708E-03)
   2.00000000      -1.00000000       0.00000000     ( -2.90572643E-03, -1.29453838E-03) ( -5.81145287E-03, -2.58907676E-03) (  1.51805580E-03,  6.20260835E-03)
   2.00000000      -1.00000000       1.00000000     (  2.26311386E-03, -1.18277967E-03) ( -1.42958015E-03,  6.30971044E-04) ( -5.96046448E-03,  2.98954546E-03)
