    0.000000        0.000000        1.000000      (2.3320317E-02,1.2293458E-02)
   (-2.7939677E-03,-2.1308661E-02)  (0.000000,0.000000)
    0.000000        0.000000        2.000000      
 (7.8231096E-03,-3.1385571E-03)  (3.9860606E-03,2.0954758E-03)  
 (0.000000,0.000000)
    0.000000        1.000000        0.000000      
 (-9.8720193E-04,1.1995435E-02)  (0.000000,0.000000)  
 (2.5797635E-03,-3.4458935E-03)
    0.000000        1.000000        1.000000      
 (3.7066638E-03,-2.0675361E-03)  (7.4133277E-03,-6.5565109E-03)  
 (-7.4133277E-03,6.5565109E-03)
    0.000000        1.000000        2.000000      
 (-7.9348683E-03,-1.6530976E-03)  (-8.1770122E-03,3.3760443E-04)  
 (4.0885061E-03,-1.6880222E-04)
    0.000000        2.000000        0.000000      
 (1.0390067E-04,-5.7369471E-03)  (0.000000,0.000000)  
 (-3.5297126E-03,1.2316741E-03)
    0.000000        2.000000        1.000000      
 (8.9220703E-03,-1.4528632E-03)  (-5.7742000E-04,-2.5331974E-03)  
 (1.1548400E-03,5.0663948E-03)
    0.000000       -2.000000        0.000000      (1.0390067E-04,5.7369471E-03)
   (0.000000,0.000000)  (-3.5297126E-03,-1.2316741E-03)
    0.000000       -2.000000        1.000000      
 (-1.0915101E-02,-6.6496432E-03)  (-3.0174851E-03,9.1036782E-04)  
 (-6.0349703E-03,1.8207356E-03)
    0.000000       -1.000000        0.000000      
 (-9.8720193E-04,-1.1995435E-02)  (0.000000,0.000000)  
 (2.5797635E-03,3.4458935E-03)
    0.000000       -1.000000        1.000000      
 (8.4564090E-03,-1.1250377E-02)  (-2.8591603E-03,-3.2596290E-03)  
 (-2.8591603E-03,-3.2596290E-03)
    0.000000       -1.000000        2.000000      
 (-7.7299774E-03,2.0163134E-03)  (-1.5425030E-04,4.9453229E-03)  
 (-7.7125151E-05,2.4726614E-03)
    1.000000        0.000000        0.000000      (0.000000,0.000000)  
 (-2.3320317E-02,5.0663948E-03)  (2.2575259E-02,1.9446015E-02)
    1.000000        0.000000        1.000000      
 (5.4249540E-04,-4.6193600E-03)  (-2.4363399E-02,1.6242266E-02)  
 (-5.4249540E-04,4.6193600E-03)
    1.000000        0.000000        2.000000      (1.1711381E-03,1.6856939E-03)
   (5.1036477E-03,8.0093741E-03)  (-5.8556907E-04,-8.4284693E-04)
    1.000000        1.000000        0.000000      
 (5.0850213E-03,-2.7241185E-04)  (-5.0850213E-03,2.7241185E-04)  
 (-5.6996942E-03,2.3189932E-03)
    1.000000        1.000000        1.000000      
 (-2.6635826E-03,2.1653250E-03)  (1.5506521E-03,-1.2642704E-03)  
 (1.1152588E-03,-9.0105459E-04)
    1.000000        1.000000        2.000000      
 (-2.7753413E-03,-2.0489097E-03)  (-3.4272671E-03,-5.1409006E-03)  
 (3.1013042E-03,3.5949051E-03)
    1.000000        2.000000        0.000000      
 (-1.1362135E-03,4.7776848E-03)  (5.6810677E-04,-2.3888424E-03)  
 (1.0058284E-03,1.0468066E-02)
    1.000000        2.000000        1.000000      (6.2212348E-03,3.6694109E-03)
   (-1.5785918E-03,-1.8207356E-03)  (-3.0547380E-03,-3.1795935E-05)
    1.000000       -2.000000        0.000000      
 (-1.1082739E-03,2.0582229E-03)  (-5.5413693E-04,1.0291114E-03)  
 (-4.9732625E-03,-4.0628947E-04)
    1.000000       -2.000000        1.000000      
 (-1.7182902E-03,1.1152588E-03)  (-1.0966323E-03,1.8719584E-03)  
 (-4.7497451E-04,2.6263297E-03)
    1.000000       -1.000000        0.000000      
 (-4.5821071E-03,-1.7601997E-03)  (-4.5821071E-03,-1.7601997E-03)  
 (-4.5821071E-03,4.1723251E-03)
    1.000000       -1.000000        1.000000      (1.1399388E-02,7.7113509E-03)
   (3.7997961E-03,7.4319541E-03)  (-7.5995922E-03,-2.8871000E-04)
    1.000000       -1.000000        2.000000      (2.1373853E-03,5.1222742E-03)
   (2.5704503E-03,-3.8533472E-04)  (2.1362212E-04,-2.7567148E-03)
    2.000000        0.000000        0.000000      (0.000000,0.000000)  
 (1.3262033E-02,-7.2643161E-03)  (-2.4493784E-03,4.7869980E-03)
    2.000000        0.000000        1.000000      
 (-4.9360096E-03,1.4249235E-03)  (5.0012022E-03,1.2442470E-02)  
 (9.8720193E-03,-2.8498471E-03)
    2.000000        1.000000        0.000000      
 (-1.7089769E-03,-2.8230716E-04)  (3.4179538E-03,5.6461431E-04)  
 (-3.1106174E-03,-3.8649887E-03)
    2.000000        1.000000        1.000000      (3.0174851E-03,5.4016709E-03)
   (-5.9790909E-03,-1.0579824E-02)  (-5.1950337E-05,-2.5087502E-04)
    2.000000       -1.000000        0.000000      
 (5.5297278E-04,-1.8766150E-03)  (1.1059456E-03,-3.7532300E-03)  
 (1.3550743E-03,3.2410026E-03)
    2.000000       -1.000000        1.000000      
 (-5.1036477E-03,5.7974830E-04)  (-5.4575503E-03,-5.8673322E-04)  
 (4.7404319E-03,-1.7462298E-03)
