   0.00000000       0.00000000       1.00000000     (  3.68803740E-03, -1.16974115E-02) (  2.95788050E-02, -8.21892172E-04) (  0.00000000    ,  0.00000000    )
   0.00000000       0.00000000       2.00000000     (  3.05473804E-03, -5.44823706E-04) ( -3.79979610E-03, -2.03028321E-03) (  0.00000000    ,  0.00000000    )
   0.00000000       1.00000000       0.00000000     (  3.72529030E-03, -3.59490514E-03) (  0.00000000    ,  0.00000000    ) (  1.54227018E-02, -1.05705112E-03)
   0.00000000       1.00000000       1.00000000     (  1.60653144E-03,  1.24797225E-03) (  3.96743417E-03, -1.20606273E-03) ( -3.96743417E-03,  1.20606273E-03)
   0.00000000       1.00000000       2.00000000     (  1.93715096E-03, -2.14204192E-03) ( -3.23634595E-04,  1.11758709E-03) (  1.61817297E-04, -5.58793545E-04)
   0.00000000       2.00000000       0.00000000     (  1.54599547E-03,  1.60187483E-03) (  0.00000000    ,  0.00000000    ) ( -6.22821972E-05,  1.08964741E-03)
   0.00000000       2.00000000       1.00000000     ( -1.38534233E-04, -1.88127160E-03) ( -1.55996531E-04,  4.19095159E-04) (  3.11993062E-04, -8.38190317E-04)
   0.00000000      -2.00000000       0.00000000     (  1.54599547E-03, -1.60187483E-03) (  0.00000000    ,  0.00000000    ) ( -6.22821972E-05, -1.08964741E-03)
   0.00000000      -2.00000000       1.00000000     ( -9.96515155E-04,  1.19209290E-03) ( -7.82310963E-04, -3.77185643E-04) ( -1.56462193E-03, -7.54371285E-04)
   0.00000000      -1.00000000       0.00000000     (  3.72529030E-03,  3.59490514E-03) (  0.00000000    ,  0.00000000    ) (  1.54227018E-02,  1.05705112E-03)
   0.00000000      -1.00000000       1.00000000     ( -6.76140189E-03, -1.62422657E-02) ( -7.76723027E-03,  4.82425094E-03) ( -7.76723027E-03,  4.82425094E-03)
   0.00000000      -1.00000000       2.00000000     (  1.81607902E-04, -1.29453838E-03) (  1.31316483E-03,  2.39815563E-04) (  6.56582415E-04,  1.19907781E-04)
   1.00000000       0.00000000       0.00000000     (  0.00000000    ,  0.00000000    ) ( -2.80141830E-02,  1.36718154E-02) (  1.49384141E-02, -4.00468707E-03)
   1.00000000       0.00000000       1.00000000     ( -2.07684934E-03, -7.98609108E-04) ( -4.67523932E-03, -1.31130219E-02) (  2.07684934E-03,  7.98609108E-04)
   1.00000000       0.00000000       2.00000000     ( -1.86264515E-03, -1.22934580E-03) (  3.37604433E-04,  8.28877091E-04) (  9.31322575E-04,  6.14672899E-04)
   1.00000000       1.00000000       0.00000000     (  3.18512321E-03,  2.49594450E-03) ( -3.18512321E-03, -2.49594450E-03) (  3.41795385E-03,  1.06170774E-02)
   1.00000000       1.00000000       1.00000000     (  3.38332029E-06,  2.72411853E-04) ( -1.16415322E-03,  1.14552677E-03) (  1.16415322E-03, -1.41561031E-03)
   1.00000000       1.00000000       2.00000000     ( -1.97440386E-03,  2.46800482E-04) (  1.28522515E-03,  1.40629709E-03) (  3.49245965E-04, -8.28877091E-04)
   1.00000000       2.00000000       0.00000000     (  7.04312697E-05,  1.69500709E-03) ( -3.52156349E-05, -8.47503543E-04) ( -1.21071935E-03,  3.14321369E-04)
   1.00000000       2.00000000       1.00000000     (  1.08964741E-03,  9.68575478E-04) ( -4.65661287E-04, -3.30619514E-04) ( -1.51339918E-04, -3.09664756E-04)
   1.00000000      -2.00000000       0.00000000     (  6.47269189E-04,  6.98491931E-04) (  3.23634595E-04,  3.49245965E-04) ( -1.10827386E-03, -3.63215804E-04)
   1.00000000      -2.00000000       1.00000000     ( -1.27591193E-03,  1.97906047E-04) ( -4.88944352E-04,  4.51691449E-04) (  2.95694917E-04,  7.03148544E-04)
   1.00000000      -1.00000000       0.00000000     (  2.74740160E-03, -1.16880983E-03) (  2.74740160E-03, -1.16880983E-03) ( -5.56930900E-03,  1.75088644E-02)
   1.00000000      -1.00000000       1.00000000     (  2.25380063E-03,  1.71363354E-03) ( -1.07102096E-04, -2.71946192E-03) ( -2.36555934E-03, -4.43309546E-03)
   1.00000000      -1.00000000       2.00000000     ( -2.12341547E-03, -5.07570803E-04) (  5.82076609E-04,  2.91038305E-04) (  1.35041773E-03,  4.00468707E-04)
   2.00000000       0.00000000       0.00000000     (  0.00000000    ,  0.00000000    ) ( -3.28291208E-04,  2.21654773E-03) ( -8.28877091E-04, -9.22009349E-04)
   2.00000000       0.00000000       1.00000000     ( -3.14321369E-04,  2.65426934E-04) ( -1.25728548E-03, -5.44823706E-04) (  6.28642738E-04, -5.30853868E-04)
   2.00000000       1.00000000       0.00000000     ( -1.38534233E-04, -2.21189111E-04) (  2.77068466E-04,  4.42378223E-04) (  3.91155481E-04,  6.37955964E-04)
   2.00000000       1.00000000       1.00000000     ( -1.86264515E-04,  2.21189111E-05) ( -7.35744834E-04,  6.70552254E-04) (  1.10827386E-03, -7.17118382E-04)
   2.00000000      -1.00000000       0.00000000     ( -1.06170774E-03, -7.72997737E-04) ( -2.12341547E-03, -1.54599547E-03) (  9.68575478E-04,  1.56462193E-03)
   2.00000000      -1.00000000       1.00000000     (  3.39932740E-04, -1.36904418E-03) ( -5.49480319E-04, -1.79279596E-04) ( -1.22934580E-03,  2.55182385E-03)
