   0.00000000       0.00000000       1.00000000     ( -4.49363142E-04, -1.14738941E-02) (  2.13086605E-02,  5.77419996E-03) (  0.00000000    ,  0.00000000    )
   0.00000000       0.00000000       2.00000000     (  7.71135092E-03, -2.90572643E-03) ( -1.12503767E-02, -5.02914190E-03) (  0.00000000    ,  0.00000000    )
   0.00000000       1.00000000       0.00000000     (  6.57513738E-03, -6.21657819E-04) (  0.00000000    ,  0.00000000    ) (  1.44541264E-02, -5.75557351E-03)
   0.00000000       1.00000000       1.00000000     ( -6.14672899E-03, -2.94297934E-03) (  4.06056643E-03, -1.28056854E-03) ( -4.06056643E-03,  1.28056854E-03)
   0.00000000       1.00000000       2.00000000     (  5.10364771E-03, -3.68803740E-03) ( -3.44589353E-03,  1.85333192E-03) (  1.72294676E-03, -9.26665962E-04)
   0.00000000       2.00000000       0.00000000     ( -1.43889338E-03,  5.84870577E-03) (  0.00000000    ,  0.00000000    ) ( -6.12344593E-04,  2.56113708E-05)
   0.00000000       2.00000000       1.00000000     ( -5.76255843E-05, -2.20723450E-03) ( -1.29453838E-03,  9.54605639E-04) (  2.58907676E-03, -1.90921128E-03)
   0.00000000      -2.00000000       0.00000000     ( -1.43889338E-03, -5.84870577E-03) (  0.00000000    ,  0.00000000    ) ( -6.12344593E-04, -2.56113708E-05)
   0.00000000      -2.00000000       1.00000000     (  2.05822289E-03, -5.38420863E-05) ( -7.40401447E-04,  1.12922862E-04) ( -1.48080289E-03,  2.25845724E-04)
   0.00000000      -1.00000000       0.00000000     (  6.57513738E-03,  6.21657819E-04) (  0.00000000    ,  0.00000000    ) (  1.44541264E-02,  5.75557351E-03)
   0.00000000      -1.00000000       1.00000000     ( -8.49366188E-03, -1.14366412E-02) ( -5.66244125E-03,  6.10947609E-03) ( -5.66244125E-03,  6.10947609E-03)
   0.00000000      -1.00000000       2.00000000     ( -1.81607902E-03, -2.51457095E-03) (  3.30619514E-04,  2.92435288E-03) (  1.65309757E-04,  1.46217644E-03)
   1.00000000       0.00000000       0.00000000     (  0.00000000    ,  0.00000000    ) ( -2.61515379E-02,  6.42612576E-03) (  1.66893005E-02, -4.88013029E-03)
   1.00000000       0.00000000       1.00000000     ( -1.56927854E-03, -2.28174031E-03) (  3.16649675E-03, -6.72414899E-03) (  1.56927854E-03,  2.28174031E-03)
   1.00000000       0.00000000       2.00000000     ( -3.63215804E-03, -1.42026693E-03) ( -1.15483999E-03,  3.27825546E-03) (  1.81607902E-03,  7.10133463E-04)
   1.00000000       1.00000000       0.00000000     (  6.05359674E-04,  1.32713467E-04) ( -6.05359674E-04, -1.32713467E-04) (  6.87316060E-03,  1.40815973E-02)
   1.00000000       1.00000000       1.00000000     ( -4.43309546E-03, -8.28877091E-04) (  2.18860805E-03,  3.59490514E-03) (  2.23517418E-03, -2.77534127E-03)
   1.00000000       1.00000000       2.00000000     ( -6.14672899E-04,  1.13621354E-03) (  2.33761966E-03,  1.13621354E-03) ( -8.61473382E-04, -1.13621354E-03)
   1.00000000       2.00000000       0.00000000     ( -6.44940883E-04,  6.57746568E-05) (  3.22470441E-04, -3.28873284E-05) ( -1.01514161E-03, -1.55530870E-03)
   1.00000000       2.00000000       1.00000000     (  2.41212547E-03,  1.57888280E-05) ( -9.49949026E-04, -1.67055987E-04) ( -5.09899110E-04,  3.18977982E-04)
   1.00000000      -2.00000000       0.00000000     ( -1.34110451E-03, -8.55652615E-05) ( -6.70552254E-04, -4.27826308E-05) ( -1.31316483E-03,  3.12924385E-03)
   1.00000000      -2.00000000       1.00000000     ( -1.92085281E-04, -7.54371285E-04) (  1.06636435E-03, -5.77419996E-04) (  2.32830644E-03, -3.98140401E-04)
   1.00000000      -1.00000000       0.00000000     (  6.57513738E-03,  2.01165676E-03) (  6.57513738E-03,  2.01165676E-03) ( -2.74740160E-03,  2.55182385E-03)
   1.00000000      -1.00000000       1.00000000     ( -1.30850822E-03,  3.44589353E-03) ( -1.06636435E-03, -3.37138772E-03) (  2.40979716E-04, -6.81728125E-03)
   1.00000000      -1.00000000       2.00000000     ( -3.94880772E-03, -1.21071935E-03) (  1.84401870E-03,  1.77882612E-03) (  2.88709998E-03,  1.49011612E-03)
   2.00000000       0.00000000       0.00000000     (  0.00000000    ,  0.00000000    ) ( -2.53319740E-03,  2.98023224E-03) (  1.49011612E-03, -2.77534127E-03)
   2.00000000       0.00000000       1.00000000     ( -1.15483999E-03,  1.12690032E-03) ( -1.20140612E-03, -3.94880772E-03) (  2.30967999E-03, -2.25380063E-03)
   2.00000000       1.00000000       0.00000000     ( -1.17812306E-03, -1.35041773E-03) (  2.35624611E-03,  2.70083547E-03) ( -2.32830644E-04,  3.78116965E-03)
   2.00000000       1.00000000       1.00000000     ( -8.33533704E-04,  4.30736691E-04) (  2.32830644E-04,  9.82545316E-04) (  1.43423676E-03, -1.84401870E-03)
   2.00000000      -1.00000000       0.00000000     ( -2.26311386E-03, -1.05239451E-03) ( -4.52622771E-03, -2.10478902E-03) (  8.38190317E-04,  4.80562449E-03)
   2.00000000      -1.00000000       1.00000000     (  2.20723450E-03, -1.37952156E-04) ( -1.03376806E-03,  8.84756446E-04) ( -5.45755029E-03,  1.15949661E-03)
