   0.00000000       0.00000000       1.00000000     (  2.78651714E-02,  1.04121864E-02) (  1.84774399E-02, -3.40491533E-02) (  0.00000000    ,  0.00000000    )
   0.00000000       0.00000000       2.00000000     (  1.09896064E-03, -2.73808837E-03) ( -2.01165676E-03, -4.23751771E-04) (  0.00000000    ,  0.00000000    )
   0.00000000       1.00000000       0.00000000     ( -1.46031380E-02,  4.67523932E-03) (  0.00000000    ,  0.00000000    ) (  3.04542482E-03,  7.30156898E-03)
   0.00000000       1.00000000       1.00000000     (  7.09667802E-03, -2.62632966E-03) (  1.36904418E-03, -1.11013651E-02) ( -1.36904418E-03,  1.11013651E-02)
   0.00000000       1.00000000       2.00000000     ( -2.84984708E-03,  1.08033419E-03) ( -6.98491931E-04,  1.89756975E-04) (  3.49245965E-04, -9.48784873E-05)
   0.00000000       2.00000000       0.00000000     ( -1.82539225E-03, -3.25962901E-04) (  0.00000000    ,  0.00000000    ) ( -1.82539225E-03,  1.31316483E-03)
   0.00000000       2.00000000       1.00000000     (  1.08964741E-03,  2.32830644E-03) ( -9.12696123E-04, -3.72529030E-04) (  1.82539225E-03,  7.45058060E-04)
   0.00000000      -2.00000000       0.00000000     ( -1.82539225E-03,  3.25962901E-04) (  0.00000000    ,  0.00000000    ) ( -1.82539225E-03, -1.31316483E-03)
   0.00000000      -2.00000000       1.00000000     ( -5.06639481E-03,  1.25728548E-03) ( -1.01514161E-03,  7.40401447E-04) ( -2.03028321E-03,  1.48080289E-03)
   0.00000000      -1.00000000       0.00000000     ( -1.46031380E-02, -4.67523932E-03) (  0.00000000    ,  0.00000000    ) (  3.04542482E-03, -7.30156898E-03)
   0.00000000      -1.00000000       1.00000000     (  1.51991844E-02, -2.20537186E-02) (  1.03376806E-03, -1.69966370E-04) (  1.03376806E-03, -1.69966370E-04)
   0.00000000      -1.00000000       2.00000000     ( -1.12777343E-05, -9.59262252E-04) (  6.10016286E-04, -1.43423676E-03) (  3.05008143E-04, -7.17118382E-04)
   1.00000000       0.00000000       0.00000000     (  0.00000000    ,  0.00000000    ) ( -1.38580799E-02,  1.02259219E-02) (  3.33786011E-02,  2.79396772E-02)
   1.00000000       0.00000000       1.00000000     (  5.40167093E-03, -2.63098627E-03) ( -3.48687172E-02,  1.29640102E-02) ( -5.40167093E-03,  2.63098627E-03)
   1.00000000       0.00000000       2.00000000     (  8.19563866E-04,  1.49942935E-03) (  3.68803740E-03,  1.71363354E-03) ( -4.09781933E-04, -7.49714673E-04)
   1.00000000       1.00000000       0.00000000     (  6.51925802E-03,  6.89178705E-03) ( -6.51925802E-03, -6.89178705E-03) ( -1.01141632E-02,  9.44361091E-03)
   1.00000000       1.00000000       1.00000000     ( -5.16884029E-04, -1.47148967E-03) ( -3.51574272E-04,  2.79396772E-04) (  8.66129994E-04,  1.19209290E-03)
   1.00000000       1.00000000       2.00000000     ( -1.44354999E-04, -5.91389835E-04) ( -1.38767064E-03,  2.67755240E-04) (  7.63684511E-04,  1.62981451E-04)
   1.00000000       2.00000000       0.00000000     ( -1.03376806E-03,  2.58907676E-03) (  5.16884029E-04, -1.29453838E-03) (  5.44823706E-04, -2.44472176E-04)
   1.00000000       2.00000000       1.00000000     (  2.60770321E-03,  1.52504072E-04) ( -2.32830644E-03, -7.63684511E-04) (  2.04890966E-03,  1.36904418E-03)
   1.00000000      -2.00000000       0.00000000     (  7.21774995E-05, -1.52736902E-03) (  3.60887498E-05, -7.63684511E-04) ( -1.17346644E-03,  5.54136932E-04)
   1.00000000      -2.00000000       1.00000000     ( -2.63098627E-04,  2.04890966E-03) ( -5.21540642E-04,  1.86264515E-03) ( -7.82310963E-04,  1.67638063E-03)
   1.00000000      -1.00000000       0.00000000     ( -4.55416739E-03, -1.58697367E-02) ( -4.55416739E-03, -1.58697367E-02) ( -1.00024045E-02,  1.10268593E-02)
   1.00000000      -1.00000000       1.00000000     (  8.66129994E-04,  8.38190317E-04) ( -1.50874257E-03, -1.29453838E-03) ( -2.36555934E-03, -2.12341547E-03)
   1.00000000      -1.00000000       2.00000000     (  2.63098627E-04,  1.38767064E-03) (  6.23986125E-04,  1.08964741E-03) (  1.80443749E-04, -1.49011612E-04)
   2.00000000       0.00000000       0.00000000     (  0.00000000    ,  0.00000000    ) (  2.84984708E-03,  2.79396772E-04) ( -1.88127160E-03, -2.98314262E-06)
   2.00000000       0.00000000       1.00000000     (  1.61817297E-04, -1.08964741E-03) (  3.70200723E-04,  1.84401870E-03) ( -3.23634595E-04,  2.17929482E-03)
   2.00000000       1.00000000       0.00000000     ( -1.26659870E-03,  1.05937943E-04) (  2.53319740E-03, -2.11875886E-04) (  9.89530236E-05, -2.77534127E-03)
   2.00000000       1.00000000       1.00000000     ( -3.56230885E-04,  6.65895641E-04) (  7.72997737E-04, -1.97440386E-03) ( -5.99538907E-05,  6.33299351E-04)
   2.00000000      -1.00000000       0.00000000     (  1.62981451E-04,  1.07102096E-03) (  3.25962901E-04,  2.14204192E-03) ( -1.24564394E-04,  1.16415322E-03)
   2.00000000      -1.00000000       1.00000000     ( -1.52736902E-03,  1.58324838E-04) ( -1.49942935E-03, -8.73114914E-05) (  1.56462193E-03, -4.00468707E-04)
