    0.000000        0.000000        1.000000      (2.1308661E-02,1.1734664E-02)
   (-8.4564090E-03,-1.6763806E-02)  (0.000000,0.000000)
    0.000000        0.000000        2.000000      
 (7.1153045E-03,-1.6205013E-03)  (6.1281025E-03,4.7218055E-03)  
 (0.000000,0.000000)
    0.000000        1.000000        0.000000      (1.2200326E-03,8.6799264E-03)
   (0.000000,0.000000)  (3.5576522E-03,-2.4586916E-03)
    0.000000        1.000000        1.000000      (4.2840838E-03,2.4680048E-03)
   (6.2398612E-03,-4.7311187E-03)  (-6.2398612E-03,4.7311187E-03)
    0.000000        1.000000        2.000000      
 (-8.2515180E-03,-2.5285408E-03)  (-5.3364784E-03,-1.2782402E-03)  
 (2.6682392E-03,6.3912012E-04)
    0.000000        2.000000        0.000000      
 (-3.4924597E-03,-9.8487362E-04)  (0.000000,0.000000)  
 (-1.0407530E-03,3.0640513E-03)
    0.000000        2.000000        1.000000      
 (1.0523945E-02,-3.1013042E-03)  (-2.7590431E-04,-1.9930303E-03)  
 (5.5180863E-04,3.9860606E-03)
    0.000000       -2.000000        0.000000      
 (-3.4924597E-03,9.8487362E-04)  (0.000000,0.000000)  
 (-1.0407530E-03,-3.0640513E-03)
    0.000000       -2.000000        1.000000      
 (-1.2852252E-02,-1.1455268E-02)  (-3.9022416E-03,1.1269003E-03)  
 (-7.8044832E-03,2.2538006E-03)
    0.000000       -1.000000        0.000000      
 (1.2200326E-03,-8.6799264E-03)  (0.000000,0.000000)  
 (3.5576522E-03,2.4586916E-03)
    0.000000       -1.000000        1.000000      
 (6.4074993E-03,-6.2026083E-03)  (-1.9650906E-03,-4.3958426E-03)  
 (-1.9650906E-03,-4.3958426E-03)
    0.000000       -1.000000        2.000000      
 (-1.3485551E-02,2.1187589E-03)  (-2.4586916E-03,1.4947727E-03)  
 (-1.2293458E-03,7.4738637E-04)
    1.000000        0.000000        0.000000      (0.000000,0.000000)  
 (-2.5480986E-02,4.9732625E-03)  (1.7508864E-02,1.7806888E-02)
    1.000000        0.000000        1.000000      
 (-2.0209700E-03,-3.3713877E-03)  (-1.9222498E-02,1.4454126E-02)  
 (2.0209700E-03,3.3713877E-03)
    1.000000        0.000000        2.000000      (6.8335794E-04,1.4482066E-03)
   (4.7311187E-03,1.0505319E-02)  (-3.4167897E-04,-7.2410330E-04)
    1.000000        1.000000        0.000000      
 (3.5576522E-03,-1.4901161E-03)  (-3.5576522E-03,1.4901161E-03)  
 (-2.5145710E-03,2.2444874E-03)
    1.000000        1.000000        1.000000      (9.0803951E-04,4.1723251E-03)
   (-2.3003668E-03,-3.0361116E-03)  (1.3923272E-03,-1.1362135E-03)
    1.000000        1.000000        2.000000      
 (-4.1071326E-03,1.0547228E-03)  (-3.7834980E-04,-5.4575503E-03)  
 (2.2444874E-03,2.2025779E-03)
    1.000000        2.000000        0.000000      (2.4819747E-03,2.2351742E-03)
   (-1.2409873E-03,-1.1175871E-03)  (3.9488077E-03,9.0152025E-03)
    1.000000        2.000000        1.000000      (3.6973506E-03,3.5390258E-03)
   (-1.9790605E-03,3.8067810E-04)  (2.6077032E-04,-4.3027103E-03)
    1.000000       -2.000000        0.000000      (8.2422048E-04,7.7299774E-03)
   (4.1211024E-04,3.8649887E-03)  (-6.2398612E-03,-1.0500662E-03)
    1.000000       -2.000000        1.000000      
 (-2.1886081E-03,-2.8521754E-04)  (-2.8929207E-04,2.4883775E-05)  
 (1.6111881E-03,3.3527613E-04)
    1.000000       -1.000000        0.000000      
 (-1.6856939E-03,4.7264621E-04)  (-1.6856939E-03,4.7264621E-04)  
 (-5.4389238E-03,3.5949051E-03)
    1.000000       -1.000000        1.000000      
 (1.4081597E-02,-1.5133992E-05)  (4.6752393E-03,1.1967495E-03)  
 (-9.4063580E-03,1.2107193E-03)
    1.000000       -1.000000        2.000000      
 (-3.2875687E-03,-1.4173565E-04)  (-6.5751374E-03,-4.3306500E-03)  
 (-1.6437843E-03,-2.0908192E-03)
    2.000000        0.000000        0.000000      (0.000000,0.000000)  
 (1.3038516E-02,-4.2654574E-03)  (-5.2619725E-04,1.4854595E-03)
    2.000000        0.000000        1.000000      
 (-3.2596290E-03,5.1595271E-03)  (4.4889748E-03,1.0058284E-02)  
 (6.5192580E-03,-1.0319054E-02)
    2.000000        1.000000        0.000000      
 (-1.9418076E-03,-2.7241185E-03)  (3.8836151E-03,5.4482371E-03)  
 (-7.5064600E-03,3.6973506E-03)
    2.000000        1.000000        1.000000      (3.3807009E-03,4.7590584E-03)
   (-4.8428774E-03,-1.3709068E-02)  (-1.9185245E-03,4.1816384E-03)
    2.000000       -1.000000        0.000000      
 (-2.7706847E-03,-3.3155084E-03)  (-5.5413693E-03,-6.6310167E-03)  
 (1.8533319E-03,4.2561442E-03)
    2.000000       -1.000000        1.000000      
 (-4.7590584E-03,2.4866313E-03)  (-4.1257590E-03,6.5192580E-03)  
 (5.3923577E-03,1.5506521E-03)
