   0.00000000       0.00000000      -2.00000000     (  6.59376383E-03,  3.76254320E-03) (  2.03493983E-03, -1.47614628E-03) (  0.00000000    ,  0.00000000    )
   0.00000000       0.00000000      -1.00000000     (  2.30967999E-02, -1.17719173E-02) ( -2.40979716E-04,  2.27242708E-02) (  0.00000000    ,  0.00000000    )
   0.00000000       1.00000000      -2.00000000     ( -4.12575901E-03, -1.53668225E-04) (  4.14438546E-04, -3.73460352E-03) (  2.07219273E-04, -1.86730176E-03)
   0.00000000       1.00000000      -1.00000000     (  9.98377800E-03,  1.26659870E-02) ( -2.56113708E-03,  2.68220901E-03) ( -2.56113708E-03,  2.68220901E-03)
   0.00000000       2.00000000      -1.00000000     ( -9.05245543E-03,  3.28756869E-03) ( -1.82073563E-03, -9.40635800E-04) ( -3.64147127E-03, -1.88127160E-03)
   0.00000000      -2.00000000      -1.00000000     (  6.07222319E-03, -7.82310963E-04) ( -1.15483999E-03,  2.40281224E-03) (  2.30967999E-03, -4.80562449E-03)
   0.00000000      -1.00000000      -2.00000000     ( -7.13393092E-03,  9.82545316E-04) ( -6.96629286E-03, -4.97093424E-04) (  3.48314643E-03,  2.48546712E-04)
   0.00000000      -1.00000000      -1.00000000     (  3.28756869E-03,  3.40864062E-03) (  6.94766641E-03,  7.07805157E-03) ( -6.94766641E-03, -7.07805157E-03)
   1.00000000       0.00000000      -2.00000000     (  3.04542482E-03,  4.61935997E-03) ( -3.10130417E-03,  7.65547156E-03) (  1.52271241E-03,  2.30967999E-03)
   1.00000000       0.00000000      -1.00000000     (  3.72529030E-03,  3.71364877E-04) (  8.86619091E-03, -1.02911144E-03) (  3.72529030E-03,  3.71364877E-04)
   1.00000000       1.00000000      -2.00000000     ( -3.85567546E-03, -3.50177288E-03) (  4.33996320E-03, -7.93486834E-03) (  2.39233486E-04, -5.71832061E-03)
   1.00000000       1.00000000      -1.00000000     ( -7.45058060E-03, -4.63798642E-03) (  4.89875674E-03, -2.31084414E-04) ( -2.55182385E-03, -4.88013029E-03)
   1.00000000       2.00000000      -1.00000000     ( -6.01634383E-03, -2.73808837E-03) (  9.05711204E-04,  1.26659870E-03) ( -4.20957804E-03, -2.01398507E-04)
   1.00000000      -2.00000000      -1.00000000     (  5.20376489E-04, -3.83704901E-03) ( -2.19733920E-05, -3.31550837E-03) (  5.63450158E-04,  2.79396772E-03)
   1.00000000      -1.00000000      -2.00000000     (  1.46683306E-03,  1.44820660E-03) ( -9.24046617E-06,  8.66129994E-04) (  7.38073140E-04,  2.92202458E-04)
   1.00000000      -1.00000000      -1.00000000     ( -4.95463610E-03,  1.14087015E-03) ( -6.87316060E-03,  9.26665962E-04) (  1.90921128E-03,  2.15368345E-04)
   2.00000000       0.00000000      -1.00000000     ( -1.79745257E-03,  1.93715096E-03) ( -6.72414899E-03,  4.20957804E-03) ( -3.59490514E-03,  3.87430191E-03)
   2.00000000       1.00000000      -1.00000000     (  9.05711204E-04,  1.59256160E-03) (  2.20723450E-03, -5.23403287E-03) (  4.02331352E-03, -2.04890966E-03)
   2.00000000      -1.00000000      -1.00000000     (  1.53668225E-04, -1.62515789E-03) (  2.10013241E-03, -2.66591087E-04) ( -1.79279596E-03, -2.98954546E-03)
