   0.00000000       0.00000000       1.00000000     (  3.52971256E-03, -1.16229057E-02) (  2.92062759E-02, -6.26314431E-04) (  0.00000000    ,  0.00000000    )
   0.00000000       0.00000000       2.00000000     (  3.27825546E-03, -5.82076609E-04) ( -4.06056643E-03, -2.19792128E-03) (  0.00000000    ,  0.00000000    )
   0.00000000       1.00000000       0.00000000     (  3.78116965E-03, -3.54833901E-03) (  0.00000000    ,  0.00000000    ) (  1.53481960E-02, -1.18743628E-03)
   0.00000000       1.00000000       1.00000000     (  1.42958015E-03,  1.13621354E-03) (  3.98606062E-03, -1.20606273E-03) ( -3.98606062E-03,  1.20606273E-03)
   0.00000000       1.00000000       2.00000000     (  2.10478902E-03, -2.29105353E-03) ( -3.53902578E-04,  1.21071935E-03) (  1.76951289E-04, -6.05359674E-04)
   0.00000000       2.00000000       0.00000000     (  1.60187483E-03,  1.76951289E-03) (  0.00000000    ,  0.00000000    ) ( -7.68341124E-05,  1.18277967E-03)
   0.00000000       2.00000000       1.00000000     ( -1.88592821E-04, -2.04890966E-03) ( -1.82772055E-04,  4.74974513E-04) (  3.65544111E-04, -9.49949026E-04)
   0.00000000      -2.00000000       0.00000000     (  1.60187483E-03, -1.76951289E-03) (  0.00000000    ,  0.00000000    ) ( -7.68341124E-05, -1.18277967E-03)
   0.00000000      -2.00000000       1.00000000     ( -1.03376806E-03,  1.25728548E-03) ( -8.19563866E-04, -3.74857336E-04) ( -1.63912773E-03, -7.49714673E-04)
   0.00000000      -1.00000000       0.00000000     (  3.78116965E-03,  3.54833901E-03) (  0.00000000    ,  0.00000000    ) (  1.53481960E-02,  1.18743628E-03)
   0.00000000      -1.00000000       1.00000000     ( -6.76140189E-03, -1.59442425E-02) ( -7.67409801E-03,  4.86150384E-03) ( -7.67409801E-03,  4.86150384E-03)
   0.00000000      -1.00000000       2.00000000     (  1.53668225E-04, -1.39698386E-03) (  1.38767064E-03,  2.74740160E-04) (  6.93835318E-04,  1.37370080E-04)
   1.00000000       0.00000000       0.00000000     (  0.00000000    ,  0.00000000    ) ( -2.77906656E-02,  1.33737922E-02) (  1.48639083E-02, -4.02331352E-03)
   1.00000000       0.00000000       1.00000000     ( -2.03959644E-03, -8.38190317E-04) ( -4.45172191E-03, -1.28895044E-02) (  2.03959644E-03,  8.38190317E-04)
   1.00000000       0.00000000       2.00000000     ( -1.99303031E-03, -1.28522515E-03) (  3.30619514E-04,  8.84756446E-04) (  9.96515155E-04,  6.42612576E-04)
   1.00000000       1.00000000       0.00000000     (  3.12924385E-03,  2.43075192E-03) ( -3.12924385E-03, -2.43075192E-03) (  3.55765224E-03,  1.06170774E-02)
   1.00000000       1.00000000       1.00000000     ( -4.42378223E-05,  2.60770321E-04) ( -1.17346644E-03,  1.25728548E-03) (  1.22003257E-03, -1.52736902E-03)
   1.00000000       1.00000000       2.00000000     ( -2.08616257E-03,  2.65426934E-04) (  1.36904418E-03,  1.47148967E-03) (  3.58559191E-04, -8.66129994E-04)
   1.00000000       2.00000000       0.00000000     (  9.89530236E-05,  1.78813934E-03) ( -4.94765118E-05, -8.94069672E-04) ( -1.30385160E-03,  3.53902578E-04)
   1.00000000       2.00000000       1.00000000     (  1.18277967E-03,  1.02445483E-03) ( -4.93600965E-04, -3.51574272E-04) ( -1.95577741E-04, -3.23634595E-04)
   1.00000000      -2.00000000       0.00000000     (  6.89178705E-04,  7.21774995E-04) (  3.44589353E-04,  3.60887498E-04) ( -1.19209290E-03, -3.18977982E-04)
   1.00000000      -2.00000000       1.00000000     ( -1.33179128E-03,  2.18860805E-04) ( -5.02914190E-04,  4.84287739E-04) (  3.25962901E-04,  7.45058060E-04)
   1.00000000      -1.00000000       0.00000000     (  2.79396772E-03, -1.07567757E-03) (  2.79396772E-03, -1.07567757E-03) ( -5.47617674E-03,  1.70618296E-02)
   1.00000000      -1.00000000       1.00000000     (  2.34693289E-03,  1.82539225E-03) ( -1.22236088E-04, -2.86847353E-03) ( -2.45869160E-03, -4.69386578E-03)
   1.00000000      -1.00000000       2.00000000     ( -2.29105353E-03, -5.58793545E-04) (  6.47269189E-04,  2.93366611E-04) (  1.47148967E-03,  4.28408384E-04)
   2.00000000       0.00000000       0.00000000     (  0.00000000    ,  0.00000000    ) ( -3.86498868E-04,  2.34693289E-03) ( -8.66129994E-04, -9.87201929E-04)
   2.00000000       0.00000000       1.00000000     ( -3.37604433E-04,  2.93366611E-04) ( -1.35973096E-03, -6.14672899E-04) (  6.75208867E-04, -5.86733222E-04)
   2.00000000       1.00000000       0.00000000     ( -1.55996531E-04, -2.51457095E-04) (  3.11993062E-04,  5.02914190E-04) (  4.19095159E-04,  7.03148544E-04)
   2.00000000       1.00000000       1.00000000     ( -2.00234354E-04,  2.93948688E-05) ( -7.72997737E-04,  7.03148544E-04) (  1.17346644E-03, -7.63684511E-04)
   2.00000000      -1.00000000       0.00000000     ( -1.14552677E-03, -8.28877091E-04) ( -2.29105353E-03, -1.65775418E-03) (  1.03376806E-03,  1.73225999E-03)
   2.00000000      -1.00000000       1.00000000     (  3.91155481E-04, -1.43423676E-03) ( -5.77419996E-04, -1.58324838E-04) ( -1.35973096E-03,  2.70083547E-03)
