    0.000000        0.000000        1.000000      (2.3245811E-02,1.2069941E-02)
   (-1.7043203E-03,-2.1979213E-02)  (0.000000,0.000000)
    0.000000        0.000000        2.000000      
 (7.1525574E-03,-3.3620745E-03)  (3.1013042E-03,1.7322600E-03)  
 (0.000000,0.000000)
    0.000000        1.000000        0.000000      
 (-1.4901161E-03,1.1995435E-02)  (0.000000,0.000000)  
 (2.3562461E-03,-3.2782555E-03)
    0.000000        1.000000        1.000000      
 (3.5203993E-03,-2.6822090E-03)  (7.2643161E-03,-6.7986548E-03)  
 (-7.2643161E-03,6.7986548E-03)
    0.000000        1.000000        2.000000      
 (-7.4319541E-03,-1.3131648E-03)  (-7.5995922E-03,4.1676685E-04)  
 (3.7997961E-03,-2.0838343E-04)
    0.000000        2.000000        0.000000      
 (1.3329554E-04,-5.9418380E-03)  (0.000000,0.000000)  
 (-3.8091093E-03,8.1025064E-04)
    0.000000        2.000000        1.000000      
 (7.5250864E-03,-5.0058588E-04)  (-8.0792233E-04,-2.4493784E-03)  
 (1.6158447E-03,4.8987567E-03)
    0.000000       -2.000000        0.000000      (1.3329554E-04,5.9418380E-03)
   (0.000000,0.000000)  (-3.8091093E-03,-8.1025064E-04)
    0.000000       -2.000000        1.000000      
 (-9.8347664E-03,-5.0477684E-03)  (-2.4214387E-03,8.7777153E-04)  
 (-4.8428774E-03,1.7555431E-03)
    0.000000       -1.000000        0.000000      
 (-1.4901161E-03,-1.1995435E-02)  (0.000000,0.000000)  
 (2.3562461E-03,3.2782555E-03)
    0.000000       -1.000000        1.000000      
 (9.0524554E-03,-1.1920929E-02)  (-2.7753413E-03,-3.0081719E-03)  
 (-2.7753413E-03,-3.0081719E-03)
    0.000000       -1.000000        2.000000      
 (-5.9604645E-03,1.2200326E-03)  (1.1932570E-04,4.4610351E-03)  
 (5.9662852E-05,2.2305176E-03)
    1.000000        0.000000        0.000000      (0.000000,0.000000)  
 (-2.2351742E-02,5.1036477E-03)  (2.3096800E-02,1.9520521E-02)
    1.000000        0.000000        1.000000      
 (1.0244548E-03,-4.5821071E-03)  (-2.4661422E-02,1.6093254E-02)  
 (-1.0244548E-03,4.5821071E-03)
    1.000000        0.000000        2.000000      (1.0966323E-03,1.7974526E-03)
   (4.8428774E-03,6.6868961E-03)  (-5.4831617E-04,-8.9872628E-04)
    1.000000        1.000000        0.000000      (5.1781535E-03,1.6705599E-04)
   (-5.1781535E-03,-1.6705599E-04)  (-6.1094761E-03,2.5052577E-03)
    1.000000        1.000000        1.000000      
 (-2.8498471E-03,1.6763806E-03)  (1.8393621E-03,-9.6624717E-04)  
 (1.0058284E-03,-7.1013346E-04)
    1.000000        1.000000        2.000000      
 (-2.4586916E-03,-2.1979213E-03)  (-3.7066638E-03,-4.5541674E-03)  
 (3.0826777E-03,3.3713877E-03)
    1.000000        2.000000        0.000000      
 (-1.4342368E-03,4.8801303E-03)  (7.1711838E-04,-2.4400651E-03)  
 (3.9930455E-04,9.8720193E-03)
    1.000000        2.000000        1.000000      (6.1467290E-03,3.1758100E-03)
   (-1.7182902E-03,-1.8998981E-03)  (-2.7101487E-03,6.2165782E-04)
    1.000000       -2.000000        0.000000      
 (-9.2899427E-04,6.4494088E-04)  (-4.6449713E-04,3.2247044E-04)  
 (-3.9301813E-03,-8.5274223E-05)
    1.000000       -2.000000        1.000000      
 (-1.8533319E-03,1.0174699E-03)  (-1.4528632E-03,1.7182902E-03)  
 (-1.0523945E-03,2.4121255E-03)
    1.000000       -1.000000        0.000000      
 (-4.9732625E-03,-2.4586916E-03)  (-4.9732625E-03,-2.4586916E-03)  
 (-4.4330955E-03,4.2095780E-03)
    1.000000       -1.000000        1.000000      (9.7230077E-03,7.8044832E-03)
   (2.9802322E-03,7.4133277E-03)  (-6.7427754E-03,-4.0163286E-04)
    1.000000       -1.000000        2.000000      (2.7753413E-03,5.4575503E-03)
   (3.8091093E-03,5.1222742E-04)  (5.1804818E-04,-2.4680048E-03)
    2.000000        0.000000        0.000000      (0.000000,0.000000)  
 (1.2069941E-02,-6.8545341E-03)  (-2.8032809E-03,4.5914203E-03)
    2.000000        0.000000        1.000000      
 (-4.6659261E-03,6.6123903E-04)  (4.3865293E-03,1.1585653E-02)  
 (9.3318522E-03,-1.3224781E-03)
    2.000000        1.000000        0.000000      
 (-1.7136335E-03,1.0273652E-04)  (3.4272671E-03,-2.0547304E-04)  
 (-2.2538006E-03,-4.8056245E-03)
    2.000000        1.000000        1.000000      (2.6449561E-03,4.9360096E-03)
   (-5.5134296E-03,-9.1828406E-03)  (2.2642780E-04,-7.1246177E-04)
    2.000000       -1.000000        0.000000      
 (8.5216016E-04,-1.3830140E-03)  (1.7043203E-03,-2.7660280E-03)  
 (9.5926225E-04,2.6915222E-03)
    2.000000       -1.000000        1.000000      
 (-4.5634806E-03,4.4936314E-04)  (-4.7683716E-03,-1.1827797E-03)  
 (4.3679029E-03,-2.0815060E-03)
