    0.000000        0.000000       -2.000000      (8.0466270E-03,3.0547380E-03)
   (4.3027103E-03,-2.2584572E-03)  (0.000000,0.000000)
    0.000000        0.000000       -1.000000      
 (2.3171306E-02,-1.2256205E-02)  (-3.1664968E-03,2.0936131E-02)  
 (0.000000,0.000000)
    0.000000        1.000000       -2.000000      
 (-8.4005296E-03,-2.2910535E-03)  (-2.7008355E-04,-5.0757080E-03)  
 (-1.3504177E-04,-2.5378540E-03)
    0.000000        1.000000       -1.000000      (8.1956387E-03,1.0915101E-02)
   (-2.8498471E-03,3.3248216E-03)  (-2.8498471E-03,3.3248216E-03)
    0.000000        2.000000       -1.000000      
 (-1.1362135E-02,7.2643161E-03)  (-3.2410026E-03,-9.3132257E-04)  
 (-6.4820051E-03,-1.8626451E-03)
    0.000000       -2.000000       -1.000000      (9.4249845E-03,1.7834827E-03)
   (-4.9592927E-04,2.5611371E-03)  (9.9185854E-04,-5.1222742E-03)
    0.000000       -1.000000       -2.000000      
 (-8.1211329E-03,1.7834827E-03)  (-8.3446503E-03,-2.9860530E-04)  
 (4.1723251E-03,1.4930265E-04)
    0.000000       -1.000000       -1.000000      (3.7439167E-03,1.8114224E-03)
   (7.3947012E-03,6.4261258E-03)  (-7.3947012E-03,-6.4261258E-03)
    1.000000        0.000000       -2.000000      (5.5693090E-03,4.6659261E-03)
   (-2.5238842E-03,8.1025064E-03)  (2.7846545E-03,2.3329630E-03)
    1.000000        0.000000       -1.000000      (4.0605664E-03,1.6356353E-04)
   (9.6112490E-03,-1.7089769E-03)  (4.0605664E-03,1.6356353E-04)
    1.000000        1.000000       -2.000000      
 (-3.4272671E-03,-3.4086406E-03)  (2.7846545E-03,-1.1436641E-02)  
 (-3.1897798E-04,-7.4133277E-03)
    1.000000        1.000000       -1.000000      
 (-8.3260238E-03,-5.3830445E-03)  (4.1909516E-03,-4.7497451E-04)  
 (-4.1350722E-03,-5.8487058E-03)
    1.000000        2.000000       -1.000000      
 (-8.8848174E-03,-4.0885061E-03)  (1.6065314E-03,1.9185245E-03)  
 (-5.6624413E-03,-2.5262125E-04)
    1.000000       -2.000000       -1.000000      
 (-3.0908268E-04,-5.6438148E-03)  (-1.1455268E-03,-3.7997961E-03)  
 (1.9837171E-03,1.9557774E-03)
    1.000000       -1.000000       -2.000000      (3.5017729E-03,2.4912879E-03)
   (-1.9418076E-03,2.3934990E-03)  (2.7194619E-03,4.9767550E-05)
    1.000000       -1.000000       -1.000000      
 (-7.5064600E-03,2.0489097E-03)  (-8.2701445E-03,1.1338852E-03)  
 (7.6834112E-04,9.1735274E-04)
    2.000000        0.000000       -1.000000      
 (-1.2479722E-03,3.6228448E-03)  (-3.5390258E-03,6.1281025E-03)  
 (-2.4959445E-03,7.2456896E-03)
    2.000000        1.000000       -1.000000      (6.9616362E-04,1.0267831E-03)
   (3.6135316E-03,-6.6496432E-03)  (5.0012022E-03,-4.5914203E-03)
    2.000000       -1.000000       -1.000000      
 (-9.7788870E-04,-7.2643161E-04)  (1.5832484E-03,2.4959445E-03)  
 (-3.5390258E-03,-3.9488077E-03)
