    0.000000        0.000000        1.000000      (2.3171306E-02,1.2293458E-02)
   (-3.5949051E-03,-2.0638108E-02)  (0.000000,0.000000)
    0.000000        0.000000        2.000000      
 (8.2515180E-03,-2.9243529E-03)  (4.6193600E-03,2.4493784E-03)  
 (0.000000,0.000000)
    0.000000        1.000000        0.000000      
 (-6.2631443E-04,1.1809170E-02)  (0.000000,0.000000)  
 (2.7380884E-03,-3.4831464E-03)
    0.000000        1.000000        1.000000      
 (3.7997961E-03,-1.5366822E-03)  (7.3947012E-03,-6.2957406E-03)  
 (-7.3947012E-03,6.2957406E-03)
    0.000000        1.000000        2.000000      
 (-8.2701445E-03,-1.9185245E-03)  (-8.4377825E-03,2.4447218E-04)  
 (4.2188913E-03,-1.2223609E-04)
    0.000000        2.000000        0.000000      
 (-8.1636244E-05,-5.4109842E-03)  (0.000000,0.000000)  
 (-3.2875687E-03,1.6111881E-03)
    0.000000        2.000000        1.000000      
 (9.9278986E-03,-2.1187589E-03)  (-4.0628947E-04,-2.5751069E-03)  
 (8.1257895E-04,5.1502138E-03)
    0.000000       -2.000000        0.000000      
 (-8.1636244E-05,5.4109842E-03)  (0.000000,0.000000)  
 (-3.2875687E-03,-1.6111881E-03)
    0.000000       -2.000000        1.000000      
 (-1.1771917E-02,-7.8789890E-03)  (-3.4645200E-03,9.4994903E-04)  
 (-6.9290400E-03,1.8998981E-03)
    0.000000       -1.000000        0.000000      
 (-6.2631443E-04,-1.1809170E-02)  (0.000000,0.000000)  
 (2.7380884E-03,3.4831464E-03)
    0.000000       -1.000000        1.000000      
 (7.9348683E-03,-1.0617077E-02)  (-2.8498471E-03,-3.4086406E-03)  
 (-2.8498471E-03,-3.4086406E-03)
    0.000000       -1.000000        2.000000      
 (-9.1083348E-03,2.5564805E-03)  (-4.0978193E-04,5.1409006E-03)  
 (-2.0489097E-04,2.5704503E-03)
    1.000000        0.000000        0.000000      (0.000000,0.000000)  
 (-2.3841858E-02,4.9918890E-03)  (2.1904707E-02,1.9147992E-02)
    1.000000        0.000000        1.000000      
 (1.6880222E-04,-4.5634806E-03)  (-2.3841858E-02,1.6167760E-02)  
 (-1.6880222E-04,4.5634806E-03)
    1.000000        0.000000        2.000000      (1.2270175E-03,1.5879050E-03)
   (5.2805990E-03,8.9779496E-03)  (-6.1350875E-04,-7.9395249E-04)
    1.000000        1.000000        0.000000      
 (4.9360096E-03,-5.7276338E-04)  (-4.9360096E-03,5.7276338E-04)  
 (-5.3085387E-03,2.1979213E-03)
    1.000000        1.000000        1.000000      
 (-2.4167821E-03,2.5564805E-03)  (1.2177043E-03,-1.5087426E-03)  
 (1.1967495E-03,-1.0477379E-03)
    1.000000        1.000000        2.000000      
 (-3.0361116E-03,-1.8253922E-03)  (-3.1292439E-03,-5.5320561E-03)  
 (3.0826777E-03,3.6787242E-03)
    1.000000        2.000000        0.000000      
 (-8.0326572E-04,4.5727938E-03)  (4.0163286E-04,-2.2863969E-03)  
 (1.5366822E-03,1.0803342E-02)
    1.000000        2.000000        1.000000      (6.1653554E-03,4.0326267E-03)
   (-1.5087426E-03,-1.6996637E-03)  (-3.1478703E-03,-6.2747858E-04)
    1.000000       -2.000000        0.000000      
 (-1.1455268E-03,3.2410026E-03)  (-5.7276338E-04,1.6205013E-03)  
 (-5.7369471E-03,-6.0303137E-04)
    1.000000       -2.000000        1.000000      
 (-1.5832484E-03,1.0943040E-03)  (-7.8696758E-04,1.8859282E-03)  
 (8.5128704E-06,2.6775524E-03)
    1.000000       -1.000000        0.000000      
 (-4.2095780E-03,-1.2572855E-03)  (-4.2095780E-03,-1.2572855E-03)  
 (-4.6566129E-03,4.1350722E-03)
    1.000000       -1.000000        1.000000      (1.2628734E-02,7.3574483E-03)
   (4.3958426E-03,7.1711838E-03)  (-8.2142651E-03,-1.8917490E-04)
    1.000000       -1.000000        2.000000      (1.4668331E-03,4.6659261E-03)
   (1.3923272E-03,-1.1292286E-03)  (-3.7980499E-05,-2.8964132E-03)
    2.000000        0.000000        0.000000      (0.000000,0.000000)  
 (1.4081597E-02,-7.4133277E-03)  (-2.1513551E-03,4.7590584E-03)
    2.000000        0.000000        1.000000      
 (-5.0384551E-03,2.0628795E-03)  (5.4016709E-03,1.2889504E-02)  
 (1.0076910E-02,-4.1257590E-03)
    2.000000        1.000000        0.000000      
 (-1.7182902E-03,-6.3446350E-04)  (3.4365803E-03,1.2689270E-03)  
 (-3.8836151E-03,-2.9802322E-03)
    2.000000        1.000000        1.000000      (3.2689422E-03,5.6810677E-03)
   (-6.2584877E-03,-1.1622906E-02)  (-2.8579962E-04,2.4330802E-04)
    2.000000       -1.000000        0.000000      
 (2.4796464E-04,-2.2491440E-03)  (4.9592927E-04,-4.4982880E-03)  
 (1.6810372E-03,3.6321580E-03)
    2.000000       -1.000000        1.000000      
 (-5.4389238E-03,7.5669959E-04)  (-5.8487058E-03,9.5169526E-05)  
 (5.0291419E-03,-1.4202669E-03)
