    0.000000        0.000000       -2.000000      (8.0466270E-03,1.8998981E-03)
   (5.9045851E-03,-4.0512532E-03)  (0.000000,0.000000)
    0.000000        0.000000       -1.000000      
 (2.2053719E-02,-1.2032688E-02)  (-6.7427754E-03,1.7955899E-02)  
 (0.000000,0.000000)
    0.000000        1.000000       -2.000000      
 (-1.2740493E-02,-2.9988587E-03)  (-1.7276034E-03,-3.5762787E-03)  
 (-8.6380169E-04,-1.7881393E-03)
    0.000000        1.000000       -1.000000      (6.5565109E-03,7.7858567E-03)
   (-2.4028122E-03,4.0233135E-03)  (-2.4028122E-03,4.0233135E-03)
    0.000000        2.000000       -1.000000      
 (-1.3038516E-02,1.0877848E-02)  (-4.1536987E-03,-1.1222437E-03)  
 (-8.3073974E-03,-2.2444874E-03)
    0.000000       -2.000000       -1.000000      (1.1399388E-02,3.2782555E-03)
   (-8.6729415E-05,2.3050234E-03)  (1.7345883E-04,-4.6100467E-03)
    0.000000       -1.000000       -2.000000      
 (-8.3073974E-03,2.5471672E-03)  (-6.8917871E-03,5.2968971E-04)  
 (3.4458935E-03,-2.6484486E-04)
    0.000000       -1.000000       -1.000000      
 (4.0978193E-03,-9.0803951E-04)  (6.8359077E-03,5.2712858E-03)  
 (-6.8359077E-03,-5.2712858E-03)
    1.000000        0.000000       -2.000000      (8.2142651E-03,3.5110861E-03)
   (-2.5145710E-03,6.5192580E-03)  (4.1071326E-03,1.7555431E-03)
    1.000000        0.000000       -1.000000      
 (4.0605664E-03,-3.6670826E-04)  (8.6426735E-03,-3.1758100E-03)  
 (4.0605664E-03,-3.6670826E-04)
    1.000000        1.000000       -2.000000      
 (-2.9988587E-03,-1.7695129E-03)  (-5.9721060E-04,-1.3709068E-02)  
 (-1.7974526E-03,-7.7486038E-03)
    1.000000        1.000000       -1.000000      
 (-8.4377825E-03,-3.5110861E-03)  (2.7380884E-03,-9.5926225E-04)  
 (-5.6996942E-03,-4.4703484E-03)
    1.000000        2.000000       -1.000000      
 (-9.9278986E-03,-2.2538006E-03)  (1.9418076E-03,2.7799979E-03)  
 (-6.0349703E-03,3.3061951E-03)
    1.000000       -2.000000       -1.000000      
 (-7.5902790E-04,-6.1839819E-03)  (-1.4528632E-03,-2.9709190E-03)  
 (2.1466985E-03,-2.5262125E-04)
    1.000000       -1.000000       -2.000000      (4.9825758E-03,1.7648563E-03)
   (-4.0698797E-03,2.4400651E-03)  (4.5262277E-03,-3.3644028E-04)
    1.000000       -1.000000       -1.000000      
 (-9.8347664E-03,3.4458935E-03)  (-7.8231096E-03,7.3574483E-04)  
 (-2.0163134E-03,2.7101487E-03)
    2.000000        0.000000       -1.000000      (5.7974830E-04,4.7311187E-03)
   (3.3527613E-03,7.5623393E-03)  (1.1594966E-03,9.4622374E-03)
    2.000000        1.000000       -1.000000      
 (-2.4330802E-04,-8.1723556E-04)  (4.3306500E-03,-6.4820051E-03)  
 (3.8370490E-03,-8.1025064E-03)
    2.000000       -1.000000       -1.000000      
 (-1.9092113E-03,1.5133992E-03)  (4.7264621E-04,5.7835132E-03)  
 (-4.2933971E-03,-2.7567148E-03)
