   0.00000000       0.00000000       1.00000000     (  2.79396772E-02,  1.00769103E-02) (  1.98185444E-02, -3.42726707E-02) (  0.00000000    ,  0.00000000    )
   0.00000000       0.00000000       2.00000000     (  8.94069672E-04, -2.55182385E-03) ( -1.91852450E-03, -4.84287739E-04) (  0.00000000    ,  0.00000000    )
   0.00000000       1.00000000       0.00000000     ( -1.54599547E-02,  4.03262675E-03) (  0.00000000    ,  0.00000000    ) (  3.13855708E-03,  8.28877091E-03)
   0.00000000       1.00000000       1.00000000     (  7.39470124E-03, -1.79745257E-03) (  9.15024430E-04, -1.11386180E-02) ( -9.15024430E-04,  1.11386180E-02)
   0.00000000       1.00000000       2.00000000     ( -2.62632966E-03,  9.68575478E-04) ( -6.05359674E-04,  2.14204192E-04) (  3.02679837E-04, -1.07102096E-04)
   0.00000000       2.00000000       0.00000000     ( -1.54599547E-03, -8.55652615E-05) (  0.00000000    ,  0.00000000    ) ( -1.63912773E-03,  1.39698386E-03)
   0.00000000       2.00000000       1.00000000     (  1.01514161E-03,  2.06753612E-03) ( -8.28877091E-04, -2.84053385E-04) (  1.65775418E-03,  5.68106771E-04)
   0.00000000      -2.00000000       0.00000000     ( -1.54599547E-03,  8.55652615E-05) (  0.00000000    ,  0.00000000    ) ( -1.63912773E-03, -1.39698386E-03)
   0.00000000      -2.00000000       1.00000000     ( -4.65661287E-03,  1.08964741E-03) ( -9.49949026E-04,  6.89178705E-04) ( -1.89989805E-03,  1.37835741E-03)
   0.00000000      -1.00000000       0.00000000     ( -1.54599547E-02, -4.03262675E-03) (  0.00000000    ,  0.00000000    ) (  3.13855708E-03, -8.28877091E-03)
   0.00000000      -1.00000000       1.00000000     (  1.45658851E-02, -2.27987766E-02) (  9.98843461E-04,  1.68802217E-04) (  9.98843461E-04,  1.68802217E-04)
   0.00000000      -1.00000000       2.00000000     ( -9.77888703E-05, -8.28877091E-04) (  5.77419996E-04, -1.32247806E-03) (  2.88709998E-04, -6.61239028E-04)
   1.00000000       0.00000000       0.00000000     (  0.00000000    ,  0.00000000    ) ( -1.35973096E-02,  1.07288361E-02) (  3.38256359E-02,  2.80886889E-02)
   1.00000000       0.00000000       1.00000000     (  5.33647835E-03, -2.74740160E-03) ( -3.53157520E-02,  1.22189522E-02) ( -5.33647835E-03,  2.74740160E-03)
   1.00000000       0.00000000       2.00000000     (  7.45058060E-04,  1.37835741E-03) (  3.31550837E-03,  1.62050128E-03) ( -3.72529030E-04, -6.89178705E-04)
   1.00000000       1.00000000       0.00000000     (  6.53788447E-03,  7.04079866E-03) ( -6.53788447E-03, -7.04079866E-03) ( -1.01700425E-02,  9.79751348E-03)
   1.00000000       1.00000000       1.00000000     ( -2.98023224E-04, -1.43423676E-03) ( -5.07570803E-04,  2.46800482E-04) (  8.00937414E-04,  1.19209290E-03)
   1.00000000       1.00000000       2.00000000     ( -1.68802217E-04, -4.88944352E-04) ( -1.14552677E-03,  2.65426934E-04) (  6.56582415E-04,  1.11758709E-04)
   1.00000000       2.00000000       0.00000000     ( -1.00582838E-03,  2.27242708E-03) (  5.02914190E-04, -1.13621354E-03) (  6.51925802E-04, -4.28408384E-04)
   1.00000000       2.00000000       1.00000000     (  2.40281224E-03,  6.11180440E-05) ( -2.16066837E-03, -6.56582415E-04) (  1.89989805E-03,  1.24797225E-03)
   1.00000000      -2.00000000       0.00000000     (  1.80443749E-05, -1.43423676E-03) (  9.02218744E-06, -7.17118382E-04) ( -1.17346644E-03,  3.35276127E-04)
   1.00000000      -2.00000000       1.00000000     ( -2.42143869E-04,  1.97440386E-03) ( -4.61004674E-04,  1.75088644E-03) ( -6.75208867E-04,  1.50874257E-03)
   1.00000000      -1.00000000       0.00000000     ( -4.20957804E-03, -1.62050128E-02) ( -4.20957804E-03, -1.62050128E-02) ( -1.05239451E-02,  1.17719173E-02)
   1.00000000      -1.00000000       1.00000000     (  8.28877091E-04,  6.42612576E-04) ( -1.39698386E-03, -1.47148967E-03) ( -2.23517418E-03, -2.10478902E-03)
   1.00000000      -1.00000000       2.00000000     (  5.52972779E-05,  1.30385160E-03) (  3.81842256E-04,  8.94069672E-04) (  1.61817297E-04, -2.02562660E-04)
   2.00000000       0.00000000       0.00000000     (  0.00000000    ,  0.00000000    ) (  2.58907676E-03,  4.28408384E-04) ( -1.67638063E-03,  8.61473382E-05)
   2.00000000       0.00000000       1.00000000     (  2.58442014E-04, -1.00582838E-03) (  3.23634595E-04,  1.58324838E-03) ( -5.16884029E-04,  2.01165676E-03)
   2.00000000       1.00000000       0.00000000     ( -1.15483999E-03,  1.33877620E-04) (  2.30967999E-03, -2.67755240E-04) (  8.32369551E-05, -2.30967999E-03)
   2.00000000       1.00000000       1.00000000     ( -3.46917659E-04,  5.58793545E-04) (  8.38190317E-04, -1.84401870E-03) ( -1.43190846E-04,  7.26431608E-04)
   2.00000000      -1.00000000       0.00000000     (  6.11180440E-05,  1.00582838E-03) (  1.22236088E-04,  2.01165676E-03) ( -1.28056854E-04,  1.10827386E-03)
   2.00000000      -1.00000000       1.00000000     ( -1.43423676E-03,  1.14087015E-04) ( -1.49011612E-03, -3.37604433E-05) (  1.36904418E-03, -2.63098627E-04)
