   0.00000000       0.00000000       1.00000000     (  2.80141830E-02,  9.61124897E-03) (  2.15694308E-02, -3.44216824E-02) (  0.00000000    ,  0.00000000    )
   0.00000000       0.00000000       2.00000000     (  6.05359674E-04, -2.12341547E-03) ( -1.62050128E-03, -4.88944352E-04) (  0.00000000    ,  0.00000000    )
   0.00000000       1.00000000       0.00000000     ( -1.65402889E-02,  3.25031579E-03) (  0.00000000    ,  0.00000000    ) (  3.25962901E-03,  9.51811671E-03)
   0.00000000       1.00000000       1.00000000     (  7.71135092E-03, -6.53089955E-04) (  3.49245965E-04, -1.11013651E-02) ( -3.49245965E-04,  1.11013651E-02)
   0.00000000       1.00000000       2.00000000     ( -2.14204192E-03,  7.45058060E-04) ( -4.70317900E-04,  2.23517418E-04) (  2.35158950E-04, -1.11758709E-04)
   0.00000000       2.00000000       0.00000000     ( -1.09896064E-03,  1.49011612E-04) (  0.00000000    ,  0.00000000    ) ( -1.30385160E-03,  1.34110451E-03)
   0.00000000       2.00000000       1.00000000     (  8.38190317E-04,  1.60187483E-03) ( -6.79865479E-04, -1.67638063E-04) (  1.35973096E-03,  3.35276127E-04)
   0.00000000      -2.00000000       0.00000000     ( -1.09896064E-03, -1.49011612E-04) (  0.00000000    ,  0.00000000    ) ( -1.30385160E-03, -1.34110451E-03)
   0.00000000      -2.00000000       1.00000000     ( -3.76254320E-03,  8.10250640E-04) ( -7.82310963E-04,  5.63450158E-04) ( -1.56462193E-03,  1.12690032E-03)
   0.00000000      -1.00000000       0.00000000     ( -1.65402889E-02, -3.25031579E-03) (  0.00000000    ,  0.00000000    ) (  3.25962901E-03, -9.51811671E-03)
   0.00000000      -1.00000000       1.00000000     (  1.36345625E-02, -2.38418579E-02) (  8.61473382E-04,  6.10016286E-04) (  8.61473382E-04,  6.10016286E-04)
   0.00000000      -1.00000000       2.00000000     ( -1.74622983E-04, -6.14672899E-04) (  4.70317900E-04, -1.07102096E-03) (  2.35158950E-04, -5.35510480E-04)
   1.00000000       0.00000000       0.00000000     (  0.00000000    ,  0.00000000    ) ( -1.33365393E-02,  1.13993883E-02) (  3.43471766E-02,  2.81631947E-02)
   1.00000000       0.00000000       1.00000000     (  5.20609319E-03, -2.92435288E-03) ( -3.59117985E-02,  1.11758709E-02) ( -5.20609319E-03,  2.92435288E-03)
   1.00000000       0.00000000       2.00000000     (  5.86733222E-04,  1.12690032E-03) (  2.60770321E-03,  1.35973096E-03) ( -2.93366611E-04, -5.63450158E-04)
   1.00000000       1.00000000       0.00000000     (  6.50063157E-03,  7.17118382E-03) ( -6.50063157E-03, -7.17118382E-03) ( -1.02445483E-02,  1.02445483E-02)
   1.00000000       1.00000000       1.00000000     ( -5.41331246E-05, -1.24797225E-03) ( -6.05359674E-04,  1.90921128E-04) (  6.51925802E-04,  1.06170774E-03)
   1.00000000       1.00000000       2.00000000     ( -1.97906047E-04, -3.44589353E-04) ( -8.00937414E-04,  2.21189111E-04) (  4.98257577E-04,  6.28642738E-05)
   1.00000000       2.00000000       0.00000000     ( -8.75443220E-04,  1.73225999E-03) (  4.37721610E-04, -8.66129994E-04) (  6.89178705E-04, -5.21540642E-04)
   1.00000000       2.00000000       1.00000000     (  1.95577741E-03, -1.10594556E-05) ( -1.75088644E-03, -4.98257577E-04) (  1.54599547E-03,  1.00582838E-03)
   1.00000000      -2.00000000       0.00000000     ( -4.42378223E-05, -1.19209290E-03) ( -2.21189111E-05, -5.96046448E-04) ( -1.04308128E-03,  8.14907253E-05)
   1.00000000      -2.00000000       1.00000000     ( -2.11875886E-04,  1.69500709E-03) ( -3.53902578E-04,  1.43423676E-03) ( -4.98257577E-04,  1.17346644E-03)
   1.00000000      -1.00000000       0.00000000     ( -3.79048288E-03, -1.65402889E-02) ( -3.79048288E-03, -1.65402889E-02) ( -1.12131238E-02,  1.27404928E-02)
   1.00000000      -1.00000000       1.00000000     (  7.35744834E-04,  4.23751771E-04) ( -1.15483999E-03, -1.45286322E-03) ( -1.88127160E-03, -1.88127160E-03)
   1.00000000      -1.00000000       2.00000000     ( -1.60653144E-04,  1.11758709E-03) (  1.35041773E-04,  6.42612576E-04) (  1.49011612E-04, -2.39815563E-04)
   2.00000000       0.00000000       0.00000000     (  0.00000000    ,  0.00000000    ) (  2.08616257E-03,  5.30853868E-04) ( -1.32247806E-03,  1.95577741E-04)
   2.00000000       0.00000000       1.00000000     (  3.16649675E-04, -8.38190317E-04) (  2.46800482E-04,  1.19209290E-03) ( -6.33299351E-04,  1.67638063E-03)
   2.00000000       1.00000000       0.00000000     ( -9.22009349E-04,  1.58324838E-04) (  1.84401870E-03, -3.16649675E-04) (  4.54019755E-05, -1.62050128E-03)
   2.00000000       1.00000000       1.00000000     ( -2.79396772E-04,  4.05125320E-04) (  7.72997737E-04, -1.54599547E-03) ( -2.14204192E-04,  7.45058060E-04)
   2.00000000      -1.00000000       0.00000000     ( -3.52156349E-05,  8.47503543E-04) ( -7.04312697E-05,  1.69500709E-03) ( -1.26892701E-04,  9.31322575E-04)
   2.00000000      -1.00000000       1.00000000     ( -1.17346644E-03,  6.34463504E-05) ( -1.32247806E-03,  1.62981451E-05) (  1.04308128E-03, -1.10594556E-04)
