   0.00000000       0.00000000      -2.00000000     (  1.29453838E-03,  2.66358256E-03) ( -2.16066837E-03, -2.15368345E-05) (  0.00000000    ,  0.00000000    )
   0.00000000       0.00000000      -1.00000000     (  1.76578760E-02,  5.45987859E-04) (  3.44216824E-02,  2.07126141E-02) (  0.00000000    ,  0.00000000    )
   0.00000000       1.00000000      -2.00000000     (  1.17346644E-03,  1.42108547E-07) ( -6.93835318E-04,  8.84756446E-04) ( -3.46917659E-04,  4.42378223E-04)
   0.00000000       1.00000000      -1.00000000     ( -2.16998160E-03,  2.96533108E-02) ( -5.69969416E-03, -2.43075192E-03) ( -5.69969416E-03, -2.43075192E-03)
   0.00000000       2.00000000      -1.00000000     ( -1.71363354E-03,  2.74740160E-04) (  1.59488991E-04,  7.26431608E-04) (  3.18977982E-04,  1.45286322E-03)
   0.00000000      -2.00000000      -1.00000000     (  2.17929482E-03,  9.31322575E-04) ( -7.45058060E-04, -2.21189111E-04) (  1.49011612E-03,  4.42378223E-04)
   0.00000000      -1.00000000      -2.00000000     ( -1.04308128E-03,  9.31322575E-04) ( -9.40635800E-04, -2.28174031E-04) (  4.70317900E-04,  1.14087015E-04)
   0.00000000      -1.00000000      -1.00000000     (  7.91624188E-03, -1.00955367E-02) ( -2.32364982E-03,  3.11061740E-03) (  2.32364982E-03, -3.11061740E-03)
   1.00000000       0.00000000      -2.00000000     ( -1.03376806E-03,  2.44472176E-05) ( -1.06170774E-03,  1.20140612E-03) ( -5.16884029E-04,  1.22236088E-05)
   1.00000000       0.00000000      -1.00000000     (  8.75443220E-03, -4.95463610E-03) ( -9.61124897E-03,  9.10367817E-04) (  8.75443220E-03, -4.95463610E-03)
   1.00000000       1.00000000      -2.00000000     ( -7.91624188E-04, -2.65426934E-04) (  9.03382897E-04, -2.30967999E-03) (  5.82076609E-05, -1.28522515E-03)
   1.00000000       1.00000000      -1.00000000     ( -1.88127160E-03,  1.52736902E-03) (  2.47731805E-03,  4.28408384E-04) (  6.05359674E-04,  1.95577741E-03)
   1.00000000       2.00000000      -1.00000000     (  4.74974513E-04, -1.76951289E-04) ( -7.21774995E-04, -5.35510480E-04) ( -9.68575478E-04, -1.24797225E-03)
   1.00000000      -2.00000000      -1.00000000     (  1.63912773E-03,  4.98257577E-04) (  1.06170774E-03,  6.28642738E-04) ( -4.70317900E-04, -7.54371285E-04)
   1.00000000      -1.00000000      -2.00000000     (  8.75443220E-04, -9.31322575E-04) (  1.22003257E-03, -6.75208867E-04) ( -1.69966370E-04, -1.26892701E-04)
   1.00000000      -1.00000000      -1.00000000     ( -3.08500603E-05,  1.95577741E-03) ( -1.36904418E-03,  1.03376806E-03) (  1.34110451E-03,  9.12696123E-04)
   2.00000000       0.00000000      -1.00000000     ( -5.35510480E-04, -3.37604433E-04) (  5.02914190E-04, -3.30619514E-04) ( -1.07102096E-03, -6.75208867E-04)
   2.00000000       1.00000000      -1.00000000     (  3.35276127E-04,  3.35276127E-04) ( -2.86381692E-04,  3.58559191E-04) (  3.81842256E-04,  1.03376806E-03)
   2.00000000      -1.00000000      -1.00000000     (  3.81842256E-04,  8.96397978E-05) (  1.32247806E-03, -1.21071935E-03) ( -5.54136932E-04,  1.38767064E-03)
