   0.00000000       0.00000000       1.00000000     (  1.18277967E-03, -1.09523535E-02) (  2.36928463E-02,  2.55182385E-03) (  0.00000000    ,  0.00000000    )
   0.00000000       0.00000000       2.00000000     (  7.26431608E-03, -1.61118805E-03) ( -1.04308128E-02, -5.77419996E-03) (  0.00000000    ,  0.00000000    )
   0.00000000       1.00000000       0.00000000     (  4.93600965E-03, -2.68220901E-03) (  0.00000000    ,  0.00000000    ) (  1.43796206E-02, -3.27825546E-03)
   0.00000000       1.00000000       1.00000000     ( -1.87195837E-03, -7.54371285E-04) (  4.09781933E-03, -1.25728548E-03) ( -4.09781933E-03,  1.25728548E-03)
   0.00000000       1.00000000       2.00000000     (  5.40167093E-03, -5.01051545E-03) ( -1.79745257E-03,  2.62632966E-03) (  8.98726285E-04, -1.31316483E-03)
   0.00000000       2.00000000       0.00000000     (  7.75326043E-04,  6.33299351E-03) (  0.00000000    ,  0.00000000    ) ( -8.80099833E-04,  2.55182385E-03)
   0.00000000       2.00000000       1.00000000     ( -1.15018338E-03, -5.01051545E-03) ( -1.26659870E-03,  1.63912773E-03) (  2.53319740E-03, -3.27825546E-03)
   0.00000000      -2.00000000       0.00000000     (  7.75326043E-04, -6.33299351E-03) (  0.00000000    ,  0.00000000    ) ( -8.80099833E-04, -2.55182385E-03)
   0.00000000      -2.00000000       1.00000000     (  2.48837750E-05,  1.59256160E-03) ( -9.40635800E-04,  9.77888703E-05) ( -1.88127160E-03,  1.95577741E-04)
   0.00000000      -1.00000000       0.00000000     (  4.93600965E-03,  2.68220901E-03) (  0.00000000    ,  0.00000000    ) (  1.43796206E-02,  3.27825546E-03)
   0.00000000      -1.00000000       1.00000000     ( -7.07805157E-03, -1.24052167E-02) ( -6.31436706E-03,  5.45755029E-03) ( -6.31436706E-03,  5.45755029E-03)
   0.00000000      -1.00000000       2.00000000     ( -1.23865902E-03, -3.18512321E-03) (  1.95577741E-03,  1.73225999E-03) (  9.77888703E-04,  8.66129994E-04)
   1.00000000       0.00000000       0.00000000     (  0.00000000    ,  0.00000000    ) ( -2.51084566E-02,  9.08970833E-03) (  1.43051147E-02, -4.32133675E-03)
   1.00000000       0.00000000       1.00000000     ( -1.58324838E-03, -1.56927854E-03) ( -6.51925802E-04, -9.38773155E-03) (  1.58324838E-03,  1.56927854E-03)
   1.00000000       0.00000000       2.00000000     ( -4.04193997E-03, -1.82539225E-03) ( -3.77185643E-04,  2.08616257E-03) (  2.02096999E-03,  9.12696123E-04)
   1.00000000       1.00000000       0.00000000     (  1.94646418E-03,  1.28056854E-03) ( -1.94646418E-03, -1.28056854E-03) (  5.60656190E-03,  1.15111470E-02)
   1.00000000       1.00000000       1.00000000     ( -2.17929482E-03, -4.40049917E-04) (  1.16415322E-04,  3.74391675E-03) (  2.05822289E-03, -3.29688191E-03)
   1.00000000       1.00000000       2.00000000     ( -2.99885869E-03,  9.08039510E-04) (  2.80328095E-03,  1.84401870E-03) (  9.83709469E-05, -1.37370080E-03)
   1.00000000       2.00000000       0.00000000     (  4.05125320E-04,  2.30967999E-03) ( -2.02562660E-04, -1.15483999E-03) ( -2.83122063E-03,  4.79631126E-04)
   1.00000000       2.00000000       1.00000000     (  3.04542482E-03,  1.20140612E-03) ( -1.03842467E-03, -4.65661287E-04) ( -9.68575478E-04, -2.68919393E-04)
   1.00000000      -2.00000000       0.00000000     (  6.42612576E-04,  7.59027898E-04) (  3.21306288E-04,  3.79513949E-04) ( -2.40281224E-03,  2.16066837E-03)
   1.00000000      -2.00000000       1.00000000     ( -1.62050128E-03,  4.07453626E-04) (  1.36788003E-04,  5.30853868E-04) (  1.89989805E-03,  6.51925802E-04)
   1.00000000      -1.00000000       0.00000000     (  4.06056643E-03,  5.12227416E-04) (  4.06056643E-03,  5.12227416E-04) ( -3.94880772E-03,  9.42498446E-03)
   1.00000000      -1.00000000       1.00000000     (  2.05822289E-03,  3.87430191E-03) ( -5.23868948E-04, -4.91738319E-03) ( -2.57976353E-03, -8.79168510E-03)
   1.00000000      -1.00000000       2.00000000     ( -5.30853868E-03, -1.51339918E-03) (  1.79745257E-03,  5.49480319E-04) (  3.55765224E-03,  1.03376806E-03)
   2.00000000       0.00000000       0.00000000     (  0.00000000    ,  0.00000000    ) ( -1.93715096E-03,  4.19095159E-03) ( -6.21657819E-04, -2.37487257E-03)
   2.00000000       0.00000000       1.00000000     ( -9.35979187E-04,  9.45292413E-04) ( -2.81259418E-03, -2.75671482E-03) (  1.87195837E-03, -1.89058483E-03)
   2.00000000       1.00000000       0.00000000     ( -7.14790076E-04, -1.08964741E-03) (  1.42958015E-03,  2.17929482E-03) (  7.61356205E-04,  2.71946192E-03)
   2.00000000       1.00000000       1.00000000     ( -5.65778464E-04,  2.38651410E-04) ( -7.77654350E-04,  1.14087015E-03) (  1.90921128E-03, -1.62050128E-03)
   2.00000000      -1.00000000       0.00000000     ( -2.69152224E-03, -1.35041773E-03) ( -5.38304448E-03, -2.70083547E-03) (  1.75088644E-03,  5.60656190E-03)
   2.00000000      -1.00000000       1.00000000     (  1.72294676E-03, -1.86264515E-03) ( -1.22934580E-03,  3.87663022E-04) ( -4.67523932E-03,  4.11644578E-03)
