   0.00000000       0.00000000      -2.00000000     (  3.42726707E-03,  6.10016286E-04) ( -4.32133675E-03,  2.36555934E-03) (  0.00000000    ,  0.00000000    )
   0.00000000       0.00000000      -1.00000000     (  3.35276127E-03,  1.15856528E-02) (  2.88337469E-02,  3.95812094E-04) (  0.00000000    ,  0.00000000    )
   0.00000000       1.00000000      -2.00000000     (  1.09430403E-04,  1.48080289E-03) (  1.43423676E-03, -3.11993062E-04) (  7.17118382E-04, -1.55996531E-04)
   0.00000000       1.00000000      -1.00000000     ( -6.76140189E-03,  1.56462193E-02) ( -7.59959221E-03, -4.89875674E-03) ( -7.59959221E-03, -4.89875674E-03)
   0.00000000       2.00000000      -1.00000000     ( -1.04308128E-03, -1.29453838E-03) ( -8.38190317E-04,  3.58559191E-04) ( -1.67638063E-03,  7.17118382E-04)
   0.00000000      -2.00000000      -1.00000000     ( -2.49128789E-04,  2.19792128E-03) ( -2.14204192E-04, -5.35510480E-04) (  4.28408384E-04,  1.07102096E-03)
   0.00000000      -1.00000000      -2.00000000     (  2.23517418E-03,  2.42143869E-03) ( -3.86498868E-04, -1.28522515E-03) (  1.93249434E-04,  6.42612576E-04)
   0.00000000      -1.00000000      -1.00000000     (  1.21537596E-03, -1.00117177E-03) (  4.00468707E-03,  1.21071935E-03) ( -4.00468707E-03, -1.21071935E-03)
   1.00000000       0.00000000      -2.00000000     ( -1.03376806E-03, -4.42378223E-04) (  1.22003257E-03,  3.42726707E-03) ( -5.16884029E-04, -2.21189111E-04)
   1.00000000       0.00000000      -1.00000000     (  1.02072954E-02, -5.56930900E-03) ( -5.32716513E-03,  2.57045031E-02) (  1.02072954E-02, -5.56930900E-03)
   1.00000000       1.00000000      -2.00000000     (  1.23865902E-03,  1.48080289E-03) ( -2.98023224E-03,  1.59488991E-04) ( -8.66129994E-04,  8.19563866E-04)
   1.00000000       1.00000000      -1.00000000     ( -9.49949026E-04,  5.06639481E-03) ( -1.49011612E-03, -3.16649675E-03) ( -2.44006515E-03,  1.88127160E-03)
   1.00000000       2.00000000      -1.00000000     (  1.22003257E-03, -2.95694917E-04) ( -9.12696123E-04, -2.98023224E-04) ( -6.05359674E-04, -8.94069672E-04)
   1.00000000      -2.00000000      -1.00000000     ( -2.74740160E-04, -8.94069672E-04) ( -1.30967237E-05, -3.05008143E-04) ( -2.51457095E-04, -2.84053385E-04)
   1.00000000      -1.00000000      -2.00000000     ( -2.42143869E-04, -1.67638063E-03) ( -7.54371285E-04,  1.69500709E-03) (  2.56113708E-04, -1.67638063E-03)
   1.00000000      -1.00000000      -1.00000000     ( -6.40284270E-05,  4.19095159E-04) ( -3.88827175E-04, -8.38190317E-04) (  3.23634595E-04,  1.25728548E-03)
   2.00000000       0.00000000      -1.00000000     ( -1.01514161E-03,  1.54832378E-04) (  5.76255843E-05, -1.28522515E-03) ( -2.03028321E-03,  3.09664756E-04)
   2.00000000       1.00000000      -1.00000000     (  5.85714588E-06, -3.65544111E-04) ( -1.67638063E-03,  3.28873284E-05) ( -1.65775418E-03, -6.98491931E-04)
   2.00000000      -1.00000000      -1.00000000     (  8.56816769E-04, -9.42964107E-05) (  5.82076609E-04,  1.06170774E-03) (  1.13621354E-03, -1.25728548E-03)
