   0.00000000       0.00000000      -2.00000000     (  2.09547579E-04,  9.87201929E-04) ( -7.82310963E-04,  2.88709998E-04) (  0.00000000    ,  0.00000000    )
   0.00000000       0.00000000      -1.00000000     (  2.76416540E-02, -8.75443220E-03) (  2.37673521E-02,  3.41236591E-02) (  0.00000000    ,  0.00000000    )
   0.00000000       1.00000000      -2.00000000     ( -1.35041773E-04,  2.56113708E-04) (  1.90921128E-04,  4.74974513E-04) (  9.54605639E-05,  2.37487257E-04)
   0.00000000       1.00000000      -1.00000000     (  1.18464231E-02,  2.52574682E-02) (  4.76138666E-04, -1.24331564E-03) (  4.76138666E-04, -1.24331564E-03)
   0.00000000       2.00000000      -1.00000000     ( -1.67638063E-03, -3.07336450E-04) ( -3.44589353E-04, -2.51457095E-04) ( -6.89178705E-04, -5.02914190E-04)
   0.00000000      -2.00000000      -1.00000000     (  3.91155481E-04, -6.51925802E-04) ( -3.16649675E-04,  3.02679837E-05) (  6.33299351E-04, -6.05359674E-05)
   0.00000000      -1.00000000      -2.00000000     ( -9.68575478E-04, -2.79396772E-04) ( -2.18860805E-04, -1.39698386E-04) (  1.09430403E-04,  6.98491931E-05)
   0.00000000      -1.00000000      -1.00000000     (  7.95349479E-03, -1.10128894E-03) ( -4.24915925E-04,  1.07660890E-02) (  4.24915925E-04, -1.07660890E-02)
   1.00000000       0.00000000      -2.00000000     ( -5.21540642E-04,  5.58793545E-04) ( -5.40167093E-04,  6.89178705E-04) ( -2.60770321E-04,  2.79396772E-04)
   1.00000000       0.00000000      -1.00000000     (  7.97212124E-03, -1.91386789E-03) ( -6.22123480E-03, -3.30619514E-03) (  7.97212124E-03, -1.91386789E-03)
   1.00000000       1.00000000      -2.00000000     ( -6.70552254E-04,  3.16649675E-04) (  1.90921128E-04, -7.26431608E-04) ( -2.42143869E-04, -2.04890966E-04)
   1.00000000       1.00000000      -1.00000000     ( -5.02914190E-04, -9.08039510E-05) (  6.51925802E-04,  2.98023224E-04) (  1.49011612E-04,  2.00234354E-04)
   1.00000000       2.00000000      -1.00000000     (  6.28642738E-05,  2.51457095E-04) ( -1.95577741E-04,  2.37487257E-04) ( -3.25962901E-04,  7.26431608E-04)
   1.00000000      -2.00000000      -1.00000000     (  3.63215804E-04,  4.65661287E-05) (  3.44589353E-04,  3.44589353E-04) ( -3.35276127E-04, -6.51925802E-04)
   1.00000000      -1.00000000      -2.00000000     (  3.14321369E-05, -5.12227416E-04) ( -2.18860805E-04, -1.81607902E-04) (  1.25728548E-04, -1.62981451E-04)
   1.00000000      -1.00000000      -1.00000000     ( -3.07336450E-04,  3.07336450E-04) ( -6.33299351E-04,  1.14087015E-04) (  3.25962901E-04,  1.95577741E-04)
   2.00000000       0.00000000      -1.00000000     ( -2.79396772E-04, -1.25728548E-04) ( -1.39698386E-04,  5.00585884E-05) ( -5.58793545E-04, -2.51457095E-04)
   2.00000000       1.00000000      -1.00000000     ( -2.46800482E-04, -1.18743628E-04) (  4.37721610E-04, -2.46800482E-04) ( -5.47152013E-05, -4.84287739E-04)
   2.00000000      -1.00000000      -1.00000000     ( -7.91624188E-05,  1.04773790E-04) (  1.72294676E-04, -4.74974513E-04) ( -3.25962901E-04,  6.89178705E-04)
