   0.00000000       0.00000000       1.00000000     (  1.59442425E-02, -5.05708158E-03) (  3.98606062E-02, -1.68755651E-02) (  0.00000000    ,  0.00000000    )
   0.00000000       0.00000000       2.00000000     (  5.58793545E-05, -5.58793545E-05) ( -5.58793545E-05,  6.98491931E-06) (  0.00000000    ,  0.00000000    )
   0.00000000       1.00000000       0.00000000     ( -7.05942512E-03, -3.51108611E-03) (  0.00000000    ,  0.00000000    ) (  1.05053186E-02,  1.21816993E-02)
   0.00000000       1.00000000       1.00000000     (  8.99657607E-03,  1.03563070E-02) ( -8.98726285E-04, -1.95577741E-03) (  8.98726285E-04,  1.95577741E-03)
   0.00000000       1.00000000       2.00000000     ( -4.65661287E-06, -2.79396772E-05) ( -1.86264515E-05,  1.39698386E-05) (  9.31322575E-06, -6.98491931E-06)
   0.00000000       2.00000000       0.00000000     (  1.39698386E-05,  5.58793545E-05) (  0.00000000    ,  0.00000000    ) ( -7.45058060E-05,  1.86264515E-05)
   0.00000000       2.00000000       1.00000000     (  7.45058060E-05, -1.86264515E-05) ( -1.86264515E-05, -4.65661287E-06) (  3.72529030E-05,  9.31322575E-06)
   0.00000000      -2.00000000       0.00000000     (  1.39698386E-05, -5.58793545E-05) (  0.00000000    ,  0.00000000    ) ( -7.45058060E-05, -1.86264515E-05)
   0.00000000      -2.00000000       1.00000000     ( -1.86264515E-05, -9.31322575E-06) ( -4.65661287E-06, -2.79396772E-05) ( -9.31322575E-06, -5.58793545E-05)
   0.00000000      -1.00000000       0.00000000     ( -7.05942512E-03,  3.51108611E-03) (  0.00000000    ,  0.00000000    ) (  1.05053186E-02, -1.21816993E-02)
   0.00000000      -1.00000000       1.00000000     ( -4.77768481E-03, -3.06218863E-02) ( -8.00937414E-03,  2.30036676E-03) ( -8.00937414E-03,  2.30036676E-03)
   0.00000000      -1.00000000       2.00000000     (  3.72529030E-05, -2.32830644E-06) (  3.49245965E-06, -1.86264515E-05) (  1.74622983E-06, -9.31322575E-06)
   1.00000000       0.00000000       0.00000000     (  0.00000000    ,  0.00000000    ) ( -2.49594450E-02,  2.09361315E-02) (  2.17556953E-02,  6.70552254E-03)
   1.00000000       0.00000000       1.00000000     ( -3.79979610E-03,  1.60071068E-04) ( -2.14576721E-02, -1.39698386E-02) (  3.79979610E-03, -1.60071068E-04)
   1.00000000       0.00000000       2.00000000     ( -3.72529030E-05, -1.74622983E-06) (  2.79396772E-05,  2.79396772E-05) (  1.86264515E-05,  8.73114914E-07)
   1.00000000       1.00000000       0.00000000     (  3.96976247E-04,  3.40864062E-03) ( -3.96976247E-04, -3.40864062E-03) ( -8.38190317E-03,  1.18836761E-02)
   1.00000000       1.00000000       1.00000000     (  1.86264515E-05,  9.31322575E-06) ( -7.45058060E-05, -4.65661287E-06) (  5.58793545E-05, -4.65661287E-06)
   1.00000000       1.00000000       2.00000000     ( -7.45058060E-05,  9.31322575E-06) (  1.86264515E-05,  3.72529030E-05) (  3.72529030E-05, -2.79396772E-05)
   1.00000000       2.00000000       0.00000000     (  2.79396772E-05, -9.31322575E-06) ( -1.39698386E-05,  4.65661287E-06) ( -2.79396772E-05,  3.72529030E-05)
   1.00000000       2.00000000       1.00000000     ( -2.32830644E-06,  1.39698386E-05) ( -1.86264515E-05,  9.31322575E-06) (  3.72529030E-05, -2.79396772E-05)
   1.00000000      -2.00000000       0.00000000     ( -2.79396772E-05,  6.98491931E-06) ( -1.39698386E-05,  3.49245965E-06) ( -2.79396772E-05, -5.58793545E-05)
   1.00000000      -2.00000000       1.00000000     ( -3.72529030E-05, -2.79396772E-05) ( -6.98491931E-06, -1.86264515E-05) (  2.79396772E-05, -9.31322575E-06)
   1.00000000      -1.00000000       0.00000000     ( -1.00408215E-04, -6.22123480E-03) ( -1.00408215E-04, -6.22123480E-03) ( -9.79751348E-03,  3.21865082E-02)
   1.00000000      -1.00000000       1.00000000     (  7.45058060E-05,  3.72529030E-05) ( -6.98491931E-06, -7.45058060E-05) ( -1.11758709E-04, -1.11758709E-04)
   1.00000000      -1.00000000       2.00000000     ( -5.58793545E-05,  1.86264515E-05) ( -3.72529030E-05,  3.72529030E-05) (  4.65661287E-06,  4.65661287E-06)
   2.00000000       0.00000000       0.00000000     (  0.00000000    ,  0.00000000    ) (  2.79396772E-05,  7.45058060E-05) ( -1.86264515E-05,  2.79396772E-05)
   2.00000000       0.00000000       1.00000000     ( -1.74622983E-06, -6.98491931E-06) (  1.86264515E-05,  3.72529030E-05) (  3.49245965E-06,  1.39698386E-05)
   2.00000000       1.00000000       0.00000000     (  1.86264515E-05,  1.86264515E-05) ( -3.72529030E-05, -3.72529030E-05) ( -2.79396772E-05,  5.58793545E-05)
   2.00000000       1.00000000       1.00000000     (  1.39698386E-05, -4.65661287E-06) ( -3.72529030E-05, -3.49245965E-06) (  9.31322575E-06,  1.39698386E-05)
   2.00000000      -1.00000000       0.00000000     ( -9.31322575E-06,  2.32830644E-06) ( -1.86264515E-05,  4.65661287E-06) ( -2.79396772E-05, -9.31322575E-06)
   2.00000000      -1.00000000       1.00000000     ( -1.39698386E-05, -1.86264515E-05) ( -3.72529030E-05, -1.86264515E-05) ( -1.39698386E-05,  1.39698386E-05)
