   0.00000000       0.00000000      -2.00000000     (  6.61239028E-03,  4.16301191E-03) (  1.50408596E-03, -1.45286322E-03) (  0.00000000    ,  0.00000000    )
   0.00000000       0.00000000      -1.00000000     (  2.29477882E-02, -1.15483999E-02) (  5.98374754E-04,  2.31713057E-02) (  0.00000000    ,  0.00000000    )
   0.00000000       1.00000000      -2.00000000     ( -3.35276127E-03,  4.76138666E-04) (  5.70435077E-04, -3.36207449E-03) (  2.85217538E-04, -1.68103725E-03)
   0.00000000       1.00000000      -1.00000000     (  1.04680657E-02,  1.30385160E-02) ( -2.37487257E-03,  2.50525773E-03) ( -2.37487257E-03,  2.50525773E-03)
   0.00000000       2.00000000      -1.00000000     ( -9.20146704E-03,  2.49594450E-03) ( -1.63447112E-03, -1.05006620E-03) ( -3.26894224E-03, -2.10013241E-03)
   0.00000000      -2.00000000      -1.00000000     (  5.55068254E-03, -1.56462193E-03) ( -1.41095370E-03,  2.44937837E-03) (  2.82190740E-03, -4.89875674E-03)
   0.00000000      -1.00000000      -2.00000000     ( -7.30156898E-03,  8.59145075E-04) ( -6.87316060E-03, -5.41331246E-04) (  3.43658030E-03,  2.70665623E-04)
   0.00000000      -1.00000000      -1.00000000     (  3.16649675E-03,  3.75322998E-03) (  6.68689609E-03,  7.22706318E-03) ( -6.68689609E-03, -7.22706318E-03)
   1.00000000       0.00000000      -2.00000000     (  2.64495611E-03,  4.84287739E-03) ( -3.42726707E-03,  7.89761543E-03) (  1.32247806E-03,  2.42143869E-03)
   1.00000000       0.00000000      -1.00000000     (  3.58559191E-03,  3.92319635E-04) (  8.41915607E-03, -9.42964107E-04) (  3.58559191E-03,  3.92319635E-04)
   1.00000000       1.00000000      -2.00000000     ( -4.20026481E-03, -3.55765224E-03) (  4.89875674E-03, -7.48783350E-03) (  3.53902578E-04, -5.51342964E-03)
   1.00000000       1.00000000      -1.00000000     ( -7.65547156E-03, -4.58210707E-03) (  5.36441803E-03, -1.91503204E-04) ( -2.29105353E-03, -4.76837158E-03)
   1.00000000       2.00000000      -1.00000000     ( -5.56930900E-03, -2.29105353E-03) (  7.47386366E-04,  1.28522515E-03) ( -4.07919288E-03,  2.73576006E-04)
   1.00000000      -2.00000000      -1.00000000     (  5.98374754E-04, -3.53902578E-03) (  2.46800482E-04, -3.26894224E-03) (  1.05937943E-04,  2.99885869E-03)
   1.00000000      -1.00000000      -2.00000000     (  1.04540959E-03,  1.08033419E-03) (  3.78349796E-04,  4.43542376E-04) (  3.32947820E-04,  3.18977982E-04)
   1.00000000      -1.00000000      -1.00000000     ( -4.60073352E-03,  1.02212653E-03) ( -6.83590770E-03,  9.03382897E-04) (  2.23517418E-03,  1.19325705E-04)
   2.00000000       0.00000000      -1.00000000     ( -1.96509063E-03,  1.57859176E-03) ( -7.69272447E-03,  4.00468707E-03) ( -3.93018126E-03,  3.15718353E-03)
   2.00000000       1.00000000      -1.00000000     (  9.19681042E-04,  1.76019967E-03) (  1.98837370E-03, -5.14090061E-03) (  3.82773578E-03, -1.62515789E-03)
   2.00000000      -1.00000000      -1.00000000     (  4.07453626E-04, -1.83470547E-03) (  2.29105353E-03, -9.47620720E-04) ( -1.48080289E-03, -2.71946192E-03)
