   0.00000000       0.00000000       1.00000000     (  5.05242497E-04, -1.08405948E-02) (  2.21282244E-02,  3.68803740E-03) (  0.00000000    ,  0.00000000    )
   0.00000000       0.00000000       2.00000000     (  8.34465027E-03, -2.24448740E-03) ( -1.22562051E-02, -6.38887286E-03) (  0.00000000    ,  0.00000000    )
   0.00000000       1.00000000       0.00000000     (  5.40167093E-03, -2.12341547E-03) (  0.00000000    ,  0.00000000    ) (  1.40815973E-02, -4.04193997E-03)
   0.00000000       1.00000000       1.00000000     ( -3.31550837E-03, -1.48080289E-03) (  4.07919288E-03, -1.26194209E-03) ( -4.07919288E-03,  1.26194209E-03)
   0.00000000       1.00000000       2.00000000     (  6.12810254E-03, -5.27128577E-03) ( -2.75671482E-03,  2.58907676E-03) (  1.37835741E-03, -1.29453838E-03)
   0.00000000       2.00000000       0.00000000     ( -3.25962901E-04,  7.52508640E-03) (  0.00000000    ,  0.00000000    ) ( -1.17812306E-03,  2.07684934E-03)
   0.00000000       2.00000000       1.00000000     ( -9.96515155E-04, -4.89875674E-03) ( -1.69035047E-03,  1.66241080E-03) (  3.38070095E-03, -3.32482159E-03)
   0.00000000      -2.00000000       0.00000000     ( -3.25962901E-04, -7.52508640E-03) (  0.00000000    ,  0.00000000    ) ( -1.17812306E-03, -2.07684934E-03)
   0.00000000      -2.00000000       1.00000000     (  1.23400241E-03,  1.18277967E-03) ( -7.77654350E-04,  2.38651410E-04) ( -1.55530870E-03,  4.77302819E-04)
   0.00000000      -1.00000000       0.00000000     (  5.40167093E-03,  2.12341547E-03) (  0.00000000    ,  0.00000000    ) (  1.40815973E-02,  4.04193997E-03)
   0.00000000      -1.00000000       1.00000000     ( -7.33882189E-03, -1.16229057E-02) ( -5.83007932E-03,  5.64381480E-03) ( -5.83007932E-03,  5.64381480E-03)
   0.00000000      -1.00000000       2.00000000     ( -1.81607902E-03, -3.39001417E-03) (  1.53668225E-03,  2.60770321E-03) (  7.68341124E-04,  1.30385160E-03)
   1.00000000       0.00000000       0.00000000     (  0.00000000    ,  0.00000000    ) ( -2.46614218E-02,  7.74860382E-03) (  1.46776438E-02, -4.37721610E-03)
   1.00000000       0.00000000       1.00000000     ( -1.51805580E-03, -1.83470547E-03) (  7.56699592E-04, -8.23289156E-03) (  1.51805580E-03,  1.83470547E-03)
   1.00000000       0.00000000       2.00000000     ( -4.32133675E-03, -1.74157321E-03) ( -8.21892172E-04,  2.68220901E-03) (  2.16066837E-03,  8.70786607E-04)
   1.00000000       1.00000000       0.00000000     (  1.40164047E-03,  8.38190317E-04) ( -1.40164047E-03, -8.38190317E-04) (  6.09084964E-03,  1.21816993E-02)
   1.00000000       1.00000000       1.00000000     ( -3.40864062E-03, -7.31088221E-04) (  1.13155693E-03,  4.35858965E-03) (  2.27242708E-03, -3.61353159E-03)
   1.00000000       1.00000000       2.00000000     ( -2.42143869E-03,  1.15018338E-03) (  3.02679837E-03,  1.63447112E-03) ( -3.01515684E-04, -1.39232725E-03)
   1.00000000       2.00000000       0.00000000     (  8.29459168E-05,  1.61584467E-03) ( -4.14729584E-05, -8.07922333E-04) ( -2.68220901E-03, -2.95694917E-04)
   1.00000000       2.00000000       1.00000000     (  3.32482159E-03,  7.19446689E-04) ( -1.20606273E-03, -3.39932740E-04) ( -9.12696123E-04, -4.00177669E-05)
   1.00000000      -2.00000000       0.00000000     ( -6.05359674E-05,  4.84287739E-04) ( -3.02679837E-05,  2.42143869E-04) ( -2.38418579E-03,  3.35276127E-03)
   1.00000000      -2.00000000       1.00000000     ( -1.12224370E-03,  7.68341124E-05) (  7.70669430E-04,  5.35510480E-05) (  2.66358256E-03,  2.99769454E-05)
   1.00000000      -1.00000000       0.00000000     (  4.80562449E-03,  1.09430403E-03) (  4.80562449E-03,  1.09430403E-03) ( -3.37138772E-03,  6.74277544E-03)
   1.00000000      -1.00000000       1.00000000     (  8.31205398E-04,  4.24683094E-03) ( -7.52042979E-04, -4.84287739E-03) ( -1.58790499E-03, -9.08970833E-03)
   1.00000000      -1.00000000       2.00000000     ( -5.64381480E-03, -1.60653144E-03) (  1.94646418E-03,  9.82545316E-04) (  3.79979610E-03,  1.29453838E-03)
   2.00000000       0.00000000       0.00000000     (  0.00000000    ,  0.00000000    ) ( -2.48663127E-03,  4.15369868E-03) (  2.04308890E-04, -2.87778676E-03)
   2.00000000       0.00000000       1.00000000     ( -1.15483999E-03,  1.15018338E-03) ( -2.71014869E-03, -3.70666385E-03) (  2.30967999E-03, -2.30036676E-03)
   2.00000000       1.00000000       0.00000000     ( -9.91858542E-04, -1.38767064E-03) (  1.98371708E-03,  2.77534127E-03) (  5.33182174E-04,  3.55765224E-03)
   2.00000000       1.00000000       1.00000000     ( -7.21774995E-04,  3.56230885E-04) ( -4.58676368E-04,  1.22934580E-03) (  1.89989805E-03, -1.93715096E-03)
   2.00000000      -1.00000000       0.00000000     ( -2.96160579E-03, -1.34110451E-03) ( -5.92321157E-03, -2.68220901E-03) (  1.64844096E-03,  6.31436706E-03)
   2.00000000      -1.00000000       1.00000000     (  2.19792128E-03, -1.42026693E-03) ( -1.43423676E-03,  5.63450158E-04) ( -5.83007932E-03,  3.40864062E-03)
