   0.00000000       0.00000000       1.00000000     (  2.76416540E-02,  7.78585672E-03) (  2.69711018E-02, -3.39746475E-02) (  0.00000000    ,  0.00000000    )
   0.00000000       0.00000000       2.00000000     ( -1.30385160E-04,  9.49949026E-04) (  7.45058060E-04,  3.25962901E-04) (  0.00000000    ,  0.00000000    )
   0.00000000       1.00000000       0.00000000     ( -1.91107392E-02,  1.16880983E-03) (  0.00000000    ,  0.00000000    ) (  3.71597707E-03,  1.32992864E-02)
   0.00000000       1.00000000       1.00000000     (  8.25151801E-03,  3.36207449E-03) ( -1.30385160E-03, -1.03376806E-02) (  1.30385160E-03,  1.03376806E-02)
   0.00000000       1.00000000       2.00000000     (  8.75443220E-04, -1.72294676E-04) (  2.37487257E-04, -1.76951289E-04) ( -1.18743628E-04,  8.84756446E-05)
   0.00000000       2.00000000       0.00000000     (  1.72294676E-04, -3.72529030E-04) (  0.00000000    ,  0.00000000    ) (  6.14672899E-04, -8.56816769E-04)
   0.00000000       2.00000000       1.00000000     ( -3.72529030E-04, -5.02914190E-04) (  3.07336450E-04, -3.25962901E-05) ( -6.14672899E-04,  6.51925802E-05)
   0.00000000      -2.00000000       0.00000000     (  1.72294676E-04,  3.72529030E-04) (  0.00000000    ,  0.00000000    ) (  6.14672899E-04,  8.56816769E-04)
   0.00000000      -2.00000000       1.00000000     (  1.49011612E-03, -2.42143869E-04) (  2.98023224E-04, -2.14204192E-04) (  5.96046448E-04, -4.28408384E-04)
   0.00000000      -1.00000000       0.00000000     ( -1.91107392E-02, -1.16880983E-03) (  0.00000000    ,  0.00000000    ) (  3.71597707E-03, -1.32992864E-02)
   0.00000000      -1.00000000       1.00000000     (  9.59262252E-03, -2.75671482E-02) ( -2.46218406E-04,  2.04425305E-03) ( -2.46218406E-04,  2.04425305E-03)
   0.00000000      -1.00000000       2.00000000     (  1.49011612E-04,  2.14204192E-04) ( -1.14087015E-04,  4.09781933E-04) ( -5.70435077E-05,  2.04890966E-04)
   1.00000000       0.00000000       0.00000000     (  0.00000000    ,  0.00000000    ) ( -1.32620335E-02,  1.36718154E-02) (  3.52412462E-02,  2.71201134E-02)
   1.00000000       0.00000000       1.00000000     (  4.28408384E-03, -3.61353159E-03) ( -3.66568565E-02,  6.96629286E-03) ( -4.28408384E-03,  3.61353159E-03)
   1.00000000       0.00000000       2.00000000     ( -2.00234354E-04, -5.21540642E-04) ( -9.31322575E-04, -5.96046448E-04) (  1.00117177E-04,  2.60770321E-04)
   1.00000000       1.00000000       0.00000000     (  5.71832061E-03,  6.70552254E-03) ( -5.71832061E-03, -6.70552254E-03) ( -1.04494393E-02,  1.15856528E-02)
   1.00000000       1.00000000       1.00000000     ( -2.37487257E-04,  5.96046448E-04) (  5.02914190E-04, -5.70435077E-05) ( -2.70083547E-04, -5.40167093E-04)
   1.00000000       1.00000000       2.00000000     (  2.18860805E-04,  9.54605639E-05) (  1.39698386E-04, -6.51925802E-05) ( -1.81607902E-04, -1.62981451E-05)
   1.00000000       2.00000000       0.00000000     (  4.00468707E-04, -5.58793545E-04) ( -2.00234354E-04,  2.79396772E-04) ( -5.21540642E-04,  2.79396772E-04)
   1.00000000       2.00000000       1.00000000     ( -8.94069672E-04, -3.71073838E-06) (  7.07805157E-04,  1.90921128E-04) ( -5.40167093E-04, -3.72529030E-04)
   1.00000000      -2.00000000       0.00000000     (  1.16415322E-04,  5.21540642E-04) (  5.82076609E-05,  2.60770321E-04) (  5.02914190E-04,  2.51457095E-04)
   1.00000000      -2.00000000       1.00000000     (  1.53668225E-04, -7.07805157E-04) (  1.30385160E-04, -5.58793545E-04) (  1.07102096E-04, -4.00468707E-04)
   1.00000000      -1.00000000       0.00000000     ( -2.59373337E-03, -1.63540244E-02) ( -2.59373337E-03, -1.63540244E-02) ( -1.31502748E-02,  1.63540244E-02)
   1.00000000      -1.00000000       1.00000000     ( -4.28408384E-04, -1.18743628E-04) (  4.65661287E-04,  9.31322575E-04) (  8.94069672E-04,  1.04308128E-03)
   1.00000000      -1.00000000       2.00000000     (  4.00468707E-04, -6.33299351E-04) (  1.09430403E-04, -2.00234354E-04) ( -1.44354999E-04,  2.14204192E-04)
   2.00000000       0.00000000       0.00000000     (  0.00000000    ,  0.00000000    ) ( -8.94069672E-04, -5.21540642E-04) (  5.02914190E-04, -3.53902578E-04)
   2.00000000       0.00000000       1.00000000     ( -2.42143869E-04,  4.09781933E-04) ( -9.31322575E-05, -4.56348062E-04) (  4.84287739E-04, -8.19563866E-04)
   2.00000000       1.00000000       0.00000000     (  3.35276127E-04, -1.62981451E-04) ( -6.70552254E-04,  3.25962901E-04) (  7.21774995E-05,  2.37487257E-04)
   2.00000000       1.00000000       1.00000000     (  6.98491931E-05, -1.30385160E-04) ( -3.91155481E-04,  7.82310963E-04) (  2.51457095E-04, -5.40167093E-04)
   2.00000000      -1.00000000       0.00000000     (  1.09430403E-04, -4.00468707E-04) (  2.18860805E-04, -8.00937414E-04) (  1.16415322E-04, -4.19095159E-04)
   2.00000000      -1.00000000       1.00000000     (  4.93600965E-04, -1.74622983E-06) (  7.07805157E-04, -6.05359674E-05) ( -2.70083547E-04, -5.70435077E-05)
