   0.00000000       0.00000000      -2.00000000     ( -3.72529030E-05, -3.72529030E-05) (  3.72529030E-05,  4.65661287E-06) (  0.00000000    ,  0.00000000    )
   0.00000000       0.00000000      -1.00000000     (  1.59069896E-02,  5.28991222E-03) (  4.00841236E-02,  1.67265534E-02) (  0.00000000    ,  0.00000000    )
   0.00000000       1.00000000      -2.00000000     ( -3.72529030E-05, -2.32830644E-06) ( -2.32830644E-06, -1.39698386E-05) ( -1.16415322E-06, -6.98491931E-06)
   0.00000000       1.00000000      -1.00000000     ( -4.88944352E-03,  3.06218863E-02) ( -8.12113285E-03, -2.33296305E-03) ( -8.12113285E-03, -2.33296305E-03)
   0.00000000       2.00000000      -1.00000000     (  1.39698386E-05, -9.31322575E-06) (  4.65661287E-06, -1.86264515E-05) (  9.31322575E-06, -3.72529030E-05)
   0.00000000      -2.00000000      -1.00000000     ( -5.58793545E-05, -1.39698386E-05) (  1.86264515E-05, -4.65661287E-06) ( -3.72529030E-05,  9.31322575E-06)
   0.00000000      -1.00000000      -2.00000000     (  3.49245965E-06, -1.86264515E-05) (  1.86264515E-05,  9.31322575E-06) ( -9.31322575E-06, -4.65661287E-06)
   0.00000000      -1.00000000      -1.00000000     (  9.03382897E-03, -1.03190541E-02) ( -8.12578946E-04,  1.92318112E-03) (  8.12578946E-04, -1.92318112E-03)
   1.00000000       0.00000000      -2.00000000     (  1.86264515E-05,  1.39698386E-05) (  6.98491931E-06, -3.72529030E-05) (  9.31322575E-06,  6.98491931E-06)
   1.00000000       0.00000000      -1.00000000     (  9.94652510E-03, -5.45755029E-03) ( -9.92789865E-03,  7.48783350E-03) (  9.94652510E-03, -5.45755029E-03)
   1.00000000       1.00000000      -2.00000000     (  9.31322575E-06, -4.65661287E-06) ( -9.31322575E-06,  3.72529030E-05) ( -1.16415322E-06,  1.86264515E-05)
   1.00000000       1.00000000      -1.00000000     (  5.58793545E-05, -7.45058060E-05) ( -3.72529030E-05,  1.86264515E-05) (  1.86264515E-05, -3.72529030E-05)
   1.00000000       2.00000000      -1.00000000     ( -6.98491931E-06,  3.72529030E-05) (  6.98491931E-06, -9.31322575E-06) (  6.98491931E-06,  1.39698386E-05)
   1.00000000      -2.00000000      -1.00000000     ( -1.86264515E-05, -4.65661287E-06) ( -1.86264515E-05, -9.31322575E-06) (  1.86264515E-05,  9.31322575E-06)
   1.00000000      -1.00000000      -2.00000000     ( -1.86264515E-05,  1.86264515E-05) ( -9.31322575E-06,  9.31322575E-06) ( -4.65661287E-06,  6.98491931E-06)
   1.00000000      -1.00000000      -1.00000000     ( -8.73114914E-07, -3.72529030E-05) (  1.86264515E-05, -2.79396772E-05) ( -1.86264515E-05, -6.98491931E-06)
   2.00000000       0.00000000      -1.00000000     (  1.86264515E-05,  4.65661287E-06) ( -1.86264515E-05,  2.79396772E-05) (  3.72529030E-05,  9.31322575E-06)
   2.00000000       1.00000000      -1.00000000     ( -1.86264515E-05, -4.65661287E-06) (  1.86264515E-05, -3.72529030E-05) ( -9.31322575E-06, -3.72529030E-05)
   2.00000000      -1.00000000      -1.00000000     ( -1.39698386E-05, -4.65661287E-06) ( -1.86264515E-05,  9.31322575E-06) ( -9.31322575E-06, -1.86264515E-05)
