   0.00000000       0.00000000      -2.00000000     ( -2.60770321E-04, -1.86264515E-04) (  2.42143869E-04,  1.51339918E-05) (  0.00000000    ,  0.00000000    )
   0.00000000       0.00000000      -1.00000000     (  1.49756670E-02,  7.45058060E-03) (  4.18722630E-02,  1.49011612E-02) (  0.00000000    ,  0.00000000    )
   0.00000000       1.00000000      -2.00000000     ( -1.67638063E-04, -2.32830644E-05) ( -4.19095159E-05, -6.05359674E-05) ( -2.09547579E-05, -3.02679837E-05)
   0.00000000       1.00000000      -1.00000000     ( -5.81145287E-03,  3.02493572E-02) ( -8.95932317E-03, -2.77534127E-03) ( -8.95932317E-03, -2.77534127E-03)
   0.00000000       2.00000000      -1.00000000     (  7.91624188E-05, -3.95812094E-05) (  6.51925802E-05, -1.30385160E-04) (  1.30385160E-04, -2.60770321E-04)
   0.00000000      -2.00000000      -1.00000000     ( -2.98023224E-04, -6.05359674E-05) (  7.91624188E-05, -4.19095159E-05) ( -1.58324838E-04,  8.38190317E-05)
   0.00000000      -1.00000000      -2.00000000     ( -2.79396772E-05, -1.02445483E-04) (  9.31322575E-05,  6.51925802E-05) ( -4.65661287E-05, -3.25962901E-05)
   0.00000000      -1.00000000      -1.00000000     (  9.27597284E-03, -9.49949026E-03) (  1.12340786E-04,  1.65775418E-03) ( -1.12340786E-04, -1.65775418E-03)
   1.00000000       0.00000000      -2.00000000     (  1.49011612E-04,  8.38190317E-05) (  4.36557457E-07, -2.60770321E-04) (  7.45058060E-05,  4.19095159E-05)
   1.00000000       0.00000000      -1.00000000     (  1.06915832E-02, -5.60656190E-03) ( -9.53674316E-03,  1.10268593E-02) (  1.06915832E-02, -5.60656190E-03)
   1.00000000       1.00000000      -2.00000000     (  1.16415322E-05, -6.98491931E-05) ( -2.79396772E-05,  1.86264515E-04) ( -8.73114914E-06,  6.05359674E-05)
   1.00000000       1.00000000      -1.00000000     (  3.35276127E-04, -4.47034836E-04) ( -1.49011612E-04,  1.86264515E-04) (  2.04890966E-04, -2.60770321E-04)
   1.00000000       2.00000000      -1.00000000     ( -2.56113708E-05,  1.67638063E-04) (  3.02679837E-05, -6.98491931E-05) (  3.49245965E-05,  3.95812094E-05)
   1.00000000      -2.00000000      -1.00000000     ( -9.31322575E-05,  6.40284270E-06) ( -1.21071935E-04, -1.86264515E-05) (  1.39698386E-04,  4.19095159E-05)
   1.00000000      -1.00000000      -2.00000000     ( -1.11758709E-04,  1.39698386E-04) ( -3.49245965E-05,  4.19095159E-05) ( -3.72529030E-05,  4.65661287E-05)
   1.00000000      -1.00000000      -1.00000000     (  5.82076609E-06, -1.58324838E-04) (  1.21071935E-04, -1.39698386E-04) ( -1.11758709E-04, -2.32830644E-05)
   2.00000000       0.00000000      -1.00000000     (  1.02445483E-04,  2.09547579E-05) ( -1.30385160E-04,  1.67638063E-04) (  2.04890966E-04,  4.19095159E-05)
   2.00000000       1.00000000      -1.00000000     ( -8.38190317E-05, -1.74622983E-05) (  1.39698386E-04, -2.04890966E-04) ( -3.02679837E-05, -2.42143869E-04)
   2.00000000      -1.00000000      -1.00000000     ( -9.31322575E-05, -2.79396772E-05) ( -8.38190317E-05,  2.09547579E-05) ( -9.31322575E-05, -7.45058060E-05)
