   0.00000000       0.00000000       1.00000000     (  1.16601586E-02, -1.08033419E-02) (  4.15742397E-02, -1.03563070E-02) (  0.00000000    ,  0.00000000    )
   0.00000000       0.00000000       2.00000000     (  3.35276127E-04, -1.21071935E-04) ( -2.79396772E-04, -3.95812094E-05) (  0.00000000    ,  0.00000000    )
   0.00000000       1.00000000       0.00000000     ( -1.01281330E-03, -4.51691449E-03) (  0.00000000    ,  0.00000000    ) (  1.47894025E-02,  6.48200512E-03)
   0.00000000       1.00000000       1.00000000     (  8.25151801E-03,  6.64964318E-03) (  1.91386789E-03, -1.28056854E-03) ( -1.91386789E-03,  1.28056854E-03)
   0.00000000       1.00000000       2.00000000     (  1.02445483E-04, -1.30385160E-04) ( -8.38190317E-05,  6.51925802E-05) (  4.19095159E-05, -3.25962901E-05)
   0.00000000       2.00000000       0.00000000     (  1.86264515E-04,  1.02445483E-04) (  0.00000000    ,  0.00000000    ) ( -1.21071935E-04,  4.19095159E-05)
   0.00000000       2.00000000       1.00000000     (  2.42143869E-04, -6.51925802E-05) ( -4.19095159E-05, -5.12227416E-05) (  8.38190317E-05,  1.02445483E-04)
   0.00000000      -2.00000000       0.00000000     (  1.86264515E-04, -1.02445483E-04) (  0.00000000    ,  0.00000000    ) ( -1.21071935E-04, -4.19095159E-05)
   0.00000000      -2.00000000       1.00000000     ( -1.11758709E-04,  1.51339918E-05) ( -1.11758709E-04, -1.30385160E-04) ( -2.23517418E-04, -2.60770321E-04)
   0.00000000      -1.00000000       0.00000000     ( -1.01281330E-03,  4.51691449E-03) (  0.00000000    ,  0.00000000    ) (  1.47894025E-02, -6.48200512E-03)
   0.00000000      -1.00000000       1.00000000     ( -6.76140189E-03, -2.68965960E-02) ( -9.74163413E-03,  3.56696546E-03) ( -9.74163413E-03,  3.56696546E-03)
   0.00000000      -1.00000000       2.00000000     (  1.30385160E-04, -6.51925802E-05) (  9.31322575E-05, -3.95812094E-05) (  4.65661287E-05, -1.97906047E-05)
   1.00000000       0.00000000       0.00000000     (  0.00000000    ,  0.00000000    ) ( -3.18139791E-02,  2.24262476E-02) (  1.87009573E-02,  2.25263648E-04)
   1.00000000       0.00000000       1.00000000     ( -3.48314643E-03,  5.30853868E-04) ( -1.51619315E-02, -1.81421638E-02) (  3.48314643E-03, -5.30853868E-04)
   1.00000000       0.00000000       2.00000000     ( -2.23517418E-04, -1.21071935E-04) (  1.30385160E-04,  8.38190317E-05) (  1.11758709E-04,  6.05359674E-05)
   1.00000000       1.00000000       0.00000000     (  2.85916030E-03,  4.84287739E-03) ( -2.85916030E-03, -4.84287739E-03) ( -3.84636223E-03,  1.16601586E-02)
   1.00000000       1.00000000       1.00000000     (  1.02445483E-04,  1.21071935E-04) ( -3.35276127E-04,  1.39698386E-05) (  2.42143869E-04, -1.39698386E-04)
   1.00000000       1.00000000       2.00000000     ( -3.72529030E-04,  6.51925802E-05) (  1.49011612E-04,  2.04890966E-04) (  1.11758709E-04, -1.39698386E-04)
   1.00000000       2.00000000       0.00000000     ( -4.19095159E-05,  9.31322575E-05) (  2.09547579E-05, -4.65661287E-05) ( -1.30385160E-04, -1.86264515E-05)
   1.00000000       2.00000000       1.00000000     ( -1.74622983E-05,  6.05359674E-05) ( -9.31322575E-05,  2.00088834E-07) (  2.04890966E-04, -6.05359674E-05)
   1.00000000      -2.00000000       0.00000000     ( -4.65661287E-06,  1.21071935E-04) ( -2.32830644E-06,  6.05359674E-05) ( -9.31322575E-05, -2.04890966E-04)
   1.00000000      -2.00000000       1.00000000     ( -2.04890966E-04, -6.98491931E-05) ( -4.65661287E-05, -2.09547579E-05) (  1.11758709E-04,  2.56113708E-05)
   1.00000000      -1.00000000       0.00000000     (  1.04075298E-03, -4.72180545E-03) (  1.04075298E-03, -4.72180545E-03) ( -8.30739737E-03,  3.27825546E-02)
   1.00000000      -1.00000000       1.00000000     (  4.47034836E-04,  1.86264515E-04) (  1.51339918E-05, -3.35276127E-04) ( -4.09781933E-04, -5.21540642E-04)
   1.00000000      -1.00000000       2.00000000     ( -1.86264515E-04, -6.98491931E-06) ( -7.91624188E-05,  1.58324838E-04) (  5.12227416E-05,  8.38190317E-05)
   2.00000000       0.00000000       0.00000000     (  0.00000000    ,  0.00000000    ) (  8.38190317E-05,  2.79396772E-04) ( -1.30385160E-04, -3.02679837E-05)
   2.00000000       0.00000000       1.00000000     ( -3.02679837E-05,  1.16415322E-05) ( -1.62981451E-05,  5.58793545E-05) (  6.05359674E-05, -2.32830644E-05)
   2.00000000       1.00000000       0.00000000     (  4.19095159E-05,  3.02679837E-05) ( -8.38190317E-05, -6.05359674E-05) (  4.19095159E-05,  1.11758709E-04)
   2.00000000       1.00000000       1.00000000     ( -3.49245965E-06, -3.72529030E-05) ( -1.30385160E-04,  9.31322575E-05) (  1.39698386E-04, -1.74622983E-05)
   2.00000000      -1.00000000       0.00000000     ( -7.91624188E-05, -4.65661287E-05) ( -1.58324838E-04, -9.31322575E-05) ( -1.04773790E-05, -1.86264515E-05)
   2.00000000      -1.00000000       1.00000000     ( -3.25962901E-05, -1.67638063E-04) ( -9.31322575E-05, -1.21071935E-04) ( -3.02679837E-05,  2.23517418E-04)
