   0.00000000       0.00000000      -2.00000000     (  7.71135092E-03,  2.87778676E-03) ( -1.12503767E-02,  5.02914190E-03) (  0.00000000    ,  0.00000000    )
   0.00000000       0.00000000      -1.00000000     ( -4.31900844E-04,  1.14738941E-02) (  2.13831663E-02, -5.73694706E-03) (  0.00000000    ,  0.00000000    )
   0.00000000       1.00000000      -2.00000000     ( -1.81607902E-03,  2.51457095E-03) (  3.49245965E-04, -2.90572643E-03) (  1.74622983E-04, -1.45286322E-03)
   0.00000000       1.00000000      -1.00000000     ( -8.45640898E-03,  1.14366412E-02) ( -5.66244125E-03, -6.10947609E-03) ( -5.66244125E-03, -6.10947609E-03)
   0.00000000       2.00000000      -1.00000000     (  2.05822289E-03,  3.27418093E-05) ( -7.31088221E-04, -1.15833245E-04) ( -1.46217644E-03, -2.31666490E-04)
   0.00000000      -2.00000000      -1.00000000     ( -7.36326911E-05,  2.25380063E-03) ( -1.30850822E-03, -9.63918865E-04) (  2.61701643E-03,  1.92783773E-03)
   0.00000000      -1.00000000      -2.00000000     (  5.12227416E-03,  3.70666385E-03) ( -3.42726707E-03, -1.85333192E-03) (  1.71363354E-03,  9.26665962E-04)
   0.00000000      -1.00000000      -1.00000000     ( -6.10947609E-03,  2.92435288E-03) (  4.07919288E-03,  1.28522515E-03) ( -4.07919288E-03, -1.28522515E-03)
   1.00000000       0.00000000      -2.00000000     ( -1.65775418E-03, -1.18277967E-03) ( -1.04191713E-04,  5.49480319E-03) ( -8.28877091E-04, -5.91389835E-04)
   1.00000000       0.00000000      -1.00000000     (  1.03190541E-02, -5.84870577E-03) ( -3.81842256E-03,  3.05473804E-02) (  1.03190541E-02, -5.84870577E-03)
   1.00000000       1.00000000      -2.00000000     (  1.09430403E-03,  2.11410224E-03) ( -3.50177288E-03, -7.40401447E-04) ( -1.20606273E-03,  6.84522092E-04)
   1.00000000       1.00000000      -1.00000000     (  2.70083547E-03,  5.84870577E-03) ( -6.44940883E-04, -3.81842256E-03) (  2.05822289E-03,  2.02096999E-03)
   1.00000000       2.00000000      -1.00000000     (  2.12341547E-03,  1.65775418E-03) (  5.15137799E-05,  1.07684173E-04) (  2.22586095E-03,  1.88127160E-03)
   1.00000000      -2.00000000      -1.00000000     (  8.42846930E-04,  2.63564289E-03) (  1.26892701E-04,  7.31088221E-04) (  5.89061528E-04,  1.17346644E-03)
   1.00000000      -1.00000000      -2.00000000     ( -7.35744834E-04, -5.36441803E-03) ( -8.89413059E-04,  3.12924385E-03) (  7.59609975E-05, -4.24683094E-03)
   1.00000000      -1.00000000      -1.00000000     ( -2.35624611E-03,  5.54136932E-04) ( -2.43075192E-03, -4.74974513E-03) (  7.10133463E-05,  5.28991222E-03)
   2.00000000       0.00000000      -1.00000000     ( -1.46217644E-03, -3.72529030E-04) ( -4.47034836E-03,  2.49128789E-04) ( -2.92435288E-03, -7.45058060E-04)
   2.00000000       1.00000000      -1.00000000     (  1.89989805E-03,  1.76951289E-03) ( -3.44589353E-03, -2.94297934E-03) (  3.51574272E-04,  5.93718141E-04)
   2.00000000      -1.00000000      -1.00000000     (  1.93249434E-04, -9.77888703E-04) (  9.54605639E-04,  5.41331246E-05) ( -5.65778464E-04, -2.01165676E-03)
