   0.00000000       0.00000000       1.00000000     (  2.41398811E-02,  1.10641122E-02) (  6.81728125E-03, -2.74926424E-02) (  0.00000000    ,  0.00000000    )
   0.00000000       0.00000000       2.00000000     (  5.34579158E-03, -5.14090061E-03) ( -2.07684934E-03,  1.04308128E-03) (  0.00000000    ,  0.00000000    )
   0.00000000       1.00000000       0.00000000     ( -6.61239028E-03,  9.23871994E-03) (  0.00000000    ,  0.00000000    ) (  1.92318112E-03,  4.07453626E-04)
   0.00000000       1.00000000       1.00000000     (  3.71597707E-03, -5.17815351E-03) (  4.69386578E-03, -8.79168510E-03) ( -4.69386578E-03,  8.79168510E-03)
   0.00000000       1.00000000       2.00000000     ( -6.64964318E-03,  6.68223947E-04) ( -3.93018126E-03,  1.83354132E-04) (  1.96509063E-03, -9.16770659E-05)
   0.00000000       2.00000000       0.00000000     ( -3.65078449E-03, -5.17815351E-03) (  0.00000000    ,  0.00000000    ) ( -5.79282641E-03,  4.16766852E-04)
   0.00000000       2.00000000       1.00000000     (  2.36555934E-03,  4.95463610E-03) ( -2.38418579E-03, -1.73691660E-03) (  4.76837158E-03,  3.47383320E-03)
   0.00000000      -2.00000000       0.00000000     ( -3.65078449E-03,  5.17815351E-03) (  0.00000000    ,  0.00000000    ) ( -5.79282641E-03, -4.16766852E-04)
   0.00000000      -2.00000000       1.00000000     ( -9.94652510E-03,  1.81607902E-03) ( -1.52271241E-03,  1.49477273E-03) ( -3.04542482E-03,  2.98954546E-03)
   0.00000000      -1.00000000       0.00000000     ( -6.61239028E-03, -9.23871994E-03) (  0.00000000    ,  0.00000000    ) (  1.92318112E-03, -4.07453626E-04)
   0.00000000      -1.00000000       1.00000000     (  1.41188502E-02, -1.61305070E-02) ( -7.19446689E-04, -1.89989805E-03) ( -7.19446689E-04, -1.89989805E-03)
   0.00000000      -1.00000000       2.00000000     (  1.53668225E-04, -3.16649675E-03) (  6.75208867E-04, -8.54488462E-04) (  3.37604433E-04, -4.27244231E-04)
   1.00000000       0.00000000       0.00000000     (  0.00000000    ,  0.00000000    ) ( -1.64285302E-02,  6.46337867E-03) (  2.70456076E-02,  2.24262476E-02)
   1.00000000       0.00000000       1.00000000     (  3.87430191E-03, -2.86847353E-03) ( -2.77161598E-02,  1.50874257E-02) ( -3.87430191E-03,  2.86847353E-03)
   1.00000000       0.00000000       2.00000000     (  1.26194209E-03,  3.10130417E-03) (  7.67409801E-03,  3.34344804E-03) ( -6.30971044E-04, -1.55065209E-03)
   1.00000000       1.00000000       0.00000000     (  5.53205609E-03,  3.63215804E-03) ( -5.53205609E-03, -3.63215804E-03) ( -8.43778253E-03,  5.32716513E-03)
   1.00000000       1.00000000       1.00000000     ( -3.57627869E-03, -8.73114914E-04) (  2.22586095E-03,  2.86381692E-04) (  1.35041773E-03,  5.86733222E-04)
   1.00000000       1.00000000       2.00000000     ( -1.07567757E-03, -2.63564289E-03) ( -5.08502126E-03, -9.01054591E-04) (  3.08267772E-03,  1.76951289E-03)
   1.00000000       2.00000000       0.00000000     ( -1.69966370E-03,  6.18398190E-03) (  8.49831849E-04, -3.09199095E-03) ( -1.32713467E-03,  5.45755029E-03)
   1.00000000       2.00000000       1.00000000     (  6.33299351E-03,  2.28174031E-03) ( -3.94880772E-03, -2.65426934E-03) (  1.57393515E-03,  3.02679837E-03)
   1.00000000      -2.00000000       0.00000000     (  4.19095159E-04, -3.15718353E-03) (  2.09547579E-04, -1.57859176E-03) ( -9.28994268E-04,  2.98954546E-03)
   1.00000000      -2.00000000       1.00000000     ( -1.33644789E-03,  1.40629709E-03) ( -1.65309757E-03,  2.23517418E-03) ( -1.96509063E-03,  3.06405127E-03)
   1.00000000      -1.00000000       0.00000000     ( -6.18398190E-03, -9.31322575E-03) ( -6.18398190E-03, -9.31322575E-03) ( -5.62518835E-03,  5.94183803E-03)
   1.00000000      -1.00000000       1.00000000     (  3.30619514E-03,  6.14672899E-03) ( -1.62050128E-03,  3.84636223E-03) ( -4.93600965E-03, -2.30036676E-03)
   1.00000000      -1.00000000       2.00000000     (  3.56696546E-03,  4.74974513E-03) (  6.10947609E-03,  3.79048288E-03) (  1.27125531E-03, -4.77302819E-04)
   2.00000000       0.00000000       0.00000000     (  0.00000000    ,  0.00000000    ) (  8.90344381E-03, -3.26894224E-03) ( -4.88013029E-03,  1.22468919E-03)
   2.00000000       0.00000000       1.00000000     ( -2.50525773E-03, -2.44006515E-03) (  1.63447112E-03,  8.15838575E-03) (  5.01051545E-03,  4.88013029E-03)
   2.00000000       1.00000000       0.00000000     ( -2.63564289E-03,  5.51808625E-04) (  5.27128577E-03, -1.10361725E-03) ( -7.45058060E-05, -8.79168510E-03)
   2.00000000       1.00000000       1.00000000     (  7.79982656E-04,  3.20374966E-03) ( -2.75671482E-03, -5.66244125E-03) (  1.19209290E-03, -7.45058060E-04)
   2.00000000      -1.00000000       0.00000000     (  1.75554305E-03,  1.34576112E-03) (  3.51108611E-03,  2.69152224E-03) ( -1.47847459E-04,  1.56927854E-03)
   2.00000000      -1.00000000       1.00000000     ( -2.90572643E-03,  8.98726285E-04) ( -1.98371708E-03, -1.42026693E-03) (  3.81842256E-03, -3.22237611E-03)
