   0.00000000       0.00000000       1.00000000     (  1.97440386E-02,  1.27125531E-03) (  3.34531069E-02, -2.36183405E-02) (  0.00000000    ,  0.00000000    )
   0.00000000       0.00000000       2.00000000     (  6.05359674E-04, -1.71363354E-03) ( -1.35973096E-03, -2.16532499E-04) (  0.00000000    ,  0.00000000    )
   0.00000000       1.00000000       0.00000000     ( -1.44541264E-02, -1.20373443E-03) (  0.00000000    ,  0.00000000    ) (  5.81145287E-03,  1.50501728E-02)
   0.00000000       1.00000000       1.00000000     (  7.76723027E-03,  9.64850187E-03) ( -2.67289579E-03, -4.35858965E-03) (  2.67289579E-03,  4.35858965E-03)
   0.00000000       1.00000000       2.00000000     ( -8.38190317E-04, -4.70317900E-04) ( -6.70552254E-04,  2.16532499E-04) (  3.35276127E-04, -1.08266249E-04)
   0.00000000       2.00000000       0.00000000     (  5.40167093E-04,  1.76951289E-03) (  0.00000000    ,  0.00000000    ) ( -2.01165676E-03,  1.67638063E-03)
   0.00000000       2.00000000       1.00000000     (  1.15483999E-03, -4.23751771E-04) ( -5.02914190E-04,  2.35158950E-04) (  1.00582838E-03, -4.70317900E-04)
   0.00000000      -2.00000000       0.00000000     (  5.40167093E-04, -1.76951289E-03) (  0.00000000    ,  0.00000000    ) ( -2.01165676E-03, -1.67638063E-03)
   0.00000000      -2.00000000       1.00000000     ( -1.52736902E-03, -4.65661287E-05) (  3.31056071E-06, -2.98023224E-04) (  6.62112143E-06, -5.96046448E-04)
   0.00000000      -1.00000000       0.00000000     ( -1.44541264E-02,  1.20373443E-03) (  0.00000000    ,  0.00000000    ) (  5.81145287E-03, -1.50501728E-02)
   0.00000000      -1.00000000       1.00000000     ( -6.65895641E-04, -3.00258398E-02) ( -4.68455255E-03,  2.92435288E-03) ( -4.68455255E-03,  2.92435288E-03)
   0.00000000      -1.00000000       2.00000000     (  5.68106771E-04,  9.02218744E-06) ( -5.58793545E-04, -5.12227416E-04) ( -2.79396772E-04, -2.56113708E-04)
   1.00000000       0.00000000       0.00000000     (  0.00000000    ,  0.00000000    ) ( -1.62795186E-02,  1.68383121E-02) (  2.69711018E-02,  1.47521496E-02)
   1.00000000       0.00000000       1.00000000     ( -7.63684511E-04, -2.47731805E-03) ( -2.75671482E-02, -5.51342964E-03) (  7.63684511E-04,  2.47731805E-03)
   1.00000000       0.00000000       2.00000000     ( -4.84287739E-04,  1.00582838E-03) (  6.89178705E-04,  8.47503543E-04) (  2.42143869E-04, -5.02914190E-04)
   1.00000000       1.00000000       0.00000000     (  1.11991540E-03,  2.03959644E-03) ( -1.11991540E-03, -2.03959644E-03) ( -1.02072954E-02,  1.19954348E-02)
   1.00000000       1.00000000       1.00000000     (  7.91624188E-04, -5.58793545E-04) ( -1.67638063E-03, -9.31322575E-05) (  8.94069672E-04,  6.51925802E-04)
   1.00000000       1.00000000       2.00000000     ( -1.15483999E-03, -1.69966370E-04) (  1.90921128E-04,  5.49480319E-04) (  4.84287739E-04, -1.93249434E-04)
   1.00000000       2.00000000       0.00000000     (  6.33299351E-04, -2.96859071E-05) ( -3.16649675E-04,  1.48429535E-05) (  7.17118382E-04,  9.12696123E-04)
   1.00000000       2.00000000       1.00000000     (  1.02445483E-03,  7.35744834E-04) ( -7.91624188E-04, -1.74622983E-04) (  5.49480319E-04, -3.86498868E-04)
   1.00000000      -2.00000000       0.00000000     ( -8.66129994E-04, -4.42378223E-04) ( -4.33064997E-04, -2.21189111E-04) ( -7.82310963E-04, -1.15483999E-03)
   1.00000000      -2.00000000       1.00000000     ( -5.30853868E-04,  2.02562660E-04) ( -2.02562660E-04,  1.83936208E-04) (  1.23400241E-04,  1.65309757E-04)
   1.00000000      -1.00000000       0.00000000     ( -8.40518624E-04, -9.57399607E-03) ( -8.40518624E-04, -9.57399607E-03) ( -1.17719173E-02,  2.43633986E-02)
   1.00000000      -1.00000000       1.00000000     (  1.54599547E-03,  4.51691449E-04) ( -4.51691449E-04, -2.12341547E-03) ( -2.01165676E-03, -2.57045031E-03)
   1.00000000      -1.00000000       2.00000000     ( -1.65775418E-03,  1.56462193E-03) ( -6.70552254E-04,  7.63684511E-04) (  4.93600965E-04, -4.00468707E-04)
   2.00000000       0.00000000       0.00000000     (  0.00000000    ,  0.00000000    ) (  1.17346644E-03,  2.12341547E-03) ( -5.49480319E-04,  1.50874257E-03)
   2.00000000       0.00000000       1.00000000     (  3.67872417E-04, -6.79865479E-04) (  5.40167093E-04,  1.11758709E-03) ( -7.35744834E-04,  1.35973096E-03)
   2.00000000       1.00000000       0.00000000     ( -2.38651410E-05,  7.91624188E-04) (  4.77302819E-05, -1.58324838E-03) ( -1.02445483E-03,  1.65775418E-03)
   2.00000000       1.00000000       1.00000000     (  4.14438546E-04,  2.51457095E-04) (  1.01863407E-05, -1.54599547E-03) ( -8.38190317E-04,  1.04308128E-03)
   2.00000000      -1.00000000       0.00000000     ( -3.81842256E-04,  4.70317900E-04) ( -7.63684511E-04,  9.40635800E-04) ( -6.14672899E-04,  9.08039510E-05)
   2.00000000      -1.00000000       1.00000000     ( -6.05359674E-04,  1.23400241E-04) ( -1.75088644E-03,  2.41561793E-05) ( -5.30853868E-04, -2.21189111E-04)
