   0.00000000       0.00000000       1.00000000     (  6.74277544E-03, -1.23679638E-02) (  3.61353159E-02, -4.46103513E-03) (  0.00000000    ,  0.00000000    )
   0.00000000       0.00000000       2.00000000     (  1.34110451E-03, -2.88709998E-04) ( -1.41561031E-03, -5.68106771E-04) (  0.00000000    ,  0.00000000    )
   0.00000000       1.00000000       0.00000000     (  2.30036676E-03, -4.22820449E-03) (  0.00000000    ,  0.00000000    ) (  1.61677599E-02,  1.50408596E-03)
   0.00000000       1.00000000       1.00000000     (  4.60073352E-03,  3.30619514E-03) (  3.51108611E-03, -1.18277967E-03) ( -3.51108611E-03,  1.18277967E-03)
   0.00000000       1.00000000       2.00000000     (  6.70552254E-04, -8.00937414E-04) ( -1.58324838E-04,  3.72529030E-04) (  7.91624188E-05, -1.86264515E-04)
   0.00000000       2.00000000       0.00000000     (  8.94069672E-04,  4.00468707E-04) (  0.00000000    ,  0.00000000    ) ( -6.40284270E-05,  3.44589353E-04)
   0.00000000       2.00000000       1.00000000     (  2.98023224E-04, -5.40167093E-04) ( -3.02679837E-05, -2.21189111E-05) (  6.05359674E-05,  4.42378223E-05)
   0.00000000      -2.00000000       0.00000000     (  8.94069672E-04, -4.00468707E-04) (  0.00000000    ,  0.00000000    ) ( -6.40284270E-05, -3.44589353E-04)
   0.00000000      -2.00000000       1.00000000     ( -5.12227416E-04,  4.93600965E-04) ( -4.19095159E-04, -3.35276127E-04) ( -8.38190317E-04, -6.70552254E-04)
   0.00000000      -1.00000000       0.00000000     (  2.30036676E-03,  4.22820449E-03) (  0.00000000    ,  0.00000000    ) (  1.61677599E-02, -1.50408596E-03)
   0.00000000      -1.00000000       1.00000000     ( -6.92903996E-03, -2.10851431E-02) ( -9.08970833E-03,  4.33996320E-03) ( -9.08970833E-03,  4.33996320E-03)
   0.00000000      -1.00000000       2.00000000     (  3.02679837E-04, -4.65661287E-04) (  5.96046448E-04,  6.69388101E-06) (  2.98023224E-04,  3.34694050E-06)
   1.00000000       0.00000000       0.00000000     (  0.00000000    ,  0.00000000    ) ( -3.14414501E-02,  1.83284283E-02) (  1.66893005E-02, -3.10130417E-03)
   1.00000000       0.00000000       1.00000000     ( -2.71946192E-03, -1.35332812E-04) ( -8.86619091E-03, -1.64285302E-02) (  2.71946192E-03,  1.35332812E-04)
   1.00000000       0.00000000       2.00000000     ( -8.38190317E-04, -6.14672899E-04) (  3.25962901E-04,  3.44589353E-04) (  4.19095159E-04,  3.07336450E-04)
   1.00000000       1.00000000       0.00000000     (  3.73460352E-03,  3.72529030E-03) ( -3.73460352E-03, -3.72529030E-03) (  6.35627657E-04,  1.09151006E-02)
   1.00000000       1.00000000       1.00000000     (  2.60770321E-04,  3.16649675E-04) ( -9.31322575E-04,  2.93366611E-04) (  6.70552254E-04, -6.14672899E-04)
   1.00000000       1.00000000       2.00000000     ( -1.09896064E-03,  1.55996531E-04) (  6.14672899E-04,  7.82310963E-04) (  2.37487257E-04, -4.65661287E-04)
   1.00000000       2.00000000       0.00000000     ( -1.49011612E-04,  7.26431608E-04) (  7.45058060E-05, -3.63215804E-04) ( -4.19095159E-04, -3.25962901E-05)
   1.00000000       2.00000000       1.00000000     (  2.74740160E-04,  4.00468707E-04) ( -2.60770321E-04, -1.23400241E-04) (  2.46800482E-04, -1.53668225E-04)
   1.00000000      -2.00000000       0.00000000     (  2.46800482E-04,  4.74974513E-04) (  1.23400241E-04,  2.37487257E-04) ( -4.37721610E-04, -5.12227416E-04)
   1.00000000      -2.00000000       1.00000000     ( -7.45058060E-04,  2.50292942E-05) ( -2.74740160E-04,  1.37370080E-04) (  1.86264515E-04,  2.51457095E-04)
   1.00000000      -1.00000000       0.00000000     (  2.06753612E-03, -2.79396772E-03) (  2.06753612E-03, -2.79396772E-03) ( -6.91041350E-03,  2.54064798E-02)
   1.00000000      -1.00000000       1.00000000     (  1.37835741E-03,  7.45058060E-04) (  2.38651410E-05, -1.30385160E-03) ( -1.34110451E-03, -2.01165676E-03)
   1.00000000      -1.00000000       2.00000000     ( -7.82310963E-04, -9.54605639E-05) (  4.65661287E-05,  3.25962901E-04) (  4.09781933E-04,  2.14204192E-04)
   2.00000000       0.00000000       0.00000000     (  0.00000000    ,  0.00000000    ) (  7.56699592E-05,  1.04308128E-03) ( -4.37721610E-04, -3.44589353E-04)
   2.00000000       0.00000000       1.00000000     ( -1.23400241E-04,  7.45058060E-05) ( -4.00468707E-04, -5.00585884E-05) (  2.46800482E-04, -1.49011612E-04)
   2.00000000       1.00000000       0.00000000     ( -1.05501385E-06, -7.42147677E-06) (  2.11002771E-06,  1.48429535E-05) (  2.04890966E-04,  2.23517418E-04)
   2.00000000       1.00000000       1.00000000     ( -7.10133463E-05, -4.54019755E-05) ( -4.28408384E-04,  3.81842256E-04) (  5.68106771E-04, -2.84053385E-04)
   2.00000000      -1.00000000       0.00000000     ( -4.00468707E-04, -3.11993062E-04) ( -8.00937414E-04, -6.23986125E-04) (  3.53902578E-04,  2.70083547E-04)
   2.00000000      -1.00000000       1.00000000     ( -1.21872290E-06, -7.07805157E-04) ( -2.84053385E-04, -3.16649675E-04) ( -2.79396772E-04,  1.09896064E-03)
