   0.00000000       0.00000000       1.00000000     ( -8.14907253E-04, -1.19954348E-02) (  2.16066837E-02,  6.72414899E-03) (  0.00000000    ,  0.00000000    )
   0.00000000       0.00000000       2.00000000     (  7.04079866E-03, -2.96160579E-03) ( -1.01700425E-02, -4.20957804E-03) (  0.00000000    ,  0.00000000    )
   0.00000000       1.00000000       0.00000000     (  7.20843673E-03,  2.87545845E-04) (  0.00000000    ,  0.00000000    ) (  1.49011612E-02, -6.72414899E-03)
   0.00000000       1.00000000       1.00000000     ( -7.46920705E-03, -3.61353159E-03) (  4.07919288E-03, -1.33644789E-03) ( -4.07919288E-03,  1.33644789E-03)
   0.00000000       1.00000000       2.00000000     (  4.37721610E-03, -2.92435288E-03) ( -3.39001417E-03,  1.63912773E-03) (  1.69500709E-03, -8.19563866E-04)
   0.00000000       2.00000000       0.00000000     ( -1.45286322E-03,  4.67523932E-03) (  0.00000000    ,  0.00000000    ) ( -2.20024958E-04, -5.00585884E-04)
   0.00000000       2.00000000       1.00000000     (  2.30502337E-04, -1.10827386E-03) ( -9.49949026E-04,  7.26431608E-04) (  1.89989805E-03, -1.45286322E-03)
   0.00000000      -2.00000000       0.00000000     ( -1.45286322E-03, -4.67523932E-03) (  0.00000000    ,  0.00000000    ) ( -2.20024958E-04,  5.00585884E-04)
   0.00000000      -2.00000000       1.00000000     (  1.85333192E-03, -4.23751771E-04) ( -8.19563866E-04,  5.76255843E-05) ( -1.63912773E-03,  1.15251169E-04)
   0.00000000      -1.00000000       0.00000000     (  7.20843673E-03, -2.87545845E-04) (  0.00000000    ,  0.00000000    ) (  1.49011612E-02,  6.72414899E-03)
   0.00000000      -1.00000000       1.00000000     ( -9.20146704E-03, -1.16601586E-02) ( -5.90458512E-03,  6.33299351E-03) ( -5.90458512E-03,  6.33299351E-03)
   0.00000000      -1.00000000       2.00000000     ( -1.60187483E-03, -2.13272870E-03) ( -2.47382559E-05,  2.68220901E-03) ( -1.23691279E-05,  1.34110451E-03)
   1.00000000       0.00000000       0.00000000     (  0.00000000    ,  0.00000000    ) ( -2.74926424E-02,  6.16535544E-03) (  1.80304050E-02, -5.23403287E-03)
   1.00000000       0.00000000       1.00000000     ( -1.63912773E-03, -2.45869160E-03) (  4.17232513E-03, -6.27711415E-03) (  1.63912773E-03,  2.45869160E-03)
   1.00000000       0.00000000       2.00000000     ( -3.27825546E-03, -1.34110451E-03) ( -1.12690032E-03,  3.29688191E-03) (  1.63912773E-03,  6.70552254E-04)
   1.00000000       1.00000000       0.00000000     (  3.43425199E-04, -1.46683306E-04) ( -3.43425199E-04,  1.46683306E-04) (  7.28294253E-03,  1.51246786E-02)
   1.00000000       1.00000000       1.00000000     ( -4.43309546E-03, -8.00937414E-04) (  2.28174031E-03,  3.07336450E-03) (  2.16066837E-03, -2.26311386E-03)
   1.00000000       1.00000000       2.00000000     ( -9.13860276E-05,  1.08033419E-03) (  1.95577741E-03,  9.82545316E-04) ( -9.31322575E-04, -1.02911144E-03)
   1.00000000       2.00000000       0.00000000     ( -8.00937414E-04, -3.46917659E-04) (  4.00468707E-04,  1.73458830E-04) ( -2.95694917E-04, -1.67638063E-03)
   1.00000000       2.00000000       1.00000000     (  1.92783773E-03, -7.91624188E-05) ( -7.63684511E-04, -1.23400241E-04) ( -3.95812094E-04,  3.25962901E-04)
   1.00000000      -2.00000000       0.00000000     ( -1.58324838E-03, -2.04890966E-04) ( -7.91624188E-04, -1.02445483E-04) ( -9.03382897E-04,  2.55182385E-03)
   1.00000000      -2.00000000       1.00000000     ( -3.23052518E-05, -8.89413059E-04) (  9.63918865E-04, -5.35510480E-04) (  1.96509063E-03, -1.82772055E-04)
   1.00000000      -1.00000000       0.00000000     (  7.50645995E-03,  2.33761966E-03) (  7.50645995E-03,  2.33761966E-03) ( -2.64495611E-03,  8.89413059E-04)
   1.00000000      -1.00000000       1.00000000     ( -1.78813934E-03,  2.94297934E-03) ( -1.12690032E-03, -2.73808837E-03) (  6.65895641E-04, -5.69969416E-03)
   1.00000000      -1.00000000       2.00000000     ( -2.99885869E-03, -9.96515155E-04) (  1.85333192E-03,  1.88127160E-03) (  2.43075192E-03,  1.44354999E-03)
   2.00000000       0.00000000       0.00000000     (  0.00000000    ,  0.00000000    ) ( -2.34693289E-03,  2.43075192E-03) (  1.79745257E-03, -2.52388418E-03)
   2.00000000       0.00000000       1.00000000     ( -1.04773790E-03,  1.04308128E-03) ( -4.86616045E-04, -3.70666385E-03) (  2.09547579E-03, -2.08616257E-03)
   2.00000000       1.00000000       0.00000000     ( -1.18743628E-03, -1.22003257E-03) (  2.37487257E-03,  2.44006515E-03) ( -4.23751771E-04,  3.53902578E-03)
   2.00000000       1.00000000       1.00000000     ( -8.10250640E-04,  3.70200723E-04) (  4.16766852E-04,  8.70786607E-04) (  1.20140612E-03, -1.61118805E-03)
   2.00000000      -1.00000000       0.00000000     ( -1.84401870E-03, -9.26665962E-04) ( -3.68803740E-03, -1.85333192E-03) (  5.40167093E-04,  3.96743417E-03)
   2.00000000      -1.00000000       1.00000000     (  2.06753612E-03,  2.47964635E-04) ( -6.93835318E-04,  9.26665962E-04) ( -4.82425094E-03,  4.28408384E-04)
