    0.000000        0.000000       -2.000000      (7.4505806E-03,1.6903505E-03)
   (6.0535967E-03,-4.5076013E-03)  (0.000000,0.000000)
    0.000000        0.000000       -1.000000      
 (2.1532178E-02,-1.1809170E-02)  (-7.8603625E-03,1.7061830E-02)  
 (0.000000,0.000000)
    0.000000        1.000000       -2.000000      
 (-1.3299286E-02,-2.4866313E-03)  (-2.2165477E-03,-2.2724271E-03)  
 (-1.1082739E-03,-1.1362135E-03)
    0.000000        1.000000       -1.000000      (6.3702464E-03,6.7055225E-03)
   (-2.1141022E-03,4.2468309E-03)  (-2.1141022E-03,4.2468309E-03)
    0.000000        2.000000       -1.000000      
 (-1.2926757E-02,1.1287630E-02)  (-4.0140003E-03,-1.1548400E-03)  
 (-8.0280006E-03,-2.3096800E-03)
    0.000000       -2.000000       -1.000000      (1.0933727E-02,3.1851232E-03)
   (-1.8451829E-04,2.1094456E-03)  (3.6903657E-04,-4.2188913E-03)
    0.000000       -1.000000       -2.000000      
 (-8.2142651E-03,2.5564805E-03)  (-5.8673322E-03,9.8953024E-04)  
 (2.9336661E-03,-4.9476512E-04)
    0.000000       -1.000000       -1.000000      
 (4.1909516E-03,-1.9092113E-03)  (6.4447522E-03,4.8987567E-03)  
 (-6.4447522E-03,-4.8987567E-03)
    1.000000        0.000000       -2.000000      (8.5495412E-03,3.0640513E-03)
   (-3.0361116E-03,5.5041164E-03)  (4.2747706E-03,1.5320256E-03)
    1.000000        0.000000       -1.000000      
 (3.9301813E-03,-5.6112185E-04)  (8.0093741E-03,-3.7625432E-03)  
 (3.9301813E-03,-5.6112185E-04)
    1.000000        1.000000       -2.000000      
 (-3.1292439E-03,-1.0430813E-03)  (-1.8021092E-03,-1.3634562E-02)  
 (-2.4680048E-03,-7.3388219E-03)
    1.000000        1.000000       -1.000000      
 (-8.3073974E-03,-2.2305176E-03)  (2.3422763E-03,-1.1874363E-03)  
 (-5.9604645E-03,-3.4179538E-03)
    1.000000        2.000000       -1.000000      
 (-9.5181167E-03,-1.1618249E-03)  (1.7974526E-03,2.8545037E-03)  
 (-5.9232116E-03,4.5448542E-03)
    1.000000       -2.000000       -1.000000      
 (-2.4563633E-04,-5.4016709E-03)  (-1.1245720E-03,-2.2863969E-03)  
 (2.0023435E-03,-8.3120540E-04)
    1.000000       -1.000000       -2.000000      (4.9918890E-03,1.0826625E-03)
   (-4.2468309E-03,2.0116568E-03)  (4.6193600E-03,-4.6333298E-04)
    1.000000       -1.000000       -1.000000      
 (-1.0114163E-02,3.9301813E-03)  (-7.1339309E-03,5.5180863E-04)  
 (-2.9802322E-03,3.3713877E-03)
    2.000000        0.000000       -1.000000      (1.3038516E-03,4.5821071E-03)
   (5.6158751E-03,7.6368451E-03)  (2.6077032E-03,9.1642141E-03)
    2.000000        1.000000       -1.000000      
 (-6.6356733E-04,-1.4062971E-03)  (4.1909516E-03,-5.8114529E-03)  
 (2.8638169E-03,-8.6240470E-03)
    2.000000       -1.000000       -1.000000      
 (-1.7927960E-03,2.1094456E-03)  (3.1956006E-04,6.1839819E-03)  
 (-3.9115548E-03,-1.9650906E-03)
