    0.000000        0.000000       -2.000000      (8.4564090E-03,2.2584572E-03)
   (5.6251884E-03,-3.4458935E-03)  (0.000000,0.000000)
    0.000000        0.000000       -1.000000      
 (2.2649765E-02,-1.2256205E-02)  (-5.5879354E-03,1.9073486E-02)  
 (0.000000,0.000000)
    0.000000        1.000000       -2.000000      
 (-1.1734664E-02,-3.1944364E-03)  (-1.1851080E-03,-4.5914203E-03)  
 (-5.9255399E-04,-2.2957101E-03)
    0.000000        1.000000       -1.000000      (6.9849193E-03,8.9406967E-03)
   (-2.6728958E-03,3.7997961E-03)  (-2.6728958E-03,3.7997961E-03)
    0.000000        2.000000       -1.000000      
 (-1.2926757E-02,1.0114163E-02)  (-4.0978193E-03,-1.0430813E-03)  
 (-8.1956387E-03,-2.0861626E-03)
    0.000000       -2.000000       -1.000000      (1.1343509E-02,3.1292439E-03)
   (-1.1379598E-04,2.4773180E-03)  (2.2759195E-04,-4.9546361E-03)
    0.000000       -1.000000       -2.000000      
 (-8.4377825E-03,2.4028122E-03)  (-7.8417361E-03,1.5774276E-04)  
 (3.9208680E-03,-7.8871381E-05)
    0.000000       -1.000000       -1.000000      (4.0233135E-03,9.5751602E-05)
   (7.1898103E-03,5.6996942E-03)  (-7.1898103E-03,-5.6996942E-03)
    1.000000        0.000000       -2.000000      (7.6182187E-03,4.0326267E-03)
   (-2.2724271E-03,7.4133277E-03)  (3.8091093E-03,2.0163134E-03)
    1.000000        0.000000       -1.000000      
 (4.1350722E-03,-1.6880222E-04)  (9.2387199E-03,-2.6263297E-03)  
 (4.1350722E-03,-1.6880222E-04)
    1.000000        1.000000       -2.000000      
 (-3.0454248E-03,-2.4586916E-03)  (6.7404471E-04,-1.3522804E-02)  
 (-1.1874363E-03,-7.9907477E-03)
    1.000000        1.000000       -1.000000      
 (-8.5681677E-03,-4.5821071E-03)  (3.2596290E-03,-7.7532604E-04)  
 (-5.3085387E-03,-5.3551048E-03)
    1.000000        2.000000       -1.000000      
 (-1.0076910E-02,-3.2968819E-03)  (1.9557774E-03,2.5983900E-03)  
 (-6.1653554E-03,1.9045547E-03)
    1.000000       -2.000000       -1.000000      
 (-9.2899427E-04,-6.4820051E-03)  (-1.6111881E-03,-3.5017729E-03)  
 (2.2910535E-03,5.1804818E-04)
    1.000000       -1.000000       -2.000000      (4.7776848E-03,2.3189932E-03)
   (-3.6321580E-03,2.7567148E-03)  (4.2002648E-03,-2.1827873E-04)
    1.000000       -1.000000       -1.000000      
 (-9.3504786E-03,2.9895455E-03)  (-8.3819032E-03,9.4063580E-04)  
 (-9.7323209E-04,2.0535663E-03)
    2.000000        0.000000       -1.000000      
 (-1.3678800E-04,4.6379864E-03)  (8.5914508E-04,7.3574483E-03)  
 (-2.7357601E-04,9.2759728E-03)
    2.000000        1.000000       -1.000000      
 (1.4581019E-04,-1.4086254E-04)  (4.3027103E-03,-6.8917871E-03)  
 (4.5914203E-03,-7.1711838E-03)
    2.000000       -1.000000       -1.000000      
 (-1.8347055E-03,7.5669959E-04)  (7.7532604E-04,5.0012022E-03)  
 (-4.4424087E-03,-3.4831464E-03)
