   0.00000000       0.00000000      -2.00000000     (  6.66826963E-03,  5.56930900E-03) ( -1.02212653E-03, -1.48545951E-03) (  0.00000000    ,  0.00000000    )
   0.00000000       0.00000000      -1.00000000     (  2.33203173E-02, -1.10268593E-02) (  4.35858965E-03,  2.55554914E-02) (  0.00000000    ,  0.00000000    )
   0.00000000       1.00000000      -2.00000000     ( -7.35744834E-04,  3.00817192E-03) (  8.14907253E-04, -7.42729753E-04) (  4.07453626E-04, -3.71364877E-04)
   0.00000000       1.00000000      -1.00000000     (  1.28149986E-02,  1.48639083E-02) ( -1.35973096E-03,  2.04890966E-03) ( -1.35973096E-03,  2.04890966E-03)
   0.00000000       2.00000000      -1.00000000     ( -1.06915832E-02, -7.03148544E-04) ( -1.52736902E-03, -1.57859176E-03) ( -3.05473804E-03, -3.15718353E-03)
   0.00000000      -2.00000000      -1.00000000     (  3.53902578E-03, -4.65661287E-03) ( -2.46800482E-03,  2.29105353E-03) (  4.93600965E-03, -4.58210707E-03)
   0.00000000      -1.00000000      -2.00000000     ( -7.80448318E-03,  2.87400326E-05) ( -5.69969416E-03, -3.88827175E-04) (  2.84984708E-03,  1.94413587E-04)
   0.00000000      -1.00000000      -1.00000000     (  3.21306288E-03,  4.84287739E-03) (  5.40167093E-03,  8.08387995E-03) ( -5.40167093E-03, -8.08387995E-03)
   1.00000000       0.00000000      -2.00000000     (  1.05472282E-03,  5.73694706E-03) ( -4.78699803E-03,  8.69855285E-03) (  5.27361408E-04,  2.86847353E-03)
   1.00000000       0.00000000      -1.00000000     (  3.34344804E-03,  3.69036570E-04) (  6.18398190E-03, -1.19674951E-03) (  3.34344804E-03,  3.69036570E-04)
   1.00000000       1.00000000      -2.00000000     ( -5.62518835E-03, -2.80328095E-03) (  6.76140189E-03, -5.96046448E-03) (  5.66942617E-04, -4.37721610E-03)
   1.00000000       1.00000000      -1.00000000     ( -8.64267349E-03, -4.12575901E-03) (  7.09667802E-03,  1.51339918E-04) ( -1.53668225E-03, -3.97674739E-03)
   1.00000000       2.00000000      -1.00000000     ( -3.96743417E-03,  9.31322575E-05) (  1.21654011E-04,  1.81142241E-03) ( -3.72529030E-03,  3.71597707E-03)
   1.00000000      -2.00000000      -1.00000000     (  1.79716153E-05, -2.35624611E-03) (  1.05937943E-03, -2.40281224E-03) ( -2.10013241E-03,  2.44937837E-03)
   1.00000000      -1.00000000      -2.00000000     ( -7.47386366E-04, -1.31316483E-03) (  1.14319846E-03, -1.51805580E-03) ( -9.45292413E-04,  1.01572368E-04)
   1.00000000      -1.00000000      -1.00000000     ( -3.18512321E-03,  5.61121851E-04) ( -6.33299351E-03,  8.40518624E-04) (  3.14787030E-03, -2.78814696E-04)
   2.00000000       0.00000000      -1.00000000     ( -2.37487257E-03,  4.24915925E-05) ( -1.00955367E-02,  3.08267772E-03) ( -4.74974513E-03,  8.49831849E-05)
   2.00000000       1.00000000      -1.00000000     (  5.56465238E-04,  2.01165676E-03) (  1.31316483E-03, -4.39584255E-03) (  2.42143869E-03, -3.78349796E-04)
   2.00000000      -1.00000000      -1.00000000     (  1.02445483E-03, -2.30036676E-03) (  2.60770321E-03, -3.91155481E-03) ( -5.54136932E-04, -6.96163625E-04)
