   0.00000000       0.00000000       1.00000000     (  2.32458115E-02,  1.19581819E-02) ( -9.68575478E-04, -2.24262476E-02) (  0.00000000    ,  0.00000000    )
   0.00000000       0.00000000       2.00000000     (  6.79865479E-03, -3.52971256E-03) (  2.54251063E-03,  1.56927854E-03) (  0.00000000    ,  0.00000000    )
   0.00000000       1.00000000       0.00000000     ( -1.85333192E-03,  1.19581819E-02) (  0.00000000    ,  0.00000000    ) (  2.21654773E-03, -3.11061740E-03)
   0.00000000       1.00000000       1.00000000     (  3.40864062E-03, -3.06405127E-03) (  7.15255737E-03, -6.94766641E-03) ( -7.15255737E-03,  6.94766641E-03)
   0.00000000       1.00000000       2.00000000     ( -7.18981028E-03, -1.12690032E-03) ( -7.22706318E-03,  4.58676368E-04) (  3.61353159E-03, -2.29338184E-04)
   0.00000000       2.00000000       0.00000000     (  3.56521923E-05, -6.03497028E-03) (  0.00000000    ,  0.00000000    ) ( -4.04193997E-03,  6.07687980E-04)
   0.00000000       2.00000000       1.00000000     (  6.70552254E-03,  1.42608769E-04) ( -9.73232090E-04, -2.41212547E-03) (  1.94646418E-03,  4.82425094E-03)
   0.00000000      -2.00000000       0.00000000     (  3.56521923E-05,  6.03497028E-03) (  0.00000000    ,  0.00000000    ) ( -4.04193997E-03, -6.07687980E-04)
   0.00000000      -2.00000000       1.00000000     ( -9.31322575E-03, -4.09781933E-03) ( -2.07684934E-03,  8.91741365E-04) ( -4.15369868E-03,  1.78348273E-03)
   0.00000000      -1.00000000       0.00000000     ( -1.85333192E-03, -1.19581819E-02) (  0.00000000    ,  0.00000000    ) (  2.21654773E-03,  3.11061740E-03)
   0.00000000      -1.00000000       1.00000000     (  9.53674316E-03, -1.23307109E-02) ( -2.69152224E-03, -2.84053385E-03) ( -2.69152224E-03, -2.84053385E-03)
   0.00000000      -1.00000000       2.00000000     ( -4.95463610E-03,  6.79865479E-04) (  2.74740160E-04,  4.08850610E-03) (  1.37370080E-04,  2.04425305E-03)
   1.00000000       0.00000000       0.00000000     (  0.00000000    ,  0.00000000    ) ( -2.17556953E-02,  5.15952706E-03) (  2.34693289E-02,  1.96695328E-02)
   1.00000000       0.00000000       1.00000000     (  1.34576112E-03, -4.50760126E-03) ( -2.48104334E-02,  1.59442425E-02) ( -1.34576112E-03,  4.50760126E-03)
   1.00000000       0.00000000       2.00000000     (  1.06403604E-03,  1.89524144E-03) (  4.76837158E-03,  5.96046448E-03) ( -5.32018021E-04, -9.47620720E-04)
   1.00000000       1.00000000       0.00000000     (  5.23403287E-03,  4.84287739E-04) ( -5.23403287E-03, -4.84287739E-04) ( -6.37024641E-03,  2.65426934E-03)
   1.00000000       1.00000000       1.00000000     ( -2.94297934E-03,  1.39698386E-03) (  1.98837370E-03, -8.03265721E-04) (  9.54605639E-04, -5.96046448E-04)
   1.00000000       1.00000000       2.00000000     ( -2.30036676E-03, -2.26311386E-03) ( -3.90224159E-03, -4.19095159E-03) (  3.10130417E-03,  3.22237611E-03)
   1.00000000       2.00000000       0.00000000     ( -1.57859176E-03,  4.95463610E-03) (  7.89295882E-04, -2.47731805E-03) (  5.00585884E-05,  9.49949026E-03)
   1.00000000       2.00000000       1.00000000     (  6.12810254E-03,  2.91503966E-03) ( -1.85333192E-03, -1.95112079E-03) ( -2.42143869E-03,  9.94186848E-04)
   1.00000000      -2.00000000       0.00000000     ( -7.70669430E-04, -1.74040906E-04) ( -3.85334715E-04, -8.70204531E-05) ( -3.32482159E-03,  1.77533366E-04)
   1.00000000      -2.00000000       1.00000000     ( -1.92318112E-03,  9.10367817E-04) ( -1.65309757E-03,  1.59256160E-03) ( -1.38767064E-03,  2.27242708E-03)
   1.00000000      -1.00000000       0.00000000     ( -5.23403287E-03, -2.97091901E-03) ( -5.23403287E-03, -2.97091901E-03) ( -4.37721610E-03,  4.26545739E-03)
   1.00000000      -1.00000000       1.00000000     (  8.77305865E-03,  7.84173608E-03) (  2.48663127E-03,  7.33882189E-03) ( -6.27711415E-03, -4.94765118E-04)
   1.00000000      -1.00000000       2.00000000     (  3.10130417E-03,  5.60656190E-03) (  4.50760126E-03,  1.05006620E-03) (  7.05476850E-04, -2.28174031E-03)
   2.00000000       0.00000000       0.00000000     (  0.00000000    ,  0.00000000    ) (  1.14366412E-02, -6.57513738E-03) ( -3.04542482E-03,  4.41446900E-03)
   2.00000000       0.00000000       1.00000000     ( -4.48897481E-03,  2.07801349E-04) (  4.00468707E-03,  1.11013651E-02) (  8.97794962E-03, -4.15602699E-04)
   2.00000000       1.00000000       0.00000000     ( -1.75554305E-03,  3.07336450E-04) (  3.51108611E-03, -6.14672899E-04) ( -1.83004886E-03, -5.38304448E-03)
   2.00000000       1.00000000       1.00000000     (  2.43075192E-03,  4.69386578E-03) ( -5.25265932E-03, -8.45640898E-03) (  4.01632860E-04, -9.22009349E-04)
   2.00000000      -1.00000000       0.00000000     (  1.01514161E-03, -1.08033419E-03) (  2.03028321E-03, -2.16066837E-03) (  7.49714673E-04,  2.37487257E-03)
   2.00000000      -1.00000000       1.00000000     ( -4.24683094E-03,  4.23751771E-04) ( -4.30271029E-03, -1.44820660E-03) (  4.19095159E-03, -2.29105353E-03)
