   0.00000000       0.00000000       1.00000000     (  2.39349902E-03, -1.13248825E-02) (  2.65985727E-02,  8.40518624E-04) (  0.00000000    ,  0.00000000    )
   0.00000000       0.00000000       2.00000000     (  4.80562449E-03, -8.84756446E-04) ( -6.44475222E-03, -3.65078449E-03) (  0.00000000    ,  0.00000000    )
   0.00000000       1.00000000       0.00000000     (  4.30271029E-03, -3.22237611E-03) (  0.00000000    ,  0.00000000    ) (  1.49756670E-02, -2.16066837E-03)
   0.00000000       1.00000000       1.00000000     (  2.09547579E-05,  2.74740160E-04) (  4.07919288E-03, -1.22934580E-03) ( -4.07919288E-03,  1.22934580E-03)
   0.00000000       1.00000000       2.00000000     (  3.39001417E-03, -3.44589353E-03) ( -7.12461770E-04,  1.87195837E-03) (  3.56230885E-04, -9.35979187E-04)
   0.00000000       2.00000000       0.00000000     (  1.62050128E-03,  3.42726707E-03) (  0.00000000    ,  0.00000000    ) ( -3.00351530E-04,  1.88127160E-03)
   0.00000000       2.00000000       1.00000000     ( -6.61239028E-04, -3.37138772E-03) ( -5.02914190E-04,  9.87201929E-04) (  1.00582838E-03, -1.97440386E-03)
   0.00000000      -2.00000000       0.00000000     (  1.62050128E-03, -3.42726707E-03) (  0.00000000    ,  0.00000000    ) ( -3.00351530E-04, -1.88127160E-03)
   0.00000000      -2.00000000       1.00000000     ( -9.96515155E-04,  1.54599547E-03) ( -9.68575478E-04, -2.35158950E-04) ( -1.93715096E-03, -4.70317900E-04)
   0.00000000      -1.00000000       0.00000000     (  4.30271029E-03,  3.22237611E-03) (  0.00000000    ,  0.00000000    ) (  1.49756670E-02,  2.16066837E-03)
   0.00000000      -1.00000000       1.00000000     ( -6.85453415E-03, -1.41933560E-02) ( -7.09667802E-03,  5.14090061E-03) ( -7.09667802E-03,  5.14090061E-03)
   0.00000000      -1.00000000       2.00000000     ( -2.66591087E-04, -2.15135515E-03) (  1.77882612E-03,  6.65895641E-04) (  8.89413059E-04,  3.32947820E-04)
   1.00000000       0.00000000       0.00000000     (  0.00000000    ,  0.00000000    ) ( -2.64495611E-02,  1.13621354E-02) (  1.44541264E-02, -4.22820449E-03)
   1.00000000       0.00000000       1.00000000     ( -1.78813934E-03, -1.17346644E-03) ( -2.71946192E-03, -1.13248825E-02) (  1.78813934E-03,  1.17346644E-03)
   1.00000000       0.00000000       2.00000000     ( -2.86847353E-03, -1.61118805E-03) (  1.43190846E-04,  1.31316483E-03) (  1.43423676E-03,  8.05594027E-04)
   1.00000000       1.00000000       0.00000000     (  2.66358256E-03,  1.91852450E-03) ( -2.66358256E-03, -1.91852450E-03) (  4.61935997E-03,  1.08778477E-02)
   1.00000000       1.00000000       1.00000000     ( -6.61239028E-04,  4.13274392E-05) ( -9.08039510E-04,  2.19792128E-03) (  1.57393515E-03, -2.23517418E-03)
   1.00000000       1.00000000       2.00000000     ( -2.66358256E-03,  4.54019755E-04) (  1.94646418E-03,  1.75088644E-03) (  3.58559191E-04, -1.09896064E-03)
   1.00000000       2.00000000       0.00000000     (  3.32947820E-04,  2.27242708E-03) ( -1.66473910E-04, -1.13621354E-03) ( -2.03028321E-03,  6.23986125E-04)
   1.00000000       2.00000000       1.00000000     (  1.95577741E-03,  1.31316483E-03) ( -6.84522092E-04, -4.72646207E-04) ( -5.86733222E-04, -3.65544111E-04)
   1.00000000      -2.00000000       0.00000000     (  8.75443220E-04,  8.14907253E-04) (  4.37721610E-04,  4.07453626E-04) ( -1.75088644E-03,  3.77185643E-04)
   1.00000000      -2.00000000       1.00000000     ( -1.61118805E-03,  3.65544111E-04) ( -4.44706529E-04,  6.51925802E-04) (  7.21774995E-04,  9.35979187E-04)
   1.00000000      -1.00000000       0.00000000     (  3.25962901E-03, -3.57395038E-04) (  3.25962901E-03, -3.57395038E-04) ( -4.82425094E-03,  1.35600567E-02)
   1.00000000      -1.00000000       1.00000000     (  2.58907676E-03,  2.66358256E-03) ( -2.66591087E-04, -3.89292836E-03) ( -2.86847353E-03, -6.55651093E-03)
   1.00000000      -1.00000000       2.00000000     ( -3.57627869E-03, -9.91858542E-04) (  1.16415322E-03,  3.09664756E-04) (  2.36555934E-03,  6.51925802E-04)
   2.00000000       0.00000000       0.00000000     (  0.00000000    ,  0.00000000    ) ( -9.35979187E-04,  3.24100256E-03) ( -1.01514161E-03, -1.49942935E-03)
   2.00000000       0.00000000       1.00000000     ( -5.49480319E-04,  5.26197255E-04) ( -2.05822289E-03, -1.30385160E-03) (  1.09896064E-03, -1.05239451E-03)
   2.00000000       1.00000000       0.00000000     ( -3.30619514E-04, -5.40167093E-04) (  6.61239028E-04,  1.08033419E-03) (  5.96046448E-04,  1.35041773E-03)
   2.00000000       1.00000000       1.00000000     ( -3.28291208E-04,  9.95351002E-05) ( -8.84756446E-04,  8.80099833E-04) (  1.54599547E-03, -1.08033419E-03)
   2.00000000      -1.00000000       0.00000000     ( -1.76951289E-03, -1.11758709E-03) ( -3.53902578E-03, -2.23517418E-03) (  1.41561031E-03,  3.22237611E-03)
   2.00000000      -1.00000000       1.00000000     (  8.66129994E-04, -1.76951289E-03) ( -7.96280801E-04,  8.78935680E-05) ( -2.53319740E-03,  3.63215804E-03)
