   0.00000000       0.00000000      -2.00000000     (  1.06170774E-03,  2.51457095E-03) ( -2.01165676E-03,  1.37370080E-04) (  0.00000000    ,  0.00000000    )
   0.00000000       0.00000000      -1.00000000     (  1.84029341E-02, -3.42261046E-04) (  3.36021185E-02,  2.18302011E-02) (  0.00000000    ,  0.00000000    )
   0.00000000       1.00000000      -2.00000000     (  9.77888703E-04, -1.64436642E-05) ( -7.72997737E-04,  7.91624188E-04) ( -3.86498868E-04,  3.95812094E-04)
   0.00000000       1.00000000      -1.00000000     ( -1.48545951E-03,  2.95788050E-02) ( -5.17815351E-03, -2.63564289E-03) ( -5.17815351E-03, -2.63564289E-03)
   0.00000000       2.00000000      -1.00000000     ( -1.91852450E-03,  1.76951289E-04) (  1.01281330E-04,  5.72763383E-04) (  2.02562660E-04,  1.14552677E-03)
   0.00000000      -2.00000000      -1.00000000     (  1.86264515E-03,  7.91624188E-04) ( -7.07805157E-04, -2.81725079E-04) (  1.41561031E-03,  5.63450158E-04)
   0.00000000      -1.00000000      -2.00000000     ( -1.10827386E-03,  7.91624188E-04) ( -9.31322575E-04, -2.44472176E-04) (  4.65661287E-04,  1.22236088E-04)
   0.00000000      -1.00000000      -1.00000000     (  7.74860382E-03, -9.79751348E-03) ( -2.50525773E-03,  3.62284482E-03) (  2.50525773E-03, -3.62284482E-03)
   1.00000000       0.00000000      -2.00000000     ( -9.12696123E-04,  1.60653144E-04) ( -1.10827386E-03,  9.68575478E-04) ( -4.56348062E-04,  8.03265721E-05)
   1.00000000       0.00000000      -1.00000000     (  8.75443220E-03, -4.84287739E-03) ( -9.53674316E-03, -5.12227416E-05) (  8.75443220E-03, -4.84287739E-03)
   1.00000000       1.00000000      -2.00000000     ( -7.35744834E-04, -3.16649675E-04) (  8.10250640E-04, -2.10478902E-03) (  3.92901711E-05, -1.21071935E-03)
   1.00000000       1.00000000      -1.00000000     ( -1.50874257E-03,  1.12690032E-03) (  2.32830644E-03,  6.42612576E-04) (  8.10250640E-04,  1.76951289E-03)
   1.00000000       2.00000000      -1.00000000     (  3.81842256E-04,  2.25845724E-04) ( -6.75208867E-04, -6.79865479E-04) ( -9.68575478E-04, -1.13621354E-03)
   1.00000000      -2.00000000      -1.00000000     (  1.62050128E-03,  5.49480319E-04) (  1.00582838E-03,  6.23986125E-04) ( -3.91155481E-04, -6.98491931E-04)
   1.00000000      -1.00000000      -2.00000000     (  8.28877091E-04, -8.19563866E-04) (  1.27591193E-03, -5.40167093E-04) ( -2.21189111E-04, -1.38534233E-04)
   1.00000000      -1.00000000      -1.00000000     ( -1.14087015E-04,  1.80676579E-03) ( -1.41561031E-03,  8.66129994E-04) (  1.29453838E-03,  9.49949026E-04)
   2.00000000       0.00000000      -1.00000000     ( -4.98257577E-04, -2.88709998E-04) (  2.77068466E-04, -1.29221007E-04) ( -9.96515155E-04, -5.77419996E-04)
   2.00000000       1.00000000      -1.00000000     (  9.19681042E-05,  2.28174031E-04) (  1.04046194E-05,  6.92671165E-05) (  1.95577741E-04,  5.26197255E-04)
   2.00000000      -1.00000000      -1.00000000     (  3.09664756E-04,  6.75208867E-05) (  1.33179128E-03, -1.18277967E-03) ( -7.17118382E-04,  1.32247806E-03)
