   0.00000000       0.00000000       1.00000000     (  1.27032399E-02, -1.01327896E-02) (  4.21702862E-02, -1.16229057E-02) (  0.00000000    ,  0.00000000    )
   0.00000000       0.00000000       2.00000000     (  1.49011612E-04, -5.58793545E-05) ( -1.30385160E-04, -9.31322575E-06) (  0.00000000    ,  0.00000000    )
   0.00000000       1.00000000       0.00000000     ( -1.87661499E-03, -4.49828804E-03) (  0.00000000    ,  0.00000000    ) (  1.43423676E-02,  7.61821866E-03)
   0.00000000       1.00000000       1.00000000     (  8.73580575E-03,  7.43195415E-03) (  1.49011612E-03, -1.35973096E-03) ( -1.49011612E-03,  1.35973096E-03)
   0.00000000       1.00000000       2.00000000     (  3.72529030E-05, -5.58793545E-05) ( -3.72529030E-05,  2.79396772E-05) (  1.86264515E-05, -1.39698386E-05)
   0.00000000       2.00000000       0.00000000     (  7.45058060E-05,  5.58793545E-05) (  0.00000000    ,  0.00000000    ) ( -6.51925802E-05,  1.62981451E-05)
   0.00000000       2.00000000       1.00000000     (  1.11758709E-04, -2.32830644E-05) ( -2.32830644E-05, -2.32830644E-05) (  4.65661287E-05,  4.65661287E-05)
   0.00000000      -2.00000000       0.00000000     (  7.45058060E-05, -5.58793545E-05) (  0.00000000    ,  0.00000000    ) ( -6.51925802E-05, -1.62981451E-05)
   0.00000000      -2.00000000       1.00000000     ( -4.65661287E-05, -2.03726813E-06) ( -4.65661287E-05, -5.58793545E-05) ( -9.31322575E-05, -1.11758709E-04)
   0.00000000      -1.00000000       0.00000000     ( -1.87661499E-03,  4.49828804E-03) (  0.00000000    ,  0.00000000    ) (  1.43423676E-02, -7.61821866E-03)
   0.00000000      -1.00000000       1.00000000     ( -6.63101673E-03, -2.80141830E-02) ( -9.68575478E-03,  3.40864062E-03) ( -9.68575478E-03,  3.40864062E-03)
   0.00000000      -1.00000000       2.00000000     (  6.51925802E-05, -2.32830644E-05) (  3.25962901E-05, -1.86264515E-05) (  1.62981451E-05, -9.31322575E-06)
   1.00000000       0.00000000       0.00000000     (  0.00000000    ,  0.00000000    ) ( -3.13669443E-02,  2.27987766E-02) (  1.92224979E-02,  1.19674951E-03)
   1.00000000       0.00000000       1.00000000     ( -3.66941094E-03,  6.00703061E-04) ( -1.64657831E-02, -1.80304050E-02) (  3.66941094E-03, -6.00703061E-04)
   1.00000000       0.00000000       2.00000000     ( -9.31322575E-05, -4.65661287E-05) (  5.58793545E-05,  3.72529030E-05) (  4.65661287E-05,  2.32830644E-05)
   1.00000000       1.00000000       0.00000000     (  2.48663127E-03,  4.87081707E-03) ( -2.48663127E-03, -4.87081707E-03) ( -4.71249223E-03,  1.18464231E-02)
   1.00000000       1.00000000       1.00000000     (  4.65661287E-05,  5.58793545E-05) ( -1.49011612E-04,  1.74622983E-06) (  1.11758709E-04, -5.58793545E-05)
   1.00000000       1.00000000       2.00000000     ( -1.86264515E-04,  2.79396772E-05) (  6.51925802E-05,  9.31322575E-05) (  5.58793545E-05, -6.51925802E-05)
   1.00000000       2.00000000       0.00000000     ( -1.16415322E-05,  3.25962901E-05) (  5.82076609E-06, -1.62981451E-05) ( -6.51925802E-05, -7.27595761E-07)
   1.00000000       2.00000000       1.00000000     ( -1.39698386E-05,  2.32830644E-05) ( -3.72529030E-05,  4.65661287E-06) (  9.31322575E-05, -3.25962901E-05)
   1.00000000      -2.00000000       0.00000000     ( -1.16415322E-05,  4.65661287E-05) ( -5.82076609E-06,  2.32830644E-05) ( -4.65661287E-05, -9.31322575E-05)
   1.00000000      -2.00000000       1.00000000     ( -9.31322575E-05, -3.72529030E-05) ( -1.62981451E-05, -1.62981451E-05) (  5.58793545E-05,  6.98491931E-06)
   1.00000000      -1.00000000       0.00000000     (  8.24220479E-04, -5.01982868E-03) (  8.24220479E-04, -5.01982868E-03) ( -8.58679414E-03,  3.36766243E-02)
   1.00000000      -1.00000000       1.00000000     (  1.86264515E-04,  7.45058060E-05) (  4.65661287E-06, -1.49011612E-04) ( -1.86264515E-04, -2.23517418E-04)
   1.00000000      -1.00000000       2.00000000     ( -7.45058060E-05, -2.18278728E-07) ( -4.65661287E-05,  7.45058060E-05) (  1.86264515E-05,  3.72529030E-05)
   2.00000000       0.00000000       0.00000000     (  0.00000000    ,  0.00000000    ) (  4.65661287E-05,  1.30385160E-04) ( -5.58793545E-05, -4.07453626E-06)
   2.00000000       0.00000000       1.00000000     ( -1.39698386E-05,  4.07453626E-06) (  1.74622983E-06,  3.25962901E-05) (  2.79396772E-05, -8.14907253E-06)
   2.00000000       1.00000000       0.00000000     (  2.32830644E-05,  1.62981451E-05) ( -4.65661287E-05, -3.25962901E-05) (  1.16415322E-05,  5.58793545E-05)
   2.00000000       1.00000000       1.00000000     (  1.74622983E-06, -1.86264515E-05) ( -6.51925802E-05,  3.72529030E-05) (  5.58793545E-05, -5.82076609E-07)
   2.00000000      -1.00000000       0.00000000     ( -3.25962901E-05, -1.62981451E-05) ( -6.51925802E-05, -3.25962901E-05) ( -1.62981451E-05, -1.16415322E-05)
   2.00000000      -1.00000000       1.00000000     ( -1.62981451E-05, -6.51925802E-05) ( -4.65661287E-05, -5.58793545E-05) ( -1.39698386E-05,  9.31322575E-05)
