    0.000000        0.000000       -2.000000      (6.9476664E-03,1.5879050E-03)
   (6.1094761E-03,-4.7683716E-03)  (0.000000,0.000000)
    0.000000        0.000000       -1.000000      
 (2.1234155E-02,-1.1697412E-02)  (-8.6799264E-03,1.6614795E-02)  
 (0.000000,0.000000)
    0.000000        1.000000       -2.000000      
 (-1.3485551E-02,-1.9557774E-03)  (-2.5331974E-03,-1.1920929E-03)  
 (-1.2665987E-03,-5.9604645E-04)
    0.000000        1.000000       -1.000000      (6.4261258E-03,6.0163438E-03)
   (-1.8998981E-03,4.4517219E-03)  (-1.8998981E-03,4.4517219E-03)
    0.000000        2.000000       -1.000000      
 (-1.2740493E-02,1.1436641E-02)  (-3.8277358E-03,-1.1012889E-03)  
 (-7.6554716E-03,-2.2025779E-03)
    0.000000       -2.000000       -1.000000      (1.0281801E-02,3.0547380E-03)
   (-3.1315722E-04,1.9324943E-03)  (6.2631443E-04,-3.8649887E-03)
    0.000000       -1.000000       -2.000000      
 (-8.2142651E-03,2.5006011E-03)  (-5.1222742E-03,1.3830140E-03)  
 (2.5611371E-03,-6.9150701E-04)
    0.000000       -1.000000       -1.000000      
 (4.3027103E-03,-2.6728958E-03)  (6.1467290E-03,4.6566129E-03)  
 (-6.1467290E-03,-4.6566129E-03)
    1.000000        0.000000       -2.000000      (8.6240470E-03,2.7893111E-03)
   (-3.5576522E-03,4.7497451E-03)  (4.3120235E-03,1.3946556E-03)
    1.000000        0.000000       -1.000000      
 (3.8370490E-03,-7.0780516E-04)  (7.5250864E-03,-4.2282045E-03)  
 (3.8370490E-03,-7.0780516E-04)
    1.000000        1.000000       -2.000000      
 (-3.3061951E-03,-4.5518391E-04)  (-2.5797635E-03,-1.3485551E-02)  
 (-2.9429793E-03,-6.9662929E-03)
    1.000000        1.000000       -1.000000      
 (-8.2328916E-03,-1.2200326E-03)  (2.1792948E-03,-1.3783574E-03)  
 (-6.0535967E-03,-2.5983900E-03)
    1.000000        2.000000       -1.000000      
 (-9.0897083E-03,-3.8766302E-04)  (1.6018748E-03,2.8498471E-03)  
 (-5.8673322E-03,5.3178519E-03)
    1.000000       -2.000000       -1.000000      
 (2.7066562E-04,-4.5914203E-03)  (-8.3353370E-04,-1.7601997E-03)  
 (1.9371510E-03,-1.0756776E-03)
    1.000000       -1.000000       -2.000000      (4.9080700E-03,5.4715201E-04)
   (-4.2933971E-03,1.6996637E-03)  (4.6007335E-03,-5.7625584E-04)
    1.000000       -1.000000       -1.000000      
 (-1.0207295E-02,4.3027103E-03)  (-6.5751374E-03,4.4121407E-04)  
 (-3.6228448E-03,3.8649887E-03)
    2.000000        0.000000       -1.000000      (1.8207356E-03,4.3399632E-03)
   (7.1339309E-03,7.5995922E-03)  (3.6414713E-03,8.6799264E-03)
    2.000000        1.000000       -1.000000      
 (-9.6857548E-04,-1.7834827E-03)  (3.9860606E-03,-5.1409006E-03)  
 (2.0442531E-03,-8.6985528E-03)
    2.000000       -1.000000       -1.000000      
 (-1.6577542E-03,2.4354085E-03)  (2.6251655E-04,6.2957406E-03)  
 (-3.5762787E-03,-1.4225952E-03)
