   0.00000000       0.00000000       1.00000000     (  5.97909093E-03, -1.23679638E-02) (  3.47942114E-02, -3.54833901E-03) (  0.00000000    ,  0.00000000    )
   0.00000000       0.00000000       2.00000000     (  1.60187483E-03, -3.21306288E-04) ( -1.75088644E-03, -7.63684511E-04) (  0.00000000    ,  0.00000000    )
   0.00000000       1.00000000       0.00000000     (  2.71946192E-03, -4.11644578E-03) (  0.00000000    ,  0.00000000    ) (  1.61677599E-02,  8.17235559E-04)
   0.00000000       1.00000000       1.00000000     (  3.90224159E-03,  2.80328095E-03) (  3.68803740E-03, -1.19674951E-03) ( -3.68803740E-03,  1.19674951E-03)
   0.00000000       1.00000000       2.00000000     (  8.56816769E-04, -1.00582838E-03) ( -1.69966370E-04,  4.74974513E-04) (  8.49831849E-05, -2.37487257E-04)
   0.00000000       2.00000000       0.00000000     (  1.02445483E-03,  5.30853868E-04) (  0.00000000    ,  0.00000000    ) ( -4.48198989E-05,  4.47034836E-04)
   0.00000000       2.00000000       1.00000000     (  2.42143869E-04, -7.26431608E-04) ( -3.25962901E-05,  2.79396772E-05) (  6.51925802E-05, -5.58793545E-05)
   0.00000000      -2.00000000       0.00000000     (  1.02445483E-03, -5.30853868E-04) (  0.00000000    ,  0.00000000    ) ( -4.48198989E-05, -4.47034836E-04)
   0.00000000      -2.00000000       1.00000000     ( -5.96046448E-04,  6.23986125E-04) ( -4.84287739E-04, -3.53902578E-04) ( -9.68575478E-04, -7.07805157E-04)
   0.00000000      -1.00000000       0.00000000     (  2.71946192E-03,  4.11644578E-03) (  0.00000000    ,  0.00000000    ) (  1.61677599E-02, -8.17235559E-04)
   0.00000000      -1.00000000       1.00000000     ( -6.91041350E-03, -1.99675560E-02) ( -8.84756446E-03,  4.47034836E-03) ( -8.84756446E-03,  4.47034836E-03)
   0.00000000      -1.00000000       2.00000000     (  3.07336450E-04, -5.77419996E-04) (  7.17118382E-04,  3.60887498E-05) (  3.58559191E-04,  1.80443749E-05)
   1.00000000       0.00000000       0.00000000     (  0.00000000    ,  0.00000000    ) ( -3.09199095E-02,  1.73598528E-02) (  1.63540244E-02, -3.41795385E-03)
   1.00000000       0.00000000       1.00000000     ( -2.58907676E-03, -2.87545845E-04) ( -7.86036253E-03, -1.57952309E-02) (  2.58907676E-03,  2.87545845E-04)
   1.00000000       0.00000000       2.00000000     ( -9.87201929E-04, -7.17118382E-04) (  3.39932740E-04,  4.19095159E-04) (  4.93600965E-04,  3.58559191E-04)
   1.00000000       1.00000000       0.00000000     (  3.69735062E-03,  3.44589353E-03) ( -3.69735062E-03, -3.44589353E-03) (  1.36904418E-03,  1.08405948E-02)
   1.00000000       1.00000000       1.00000000     (  2.51457095E-04,  3.25962901E-04) ( -1.00582838E-03,  4.00468707E-04) (  7.45058060E-04, -7.26431608E-04)
   1.00000000       1.00000000       2.00000000     ( -1.22934580E-03,  1.60653144E-04) (  7.17118382E-04,  8.94069672E-04) (  2.56113708E-04, -5.21540642E-04)
   1.00000000       2.00000000       0.00000000     ( -1.28056854E-04,  8.94069672E-04) (  6.40284270E-05, -4.47034836E-04) ( -5.21540642E-04,  1.00408215E-05)
   1.00000000       2.00000000       1.00000000     (  3.91155481E-04,  4.93600965E-04) ( -2.88709998E-04, -1.58324838E-04) (  1.90921128E-04, -1.79279596E-04)
   1.00000000      -2.00000000       0.00000000     (  3.11993062E-04,  5.12227416E-04) (  1.55996531E-04,  2.56113708E-04) ( -5.30853868E-04, -5.21540642E-04)
   1.00000000      -2.00000000       1.00000000     ( -8.38190317E-04,  5.23868948E-05) ( -3.21306288E-04,  1.86264515E-04) (  1.81607902E-04,  3.21306288E-04)
   1.00000000      -1.00000000       0.00000000     (  2.23517418E-03, -2.42143869E-03) (  2.23517418E-03, -2.42143869E-03) ( -6.63101673E-03,  2.36928463E-02)
   1.00000000      -1.00000000       1.00000000     (  1.52736902E-03,  8.75443220E-04) (  7.71251507E-06, -1.49011612E-03) ( -1.52736902E-03, -2.38418579E-03)
   1.00000000      -1.00000000       2.00000000     ( -9.49949026E-04, -1.44354999E-04) (  1.18743628E-04,  3.21306288E-04) (  5.40167093E-04,  2.32830644E-04)
   2.00000000       0.00000000       0.00000000     (  0.00000000    ,  0.00000000    ) (  3.14321369E-05,  1.21071935E-03) ( -5.02914190E-04, -4.37721610E-04)
   2.00000000       0.00000000       1.00000000     ( -1.49011612E-04,  9.77888703E-05) ( -5.30853868E-04, -1.09430403E-04) (  2.98023224E-04, -1.95577741E-04)
   2.00000000       1.00000000       0.00000000     ( -2.09547579E-05, -3.25962901E-05) (  4.19095159E-05,  6.51925802E-05) (  2.28174031E-04,  2.60770321E-04)
   2.00000000       1.00000000       1.00000000     ( -8.73114914E-05, -3.55066732E-05) ( -4.74974513E-04,  4.28408384E-04) (  6.51925802E-04, -3.53902578E-04)
   2.00000000      -1.00000000       0.00000000     ( -4.93600965E-04, -3.81842256E-04) ( -9.87201929E-04, -7.63684511E-04) (  4.65661287E-04,  4.28408384E-04)
   2.00000000      -1.00000000       1.00000000     (  3.25962901E-05, -8.19563866E-04) ( -3.25962901E-04, -3.11993062E-04) ( -3.91155481E-04,  1.32247806E-03)
