   0.00000000       0.00000000       1.00000000     (  2.42888927E-02,  1.10641122E-02) (  7.17118382E-03, -2.77906656E-02) (  0.00000000    ,  0.00000000    )
   0.00000000       0.00000000       2.00000000     (  5.14090061E-03, -5.04776835E-03) ( -2.16066837E-03,  9.68575478E-04) (  0.00000000    ,  0.00000000    )
   0.00000000       1.00000000       0.00000000     ( -6.85453415E-03,  9.12696123E-03) (  0.00000000    ,  0.00000000    ) (  1.96043402E-03,  5.84404916E-04)
   0.00000000       1.00000000       1.00000000     (  3.79979610E-03, -5.19677997E-03) (  4.58210707E-03, -8.90344381E-03) ( -4.58210707E-03,  8.90344381E-03)
   0.00000000       1.00000000       2.00000000     ( -6.46337867E-03,  7.47386366E-04) ( -3.69735062E-03,  1.62981451E-04) (  1.84867531E-03, -8.14907253E-05)
   0.00000000       2.00000000       0.00000000     ( -3.68803740E-03, -4.91738319E-03) (  0.00000000    ,  0.00000000    ) ( -5.60656190E-03,  4.37721610E-04)
   0.00000000       2.00000000       1.00000000     (  2.24448740E-03,  4.91738319E-03) ( -2.33761966E-03, -1.66706741E-03) (  4.67523932E-03,  3.33413482E-03)
   0.00000000      -2.00000000       0.00000000     ( -3.68803740E-03,  4.91738319E-03) (  0.00000000    ,  0.00000000    ) ( -5.60656190E-03, -4.37721610E-04)
   0.00000000      -2.00000000       1.00000000     ( -9.79751348E-03,  1.89989805E-03) ( -1.51805580E-03,  1.46683306E-03) ( -3.03611159E-03,  2.93366611E-03)
   0.00000000      -1.00000000       0.00000000     ( -6.85453415E-03, -9.12696123E-03) (  0.00000000    ,  0.00000000    ) (  1.96043402E-03, -5.84404916E-04)
   0.00000000      -1.00000000       1.00000000     (  1.43051147E-02, -1.63167715E-02) ( -6.30971044E-04, -1.87661499E-03) ( -6.30971044E-04, -1.87661499E-03)
   0.00000000      -1.00000000       2.00000000     (  2.22353265E-04, -3.11061740E-03) (  6.58910722E-04, -1.01048499E-03) (  3.29455361E-04, -5.05242497E-04)
   1.00000000       0.00000000       0.00000000     (  0.00000000    ,  0.00000000    ) ( -1.63167715E-02,  6.55651093E-03) (  2.72691250E-02,  2.26497650E-02)
   1.00000000       0.00000000       1.00000000     (  3.96743417E-03, -2.82190740E-03) ( -2.79396772E-02,  1.50874257E-02) ( -3.96743417E-03,  2.82190740E-03)
   1.00000000       0.00000000       2.00000000     (  1.26659870E-03,  3.04542482E-03) (  7.59959221E-03,  3.27825546E-03) ( -6.33299351E-04, -1.52271241E-03)
   1.00000000       1.00000000       0.00000000     (  5.56930900E-03,  3.75322998E-03) ( -5.56930900E-03, -3.75322998E-03) ( -8.53091478E-03,  5.47617674E-03)
   1.00000000       1.00000000       1.00000000     ( -3.46451998E-03, -9.49949026E-04) (  2.11410224E-03,  3.13157216E-04) (  1.34576112E-03,  6.37955964E-04)
   1.00000000       1.00000000       2.00000000     ( -9.87201929E-04, -2.55182385E-03) ( -4.93600965E-03, -7.86967576E-04) (  2.96160579E-03,  1.66706741E-03)
   1.00000000       2.00000000       0.00000000     ( -1.65309757E-03,  6.07222319E-03) (  8.26548785E-04, -3.03611159E-03) ( -1.25262886E-03,  5.10364771E-03)
   1.00000000       2.00000000       1.00000000     (  6.14672899E-03,  2.17929482E-03) ( -3.93018126E-03, -2.57045031E-03) (  1.71829015E-03,  2.97091901E-03)
   1.00000000      -2.00000000       0.00000000     (  4.15602699E-04, -3.07336450E-03) (  2.07801349E-04, -1.53668225E-03) ( -9.38307494E-04,  2.94297934E-03)
   1.00000000      -2.00000000       1.00000000     ( -1.25728548E-03,  1.46683306E-03) ( -1.57859176E-03,  2.27242708E-03) ( -1.89989805E-03,  3.07336450E-03)
   1.00000000      -1.00000000       0.00000000     ( -6.18398190E-03, -9.57399607E-03) ( -6.18398190E-03, -9.57399607E-03) ( -5.75557351E-03,  6.05359674E-03)
   1.00000000      -1.00000000       1.00000000     (  3.10130417E-03,  5.84870577E-03) ( -1.70432031E-03,  3.52039933E-03) ( -4.80562449E-03, -2.31899321E-03)
   1.00000000      -1.00000000       2.00000000     (  3.40864062E-03,  4.52622771E-03) (  5.83007932E-03,  3.71597707E-03) (  1.21537596E-03, -4.08617780E-04)
   2.00000000       0.00000000       0.00000000     (  0.00000000    ,  0.00000000    ) (  8.56816769E-03, -3.05473804E-03) ( -4.76837158E-03,  1.07102096E-03)
   2.00000000       0.00000000       1.00000000     ( -2.34693289E-03, -2.41212547E-03) (  1.53202564E-03,  7.78585672E-03) (  4.69386578E-03,  4.82425094E-03)
   2.00000000       1.00000000       0.00000000     ( -2.59838998E-03,  5.07570803E-04) (  5.19677997E-03, -1.01514161E-03) ( -4.72937245E-05, -8.60542059E-03)
   2.00000000       1.00000000       1.00000000     (  6.98491931E-04,  3.06405127E-03) ( -2.54251063E-03, -5.43892384E-03) (  1.14087015E-03, -6.89178705E-04)
   2.00000000      -1.00000000       0.00000000     (  1.70432031E-03,  1.37370080E-03) (  3.40864062E-03,  2.74740160E-03) ( -1.54250301E-04,  1.56462193E-03)
   2.00000000      -1.00000000       1.00000000     ( -2.83122063E-03,  8.80099833E-04) ( -1.94646418E-03, -1.33644789E-03) (  3.70666385E-03, -3.10130417E-03)
