   0.00000000       0.00000000       1.00000000     (  5.77419996E-03, -1.22562051E-02) (  3.42726707E-02, -3.31550837E-03) (  0.00000000    ,  0.00000000    )
   0.00000000       0.00000000       2.00000000     (  1.67638063E-03, -3.30619514E-04) ( -1.86264515E-03, -8.38190317E-04) (  0.00000000    ,  0.00000000    )
   0.00000000       1.00000000       0.00000000     (  2.79396772E-03, -4.06056643E-03) (  0.00000000    ,  0.00000000    ) (  1.60932541E-02,  6.54254109E-04)
   0.00000000       1.00000000       1.00000000     (  3.70666385E-03,  2.67289579E-03) (  3.70666385E-03, -1.19209290E-03) ( -3.70666385E-03,  1.19209290E-03)
   0.00000000       1.00000000       2.00000000     (  9.12696123E-04, -1.06170774E-03) ( -1.74622983E-04,  5.12227416E-04) (  8.73114914E-05, -2.56113708E-04)
   0.00000000       2.00000000       0.00000000     (  1.08033419E-03,  5.77419996E-04) (  0.00000000    ,  0.00000000    ) ( -4.13274392E-05,  4.74974513E-04)
   0.00000000       2.00000000       1.00000000     (  2.28174031E-04, -7.82310963E-04) ( -3.49245965E-05,  4.36557457E-05) (  6.98491931E-05, -8.73114914E-05)
   0.00000000      -2.00000000       0.00000000     (  1.08033419E-03, -5.77419996E-04) (  0.00000000    ,  0.00000000    ) ( -4.13274392E-05, -4.74974513E-04)
   0.00000000      -2.00000000       1.00000000     ( -6.23986125E-04,  6.70552254E-04) ( -5.02914190E-04, -3.63215804E-04) ( -1.00582838E-03, -7.26431608E-04)
   0.00000000      -1.00000000       0.00000000     (  2.79396772E-03,  4.06056643E-03) (  0.00000000    ,  0.00000000    ) (  1.60932541E-02, -6.54254109E-04)
   0.00000000      -1.00000000       1.00000000     ( -6.87316060E-03, -1.95950270E-02) ( -8.73580575E-03,  4.48897481E-03) ( -8.73580575E-03,  4.48897481E-03)
   0.00000000      -1.00000000       2.00000000     (  3.07336450E-04, -6.14672899E-04) (  7.54371285E-04,  4.48198989E-05) (  3.77185643E-04,  2.24099495E-05)
   1.00000000       0.00000000       0.00000000     (  0.00000000    ,  0.00000000    ) ( -3.05473804E-02,  1.70245767E-02) (  1.61677599E-02, -3.46451998E-03)
   1.00000000       0.00000000       1.00000000     ( -2.54251063E-03, -3.24798748E-04) ( -7.58096576E-03, -1.55717134E-02) (  2.54251063E-03,  3.24798748E-04)
   1.00000000       0.00000000       2.00000000     ( -1.04308128E-03, -7.54371285E-04) (  3.44589353E-04,  4.37721610E-04) (  5.21540642E-04,  3.77185643E-04)
   1.00000000       1.00000000       0.00000000     (  3.66009772E-03,  3.36207449E-03) ( -3.66009772E-03, -3.36207449E-03) (  1.53202564E-03,  1.07660890E-02)
   1.00000000       1.00000000       1.00000000     (  2.46800482E-04,  3.30619514E-04) ( -1.02445483E-03,  4.37721610E-04) (  7.72997737E-04, -7.63684511E-04)
   1.00000000       1.00000000       2.00000000     ( -1.26659870E-03,  1.62981451E-04) (  7.54371285E-04,  9.31322575E-04) (  2.60770321E-04, -5.40167093E-04)
   1.00000000       2.00000000       0.00000000     ( -1.23400241E-04,  9.49949026E-04) (  6.17001206E-05, -4.74974513E-04) ( -5.58793545E-04,  2.32830644E-05)
   1.00000000       2.00000000       1.00000000     (  4.19095159E-04,  5.21540642E-04) ( -2.98023224E-04, -1.67638063E-04) (  1.76951289E-04, -1.86264515E-04)
   1.00000000      -2.00000000       0.00000000     (  3.30619514E-04,  5.30853868E-04) (  1.65309757E-04,  2.65426934E-04) ( -5.58793545E-04, -5.30853868E-04)
   1.00000000      -2.00000000       1.00000000     ( -8.56816769E-04,  6.05359674E-05) ( -3.39932740E-04,  2.00234354E-04) (  1.83936208E-04,  3.44589353E-04)
   1.00000000      -1.00000000       0.00000000     (  2.26311386E-03, -2.30967999E-03) (  2.26311386E-03, -2.30967999E-03) ( -6.53788447E-03,  2.31713057E-02)
   1.00000000      -1.00000000       1.00000000     (  1.56462193E-03,  9.12696123E-04) (  2.69210432E-06, -1.56462193E-03) ( -1.56462193E-03, -2.49594450E-03)
   1.00000000      -1.00000000       2.00000000     ( -1.02445483E-03, -1.60653144E-04) (  1.42026693E-04,  3.21306288E-04) (  5.77419996E-04,  2.42143869E-04)
   2.00000000       0.00000000       0.00000000     (  0.00000000    ,  0.00000000    ) (  1.80443749E-05,  1.28522515E-03) ( -5.21540642E-04, -4.65661287E-04)
   2.00000000       0.00000000       1.00000000     ( -1.58324838E-04,  1.04773790E-04) ( -5.68106771E-04, -1.28056854E-04) (  3.16649675E-04, -2.09547579E-04)
   2.00000000       1.00000000       0.00000000     ( -2.61934474E-05, -4.01632860E-05) (  5.23868948E-05,  8.03265721E-05) (  2.37487257E-04,  2.74740160E-04)
   2.00000000       1.00000000       1.00000000     ( -9.31322575E-05, -3.31783667E-05) ( -4.93600965E-04,  4.47034836E-04) (  6.79865479E-04, -3.77185643E-04)
   2.00000000      -1.00000000       0.00000000     ( -5.21540642E-04, -4.09781933E-04) ( -1.04308128E-03, -8.19563866E-04) (  4.93600965E-04,  4.74974513E-04)
   2.00000000      -1.00000000       1.00000000     (  4.36557457E-05, -8.56816769E-04) ( -3.39932740E-04, -3.11993062E-04) ( -4.28408384E-04,  1.39698386E-03)
