   0.00000000       0.00000000       1.00000000     (  2.36183405E-02,  1.10268593E-02) (  5.43892384E-03, -2.63750553E-02) (  0.00000000    ,  0.00000000    )
   0.00000000       0.00000000       2.00000000     (  6.18398190E-03, -5.45755029E-03) ( -1.59256160E-03,  1.32713467E-03) (  0.00000000    ,  0.00000000    )
   0.00000000       1.00000000       0.00000000     ( -5.69969416E-03,  9.76026058E-03) (  0.00000000    ,  0.00000000    ) (  1.80676579E-03, -2.81725079E-04)
   0.00000000       1.00000000       1.00000000     (  3.39932740E-03, -5.02914190E-03) (  5.08502126E-03, -8.38190317E-03) ( -5.08502126E-03,  8.38190317E-03)
   0.00000000       1.00000000       2.00000000     ( -7.37607479E-03,  3.00351530E-04) ( -4.91738319E-03,  2.87545845E-04) (  2.45869160E-03, -1.43772922E-04)
   0.00000000       2.00000000       0.00000000     ( -3.37138772E-03, -6.16535544E-03) (  0.00000000    ,  0.00000000    ) ( -6.42612576E-03,  3.62051651E-04)
   0.00000000       2.00000000       1.00000000     (  2.96160579E-03,  4.95463610E-03) ( -2.50525773E-03, -2.05822289E-03) (  5.01051545E-03,  4.11644578E-03)
   0.00000000      -2.00000000       0.00000000     ( -3.37138772E-03,  6.16535544E-03) (  0.00000000    ,  0.00000000    ) ( -6.42612576E-03, -3.62051651E-04)
   0.00000000      -2.00000000       1.00000000     ( -1.05053186E-02,  1.32713467E-03) ( -1.54133886E-03,  1.57859176E-03) ( -3.08267772E-03,  3.15718353E-03)
   0.00000000      -1.00000000       0.00000000     ( -5.69969416E-03, -9.76026058E-03) (  0.00000000    ,  0.00000000    ) (  1.80676579E-03,  2.81725079E-04)
   0.00000000      -1.00000000       1.00000000     (  1.34110451E-02, -1.54227018E-02) ( -1.07102096E-03, -1.98837370E-03) ( -1.07102096E-03, -1.98837370E-03)
   0.00000000      -1.00000000       2.00000000     ( -2.49710865E-04, -3.22237611E-03) (  7.52042979E-04, -6.22821972E-05) (  3.76021490E-04, -3.11410986E-05)
   1.00000000       0.00000000       0.00000000     (  0.00000000    ,  0.00000000    ) ( -1.69128180E-02,  6.14672899E-03) (  2.62260437E-02,  2.16811895E-02)
   1.00000000       0.00000000       1.00000000     (  3.52039933E-03, -3.09199095E-03) ( -2.68220901E-02,  1.50874257E-02) ( -3.52039933E-03,  3.09199095E-03)
   1.00000000       0.00000000       2.00000000     (  1.21071935E-03,  3.26894224E-03) (  7.80448318E-03,  3.66009772E-03) ( -6.05359674E-04, -1.63447112E-03)
   1.00000000       1.00000000       0.00000000     (  5.43892384E-03,  3.12924385E-03) ( -5.43892384E-03, -3.12924385E-03) ( -8.10250640E-03,  4.76837158E-03)
   1.00000000       1.00000000       1.00000000     ( -3.97674739E-03, -5.01750037E-04) (  2.62632966E-03,  1.40862539E-04) (  1.35041773E-03,  3.60887498E-04)
   1.00000000       1.00000000       2.00000000     ( -1.47614628E-03, -2.95229256E-03) ( -5.68106771E-03, -1.46217644E-03) (  3.57627869E-03,  2.20723450E-03)
   1.00000000       2.00000000       0.00000000     ( -1.91386789E-03,  6.57513738E-03) (  9.56933945E-04, -3.28756869E-03) ( -1.57393515E-03,  7.00354576E-03)
   1.00000000       2.00000000       1.00000000     (  7.05942512E-03,  2.66358256E-03) ( -3.97674739E-03, -2.92435288E-03) (  8.91741365E-04,  3.19443643E-03)
   1.00000000      -2.00000000       0.00000000     (  4.05125320E-04, -3.45520675E-03) (  2.02562660E-04, -1.72760338E-03) ( -9.45292413E-04,  3.09199095E-03)
   1.00000000      -2.00000000       1.00000000     ( -1.69035047E-03,  1.15018338E-03) ( -1.97906047E-03,  2.04890966E-03) ( -2.27242708E-03,  2.94297934E-03)
   1.00000000      -1.00000000       0.00000000     ( -6.18398190E-03, -8.19563866E-03) ( -6.18398190E-03, -8.19563866E-03) ( -5.17815351E-03,  5.47617674E-03)
   1.00000000      -1.00000000       1.00000000     (  4.29339707E-03,  7.43195415E-03) ( -1.15949661E-03,  5.25265932E-03) ( -5.45755029E-03, -2.17929482E-03)
   1.00000000      -1.00000000       2.00000000     (  4.20026481E-03,  5.60656190E-03) (  7.15255737E-03,  3.99537385E-03) (  1.47148967E-03, -8.03265721E-04)
   2.00000000       0.00000000       0.00000000     (  0.00000000    ,  0.00000000    ) (  1.01700425E-02, -4.23751771E-03) ( -5.28991222E-03,  1.94646418E-03)
   2.00000000       0.00000000       1.00000000     ( -3.22237611E-03, -2.50525773E-03) (  2.10944563E-03,  9.61124897E-03) (  6.44475222E-03,  5.01051545E-03)
   2.00000000       1.00000000       0.00000000     ( -2.78465450E-03,  7.38073140E-04) (  5.56930900E-03, -1.47614628E-03) ( -2.28756107E-04, -9.53674316E-03)
   2.00000000       1.00000000       1.00000000     (  1.14087015E-03,  3.77185643E-03) ( -3.65078449E-03, -6.57513738E-03) (  1.36904418E-03, -9.66247171E-04)
   2.00000000      -1.00000000       0.00000000     (  1.93249434E-03,  1.15018338E-03) (  3.86498868E-03,  2.30036676E-03) ( -9.60426405E-05,  1.60653144E-03)
   2.00000000      -1.00000000       1.00000000     ( -3.25031579E-03,  9.52277333E-04) ( -2.23517418E-03, -1.76019967E-03) (  4.26545739E-03, -3.66941094E-03)
