   0.00000000       0.00000000      -2.00000000     (  4.09781933E-04,  5.02914190E-04) ( -5.02914190E-04, -6.75208867E-05) (  0.00000000    ,  0.00000000    )
   0.00000000       0.00000000      -1.00000000     (  1.62795186E-02,  4.16301191E-03) (  3.89665365E-02,  1.76206231E-02) (  0.00000000    ,  0.00000000    )
   0.00000000       1.00000000      -2.00000000     (  3.35276127E-04,  1.51339918E-05) (  1.90993887E-07,  1.76951289E-04) (  9.54969437E-08,  8.84756446E-05)
   0.00000000       1.00000000      -1.00000000     ( -4.34927642E-03,  3.06218863E-02) ( -7.63684511E-03, -2.19792128E-03) ( -7.63684511E-03, -2.19792128E-03)
   0.00000000       2.00000000      -1.00000000     ( -1.76951289E-04,  9.77888703E-05) ( -2.21189111E-05,  2.32830644E-04) ( -4.42378223E-05,  4.65661287E-04)
   0.00000000      -2.00000000      -1.00000000     (  5.96046448E-04,  1.67638063E-04) ( -1.76951289E-04,  3.02679837E-05) (  3.53902578E-04, -6.05359674E-05)
   0.00000000      -1.00000000      -2.00000000     ( -8.84756446E-05,  2.23517418E-04) ( -1.86264515E-04, -9.31322575E-05) (  9.31322575E-05,  4.65661287E-05)
   0.00000000      -1.00000000      -1.00000000     (  8.82893801E-03, -1.05053186E-02) ( -1.23865902E-03,  2.09547579E-03) (  1.23865902E-03, -2.09547579E-03)
   1.00000000       0.00000000      -2.00000000     ( -2.70083547E-04, -1.16415322E-04) ( -1.07102096E-04,  4.09781933E-04) ( -1.35041773E-04, -5.82076609E-05)
   1.00000000       0.00000000      -1.00000000     (  9.61124897E-03, -5.38304448E-03) ( -1.00210309E-02,  5.77419996E-03) (  9.61124897E-03, -5.38304448E-03)
   1.00000000       1.00000000      -2.00000000     ( -1.21071935E-04,  1.92085281E-05) (  1.39698386E-04, -4.47034836E-04) (  1.01863407E-05, -2.14204192E-04)
   1.00000000       1.00000000      -1.00000000     ( -6.14672899E-04,  6.51925802E-04) (  4.65661287E-04, -1.67638063E-04) ( -1.53668225E-04,  4.84287739E-04)
   1.00000000       2.00000000      -1.00000000     (  9.77888703E-05, -3.16649675E-04) ( -9.77888703E-05,  6.28642738E-05) ( -1.02445483E-04, -1.95577741E-04)
   1.00000000      -2.00000000      -1.00000000     (  2.79396772E-04,  6.75208867E-05) (  2.42143869E-04,  1.11758709E-04) ( -2.14204192E-04, -1.53668225E-04)
   1.00000000      -1.00000000      -2.00000000     (  2.04890966E-04, -2.60770321E-04) (  1.49011612E-04, -1.35041773E-04) (  2.56113708E-05, -6.05359674E-05)
   1.00000000      -1.00000000      -1.00000000     (  1.62981451E-05,  3.91155481E-04) ( -2.51457095E-04,  2.88709998E-04) (  2.70083547E-04,  1.07102096E-04)
   2.00000000       0.00000000      -1.00000000     ( -1.62981451E-04, -6.98491931E-05) (  2.51457095E-04, -2.42143869E-04) ( -3.25962901E-04, -1.39698386E-04)
   2.00000000       1.00000000      -1.00000000     (  1.76951289E-04,  8.14907253E-05) ( -2.23517418E-04,  3.25962901E-04) (  1.39698386E-04,  4.84287739E-04)
   2.00000000      -1.00000000      -1.00000000     (  1.25728548E-04,  4.65661287E-05) (  2.04890966E-04, -1.62981451E-04) (  4.88944352E-05,  2.51457095E-04)
