   0.00000000       0.00000000       1.00000000     (  2.72691250E-02,  6.53788447E-03) (  3.05473804E-02, -3.33040953E-02) (  0.00000000    ,  0.00000000    )
   0.00000000       0.00000000       2.00000000     ( -2.70083547E-04,  2.64495611E-03) (  2.10478902E-03,  9.87201929E-04) (  0.00000000    ,  0.00000000    )
   0.00000000       1.00000000       0.00000000     ( -2.00420618E-02,  2.65426934E-04) (  0.00000000    ,  0.00000000    ) (  4.15369868E-03,  1.54227018E-02)
   0.00000000       1.00000000       1.00000000     (  8.43778253E-03,  5.83007932E-03) ( -2.14669853E-03, -9.48086381E-03) (  2.14669853E-03,  9.48086381E-03)
   0.00000000       1.00000000       2.00000000     (  2.21654773E-03, -1.42026693E-04) (  8.19563866E-04, -5.91389835E-04) ( -4.09781933E-04,  2.95694917E-04)
   0.00000000       2.00000000       0.00000000     ( -3.78349796E-05, -1.60187483E-03) (  0.00000000    ,  0.00000000    ) (  2.03028321E-03, -2.71946192E-03)
   0.00000000       2.00000000       1.00000000     ( -1.09896064E-03, -9.40635800E-04) (  9.03382897E-04, -2.86381692E-04) ( -1.80676579E-03,  5.72763383E-04)
   0.00000000      -2.00000000       0.00000000     ( -3.78349796E-05,  1.60187483E-03) (  0.00000000    ,  0.00000000    ) (  2.03028321E-03,  2.71946192E-03)
   0.00000000      -2.00000000       1.00000000     (  3.79979610E-03, -5.68106771E-04) (  7.17118382E-04, -4.47034836E-04) (  1.43423676E-03, -8.94069672E-04)
   0.00000000      -1.00000000       0.00000000     ( -2.00420618E-02, -2.65426934E-04) (  0.00000000    ,  0.00000000    ) (  4.15369868E-03, -1.54227018E-02)
   0.00000000      -1.00000000       1.00000000     (  6.85453415E-03, -3.01748514E-02) ( -1.33877620E-03,  2.87778676E-03) ( -1.33877620E-03,  2.87778676E-03)
   0.00000000      -1.00000000       2.00000000     (  2.72411853E-04,  4.98257577E-04) ( -1.99361239E-05,  9.96515155E-04) ( -9.96806193E-06,  4.98257577E-04)
   1.00000000       0.00000000       0.00000000     (  0.00000000    ,  0.00000000    ) ( -1.39698386E-02,  1.53109431E-02) (  3.54647636E-02,  2.57045031E-02)
   1.00000000       0.00000000       1.00000000     (  3.38070095E-03, -3.96743417E-03) ( -3.68058681E-02,  3.86498868E-03) ( -3.38070095E-03,  3.96743417E-03)
   1.00000000       0.00000000       2.00000000     ( -3.77185643E-04, -1.56462193E-03) ( -2.16066837E-03, -1.60187483E-03) (  1.88592821E-04,  7.82310963E-04)
   1.00000000       1.00000000       0.00000000     (  4.85219061E-03,  5.83007932E-03) ( -4.85219061E-03, -5.83007932E-03) ( -1.08219683E-02,  1.24797225E-02)
   1.00000000       1.00000000       1.00000000     ( -1.03376806E-03,  1.58324838E-03) (  1.80676579E-03, -8.61473382E-05) ( -7.72997737E-04, -1.50874257E-03)
   1.00000000       1.00000000       2.00000000     (  8.75443220E-04,  2.49128789E-04) (  7.39237294E-05, -1.45519152E-04) ( -4.74974513E-04, -5.18048182E-05)
   1.00000000       2.00000000       0.00000000     (  8.84756446E-04, -1.15483999E-03) ( -4.42378223E-04,  5.77419996E-04) ( -1.75088644E-03,  4.42378223E-04)
   1.00000000       2.00000000       1.00000000     ( -2.53319740E-03, -2.51457095E-04) (  1.86264515E-03,  5.35510480E-04) ( -1.18277967E-03, -8.19563866E-04)
   1.00000000      -2.00000000       0.00000000     (  5.02914190E-04,  1.43423676E-03) (  2.51457095E-04,  7.17118382E-04) (  1.35041773E-03,  1.13621354E-03)
   1.00000000      -2.00000000       1.00000000     (  5.54136932E-04, -1.71363354E-03) (  3.30619514E-04, -1.30385160E-03) (  1.07102096E-04, -8.84756446E-04)
   1.00000000      -1.00000000       0.00000000     ( -2.03493983E-03, -1.56834722E-02) ( -2.03493983E-03, -1.56834722E-02) ( -1.40815973E-02,  1.92224979E-02)
   1.00000000      -1.00000000       1.00000000     ( -1.47148967E-03, -3.63215804E-04) (  1.18277967E-03,  2.94297934E-03) (  2.64495611E-03,  3.31550837E-03)
   1.00000000      -1.00000000       2.00000000     (  1.76951289E-03, -2.08616257E-03) (  5.26197255E-04, -5.68106771E-04) ( -6.14672899E-04,  7.63684511E-04)
   2.00000000       0.00000000       0.00000000     (  0.00000000    ,  0.00000000    ) ( -2.42143869E-03, -1.99303031E-03) (  1.30385160E-03, -1.52736902E-03)
   2.00000000       0.00000000       1.00000000     ( -7.72997737E-04,  1.23865902E-03) ( -3.25962901E-04, -1.30385160E-03) (  1.54599547E-03, -2.47731805E-03)
   2.00000000       1.00000000       0.00000000     (  7.72997737E-04, -6.51925802E-04) ( -1.54599547E-03,  1.30385160E-03) (  4.88944352E-04, -2.51457095E-04)
   2.00000000       1.00000000       1.00000000     (  4.04543243E-05, -3.28291208E-04) ( -1.06170774E-03,  2.44006515E-03) (  9.77888703E-04, -1.78813934E-03)
   2.00000000      -1.00000000       0.00000000     (  4.14438546E-04, -1.14552677E-03) (  8.28877091E-04, -2.29105353E-03) (  4.88944352E-04, -1.05239451E-03)
   2.00000000      -1.00000000       1.00000000     (  1.26659870E-03, -2.96859071E-05) (  2.21654773E-03, -2.42143869E-04) ( -3.30619514E-04, -1.83936208E-04)
