   0.00000000       0.00000000       1.00000000     ( -3.58559191E-04, -1.14366412E-02) (  2.14576721E-02,  5.56930900E-03) (  0.00000000    ,  0.00000000    )
   0.00000000       0.00000000       2.00000000     (  7.89761543E-03, -2.88709998E-03) ( -1.15856528E-02, -5.25265932E-03) (  0.00000000    ,  0.00000000    )
   0.00000000       1.00000000       0.00000000     (  6.46337867E-03, -8.24220479E-04) (  0.00000000    ,  0.00000000    ) (  1.44541264E-02, -5.58793545E-03)
   0.00000000       1.00000000       1.00000000     ( -5.88595867E-03, -2.80328095E-03) (  4.07919288E-03, -1.28056854E-03) ( -4.07919288E-03,  1.28056854E-03)
   0.00000000       1.00000000       2.00000000     (  5.32716513E-03, -3.91155481E-03) ( -3.44589353E-03,  1.92783773E-03) (  1.72294676E-03, -9.63918865E-04)
   0.00000000       2.00000000       0.00000000     ( -1.41095370E-03,  6.18398190E-03) (  0.00000000    ,  0.00000000    ) ( -7.17118382E-04,  2.04890966E-04)
   0.00000000       2.00000000       1.00000000     ( -1.47265382E-04, -2.52388418E-03) ( -1.38767064E-03,  1.03376806E-03) (  2.77534127E-03, -2.06753612E-03)
   0.00000000      -2.00000000       0.00000000     ( -1.41095370E-03, -6.18398190E-03) (  0.00000000    ,  0.00000000    ) ( -7.17118382E-04, -2.04890966E-04)
   0.00000000      -2.00000000       1.00000000     (  2.08616257E-03,  5.87897375E-05) ( -7.26431608E-04,  1.31549314E-04) ( -1.45286322E-03,  2.63098627E-04)
   0.00000000      -1.00000000       0.00000000     (  6.46337867E-03,  8.24220479E-04) (  0.00000000    ,  0.00000000    ) (  1.44541264E-02,  5.58793545E-03)
   0.00000000      -1.00000000       1.00000000     ( -8.38190317E-03, -1.14738941E-02) ( -5.66244125E-03,  6.09084964E-03) ( -5.66244125E-03,  6.09084964E-03)
   0.00000000      -1.00000000       2.00000000     ( -1.86264515E-03, -2.63564289E-03) (  4.40049917E-04,  2.97091901E-03) (  2.20024958E-04,  1.48545951E-03)
   1.00000000       0.00000000       0.00000000     (  0.00000000    ,  0.00000000    ) ( -2.60025263E-02,  6.55651093E-03) (  1.65402889E-02, -4.82425094E-03)
   1.00000000       0.00000000       1.00000000     ( -1.56462193E-03, -2.25380063E-03) (  2.93366611E-03, -6.89178705E-03) (  1.56462193E-03,  2.25380063E-03)
   1.00000000       0.00000000       2.00000000     ( -3.74391675E-03, -1.45751983E-03) ( -1.15483999E-03,  3.27825546E-03) (  1.87195837E-03,  7.28759915E-04)
   1.00000000       1.00000000       0.00000000     (  6.79865479E-04,  2.03726813E-04) ( -6.79865479E-04, -2.03726813E-04) (  6.83590770E-03,  1.39325857E-02)
   1.00000000       1.00000000       1.00000000     ( -4.41446900E-03, -8.42846930E-04) (  2.15135515E-03,  3.76254320E-03) (  2.26311386E-03, -2.91503966E-03)
   1.00000000       1.00000000       2.00000000     ( -7.82310963E-04,  1.15949661E-03) (  2.44937837E-03,  1.18743628E-03) ( -8.33533704E-04, -1.17346644E-03)
   1.00000000       2.00000000       0.00000000     ( -5.96046448E-04,  1.95577741E-04) (  2.98023224E-04, -9.77888703E-05) ( -1.22003257E-03, -1.49942935E-03)
   1.00000000       2.00000000       1.00000000     (  2.55182385E-03,  5.52972779E-05) ( -1.00117177E-03, -1.80443749E-04) ( -5.49480319E-04,  3.06172296E-04)
   1.00000000      -2.00000000       0.00000000     ( -1.26194209E-03, -4.39467840E-05) ( -6.30971044E-04, -2.19733920E-05) ( -1.43889338E-03,  3.27825546E-03)
   1.00000000      -2.00000000       1.00000000     ( -2.53785402E-04, -7.00820237E-04) (  1.08964741E-03, -5.63450158E-04) (  2.43075192E-03, -4.28408384E-04)
   1.00000000      -1.00000000       0.00000000     (  6.40749931E-03,  1.93715096E-03) (  6.40749931E-03,  1.93715096E-03) ( -2.80328095E-03,  2.98954546E-03)
   1.00000000      -1.00000000       1.00000000     ( -1.15483999E-03,  3.57627869E-03) ( -1.05239451E-03, -3.55765224E-03) (  1.04191713E-04, -7.15255737E-03)
   1.00000000      -1.00000000       2.00000000     ( -4.20957804E-03, -1.27591193E-03) (  1.86264515E-03,  1.73225999E-03) (  3.03611159E-03,  1.50874257E-03)
   2.00000000       0.00000000       0.00000000     (  0.00000000    ,  0.00000000    ) ( -2.57976353E-03,  3.12924385E-03) (  1.39698386E-03, -2.84984708E-03)
   2.00000000       0.00000000       1.00000000     ( -1.18277967E-03,  1.15018338E-03) ( -1.39232725E-03, -4.02331352E-03) (  2.36555934E-03, -2.30036676E-03)
   2.00000000       1.00000000       0.00000000     ( -1.17812306E-03, -1.38767064E-03) (  2.35624611E-03,  2.77534127E-03) ( -1.70548446E-04,  3.83704901E-03)
   2.00000000       1.00000000       1.00000000     ( -8.38190317E-04,  4.42378223E-04) (  1.75787136E-04,  1.01979822E-03) (  1.49942935E-03, -1.89989805E-03)
   2.00000000      -1.00000000       0.00000000     ( -2.37487257E-03, -1.08964741E-03) ( -4.74974513E-03, -2.17929482E-03) (  9.26665962E-04,  5.04776835E-03)
   2.00000000      -1.00000000       1.00000000     (  2.25380063E-03, -2.57277861E-04) ( -1.11758709E-03,  8.66129994E-04) ( -5.62518835E-03,  1.38301402E-03)
