    0.000000        0.000000       -2.000000      (7.0407987E-03,1.6065314E-03)
   (6.1094761E-03,-4.7404319E-03)  (0.000000,0.000000)
    0.000000        0.000000       -1.000000      
 (2.1234155E-02,-1.1697412E-02)  (-8.5309148E-03,1.6614795E-02)  
 (0.000000,0.000000)
    0.000000        1.000000       -2.000000      
 (-1.3485551E-02,-2.0535663E-03)  (-2.4866313E-03,-1.3760291E-03)  
 (-1.2433156E-03,-6.8801455E-04)
    0.000000        1.000000       -1.000000      (6.3888729E-03,6.1094761E-03)
   (-1.9371510E-03,4.4144690E-03)  (-1.9371510E-03,4.4144690E-03)
    0.000000        2.000000       -1.000000      
 (-1.2777746E-02,1.1436641E-02)  (-3.8649887E-03,-1.1175871E-03)  
 (-7.7299774E-03,-2.2351742E-03)
    0.000000       -2.000000       -1.000000      (1.0412186E-02,3.0826777E-03)
   (-2.8987415E-04,1.9697472E-03)  (5.7974830E-04,-3.9394945E-03)
    0.000000       -1.000000       -2.000000      
 (-8.2328916E-03,2.5145710E-03)  (-5.2526593E-03,1.3178214E-03)  
 (2.6263297E-03,-6.5891072E-04)
    0.000000       -1.000000       -1.000000      
 (4.2654574E-03,-2.5331974E-03)  (6.1839819E-03,4.6938658E-03)  
 (-6.1839819E-03,-4.6938658E-03)
    1.000000        0.000000       -2.000000      (8.6426735E-03,2.8312206E-03)
   (-3.4645200E-03,4.8801303E-03)  (4.3213367E-03,1.4156103E-03)
    1.000000        0.000000       -1.000000      
 (3.8370490E-03,-6.8219379E-04)  (7.5995922E-03,-4.1350722E-03)  
 (3.8370490E-03,-6.8219379E-04)
    1.000000        1.000000       -2.000000      
 (-3.2782555E-03,-5.5646524E-04)  (-2.4680048E-03,-1.3522804E-02)  
 (-2.8684735E-03,-7.0407987E-03)
    1.000000        1.000000       -1.000000      
 (-8.2701445E-03,-1.3899989E-03)  (2.1979213E-03,-1.3480894E-03)  
 (-6.0535967E-03,-2.7380884E-03)
    1.000000        2.000000       -1.000000      
 (-9.1642141E-03,-5.1106326E-04)  (1.6437843E-03,2.8591603E-03)  
 (-5.8859587E-03,5.2060932E-03)
    1.000000       -2.000000       -1.000000      
 (1.8218998E-04,-4.7404319E-03)  (-8.8242814E-04,-1.8486753E-03)  
 (1.9464642E-03,-1.0477379E-03)
    1.000000       -1.000000       -2.000000      (4.9360096E-03,6.3679181E-04)
   (-4.2933971E-03,1.7508864E-03)  (4.6100467E-03,-5.5646524E-04)
    1.000000       -1.000000       -1.000000      
 (-1.0207295E-02,4.2468309E-03)  (-6.6868961E-03,4.5867637E-04)  
 (-3.5297126E-03,3.7904829E-03)
    2.000000        0.000000       -1.000000      (1.7369166E-03,4.3958426E-03)
   (6.8917871E-03,7.6182187E-03)  (3.4738332E-03,8.7916851E-03)
    2.000000        1.000000       -1.000000      
 (-9.2200935E-04,-1.7276034E-03)  (4.0326267E-03,-5.2712858E-03)  
 (2.1886081E-03,-8.7171793E-03)
    2.000000       -1.000000       -1.000000      
 (-1.6856939E-03,2.3934990E-03)  (2.7008355E-04,6.2957406E-03)  
 (-3.6414713E-03,-1.5087426E-03)
