   0.00000000       0.00000000      -2.00000000     ( -1.49011612E-04, -1.49011612E-04) (  1.67638063E-04,  1.86264515E-05) (  0.00000000    ,  0.00000000    )
   0.00000000       0.00000000      -1.00000000     (  1.57579780E-02,  5.62518835E-03) (  4.03821468E-02,  1.64285302E-02) (  0.00000000    ,  0.00000000    )
   0.00000000       1.00000000      -2.00000000     ( -1.11758709E-04, -8.14907253E-06) ( -1.39698386E-05, -5.12227416E-05) ( -6.98491931E-06, -2.56113708E-05)
   0.00000000       1.00000000      -1.00000000     ( -5.04776835E-03,  3.05473804E-02) ( -8.25151801E-03, -2.39349902E-03) ( -8.25151801E-03, -2.39349902E-03)
   0.00000000       2.00000000      -1.00000000     (  5.12227416E-05, -3.25962901E-05) (  2.32830644E-05, -8.38190317E-05) (  4.65661287E-05, -1.67638063E-04)
   0.00000000      -2.00000000      -1.00000000     ( -2.04890966E-04, -4.65661287E-05) (  5.58793545E-05, -2.09547579E-05) ( -1.11758709E-04,  4.19095159E-05)
   0.00000000      -1.00000000      -2.00000000     (  8.14907253E-06, -7.45058060E-05) (  6.51925802E-05,  3.72529030E-05) ( -3.25962901E-05, -1.86264515E-05)
   0.00000000      -1.00000000      -1.00000000     (  9.08970833E-03, -1.02072954E-02) ( -6.68223947E-04,  1.87661499E-03) (  6.68223947E-04, -1.87661499E-03)
   1.00000000       0.00000000      -2.00000000     (  9.31322575E-05,  5.12227416E-05) (  2.09547579E-05, -1.49011612E-04) (  4.65661287E-05,  2.56113708E-05)
   1.00000000       0.00000000      -1.00000000     (  1.00582838E-02, -5.47617674E-03) ( -9.87201929E-03,  8.02800059E-03) (  1.00582838E-02, -5.47617674E-03)
   1.00000000       1.00000000      -2.00000000     (  2.56113708E-05, -2.32830644E-05) ( -3.25962901E-05,  1.30385160E-04) ( -4.65661287E-06,  5.58793545E-05)
   1.00000000       1.00000000      -1.00000000     (  2.23517418E-04, -2.60770321E-04) ( -1.30385160E-04,  8.38190317E-05) (  9.31322575E-05, -1.67638063E-04)
   1.00000000       2.00000000      -1.00000000     ( -2.56113708E-05,  1.11758709E-04) (  2.56113708E-05, -3.72529030E-05) (  2.56113708E-05,  4.65661287E-05)
   1.00000000      -2.00000000      -1.00000000     ( -8.38190317E-05, -1.28056854E-05) ( -8.38190317E-05, -2.79396772E-05) (  8.38190317E-05,  4.19095159E-05)
   1.00000000      -1.00000000      -2.00000000     ( -7.45058060E-05,  8.38190317E-05) ( -3.72529030E-05,  3.72529030E-05) ( -1.62981451E-05,  2.56113708E-05)
   1.00000000      -1.00000000      -1.00000000     ( -2.03726813E-06, -1.11758709E-04) (  8.38190317E-05, -9.31322575E-05) ( -8.38190317E-05, -2.56113708E-05)
   2.00000000       0.00000000      -1.00000000     (  6.51925802E-05,  2.09547579E-05) ( -9.31322575E-05,  9.31322575E-05) (  1.30385160E-04,  4.19095159E-05)
   2.00000000       1.00000000      -1.00000000     ( -6.51925802E-05, -2.09547579E-05) (  8.38190317E-05, -1.30385160E-04) ( -3.72529030E-05, -1.67638063E-04)
   2.00000000      -1.00000000      -1.00000000     ( -5.12227416E-05, -1.86264515E-05) ( -6.51925802E-05,  3.72529030E-05) ( -3.72529030E-05, -7.45058060E-05)
