   0.00000000       0.00000000      -2.00000000     (  7.33882189E-03,  2.94297934E-03) ( -1.06543303E-02,  4.56348062E-03) (  0.00000000    ,  0.00000000    )
   0.00000000       0.00000000      -1.00000000     ( -6.54254109E-04,  1.18464231E-02) (  2.15321779E-02, -6.31436706E-03) (  0.00000000    ,  0.00000000    )
   0.00000000       1.00000000      -2.00000000     ( -1.70432031E-03,  2.29105353E-03) (  1.21071935E-04, -2.79396772E-03) (  6.05359674E-05, -1.39698386E-03)
   0.00000000       1.00000000      -1.00000000     ( -8.94069672E-03,  1.16229057E-02) ( -5.81145287E-03, -6.27711415E-03) ( -5.81145287E-03, -6.27711415E-03)
   0.00000000       2.00000000      -1.00000000     (  1.96509063E-03,  2.72411853E-04) ( -7.82310963E-04, -7.88713805E-05) ( -1.56462193E-03, -1.57742761E-04)
   0.00000000      -2.00000000      -1.00000000     (  1.14087015E-04,  1.57393515E-03) ( -1.10361725E-03, -8.19563866E-04) (  2.20723450E-03,  1.63912773E-03)
   0.00000000      -1.00000000      -2.00000000     (  4.71249223E-03,  3.25962901E-03) ( -3.42726707E-03, -1.72294676E-03) (  1.71363354E-03,  8.61473382E-04)
   0.00000000      -1.00000000      -1.00000000     ( -6.91041350E-03,  3.33413482E-03) (  4.09781933E-03,  1.31316483E-03) ( -4.09781933E-03, -1.31316483E-03)
   1.00000000       0.00000000      -2.00000000     ( -1.52736902E-03, -1.08499080E-03) ( -2.00234354E-04,  5.06639481E-03) ( -7.63684511E-04, -5.42495400E-04)
   1.00000000       0.00000000      -1.00000000     (  1.07288361E-02, -5.94183803E-03) ( -3.87430191E-03,  3.18884850E-02) (  1.07288361E-02, -5.94183803E-03)
   1.00000000       1.00000000      -2.00000000     (  8.28877091E-04,  1.83470547E-03) ( -2.83122063E-03, -7.86967576E-04) ( -1.00117177E-03,  5.26197255E-04)
   1.00000000       1.00000000      -1.00000000     (  2.67289579E-03,  5.21540642E-03) ( -3.39932740E-04, -3.31550837E-03) (  2.32830644E-03,  1.89989805E-03)
   1.00000000       2.00000000      -1.00000000     (  1.89989805E-03,  1.73225999E-03) (  1.23982318E-04,  8.61473382E-05) (  2.15135515E-03,  1.89989805E-03)
   1.00000000      -2.00000000      -1.00000000     (  8.75443220E-04,  2.79396772E-03) (  1.64145604E-04,  8.52160156E-04) (  5.47152013E-04,  1.08499080E-03)
   1.00000000      -1.00000000      -2.00000000     ( -4.84287739E-04, -5.23403287E-03) ( -8.47503543E-04,  2.79396772E-03) (  1.80443749E-04, -4.02331352E-03)
   1.00000000      -1.00000000      -1.00000000     ( -2.44006515E-03,  5.96046448E-04) ( -2.47731805E-03, -4.69386578E-03) (  3.37604433E-05,  5.28991222E-03)
   2.00000000       0.00000000      -1.00000000     ( -1.34576112E-03, -4.63332981E-04) ( -4.61935997E-03,  4.47034836E-04) ( -2.69152224E-03, -9.26665962E-04)
   2.00000000       1.00000000      -1.00000000     (  1.96509063E-03,  1.91852450E-03) ( -3.20374966E-03, -2.88709998E-03) (  7.40401447E-04,  9.68575478E-04)
   2.00000000      -1.00000000      -1.00000000     ( -6.76664058E-06, -1.02445483E-03) (  6.10016286E-04, -1.54832378E-04) ( -6.23986125E-04, -1.89989805E-03)
