   0.00000000       0.00000000       1.00000000     (  1.62050128E-03, -1.11013651E-02) (  2.48104334E-02,  1.90921128E-03) (  0.00000000    ,  0.00000000    )
   0.00000000       0.00000000       2.00000000     (  6.25848770E-03, -1.26194209E-03) ( -8.75443220E-03, -4.95463610E-03) (  0.00000000    ,  0.00000000    )
   0.00000000       1.00000000       0.00000000     (  4.69386578E-03, -2.92435288E-03) (  0.00000000    ,  0.00000000    ) (  1.46031380E-02, -2.85916030E-03)
   0.00000000       1.00000000       1.00000000     ( -1.12224370E-03, -3.64379957E-04) (  4.11644578E-03, -1.25262886E-03) ( -4.11644578E-03,  1.25262886E-03)
   0.00000000       1.00000000       2.00000000     (  4.58210707E-03, -4.41446900E-03) ( -1.26659870E-03,  2.37487257E-03) (  6.33299351E-04, -1.18743628E-03)
   0.00000000       2.00000000       0.00000000     (  1.22468919E-03,  5.14090061E-03) (  0.00000000    ,  0.00000000    ) ( -6.23986125E-04,  2.37487257E-03)
   0.00000000       2.00000000       1.00000000     ( -1.01048499E-03, -4.43309546E-03) ( -9.26665962E-04,  1.41561031E-03) (  1.85333192E-03, -2.83122063E-03)
   0.00000000      -2.00000000       0.00000000     (  1.22468919E-03, -5.14090061E-03) (  0.00000000    ,  0.00000000    ) ( -6.23986125E-04, -2.37487257E-03)
   0.00000000      -2.00000000       1.00000000     ( -5.16884029E-04,  1.62050128E-03) ( -9.73232090E-04, -3.59432306E-05) ( -1.94646418E-03, -7.18864612E-05)
   0.00000000      -1.00000000       0.00000000     (  4.69386578E-03,  2.92435288E-03) (  0.00000000    ,  0.00000000    ) (  1.46031380E-02,  2.85916030E-03)
   0.00000000      -1.00000000       1.00000000     ( -6.98491931E-03, -1.30385160E-02) ( -6.63101673E-03,  5.34579158E-03) ( -6.63101673E-03,  5.34579158E-03)
   0.00000000      -1.00000000       2.00000000     ( -8.14907253E-04, -2.77534127E-03) (  1.94646418E-03,  1.22468919E-03) (  9.73232090E-04,  6.12344593E-04)
   1.00000000       0.00000000       0.00000000     (  0.00000000    ,  0.00000000    ) ( -2.56299973E-02,  9.94652510E-03) (  1.43796206E-02, -4.30271029E-03)
   1.00000000       0.00000000       1.00000000     ( -1.64844096E-03, -1.42492354E-03) ( -1.44354999E-03, -1.01327896E-02) (  1.64844096E-03,  1.42492354E-03)
   1.00000000       0.00000000       2.00000000     ( -3.57627869E-03, -1.76019967E-03) ( -1.37952156E-04,  1.73225999E-03) (  1.78813934E-03,  8.80099833E-04)
   1.00000000       1.00000000       0.00000000     (  2.24448740E-03,  1.53202564E-03) ( -2.24448740E-03, -1.53202564E-03) (  5.28991222E-03,  1.12503767E-02)
   1.00000000       1.00000000       1.00000000     ( -1.48080289E-03, -2.37487257E-04) ( -3.70200723E-04,  3.11061740E-03) (  1.85333192E-03, -2.86847353E-03)
   1.00000000       1.00000000       2.00000000     ( -2.94297934E-03,  7.07805157E-04) (  2.45869160E-03,  1.83470547E-03) (  2.44472176E-04, -1.26659870E-03)
   1.00000000       2.00000000       0.00000000     (  4.35393304E-04,  2.39349902E-03) ( -2.17696652E-04, -1.19674951E-03) ( -2.56113708E-03,  6.47269189E-04)
   1.00000000       2.00000000       1.00000000     (  2.62632966E-03,  1.31782144E-03) ( -8.84756446E-04, -4.93600965E-04) ( -8.56816769E-04, -3.30619514E-04)
   1.00000000      -2.00000000       0.00000000     (  8.24220479E-04,  8.10250640E-04) (  4.12110239E-04,  4.05125320E-04) ( -2.16998160E-03,  1.35973096E-03)
   1.00000000      -2.00000000       1.00000000     ( -1.68569386E-03,  4.35393304E-04) ( -1.68220140E-04,  6.44940883E-04) (  1.34576112E-03,  8.52160156E-04)
   1.00000000      -1.00000000       0.00000000     (  3.72529030E-03,  1.80443749E-04) (  3.72529030E-03,  1.80443749E-04) ( -4.30271029E-03,  1.09896064E-02)
   1.00000000      -1.00000000       1.00000000     (  2.39349902E-03,  3.39001417E-03) ( -4.07453626E-04, -4.56348062E-03) ( -2.81259418E-03, -7.97212124E-03)
   1.00000000      -1.00000000       2.00000000     ( -4.63798642E-03, -1.32713467E-03) (  1.56462193E-03,  4.07453626E-04) (  3.11061740E-03,  8.66129994E-04)
   2.00000000       0.00000000       0.00000000     (  0.00000000    ,  0.00000000    ) ( -1.51805580E-03,  3.85567546E-03) ( -8.80099833E-04, -1.99303031E-03)
   2.00000000       0.00000000       1.00000000     ( -7.68341124E-04,  7.68341124E-04) ( -2.55182385E-03, -2.11410224E-03) (  1.53668225E-03, -1.53668225E-03)
   2.00000000       1.00000000       0.00000000     ( -5.37838787E-04, -8.52160156E-04) (  1.07567757E-03,  1.70432031E-03) (  7.26431608E-04,  2.12341547E-03)
   2.00000000       1.00000000       1.00000000     ( -4.63332981E-04,  1.74622983E-04) ( -8.52160156E-04,  1.02911144E-03) (  1.77882612E-03, -1.37835741E-03)
   2.00000000      -1.00000000       0.00000000     ( -2.31899321E-03, -1.27125531E-03) ( -4.63798642E-03, -2.54251063E-03) (  1.63912773E-03,  4.65661287E-03)
   2.00000000      -1.00000000       1.00000000     (  1.35973096E-03, -1.88127160E-03) ( -1.03842467E-03,  2.82889232E-04) ( -3.76254320E-03,  4.04193997E-03)
