   0.00000000       0.00000000       1.00000000     (  2.77161598E-02,  8.86619091E-03) (  2.36183405E-02, -3.41981649E-02) (  0.00000000    ,  0.00000000    )
   0.00000000       0.00000000       2.00000000     (  2.46800482E-04, -1.13621354E-03) ( -8.94069672E-04, -3.16649675E-04) (  0.00000000    ,  0.00000000    )
   0.00000000       1.00000000       0.00000000     ( -1.76206231E-02,  2.31433660E-03) (  0.00000000    ,  0.00000000    ) (  3.39932740E-03,  1.09896064E-02)
   0.00000000       1.00000000       1.00000000     (  7.95349479E-03,  9.05711204E-04) ( -3.44007276E-04, -1.08219683E-02) (  3.44007276E-04,  1.08219683E-02)
   0.00000000       1.00000000       2.00000000     ( -1.11758709E-03,  3.35276127E-04) ( -2.46800482E-04,  1.53668225E-04) (  1.23400241E-04, -7.68341124E-05)
   0.00000000       2.00000000       0.00000000     ( -4.47034836E-04,  2.23517418E-04) (  0.00000000    ,  0.00000000    ) ( -6.89178705E-04,  8.38190317E-04)
   0.00000000       2.00000000       1.00000000     (  4.47034836E-04,  7.63684511E-04) ( -3.63215804E-04, -4.07453626E-05) (  7.26431608E-04,  8.14907253E-05)
   0.00000000      -2.00000000       0.00000000     ( -4.47034836E-04, -2.23517418E-04) (  0.00000000    ,  0.00000000    ) ( -6.89178705E-04, -8.38190317E-04)
   0.00000000      -2.00000000       1.00000000     ( -1.93715096E-03,  3.63215804E-04) ( -4.00468707E-04,  2.88709998E-04) ( -8.00937414E-04,  5.77419996E-04)
   0.00000000      -1.00000000       0.00000000     ( -1.76206231E-02, -2.31433660E-03) (  0.00000000    ,  0.00000000    ) (  3.39932740E-03, -1.09896064E-02)
   0.00000000      -1.00000000       1.00000000     (  1.20699406E-02, -2.51084566E-02) (  5.28525561E-04,  1.17346644E-03) (  5.28525561E-04,  1.17346644E-03)
   0.00000000      -1.00000000       2.00000000     ( -1.46683306E-04, -2.98023224E-04) (  2.23517418E-04, -5.40167093E-04) (  1.11758709E-04, -2.70083547E-04)
   1.00000000       0.00000000       0.00000000     (  0.00000000    ,  0.00000000    ) ( -1.30757689E-02,  1.22189522E-02) (  3.45706940E-02,  2.77906656E-02)
   1.00000000       0.00000000       1.00000000     (  4.89875674E-03, -3.17580998E-03) ( -3.61353159E-02,  9.57399607E-03) ( -4.89875674E-03,  3.17580998E-03)
   1.00000000       0.00000000       2.00000000     (  2.88709998E-04,  5.96046448E-04) (  1.30385160E-03,  7.26431608E-04) ( -1.44354999E-04, -2.98023224E-04)
   1.00000000       1.00000000       0.00000000     (  6.25848770E-03,  7.09667802E-03) ( -6.25848770E-03, -7.09667802E-03) ( -1.02445483E-02,  1.07102096E-02)
   1.00000000       1.00000000       1.00000000     (  1.00117177E-04, -6.89178705E-04) ( -4.37721610E-04,  9.08039510E-05) (  3.35276127E-04,  5.96046448E-04)
   1.00000000       1.00000000       2.00000000     ( -1.58324838E-04, -1.53668225E-04) ( -3.25962901E-04,  1.07102096E-04) (  2.42143869E-04,  2.21189111E-05)
   1.00000000       2.00000000       0.00000000     ( -4.84287739E-04,  8.19563866E-04) (  2.42143869E-04, -4.09781933E-04) (  4.65661287E-04, -3.44589353E-04)
   1.00000000       2.00000000       1.00000000     (  1.04308128E-03, -2.44472176E-05) ( -9.12696123E-04, -2.42143869E-04) (  7.82310963E-04,  5.02914190E-04)
   1.00000000      -2.00000000       0.00000000     ( -6.86850399E-05, -6.33299351E-04) ( -3.43425199E-05, -3.16649675E-04) ( -5.86733222E-04, -9.31322575E-05)
   1.00000000      -2.00000000       1.00000000     ( -1.32713467E-04,  9.12696123E-04) ( -1.72294676E-04,  7.45058060E-04) ( -2.14204192E-04,  5.68106771E-04)
   1.00000000      -1.00000000       0.00000000     ( -3.25962901E-03, -1.65402889E-02) ( -3.25962901E-03, -1.65402889E-02) ( -1.19581819E-02,  1.39698386E-02)
   1.00000000      -1.00000000       1.00000000     (  4.37721610E-04,  1.72294676E-04) ( -5.96046448E-04, -9.31322575E-04) ( -1.02445483E-03, -1.09896064E-03)
   1.00000000      -1.00000000       2.00000000     ( -2.37487257E-04,  6.33299351E-04) ( -2.44472176E-05,  2.88709998E-04) (  1.04773790E-04, -1.76951289E-04)
   2.00000000       0.00000000       0.00000000     (  0.00000000    ,  0.00000000    ) (  1.08033419E-03,  4.09781933E-04) ( -6.51925802E-04,  2.14204192E-04)
   2.00000000       0.00000000       1.00000000     (  2.23517418E-04, -4.56348062E-04) (  1.16415322E-04,  5.86733222E-04) ( -4.47034836E-04,  9.12696123E-04)
   2.00000000       1.00000000       0.00000000     ( -4.65661287E-04,  1.21071935E-04) (  9.31322575E-04, -2.42143869E-04) ( -6.40284270E-06, -6.33299351E-04)
   2.00000000       1.00000000       1.00000000     ( -1.30385160E-04,  1.86264515E-04) (  4.47034836E-04, -8.75443220E-04) ( -1.81607902E-04,  4.93600965E-04)
   2.00000000      -1.00000000       0.00000000     ( -6.98491931E-05,  4.65661287E-04) ( -1.39698386E-04,  9.31322575E-04) ( -9.08039510E-05,  5.02914190E-04)
   2.00000000      -1.00000000       1.00000000     ( -6.14672899E-04,  1.57160684E-05) ( -7.63684511E-04,  3.55066732E-05) (  4.74974513E-04,  4.07453626E-06)
