   0.00000000       0.00000000      -2.00000000     (  7.71135092E-03,  2.90572643E-03) ( -1.12503767E-02,  5.02914190E-03) (  0.00000000    ,  0.00000000    )
   0.00000000       0.00000000      -1.00000000     ( -4.49363142E-04,  1.14738941E-02) (  2.13086605E-02, -5.77419996E-03) (  0.00000000    ,  0.00000000    )
   0.00000000       1.00000000      -2.00000000     ( -1.81607902E-03,  2.51457095E-03) (  3.30619514E-04, -2.92435288E-03) (  1.65309757E-04, -1.46217644E-03)
   0.00000000       1.00000000      -1.00000000     ( -8.49366188E-03,  1.14366412E-02) ( -5.66244125E-03, -6.10947609E-03) ( -5.66244125E-03, -6.10947609E-03)
   0.00000000       2.00000000      -1.00000000     (  2.05822289E-03,  5.38420863E-05) ( -7.40401447E-04, -1.12922862E-04) ( -1.48080289E-03, -2.25845724E-04)
   0.00000000      -2.00000000      -1.00000000     ( -5.76255843E-05,  2.20723450E-03) ( -1.29453838E-03, -9.54605639E-04) (  2.58907676E-03,  1.90921128E-03)
   0.00000000      -1.00000000      -2.00000000     (  5.10364771E-03,  3.68803740E-03) ( -3.44589353E-03, -1.85333192E-03) (  1.72294676E-03,  9.26665962E-04)
   0.00000000      -1.00000000      -1.00000000     ( -6.14672899E-03,  2.94297934E-03) (  4.06056643E-03,  1.28056854E-03) ( -4.06056643E-03, -1.28056854E-03)
   1.00000000       0.00000000      -2.00000000     ( -1.65775418E-03, -1.18277967E-03) ( -1.14087015E-04,  5.47617674E-03) ( -8.28877091E-04, -5.91389835E-04)
   1.00000000       0.00000000      -1.00000000     (  1.03190541E-02, -5.83007932E-03) ( -3.81842256E-03,  3.05473804E-02) (  1.03190541E-02, -5.83007932E-03)
   1.00000000       1.00000000      -2.00000000     (  1.07567757E-03,  2.09547579E-03) ( -3.46451998E-03, -7.49714673E-04) ( -1.19209290E-03,  6.75208867E-04)
   1.00000000       1.00000000      -1.00000000     (  2.71014869E-03,  5.81145287E-03) ( -6.21657819E-04, -3.78116965E-03) (  2.08616257E-03,  2.02096999E-03)
   1.00000000       2.00000000      -1.00000000     (  2.11410224E-03,  1.67638063E-03) (  5.87897375E-05,  1.07102096E-04) (  2.23517418E-03,  1.89058483E-03)
   1.00000000      -2.00000000      -1.00000000     (  8.52160156E-04,  2.66358256E-03) (  1.30967237E-04,  7.45058060E-04) (  5.89061528E-04,  1.17346644E-03)
   1.00000000      -1.00000000      -2.00000000     ( -7.19446689E-04, -5.38304448E-03) ( -8.89413059E-04,  3.11061740E-03) (  8.49831849E-05, -4.24683094E-03)
   1.00000000      -1.00000000      -1.00000000     ( -2.37487257E-03,  5.58793545E-04) ( -2.44937837E-03, -4.76837158E-03) (  6.83940016E-05,  5.32716513E-03)
   2.00000000       0.00000000      -1.00000000     ( -1.46217644E-03, -3.81842256E-04) ( -4.50760126E-03,  2.66591087E-04) ( -2.92435288E-03, -7.63684511E-04)
   2.00000000       1.00000000      -1.00000000     (  1.90921128E-03,  1.79745257E-03) ( -3.44589353E-03, -2.96160579E-03) (  3.88827175E-04,  6.26314431E-04)
   2.00000000      -1.00000000      -1.00000000     (  1.77533366E-04, -9.87201929E-04) (  9.31322575E-04,  3.65253072E-05) ( -5.75091690E-04, -2.01165676E-03)
