   0.00000000       0.00000000      -2.00000000     ( -1.95577741E-04, -1.67638063E-03) (  1.32247806E-03, -5.96046448E-04) (  0.00000000    ,  0.00000000    )
   0.00000000       0.00000000      -1.00000000     (  2.75671482E-02, -7.35744834E-03) (  2.83122063E-02,  3.38256359E-02) (  0.00000000    ,  0.00000000    )
   0.00000000       1.00000000      -2.00000000     (  2.46800482E-04, -3.63215804E-04) ( -1.42026693E-04, -6.89178705E-04) ( -7.10133463E-05, -3.44589353E-04)
   0.00000000       1.00000000      -1.00000000     (  8.62404704E-03,  2.85357237E-02) ( -6.11180440E-04, -2.36090273E-03) ( -6.11180440E-04, -2.36090273E-03)
   0.00000000       2.00000000      -1.00000000     (  2.53319740E-03,  4.00468707E-04) (  5.02914190E-04,  3.49245965E-04) (  1.00582838E-03,  6.98491931E-04)
   0.00000000      -2.00000000      -1.00000000     ( -6.61239028E-04,  7.72997737E-04) (  5.49480319E-04,  1.03609636E-04) ( -1.09896064E-03, -2.07219273E-04)
   0.00000000      -1.00000000      -2.00000000     (  1.49011612E-03,  2.28174031E-04) (  4.47034836E-04,  3.35276127E-04) ( -2.23517418E-04, -1.67638063E-04)
   0.00000000      -1.00000000      -1.00000000     (  8.34465027E-03, -4.27477062E-03) ( -1.62981451E-03,  1.00769103E-02) (  1.62981451E-03, -1.00769103E-02)
   1.00000000       0.00000000      -2.00000000     (  8.38190317E-04, -7.07805157E-04) (  8.38190317E-04, -8.56816769E-04) (  4.19095159E-04, -3.53902578E-04)
   1.00000000       0.00000000      -1.00000000     (  9.14558768E-03, -3.21306288E-03) ( -8.73580575E-03, -3.30619514E-03) (  9.14558768E-03, -3.21306288E-03)
   1.00000000       1.00000000      -2.00000000     (  9.49949026E-04, -2.04890966E-04) ( -5.18048182E-05,  1.06170774E-03) (  4.47034836E-04,  4.23751771E-04)
   1.00000000       1.00000000      -1.00000000     (  5.86733222E-04,  4.65661287E-06) ( -1.09896064E-03, -5.86733222E-04) ( -5.02914190E-04, -5.86733222E-04)
   1.00000000       2.00000000      -1.00000000     ( -8.03265721E-05, -5.12227416E-04) (  3.07336450E-04, -1.60653144E-04) (  5.30853868E-04, -8.38190317E-04)
   1.00000000      -2.00000000      -1.00000000     ( -8.47503543E-04, -2.32830644E-04) ( -6.23986125E-04, -6.70552254E-04) (  4.05125320E-04,  1.09896064E-03)
   1.00000000      -1.00000000      -2.00000000     ( -2.70083547E-04,  8.19563866E-04) (  9.89530236E-05,  7.68341124E-05) ( -1.83936208E-04,  3.72529030E-04)
   1.00000000      -1.00000000      -1.00000000     (  5.02914190E-04, -7.26431608E-04) (  1.13621354E-03, -2.32830644E-04) ( -6.33299351E-04, -4.93600965E-04)
   2.00000000       0.00000000      -1.00000000     (  4.93600965E-04,  1.53668225E-04) (  9.31322575E-05, -1.21071935E-04) (  9.87201929E-04,  3.07336450E-04)
   2.00000000       1.00000000      -1.00000000     (  5.21540642E-04,  2.28174031E-04) ( -8.56816769E-04,  4.56348062E-04) (  1.74622983E-04,  9.12696123E-04)
   2.00000000      -1.00000000      -1.00000000     (  6.75208867E-05, -2.42143869E-04) ( -5.02914190E-04,  6.33299351E-04) (  6.33299351E-04, -1.11758709E-03)
