   0.00000000       0.00000000      -2.00000000     (  7.45058060E-05,  2.79396772E-05) ( -5.58793545E-05,  3.49245965E-06) (  0.00000000    ,  0.00000000    )
   0.00000000       0.00000000      -1.00000000     (  1.29640102E-02,  9.92789865E-03) (  4.23192978E-02,  1.19581819E-02) (  0.00000000    ,  0.00000000    )
   0.00000000       1.00000000      -2.00000000     (  2.79396772E-05,  9.31322575E-06) (  1.86264515E-05,  9.31322575E-06) (  9.31322575E-06,  4.65661287E-06)
   0.00000000       1.00000000      -1.00000000     ( -6.57513738E-03,  2.83867121E-02) ( -9.66712832E-03, -3.36207449E-03) ( -9.66712832E-03, -3.36207449E-03)
   0.00000000       2.00000000      -1.00000000     ( -1.86264515E-05,  2.32830644E-06) ( -1.86264515E-05,  2.79396772E-05) ( -3.72529030E-05,  5.58793545E-05)
   0.00000000      -2.00000000      -1.00000000     (  5.58793545E-05,  1.39698386E-05) ( -1.39698386E-05,  1.39698386E-05) (  2.79396772E-05, -2.79396772E-05)
   0.00000000      -1.00000000      -2.00000000     (  1.86264515E-05,  2.79396772E-05) ( -1.86264515E-05, -1.39698386E-05) (  9.31322575E-06,  6.98491931E-06)
   0.00000000      -1.00000000      -1.00000000     (  8.84756446E-03, -7.67409801E-03) (  1.36438757E-03,  1.38301402E-03) ( -1.36438757E-03, -1.38301402E-03)
   1.00000000       0.00000000      -2.00000000     ( -3.72529030E-05, -1.86264515E-05) (  1.39698386E-05,  7.45058060E-05) ( -1.86264515E-05, -9.31322575E-06)
   1.00000000       0.00000000      -1.00000000     (  1.14366412E-02, -5.71832061E-03) ( -8.67992640E-03,  1.58324838E-02) (  1.14366412E-02, -5.71832061E-03)
   1.00000000       1.00000000      -2.00000000     (  6.98491931E-06,  2.79396772E-05) ( -4.65661287E-06, -3.72529030E-05) (  4.36557457E-07, -6.98491931E-06)
   1.00000000       1.00000000      -1.00000000     ( -7.45058060E-05,  1.11758709E-04) (  1.39698386E-05, -5.58793545E-05) ( -5.58793545E-05,  5.58793545E-05)
   1.00000000       2.00000000      -1.00000000     (  2.32830644E-06, -2.79396772E-05) ( -6.98491931E-06,  9.31322575E-06) ( -1.39698386E-05, -4.65661287E-06)
   1.00000000      -2.00000000      -1.00000000     (  9.31322575E-06, -9.31322575E-06) (  1.86264515E-05, -3.49245965E-06) ( -3.72529030E-05, -3.49245965E-06)
   1.00000000      -1.00000000      -2.00000000     (  1.86264515E-05, -2.79396772E-05) ( -2.32830644E-06, -6.98491931E-06) (  9.31322575E-06, -1.39698386E-05)
   1.00000000      -1.00000000      -1.00000000     ( -3.49245965E-06,  2.79396772E-05) ( -2.79396772E-05,  2.79396772E-05) (  1.86264515E-05,  2.32830644E-06)
   2.00000000       0.00000000      -1.00000000     ( -2.79396772E-05, -1.74622983E-06) (  2.79396772E-05, -3.72529030E-05) ( -5.58793545E-05, -3.49245965E-06)
   2.00000000       1.00000000      -1.00000000     (  1.39698386E-05, -2.32830644E-06) ( -2.79396772E-05,  5.58793545E-05) ( -4.65661287E-06,  3.72529030E-05)
   2.00000000      -1.00000000      -1.00000000     (  1.86264515E-05,  4.65661287E-06) (  1.39698386E-05,  6.98491931E-06) (  2.79396772E-05,  2.32830644E-06)
