    0.000000        0.000000        1.000000      (2.1234155E-02,1.1697412E-02)
   (-8.4564090E-03,-1.6614795E-02)  (0.000000,0.000000)
    0.000000        0.000000        2.000000      
 (7.0780516E-03,-1.6158447E-03)  (6.1281025E-03,4.7404319E-03)  
 (0.000000,0.000000)
    0.000000        1.000000        0.000000      (1.2340024E-03,8.6054206E-03)
   (0.000000,0.000000)  (3.5576522E-03,-2.4307519E-03)
    0.000000        1.000000        1.000000      (4.2654574E-03,2.5052577E-03)
   (6.2026083E-03,-4.6938658E-03)  (-6.2026083E-03,4.6938658E-03)
    0.000000        1.000000        2.000000      
 (-8.2515180E-03,-2.5238842E-03)  (-5.2992254E-03,-1.3038516E-03)  
 (2.6496127E-03,6.5192580E-04)
    0.000000        2.000000        0.000000      
 (-3.5297126E-03,-9.4063580E-04)  (0.000000,0.000000)  
 (-1.0174699E-03,3.0640513E-03)
    0.000000        2.000000        1.000000      
 (1.0486692E-02,-3.1013042E-03)  (-2.8405339E-04,-1.9790605E-03)  
 (5.6810677E-04,3.9581209E-03)
    0.000000       -2.000000        0.000000      
 (-3.5297126E-03,9.4063580E-04)  (0.000000,0.000000)  
 (-1.0174699E-03,-3.0640513E-03)
    0.000000       -2.000000        1.000000      
 (-1.2814999E-02,-1.1473894E-02)  (-3.8929284E-03,1.1245720E-03)  
 (-7.7858567E-03,2.2491440E-03)
    0.000000       -1.000000        0.000000      
 (1.2340024E-03,-8.6054206E-03)  (0.000000,0.000000)  
 (3.5576522E-03,2.4307519E-03)
    0.000000       -1.000000        1.000000      
 (6.3702464E-03,-6.1281025E-03)  (-1.9371510E-03,-4.3958426E-03)  
 (-1.9371510E-03,-4.3958426E-03)
    0.000000       -1.000000        2.000000      
 (-1.3522804E-02,2.0861626E-03)  (-2.4819747E-03,1.4295802E-03)  
 (-1.2409873E-03,7.1479008E-04)
    1.000000        0.000000        0.000000      (0.000000,0.000000)  
 (-2.5331974E-02,4.9546361E-03)  (1.7359853E-02,1.7732382E-02)
    1.000000        0.000000        1.000000      
 (-2.0302832E-03,-3.3341348E-03)  (-1.9073486E-02,1.4379621E-02)  
 (2.0302832E-03,3.3341348E-03)
    1.000000        0.000000        2.000000      (6.7404471E-04,1.4575198E-03)
   (4.7311187E-03,1.0486692E-02)  (-3.3702236E-04,-7.2875991E-04)
    1.000000        1.000000        0.000000      
 (3.5203993E-03,-1.4854595E-03)  (-3.5203993E-03,1.4854595E-03)  
 (-2.4773180E-03,2.2444874E-03)
    1.000000        1.000000        1.000000      (9.4296411E-04,4.1816384E-03)
   (-2.3376197E-03,-3.0547380E-03)  (1.3946556E-03,-1.1292286E-03)
    1.000000        1.000000        2.000000      
 (-4.1164458E-03,1.0826625E-03)  (-3.5972334E-04,-5.4482371E-03)  
 (2.2398308E-03,2.1792948E-03)
    1.000000        2.000000        0.000000      (2.5192276E-03,2.2258610E-03)
   (-1.2596138E-03,-1.1129305E-03)  (3.9488077E-03,8.9965761E-03)
    1.000000        2.000000        1.000000      (3.6694109E-03,3.5297126E-03)
   (-1.9883737E-03,4.0163286E-04)  (3.1373929E-04,-4.3306500E-03)
    1.000000       -2.000000        0.000000      (8.4750354E-04,7.7299774E-03)
   (4.2375177E-04,3.8649887E-03)  (-6.2212348E-03,-1.0477379E-03)
    1.000000       -2.000000        1.000000      
 (-2.2165477E-03,-3.1082891E-04)  (-3.0675437E-04,-3.1195668E-06)  
 (1.6065314E-03,3.0442607E-04)
    1.000000       -1.000000        0.000000      
 (-1.6530976E-03,4.7497451E-04)  (-1.6530976E-03,4.7497451E-04)  
 (-5.4202974E-03,3.5762787E-03)
    1.000000       -1.000000        1.000000      
 (1.4081597E-02,-1.0593794E-04)  (4.6566129E-03,1.1292286E-03)  
 (-9.4063580E-03,1.2340024E-03)
    1.000000       -1.000000        2.000000      
 (-3.3341348E-03,-1.8510036E-04)  (-6.6310167E-03,-4.3399632E-03)  
 (-1.6530976E-03,-2.0768493E-03)
    2.000000        0.000000        0.000000      (0.000000,0.000000)  
 (1.3001263E-02,-4.2282045E-03)  (-5.2037649E-04,1.4435500E-03)
    2.000000        0.000000        1.000000      
 (-3.2410026E-03,5.1874667E-03)  (4.4610351E-03,1.0021031E-02)  
 (6.4820051E-03,-1.0374933E-02)
    2.000000        1.000000        0.000000      
 (-1.9464642E-03,-2.7427450E-03)  (3.8929284E-03,5.4854900E-03)  
 (-7.5437129E-03,3.7718564E-03)
    2.000000        1.000000        1.000000      (3.3713877E-03,4.7404319E-03)
   (-4.8056245E-03,-1.3709068E-02)  (-1.9371510E-03,4.2188913E-03)
    2.000000       -1.000000        0.000000      
 (-2.8079376E-03,-3.3155084E-03)  (-5.6158751E-03,-6.6310167E-03)  
 (1.8347055E-03,4.2561442E-03)
    2.000000       -1.000000        1.000000      
 (-4.7404319E-03,2.5006011E-03)  (-4.0885061E-03,6.5751374E-03)  
 (5.3923577E-03,1.5832484E-03)
