   0.00000000       0.00000000       1.00000000     (  2.77161598E-02,  1.06170774E-02) (  1.74343586E-02, -3.37511301E-02) (  0.00000000    ,  0.00000000    )
   0.00000000       0.00000000       2.00000000     (  1.26659870E-03, -2.84984708E-03) ( -2.04890966E-03, -3.67872417E-04) (  0.00000000    ,  0.00000000    )
   0.00000000       1.00000000       0.00000000     ( -1.39325857E-02,  5.11296093E-03) (  0.00000000    ,  0.00000000    ) (  2.97091901E-03,  6.61239028E-03)
   0.00000000       1.00000000       1.00000000     (  6.83590770E-03, -3.13855708E-03) (  1.68103725E-03, -1.10268593E-02) ( -1.68103725E-03,  1.10268593E-02)
   0.00000000       1.00000000       2.00000000     ( -2.99885869E-03,  1.13621354E-03) ( -7.72997737E-04,  1.71130523E-04) (  3.86498868E-04, -8.55652615E-05)
   0.00000000       2.00000000       0.00000000     ( -2.01165676E-03, -5.16884029E-04) (  0.00000000    ,  0.00000000    ) ( -1.97440386E-03,  1.23865902E-03)
   0.00000000       2.00000000       1.00000000     (  1.12690032E-03,  2.49594450E-03) ( -9.68575478E-04, -4.37721610E-04) (  1.93715096E-03,  8.75443220E-04)
   0.00000000      -2.00000000       0.00000000     ( -2.01165676E-03,  5.16884029E-04) (  0.00000000    ,  0.00000000    ) ( -1.97440386E-03, -1.23865902E-03)
   0.00000000      -2.00000000       1.00000000     ( -5.32716513E-03,  1.37835741E-03) ( -1.06170774E-03,  7.72997737E-04) ( -2.12341547E-03,  1.54599547E-03)
   0.00000000      -1.00000000       0.00000000     ( -1.39325857E-02, -5.11296093E-03) (  0.00000000    ,  0.00000000    ) (  2.97091901E-03, -6.61239028E-03)
   0.00000000      -1.00000000       1.00000000     (  1.54599547E-02, -2.14576721E-02) (  1.01281330E-03, -3.94647941E-04) (  1.01281330E-03, -3.94647941E-04)
   0.00000000      -1.00000000       2.00000000     (  5.18048182E-05, -1.07102096E-03) (  6.19329512E-04, -1.49942935E-03) (  3.09664756E-04, -7.49714673E-04)
   1.00000000       0.00000000       0.00000000     (  0.00000000    ,  0.00000000    ) ( -1.40443444E-02,  9.83476639E-03) (  3.29315662E-02,  2.77161598E-02)
   1.00000000       0.00000000       1.00000000     (  5.38304448E-03, -2.56113708E-03) ( -3.43471766E-02,  1.33737922E-02) ( -5.38304448E-03,  2.56113708E-03)
   1.00000000       0.00000000       2.00000000     (  8.75443220E-04,  1.58324838E-03) (  3.94880772E-03,  1.78813934E-03) ( -4.37721610E-04, -7.91624188E-04)
   1.00000000       1.00000000       0.00000000     (  6.46337867E-03,  6.72414899E-03) ( -6.46337867E-03, -6.72414899E-03) ( -1.00210309E-02,  9.14558768E-03)
   1.00000000       1.00000000       1.00000000     ( -6.79865479E-04, -1.48080289E-03) ( -2.28174031E-04,  3.00351530E-04) (  9.03382897E-04,  1.18277967E-03)
   1.00000000       1.00000000       2.00000000     ( -1.35041773E-04, -6.70552254E-04) ( -1.55530870E-03,  2.60770321E-04) (  8.47503543E-04,  2.07219273E-04)
   1.00000000       2.00000000       0.00000000     ( -1.05239451E-03,  2.81259418E-03) (  5.26197255E-04, -1.40629709E-03) (  4.56348062E-04, -7.74161890E-05)
   1.00000000       2.00000000       1.00000000     (  2.75671482E-03,  2.35158950E-04) ( -2.45869160E-03, -8.38190317E-04) (  2.14204192E-03,  1.45286322E-03)
   1.00000000      -2.00000000       0.00000000     (  1.08266249E-04, -1.59256160E-03) (  5.41331246E-05, -7.96280801E-04) ( -1.16415322E-03,  7.17118382E-04)
   1.00000000      -2.00000000       1.00000000     ( -2.86381692E-04,  2.06753612E-03) ( -5.68106771E-04,  1.91852450E-03) ( -8.47503543E-04,  1.78813934E-03)
   1.00000000      -1.00000000       0.00000000     ( -4.76837158E-03, -1.55344605E-02) ( -4.76837158E-03, -1.55344605E-02) ( -9.61124897E-03,  1.05053186E-02)
   1.00000000      -1.00000000       1.00000000     (  8.94069672E-04,  9.96515155E-04) ( -1.57393515E-03, -1.13621354E-03) ( -2.45869160E-03, -2.12341547E-03)
   1.00000000      -1.00000000       2.00000000     (  4.19095159E-04,  1.45286322E-03) (  8.28877091E-04,  1.23865902E-03) (  2.02562660E-04, -1.09430403E-04)
   2.00000000       0.00000000       0.00000000     (  0.00000000    ,  0.00000000    ) (  3.05473804E-03,  1.59488991E-04) ( -2.01165676E-03, -5.23868948E-05)
   2.00000000       0.00000000       1.00000000     (  7.68341124E-05, -1.14552677E-03) (  4.02797014E-04,  2.03028321E-03) ( -1.53668225E-04,  2.29105353E-03)
   2.00000000       1.00000000       0.00000000     ( -1.34110451E-03,  9.02218744E-05) (  2.68220901E-03, -1.80443749E-04) (  1.05937943E-04, -3.12924385E-03)
   2.00000000       1.00000000       1.00000000     ( -3.49245965E-04,  7.54371285E-04) (  6.98491931E-04, -2.06753612E-03) (  3.01952241E-06,  5.63450158E-04)
   2.00000000      -1.00000000       0.00000000     (  2.44472176E-04,  1.10827386E-03) (  4.88944352E-04,  2.21654773E-03) ( -1.24564394E-04,  1.20140612E-03)
   2.00000000      -1.00000000       1.00000000     ( -1.59256160E-03,  1.92085281E-04) ( -1.49942935E-03, -1.30385160E-04) (  1.67638063E-03, -5.16884029E-04)
