   0.00000000       0.00000000      -2.00000000     (  1.49011612E-04,  5.58793545E-05) ( -1.11758709E-04,  9.31322575E-06) (  0.00000000    ,  0.00000000    )
   0.00000000       0.00000000      -1.00000000     (  1.27777457E-02,  1.01141632E-02) (  4.23192978E-02,  1.17346644E-02) (  0.00000000    ,  0.00000000    )
   0.00000000       1.00000000      -2.00000000     (  6.51925802E-05,  2.32830644E-05) (  3.25962901E-05,  1.86264515E-05) (  1.62981451E-05,  9.31322575E-06)
   0.00000000       1.00000000      -1.00000000     ( -6.63101673E-03,  2.81631947E-02) ( -9.70438123E-03, -3.40864062E-03) ( -9.70438123E-03, -3.40864062E-03)
   0.00000000       2.00000000      -1.00000000     ( -4.65661287E-05,  2.91038305E-06) ( -4.65661287E-05,  5.58793545E-05) ( -9.31322575E-05,  1.11758709E-04)
   0.00000000      -2.00000000      -1.00000000     (  1.11758709E-04,  2.32830644E-05) ( -2.32830644E-05,  2.32830644E-05) (  4.65661287E-05, -4.65661287E-05)
   0.00000000      -1.00000000      -2.00000000     (  3.72529030E-05,  5.58793545E-05) ( -3.72529030E-05, -2.79396772E-05) (  1.86264515E-05,  1.39698386E-05)
   0.00000000      -1.00000000      -1.00000000     (  8.79168510E-03, -7.50645995E-03) (  1.46683306E-03,  1.36904418E-03) ( -1.46683306E-03, -1.36904418E-03)
   1.00000000       0.00000000      -2.00000000     ( -6.51925802E-05, -3.25962901E-05) (  2.79396772E-05,  1.30385160E-04) ( -3.25962901E-05, -1.62981451E-05)
   1.00000000       0.00000000      -1.00000000     (  1.15111470E-02, -5.73694706E-03) ( -8.60542059E-03,  1.62422657E-02) (  1.15111470E-02, -5.73694706E-03)
   1.00000000       1.00000000      -2.00000000     (  1.39698386E-05,  5.58793545E-05) ( -1.39698386E-05, -7.45058060E-05) (  6.36646291E-08, -1.16415322E-05)
   1.00000000       1.00000000      -1.00000000     ( -1.49011612E-04,  2.23517418E-04) (  2.32830644E-05, -1.11758709E-04) ( -1.30385160E-04,  1.11758709E-04)
   1.00000000       2.00000000      -1.00000000     (  4.07453626E-06, -5.58793545E-05) ( -1.62981451E-05,  2.32830644E-05) ( -2.79396772E-05, -1.16415322E-05)
   1.00000000      -2.00000000      -1.00000000     (  1.62981451E-05, -2.32830644E-05) (  3.72529030E-05, -8.14907253E-06) ( -6.51925802E-05, -5.82076609E-06)
   1.00000000      -1.00000000      -2.00000000     (  3.72529030E-05, -6.51925802E-05) ( -6.98491931E-06, -1.39698386E-05) (  2.32830644E-05, -2.32830644E-05)
   1.00000000      -1.00000000      -1.00000000     ( -5.82076609E-06,  5.58793545E-05) ( -4.65661287E-05,  4.65661287E-05) (  3.72529030E-05,  4.65661287E-06)
   2.00000000       0.00000000      -1.00000000     ( -4.65661287E-05, -2.91038305E-06) (  4.65661287E-05, -9.31322575E-05) ( -9.31322575E-05, -5.82076609E-06)
   2.00000000       1.00000000      -1.00000000     (  2.32830644E-05, -6.98491931E-06) ( -6.51925802E-05,  9.31322575E-05) ( -1.16415322E-05,  7.45058060E-05)
   2.00000000      -1.00000000      -1.00000000     (  4.65661287E-05,  9.31322575E-06) (  3.25962901E-05,  1.62981451E-05) (  6.51925802E-05,  2.91038305E-06)
