   0.00000000       0.00000000       1.00000000     (  1.76951289E-02, -4.24915925E-04) (  3.41981649E-02, -2.07126141E-02) (  0.00000000    ,  0.00000000    )
   0.00000000       0.00000000       2.00000000     (  1.27591193E-03, -2.66358256E-03) ( -2.16066837E-03,  8.91304808E-07) (  0.00000000    ,  0.00000000    )
   0.00000000       1.00000000       0.00000000     ( -1.19209290E-02, -1.76485628E-03) (  0.00000000    ,  0.00000000    ) (  6.79865479E-03,  1.40070915E-02)
   0.00000000       1.00000000       1.00000000     (  7.86036253E-03,  1.00210309E-02) ( -2.34227628E-03, -3.15718353E-03) (  2.34227628E-03,  3.15718353E-03)
   0.00000000       1.00000000       2.00000000     ( -1.06170774E-03, -9.22009349E-04) ( -9.40635800E-04,  2.30502337E-04) (  4.70317900E-04, -1.15251169E-04)
   0.00000000       2.00000000       0.00000000     (  7.45058060E-04,  2.77534127E-03) (  0.00000000    ,  0.00000000    ) ( -3.31550837E-03,  2.14204192E-03)
   0.00000000       2.00000000       1.00000000     (  2.14204192E-03, -9.22009349E-04) ( -7.45058060E-04,  2.32830644E-04) (  1.49011612E-03, -4.65661287E-04)
   0.00000000      -2.00000000       0.00000000     (  7.45058060E-04, -2.77534127E-03) (  0.00000000    ,  0.00000000    ) ( -3.31550837E-03, -2.14204192E-03)
   0.00000000      -2.00000000       1.00000000     ( -1.75088644E-03, -2.63098627E-04) (  1.55996531E-04, -7.12461770E-04) (  3.11993062E-04, -1.42492354E-03)
   0.00000000      -1.00000000       0.00000000     ( -1.19209290E-02,  1.76485628E-03) (  0.00000000    ,  0.00000000    ) (  6.79865479E-03, -1.40070915E-02)
   0.00000000      -1.00000000       1.00000000     ( -2.07684934E-03, -2.95042992E-02) ( -5.60656190E-03,  2.44937837E-03) ( -5.60656190E-03,  2.44937837E-03)
   0.00000000      -1.00000000       2.00000000     (  1.15483999E-03,  2.81943358E-06) ( -7.17118382E-04, -8.75443220E-04) ( -3.58559191E-04, -4.37721610E-04)
   1.00000000       0.00000000       0.00000000     (  0.00000000    ,  0.00000000    ) ( -1.79186463E-02,  1.73225999E-02) (  2.43633986E-02,  1.16974115E-02)
   1.00000000       0.00000000       1.00000000     ( -1.92783773E-03, -1.56927854E-03) ( -2.46614218E-02, -7.93486834E-03) (  1.92783773E-03,  1.56927854E-03)
   1.00000000       0.00000000       2.00000000     ( -1.20140612E-03,  1.20140612E-03) (  9.87201929E-04,  1.24797225E-03) (  6.00703061E-04, -6.00703061E-04)
   1.00000000       1.00000000       0.00000000     (  3.89991328E-04,  1.81607902E-03) ( -3.89991328E-04, -1.81607902E-03) ( -9.76026058E-03,  1.15483999E-02)
   1.00000000       1.00000000       1.00000000     (  1.03376806E-03, -5.49480319E-04) ( -2.77534127E-03, -1.51339918E-04) (  1.75088644E-03,  6.98491931E-04)
   1.00000000       1.00000000       2.00000000     ( -2.34693289E-03, -1.00117177E-04) (  3.67872417E-04,  1.21071935E-03) (  9.87201929E-04, -5.54136932E-04)
   1.00000000       2.00000000       0.00000000     (  1.49011612E-03, -3.42261046E-04) ( -7.45058060E-04,  1.71130523E-04) (  3.65544111E-04,  1.82539225E-03)
   1.00000000       2.00000000       1.00000000     (  1.07102096E-03,  1.07102096E-03) ( -1.07102096E-03, -6.17001206E-05) (  1.07102096E-03, -9.49949026E-04)
   1.00000000      -2.00000000       0.00000000     ( -1.52736902E-03, -3.53902578E-04) ( -7.63684511E-04, -1.76951289E-04) ( -1.34110451E-03, -1.89989805E-03)
   1.00000000      -2.00000000       1.00000000     ( -1.07102096E-03, -2.02562660E-04) ( -3.53902578E-04, -1.22236088E-04) (  3.58559191E-04, -4.16184776E-05)
   1.00000000      -1.00000000       0.00000000     ( -5.98374754E-04, -8.04662704E-03) ( -5.98374754E-04, -8.04662704E-03) ( -1.07660890E-02,  2.60025263E-02)
   1.00000000      -1.00000000       1.00000000     (  2.79396772E-03,  8.94069672E-04) ( -5.72763383E-04, -3.20374966E-03) ( -3.35276127E-03, -4.09781933E-03)
   1.00000000      -1.00000000       2.00000000     ( -2.42143869E-03,  2.16066837E-03) ( -1.24797225E-03,  1.38767064E-03) (  5.82076609E-04, -3.81842256E-04)
   2.00000000       0.00000000       0.00000000     (  0.00000000    ,  0.00000000    ) (  1.60187483E-03,  3.39001417E-03) ( -7.40401447E-04,  2.14204192E-03)
   2.00000000       0.00000000       1.00000000     (  3.72529030E-04, -8.38190317E-04) (  9.59262252E-04,  1.78813934E-03) ( -7.45058060E-04,  1.67638063E-03)
   2.00000000       1.00000000       0.00000000     (  2.88709998E-04,  1.26659870E-03) ( -5.77419996E-04, -2.53319740E-03) ( -1.73225999E-03,  2.90572643E-03)
   2.00000000       1.00000000       1.00000000     (  7.54371285E-04,  3.02679837E-04) ( -5.68106771E-04, -1.84401870E-03) ( -9.40635800E-04,  1.22934580E-03)
   2.00000000      -1.00000000       0.00000000     ( -5.63450158E-04,  5.07570803E-04) ( -1.12690032E-03,  1.01514161E-03) ( -1.08964741E-03, -9.08039510E-05)
   2.00000000      -1.00000000       1.00000000     ( -8.75443220E-04,  2.79396772E-05) ( -2.66358256E-03, -2.35158950E-04) ( -9.12696123E-04, -2.91038305E-04)
