    0.000000        0.000000        1.000000      (2.0787120E-02,1.1511147E-02)
   (-1.1138618E-02,-1.6093254E-02)  (0.000000,0.000000)
    0.000000        0.000000        2.000000      
 (4.8987567E-03,-1.1129305E-03)  (5.3644180E-03,4.5262277E-03)  
 (0.000000,0.000000)
    0.000000        1.000000        0.000000      (2.2538006E-03,6.1094761E-03)
   (0.000000,0.000000)  (4.0978193E-03,-1.4528632E-03)
    0.000000        1.000000        1.000000      (4.9732625E-03,5.2154064E-03)
   (5.3271651E-03,-4.1723251E-03)  (-5.3271651E-03,4.1723251E-03)
    0.000000        1.000000        2.000000      
 (-7.5250864E-03,-1.9324943E-03)  (-2.8591603E-03,-2.4633482E-03)  
 (1.4295802E-03,1.2316741E-03)
    0.000000        2.000000        0.000000      
 (-4.3492764E-03,9.3365088E-04)  (0.000000,0.000000)  
 (4.6566129E-04,2.5611371E-03)
    0.000000        2.000000        1.000000      
 (6.5006316E-03,-2.6263297E-03)  (-7.9860911E-04,-1.1851080E-03)  
 (1.5972182E-03,2.3702160E-03)
    0.000000       -2.000000        0.000000      
 (-4.3492764E-03,-9.3365088E-04)  (0.000000,0.000000)  
 (4.6566129E-04,-2.5611371E-03)
    0.000000       -2.000000        1.000000      
 (-1.0430813E-02,-1.0356307E-02)  (-2.7008355E-03,4.5285560E-04)  
 (-5.4016709E-03,9.0571120E-04)
    0.000000       -1.000000        0.000000      
 (2.2538006E-03,-6.1094761E-03)  (0.000000,0.000000)  
 (4.0978193E-03,1.4528632E-03)
    0.000000       -1.000000        1.000000      
 (7.3388219E-03,-4.4889748E-03)  (-1.3224781E-03,-5.1222742E-03)  
 (-1.3224781E-03,-5.1222742E-03)
    0.000000       -1.000000        2.000000      
 (-1.2032688E-02,-4.4237822E-05)  (-3.0361116E-03,-1.9324943E-03)  
 (-1.5180558E-03,-9.6624717E-04)
    1.000000        0.000000        0.000000      (0.000000,0.000000)  
 (-2.6673079E-02,5.5320561E-03)  (1.5869737E-02,1.8104911E-02)
    1.000000        0.000000        1.000000      
 (-3.1106174E-03,-2.5611371E-03)  (-1.6614795E-02,1.3411045E-02)  
 (3.1106174E-03,2.5611371E-03)
    1.000000        0.000000        2.000000      (2.0547304E-04,1.9650906E-03)
   (4.0419400E-03,8.1025064E-03)  (-1.0273652E-04,-9.8254532E-04)
    1.000000        1.000000        0.000000      
 (2.5238842E-03,-1.4109537E-03)  (-2.5238842E-03,1.4109537E-03)  
 (-1.0849908E-03,2.9709190E-03)
    1.000000        1.000000        1.000000      (2.1280721E-03,4.2468309E-03)
   (-3.4924597E-03,-3.7439167E-03)  (1.3643876E-03,-4.9476512E-04)
    1.000000        1.000000        2.000000      
 (-3.9488077E-03,2.0489097E-03)  (3.2247044E-04,-3.7439167E-03)  
 (1.8114224E-03,8.4750354E-04)
    1.000000        2.000000        0.000000      (3.7346035E-03,2.1094456E-03)
   (-1.8673018E-03,-1.0547228E-03)  (3.0267984E-03,6.8731606E-03)
    1.000000        2.000000        1.000000      (2.2165477E-03,2.5006011E-03)
   (-2.2305176E-03,1.0314398E-03)  (2.2444874E-03,-4.5634806E-03)
    1.000000       -2.000000        0.000000      (1.5785918E-03,5.9977174E-03)
   (7.8929588E-04,2.9988587E-03)  (-4.4330955E-03,-6.5891072E-04)
    1.000000       -2.000000        1.000000      
 (-3.3527613E-03,-1.6717240E-03)  (-1.3271347E-03,-1.2852252E-03)  
 (6.9616362E-04,-9.0105459E-04)
    1.000000       -1.000000        0.000000      
 (-3.4575351E-04,3.0617230E-04)  (-3.4575351E-04,3.0617230E-04)  
 (-6.1281025E-03,3.0174851E-03)
    1.000000       -1.000000        1.000000      
 (1.1213124E-02,-4.2747706E-03)  (3.0547380E-03,-1.9976869E-03)  
 (-8.1583858E-03,2.2770837E-03)
    1.000000       -1.000000        2.000000      
 (-4.7031790E-03,-1.7881393E-03)  (-7.6740980E-03,-4.3585896E-03)  
 (-1.4854595E-03,-1.2852252E-03)
    2.000000        0.000000        0.000000      (0.000000,0.000000)  
 (9.7975135E-03,-1.9511208E-03)  (-5.1222742E-04,-5.0175004E-04)
    2.000000        0.000000        1.000000      
 (-1.7415732E-03,5.1595271E-03)  (2.7567148E-03,7.1711838E-03)  
 (3.4831464E-03,-1.0319054E-02)
    2.000000        1.000000        0.000000      
 (-1.8347055E-03,-3.1478703E-03)  (3.6694109E-03,6.2957406E-03)  
 (-7.3760748E-03,6.3516200E-03)
    2.000000        1.000000        1.000000      (2.6263297E-03,3.2223761E-03)
   (-2.6915222E-03,-1.1436641E-02)  (-2.5704503E-03,4.9732625E-03)
    2.000000       -1.000000        0.000000      
 (-4.1723251E-03,-2.7008355E-03)  (-8.3446503E-03,-5.4016709E-03)  
 (5.1513780E-05,3.6321580E-03)
    2.000000       -1.000000        1.000000      
 (-3.4272671E-03,2.3609027E-03)  (-2.1420419E-03,7.5064600E-03)  
 (4.7124922E-03,2.7939677E-03)
