   0.00000000       0.00000000      -2.00000000     (  7.45058060E-03,  2.94297934E-03) ( -1.08778477E-02,  4.71249223E-03) (  0.00000000    ,  0.00000000    )
   0.00000000       0.00000000      -1.00000000     ( -5.96046448E-04,  1.17346644E-02) (  2.15321779E-02, -6.16535544E-03) (  0.00000000    ,  0.00000000    )
   0.00000000       1.00000000      -2.00000000     ( -1.74157321E-03,  2.35624611E-03) (  1.79279596E-04, -2.84984708E-03) (  8.96397978E-05, -1.42492354E-03)
   0.00000000       1.00000000      -1.00000000     ( -8.79168510E-03,  1.15483999E-02) ( -5.75557351E-03, -6.22123480E-03) ( -5.75557351E-03, -6.22123480E-03)
   0.00000000       2.00000000      -1.00000000     (  2.00234354E-03,  2.13040039E-04) ( -7.72997737E-04, -8.78935680E-05) ( -1.54599547E-03, -1.75787136E-04)
   0.00000000      -2.00000000      -1.00000000     (  6.75208867E-05,  1.76019967E-03) ( -1.16415322E-03, -8.56816769E-04) (  2.32830644E-03,  1.71363354E-03)
   0.00000000      -1.00000000      -2.00000000     (  4.84287739E-03,  3.39001417E-03) ( -3.44589353E-03, -1.76019967E-03) (  1.72294676E-03,  8.80099833E-04)
   0.00000000      -1.00000000      -1.00000000     ( -6.68689609E-03,  3.22237611E-03) (  4.07919288E-03,  1.30385160E-03) ( -4.07919288E-03, -1.30385160E-03)
   1.00000000       0.00000000      -2.00000000     ( -1.57393515E-03, -1.11758709E-03) ( -1.79279596E-04,  5.19677997E-03) ( -7.86967576E-04, -5.58793545E-04)
   1.00000000       0.00000000      -1.00000000     (  1.06170774E-02, -5.92321157E-03) ( -3.85567546E-03,  3.14414501E-02) (  1.06170774E-02, -5.92321157E-03)
   1.00000000       1.00000000      -2.00000000     (  9.03382897E-04,  1.91852450E-03) ( -3.01748514E-03, -7.77654350E-04) ( -1.05705112E-03,  5.68106771E-04)
   1.00000000       1.00000000      -1.00000000     (  2.70083547E-03,  5.38304448E-03) ( -4.21423465E-04, -3.46451998E-03) (  2.27242708E-03,  1.93715096E-03)
   1.00000000       2.00000000      -1.00000000     (  1.96509063E-03,  1.73225999E-03) (  1.08266249E-04,  9.42964107E-05) (  2.18860805E-03,  1.91852450E-03)
   1.00000000      -2.00000000      -1.00000000     (  8.75443220E-04,  2.76602805E-03) (  1.55996531E-04,  8.28877091E-04) (  5.61121851E-04,  1.11758709E-03)
   1.00000000      -1.00000000      -2.00000000     ( -5.54136932E-04, -5.28991222E-03) ( -8.61473382E-04,  2.90572643E-03) (  1.53668225E-04, -4.09781933E-03)
   1.00000000      -1.00000000      -1.00000000     ( -2.43075192E-03,  5.86733222E-04) ( -2.47731805E-03, -4.73111868E-03) (  4.42378223E-05,  5.30853868E-03)
   2.00000000       0.00000000      -1.00000000     ( -1.38301402E-03, -4.42378223E-04) ( -4.60073352E-03,  3.95812094E-04) ( -2.76602805E-03, -8.84756446E-04)
   2.00000000       1.00000000      -1.00000000     (  1.96509063E-03,  1.89058483E-03) ( -3.27825546E-03, -2.90572643E-03) (  6.44940883E-04,  8.75443220E-04)
   2.00000000      -1.00000000      -1.00000000     (  4.51109372E-05, -1.01979822E-03) (  7.03148544E-04, -1.01863407E-04) ( -6.14672899E-04, -1.93715096E-03)
