   0.00000000       0.00000000      -2.00000000     (  1.33179128E-03,  2.68220901E-03) ( -2.17929482E-03, -4.42378223E-05) (  0.00000000    ,  0.00000000    )
   0.00000000       0.00000000      -1.00000000     (  1.75833702E-02,  6.77537173E-04) (  3.45706940E-02,  2.04890966E-02) (  0.00000000    ,  0.00000000    )
   0.00000000       1.00000000      -2.00000000     (  1.21071935E-03,  3.56521923E-06) ( -6.79865479E-04,  8.94069672E-04) ( -3.39932740E-04,  4.47034836E-04)
   0.00000000       1.00000000      -1.00000000     ( -2.26311386E-03,  2.96533108E-02) ( -5.77419996E-03, -2.40281224E-03) ( -5.77419996E-03, -2.40281224E-03)
   0.00000000       2.00000000      -1.00000000     ( -1.67638063E-03,  2.88709998E-04) (  1.64145604E-04,  7.49714673E-04) (  3.28291208E-04,  1.49942935E-03)
   0.00000000      -2.00000000      -1.00000000     (  2.21654773E-03,  9.49949026E-04) ( -7.63684511E-04, -2.11875886E-04) (  1.52736902E-03,  4.23751771E-04)
   0.00000000      -1.00000000      -2.00000000     ( -1.04308128E-03,  9.49949026E-04) ( -9.40635800E-04, -2.30502337E-04) (  4.70317900E-04,  1.15251169E-04)
   0.00000000      -1.00000000      -1.00000000     (  7.93486834E-03, -1.01327896E-02) ( -2.29105353E-03,  3.04542482E-03) (  2.29105353E-03, -3.04542482E-03)
   1.00000000       0.00000000      -2.00000000     ( -1.05239451E-03,  2.09183781E-06) ( -1.05239451E-03,  1.23865902E-03) ( -5.26197255E-04,  1.04591891E-06)
   1.00000000       0.00000000      -1.00000000     (  8.75443220E-03, -4.97326255E-03) ( -9.61124897E-03,  1.06403604E-03) (  8.75443220E-03, -4.97326255E-03)
   1.00000000       1.00000000      -2.00000000     ( -8.00937414E-04, -2.58442014E-04) (  9.22009349E-04, -2.34693289E-03) (  5.93718141E-05, -1.30385160E-03)
   1.00000000       1.00000000      -1.00000000     ( -1.93715096E-03,  1.58324838E-03) (  2.51457095E-03,  3.91155481E-04) (  5.68106771E-04,  1.97440386E-03)
   1.00000000       2.00000000      -1.00000000     (  4.88944352E-04, -2.42143869E-04) ( -7.26431608E-04, -5.12227416E-04) ( -9.59262252E-04, -1.26659870E-03)
   1.00000000      -2.00000000      -1.00000000     (  1.65775418E-03,  4.93600965E-04) (  1.07102096E-03,  6.28642738E-04) ( -4.88944352E-04, -7.72997737E-04)
   1.00000000      -1.00000000      -2.00000000     (  8.84756446E-04, -9.49949026E-04) (  1.21071935E-03, -6.93835318E-04) ( -1.60653144E-04, -1.29221007E-04)
   1.00000000      -1.00000000      -1.00000000     ( -1.96450856E-05,  1.97440386E-03) ( -1.36904418E-03,  1.06170774E-03) (  1.35041773E-03,  9.12696123E-04)
   2.00000000       0.00000000      -1.00000000     ( -5.44823706E-04, -3.44589353E-04) (  5.44823706E-04, -3.67872417E-04) ( -1.08964741E-03, -6.89178705E-04)
   2.00000000       1.00000000      -1.00000000     (  3.72529030E-04,  3.49245965E-04) ( -3.30619514E-04,  4.09781933E-04) (  4.14438546E-04,  1.10827386E-03)
   2.00000000      -1.00000000      -1.00000000     (  3.95812094E-04,  9.42964107E-05) (  1.32247806E-03, -1.21071935E-03) ( -5.30853868E-04,  1.39698386E-03)
