   0.00000000       0.00000000       1.00000000     (  1.41933560E-02, -8.60542059E-03) (  4.23192978E-02, -1.36718154E-02) (  0.00000000    ,  0.00000000    )
   0.00000000       0.00000000       2.00000000     ( -1.30385160E-04,  7.45058060E-05) (  1.11758709E-04, -1.01863407E-06) (  0.00000000    ,  0.00000000    )
   0.00000000       1.00000000       0.00000000     ( -3.56696546E-03, -4.31202352E-03) (  0.00000000    ,  0.00000000    ) (  1.31875277E-02,  9.49949026E-03)
   0.00000000       1.00000000       1.00000000     (  9.20146704E-03,  8.75443220E-03) (  6.68223947E-04, -1.52271241E-03) ( -6.68223947E-04,  1.52271241E-03)
   0.00000000       1.00000000       2.00000000     ( -2.32830644E-05,  4.65661287E-05) (  4.65661287E-05, -2.79396772E-05) ( -2.32830644E-05,  1.39698386E-05)
   0.00000000       2.00000000       0.00000000     ( -5.58793545E-05, -6.51925802E-05) (  0.00000000    ,  0.00000000    ) (  9.31322575E-05, -1.86264515E-05)
   0.00000000       2.00000000       1.00000000     ( -1.30385160E-04,  2.32830644E-05) (  3.25962901E-05,  2.32830644E-05) ( -6.51925802E-05, -4.65661287E-05)
   0.00000000      -2.00000000       0.00000000     ( -5.58793545E-05,  6.51925802E-05) (  0.00000000    ,  0.00000000    ) (  9.31322575E-05,  1.86264515E-05)
   0.00000000      -2.00000000       1.00000000     (  3.72529030E-05,  1.39698386E-05) (  3.72529030E-05,  5.58793545E-05) (  7.45058060E-05,  1.11758709E-04)
   0.00000000      -1.00000000       0.00000000     ( -3.56696546E-03,  4.31202352E-03) (  0.00000000    ,  0.00000000    ) (  1.31875277E-02, -9.49949026E-03)
   0.00000000      -1.00000000       1.00000000     ( -6.20260835E-03, -2.95788050E-02) ( -9.31322575E-03,  3.04542482E-03) ( -9.31322575E-03,  3.04542482E-03)
   0.00000000      -1.00000000       2.00000000     ( -6.51925802E-05,  1.62981451E-05) ( -2.32830644E-05,  2.32830644E-05) ( -1.16415322E-05,  1.16415322E-05)
   1.00000000       0.00000000       0.00000000     (  0.00000000    ,  0.00000000    ) ( -2.97278166E-02,  2.27987766E-02) (  2.01165676E-02,  3.07336450E-03)
   1.00000000       0.00000000       1.00000000     ( -3.93018126E-03,  6.25150278E-04) ( -1.85146928E-02, -1.71735883E-02) (  3.93018126E-03, -6.25150278E-04)
   1.00000000       0.00000000       2.00000000     (  9.31322575E-05,  3.25962901E-05) ( -6.51925802E-05, -4.65661287E-05) ( -4.65661287E-05, -1.62981451E-05)
   1.00000000       1.00000000       0.00000000     (  1.70897692E-03,  4.62867320E-03) ( -1.70897692E-03, -4.62867320E-03) ( -6.14672899E-03,  1.20326877E-02)
   1.00000000       1.00000000       1.00000000     ( -3.72529030E-05, -4.65661287E-05) (  1.49011612E-04,  4.65661287E-06) ( -1.11758709E-04,  4.65661287E-05)
   1.00000000       1.00000000       2.00000000     (  1.86264515E-04, -2.79396772E-05) ( -5.58793545E-05, -9.31322575E-05) ( -6.51925802E-05,  5.58793545E-05)
   1.00000000       2.00000000       0.00000000     ( -8.14907253E-06, -1.16415322E-05) (  4.07453626E-06,  5.82076609E-06) (  6.51925802E-05, -1.86264515E-05)
   1.00000000       2.00000000       1.00000000     (  1.86264515E-05, -1.62981451E-05) (  4.65661287E-05, -1.16415322E-05) ( -1.11758709E-04,  3.72529030E-05)
   1.00000000      -2.00000000       0.00000000     (  3.25962901E-05, -3.72529030E-05) (  1.62981451E-05, -1.86264515E-05) (  4.65661287E-05,  9.31322575E-05)
   1.00000000      -2.00000000       1.00000000     (  9.31322575E-05,  5.58793545E-05) (  1.39698386E-05,  2.79396772E-05) ( -5.58793545E-05,  4.65661287E-06)
   1.00000000      -1.00000000       0.00000000     (  4.50527295E-04, -5.43892384E-03) (  4.50527295E-04, -5.43892384E-03) ( -9.01520252E-03,  3.42726707E-02)
   1.00000000      -1.00000000       1.00000000     ( -1.86264515E-04, -7.45058060E-05) ( -2.91038305E-07,  1.49011612E-04) (  1.86264515E-04,  2.23517418E-04)
   1.00000000      -1.00000000       2.00000000     (  7.45058060E-05, -9.31322575E-06) (  5.58793545E-05, -7.45058060E-05) ( -1.16415322E-05, -3.25962901E-05)
   2.00000000       0.00000000       0.00000000     (  0.00000000    ,  0.00000000    ) ( -4.65661287E-05, -1.30385160E-04) (  5.58793545E-05, -1.39698386E-05)
   2.00000000       0.00000000       1.00000000     (  1.16415322E-05, -1.01863407E-06) ( -1.62981451E-05, -4.65661287E-05) ( -2.32830644E-05,  2.03726813E-06)
   2.00000000       1.00000000       0.00000000     ( -3.25962901E-05, -2.32830644E-05) (  6.51925802E-05,  4.65661287E-05) (  6.98491931E-06, -7.45058060E-05)
   2.00000000       1.00000000       1.00000000     ( -9.31322575E-06,  1.86264515E-05) (  6.51925802E-05, -2.79396772E-05) ( -4.65661287E-05, -1.16415322E-05)
   2.00000000      -1.00000000       0.00000000     (  2.79396772E-05,  9.31322575E-06) (  5.58793545E-05,  1.86264515E-05) (  3.72529030E-05,  1.62981451E-05)
   2.00000000      -1.00000000       1.00000000     (  2.32830644E-05,  5.58793545E-05) (  5.58793545E-05,  4.65661287E-05) (  1.62981451E-05, -6.51925802E-05)
