    0.000000        0.000000       -2.000000      
 (1.0989606E-03,-7.1595423E-05)  (1.5553087E-03,-1.4249235E-03)  
 (0.000000,0.000000)
    0.000000        0.000000       -1.000000      
 (2.3916364E-02,-1.3336539E-02)  (-1.6689301E-02,1.9669533E-02)  
 (0.000000,0.000000)
    0.000000        1.000000       -2.000000      
 (-3.7252903E-03,6.7986548E-04)  (-1.2759119E-03,1.8440187E-03)  
 (-6.3795596E-04,9.2200935E-04)
    0.000000        1.000000       -1.000000      (1.1511147E-02,3.9301813E-03)
   (-5.6577846E-04,6.8172812E-03)  (-5.6577846E-04,6.8172812E-03)
    0.000000        2.000000       -1.000000      
 (-2.4400651E-03,3.0919909E-03)  (-3.4458935E-04,2.3748726E-04)  
 (-6.8917871E-04,4.7497451E-04)
    0.000000       -2.000000       -1.000000      (6.6123903E-04,9.4063580E-04)
   (-6.1932951E-04,1.4901161E-04)  (1.2386590E-03,-2.9802322E-04)
    0.000000       -1.000000       -2.000000      
 (-2.5518239E-03,4.0745363E-04)  (1.8626451E-05,1.3038516E-03)  
 (-9.3132257E-06,-6.5192580E-04)
    0.000000       -1.000000       -1.000000      
 (7.5623393E-03,-1.1101365E-02)  (4.5821071E-03,4.4889748E-03)  
 (-4.5821071E-03,-4.4889748E-03)
    1.000000        0.000000       -2.000000      (2.1792948E-03,3.1432137E-04)
   (-1.9744039E-03,4.9825758E-04)  (1.0896474E-03,1.5716068E-04)
    1.000000        0.000000       -1.000000      
 (3.1292439E-03,-2.0489097E-03)  (3.5576522E-03,-9.4249845E-03)  
 (3.1292439E-03,-2.0489097E-03)
    1.000000        1.000000       -2.000000      
 (-1.4528632E-03,1.4249235E-03)  (-1.1548400E-03,-3.0919909E-03)  
 (-1.3038516E-03,-8.2887709E-04)
    1.000000        1.000000       -1.000000      
 (-2.4959445E-03,1.4342368E-03)  (1.4994293E-03,-6.4261258E-04)  
 (-9.9651515E-04,7.8696758E-04)
    1.000000        2.000000       -1.000000      
 (-1.4714897E-03,7.5437129E-04)  (9.7497832E-06,8.2887709E-04)  
 (-1.4528632E-03,2.4214387E-03)
    1.000000       -2.000000       -1.000000      
 (5.7276338E-04,-2.8405339E-04)  (6.9849193E-06,-5.4482371E-04)  
 (5.5879354E-04,8.0093741E-04)
    1.000000       -1.000000       -2.000000      
 (8.7544322E-04,-6.0535967E-04)  (-2.0302832E-03,6.0070306E-04)  
 (1.4528632E-03,-6.0535967E-04)
    1.000000       -1.000000       -1.000000      
 (-2.6449561E-03,2.1979213E-03)  (-7.1246177E-04,-1.9208528E-04)  
 (-1.9371510E-03,2.3841858E-03)
    2.000000        0.000000       -1.000000      (1.1641532E-03,3.9348379E-04)
   (4.2468309E-03,1.8812716E-03)  (2.3283064E-03,7.8696758E-04)
    2.000000        1.000000       -1.000000      
 (-6.5658242E-04,-9.7788870E-04)  (3.2596290E-04,8.3819032E-04)  
 (-9.8720193E-04,-1.1269003E-03)
    2.000000       -1.000000       -1.000000      
 (-6.6589564E-04,5.1688403E-04)  (-6.9383532E-04,1.2479722E-03)  
 (-6.4261258E-04,-2.1653250E-04)
