    0.000000        0.000000        1.000000      (2.3320317E-02,1.2032688E-02)
   (-1.2572855E-03,-2.2277236E-02)  (0.000000,0.000000)
    0.000000        0.000000        2.000000      
 (6.9476664E-03,-3.4738332E-03)  (2.7567148E-03,1.6298145E-03)  
 (0.000000,0.000000)
    0.000000        1.000000        0.000000      
 (-1.7136335E-03,1.1995435E-02)  (0.000000,0.000000)  
 (2.2724271E-03,-3.1851232E-03)
    0.000000        1.000000        1.000000      
 (3.4552068E-03,-2.9243529E-03)  (7.2084367E-03,-6.9104135E-03)  
 (-7.2084367E-03,6.9104135E-03)
    0.000000        1.000000        2.000000      
 (-7.3015690E-03,-1.2014061E-03)  (-7.3760748E-03,4.4470653E-04)  
 (3.6880374E-03,-2.2235326E-04)
    0.000000        2.000000        0.000000      
 (8.3819032E-05,-6.0163438E-03)  (0.000000,0.000000)  
 (-3.9581209E-03,6.7986548E-04)
    0.000000        2.000000        1.000000      
 (7.0221722E-03,-1.0535587E-04)  (-9.1036782E-04,-2.4307519E-03)  
 (1.8207356E-03,4.8615038E-03)
    0.000000       -2.000000        0.000000      (8.3819032E-05,6.0163438E-03)
   (0.000000,0.000000)  (-3.9581209E-03,-6.7986548E-04)
    0.000000       -2.000000        1.000000      
 (-9.4994903E-03,-4.4703484E-03)  (-2.2072345E-03,8.8475645E-04)  
 (-4.4144690E-03,1.7695129E-03)
    0.000000       -1.000000        0.000000      
 (-1.7136335E-03,-1.1995435E-02)  (0.000000,0.000000)  
 (2.2724271E-03,3.1851232E-03)
    0.000000       -1.000000        1.000000      
 (9.3877316E-03,-1.2181699E-02)  (-2.7380884E-03,-2.9150397E-03)  
 (-2.7380884E-03,-2.9150397E-03)
    0.000000       -1.000000        2.000000      
 (-5.3457916E-03,8.9174137E-04)  (2.1769665E-04,4.2468309E-03)  
 (1.0884833E-04,2.1234155E-03)
    1.000000        0.000000        0.000000      (0.000000,0.000000)  
 (-2.2053719E-02,5.1595271E-03)  (2.3394823E-02,1.9669533E-02)
    1.000000        0.000000        1.000000      
 (1.2246892E-03,-4.5448542E-03)  (-2.4810433E-02,1.6018748E-02)  
 (-1.2246892E-03,4.5448542E-03)
    1.000000        0.000000        2.000000      (1.0803342E-03,1.8626451E-03)
   (4.8056245E-03,6.2398612E-03)  (-5.4016709E-04,-9.3132257E-04)
    1.000000        1.000000        0.000000      (5.2154064E-03,3.6088750E-04)
   (-5.2154064E-03,-3.6088750E-04)  (-6.2771142E-03,2.5983900E-03)
    1.000000        1.000000        1.000000      
 (-2.9150397E-03,1.5040860E-03)  (1.9418076E-03,-8.6612999E-04)  
 (9.7556040E-04,-6.4028427E-04)
    1.000000        1.000000        2.000000      
 (-2.3655593E-03,-2.2491440E-03)  (-3.8370490E-03,-4.3399632E-03)  
 (3.1013042E-03,3.2968819E-03)
    1.000000        2.000000        0.000000      
 (-1.5320256E-03,4.9546361E-03)  (7.6601282E-04,-2.4773180E-03)  
 (1.8044375E-04,9.6485019E-03)
    1.000000        2.000000        1.000000      (6.1467290E-03,3.0174851E-03)
   (-1.8021092E-03,-1.9371510E-03)  (-2.5425106E-03,8.5914508E-04)
    1.000000       -2.000000        0.000000      
 (-8.3586201E-04,1.3067620E-04)  (-4.1793101E-04,6.5338099E-05)  
 (-3.5576522E-03,7.1595423E-05)
    1.000000       -2.000000        1.000000      
 (-1.9045547E-03,9.5693395E-04)  (-1.5879050E-03,1.6437843E-03)  
 (-1.2665987E-03,2.3376197E-03)
    1.000000       -1.000000        0.000000      
 (-5.1409006E-03,-2.7753413E-03)  (-5.1409006E-03,-2.7753413E-03)  
 (-4.4144690E-03,4.2468309E-03)
    1.000000       -1.000000        1.000000      (9.1642141E-03,7.8603625E-03)
   (2.6822090E-03,7.3947012E-03)  (-6.4633787E-03,-4.5751221E-04)
    1.000000       -1.000000        2.000000      (2.9895455E-03,5.5693090E-03)
   (4.2654574E-03,8.4983185E-04)  (6.3795596E-04,-2.3562461E-03)
    2.000000        0.000000        0.000000      (0.000000,0.000000)  
 (1.1697412E-02,-6.7055225E-03)  (-2.9616058E-03,4.4982880E-03)
    2.000000        0.000000        1.000000      
 (-4.5634806E-03,3.7951395E-04)  (4.1630119E-03,1.1324883E-02)  
 (9.1269612E-03,-7.5902790E-04)
    2.000000        1.000000        0.000000      
 (-1.7415732E-03,2.3341272E-04)  (3.4831464E-03,-4.6682544E-04)  
 (-1.9837171E-03,-5.1781535E-03)
    2.000000        1.000000        1.000000      (2.5145710E-03,4.7869980E-03)
   (-5.3644180E-03,-8.7358057E-03)  (3.3527613E-04,-8.5216016E-04)
    2.000000       -1.000000        0.000000      
 (9.5693395E-04,-1.2014061E-03)  (1.9138679E-03,-2.4028122E-03)  
 (8.2654878E-04,2.5052577E-03)
    2.000000       -1.000000        1.000000      
 (-4.3772161E-03,4.2957254E-04)  (-4.4889748E-03,-1.3597310E-03)  
 (4.2654574E-03,-2.2212043E-03)
