   0.00000000       0.00000000       1.00000000     (  6.27711415E-03, -1.23679638E-02) (  3.53157520E-02, -3.90224159E-03) (  0.00000000    ,  0.00000000    )
   0.00000000       0.00000000       2.00000000     (  1.45286322E-03, -2.93366611E-04) ( -1.52736902E-03, -6.51925802E-04) (  0.00000000    ,  0.00000000    )
   0.00000000       1.00000000       0.00000000     (  2.56113708E-03, -4.16301191E-03) (  0.00000000    ,  0.00000000    ) (  1.62050128E-02,  1.07800588E-03)
   0.00000000       1.00000000       1.00000000     (  4.18163836E-03,  2.99885869E-03) (  3.62284482E-03, -1.19209290E-03) ( -3.62284482E-03,  1.19209290E-03)
   0.00000000       1.00000000       2.00000000     (  7.45058060E-04, -8.75443220E-04) ( -1.58324838E-04,  4.09781933E-04) (  7.91624188E-05, -2.04890966E-04)
   0.00000000       2.00000000       0.00000000     (  9.31322575E-04,  4.56348062E-04) (  0.00000000    ,  0.00000000    ) ( -5.00585884E-05,  3.91155481E-04)
   0.00000000       2.00000000       1.00000000     (  2.56113708E-04, -6.23986125E-04) ( -2.96859071E-05,  6.11180440E-06) (  5.93718141E-05, -1.22236088E-05)
   0.00000000      -2.00000000       0.00000000     (  9.31322575E-04, -4.56348062E-04) (  0.00000000    ,  0.00000000    ) ( -5.00585884E-05, -3.91155481E-04)
   0.00000000      -2.00000000       1.00000000     ( -5.40167093E-04,  5.49480319E-04) ( -4.37721610E-04, -3.35276127E-04) ( -8.75443220E-04, -6.70552254E-04)
   0.00000000      -1.00000000       0.00000000     (  2.56113708E-03,  4.16301191E-03) (  0.00000000    ,  0.00000000    ) (  1.62050128E-02, -1.07800588E-03)
   0.00000000      -1.00000000       1.00000000     ( -6.92903996E-03, -2.04145908E-02) ( -8.95932317E-03,  4.42378223E-03) ( -8.95932317E-03,  4.42378223E-03)
   0.00000000      -1.00000000       2.00000000     (  2.93366611E-04, -5.02914190E-04) (  6.42612576E-04,  2.27009878E-05) (  3.21306288E-04,  1.13504939E-05)
   1.00000000       0.00000000       0.00000000     (  0.00000000    ,  0.00000000    ) ( -3.11434269E-02,  1.77696347E-02) (  1.65030360E-02, -3.30619514E-03)
   1.00000000       0.00000000       1.00000000     ( -2.64495611E-03, -2.28174031E-04) ( -8.25151801E-03, -1.60932541E-02) (  2.64495611E-03,  2.28174031E-04)
   1.00000000       0.00000000       2.00000000     ( -8.94069672E-04, -6.42612576E-04) (  3.21306288E-04,  3.72529030E-04) (  4.47034836E-04,  3.21306288E-04)
   1.00000000       1.00000000       0.00000000     (  3.71597707E-03,  3.55765224E-03) ( -3.71597707E-03, -3.55765224E-03) (  1.08964741E-03,  1.08778477E-02)
   1.00000000       1.00000000       1.00000000     (  2.46800482E-04,  3.11993062E-04) ( -9.31322575E-04,  3.44589353E-04) (  6.89178705E-04, -6.51925802E-04)
   1.00000000       1.00000000       2.00000000     ( -1.11758709E-03,  1.51339918E-04) (  6.51925802E-04,  8.00937414E-04) (  2.37487257E-04, -4.84287739E-04)
   1.00000000       2.00000000       0.00000000     ( -1.32713467E-04,  8.00937414E-04) (  6.63567334E-05, -4.00468707E-04) ( -4.56348062E-04, -8.14907253E-06)
   1.00000000       2.00000000       1.00000000     (  3.25962901E-04,  4.37721610E-04) ( -2.65426934E-04, -1.37370080E-04) (  2.09547579E-04, -1.60653144E-04)
   1.00000000      -2.00000000       0.00000000     (  2.74740160E-04,  4.84287739E-04) (  1.37370080E-04,  2.42143869E-04) ( -4.74974513E-04, -5.02914190E-04)
   1.00000000      -2.00000000       1.00000000     ( -7.63684511E-04,  3.95812094E-05) ( -2.93366611E-04,  1.60653144E-04) (  1.76951289E-04,  2.79396772E-04)
   1.00000000      -1.00000000       0.00000000     (  2.17463821E-03, -2.57045031E-03) (  2.17463821E-03, -2.57045031E-03) ( -6.74277544E-03,  2.43633986E-02)
   1.00000000      -1.00000000       1.00000000     (  1.41561031E-03,  7.82310963E-04) (  1.42608769E-05, -1.34110451E-03) ( -1.37835741E-03, -2.16066837E-03)
   1.00000000      -1.00000000       2.00000000     ( -8.38190317E-04, -1.18743628E-04) (  8.61473382E-05,  3.11993062E-04) (  4.65661287E-04,  2.14204192E-04)
   2.00000000       0.00000000       0.00000000     (  0.00000000    ,  0.00000000    ) (  4.88944352E-05,  1.09896064E-03) ( -4.56348062E-04, -3.81842256E-04)
   2.00000000       0.00000000       1.00000000     ( -1.32713467E-04,  8.38190317E-05) ( -4.56348062E-04, -8.03265721E-05) (  2.65426934E-04, -1.67638063E-04)
   2.00000000       1.00000000       0.00000000     ( -1.22236088E-05, -2.09547579E-05) (  2.44472176E-05,  4.19095159E-05) (  2.09547579E-04,  2.37487257E-04)
   2.00000000       1.00000000       1.00000000     ( -7.68341124E-05, -3.84170562E-05) ( -4.37721610E-04,  3.91155481E-04) (  5.96046448E-04, -3.11993062E-04)
   2.00000000      -1.00000000       0.00000000     ( -4.37721610E-04, -3.44589353E-04) ( -8.75443220E-04, -6.89178705E-04) (  4.00468707E-04,  3.44589353E-04)
   2.00000000      -1.00000000       1.00000000     (  1.68802217E-05, -7.45058060E-04) ( -2.93366611E-04, -3.02679837E-04) ( -3.30619514E-04,  1.19209290E-03)
