   0.00000000       0.00000000       1.00000000     (  4.48897481E-03, -1.19581819E-02) (  3.15159559E-02, -1.78348273E-03) (  0.00000000    ,  0.00000000    )
   0.00000000       0.00000000       2.00000000     (  2.45869160E-03, -4.47034836E-04) ( -2.86847353E-03, -1.45286322E-03) (  0.00000000    ,  0.00000000    )
   0.00000000       1.00000000       0.00000000     (  3.39001417E-03, -3.79048288E-03) (  0.00000000    ,  0.00000000    ) (  1.57579780E-02, -4.16766852E-04)
   0.00000000       1.00000000       1.00000000     (  2.44937837E-03,  1.80676579E-03) (  3.90224159E-03, -1.20140612E-03) ( -3.90224159E-03,  1.20140612E-03)
   0.00000000       1.00000000       2.00000000     (  1.45286322E-03, -1.65775418E-03) ( -2.42143869E-04,  8.38190317E-04) (  1.21071935E-04, -4.19095159E-04)
   0.00000000       2.00000000       0.00000000     (  1.39698386E-03,  1.08033419E-03) (  0.00000000    ,  0.00000000    ) ( -3.23052518E-05,  8.00937414E-04)
   0.00000000       2.00000000       1.00000000     (  5.29689714E-05, -1.35973096E-03) ( -8.03265721E-05,  2.23517418E-04) (  1.60653144E-04, -4.47034836E-04)
   0.00000000      -2.00000000       0.00000000     (  1.39698386E-03, -1.08033419E-03) (  0.00000000    ,  0.00000000    ) ( -3.23052518E-05, -8.00937414E-04)
   0.00000000      -2.00000000       1.00000000     ( -8.66129994E-04,  9.96515155E-04) ( -6.79865479E-04, -3.95812094E-04) ( -1.35973096E-03, -7.91624188E-04)
   0.00000000      -1.00000000       0.00000000     (  3.39001417E-03,  3.79048288E-03) (  0.00000000    ,  0.00000000    ) (  1.57579780E-02,  4.16766852E-04)
   0.00000000      -1.00000000       1.00000000     ( -6.79865479E-03, -1.75833702E-02) ( -8.17701221E-03,  4.69386578E-03) ( -8.17701221E-03,  4.69386578E-03)
   0.00000000      -1.00000000       2.00000000     (  2.79396772E-04, -9.77888703E-04) (  1.08964741E-03,  1.37370080E-04) (  5.44823706E-04,  6.86850399E-05)
   1.00000000       0.00000000       0.00000000     (  0.00000000    ,  0.00000000    ) ( -2.91317701E-02,  1.50129199E-02) (  1.54227018E-02, -3.83704901E-03)
   1.00000000       0.00000000       1.00000000     ( -2.26311386E-03, -6.05359674E-04) ( -5.81145287E-03, -1.41188502E-02) (  2.26311386E-03,  6.05359674E-04)
   1.00000000       0.00000000       2.00000000     ( -1.49011612E-03, -1.04308128E-03) (  3.67872417E-04,  6.61239028E-04) (  7.45058060E-04,  5.21540642E-04)
   1.00000000       1.00000000       0.00000000     (  3.41795385E-03,  2.84053385E-03) ( -3.41795385E-03, -2.84053385E-03) (  2.71014869E-03,  1.06543303E-02)
   1.00000000       1.00000000       1.00000000     (  1.60653144E-04,  3.25962901E-04) ( -1.17346644E-03,  8.00937414E-04) (  1.00582838E-03, -1.12690032E-03)
   1.00000000       1.00000000       2.00000000     ( -1.69500709E-03,  2.02562660E-04) (  1.05239451E-03,  1.22934580E-03) (  3.21306288E-04, -7.17118382E-04)
   1.00000000       2.00000000       0.00000000     ( -3.55066732E-05,  1.39698386E-03) (  1.77533366E-05, -6.98491931E-04) ( -9.03382897E-04,  1.69966370E-04)
   1.00000000       2.00000000       1.00000000     (  7.72997737E-04,  7.82310963E-04) ( -3.95812094E-04, -2.60770321E-04) (  1.68802217E-05, -2.63098627E-04)
   1.00000000      -2.00000000       0.00000000     (  5.16884029E-04,  6.42612576E-04) (  2.58442014E-04,  3.21306288E-04) ( -8.56816769E-04, -5.02914190E-04)
   1.00000000      -2.00000000       1.00000000     ( -1.11758709E-03,  1.32713467E-04) ( -4.47034836E-04,  3.44589353E-04) (  2.23517418E-04,  5.54136932E-04)
   1.00000000      -1.00000000       0.00000000     (  2.54251063E-03, -1.62515789E-03) (  2.54251063E-03, -1.62515789E-03) ( -5.96046448E-03,  1.98185444E-02)
   1.00000000      -1.00000000       1.00000000     (  2.03028321E-03,  1.35973096E-03) ( -5.18048182E-05, -2.23517418E-03) ( -2.08616257E-03, -3.57627869E-03)
   1.00000000      -1.00000000       2.00000000     ( -1.60187483E-03, -3.35276127E-04) (  3.67872417E-04,  3.11993062E-04) (  9.87201929E-04,  3.21306288E-04)
   2.00000000       0.00000000       0.00000000     (  0.00000000    ,  0.00000000    ) ( -1.44354999E-04,  1.80676579E-03) ( -7.07805157E-04, -7.17118382E-04)
   2.00000000       0.00000000       1.00000000     ( -2.39815563E-04,  1.86264515E-04) ( -9.49949026E-04, -3.25962901E-04) (  4.79631126E-04, -3.72529030E-04)
   2.00000000       1.00000000       0.00000000     ( -8.26548785E-05, -1.26892701E-04) (  1.65309757E-04,  2.53785402E-04) (  3.25962901E-04,  4.47034836E-04)
   2.00000000       1.00000000       1.00000000     ( -1.42026693E-04, -5.82076609E-06) ( -6.51925802E-04,  5.86733222E-04) (  9.31322575E-04, -5.77419996E-04)
   2.00000000      -1.00000000       0.00000000     ( -8.19563866E-04, -6.23986125E-04) ( -1.63912773E-03, -1.24797225E-03) (  7.72997737E-04,  1.01514161E-03)
   2.00000000      -1.00000000       1.00000000     (  1.81607902E-04, -1.17346644E-03) ( -4.65661287E-04, -2.70083547E-04) ( -8.28877091E-04,  2.06753612E-03)
