   0.00000000       0.00000000      -2.00000000     (  6.44475222E-03,  2.90572643E-03) ( -9.16421413E-03,  3.57627869E-03) (  0.00000000    ,  0.00000000    )
   0.00000000       0.00000000      -1.00000000     ( -1.07567757E-03,  1.22562051E-02) (  2.14576721E-02, -7.35744834E-03) (  0.00000000    ,  0.00000000    )
   0.00000000       1.00000000      -2.00000000     ( -1.39698386E-03,  1.89989805E-03) ( -2.22353265E-04, -2.38418579E-03) ( -1.11176632E-04, -1.19209290E-03)
   0.00000000       1.00000000      -1.00000000     ( -9.64850187E-03,  1.16229057E-02) ( -6.09084964E-03, -6.38887286E-03) ( -6.09084964E-03, -6.38887286E-03)
   0.00000000       2.00000000      -1.00000000     (  1.60187483E-03,  6.14672899E-04) ( -8.66129994E-04, -3.60887498E-05) ( -1.73225999E-03, -7.21774995E-05)
   0.00000000      -2.00000000      -1.00000000     (  3.70200723E-04,  4.02797014E-04) ( -6.79865479E-04, -6.05359674E-04) (  1.35973096E-03,  1.21071935E-03)
   0.00000000      -1.00000000      -2.00000000     (  3.76254320E-03,  2.36555934E-03) ( -3.27825546E-03, -1.51805580E-03) (  1.63912773E-03,  7.59027898E-04)
   0.00000000      -1.00000000      -1.00000000     ( -8.38190317E-03,  4.07919288E-03) (  3.98606062E-03,  1.37835741E-03) ( -3.98606062E-03, -1.37835741E-03)
   1.00000000       0.00000000      -2.00000000     ( -1.22934580E-03, -8.52160156E-04) ( -2.93366611E-04,  4.22820449E-03) ( -6.14672899E-04, -4.26080078E-04)
   1.00000000       0.00000000      -1.00000000     (  1.13621354E-02, -5.94183803E-03) ( -3.93018126E-03,  3.38256359E-02) (  1.13621354E-02, -5.94183803E-03)
   1.00000000       1.00000000      -2.00000000     (  3.98140401E-04,  1.29453838E-03) ( -1.66706741E-03, -7.91624188E-04) ( -6.33299351E-04,  2.53785402E-04)
   1.00000000       1.00000000      -1.00000000     (  2.42143869E-03,  4.06056643E-03) (  1.85100362E-04, -2.36555934E-03) (  2.60770321E-03,  1.69500709E-03)
   1.00000000       2.00000000      -1.00000000     (  1.49011612E-03,  1.62981451E-03) (  1.90921128E-04,  3.56521923E-06) (  1.87195837E-03,  1.63912773E-03)
   1.00000000      -2.00000000      -1.00000000     (  8.14907253E-04,  2.77534127E-03) (  1.88592821E-04,  9.87201929E-04) (  4.37721610E-04,  7.96280801E-04)
   1.00000000      -1.00000000      -2.00000000     ( -9.31322575E-06, -4.80562449E-03) ( -7.59027898E-04,  2.11410224E-03) (  3.74857336E-04, -3.44589353E-03)
   1.00000000      -1.00000000      -1.00000000     ( -2.47731805E-03,  6.93835318E-04) ( -2.44006515E-03, -4.41446900E-03) ( -5.20958565E-05,  5.10364771E-03)
   2.00000000       0.00000000      -1.00000000     ( -1.08964741E-03, -6.19329512E-04) ( -4.63798642E-03,  7.96280801E-04) ( -2.17929482E-03, -1.23865902E-03)
   2.00000000       1.00000000      -1.00000000     (  1.97440386E-03,  2.07684934E-03) ( -2.68220901E-03, -2.58907676E-03) (  1.25728548E-03,  1.57393515E-03)
   2.00000000      -1.00000000      -1.00000000     ( -3.35276127E-04, -1.07102096E-03) ( -5.52972779E-05, -4.93600965E-04) ( -6.19329512E-04, -1.64844096E-03)
