   0.00000000       0.00000000       1.00000000     ( -1.01514161E-03, -1.21816993E-02) (  2.14576721E-02,  7.18981028E-03) (  0.00000000    ,  0.00000000    )
   0.00000000       0.00000000       2.00000000     (  6.51925802E-03, -2.90572643E-03) ( -9.31322575E-03, -3.68803740E-03) (  0.00000000    ,  0.00000000    )
   0.00000000       1.00000000       0.00000000     (  7.48783350E-03,  9.10367817E-04) (  0.00000000    ,  0.00000000    ) (  1.49011612E-02, -7.26431608E-03)
   0.00000000       1.00000000       1.00000000     ( -8.12113285E-03, -3.94880772E-03) (  4.00468707E-03, -1.35973096E-03) ( -4.00468707E-03,  1.35973096E-03)
   0.00000000       1.00000000       2.00000000     (  3.87430191E-03, -2.47731805E-03) ( -3.27825546E-03,  1.52736902E-03) (  1.63912773E-03, -7.63684511E-04)
   0.00000000       2.00000000       0.00000000     ( -1.37835741E-03,  3.93018126E-03) (  0.00000000    ,  0.00000000    ) ( -1.73895387E-05, -6.65895641E-04)
   0.00000000       2.00000000       1.00000000     (  3.39932740E-04, -5.49480319E-04) ( -7.35744834E-04,  6.23986125E-04) (  1.47148967E-03, -1.24797225E-03)
   0.00000000      -2.00000000       0.00000000     ( -1.37835741E-03, -3.93018126E-03) (  0.00000000    ,  0.00000000    ) ( -1.73895387E-05,  6.65895641E-04)
   0.00000000      -2.00000000       1.00000000     (  1.64844096E-03, -5.72763383E-04) ( -8.52160156E-04,  3.89991328E-05) ( -1.70432031E-03,  7.79982656E-05)
   0.00000000      -1.00000000       0.00000000     (  7.48783350E-03, -9.10367817E-04) (  0.00000000    ,  0.00000000    ) (  1.49011612E-02,  7.26431608E-03)
   0.00000000      -1.00000000       1.00000000     ( -9.53674316E-03, -1.16229057E-02) ( -6.01634383E-03,  6.37024641E-03) ( -6.01634383E-03,  6.37024641E-03)
   0.00000000      -1.00000000       2.00000000     ( -1.43423676E-03, -1.93715096E-03) ( -1.79279596E-04,  2.44006515E-03) ( -8.96397978E-05,  1.22003257E-03)
   1.00000000       0.00000000       0.00000000     (  0.00000000    ,  0.00000000    ) ( -2.80141830E-02,  5.96046448E-03) (  1.86264515E-02, -5.40167093E-03)
   1.00000000       0.00000000       1.00000000     ( -1.66706741E-03, -2.50525773E-03) (  4.71249223E-03, -5.92321157E-03) (  1.66706741E-03,  2.50525773E-03)
   1.00000000       0.00000000       2.00000000     ( -3.03611159E-03, -1.29453838E-03) ( -1.06170774E-03,  3.22237611E-03) (  1.51805580E-03,  6.47269189E-04)
   1.00000000       1.00000000       0.00000000     (  1.93831511E-04, -3.07336450E-04) ( -1.93831511E-04,  3.07336450E-04) (  7.43195415E-03,  1.54972076E-02)
   1.00000000       1.00000000       1.00000000     ( -4.30271029E-03, -7.68341124E-04) (  2.22586095E-03,  2.71946192E-03) (  2.07684934E-03, -1.94646418E-03)
   1.00000000       1.00000000       2.00000000     (  1.23400241E-04,  1.02911144E-03) (  1.71363354E-03,  8.84756446E-04) ( -9.17352736E-04, -9.54605639E-04)
   1.00000000       2.00000000       0.00000000     ( -8.28877091E-04, -5.12227416E-04) (  4.14438546E-04,  2.56113708E-04) (  7.15954229E-05, -1.63912773E-03)
   1.00000000       2.00000000       1.00000000     (  1.63912773E-03, -9.60426405E-05) ( -6.56582415E-04, -9.66247171E-05) ( -3.32947820E-04,  2.89874151E-04)
   1.00000000      -2.00000000       0.00000000     ( -1.61118805E-03, -2.39815563E-04) ( -8.05594027E-04, -1.19907781E-04) ( -7.03148544E-04,  2.17929482E-03)
   1.00000000      -2.00000000       1.00000000     (  1.53522706E-05, -8.84756446E-04) (  8.80099833E-04, -4.44706529E-04) (  1.74157321E-03, -4.87489160E-06)
   1.00000000      -1.00000000       0.00000000     (  7.93486834E-03,  2.47731805E-03) (  7.93486834E-03,  2.47731805E-03) ( -2.55182385E-03, -1.13504939E-04)
   1.00000000      -1.00000000       1.00000000     ( -1.94646418E-03,  2.62632966E-03) ( -1.12224370E-03, -2.35624611E-03) (  8.24220479E-04, -4.99188900E-03)
   1.00000000      -1.00000000       2.00000000     ( -2.44006515E-03, -8.70786607E-04) (  1.84401870E-03,  1.85333192E-03) (  2.14204192E-03,  1.35973096E-03)
   2.00000000       0.00000000       0.00000000     (  0.00000000    ,  0.00000000    ) ( -2.17929482E-03,  2.09547579E-03) (  1.89989805E-03, -2.31899321E-03)
   2.00000000       0.00000000       1.00000000     ( -9.54605639E-04,  9.73232090E-04) ( -9.72067937E-05, -3.46451998E-03) (  1.90921128E-03, -1.94646418E-03)
   2.00000000       1.00000000       0.00000000     ( -1.16415322E-03, -1.11758709E-03) (  2.32830644E-03,  2.23517418E-03) ( -4.86616045E-04,  3.33413482E-03)
   2.00000000       1.00000000       1.00000000     ( -7.68341124E-04,  3.16649675E-04) (  4.86616045E-04,  7.96280801E-04) (  1.04773790E-03, -1.43423676E-03)
   2.00000000      -1.00000000       0.00000000     ( -1.58324838E-03, -8.47503543E-04) ( -3.16649675E-03, -1.69500709E-03) (  3.86498868E-04,  3.44589353E-03)
   2.00000000      -1.00000000       1.00000000     (  1.94646418E-03,  4.07453626E-04) ( -4.86616045E-04,  9.08039510E-04) ( -4.37721610E-03,  9.13860276E-05)
