    0.000000        0.000000       -2.000000      (7.4878335E-03,3.2596290E-03)
   (3.5483390E-03,-1.8998981E-03)  (0.000000,0.000000)
    0.000000        0.000000       -1.000000      
 (2.3245811E-02,-1.2144446E-02)  (-2.2444874E-03,2.1606684E-02)  
 (0.000000,0.000000)
    0.000000        1.000000       -2.000000      
 (-6.8359077E-03,-1.6251579E-03)  (-9.7861630E-06,-4.7311187E-03)  
 (-4.8930815E-06,-2.3655593E-03)
    0.000000        1.000000       -1.000000      (8.7171793E-03,1.1548400E-02)
   (-2.8219074E-03,3.1199306E-03)  (-2.8219074E-03,3.1199306E-03)
    0.000000        2.000000       -1.000000      
 (-1.0356307E-02,5.8487058E-03)  (-2.7101487E-03,-8.9174137E-04)  
 (-5.4202974E-03,-1.7834827E-03)
    0.000000       -2.000000       -1.000000      (8.2142651E-03,9.8021701E-04)
   (-6.9383532E-04,2.4959445E-03)  (1.3876706E-03,-4.9918890E-03)
    0.000000       -1.000000       -2.000000      
 (-7.6927245E-03,1.4808029E-03)  (-7.9162419E-03,-3.8184226E-04)  
 (3.9581209E-03,1.9092113E-04)
    0.000000       -1.000000       -1.000000      (3.6042184E-03,2.3748726E-03)
   (7.3388219E-03,6.6496432E-03)  (-7.3388219E-03,-6.6496432E-03)
    1.000000        0.000000       -2.000000      (4.6100467E-03,4.6379864E-03)
   (-2.6822090E-03,7.9348683E-03)  (2.3050234E-03,2.3189932E-03)
    1.000000        0.000000       -1.000000      (3.9860606E-03,2.5378540E-04)
   (9.4994903E-03,-1.4388934E-03)  (3.9860606E-03,2.5378540E-04)
    1.000000        1.000000       -2.000000      
 (-3.5203993E-03,-3.5017729E-03)  (3.3341348E-03,-1.0132790E-02)  
 (-9.3423296E-05,-6.8172812E-03)
    1.000000        1.000000       -1.000000      
 (-7.9534948E-03,-5.1967800E-03)  (4.3865293E-03,-3.7252903E-04)  
 (-3.5576522E-03,-5.5693090E-03)
    1.000000        2.000000       -1.000000      
 (-7.8789890E-03,-3.7997961E-03)  (1.3783574E-03,1.6251579E-03)  
 (-5.1409006E-03,-5.4948032E-04)
    1.000000       -2.000000       -1.000000      
 (3.5070116E-05,-4.9918890E-03)  (-7.7532604E-04,-3.6507845E-03)  
 (1.5879050E-03,2.3096800E-03)
    1.000000       -1.000000       -2.000000      (2.7846545E-03,2.2258610E-03)
   (-1.2177043E-03,1.9278377E-03)  (2.0023435E-03,1.4930265E-04)
    1.000000       -1.000000       -1.000000      
 (-6.5565109E-03,1.6856939E-03)  (-7.7672303E-03,1.0803342E-03)  
 (1.2107193E-03,6.0419552E-04)
    2.000000        0.000000       -1.000000      
 (-1.4854595E-03,3.0454248E-03)  (-4.7311187E-03,5.4202974E-03)  
 (-2.9709190E-03,6.0908496E-03)
    2.000000        1.000000       -1.000000      (8.0792233E-04,1.2712553E-03)
   (3.1292439E-03,-6.1467290E-03)  (4.7497451E-03,-3.6042184E-03)
    2.000000       -1.000000       -1.000000      
 (-5.6345016E-04,-1.1106022E-03)  (1.7881393E-03,1.4901161E-03)  
 (-2.9150397E-03,-3.7159771E-03)
