   0.00000000       0.00000000      -2.00000000     (  6.70552254E-03,  3.62284482E-03) (  2.31899321E-03, -1.52271241E-03) (  0.00000000    ,  0.00000000    )
   0.00000000       0.00000000      -1.00000000     (  2.33203173E-02, -1.19209290E-02) ( -6.58910722E-04,  2.26497650E-02) (  0.00000000    ,  0.00000000    )
   0.00000000       1.00000000      -2.00000000     ( -4.58210707E-03, -4.55183908E-04) (  3.36440280E-04, -3.93949449E-03) (  1.68220140E-04, -1.96974725E-03)
   0.00000000       1.00000000      -1.00000000     (  9.76026058E-03,  1.25542283E-02) ( -2.65426934E-03,  2.78465450E-03) ( -2.65426934E-03,  2.78465450E-03)
   0.00000000       2.00000000      -1.00000000     ( -9.16421413E-03,  3.74391675E-03) ( -1.96043402E-03, -9.08039510E-04) ( -3.92086804E-03, -1.81607902E-03)
   0.00000000      -2.00000000      -1.00000000     (  6.42612576E-03, -4.16766852E-04) ( -1.05006620E-03,  2.40281224E-03) (  2.10013241E-03, -4.80562449E-03)
   0.00000000      -1.00000000      -2.00000000     ( -7.15255737E-03,  1.06403604E-03) ( -7.11530447E-03, -4.76138666E-04) (  3.55765224E-03,  2.38069333E-04)
   0.00000000      -1.00000000      -1.00000000     (  3.37138772E-03,  3.23168933E-03) (  7.09667802E-03,  7.04079866E-03) ( -7.09667802E-03, -7.04079866E-03)
   1.00000000       0.00000000      -2.00000000     (  3.29688191E-03,  4.58210707E-03) ( -2.98954546E-03,  7.63684511E-03) (  1.64844096E-03,  2.29105353E-03)
   1.00000000       0.00000000      -1.00000000     (  3.80910933E-03,  3.56230885E-04) (  9.08970833E-03, -1.09896064E-03) (  3.80910933E-03,  3.56230885E-04)
   1.00000000       1.00000000      -2.00000000     ( -3.75322998E-03, -3.49245965E-03) (  4.11644578E-03, -8.27014446E-03) (  1.81025825E-04, -5.88595867E-03)
   1.00000000       1.00000000      -1.00000000     ( -7.46920705E-03, -4.73111868E-03) (  4.74974513E-03, -2.53203325E-04) ( -2.71946192E-03, -4.97326255E-03)
   1.00000000       2.00000000      -1.00000000     ( -6.33299351E-03, -2.97091901E-03) (  9.94186848E-04,  1.30385160E-03) ( -4.33996320E-03, -3.66708264E-04)
   1.00000000      -2.00000000      -1.00000000     (  4.54019755E-04, -4.03262675E-03) ( -1.63563527E-04, -3.36207449E-03) (  7.82310963E-04,  2.70083547E-03)
   1.00000000      -1.00000000      -2.00000000     (  1.70432031E-03,  1.62050128E-03) ( -2.20024958E-04,  1.08033419E-03) (  9.63918865E-04,  2.71247700E-04)
   1.00000000      -1.00000000      -1.00000000     ( -5.21540642E-03,  1.22468919E-03) ( -6.98491931E-03,  9.52277333E-04) (  1.76951289E-03,  2.71829776E-04)
   2.00000000       0.00000000      -1.00000000     ( -1.73691660E-03,  2.13738531E-03) ( -6.31436706E-03,  4.38652933E-03) ( -3.47383320E-03,  4.27477062E-03)
   2.00000000       1.00000000      -1.00000000     (  8.96397978E-04,  1.53202564E-03) (  2.36555934E-03, -5.36441803E-03) (  4.15369868E-03, -2.30036676E-03)
   2.00000000      -1.00000000      -1.00000000     (  2.33558239E-05, -1.53668225E-03) (  2.02562660E-03,  6.46105036E-05) ( -1.97906047E-03, -3.12924385E-03)
