   0.00000000       0.00000000       1.00000000     (  3.94880772E-03, -1.16974115E-02) (  3.01003456E-02, -1.17346644E-03) (  0.00000000    ,  0.00000000    )
   0.00000000       0.00000000       2.00000000     (  2.86847353E-03, -5.12227416E-04) ( -3.46451998E-03, -1.82539225E-03) (  0.00000000    ,  0.00000000    )
   0.00000000       1.00000000       0.00000000     (  3.56696546E-03, -3.64147127E-03) (  0.00000000    ,  0.00000000    ) (  1.54227018E-02, -8.10250640E-04)
   0.00000000       1.00000000       1.00000000     (  1.91386789E-03,  1.44820660E-03) (  3.92086804E-03, -1.19209290E-03) ( -3.92086804E-03,  1.19209290E-03)
   0.00000000       1.00000000       2.00000000     (  1.76951289E-03, -1.97440386E-03) ( -2.91038305E-04,  1.02445483E-03) (  1.45519152E-04, -5.12227416E-04)
   0.00000000       2.00000000       0.00000000     (  1.52736902E-03,  1.39698386E-03) (  0.00000000    ,  0.00000000    ) ( -4.65661287E-05,  9.87201929E-04)
   0.00000000       2.00000000       1.00000000     ( -5.82076609E-05, -1.69500709E-03) ( -1.23400241E-04,  3.39932740E-04) (  2.46800482E-04, -6.79865479E-04)
   0.00000000      -2.00000000       0.00000000     (  1.52736902E-03, -1.39698386E-03) (  0.00000000    ,  0.00000000    ) ( -4.65661287E-05, -9.87201929E-04)
   0.00000000      -2.00000000       1.00000000     ( -9.68575478E-04,  1.13621354E-03) ( -7.54371285E-04, -3.95812094E-04) ( -1.50874257E-03, -7.91624188E-04)
   0.00000000      -1.00000000       0.00000000     (  3.56696546E-03,  3.64147127E-03) (  0.00000000    ,  0.00000000    ) (  1.54227018E-02,  8.10250640E-04)
   0.00000000      -1.00000000       1.00000000     ( -6.70552254E-03, -1.66147947E-02) ( -7.86036253E-03,  4.74974513E-03) ( -7.86036253E-03,  4.74974513E-03)
   0.00000000      -1.00000000       2.00000000     (  2.30502337E-04, -1.18277967E-03) (  1.24797225E-03,  1.97906047E-04) (  6.23986125E-04,  9.89530236E-05)
   1.00000000       0.00000000       0.00000000     (  0.00000000    ,  0.00000000    ) ( -2.82377005E-02,  1.40443444E-02) (  1.50129199E-02, -3.91155481E-03)
   1.00000000       0.00000000       1.00000000     ( -2.13272870E-03, -7.17118382E-04) ( -5.06639481E-03, -1.33737922E-02) (  2.13272870E-03,  7.17118382E-04)
   1.00000000       0.00000000       2.00000000     ( -1.75088644E-03, -1.17346644E-03) (  3.58559191E-04,  7.72997737E-04) (  8.75443220E-04,  5.86733222E-04)
   1.00000000       1.00000000       0.00000000     (  3.25031579E-03,  2.60770321E-03) ( -3.25031579E-03, -2.60770321E-03) (  3.12924385E-03,  1.05425715E-02)
   1.00000000       1.00000000       1.00000000     (  7.68341124E-05,  3.05008143E-04) ( -1.19209290E-03,  1.01514161E-03) (  1.11758709E-03, -1.32247806E-03)
   1.00000000       1.00000000       2.00000000     ( -1.89989805E-03,  2.30502337E-04) (  1.21071935E-03,  1.35973096E-03) (  3.44589353E-04, -8.00937414E-04)
   1.00000000       2.00000000       0.00000000     (  2.59024091E-05,  1.60187483E-03) ( -1.29512046E-05, -8.00937414E-04) ( -1.09896064E-03,  2.58442014E-04)
   1.00000000       2.00000000       1.00000000     (  9.68575478E-04,  9.12696123E-04) ( -4.47034836E-04, -3.07336450E-04) ( -8.26548785E-05, -2.98023224E-04)
   1.00000000      -2.00000000       0.00000000     (  6.05359674E-04,  6.89178705E-04) (  3.02679837E-04,  3.44589353E-04) ( -1.02445483E-03, -4.37721610E-04)
   1.00000000      -2.00000000       1.00000000     ( -1.22934580E-03,  1.74622983E-04) ( -4.84287739E-04,  4.14438546E-04) (  2.63098627E-04,  6.56582415E-04)
   1.00000000      -1.00000000       0.00000000     (  2.64495611E-03, -1.33179128E-03) (  2.64495611E-03, -1.33179128E-03) ( -5.68106771E-03,  1.82539225E-02)
   1.00000000      -1.00000000       1.00000000     (  2.21654773E-03,  1.58324838E-03) ( -8.49831849E-05, -2.57045031E-03) ( -2.29105353E-03, -4.13507223E-03)
   1.00000000      -1.00000000       2.00000000     ( -1.93715096E-03, -4.42378223E-04) (  5.02914190E-04,  3.05008143E-04) (  1.22003257E-03,  3.72529030E-04)
   2.00000000       0.00000000       0.00000000     (  0.00000000    ,  0.00000000    ) ( -2.53785402E-04,  2.08616257E-03) ( -8.00937414E-04, -8.47503543E-04)
   2.00000000       0.00000000       1.00000000     ( -2.86381692E-04,  2.35158950E-04) ( -1.15483999E-03, -4.56348062E-04) (  5.72763383E-04, -4.70317900E-04)
   2.00000000       1.00000000       0.00000000     ( -1.16415322E-04, -1.83936208E-04) (  2.32830644E-04,  3.67872417E-04) (  3.72529030E-04,  5.63450158E-04)
   2.00000000       1.00000000       1.00000000     ( -1.69966370E-04,  1.06228981E-05) ( -7.17118382E-04,  6.47269189E-04) (  1.06170774E-03, -6.70552254E-04)
   2.00000000      -1.00000000       0.00000000     ( -9.77888703E-04, -7.26431608E-04) ( -1.95577741E-03, -1.45286322E-03) (  9.12696123E-04,  1.35973096E-03)
   2.00000000      -1.00000000       1.00000000     (  2.74740160E-04, -1.31316483E-03) ( -5.21540642E-04, -2.23517418E-04) ( -1.07102096E-03,  2.40281224E-03)
