   0.00000000       0.00000000      -2.00000000     ( -1.81607902E-04, -1.49011612E-03) (  1.19209290E-03, -5.30853868E-04) (  0.00000000    ,  0.00000000    )
   0.00000000       0.00000000      -1.00000000     (  2.75671482E-02, -7.46920705E-03) (  2.79396772E-02,  3.38256359E-02) (  0.00000000    ,  0.00000000    )
   0.00000000       1.00000000      -2.00000000     (  2.23517418E-04, -3.30619514E-04) ( -1.42026693E-04, -6.23986125E-04) ( -7.10133463E-05, -3.11993062E-04)
   0.00000000       1.00000000      -1.00000000     (  8.88481736E-03,  2.83122063E-02) ( -5.06406650E-04, -2.27242708E-03) ( -5.06406650E-04, -2.27242708E-03)
   0.00000000       2.00000000      -1.00000000     (  2.27242708E-03,  3.63215804E-04) (  4.56348062E-04,  3.21306288E-04) (  9.12696123E-04,  6.42612576E-04)
   0.00000000      -2.00000000      -1.00000000     ( -5.96046448E-04,  7.17118382E-04) (  4.93600965E-04,  8.14907253E-05) ( -9.87201929E-04, -1.62981451E-04)
   0.00000000      -1.00000000      -2.00000000     (  1.34110451E-03,  2.23517418E-04) (  3.91155481E-04,  2.93366611E-04) ( -1.95577741E-04, -1.46683306E-04)
   0.00000000      -1.00000000      -1.00000000     (  8.30739737E-03, -4.02331352E-03) ( -1.54133886E-03,  1.01514161E-02) (  1.54133886E-03, -1.01514161E-02)
   1.00000000       0.00000000      -2.00000000     (  7.54371285E-04, -6.51925802E-04) (  7.45058060E-04, -7.82310963E-04) (  3.77185643E-04, -3.25962901E-04)
   1.00000000       0.00000000      -1.00000000     (  9.05245543E-03, -3.11061740E-03) ( -8.54954123E-03, -3.30619514E-03) (  9.05245543E-03, -3.11061740E-03)
   1.00000000       1.00000000      -2.00000000     (  8.56816769E-04, -2.09547579E-04) ( -5.93718141E-05,  9.49949026E-04) (  4.00468707E-04,  3.72529030E-04)
   1.00000000       1.00000000      -1.00000000     (  5.40167093E-04,  1.39698386E-05) ( -9.68575478E-04, -5.21540642E-04) ( -4.28408384E-04, -5.02914190E-04)
   1.00000000       2.00000000      -1.00000000     ( -7.56699592E-05, -4.47034836E-04) (  2.74740160E-04, -1.65309757E-04) (  4.74974513E-04, -7.82310963E-04)
   1.00000000      -2.00000000      -1.00000000     ( -7.45058060E-04, -1.95577741E-04) ( -5.58793545E-04, -5.96046448E-04) (  3.72529030E-04,  9.87201929E-04)
   1.00000000      -1.00000000      -2.00000000     ( -2.23517418E-04,  7.35744834E-04) (  1.14087015E-04,  8.26548785E-05) ( -1.69966370E-04,  3.25962901E-04)
   1.00000000      -1.00000000      -1.00000000     (  4.47034836E-04, -6.33299351E-04) (  1.00582838E-03, -2.04890966E-04) ( -5.58793545E-04, -4.28408384E-04)
   2.00000000       0.00000000      -1.00000000     (  4.37721610E-04,  1.42026693E-04) (  8.73114914E-05, -1.04773790E-04) (  8.75443220E-04,  2.84053385E-04)
   2.00000000       1.00000000      -1.00000000     (  4.56348062E-04,  2.04890966E-04) ( -7.63684511E-04,  4.00468707E-04) (  1.51339918E-04,  8.19563866E-04)
   2.00000000      -1.00000000      -1.00000000     (  6.63567334E-05, -2.14204192E-04) ( -4.37721610E-04,  5.77419996E-04) (  5.68106771E-04, -1.00582838E-03)
