   0.00000000       0.00000000       1.00000000     (  2.30967999E-02,  1.15483999E-02) (  9.77888703E-04, -2.35438347E-02) (  0.00000000    ,  0.00000000    )
   0.00000000       0.00000000       2.00000000     (  6.64964318E-03, -4.34927642E-03) (  1.26659870E-03,  1.45751983E-03) (  0.00000000    ,  0.00000000    )
   0.00000000       1.00000000       0.00000000     ( -2.91503966E-03,  1.15111470E-02) (  0.00000000    ,  0.00000000    ) (  1.91852450E-03, -2.42143869E-03)
   0.00000000       1.00000000       1.00000000     (  3.14787030E-03, -3.93018126E-03) (  6.61239028E-03, -7.35744834E-03) ( -6.61239028E-03,  7.35744834E-03)
   0.00000000       1.00000000       2.00000000     ( -7.39470124E-03, -8.05594027E-04) ( -6.83590770E-03,  5.54136932E-04) (  3.41795385E-03, -2.77068466E-04)
   0.00000000       2.00000000       0.00000000     ( -6.47269189E-04, -6.63101673E-03) (  0.00000000    ,  0.00000000    ) ( -5.12227416E-03,  3.50410119E-04)
   0.00000000       2.00000000       1.00000000     (  5.32716513E-03,  1.91852450E-03) ( -1.53202564E-03, -2.47731805E-03) (  3.06405127E-03,  4.95463610E-03)
   0.00000000      -2.00000000       0.00000000     ( -6.47269189E-04,  6.63101673E-03) (  0.00000000    ,  0.00000000    ) ( -5.12227416E-03, -3.50410119E-04)
   0.00000000      -2.00000000       1.00000000     ( -9.31322575E-03, -2.15601176E-03) ( -1.57393515E-03,  1.10827386E-03) ( -3.14787030E-03,  2.21654773E-03)
   0.00000000      -1.00000000       0.00000000     ( -2.91503966E-03, -1.15111470E-02) (  0.00000000    ,  0.00000000    ) (  1.91852450E-03,  2.42143869E-03)
   0.00000000      -1.00000000       1.00000000     (  1.08033419E-02, -1.33365393E-02) ( -2.30967999E-03, -2.45869160E-03) ( -2.30967999E-03, -2.45869160E-03)
   0.00000000      -1.00000000       2.00000000     ( -3.04542482E-03, -7.66012818E-04) (  6.33299351E-04,  3.17580998E-03) (  3.16649675E-04,  1.58790499E-03)
   1.00000000       0.00000000       0.00000000     (  0.00000000    ,  0.00000000    ) ( -1.99675560E-02,  5.36441803E-03) (  2.42888927E-02,  2.00420618E-02)
   1.00000000       0.00000000       1.00000000     (  2.15135515E-03, -4.15369868E-03) ( -2.51829624E-02,  1.55717134E-02) ( -2.15135515E-03,  4.15369868E-03)
   1.00000000       0.00000000       2.00000000     (  1.04308128E-03,  2.40281224E-03) (  5.36441803E-03,  4.84287739E-03) ( -5.21540642E-04, -1.20140612E-03)
   1.00000000       1.00000000       0.00000000     (  5.28991222E-03,  1.35507435E-03) ( -5.28991222E-03, -1.35507435E-03) ( -6.96629286E-03,  3.17580998E-03)
   1.00000000       1.00000000       1.00000000     ( -3.42726707E-03,  8.66129994E-04) (  2.44937837E-03, -5.08734956E-04) (  9.82545316E-04, -3.58559191E-04)
   1.00000000       1.00000000       2.00000000     ( -2.14204192E-03, -2.57976353E-03) ( -4.78699803E-03, -3.50177288E-03) (  3.46451998E-03,  3.04542482E-03)
   1.00000000       2.00000000       0.00000000     ( -1.92783773E-03,  5.56930900E-03) (  9.63918865E-04, -2.78465450E-03) ( -7.52042979E-04,  9.35047865E-03)
   1.00000000       2.00000000       1.00000000     (  6.68689609E-03,  2.71014869E-03) ( -2.51457095E-03, -2.32830644E-03) ( -1.66241080E-03,  1.94180757E-03)
   1.00000000      -2.00000000       0.00000000     ( -3.23634595E-04, -1.97906047E-03) ( -1.61817297E-04, -9.89530236E-04) ( -2.17463821E-03,  1.12224370E-03)
   1.00000000      -2.00000000       1.00000000     ( -2.13272870E-03,  7.00820237E-04) ( -2.13738531E-03,  1.42026693E-03) ( -2.14204192E-03,  2.13738531E-03)
   1.00000000      -1.00000000       0.00000000     ( -5.75557351E-03, -4.48897481E-03) ( -5.75557351E-03, -4.48897481E-03) ( -4.33996320E-03,  4.47034836E-03)
   1.00000000      -1.00000000       1.00000000     (  7.26431608E-03,  8.36327672E-03) (  1.38767064E-03,  7.45058060E-03) ( -5.88595867E-03, -9.15024430E-04)
   1.00000000      -1.00000000       2.00000000     (  3.95812094E-03,  6.18398190E-03) (  6.33299351E-03,  2.39349902E-03) (  1.18743628E-03, -1.89058483E-03)
   2.00000000       0.00000000       0.00000000     (  0.00000000    ,  0.00000000    ) (  1.11013651E-02, -6.25848770E-03) ( -4.02331352E-03,  4.06056643E-03)
   2.00000000       0.00000000       1.00000000     ( -4.38652933E-03, -9.01054591E-04) (  3.40864062E-03,  1.09896064E-02) (  8.77305865E-03,  1.80210918E-03)
   2.00000000       1.00000000       0.00000000     ( -2.11410224E-03,  7.19446689E-04) (  4.22820449E-03, -1.43889338E-03) ( -1.16880983E-03, -7.26431608E-03)
   2.00000000       1.00000000       1.00000000     (  2.07684934E-03,  4.48897481E-03) ( -5.06639481E-03, -7.72997737E-03) (  9.05711204E-04, -1.24797225E-03)
   2.00000000      -1.00000000       0.00000000     (  1.45751983E-03, -3.53902578E-04) (  2.91503966E-03, -7.07805157E-04) (  4.09781933E-04,  1.89058483E-03)
   2.00000000      -1.00000000       1.00000000     ( -3.87430191E-03,  5.54136932E-04) ( -3.48314643E-03, -1.93715096E-03) (  4.25614417E-03, -3.04542482E-03)
