   0.00000000       0.00000000      -2.00000000     (  1.35041773E-03,  2.58907676E-03) ( -2.14204192E-03, -8.49831849E-05) (  0.00000000    ,  0.00000000    )
   0.00000000       0.00000000      -1.00000000     (  1.73598528E-02,  9.45292413E-04) (  3.48687172E-02,  2.01910734E-02) (  0.00000000    ,  0.00000000    )
   0.00000000       1.00000000      -2.00000000     (  1.22003257E-03,  1.02591002E-05) ( -6.14672899E-04,  8.84756446E-04) ( -3.07336450E-04,  4.42378223E-04)
   0.00000000       1.00000000      -1.00000000     ( -2.44937837E-03,  2.97278166E-02) ( -5.94183803E-03, -2.34227628E-03) ( -5.94183803E-03, -2.34227628E-03)
   0.00000000       2.00000000      -1.00000000     ( -1.54599547E-03,  3.00351530E-04) (  1.62981451E-04,  7.63684511E-04) (  3.25962901E-04,  1.52736902E-03)
   0.00000000      -2.00000000      -1.00000000     (  2.21654773E-03,  9.31322575E-04) ( -7.45058060E-04, -1.81607902E-04) (  1.49011612E-03,  3.63215804E-04)
   0.00000000      -1.00000000      -2.00000000     ( -9.68575478E-04,  9.49949026E-04) ( -9.03382897E-04, -2.25845724E-04) (  4.51691449E-04,  1.12922862E-04)
   0.00000000      -1.00000000      -1.00000000     (  7.99074769E-03, -1.01700425E-02) ( -2.22586095E-03,  2.92435288E-03) (  2.22586095E-03, -2.92435288E-03)
   1.00000000       0.00000000      -2.00000000     ( -1.04308128E-03, -4.27826308E-05) ( -9.87201929E-04,  1.25728548E-03) ( -5.21540642E-04, -2.13913154E-05)
   1.00000000       0.00000000      -1.00000000     (  8.77305865E-03, -4.99188900E-03) ( -9.64850187E-03,  1.38301402E-03) (  8.77305865E-03, -4.99188900E-03)
   1.00000000       1.00000000      -2.00000000     ( -7.72997737E-04, -2.30502337E-04) (  8.94069672E-04, -2.29105353E-03) (  5.76255843E-05, -1.26659870E-03)
   1.00000000       1.00000000      -1.00000000     ( -1.97440386E-03,  1.65775418E-03) (  2.44006515E-03,  2.98023224E-04) (  4.65661287E-04,  1.95577741E-03)
   1.00000000       2.00000000      -1.00000000     (  4.88944352E-04, -3.58559191E-04) ( -6.98491931E-04, -4.33064997E-04) ( -9.03382897E-04, -1.22934580E-03)
   1.00000000      -2.00000000      -1.00000000     (  1.58324838E-03,  4.61004674E-04) (  1.04308128E-03,  6.10016286E-04) ( -5.02914190E-04, -7.54371285E-04)
   1.00000000      -1.00000000      -2.00000000     (  8.56816769E-04, -9.49949026E-04) (  1.12690032E-03, -6.93835318E-04) ( -1.35041773E-04, -1.29221007E-04)
   1.00000000      -1.00000000      -1.00000000     (  1.89174898E-06,  1.91852450E-03) ( -1.29453838E-03,  1.07102096E-03) (  1.30385160E-03,  8.56816769E-04)
   2.00000000       0.00000000      -1.00000000     ( -5.35510480E-04, -3.42261046E-04) (  5.91389835E-04, -4.19095159E-04) ( -1.07102096E-03, -6.84522092E-04)
   2.00000000       1.00000000      -1.00000000     (  4.23751771E-04,  3.60887498E-04) ( -4.00468707E-04,  4.88944352E-04) (  4.47034836E-04,  1.21071935E-03)
   2.00000000      -1.00000000      -1.00000000     (  3.95812094E-04,  1.00117177E-04) (  1.24797225E-03, -1.15483999E-03) ( -4.56348062E-04,  1.35041773E-03)
