   0.00000000       0.00000000      -2.00000000     (  5.06639481E-03,  9.35979187E-04) ( -6.81728125E-03,  3.87430191E-03) (  0.00000000    ,  0.00000000    )
   0.00000000       0.00000000      -1.00000000     (  2.26311386E-03,  1.12876296E-02) (  2.63750553E-02, -1.01048499E-03) (  0.00000000    ,  0.00000000    )
   0.00000000       1.00000000      -2.00000000     ( -3.42261046E-04,  2.26311386E-03) (  1.82539225E-03, -7.40401447E-04) (  9.12696123E-04, -3.70200723E-04)
   0.00000000       1.00000000      -1.00000000     ( -6.87316060E-03,  1.40070915E-02) ( -7.02217221E-03, -5.17815351E-03) ( -7.02217221E-03, -5.17815351E-03)
   0.00000000       2.00000000      -1.00000000     ( -9.54605639E-04, -1.57393515E-03) ( -9.82545316E-04,  2.08383426E-04) ( -1.96509063E-03,  4.16766852E-04)
   0.00000000      -2.00000000      -1.00000000     ( -7.21774995E-04,  3.55765224E-03) ( -5.61121851E-04, -1.06170774E-03) (  1.12224370E-03,  2.12341547E-03)
   0.00000000      -1.00000000      -2.00000000     (  3.57627869E-03,  3.61353159E-03) ( -7.82310963E-04, -1.96509063E-03) (  3.91155481E-04,  9.82545316E-04)
   0.00000000      -1.00000000      -1.00000000     ( -1.53668225E-04, -1.73458830E-04) (  4.09781933E-03,  1.23400241E-03) ( -4.09781933E-03, -1.23400241E-03)
   1.00000000       0.00000000      -2.00000000     ( -1.40629709E-03, -6.79865479E-04) (  1.38767064E-03,  4.91738319E-03) ( -7.03148544E-04, -3.39932740E-04)
   1.00000000       0.00000000      -1.00000000     (  9.83476639E-03, -5.56930900E-03) ( -4.88013029E-03,  2.62260437E-02) (  9.83476639E-03, -5.56930900E-03)
   1.00000000       1.00000000      -2.00000000     (  1.85333192E-03,  2.18860805E-03) ( -4.58210707E-03,  3.09664756E-04) ( -1.36904418E-03,  1.24797225E-03)
   1.00000000       1.00000000      -1.00000000     ( -5.33182174E-04,  6.92903996E-03) ( -2.05822289E-03, -4.45172191E-03) ( -2.58907676E-03,  2.47731805E-03)
   1.00000000       2.00000000      -1.00000000     (  1.98371708E-03, -3.42261046E-04) ( -1.15483999E-03, -3.63215804E-04) ( -3.21306288E-04, -1.07102096E-03)
   1.00000000      -2.00000000      -1.00000000     ( -2.17696652E-04, -9.63918865E-04) ( -1.05937943E-04, -3.65544111E-04) ( -6.40284270E-06, -2.32830644E-04)
   1.00000000      -1.00000000      -2.00000000     ( -6.51925802E-04, -2.66358256E-03) ( -9.12696123E-04,  2.71946192E-03) (  1.28056854E-04, -2.70083547E-03)
   1.00000000      -1.00000000      -1.00000000     ( -2.91038305E-04,  5.00585884E-04) ( -6.61239028E-04, -1.71363354E-03) (  3.72529030E-04,  2.21654773E-03)
   2.00000000       0.00000000      -1.00000000     ( -1.40629709E-03,  1.85100362E-04) ( -4.09781933E-04, -1.41561031E-03) ( -2.81259418E-03,  3.70200723E-04)
   2.00000000       1.00000000      -1.00000000     (  1.29803084E-04, -3.23634595E-04) ( -2.62632966E-03, -5.65778464E-04) ( -2.36555934E-03, -1.21071935E-03)
   2.00000000      -1.00000000      -1.00000000     (  1.16415322E-03, -2.46800482E-04) (  1.07102096E-03,  1.35041773E-03) (  1.26659870E-03, -1.85333192E-03)
