   0.00000000       0.00000000      -2.00000000     (  6.83590770E-03,  5.51342964E-03) ( -6.70552254E-04, -1.52736902E-03) (  0.00000000    ,  0.00000000    )
   0.00000000       0.00000000      -1.00000000     (  2.31713057E-02, -1.10641122E-02) (  3.80910933E-03,  2.51829624E-02) (  0.00000000    ,  0.00000000    )
   0.00000000       1.00000000      -2.00000000     ( -1.04075298E-03,  2.78465450E-03) (  8.35862011E-04, -1.18743628E-03) (  4.17931005E-04, -5.93718141E-04)
   0.00000000       1.00000000      -1.00000000     (  1.24797225E-02,  1.46031380E-02) ( -1.51339918E-03,  2.09547579E-03) ( -1.51339918E-03,  2.09547579E-03)
   0.00000000       2.00000000      -1.00000000     ( -1.06170774E-02, -3.02679837E-04) ( -1.51339918E-03, -1.54599547E-03) ( -3.02679837E-03, -3.09199095E-03)
   0.00000000      -2.00000000      -1.00000000     (  3.84636223E-03, -4.37721610E-03) ( -2.39349902E-03,  2.39349902E-03) (  4.78699803E-03, -4.78699803E-03)
   0.00000000      -1.00000000      -2.00000000     ( -7.91624188E-03,  1.94995664E-04) ( -6.05359674E-03, -4.42378223E-04) (  3.02679837E-03,  2.21189111E-04)
   0.00000000      -1.00000000      -1.00000000     (  3.14787030E-03,  4.73111868E-03) (  5.58793545E-03,  7.93486834E-03) ( -5.58793545E-03, -7.93486834E-03)
   1.00000000       0.00000000      -2.00000000     (  1.31316483E-03,  5.73694706E-03) ( -4.71249223E-03,  8.79168510E-03) (  6.56582415E-04,  2.86847353E-03)
   1.00000000       0.00000000      -1.00000000     (  3.33413482E-03,  3.77185643E-04) (  6.53788447E-03, -1.11758709E-03) (  3.33413482E-03,  3.77185643E-04)
   1.00000000       1.00000000      -2.00000000     ( -5.56930900E-03, -3.09199095E-03) (  6.72414899E-03, -6.20260835E-03) (  5.82076609E-04, -4.64729965E-03)
   1.00000000       1.00000000      -1.00000000     ( -8.69855285E-03, -4.28408384E-03) (  7.07805157E-03,  8.64383765E-05) ( -1.62515789E-03, -4.20026481E-03)
   1.00000000       2.00000000      -1.00000000     ( -4.23751771E-03, -2.39233486E-04) (  1.98488124E-04,  1.74622983E-03) ( -3.83704901E-03,  3.25962901E-03)
   1.00000000      -2.00000000      -1.00000000     (  1.46101229E-04, -2.53319740E-03) (  9.84873623E-04, -2.62632966E-03) ( -1.82539225E-03,  2.72877514E-03)
   1.00000000      -1.00000000      -2.00000000     ( -5.09899110E-04, -9.68575478E-04) (  1.17346644E-03, -1.27591193E-03) ( -8.42846930E-04,  1.54250301E-04)
   1.00000000      -1.00000000      -1.00000000     ( -3.41795385E-03,  6.21657819E-04) ( -6.55651093E-03,  8.59145075E-04) (  3.14787030E-03, -2.38651410E-04)
   2.00000000       0.00000000      -1.00000000     ( -2.39349902E-03,  2.39815563E-04) ( -1.02072954E-02,  3.28756869E-03) ( -4.78699803E-03,  4.79631126E-04)
   2.00000000       1.00000000      -1.00000000     (  6.49597496E-04,  2.08616257E-03) (  1.39698386E-03, -4.64729965E-03) (  2.70083547E-03, -4.74974513E-04)
   2.00000000      -1.00000000      -1.00000000     (  1.02212653E-03, -2.33761966E-03) (  2.70083547E-03, -3.60421836E-03) ( -6.54254109E-04, -1.06869265E-03)
