   0.00000000       0.00000000       1.00000000     (  2.78651714E-02,  1.06915832E-02) (  1.74343586E-02, -3.38256359E-02) (  0.00000000    ,  0.00000000    )
   0.00000000       0.00000000       2.00000000     (  1.26659870E-03, -2.81259418E-03) ( -2.03028321E-03, -3.53902578E-04) (  0.00000000    ,  0.00000000    )
   0.00000000       1.00000000       0.00000000     ( -1.38953328E-02,  5.19677997E-03) (  0.00000000    ,  0.00000000    ) (  2.98023224E-03,  6.57513738E-03)
   0.00000000       1.00000000       1.00000000     (  6.83590770E-03, -3.21306288E-03) (  1.72760338E-03, -1.10641122E-02) ( -1.72760338E-03,  1.10641122E-02)
   0.00000000       1.00000000       2.00000000     ( -2.96160579E-03,  1.11758709E-03) ( -7.68341124E-04,  1.65309757E-04) (  3.84170562E-04, -8.26548785E-05)
   0.00000000       2.00000000       0.00000000     ( -2.01165676E-03, -5.30853868E-04) (  0.00000000    ,  0.00000000    ) ( -1.95577741E-03,  1.20140612E-03)
   0.00000000       2.00000000       1.00000000     (  1.11758709E-03,  2.47731805E-03) ( -9.59262252E-04, -4.37721610E-04) (  1.91852450E-03,  8.75443220E-04)
   0.00000000      -2.00000000       0.00000000     ( -2.01165676E-03,  5.30853868E-04) (  0.00000000    ,  0.00000000    ) ( -1.95577741E-03, -1.20140612E-03)
   0.00000000      -2.00000000       1.00000000     ( -5.28991222E-03,  1.35973096E-03) ( -1.04308128E-03,  7.63684511E-04) ( -2.08616257E-03,  1.52736902E-03)
   0.00000000      -1.00000000       0.00000000     ( -1.38953328E-02, -5.19677997E-03) (  0.00000000    ,  0.00000000    ) (  2.98023224E-03, -6.57513738E-03)
   0.00000000      -1.00000000       1.00000000     (  1.55717134E-02, -2.15321779E-02) (  1.01281330E-03, -4.22587618E-04) (  1.01281330E-03, -4.22587618E-04)
   0.00000000      -1.00000000       2.00000000     (  5.82076609E-05, -1.06170774E-03) (  6.10016286E-04, -1.48080289E-03) (  3.05008143E-04, -7.40401447E-04)
   1.00000000       0.00000000       0.00000000     (  0.00000000    ,  0.00000000    ) ( -1.41188502E-02,  9.85339284E-03) (  3.30805779E-02,  2.77906656E-02)
   1.00000000       0.00000000       1.00000000     (  5.42029738E-03, -2.56579369E-03) ( -3.44961882E-02,  1.34855509E-02) ( -5.42029738E-03,  2.56579369E-03)
   1.00000000       0.00000000       2.00000000     (  8.56816769E-04,  1.56462193E-03) (  3.91155481E-03,  1.76951289E-03) ( -4.28408384E-04, -7.82310963E-04)
   1.00000000       1.00000000       0.00000000     (  6.50063157E-03,  6.72414899E-03) ( -6.50063157E-03, -6.72414899E-03) ( -1.00582838E-02,  9.16421413E-03)
   1.00000000       1.00000000       1.00000000     ( -6.84522092E-04, -1.45286322E-03) ( -2.07219273E-04,  2.95694917E-04) (  8.94069672E-04,  1.15483999E-03)
   1.00000000       1.00000000       2.00000000     ( -1.31549314E-04, -6.70552254E-04) ( -1.54599547E-03,  2.53785402E-04) (  8.38190317E-04,  2.07219273E-04)
   1.00000000       2.00000000       0.00000000     ( -1.03376806E-03,  2.77534127E-03) (  5.16884029E-04, -1.38767064E-03) (  4.37721610E-04, -5.47152013E-05)
   1.00000000       2.00000000       1.00000000     (  2.73808837E-03,  2.39815563E-04) ( -2.42143869E-03, -8.38190317E-04) (  2.10478902E-03,  1.43423676E-03)
   1.00000000      -2.00000000       0.00000000     (  1.10594556E-04, -1.56462193E-03) (  5.52972779E-05, -7.82310963E-04) ( -1.14552677E-03,  7.21774995E-04)
   1.00000000      -2.00000000       1.00000000     ( -2.84053385E-04,  2.03028321E-03) ( -5.63450158E-04,  1.89989805E-03) ( -8.38190317E-04,  1.76951289E-03)
   1.00000000      -1.00000000       0.00000000     ( -4.82425094E-03, -1.55717134E-02) ( -4.82425094E-03, -1.55717134E-02) ( -9.61124897E-03,  1.05053186E-02)
   1.00000000      -1.00000000       1.00000000     (  8.84756446E-04,  9.96515155E-04) ( -1.54599547E-03, -1.08964741E-03) ( -2.44006515E-03, -2.08616257E-03)
   1.00000000      -1.00000000       2.00000000     (  4.33064997E-04,  1.43423676E-03) (  8.38190317E-04,  1.22934580E-03) (  2.02562660E-04, -1.02445483E-04)
   2.00000000       0.00000000       0.00000000     (  0.00000000    ,  0.00000000    ) (  3.03611159E-03,  1.42026693E-04) ( -1.99303031E-03, -5.58793545E-05)
   2.00000000       0.00000000       1.00000000     (  6.51925802E-05, -1.13621354E-03) (  3.98140401E-04,  2.03028321E-03) ( -1.30385160E-04,  2.27242708E-03)
   2.00000000       1.00000000       0.00000000     ( -1.32247806E-03,  8.73114914E-05) (  2.64495611E-03, -1.74622983E-04) (  1.04773790E-04, -3.11061740E-03)
   2.00000000       1.00000000       1.00000000     ( -3.42261046E-04,  7.49714673E-04) (  6.70552254E-04, -2.04890966E-03) (  1.05501385E-05,  5.44823706E-04)
   2.00000000      -1.00000000       0.00000000     (  2.49128789E-04,  1.09896064E-03) (  4.98257577E-04,  2.19792128E-03) ( -1.22236088E-04,  1.18277967E-03)
   2.00000000      -1.00000000       1.00000000     ( -1.56462193E-03,  1.92085281E-04) ( -1.47148967E-03, -1.33877620E-04) (  1.65775418E-03, -5.16884029E-04)
