    0.000000        0.000000       -2.000000      (3.8929284E-03,7.7532604E-04)
   (4.6007335E-03,-3.9394945E-03)  (0.000000,0.000000)
    0.000000        0.000000       -1.000000      
 (2.1383166E-02,-1.1846423E-02)  (-1.2442470E-02,1.6689301E-02)  
 (0.000000,0.000000)
    0.000000        1.000000       -2.000000      
 (-1.0430813E-02,6.6822395E-04)  (-2.9150397E-03,2.6728958E-03)  
 (-1.4575198E-03,1.3364479E-03)
    0.000000        1.000000       -1.000000      (8.1956387E-03,4.2095780E-03)
   (-1.1501834E-03,5.5506825E-03)  (-1.1501834E-03,5.5506825E-03)
    0.000000        2.000000       -1.000000      
 (-8.5681677E-03,9.0152025E-03)  (-2.0535663E-03,-1.1263182E-04)  
 (-4.1071326E-03,-2.2526365E-04)
    0.000000       -2.000000       -1.000000      (4.5821071E-03,2.3283064E-03)
   (-9.1269612E-04,8.5216016E-04)  (1.8253922E-03,-1.7043203E-03)
    0.000000       -1.000000       -2.000000      
 (-6.6496432E-03,1.5366822E-03)  (-1.9278377E-03,2.5890768E-03)  
 (9.6391886E-04,-1.2945384E-03)
    0.000000       -1.000000       -1.000000      
 (5.5134296E-03,-6.5192580E-03)  (5.1595271E-03,4.1723251E-03)  
 (-5.1595271E-03,-4.1723251E-03)
    1.000000        0.000000       -2.000000      (6.3143671E-03,1.6670674E-03)
   (-4.5821071E-03,1.8253922E-03)  (3.1571835E-03,8.3353370E-04)
    1.000000        0.000000       -1.000000      
 (3.3900142E-03,-1.3457611E-03)  (5.4948032E-03,-6.5006316E-03)  
 (3.3900142E-03,-1.3457611E-03)
    1.000000        1.000000       -2.000000      
 (-3.2596290E-03,1.8998981E-03)  (-3.2968819E-03,-9.9837780E-03)  
 (-3.2782555E-03,-4.0419400E-03)
    1.000000        1.000000       -1.000000      
 (-6.5751374E-03,2.0908192E-03)  (2.3469329E-03,-1.6903505E-03)  
 (-4.2282045E-03,3.9814040E-04)
    1.000000        2.000000       -1.000000      
 (-5.4948032E-03,1.7136335E-03)  (4.2724423E-04,2.1886081E-03)  
 (-4.6379864E-03,6.0908496E-03)
    1.000000       -2.000000       -1.000000      
 (1.5320256E-03,-1.1967495E-03)  (-1.0943040E-04,-5.5180863E-04)  
 (1.7508864E-03,-9.0803951E-05)
    1.000000       -1.000000       -2.000000      
 (3.1385571E-03,-1.1082739E-03)  (-4.1443855E-03,1.0477379E-03)  
 (3.6414713E-03,-1.0780059E-03)
    1.000000       -1.000000       -1.000000      
 (-7.8789890E-03,4.7869980E-03)  (-3.4179538E-03,5.4133125E-05)  
 (-4.4703484E-03,4.7311187E-03)
    2.000000        0.000000       -1.000000      (2.7474016E-03,2.1653250E-03)
   (9.6112490E-03,5.5879354E-03)  (5.4948032E-03,4.3306500E-03)
    2.000000        1.000000       -1.000000      
 (-1.4435500E-03,-2.2817403E-03)  (1.7695129E-03,-6.7520887E-04)  
 (-1.1175871E-03,-5.2340329E-03)
    2.000000       -1.000000       -1.000000      
 (-1.0896474E-03,2.0768493E-03)  (-2.1245796E-04,4.3492764E-03)  
 (-1.9650906E-03,-1.9790605E-04)
