    0.000000        0.000000       -2.000000      (8.5495412E-03,2.5844201E-03)
   (5.2805990E-03,-2.9895455E-03)  (0.000000,0.000000)
    0.000000        0.000000       -1.000000      
 (2.3022294E-02,-1.2330711E-02)  (-4.6752393E-03,1.9893050E-02)  
 (0.000000,0.000000)
    0.000000        1.000000       -2.000000      
 (-1.0728836E-02,-3.0547380E-03)  (-8.0792233E-04,-5.0477684E-03)  
 (-4.0396117E-04,-2.5238842E-03)
    0.000000        1.000000       -1.000000      (7.4133277E-03,9.7602606E-03)
   (-2.7939677E-03,3.6321580E-03)  (-2.7939677E-03,3.6321580E-03)
    0.000000        2.000000       -1.000000      
 (-1.2591481E-02,9.2945993E-03)  (-3.9115548E-03,-1.0011718E-03)  
 (-7.8231096E-03,-2.0023435E-03)
    0.000000       -2.000000       -1.000000      (1.0952353E-02,2.7986243E-03)
   (-2.1711458E-04,2.5704503E-03)  (4.3422915E-04,-5.1409006E-03)
    0.000000       -1.000000       -2.000000      
 (-8.4936619E-03,2.2305176E-03)  (-8.3446503E-03,-6.0681487E-05)  
 (4.1723251E-03,3.0340743E-05)
    0.000000       -1.000000       -1.000000      (3.9488077E-03,7.9162419E-04)
   (7.3388219E-03,5.9977174E-03)  (-7.3388219E-03,-5.9977174E-03)
    1.000000        0.000000       -2.000000      (7.0035458E-03,4.3958426E-03)
   (-2.2957101E-03,7.8976154E-03)  (3.5017729E-03,2.1979213E-03)
    1.000000        0.000000       -1.000000      
 (4.1536987E-03,-2.9103830E-05)  (9.4994903E-03,-2.2538006E-03)  
 (4.1536987E-03,-2.9103830E-05)
    1.000000        1.000000       -2.000000      
 (-3.1944364E-03,-2.9243529E-03)  (1.5692785E-03,-1.3075769E-02)  
 (-8.1257895E-04,-7.9907477E-03)
    1.000000        1.000000       -1.000000      
 (-8.6426735E-03,-5.1409006E-03)  (3.6787242E-03,-6.6007487E-04)  
 (-4.9546361E-03,-5.7928264E-03)
    1.000000        2.000000       -1.000000      
 (-9.9465251E-03,-3.8649887E-03)  (1.8859282E-03,2.3934990E-03)  
 (-6.1653554E-03,9.1968104E-04)
    1.000000       -2.000000       -1.000000      
 (-8.0792233E-04,-6.3888729E-03)  (-1.5599653E-03,-3.7532300E-03)  
 (2.3096800E-03,1.1199154E-03)
    1.000000       -1.000000       -2.000000      (4.4517219E-03,2.5564805E-03)
   (-3.1106174E-03,2.8032809E-03)  (3.7811697E-03,-1.2369128E-04)
    1.000000       -1.000000       -1.000000      
 (-8.8289380E-03,2.6635826E-03)  (-8.5867941E-03,1.0733493E-03)  
 (-2.3923349E-04,1.5925616E-03)
    2.000000        0.000000       -1.000000      
 (-6.2398612E-04,4.3958426E-03)  (-9.5926225E-04,7.0594251E-03)  
 (-1.2479722E-03,8.7916851E-03)
    2.000000        1.000000       -1.000000      (3.9348379E-04,3.6554411E-04)
   (4.1723251E-03,-7.0221722E-03)  (4.9546361E-03,-6.2957406E-03)
    2.000000       -1.000000       -1.000000      
 (-1.6111881E-03,1.5919795E-04)  (1.0919757E-03,4.1723251E-03)  
 (-4.3120235E-03,-3.8556755E-03)
