   0.00000000       0.00000000      -2.00000000     (  7.74860382E-03,  2.88709998E-03) ( -1.13248825E-02,  5.06639481E-03) (  0.00000000    ,  0.00000000    )
   0.00000000       0.00000000      -1.00000000     ( -4.23751771E-04,  1.14738941E-02) (  2.13831663E-02, -5.71832061E-03) (  0.00000000    ,  0.00000000    )
   0.00000000       1.00000000      -2.00000000     ( -1.82539225E-03,  2.54251063E-03) (  3.60887498E-04, -2.92435288E-03) (  1.80443749E-04, -1.46217644E-03)
   0.00000000       1.00000000      -1.00000000     ( -8.45640898E-03,  1.14366412E-02) ( -5.66244125E-03, -6.10947609E-03) ( -5.66244125E-03, -6.10947609E-03)
   0.00000000       2.00000000      -1.00000000     (  2.06753612E-03,  2.23371899E-05) ( -7.31088221E-04, -1.17579475E-04) ( -1.46217644E-03, -2.35158950E-04)
   0.00000000      -2.00000000      -1.00000000     ( -8.23638402E-05,  2.29105353E-03) ( -1.31782144E-03, -9.73232090E-04) (  2.63564289E-03,  1.94646418E-03)
   0.00000000      -1.00000000      -2.00000000     (  5.15952706E-03,  3.74391675E-03) ( -3.42726707E-03, -1.87195837E-03) (  1.71363354E-03,  9.35979187E-04)
   0.00000000      -1.00000000      -1.00000000     ( -6.09084964E-03,  2.90572643E-03) (  4.07919288E-03,  1.28522515E-03) ( -4.07919288E-03, -1.28522515E-03)
   1.00000000       0.00000000      -2.00000000     ( -1.67638063E-03, -1.19209290E-03) ( -1.00117177E-04,  5.53205609E-03) ( -8.38190317E-04, -5.96046448E-04)
   1.00000000       0.00000000      -1.00000000     (  1.03190541E-02, -5.84870577E-03) ( -3.83704901E-03,  3.05473804E-02) (  1.03190541E-02, -5.84870577E-03)
   1.00000000       1.00000000      -2.00000000     (  1.10827386E-03,  2.13272870E-03) ( -3.53902578E-03, -7.40401447E-04) ( -1.22003257E-03,  6.93835318E-04)
   1.00000000       1.00000000      -1.00000000     (  2.71014869E-03,  5.88595867E-03) ( -6.61239028E-04, -3.85567546E-03) (  2.04890966E-03,  2.03028321E-03)
   1.00000000       2.00000000      -1.00000000     (  2.14204192E-03,  1.66706741E-03) (  4.80213203E-05,  1.08848326E-04) (  2.24448740E-03,  1.88127160E-03)
   1.00000000      -2.00000000      -1.00000000     (  8.47503543E-04,  2.63564289E-03) (  1.25728548E-04,  7.26431608E-04) (  5.93718141E-04,  1.18277967E-03)
   1.00000000      -1.00000000      -2.00000000     ( -7.49714673E-04, -5.38304448E-03) ( -8.94069672E-04,  3.14787030E-03) (  7.21774995E-05, -4.26545739E-03)
   1.00000000      -1.00000000      -1.00000000     ( -2.36555934E-03,  5.54136932E-04) ( -2.44006515E-03, -4.76837158E-03) (  7.27595761E-05,  5.30853868E-03)
   2.00000000       0.00000000      -1.00000000     ( -1.48080289E-03, -3.70200723E-04) ( -4.48897481E-03,  2.42143869E-04) ( -2.96160579E-03, -7.40401447E-04)
   2.00000000       1.00000000      -1.00000000     (  1.89989805E-03,  1.76951289E-03) ( -3.46451998E-03, -2.96160579E-03) (  3.35276127E-04,  5.79748303E-04)
   2.00000000      -1.00000000      -1.00000000     (  2.02562660E-04, -9.82545316E-04) (  9.68575478E-04,  6.34463504E-05) ( -5.65778464E-04, -2.03028321E-03)
