   0.00000000       0.00000000      -2.00000000     (  1.79745257E-03,  3.14787030E-03) ( -2.16066837E-03,  1.71130523E-04) (  0.00000000    ,  0.00000000    )
   0.00000000       0.00000000      -1.00000000     (  2.72691250E-02, -1.10268593E-02) (  1.48266554E-02,  3.27825546E-02) (  0.00000000    ,  0.00000000    )
   0.00000000       1.00000000      -2.00000000     (  2.18860805E-04,  1.40629709E-03) (  6.10016286E-04,  1.62050128E-03) (  3.05008143E-04,  8.10250640E-04)
   0.00000000       1.00000000      -1.00000000     (  1.59814954E-02,  2.01910734E-02) (  8.07922333E-04,  9.40635800E-04) (  8.07922333E-04,  9.40635800E-04)
   0.00000000       2.00000000      -1.00000000     ( -6.07222319E-03, -1.63912773E-03) ( -1.14552677E-03, -8.61473382E-04) ( -2.29105353E-03, -1.72294676E-03)
   0.00000000      -2.00000000      -1.00000000     (  1.22934580E-03, -2.96160579E-03) ( -1.17346644E-03,  6.19329512E-04) (  2.34693289E-03, -1.23865902E-03)
   0.00000000      -1.00000000      -2.00000000     ( -3.44589353E-03, -1.21071935E-03) ( -1.05239451E-03, -1.23400241E-04) (  5.26197255E-04,  6.17001206E-05)
   0.00000000      -1.00000000      -1.00000000     (  6.10947609E-03,  4.25614417E-03) (  2.52388418E-03,  1.07660890E-02) ( -2.52388418E-03, -1.07660890E-02)
   1.00000000       0.00000000      -2.00000000     ( -1.24797225E-03,  2.62632966E-03) ( -2.27242708E-03,  3.42726707E-03) ( -6.23986125E-04,  1.31316483E-03)
   1.00000000       0.00000000      -1.00000000     (  5.34579158E-03, -8.14907253E-05) ( -5.55883162E-05, -2.80328095E-03) (  5.34579158E-03, -8.14907253E-05)
   1.00000000       1.00000000      -2.00000000     ( -2.79396772E-03,  9.77888703E-04) (  2.23517418E-03, -2.84984708E-03) ( -2.81725079E-04, -9.40635800E-04)
   1.00000000       1.00000000      -1.00000000     ( -3.20374966E-03, -1.16415322E-03) (  2.84984708E-03,  6.37955964E-04) ( -3.53902578E-04, -5.21540642E-04)
   1.00000000       2.00000000      -1.00000000     ( -5.35510480E-04,  9.68575478E-04) ( -4.12110239E-04,  1.19209290E-03) ( -1.35973096E-03,  3.35276127E-03)
   1.00000000      -2.00000000      -1.00000000     (  2.18860805E-04, -3.93483788E-04) (  1.02445483E-03,  3.79513949E-04) ( -1.83470547E-03, -1.15483999E-03)
   1.00000000      -1.00000000      -2.00000000     ( -7.68341124E-04, -1.89989805E-03) ( -4.98257577E-04, -1.35973096E-03) ( -1.33877620E-04, -2.72411853E-04)
   1.00000000      -1.00000000      -1.00000000     ( -9.87201929E-04,  4.30736691E-04) ( -2.16066837E-03,  3.93483788E-04) (  1.17346644E-03,  3.78349796E-05)
   2.00000000       0.00000000      -1.00000000     ( -9.17352736E-04, -5.77419996E-04) ( -2.23517418E-03,  3.28291208E-04) ( -1.83470547E-03, -1.15483999E-03)
   2.00000000       1.00000000      -1.00000000     ( -2.79396772E-04,  5.09317033E-05) (  7.72997737E-04, -8.70786607E-04) (  2.13040039E-04, -7.72997737E-04)
   2.00000000      -1.00000000      -1.00000000     ( -1.68802217E-04, -4.47034836E-04) (  2.39815563E-04, -2.66358256E-03) ( -5.77419996E-04,  1.76019967E-03)
