   0.00000000       0.00000000       1.00000000     (  2.56299973E-02,  1.11013651E-02) (  1.06543303E-02, -3.01748514E-02) (  0.00000000    ,  0.00000000    )
   0.00000000       0.00000000       2.00000000     (  3.24100256E-03, -4.09781933E-03) ( -2.44006515E-03,  2.91038305E-04) (  0.00000000    ,  0.00000000    )
   0.00000000       1.00000000       0.00000000     ( -9.20146704E-03,  7.80448318E-03) (  0.00000000    ,  0.00000000    ) (  2.33761966E-03,  2.43075192E-03)
   0.00000000       1.00000000       1.00000000     (  4.80562449E-03, -5.06639481E-03) (  3.62284482E-03, -9.83476639E-03) ( -3.62284482E-03,  9.83476639E-03)
   0.00000000       1.00000000       2.00000000     ( -4.82425094E-03,  1.21071935E-03) ( -2.00234354E-03,  8.26548785E-05) (  1.00117177E-03, -4.13274392E-05)
   0.00000000       2.00000000       0.00000000     ( -3.35276127E-03, -2.73808837E-03) (  0.00000000    ,  0.00000000    ) ( -3.85567546E-03,  7.07805157E-04)
   0.00000000       2.00000000       1.00000000     (  1.56462193E-03,  4.09781933E-03) ( -1.75088644E-03, -1.07102096E-03) (  3.50177288E-03,  2.14204192E-03)
   0.00000000      -2.00000000       0.00000000     ( -3.35276127E-03,  2.73808837E-03) (  0.00000000    ,  0.00000000    ) ( -3.85567546E-03, -7.07805157E-04)
   0.00000000      -2.00000000       1.00000000     ( -8.00937414E-03,  2.05822289E-03) ( -1.38767064E-03,  1.14552677E-03) ( -2.77534127E-03,  2.29105353E-03)
   0.00000000      -1.00000000       0.00000000     ( -9.20146704E-03, -7.80448318E-03) (  0.00000000    ,  0.00000000    ) (  2.33761966E-03, -2.43075192E-03)
   0.00000000      -1.00000000       1.00000000     (  1.53854489E-02, -1.79558992E-02) (  1.57160684E-04, -1.53202564E-03) (  1.57160684E-04, -1.53202564E-03)
   0.00000000      -1.00000000       2.00000000     (  4.30736691E-04, -2.28174031E-03) (  6.05359674E-04, -1.74157321E-03) (  3.02679837E-04, -8.70786607E-04)
   1.00000000       0.00000000       0.00000000     (  0.00000000    ,  0.00000000    ) ( -1.53481960E-02,  7.52508640E-03) (  2.92807817E-02,  2.46614218E-02)
   1.00000000       0.00000000       1.00000000     (  4.67523932E-03, -2.48663127E-03) ( -3.02493572E-02,  1.49011612E-02) ( -4.67523932E-03,  2.48663127E-03)
   1.00000000       0.00000000       2.00000000     (  1.20606273E-03,  2.44006515E-03) (  6.33299351E-03,  2.63564289E-03) ( -6.03031367E-04, -1.22003257E-03)
   1.00000000       1.00000000       0.00000000     (  5.86733222E-03,  4.93600965E-03) ( -5.86733222E-03, -4.93600965E-03) ( -9.16421413E-03,  6.85453415E-03)
   1.00000000       1.00000000       1.00000000     ( -2.26311386E-03, -1.40629709E-03) (  1.05705112E-03,  4.12110239E-04) (  1.20606273E-03,  9.96515155E-04)
   1.00000000       1.00000000       2.00000000     ( -3.84170562E-04, -1.63912773E-03) ( -3.39001417E-03, -5.73345460E-05) (  1.89058483E-03,  8.47503543E-04)
   1.00000000       2.00000000       0.00000000     ( -1.32247806E-03,  4.76837158E-03) (  6.61239028E-04, -2.38418579E-03) ( -4.54019755E-04,  2.26311386E-03)
   1.00000000       2.00000000       1.00000000     (  4.52622771E-03,  1.23400241E-03) ( -3.48314643E-03, -1.77882612E-03) (  2.43075192E-03,  2.32830644E-03)
   1.00000000      -2.00000000       0.00000000     (  3.24798748E-04, -2.30967999E-03) (  1.62399374E-04, -1.15483999E-03) ( -1.07567757E-03,  2.12341547E-03)
   1.00000000      -2.00000000       1.00000000     ( -6.93835318E-04,  1.92783773E-03) ( -1.04773790E-03,  2.35624611E-03) ( -1.39698386E-03,  2.77534127E-03)
   1.00000000      -1.00000000       0.00000000     ( -5.88595867E-03, -1.20326877E-02) ( -5.88595867E-03, -1.20326877E-02) ( -7.00354576E-03,  7.39470124E-03)
   1.00000000      -1.00000000       1.00000000     (  1.70432031E-03,  3.25962901E-03) ( -1.97440386E-03,  9.45292413E-04) ( -3.66941094E-03, -2.30967999E-03)
   1.00000000      -1.00000000       2.00000000     (  1.99303031E-03,  2.79396772E-03) (  3.37138772E-03,  2.75671482E-03) (  6.82193786E-04, -1.93540473E-05)
   2.00000000       0.00000000       0.00000000     (  0.00000000    ,  0.00000000    ) (  5.81145287E-03, -1.34110451E-03) ( -3.55765224E-03,  1.44354999E-04)
   2.00000000       0.00000000       1.00000000     ( -1.04308128E-03, -1.88127160E-03) (  8.42846930E-04,  4.76837158E-03) (  2.08616257E-03,  3.76254320E-03)
   2.00000000       1.00000000       0.00000000     ( -2.08616257E-03,  1.90921128E-04) (  4.17232513E-03, -3.81842256E-04) (  8.55652615E-05, -6.33299351E-03)
   2.00000000       1.00000000       1.00000000     (  7.50878826E-05,  1.88127160E-03) ( -7.77654350E-04, -3.63215804E-03) (  6.28642738E-04, -1.41444616E-04)
   2.00000000      -1.00000000       0.00000000     (  1.09896064E-03,  1.41561031E-03) (  2.19792128E-03,  2.83122063E-03) ( -1.55996531E-04,  1.49011612E-03)
   2.00000000      -1.00000000       1.00000000     ( -2.23517418E-03,  5.96046448E-04) ( -1.69500709E-03, -6.89178705E-04) (  2.77534127E-03, -1.88127160E-03)
