   0.00000000       0.00000000       1.00000000     (  7.95349479E-03, -1.22934580E-02) (  3.79234552E-02, -5.88595867E-03) (  0.00000000    ,  0.00000000    )
   0.00000000       0.00000000       2.00000000     (  1.19209290E-03, -2.79396772E-04) ( -1.15483999E-03, -4.00468707E-04) (  0.00000000    ,  0.00000000    )
   0.00000000       1.00000000       0.00000000     (  1.59721822E-03, -4.36790287E-03) (  0.00000000    ,  0.00000000    ) (  1.60560012E-02,  2.63564289E-03)
   0.00000000       1.00000000       1.00000000     (  5.66244125E-03,  4.08850610E-03) (  3.18512321E-03, -1.17346644E-03) ( -3.18512321E-03,  1.17346644E-03)
   0.00000000       1.00000000       2.00000000     (  5.40167093E-04, -6.51925802E-04) ( -1.67638063E-04,  2.88709998E-04) (  8.38190317E-05, -1.44354999E-04)
   0.00000000       2.00000000       0.00000000     (  7.82310963E-04,  3.16649675E-04) (  0.00000000    ,  0.00000000    ) ( -1.09430403E-04,  2.60770321E-04)
   0.00000000       2.00000000       1.00000000     (  3.91155481E-04, -3.91155481E-04) ( -4.07453626E-05, -7.45058060E-05) (  8.14907253E-05,  1.49011612E-04)
   0.00000000      -2.00000000       0.00000000     (  7.82310963E-04, -3.16649675E-04) (  0.00000000    ,  0.00000000    ) ( -1.09430403E-04, -2.60770321E-04)
   0.00000000      -2.00000000       1.00000000     ( -4.47034836E-04,  3.53902578E-04) ( -3.81842256E-04, -3.44589353E-04) ( -7.63684511E-04, -6.89178705E-04)
   0.00000000      -1.00000000       0.00000000     (  1.59721822E-03,  4.36790287E-03) (  0.00000000    ,  0.00000000    ) (  1.60560012E-02, -2.63564289E-03)
   0.00000000      -1.00000000       1.00000000     ( -6.94766641E-03, -2.26497650E-02) ( -9.40635800E-03,  4.14438546E-03) ( -9.40635800E-03,  4.14438546E-03)
   0.00000000      -1.00000000       2.00000000     (  3.16649675E-04, -3.63215804E-04) (  4.93600965E-04, -2.85217538E-05) (  2.46800482E-04, -1.42608769E-05)
   1.00000000       0.00000000       0.00000000     (  0.00000000    ,  0.00000000    ) ( -3.20374966E-02,  1.97440386E-02) (  1.72108412E-02, -2.50525773E-03)
   1.00000000       0.00000000       1.00000000     ( -2.91503966E-03,  7.56699592E-05) ( -1.04308128E-02, -1.72480941E-02) (  2.91503966E-03, -7.56699592E-05)
   1.00000000       0.00000000       2.00000000     ( -7.45058060E-04, -5.21540642E-04) (  3.35276127E-04,  2.98023224E-04) (  3.72529030E-04,  2.60770321E-04)
   1.00000000       1.00000000       0.00000000     (  3.69735062E-03,  4.12575901E-03) ( -3.69735062E-03, -4.12575901E-03) ( -5.02914190E-04,  1.10641122E-02)
   1.00000000       1.00000000       1.00000000     (  2.79396772E-04,  3.35276127E-04) ( -9.31322575E-04,  2.00234354E-04) (  6.51925802E-04, -5.30853868E-04)
   1.00000000       1.00000000       2.00000000     ( -1.04308128E-03,  1.67638063E-04) (  5.49480319E-04,  7.07805157E-04) (  2.42143869E-04, -4.37721610E-04)
   1.00000000       2.00000000       0.00000000     ( -1.72294676E-04,  5.96046448E-04) (  8.61473382E-05, -2.98023224E-04) ( -3.53902578E-04, -7.45058060E-05)
   1.00000000       2.00000000       1.00000000     (  1.62981451E-04,  3.25962901E-04) ( -2.51457095E-04, -9.08039510E-05) (  3.35276127E-04, -1.37370080E-04)
   1.00000000      -2.00000000       0.00000000     (  1.81607902E-04,  4.56348062E-04) (  9.08039510E-05,  2.28174031E-04) ( -3.63215804E-04, -5.40167093E-04)
   1.00000000      -2.00000000       1.00000000     ( -6.89178705E-04, -1.62981451E-05) ( -2.32830644E-04,  8.84756446E-05) (  2.14204192E-04,  1.90921128E-04)
   1.00000000      -1.00000000       0.00000000     (  1.82073563E-03, -3.35276127E-03) (  1.82073563E-03, -3.35276127E-03) ( -7.30156898E-03,  2.77906656E-02)
   1.00000000      -1.00000000       1.00000000     (  1.30385160E-03,  6.51925802E-04) (  4.07453626E-05, -1.15483999E-03) ( -1.26659870E-03, -1.78813934E-03)
   1.00000000      -1.00000000       2.00000000     ( -6.51925802E-04, -5.82076609E-05) ( -3.37604433E-05,  3.63215804E-04) (  3.07336450E-04,  2.14204192E-04)
   2.00000000       0.00000000       0.00000000     (  0.00000000    ,  0.00000000    ) (  1.30385160E-04,  9.31322575E-04) ( -4.00468707E-04, -2.74740160E-04)
   2.00000000       0.00000000       1.00000000     ( -1.07102096E-04,  5.70435077E-05) ( -2.88709998E-04,  1.13504939E-05) (  2.14204192E-04, -1.14087015E-04)
   2.00000000       1.00000000       0.00000000     (  2.61934474E-05,  1.97906047E-05) ( -5.23868948E-05, -3.95812094E-05) (  1.90921128E-04,  2.18860805E-04)
   2.00000000       1.00000000       1.00000000     ( -5.82076609E-05, -6.28642738E-05) ( -3.91155481E-04,  3.44589353E-04) (  5.12227416E-04, -2.18860805E-04)
   2.00000000      -1.00000000       0.00000000     ( -3.35276127E-04, -2.51457095E-04) ( -6.70552254E-04, -5.02914190E-04) (  2.51457095E-04,  1.35041773E-04)
   2.00000000      -1.00000000       1.00000000     ( -3.31783667E-05, -6.33299351E-04) ( -2.60770321E-04, -3.35276127E-04) ( -1.90921128E-04,  9.31322575E-04)
