   0.00000000       0.00000000       1.00000000     (  2.74926424E-02,  7.41332769E-03) (  2.80886889E-02, -3.37511301E-02) (  0.00000000    ,  0.00000000    )
   0.00000000       0.00000000       2.00000000     ( -1.88592821E-04,  1.58324838E-03) (  1.26659870E-03,  5.58793545E-04) (  0.00000000    ,  0.00000000    )
   0.00000000       1.00000000       0.00000000     ( -1.94460154E-02,  8.59145075E-04) (  0.00000000    ,  0.00000000    ) (  3.82773578E-03,  1.39698386E-02)
   0.00000000       1.00000000       1.00000000     (  8.30739737E-03,  4.13507223E-03) ( -1.57859176E-03, -1.00955367E-02) (  1.57859176E-03,  1.00955367E-02)
   0.00000000       1.00000000       2.00000000     (  1.41561031E-03, -2.28174031E-04) (  4.19095159E-04, -3.16649675E-04) ( -2.09547579E-04,  1.58324838E-04)
   0.00000000       2.00000000       0.00000000     (  1.88592821E-04, -7.26431608E-04) (  0.00000000    ,  0.00000000    ) (  1.08033419E-03, -1.49011612E-03)
   0.00000000       2.00000000       1.00000000     ( -6.23986125E-04, -7.45058060E-04) (  5.21540642E-04, -9.19681042E-05) ( -1.04308128E-03,  1.83936208E-04)
   0.00000000      -2.00000000       0.00000000     (  1.88592821E-04,  7.26431608E-04) (  0.00000000    ,  0.00000000    ) (  1.08033419E-03,  1.49011612E-03)
   0.00000000      -2.00000000       1.00000000     (  2.42143869E-03, -3.81842256E-04) (  4.84287739E-04, -3.35276127E-04) (  9.68575478E-04, -6.70552254E-04)
   0.00000000      -1.00000000       0.00000000     ( -1.94460154E-02, -8.59145075E-04) (  0.00000000    ,  0.00000000    ) (  3.82773578E-03, -1.39698386E-02)
   0.00000000      -1.00000000       1.00000000     (  8.75443220E-03, -2.83867121E-02) ( -5.52972779E-04,  2.30967999E-03) ( -5.52972779E-04,  2.30967999E-03)
   0.00000000      -1.00000000       2.00000000     (  2.37487257E-04,  3.44589353E-04) ( -1.42026693E-04,  6.51925802E-04) ( -7.10133463E-05,  3.25962901E-04)
   1.00000000       0.00000000       0.00000000     (  0.00000000    ,  0.00000000    ) ( -1.34110451E-02,  1.41561031E-02) (  3.53157520E-02,  2.67475843E-02)
   1.00000000       0.00000000       1.00000000     (  4.03262675E-03, -3.73460352E-03) ( -3.67313623E-02,  6.03497028E-03) ( -4.03262675E-03,  3.73460352E-03)
   1.00000000       0.00000000       2.00000000     ( -3.07336450E-04, -8.75443220E-04) ( -1.47148967E-03, -1.00582838E-03) (  1.53668225E-04,  4.37721610E-04)
   1.00000000       1.00000000       0.00000000     (  5.46686351E-03,  6.48200512E-03) ( -5.46686351E-03, -6.48200512E-03) ( -1.05239451E-02,  1.18464231E-02)
   1.00000000       1.00000000       1.00000000     ( -4.74974513E-04,  9.87201929E-04) (  9.31322575E-04, -8.38190317E-05) ( -4.56348062E-04, -8.94069672E-04)
   1.00000000       1.00000000       2.00000000     (  4.14438546E-04,  1.53668225E-04) (  1.72294676E-04, -9.54605639E-05) ( -2.93366611E-04, -2.85217538E-05)
   1.00000000       2.00000000       0.00000000     (  6.42612576E-04, -8.56816769E-04) ( -3.21306288E-04,  4.28408384E-04) ( -9.31322575E-04,  4.19095159E-04)
   1.00000000       2.00000000       1.00000000     ( -1.49011612E-03, -4.01632860E-05) (  1.17346644E-03,  3.16649675E-04) ( -8.56816769E-04, -5.86733222E-04)
   1.00000000      -2.00000000       0.00000000     (  2.23517418E-04,  8.75443220E-04) (  1.11758709E-04,  4.37721610E-04) (  8.38190317E-04,  5.02914190E-04)
   1.00000000      -2.00000000       1.00000000     (  2.79396772E-04, -1.13621354E-03) (  2.09547579E-04, -8.75443220E-04) (  1.42026693E-04, -6.23986125E-04)
   1.00000000      -1.00000000       0.00000000     ( -2.40746886E-03, -1.61677599E-02) ( -2.40746886E-03, -1.61677599E-02) ( -1.34482980E-02,  1.71735883E-02)
   1.00000000      -1.00000000       1.00000000     ( -7.63684511E-04, -2.00234354E-04) (  7.63684511E-04,  1.62050128E-03) (  1.52736902E-03,  1.82539225E-03)
   1.00000000      -1.00000000       2.00000000     (  7.91624188E-04, -1.11758709E-03) (  2.28174031E-04, -3.30619514E-04) ( -2.79396772E-04,  3.91155481E-04)
   2.00000000       0.00000000       0.00000000     (  0.00000000    ,  0.00000000    ) ( -1.47148967E-03, -9.68575478E-04) (  8.19563866E-04, -6.89178705E-04)
   2.00000000       0.00000000       1.00000000     ( -4.28408384E-04,  6.98491931E-04) ( -1.65309757E-04, -7.54371285E-04) (  8.56816769E-04, -1.39698386E-03)
   2.00000000       1.00000000       0.00000000     (  5.30853868E-04, -3.07336450E-04) ( -1.06170774E-03,  6.14672899E-04) (  1.69966370E-04,  2.28174031E-04)
   2.00000000       1.00000000       1.00000000     (  9.19681042E-05, -2.04890966E-04) ( -6.51925802E-04,  1.35973096E-03) (  4.65661287E-04, -9.49949026E-04)
   2.00000000      -1.00000000       0.00000000     (  2.04890966E-04, -6.79865479E-04) (  4.09781933E-04, -1.35973096E-03) (  2.23517418E-04, -6.79865479E-04)
   2.00000000      -1.00000000       1.00000000     (  8.00937414E-04, -3.56521923E-06) (  1.22934580E-03, -1.16415322E-04) ( -3.77185643E-04, -1.09430403E-04)
