   0.00000000       0.00000000       1.00000000     (  2.31713057E-02,  3.18512321E-03) (  3.39001417E-02, -2.78651714E-02) (  0.00000000    ,  0.00000000    )
   0.00000000       0.00000000       2.00000000     ( -1.86264515E-04,  8.38190317E-04) (  6.70552254E-04,  2.18860805E-04) (  0.00000000    ,  0.00000000    )
   0.00000000       1.00000000       0.00000000     ( -1.75461173E-02, -7.91624188E-04) (  0.00000000    ,  0.00000000    ) (  5.17815351E-03,  1.63540244E-02)
   0.00000000       1.00000000       1.00000000     (  8.08387995E-03,  9.14558768E-03) ( -2.85916030E-03, -6.23986125E-03) (  2.85916030E-03,  6.23986125E-03)
   0.00000000       1.00000000       2.00000000     (  5.02914190E-04,  1.49011612E-04) (  3.35276127E-04, -1.67638063E-04) ( -1.67638063E-04,  8.38190317E-05)
   0.00000000       2.00000000       0.00000000     ( -2.42143869E-04, -8.00937414E-04) (  0.00000000    ,  0.00000000    ) (  8.94069672E-04, -9.12696123E-04)
   0.00000000       2.00000000       1.00000000     ( -4.65661287E-04,  4.54019755E-05) (  2.79396772E-04, -1.44354999E-04) ( -5.58793545E-04,  2.88709998E-04)
   0.00000000      -2.00000000       0.00000000     ( -2.42143869E-04,  8.00937414E-04) (  0.00000000    ,  0.00000000    ) (  8.94069672E-04,  9.12696123E-04)
   0.00000000      -2.00000000       1.00000000     (  9.31322575E-04, -6.28642738E-05) (  8.61473382E-05,  4.30736691E-05) (  1.72294676E-04,  8.61473382E-05)
   0.00000000      -1.00000000       0.00000000     ( -1.75461173E-02,  7.91624188E-04) (  0.00000000    ,  0.00000000    ) (  5.17815351E-03, -1.63540244E-02)
   0.00000000      -1.00000000       1.00000000     (  1.43889338E-03, -3.15904617E-02) ( -3.71597707E-03,  3.40864062E-03) ( -3.71597707E-03,  3.40864062E-03)
   0.00000000      -1.00000000       2.00000000     ( -1.58324838E-04,  3.37604433E-05) (  2.23517418E-04,  2.42143869E-04) (  1.11758709E-04,  1.21071935E-04)
   1.00000000       0.00000000       0.00000000     (  0.00000000    ,  0.00000000    ) ( -1.54972076E-02,  1.69873238E-02) (  3.11434269E-02,  1.91107392E-02)
   1.00000000       0.00000000       1.00000000     (  6.89178705E-04, -3.39001417E-03) ( -3.19629908E-02, -2.71946192E-03) ( -6.89178705E-04,  3.39001417E-03)
   1.00000000       0.00000000       2.00000000     (  8.61473382E-05, -5.40167093E-04) ( -4.28408384E-04, -4.47034836E-04) ( -4.30736691E-05,  2.70083547E-04)
   1.00000000       1.00000000       0.00000000     (  2.34693289E-03,  3.09199095E-03) ( -2.34693289E-03, -3.09199095E-03) ( -1.08778477E-02,  1.27404928E-02)
   1.00000000       1.00000000       1.00000000     ( -4.19095159E-04,  3.81842256E-04) (  7.63684511E-04,  2.91038305E-05) ( -3.35276127E-04, -4.09781933E-04)
   1.00000000       1.00000000       2.00000000     (  4.47034836E-04,  9.77888703E-05) ( -7.45058060E-05, -1.58324838E-04) ( -1.86264515E-04,  2.85217538E-05)
   1.00000000       2.00000000       0.00000000     ( -7.91624188E-05, -1.07102096E-04) (  3.95812094E-05,  5.35510480E-05) ( -5.40167093E-04, -2.60770321E-04)
   1.00000000       2.00000000       1.00000000     ( -6.70552254E-04, -3.07336450E-04) (  4.56348062E-04,  1.39698386E-04) ( -2.51457095E-04,  2.91038305E-05)
   1.00000000      -2.00000000       0.00000000     (  3.35276127E-04,  3.35276127E-04) (  1.67638063E-04,  1.67638063E-04) (  3.63215804E-04,  5.40167093E-04)
   1.00000000      -2.00000000       1.00000000     (  2.28174031E-04, -2.70083547E-04) (  9.54605639E-05, -2.18860805E-04) ( -3.49245965E-05, -1.62981451E-04)
   1.00000000      -1.00000000       0.00000000     ( -1.18277967E-03, -1.19954348E-02) ( -1.18277967E-03, -1.19954348E-02) ( -1.32620335E-02,  2.34693289E-02)
   1.00000000      -1.00000000       1.00000000     ( -6.51925802E-04, -1.76951289E-04) (  2.70083547E-04,  1.04308128E-03) (  9.31322575E-04,  1.22934580E-03)
   1.00000000      -1.00000000       2.00000000     (  8.19563866E-04, -8.00937414E-04) (  2.79396772E-04, -2.88709998E-04) ( -2.70083547E-04,  2.51457095E-04)
   2.00000000       0.00000000       0.00000000     (  0.00000000    ,  0.00000000    ) ( -6.70552254E-04, -9.31322575E-04) (  3.25962901E-04, -7.26431608E-04)
   2.00000000       0.00000000       1.00000000     ( -2.32830644E-04,  3.91155481E-04) ( -2.09547579E-04, -5.02914190E-04) (  4.65661287E-04, -7.82310963E-04)
   2.00000000       1.00000000       0.00000000     (  1.14087015E-04, -3.44589353E-04) ( -2.28174031E-04,  6.89178705E-04) (  4.00468707E-04, -6.14672899E-04)
   2.00000000       1.00000000       1.00000000     ( -1.30385160E-04, -1.21071935E-04) ( -1.76951289E-04,  8.38190317E-04) (  4.37721610E-04, -5.96046448E-04)
   2.00000000      -1.00000000       0.00000000     (  1.81607902E-04, -2.98023224E-04) (  3.63215804E-04, -5.96046448E-04) (  2.60770321E-04, -1.49011612E-04)
   2.00000000      -1.00000000       1.00000000     (  3.25962901E-04, -6.05359674E-05) (  8.38190317E-04, -6.75208867E-05) (  1.72294676E-04,  5.12227416E-05)
