    0.000000        0.000000       -2.000000      (6.7614019E-03,1.5553087E-03)
   (6.1094761E-03,-4.8428774E-03)  (0.000000,0.000000)
    0.000000        0.000000       -1.000000      
 (2.1085143E-02,-1.1660159E-02)  (-8.9779496E-03,1.6465783E-02)  
 (0.000000,0.000000)
    0.000000        1.000000       -2.000000      
 (-1.3522804E-02,-1.7322600E-03)  (-2.6449561E-03,-7.7532604E-04)  
 (-1.3224781E-03,-3.8766302E-04)
    0.000000        1.000000       -1.000000      (6.4633787E-03,5.7742000E-03)
   (-1.8253922E-03,4.5262277E-03)  (-1.8253922E-03,4.5262277E-03)
    0.000000        2.000000       -1.000000      
 (-1.2628734E-02,1.1473894E-02)  (-3.7439167E-03,-1.0617077E-03)  
 (-7.4878335E-03,-2.1234155E-03)
    0.000000       -2.000000       -1.000000      (9.9837780E-03,3.0174851E-03)
   (-3.7020072E-04,1.8626451E-03)  (7.4040145E-04,-3.7252903E-03)
    0.000000       -1.000000       -2.000000      
 (-8.2328916E-03,2.4680048E-03)  (-4.8615038E-03,1.5366822E-03)  
 (2.4307519E-03,-7.6834112E-04)
    0.000000       -1.000000       -1.000000      
 (4.3585896E-03,-2.9616058E-03)  (6.0349703E-03,4.5821071E-03)  
 (-6.0349703E-03,-4.5821071E-03)
    1.000000        0.000000       -2.000000      (8.6240470E-03,2.7008355E-03)
   (-3.7625432E-03,4.4796616E-03)  (4.3120235E-03,1.3504177E-03)
    1.000000        0.000000       -1.000000      
 (3.7997961E-03,-7.6135620E-04)  (7.3388219E-03,-4.3958426E-03)  
 (3.7997961E-03,-7.6135620E-04)
    1.000000        1.000000       -2.000000      
 (-3.3807009E-03,-2.2293534E-04)  (-2.8358772E-03,-1.3448298E-02)  
 (-3.1106174E-03,-6.8359077E-03)
    1.000000        1.000000       -1.000000      
 (-8.2328916E-03,-8.3819032E-04)  (2.1513551E-03,-1.4528632E-03)  
 (-6.0722232E-03,-2.2910535E-03)
    1.000000        2.000000       -1.000000      
 (-8.9034438E-03,-1.1263182E-04)  (1.5133992E-03,2.8498471E-03)  
 (-5.8859587E-03,5.5786222E-03)
    1.000000       -2.000000       -1.000000      
 (4.7497451E-04,-4.2747706E-03)  (-7.2875991E-04,-1.5785918E-03)  
 (1.9324943E-03,-1.1222437E-03)
    1.000000       -1.000000       -2.000000      (4.8615038E-03,3.4749974E-04)
   (-4.3213367E-03,1.5972182E-03)  (4.5914203E-03,-6.2398612E-04)
    1.000000       -1.000000       -1.000000      
 (-1.0225922E-02,4.4517219E-03)  (-6.3702464E-03,4.0745363E-04)  
 (-3.8463622E-03,4.0419400E-03)
    2.000000        0.000000       -1.000000      (2.0023435E-03,4.2282045E-03)
   (7.6554716E-03,7.5809658E-03)  (4.0046871E-03,8.4564090E-03)
    2.000000        1.000000       -1.000000      
 (-1.0780059E-03,-1.9092113E-03)  (3.8929284E-03,-4.8428774E-03)  
 (1.7322600E-03,-8.6612999E-03)
    2.000000       -1.000000       -1.000000      
 (-1.6018748E-03,2.5331974E-03)  (2.4854671E-04,6.2957406E-03)  
 (-3.4552068E-03,-1.2386590E-03)
