   0.00000000       0.00000000       1.00000000     (  2.36928463E-02,  3.53902578E-03) (  3.38256359E-02, -2.86102295E-02) (  0.00000000    ,  0.00000000    )
   0.00000000       0.00000000       2.00000000     ( -2.65426934E-04,  1.34110451E-03) (  1.04308128E-03,  3.72529030E-04) (  0.00000000    ,  0.00000000    )
   0.00000000       1.00000000       0.00000000     ( -1.80304050E-02, -7.14790076E-04) (  0.00000000    ,  0.00000000    ) (  5.06639481E-03,  1.64657831E-02)
   0.00000000       1.00000000       1.00000000     (  8.13975930E-03,  8.95932317E-03) ( -2.84984708E-03, -6.61239028E-03) (  2.84984708E-03,  6.61239028E-03)
   0.00000000       1.00000000       2.00000000     (  8.38190317E-04,  2.09547579E-04) (  5.21540642E-04, -2.79396772E-04) ( -2.60770321E-04,  1.39698386E-04)
   0.00000000       2.00000000       0.00000000     ( -3.58559191E-04, -1.24797225E-03) (  0.00000000    ,  0.00000000    ) (  1.37835741E-03, -1.47148967E-03)
   0.00000000       2.00000000       1.00000000     ( -7.26431608E-04,  1.60071068E-05) (  4.47034836E-04, -2.28174031E-04) ( -8.94069672E-04,  4.56348062E-04)
   0.00000000      -2.00000000       0.00000000     ( -3.58559191E-04,  1.24797225E-03) (  0.00000000    ,  0.00000000    ) (  1.37835741E-03,  1.47148967E-03)
   0.00000000      -2.00000000       1.00000000     (  1.52736902E-03, -1.23400241E-04) (  1.62981451E-04,  3.37604433E-05) (  3.25962901E-04,  6.75208867E-05)
   0.00000000      -1.00000000       0.00000000     ( -1.80304050E-02,  7.14790076E-04) (  0.00000000    ,  0.00000000    ) (  5.06639481E-03, -1.64657831E-02)
   0.00000000      -1.00000000       1.00000000     (  1.91386789E-03, -3.16649675E-02) ( -3.50177288E-03,  3.45520675E-03) ( -3.50177288E-03,  3.45520675E-03)
   0.00000000      -1.00000000       2.00000000     ( -2.09547579E-04,  7.21774995E-05) (  3.25962901E-04,  3.91155481E-04) (  1.62981451E-04,  1.95577741E-04)
   1.00000000       0.00000000       0.00000000     (  0.00000000    ,  0.00000000    ) ( -1.53481960E-02,  1.69500709E-02) (  3.18139791E-02,  1.99303031E-02)
   1.00000000       0.00000000       1.00000000     (  9.80217010E-04, -3.52971256E-03) ( -3.27080488E-02, -2.10944563E-03) ( -9.80217010E-04,  3.52971256E-03)
   1.00000000       0.00000000       2.00000000     (  9.31322575E-05, -8.75443220E-04) ( -7.07805157E-04, -7.17118382E-04) ( -4.65661287E-05,  4.37721610E-04)
   1.00000000       1.00000000       0.00000000     (  2.60770321E-03,  3.35276127E-03) ( -2.60770321E-03, -3.35276127E-03) ( -1.09337270E-02,  1.28522515E-02)
   1.00000000       1.00000000       1.00000000     ( -6.70552254E-04,  6.23986125E-04) (  1.17346644E-03,  3.84170562E-05) ( -5.12227416E-04, -6.61239028E-04)
   1.00000000       1.00000000       2.00000000     (  6.79865479E-04,  1.53668225E-04) ( -1.11758709E-04, -2.18860805E-04) ( -2.84053385E-04,  3.14321369E-05)
   1.00000000       2.00000000       0.00000000     ( -5.35510480E-05, -2.09547579E-04) (  2.67755240E-05,  1.04773790E-04) ( -8.94069672E-04, -3.39932740E-04)
   1.00000000       2.00000000       1.00000000     ( -1.09896064E-03, -4.56348062E-04) (  7.45058060E-04,  2.32830644E-04) ( -3.91155481E-04, -7.27595761E-06)
   1.00000000      -2.00000000       0.00000000     (  5.02914190E-04,  5.58793545E-04) (  2.51457095E-04,  2.79396772E-04) (  5.68106771E-04,  8.19563866E-04)
   1.00000000      -2.00000000       1.00000000     (  3.49245965E-04, -4.84287739E-04) (  1.51339918E-04, -3.81842256E-04) ( -4.88944352E-05, -2.79396772E-04)
   1.00000000      -1.00000000       0.00000000     ( -1.25495717E-03, -1.24424696E-02) ( -1.25495717E-03, -1.24424696E-02) ( -1.34855509E-02,  2.31713057E-02)
   1.00000000      -1.00000000       1.00000000     ( -1.00582838E-03, -2.65426934E-04) (  4.47034836E-04,  1.63912773E-03) (  1.45286322E-03,  1.89989805E-03)
   1.00000000      -1.00000000       2.00000000     (  1.28522515E-03, -1.24797225E-03) (  4.28408384E-04, -4.37721610E-04) ( -4.28408384E-04,  4.09781933E-04)
   2.00000000       0.00000000       0.00000000     (  0.00000000    ,  0.00000000    ) ( -1.08033419E-03, -1.45286322E-03) (  5.40167093E-04, -1.13621354E-03)
   2.00000000       0.00000000       1.00000000     ( -3.81842256E-04,  6.23986125E-04) ( -3.07336450E-04, -7.82310963E-04) (  7.63684511E-04, -1.24797225E-03)
   2.00000000       1.00000000       0.00000000     (  2.09547579E-04, -5.21540642E-04) ( -4.19095159E-04,  1.04308128E-03) (  5.86733222E-04, -8.94069672E-04)
   2.00000000       1.00000000       1.00000000     ( -1.86264515E-04, -1.86264515E-04) ( -3.21306288E-04,  1.34110451E-03) (  6.89178705E-04, -9.68575478E-04)
   2.00000000      -1.00000000       0.00000000     (  2.79396772E-04, -4.93600965E-04) (  5.58793545E-04, -9.87201929E-04) (  4.00468707E-04, -2.74740160E-04)
   2.00000000      -1.00000000       1.00000000     (  5.30853868E-04, -8.73114914E-05) (  1.30385160E-03, -1.18743628E-04) (  2.37487257E-04,  5.58793545E-05)
