   0.00000000       0.00000000      -2.00000000     (  2.45869160E-03,  3.61353159E-03) ( -2.32830644E-03, -3.75439413E-05) (  0.00000000    ,  0.00000000    )
   0.00000000       0.00000000      -1.00000000     (  2.65240669E-02, -1.11758709E-02) (  1.26287341E-02,  3.15904617E-02) (  0.00000000    ,  0.00000000    )
   0.00000000       1.00000000      -2.00000000     (  3.49245965E-04,  1.82539225E-03) (  6.05359674E-04,  1.74157321E-03) (  3.02679837E-04,  8.70786607E-04)
   0.00000000       1.00000000      -1.00000000     (  1.58697367E-02,  1.90362334E-02) (  5.00585884E-04,  1.28988177E-03) (  5.00585884E-04,  1.28988177E-03)
   0.00000000       2.00000000      -1.00000000     ( -7.00354576E-03, -1.89058483E-03) ( -1.27591193E-03, -9.91858542E-04) ( -2.55182385E-03, -1.98371708E-03)
   0.00000000      -2.00000000      -1.00000000     (  1.37835741E-03, -3.53902578E-03) ( -1.44354999E-03,  8.33533704E-04) (  2.88709998E-03, -1.66706741E-03)
   0.00000000      -1.00000000      -2.00000000     ( -4.09781933E-03, -1.25728548E-03) ( -1.46217644E-03, -9.54605639E-05) (  7.31088221E-04,  4.77302819E-05)
   0.00000000      -1.00000000      -1.00000000     (  5.42029738E-03,  4.82425094E-03) (  3.13855708E-03,  1.03190541E-02) ( -3.13855708E-03, -1.03190541E-02)
   1.00000000       0.00000000      -2.00000000     ( -1.17346644E-03,  3.18512321E-03) ( -2.77534127E-03,  4.26545739E-03) ( -5.86733222E-04,  1.59256160E-03)
   1.00000000       0.00000000      -1.00000000     (  4.75905836E-03,  8.06176104E-05) (  1.30385160E-03, -2.52388418E-03) (  4.75905836E-03,  8.06176104E-05)
   1.00000000       1.00000000      -2.00000000     ( -3.35276127E-03,  7.77654350E-04) (  2.98023224E-03, -3.29688191E-03) ( -1.80443749E-04, -1.25728548E-03)
   1.00000000       1.00000000      -1.00000000     ( -4.13507223E-03, -1.57393515E-03) (  3.57627869E-03,  6.42612576E-04) ( -5.44823706E-04, -9.26665962E-04)
   1.00000000       2.00000000      -1.00000000     ( -9.40635800E-04,  1.13155693E-03) ( -3.67872417E-04,  1.41561031E-03) ( -1.67638063E-03,  3.96743417E-03)
   1.00000000      -2.00000000      -1.00000000     (  5.47152013E-05, -6.28642738E-04) (  1.13621354E-03,  1.47847459E-04) ( -2.21654773E-03, -9.22009349E-04)
   1.00000000      -1.00000000      -2.00000000     ( -1.03842467E-03, -2.20723450E-03) ( -3.58559191E-04, -1.66706741E-03) ( -3.42261046E-04, -2.71247700E-04)
   1.00000000      -1.00000000      -1.00000000     ( -1.17346644E-03,  4.02797014E-04) ( -2.62632966E-03,  4.65661287E-04) (  1.46217644E-03, -6.22821972E-05)
   2.00000000       0.00000000      -1.00000000     ( -1.11758709E-03, -6.61239028E-04) ( -3.29688191E-03,  5.91389835E-04) ( -2.23517418E-03, -1.32247806E-03)
   2.00000000       1.00000000      -1.00000000     ( -2.21189111E-04,  2.52621248E-04) (  8.05594027E-04, -1.17346644E-03) (  3.60887498E-04, -6.70552254E-04)
   2.00000000      -1.00000000      -1.00000000     ( -5.12227416E-05, -7.35744834E-04) (  4.19095159E-04, -3.22237611E-03) ( -5.21540642E-04,  1.76019967E-03)
