    0.000000        0.000000        1.000000      (2.3022294E-02,1.2293458E-02)
   (-4.1350722E-03,-2.0191073E-02)  (0.000000,0.000000)
    0.000000        0.000000        2.000000      
 (8.4377825E-03,-2.7567148E-03)  (4.9825758E-03,2.7148053E-03)  
 (0.000000,0.000000)
    0.000000        1.000000        0.000000      
 (-4.0046871E-04,1.1622906E-02)  (0.000000,0.000000)  
 (2.8405339E-03,-3.4645200E-03)
    0.000000        1.000000        1.000000      
 (3.8743019E-03,-1.1641532E-03)  (7.3574483E-03,-6.1281025E-03)  
 (-7.3574483E-03,6.1281025E-03)
    0.000000        1.000000        2.000000      
 (-8.4005296E-03,-2.0861626E-03)  (-8.4377825E-03,1.6065314E-04)  
 (4.2188913E-03,-8.0326572E-05)
    0.000000        2.000000        0.000000      
 (-2.8579962E-04,-5.0850213E-03)  (0.000000,0.000000)  
 (-3.0919909E-03,1.8766150E-03)
    0.000000        2.000000        1.000000      
 (1.0486692E-02,-2.4959445E-03)  (-3.0209776E-04,-2.5797635E-03)  
 (6.0419552E-04,5.1595271E-03)
    0.000000       -2.000000        0.000000      
 (-2.8579962E-04,5.0850213E-03)  (0.000000,0.000000)  
 (-3.0919909E-03,-1.8766150E-03)
    0.000000       -2.000000        1.000000      
 (-1.2218952E-02,-8.6240470E-03)  (-3.7159771E-03,9.7556040E-04)  
 (-7.4319541E-03,1.9511208E-03)
    0.000000       -1.000000        0.000000      
 (-4.0046871E-04,-1.1622906E-02)  (0.000000,0.000000)  
 (2.8405339E-03,3.4645200E-03)
    0.000000       -1.000000        1.000000      
 (7.6368451E-03,-1.0170043E-02)  (-2.8219074E-03,-3.5110861E-03)  
 (-2.8219074E-03,-3.5110861E-03)
    0.000000       -1.000000        2.000000      
 (-9.9651515E-03,2.8498471E-03)  (-6.0303137E-04,5.1502138E-03)  
 (-3.0151568E-04,2.5751069E-03)
    1.000000        0.000000        0.000000      (0.000000,0.000000)  
 (-2.4065375E-02,4.9546361E-03)  (2.1457672E-02,1.8998981E-02)
    1.000000        0.000000        1.000000      
 (-7.8289304E-05,-4.5076013E-03)  (-2.3469329E-02,1.6093254E-02)  
 (7.8289304E-05,4.5076013E-03)
    1.000000        0.000000        2.000000      (1.2549572E-03,1.5227124E-03)
   (5.3457916E-03,9.5367432E-03)  (-6.2747858E-04,-7.6135620E-04)
    1.000000        1.000000        0.000000      
 (4.8428774E-03,-7.5204298E-04)  (-4.8428774E-03,7.5204298E-04)  
 (-5.0291419E-03,2.1420419E-03)
    1.000000        1.000000        1.000000      
 (-2.1792948E-03,2.8125942E-03)  (9.3830749E-04,-1.6717240E-03)  
 (1.2409873E-03,-1.1385418E-03)
    1.000000        1.000000        2.000000      
 (-3.2037497E-03,-1.6065314E-03)  (-2.8684735E-03,-5.7369471E-03)  
 (3.0361116E-03,3.6694109E-03)
    1.000000        2.000000        0.000000      
 (-5.2968971E-04,4.3585896E-03)  (2.6484486E-04,-2.1792948E-03)  
 (1.9138679E-03,1.0896474E-02)
    1.000000        2.000000        1.000000      (6.0535967E-03,4.2188913E-03)
   (-1.4808029E-03,-1.5785918E-03)  (-3.1013042E-03,-1.0617077E-03)
    1.000000       -2.000000        0.000000      
 (-1.0966323E-03,4.0233135E-03)  (-5.4831617E-04,2.0116568E-03)  
 (-6.1653554E-03,-7.1711838E-04)
    1.000000       -2.000000        1.000000      
 (-1.4901161E-03,1.0291114E-03)  (-5.8091246E-04,1.8253922E-03)  
 (3.2770913E-04,2.6216730E-03)
    1.000000       -1.000000        0.000000      
 (-3.9674342E-03,-9.5460564E-04)  (-3.9674342E-03,-9.5460564E-04)  
 (-4.7311187E-03,4.1164458E-03)
    1.000000       -1.000000        1.000000      (1.3299286E-02,6.9476664E-03)
   (4.7218055E-03,6.8359077E-03)  (-8.5681677E-03,-1.0797521E-04)
    1.000000       -1.000000        2.000000      (9.3597919E-04,4.2561442E-03)
   (5.0989911E-04,-1.6298145E-03)  (-2.1304004E-04,-2.9429793E-03)
    2.000000        0.000000        0.000000      (0.000000,0.000000)  
 (1.4491379E-02,-7.3574483E-03)  (-1.9324943E-03,4.6379864E-03)
    2.000000        0.000000        1.000000      
 (-5.0291419E-03,2.4959445E-03)  (5.5972487E-03,1.3038516E-02)  
 (1.0058284E-02,-4.9918890E-03)
    2.000000        1.000000        0.000000      
 (-1.7229468E-03,-8.8475645E-04)  (3.4458935E-03,1.7695129E-03)  
 (-4.4144690E-03,-2.3096800E-03)
    2.000000        1.000000        1.000000      (3.4086406E-03,5.8114529E-03)
   (-6.3702464E-03,-1.2256205E-02)  (-4.5169145E-04,6.3329935E-04)
    2.000000       -1.000000        0.000000      
 (2.7466740E-06,-2.4726614E-03)  (5.4933480E-06,-4.9453229E-03)  
 (1.8812716E-03,3.8556755E-03)
    2.000000       -1.000000        1.000000      
 (-5.5786222E-03,9.1269612E-04)  (-5.9790909E-03,6.6240318E-04)  
 (5.1874667E-03,-1.1618249E-03)
