   0.00000000       0.00000000       1.00000000     (  2.75671482E-02,  8.21426511E-03) (  2.55554914E-02, -3.39746475E-02) (  0.00000000    ,  0.00000000    )
   0.00000000       0.00000000       2.00000000     ( -1.39698386E-05,  7.45058060E-05) (  5.58793545E-05,  1.86264515E-05) (  0.00000000    ,  0.00000000    )
   0.00000000       1.00000000       0.00000000     ( -1.85146928E-02,  1.58790499E-03) (  0.00000000    ,  0.00000000    ) (  3.56696546E-03,  1.23679638E-02)
   0.00000000       1.00000000       1.00000000     (  8.12113285E-03,  2.37021595E-03) ( -9.28994268E-04, -1.05425715E-02) (  9.28994268E-04,  1.05425715E-02)
   0.00000000       1.00000000       2.00000000     (  7.45058060E-05, -1.39698386E-05) (  1.86264515E-05, -1.39698386E-05) ( -9.31322575E-06,  6.98491931E-06)
   0.00000000       2.00000000       0.00000000     (  1.86264515E-05, -1.86264515E-05) (  0.00000000    ,  0.00000000    ) (  3.72529030E-05, -5.58793545E-05)
   0.00000000       2.00000000       1.00000000     ( -2.79396772E-05, -3.72529030E-05) (  1.86264515E-05, -4.36557457E-07) ( -3.72529030E-05,  8.73114914E-07)
   0.00000000      -2.00000000       0.00000000     (  1.86264515E-05,  1.86264515E-05) (  0.00000000    ,  0.00000000    ) (  3.72529030E-05,  5.58793545E-05)
   0.00000000      -2.00000000       1.00000000     (  1.11758709E-04, -1.86264515E-05) (  2.79396772E-05, -1.86264515E-05) (  5.58793545E-05, -3.72529030E-05)
   0.00000000      -1.00000000       0.00000000     ( -1.85146928E-02, -1.58790499E-03) (  0.00000000    ,  0.00000000    ) (  3.56696546E-03, -1.23679638E-02)
   0.00000000      -1.00000000       1.00000000     (  1.05984509E-02, -2.65240669E-02) (  1.00699253E-04,  1.69035047E-03) (  1.00699253E-04,  1.69035047E-03)
   0.00000000      -1.00000000       2.00000000     (  9.31322575E-06,  1.86264515E-05) ( -9.31322575E-06,  2.79396772E-05) ( -4.65661287E-06,  1.39698386E-05)
   1.00000000       0.00000000       0.00000000     (  0.00000000    ,  0.00000000    ) ( -1.30757689E-02,  1.30385160E-02) (  3.48687172E-02,  2.73436308E-02)
   1.00000000       0.00000000       1.00000000     (  4.54485416E-03, -3.42726707E-03) ( -3.64333391E-02,  8.02800059E-03) ( -4.54485416E-03,  3.42726707E-03)
   1.00000000       0.00000000       2.00000000     ( -1.86264515E-05, -3.72529030E-05) ( -7.45058060E-05, -3.72529030E-05) (  9.31322575E-06,  1.86264515E-05)
   1.00000000       1.00000000       0.00000000     (  5.94183803E-03,  6.89178705E-03) ( -5.94183803E-03, -6.89178705E-03) ( -1.03190541E-02,  1.11758709E-02)
   1.00000000       1.00000000       1.00000000     ( -1.39698386E-05,  3.72529030E-05) (  3.72529030E-05, -4.65661287E-06) ( -1.86264515E-05, -3.72529030E-05)
   1.00000000       1.00000000       2.00000000     (  1.39698386E-05,  6.98491931E-06) (  1.39698386E-05, -4.65661287E-06) ( -1.39698386E-05, -1.16415322E-06)
   1.00000000       2.00000000       0.00000000     (  2.79396772E-05, -3.72529030E-05) ( -1.39698386E-05,  1.86264515E-05) ( -3.72529030E-05,  1.86264515E-05)
   1.00000000       2.00000000       1.00000000     ( -7.45058060E-05,  8.73114914E-07) (  5.58793545E-05,  1.39698386E-05) ( -3.72529030E-05, -2.79396772E-05)
   1.00000000      -2.00000000       0.00000000     (  6.98491931E-06,  3.72529030E-05) (  3.49245965E-06,  1.86264515E-05) (  3.72529030E-05,  1.39698386E-05)
   1.00000000      -2.00000000       1.00000000     (  9.31322575E-06, -5.58793545E-05) (  9.31322575E-06, -3.72529030E-05) (  9.31322575E-06, -2.79396772E-05)
   1.00000000      -1.00000000       0.00000000     ( -2.84053385E-03, -1.64285302E-02) ( -2.84053385E-03, -1.64285302E-02) ( -1.26659870E-02,  1.53109431E-02)
   1.00000000      -1.00000000       1.00000000     ( -2.79396772E-05, -9.31322575E-06) (  3.72529030E-05,  7.45058060E-05) (  7.45058060E-05,  7.45058060E-05)
   1.00000000      -1.00000000       2.00000000     (  2.79396772E-05, -3.72529030E-05) (  6.98491931E-06, -1.39698386E-05) ( -9.31322575E-06,  1.39698386E-05)
   2.00000000       0.00000000       0.00000000     (  0.00000000    ,  0.00000000    ) ( -7.45058060E-05, -3.72529030E-05) (  3.72529030E-05, -1.86264515E-05)
   2.00000000       0.00000000       1.00000000     ( -1.86264515E-05,  2.79396772E-05) ( -6.98491931E-06, -3.72529030E-05) (  3.72529030E-05, -5.58793545E-05)
   2.00000000       1.00000000       0.00000000     (  2.79396772E-05, -9.31322575E-06) ( -5.58793545E-05,  1.86264515E-05) (  3.49245965E-06,  2.79396772E-05)
   2.00000000       1.00000000       1.00000000     (  6.98491931E-06, -9.31322575E-06) ( -2.79396772E-05,  5.58793545E-05) (  1.39698386E-05, -3.72529030E-05)
   2.00000000      -1.00000000       0.00000000     (  6.98491931E-06, -2.79396772E-05) (  1.39698386E-05, -5.58793545E-05) (  6.98491931E-06, -2.79396772E-05)
   2.00000000      -1.00000000       1.00000000     (  3.72529030E-05, -2.91038305E-07) (  5.58793545E-05, -3.49245965E-06) ( -2.79396772E-05, -3.49245965E-06)
