    0.000000        0.000000       -2.000000      (6.8545341E-03,1.5739352E-03)
   (6.1281025E-03,-4.8149377E-03)  (0.000000,0.000000)
    0.000000        0.000000       -1.000000      
 (2.1085143E-02,-1.1622906E-02)  (-8.8289380E-03,1.6465783E-02)  
 (0.000000,0.000000)
    0.000000        1.000000       -2.000000      
 (-1.3522804E-02,-1.8347055E-03)  (-2.6030466E-03,-9.6159056E-04)  
 (-1.3015233E-03,-4.8079528E-04)
    0.000000        1.000000       -1.000000      (6.4261258E-03,5.8673322E-03)
   (-1.8533319E-03,4.4889748E-03)  (-1.8533319E-03,4.4889748E-03)
    0.000000        2.000000       -1.000000      
 (-1.2703240E-02,1.1473894E-02)  (-3.7904829E-03,-1.0826625E-03)  
 (-7.5809658E-03,-2.1653250E-03)
    0.000000       -2.000000       -1.000000      (1.0132790E-02,3.0361116E-03)
   (-3.4517143E-04,1.8998981E-03)  (6.9034286E-04,-3.7997961E-03)
    0.000000       -1.000000       -2.000000      
 (-8.2328916E-03,2.4866313E-03)  (-4.9825758E-03,1.4714897E-03)  
 (2.4912879E-03,-7.3574483E-04)
    0.000000       -1.000000       -1.000000      
 (4.3213367E-03,-2.8219074E-03)  (6.0722232E-03,4.6007335E-03)  
 (-6.0722232E-03,-4.6007335E-03)
    1.000000        0.000000       -2.000000      (8.6426735E-03,2.7427450E-03)
   (-3.6787242E-03,4.6100467E-03)  (4.3213367E-03,1.3713725E-03)
    1.000000        0.000000       -1.000000      
 (3.7997961E-03,-7.3574483E-04)  (7.4133277E-03,-4.3213367E-03)  
 (3.7997961E-03,-7.3574483E-04)
    1.000000        1.000000       -2.000000      
 (-3.3527613E-03,-3.2654498E-04)  (-2.7334318E-03,-1.3485551E-02)  
 (-3.0454248E-03,-6.9104135E-03)
    1.000000        1.000000       -1.000000      
 (-8.2515180E-03,-1.0081567E-03)  (2.1653250E-03,-1.4225952E-03)  
 (-6.0908496E-03,-2.4307519E-03)
    1.000000        2.000000       -1.000000      
 (-8.9965761E-03,-2.3283064E-04)  (1.5553087E-03,2.8591603E-03)  
 (-5.8859587E-03,5.4761767E-03)
    1.000000       -2.000000       -1.000000      
 (3.8533472E-04,-4.4237822E-03)  (-7.7532604E-04,-1.6577542E-03)  
 (1.9371510E-03,-1.1059456E-03)
    1.000000       -1.000000       -2.000000      (4.8894435E-03,4.3539330E-04)
   (-4.3213367E-03,1.6437843E-03)  (4.6007335E-03,-6.0303137E-04)
    1.000000       -1.000000       -1.000000      
 (-1.0244548E-02,4.3958426E-03)  (-6.4820051E-03,4.2258762E-04)  
 (-3.7625432E-03,3.9767474E-03)
    2.000000        0.000000       -1.000000      (1.9278377E-03,4.2840838E-03)
   (7.4319541E-03,7.5995922E-03)  (3.8556755E-03,8.5681677E-03)
    2.000000        1.000000       -1.000000      
 (-1.0314398E-03,-1.8579885E-03)  (3.9394945E-03,-4.9825758E-03)  
 (1.8766150E-03,-8.6985528E-03)
    2.000000       -1.000000       -1.000000      
 (-1.6298145E-03,2.4959445E-03)  (2.5494955E-04,6.3143671E-03)  
 (-3.5110861E-03,-1.3201497E-03)
