   0.00000000       0.00000000      -2.00000000     (  3.98606062E-03,  7.12461770E-04) ( -5.14090061E-03,  2.86847353E-03) (  0.00000000    ,  0.00000000    )
   0.00000000       0.00000000      -1.00000000     (  2.94297934E-03,  1.14366412E-02) (  2.77906656E-02, -1.07975211E-04) (  0.00000000    ,  0.00000000    )
   0.00000000       1.00000000      -2.00000000     ( -1.04046194E-05,  1.75088644E-03) (  1.59256160E-03, -4.28408384E-04) (  7.96280801E-04, -2.14204192E-04)
   0.00000000       1.00000000      -1.00000000     ( -6.76140189E-03,  1.49756670E-02) ( -7.35744834E-03, -4.97326255E-03) ( -7.35744834E-03, -4.97326255E-03)
   0.00000000       2.00000000      -1.00000000     ( -1.08033419E-03, -1.41561031E-03) ( -9.12696123E-04,  3.25962901E-04) ( -1.82539225E-03,  6.51925802E-04)
   0.00000000      -2.00000000      -1.00000000     ( -4.07453626E-04,  2.66358256E-03) ( -3.09664756E-04, -7.07805157E-04) (  6.19329512E-04,  1.41561031E-03)
   0.00000000      -1.00000000      -2.00000000     (  2.68220901E-03,  2.83122063E-03) ( -4.93600965E-04, -1.52736902E-03) (  2.46800482E-04,  7.63684511E-04)
   0.00000000      -1.00000000      -1.00000000     (  7.40401447E-04, -7.03148544E-04) (  4.02331352E-03,  1.21071935E-03) ( -4.02331352E-03, -1.21071935E-03)
   1.00000000       0.00000000      -2.00000000     ( -1.17346644E-03, -5.21540642E-04) (  1.31316483E-03,  3.98606062E-03) ( -5.86733222E-04, -2.60770321E-04)
   1.00000000       0.00000000      -1.00000000     (  1.00582838E-02, -5.55068254E-03) ( -5.14090061E-03,  2.57790089E-02) (  1.00582838E-02, -5.55068254E-03)
   1.00000000       1.00000000      -2.00000000     (  1.46217644E-03,  1.73225999E-03) ( -3.53902578E-03,  2.27009878E-04) ( -1.03376806E-03,  9.77888703E-04)
   1.00000000       1.00000000      -1.00000000     ( -8.70786607E-04,  5.77419996E-03) ( -1.71363354E-03, -3.65078449E-03) ( -2.58907676E-03,  2.12341547E-03)
   1.00000000       2.00000000      -1.00000000     (  1.48080289E-03, -3.28291208E-04) ( -1.02445483E-03, -3.30619514E-04) ( -5.63450158E-04, -9.87201929E-04)
   1.00000000      -2.00000000      -1.00000000     ( -2.70083547E-04, -9.59262252E-04) ( -4.30736691E-05, -3.32947820E-04) ( -1.85100362E-04, -2.98023224E-04)
   1.00000000      -1.00000000      -2.00000000     ( -3.65544111E-04, -2.01165676E-03) ( -8.19563866E-04,  2.04890966E-03) (  2.27009878E-04, -2.03028321E-03)
   1.00000000      -1.00000000      -1.00000000     ( -1.18743628E-04,  4.54019755E-04) ( -4.70317900E-04, -1.10827386E-03) (  3.49245965E-04,  1.56462193E-03)
   2.00000000       0.00000000      -1.00000000     ( -1.15483999E-03,  1.71130523E-04) ( -5.44241630E-05, -1.36904418E-03) ( -2.30967999E-03,  3.42261046E-04)
   2.00000000       1.00000000      -1.00000000     (  3.14321369E-05, -3.72529030E-04) ( -1.99303031E-03, -1.31549314E-04) ( -1.93715096E-03, -8.80099833E-04)
   2.00000000      -1.00000000      -1.00000000     (  9.77888703E-04, -1.40862539E-04) (  7.31088221E-04,  1.18277967E-03) (  1.22003257E-03, -1.47148967E-03)
