   0.00000000       0.00000000      -2.00000000     (  5.17815351E-03,  9.63918865E-04) ( -7.00354576E-03,  3.98606062E-03) (  0.00000000    ,  0.00000000    )
   0.00000000       0.00000000      -1.00000000     (  2.19792128E-03,  1.11758709E-02) (  2.60025263E-02, -1.07102096E-03) (  0.00000000    ,  0.00000000    )
   0.00000000       1.00000000      -2.00000000     ( -3.77185643E-04,  2.31899321E-03) (  1.85333192E-03, -7.72997737E-04) (  9.26665962E-04, -3.86498868E-04)
   0.00000000       1.00000000      -1.00000000     ( -6.83590770E-03,  1.38208270E-02) ( -6.94766641E-03, -5.14090061E-03) ( -6.94766641E-03, -5.14090061E-03)
   0.00000000       2.00000000      -1.00000000     ( -9.45292413E-04, -1.59256160E-03) ( -9.91858542E-04,  1.99070200E-04) ( -1.98371708E-03,  3.98140401E-04)
   0.00000000      -2.00000000      -1.00000000     ( -7.54371285E-04,  3.65078449E-03) ( -5.91389835E-04, -1.09896064E-03) (  1.18277967E-03,  2.19792128E-03)
   0.00000000      -1.00000000      -2.00000000     (  3.66941094E-03,  3.70666385E-03) ( -8.19563866E-04, -2.01165676E-03) (  4.09781933E-04,  1.00582838E-03)
   0.00000000      -1.00000000      -1.00000000     ( -2.21771188E-04, -1.32713467E-04) (  4.06056643E-03,  1.22934580E-03) ( -4.06056643E-03, -1.22934580E-03)
   1.00000000       0.00000000      -2.00000000     ( -1.43423676E-03, -7.03148544E-04) (  1.39698386E-03,  5.06639481E-03) ( -7.17118382E-04, -3.51574272E-04)
   1.00000000       0.00000000      -1.00000000     (  9.76026058E-03, -5.51342964E-03) ( -4.82425094E-03,  2.60770321E-02) (  9.76026058E-03, -5.51342964E-03)
   1.00000000       1.00000000      -2.00000000     (  1.89989805E-03,  2.24448740E-03) ( -4.69386578E-03,  3.16649675E-04) ( -1.40629709E-03,  1.28522515E-03)
   1.00000000       1.00000000      -1.00000000     ( -5.02914190E-04,  7.07805157E-03) ( -2.09547579E-03, -4.56348062E-03) ( -2.60770321E-03,  2.51457095E-03)
   1.00000000       2.00000000      -1.00000000     (  2.03959644E-03, -3.44589353E-04) ( -1.16415322E-03, -3.67872417E-04) ( -2.95694917E-04, -1.07567757E-03)
   1.00000000      -2.00000000      -1.00000000     ( -2.13040039E-04, -9.63918865E-04) ( -1.12340786E-04, -3.67872417E-04) (  9.89530236E-06, -2.24681571E-04)
   1.00000000      -1.00000000      -2.00000000     ( -6.84522092E-04, -2.75671482E-03) ( -9.26665962E-04,  2.81259418E-03) (  1.19325705E-04, -2.77534127E-03)
   1.00000000      -1.00000000      -1.00000000     ( -3.09664756E-04,  5.07570803E-04) ( -6.89178705E-04, -1.78813934E-03) (  3.77185643E-04,  2.29105353E-03)
   2.00000000       0.00000000      -1.00000000     ( -1.43423676E-03,  1.87428668E-04) ( -4.51691449E-04, -1.42492354E-03) ( -2.86847353E-03,  3.74857336E-04)
   2.00000000       1.00000000      -1.00000000     (  1.42608769E-04, -3.18977982E-04) ( -2.70083547E-03, -6.10016286E-04) ( -2.42143869E-03, -1.24797225E-03)
   2.00000000      -1.00000000      -1.00000000     (  1.19209290E-03, -2.58442014E-04) (  1.10827386E-03,  1.37835741E-03) (  1.27591193E-03, -1.89058483E-03)
