   0.00000000       0.00000000      -2.00000000     ( -2.23517418E-04, -2.04890966E-04) (  2.42143869E-04,  2.32830644E-05) (  0.00000000    ,  0.00000000    )
   0.00000000       0.00000000      -1.00000000     (  1.55344605E-02,  6.18398190E-03) (  4.09036875E-02,  1.59814954E-02) (  0.00000000    ,  0.00000000    )
   0.00000000       1.00000000      -2.00000000     ( -1.67638063E-04, -1.39698386E-05) ( -2.79396772E-05, -6.98491931E-05) ( -1.39698386E-05, -3.49245965E-05)
   0.00000000       1.00000000      -1.00000000     ( -5.28991222E-03,  3.05473804E-02) ( -8.47503543E-03, -2.49594450E-03) ( -8.47503543E-03, -2.49594450E-03)
   0.00000000       2.00000000      -1.00000000     (  6.98491931E-05, -4.19095159E-05) (  4.19095159E-05, -1.21071935E-04) (  8.38190317E-05, -2.42143869E-04)
   0.00000000      -2.00000000      -1.00000000     ( -2.98023224E-04, -6.51925802E-05) (  8.38190317E-05, -3.25962901E-05) ( -1.67638063E-04,  6.51925802E-05)
   0.00000000      -1.00000000      -2.00000000     ( -5.09317033E-07, -1.02445483E-04) (  8.38190317E-05,  5.58793545E-05) ( -4.19095159E-05, -2.79396772E-05)
   0.00000000      -1.00000000      -1.00000000     (  9.16421413E-03, -1.00210309E-02) ( -4.40049917E-04,  1.80676579E-03) (  4.40049917E-04, -1.80676579E-03)
   1.00000000       0.00000000      -2.00000000     (  1.30385160E-04,  7.45058060E-05) (  2.09547579E-05, -2.23517418E-04) (  6.51925802E-05,  3.72529030E-05)
   1.00000000       0.00000000      -1.00000000     (  1.02445483E-02, -5.51342964E-03) ( -9.79751348E-03,  8.90344381E-03) (  1.02445483E-02, -5.51342964E-03)
   1.00000000       1.00000000      -2.00000000     (  2.79396772E-05, -4.19095159E-05) ( -4.19095159E-05,  1.86264515E-04) ( -6.98491931E-06,  7.45058060E-05)
   1.00000000       1.00000000      -1.00000000     (  3.35276127E-04, -3.72529030E-04) ( -1.67638063E-04,  1.39698386E-04) (  1.49011612E-04, -2.42143869E-04)
   1.00000000       2.00000000      -1.00000000     ( -3.02679837E-05,  1.67638063E-04) (  3.25962901E-05, -6.05359674E-05) (  3.25962901E-05,  5.58793545E-05)
   1.00000000      -2.00000000      -1.00000000     ( -1.02445483E-04, -1.16415322E-05) ( -1.11758709E-04, -3.25962901E-05) (  1.30385160E-04,  5.58793545E-05)
   1.00000000      -1.00000000      -2.00000000     ( -1.02445483E-04,  1.30385160E-04) ( -4.65661287E-05,  4.65661287E-05) ( -2.79396772E-05,  3.95812094E-05)
   1.00000000      -1.00000000      -1.00000000     ( -6.18456397E-07, -1.67638063E-04) (  1.11758709E-04, -1.30385160E-04) ( -1.21071935E-04, -3.02679837E-05)
   2.00000000       0.00000000      -1.00000000     (  9.31322575E-05,  2.56113708E-05) ( -1.30385160E-04,  1.39698386E-04) (  1.86264515E-04,  5.12227416E-05)
   2.00000000       1.00000000      -1.00000000     ( -8.38190317E-05, -2.56113708E-05) (  1.21071935E-04, -1.86264515E-04) ( -4.65661287E-05, -2.42143869E-04)
   2.00000000      -1.00000000      -1.00000000     ( -7.45058060E-05, -2.56113708E-05) ( -8.38190317E-05,  4.19095159E-05) ( -6.51925802E-05, -9.31322575E-05)
