    0.000000        0.000000       -2.000000      (8.0838799E-03,3.0267984E-03)
   (4.3492764E-03,-2.2863969E-03)  (0.000000,0.000000)
    0.000000        0.000000       -1.000000      
 (2.3096800E-02,-1.2218952E-02)  (-3.2223761E-03,2.0787120E-02)  
 (0.000000,0.000000)
    0.000000        1.000000       -2.000000      
 (-8.5122883E-03,-2.3329630E-03)  (-2.9336661E-04,-5.0850213E-03)  
 (-1.4668331E-04,-2.5425106E-03)
    0.000000        1.000000       -1.000000      (8.1211329E-03,1.0840595E-02)
   (-2.8405339E-03,3.3248216E-03)  (-2.8405339E-03,3.3248216E-03)
    0.000000        2.000000       -1.000000      
 (-1.1399388E-02,7.3574483E-03)  (-3.2782555E-03,-9.3365088E-04)  
 (-6.5565109E-03,-1.8673018E-03)
    0.000000       -2.000000       -1.000000      (9.4994903E-03,1.8393621E-03)
   (-4.7963113E-04,2.5611371E-03)  (9.5926225E-04,-5.1222742E-03)
    0.000000       -1.000000       -2.000000      
 (-8.1397593E-03,1.8067658E-03)  (-8.3446503E-03,-2.8929207E-04)  
 (4.1723251E-03,1.4464604E-04)
    0.000000       -1.000000       -1.000000      (3.7346035E-03,1.7555431E-03)
   (7.3574483E-03,6.3702464E-03)  (-7.3574483E-03,-6.3702464E-03)
    1.000000        0.000000       -2.000000      (5.6251884E-03,4.6472996E-03)
   (-2.5052577E-03,8.1025064E-03)  (2.8125942E-03,2.3236498E-03)
    1.000000        0.000000       -1.000000      (4.0605664E-03,1.5483238E-04)
   (9.5739961E-03,-1.7229468E-03)  (4.0605664E-03,1.5483238E-04)
    1.000000        1.000000       -2.000000      
 (-3.4086406E-03,-3.3900142E-03)  (2.7287751E-03,-1.1511147E-02)  
 (-3.3876859E-04,-7.4505806E-03)
    1.000000        1.000000       -1.000000      
 (-8.3446503E-03,-5.3830445E-03)  (4.1630119E-03,-4.8195943E-04)  
 (-4.1723251E-03,-5.8673322E-03)
    1.000000        2.000000       -1.000000      
 (-8.9406967E-03,-4.0978193E-03)  (1.6205013E-03,1.9418076E-03)  
 (-5.6810677E-03,-2.1362212E-04)
    1.000000       -2.000000       -1.000000      
 (-3.3760443E-04,-5.6624413E-03)  (-1.1711381E-03,-3.7904829E-03)  
 (2.0070001E-03,1.9185245E-03)
    1.000000       -1.000000       -2.000000      (3.5483390E-03,2.5006011E-03)
   (-2.0023435E-03,2.4214387E-03)  (2.7753413E-03,4.1109161E-05)
    1.000000       -1.000000       -1.000000      
 (-7.5623393E-03,2.0768493E-03)  (-8.2887709E-03,1.1338852E-03)  
 (7.2410330E-04,9.4296411E-04)
    2.000000        0.000000       -1.000000      
 (-1.2223609E-03,3.6600977E-03)  (-3.4272671E-03,6.1839819E-03)  
 (-2.4447218E-03,7.3201954E-03)
    2.000000        1.000000       -1.000000      (6.8219379E-04,9.9884346E-04)
   (3.6414713E-03,-6.6682696E-03)  (5.0105155E-03,-4.6659261E-03)
    2.000000       -1.000000       -1.000000      
 (-1.0104850E-03,-6.8685040E-04)  (1.5599653E-03,2.5751069E-03)  
 (-3.5855919E-03,-3.9488077E-03)
