   0.00000000       0.00000000       1.00000000     (  2.70456076E-02,  6.23986125E-03) (  3.11434269E-02, -3.30060720E-02) (  0.00000000    ,  0.00000000    )
   0.00000000       0.00000000       2.00000000     ( -2.86381692E-04,  2.81259418E-03) (  2.23517418E-03,  1.04308128E-03) (  0.00000000    ,  0.00000000    )
   0.00000000       1.00000000       0.00000000     ( -2.00420618E-02,  1.16124284E-04) (  0.00000000    ,  0.00000000    ) (  4.24683094E-03,  1.57207251E-02)
   0.00000000       1.00000000       1.00000000     (  8.43778253E-03,  6.27711415E-03) ( -2.28639692E-03, -9.23871994E-03) (  2.28639692E-03,  9.23871994E-03)
   0.00000000       1.00000000       2.00000000     (  2.30967999E-03, -7.79982656E-05) (  9.12696123E-04, -6.42612576E-04) ( -4.56348062E-04,  3.21306288E-04)
   0.00000000       2.00000000       0.00000000     ( -1.42026693E-04, -1.80676579E-03) (  0.00000000    ,  0.00000000    ) (  2.23517418E-03, -2.94297934E-03)
   0.00000000       2.00000000       1.00000000     ( -1.19209290E-03, -8.94069672E-04) (  9.68575478E-04, -3.42261046E-04) ( -1.93715096E-03,  6.84522092E-04)
   0.00000000      -2.00000000       0.00000000     ( -1.42026693E-04,  1.80676579E-03) (  0.00000000    ,  0.00000000    ) (  2.23517418E-03,  2.94297934E-03)
   0.00000000      -2.00000000       1.00000000     (  3.94880772E-03, -5.77419996E-04) (  7.21774995E-04, -4.28408384E-04) (  1.44354999E-03, -8.56816769E-04)
   0.00000000      -1.00000000       0.00000000     ( -2.00420618E-02, -1.16124284E-04) (  0.00000000    ,  0.00000000    ) (  4.24683094E-03, -1.57207251E-02)
   0.00000000      -1.00000000       1.00000000     (  6.25848770E-03, -3.06218863E-02) ( -1.58324838E-03,  3.01748514E-03) ( -1.58324838E-03,  3.01748514E-03)
   0.00000000      -1.00000000       2.00000000     (  2.30502337E-04,  4.98257577E-04) (  5.47152013E-05,  1.02445483E-03) (  2.73576006E-05,  5.12227416E-04)
   1.00000000       0.00000000       0.00000000     (  0.00000000    ,  0.00000000    ) ( -1.41188502E-02,  1.56089664E-02) (  3.53157520E-02,  2.52574682E-02)
   1.00000000       0.00000000       1.00000000     (  3.14787030E-03, -3.99537385E-03) ( -3.65823507E-02,  3.18512321E-03) ( -3.14787030E-03,  3.99537385E-03)
   1.00000000       0.00000000       2.00000000     ( -3.49245965E-04, -1.69500709E-03) ( -2.19792128E-03, -1.67638063E-03) (  1.74622983E-04,  8.47503543E-04)
   1.00000000       1.00000000       0.00000000     (  4.62867320E-03,  5.59724867E-03) ( -4.62867320E-03, -5.59724867E-03) ( -1.08964741E-02,  1.26287341E-02)
   1.00000000       1.00000000       1.00000000     ( -1.15483999E-03,  1.65775418E-03) (  1.99303031E-03, -7.21774995E-05) ( -8.28877091E-04, -1.58324838E-03)
   1.00000000       1.00000000       2.00000000     (  9.87201929E-04,  2.67755240E-04) (  2.28465069E-05, -1.60653144E-04) ( -5.07570803E-04, -5.29689714E-05)
   1.00000000       2.00000000       0.00000000     (  8.56816769E-04, -1.13621354E-03) ( -4.28408384E-04,  5.68106771E-04) ( -1.91852450E-03,  3.58559191E-04)
   1.00000000       2.00000000       1.00000000     ( -2.68220901E-03, -3.39932740E-04) (  1.93715096E-03,  5.72763383E-04) ( -1.18277967E-03, -8.00937414E-04)
   1.00000000      -2.00000000       0.00000000     (  5.82076609E-04,  1.50874257E-03) (  2.91038305E-04,  7.54371285E-04) (  1.40629709E-03,  1.28522515E-03)
   1.00000000      -2.00000000       1.00000000     (  6.05359674E-04, -1.73225999E-03) (  3.44589353E-04, -1.32247806E-03) (  8.03265721E-05, -9.03382897E-04)
   1.00000000      -1.00000000       0.00000000     ( -1.93249434E-03, -1.54599547E-02) ( -1.93249434E-03, -1.54599547E-02) ( -1.41561031E-02,  1.97812915E-02)
   1.00000000      -1.00000000       1.00000000     ( -1.62050128E-03, -4.00468707E-04) (  1.22003257E-03,  3.16649675E-03) (  2.84984708E-03,  3.57627869E-03)
   1.00000000      -1.00000000       2.00000000     (  1.99303031E-03, -2.29105353E-03) (  6.05359674E-04, -6.19329512E-04) ( -6.98491931E-04,  8.38190317E-04)
   2.00000000       0.00000000       0.00000000     (  0.00000000    ,  0.00000000    ) ( -2.55182385E-03, -2.21654773E-03) (  1.35973096E-03, -1.75088644E-03)
   2.00000000       0.00000000       1.00000000     ( -8.28877091E-04,  1.32247806E-03) ( -3.70200723E-04, -1.40629709E-03) (  1.65775418E-03, -2.64495611E-03)
   2.00000000       1.00000000       0.00000000     (  7.82310963E-04, -7.40401447E-04) ( -1.56462193E-03,  1.48080289E-03) (  5.91389835E-04, -4.65661287E-04)
   2.00000000       1.00000000       1.00000000     (  2.65572453E-06, -3.46917659E-04) ( -1.09896064E-03,  2.62632966E-03) (  1.09896064E-03, -1.93715096E-03)
   2.00000000      -1.00000000       0.00000000     (  4.61004674E-04, -1.22003257E-03) (  9.22009349E-04, -2.44006515E-03) (  5.58793545E-04, -1.07102096E-03)
   2.00000000      -1.00000000       1.00000000     (  1.32247806E-03, -4.45288606E-05) (  2.38418579E-03, -2.70083547E-04) ( -2.51457095E-04, -1.80443749E-04)
