   0.00000000       0.00000000       1.00000000     ( -5.02914190E-04, -1.15856528E-02) (  2.13831663E-02,  5.92321157E-03) (  0.00000000    ,  0.00000000    )
   0.00000000       0.00000000       2.00000000     (  7.63684511E-03, -2.92435288E-03) ( -1.11386180E-02, -4.91738319E-03) (  0.00000000    ,  0.00000000    )
   0.00000000       1.00000000       0.00000000     (  6.68689609E-03, -5.02914190E-04) (  0.00000000    ,  0.00000000    ) (  1.45286322E-02, -5.90458512E-03)
   0.00000000       1.00000000       1.00000000     ( -6.35161996E-03, -3.05473804E-03) (  4.07919288E-03, -1.28988177E-03) ( -4.07919288E-03,  1.28988177E-03)
   0.00000000       1.00000000       2.00000000     (  5.01051545E-03, -3.59490514E-03) ( -3.44589353E-03,  1.82539225E-03) (  1.72294676E-03, -9.12696123E-04)
   0.00000000       2.00000000       0.00000000     ( -1.46217644E-03,  5.68106771E-03) (  0.00000000    ,  0.00000000    ) ( -5.54136932E-04, -6.95581548E-05)
   0.00000000       2.00000000       1.00000000     ( -9.13132681E-06, -2.03959644E-03) ( -1.24797225E-03,  9.17352736E-04) (  2.49594450E-03, -1.83470547E-03)
   0.00000000      -2.00000000       0.00000000     ( -1.46217644E-03, -5.68106771E-03) (  0.00000000    ,  0.00000000    ) ( -5.54136932E-04,  6.95581548E-05)
   0.00000000      -2.00000000       1.00000000     (  2.04890966E-03, -1.15251169E-04) ( -7.49714673E-04,  1.03027560E-04) ( -1.49942935E-03,  2.06055120E-04)
   0.00000000      -1.00000000       0.00000000     (  6.68689609E-03,  5.02914190E-04) (  0.00000000    ,  0.00000000    ) (  1.45286322E-02,  5.90458512E-03)
   0.00000000      -1.00000000       1.00000000     ( -8.60542059E-03, -1.14738941E-02) ( -5.69969416E-03,  6.14672899E-03) ( -5.69969416E-03,  6.14672899E-03)
   0.00000000      -1.00000000       2.00000000     ( -1.78813934E-03, -2.45869160E-03) (  2.72411853E-04,  2.90572643E-03) (  1.36205927E-04,  1.45286322E-03)
   1.00000000       0.00000000       0.00000000     (  0.00000000    ,  0.00000000    ) ( -2.63750553E-02,  6.38887286E-03) (  1.69128180E-02, -4.93600965E-03)
   1.00000000       0.00000000       1.00000000     ( -1.58324838E-03, -2.31899321E-03) (  3.32482159E-03, -6.66826963E-03) (  1.58324838E-03,  2.31899321E-03)
   1.00000000       0.00000000       2.00000000     ( -3.57627869E-03, -1.41095370E-03) ( -1.15949661E-03,  3.29688191E-03) (  1.78813934E-03,  7.05476850E-04)
   1.00000000       1.00000000       0.00000000     (  5.68106771E-04,  9.25501809E-05) ( -5.68106771E-04, -9.25501809E-05) (  6.94766641E-03,  1.42678618E-02)
   1.00000000       1.00000000       1.00000000     ( -4.45172191E-03, -8.28877091E-04) (  2.21654773E-03,  3.53902578E-03) (  2.23517418E-03, -2.70083547E-03)
   1.00000000       1.00000000       2.00000000     ( -5.26197255E-04,  1.13155693E-03) (  2.28174031E-03,  1.11293048E-03) ( -8.80099833E-04, -1.12224370E-03)
   1.00000000       2.00000000       0.00000000     ( -6.75208867E-04, -3.61978891E-06) (  3.37604433E-04,  1.80989446E-06) ( -9.08039510E-04, -1.58324838E-03)
   1.00000000       2.00000000       1.00000000     (  2.33761966E-03, -3.76530807E-06) ( -9.22009349E-04, -1.60653144E-04) ( -4.93600965E-04,  3.25962901E-04)
   1.00000000      -2.00000000       0.00000000     ( -1.39232725E-03, -1.07684173E-04) ( -6.96163625E-04, -5.38420863E-05) ( -1.25262886E-03,  3.05473804E-03)
   1.00000000      -2.00000000       1.00000000     ( -1.62399374E-04, -7.86967576E-04) (  1.05705112E-03, -5.82076609E-04) (  2.28174031E-03, -3.79513949E-04)
   1.00000000      -1.00000000       0.00000000     (  6.72414899E-03,  2.06753612E-03) (  6.72414899E-03,  2.06753612E-03) ( -2.73808837E-03,  2.31899321E-03)
   1.00000000      -1.00000000       1.00000000     ( -1.39698386E-03,  3.37138772E-03) ( -1.08033419E-03, -3.27825546E-03) (  3.15485522E-04, -6.66826963E-03)
   1.00000000      -1.00000000       2.00000000     ( -3.81842256E-03, -1.18277967E-03) (  1.84401870E-03,  1.80676579E-03) (  2.83122063E-03,  1.49011612E-03)
   2.00000000       0.00000000       0.00000000     (  0.00000000    ,  0.00000000    ) ( -2.51457095E-03,  2.90572643E-03) (  1.53668225E-03, -2.74740160E-03)
   2.00000000       0.00000000       1.00000000     ( -1.14552677E-03,  1.11758709E-03) ( -1.09430403E-03, -3.93018126E-03) (  2.29105353E-03, -2.23517418E-03)
   2.00000000       1.00000000       0.00000000     ( -1.18277967E-03, -1.33644789E-03) (  2.36555934E-03,  2.67289579E-03) ( -2.66591087E-04,  3.76254320E-03)
   2.00000000       1.00000000       1.00000000     ( -8.33533704E-04,  4.26080078E-04) (  2.65426934E-04,  9.63918865E-04) (  1.40629709E-03, -1.81607902E-03)
   2.00000000      -1.00000000       0.00000000     ( -2.20723450E-03, -1.03376806E-03) ( -4.41446900E-03, -2.06753612E-03) (  7.91624188E-04,  4.69386578E-03)
   2.00000000      -1.00000000       1.00000000     (  2.19792128E-03, -7.42147677E-05) ( -9.87201929E-04,  8.94069672E-04) ( -5.38304448E-03,  1.04308128E-03)
