    0.000000        0.000000       -2.000000      (2.6449561E-03,3.2712705E-04)
   (3.3713877E-03,-2.9709190E-03)  (0.000000,0.000000)
    0.000000        0.000000       -1.000000      
 (2.2128224E-02,-1.2256205E-02)  (-1.4007092E-02,1.7508864E-02)  
 (0.000000,0.000000)
    0.000000        1.000000       -2.000000      
 (-7.8231096E-03,1.0058284E-03)  (-2.4400651E-03,2.8871000E-03)  
 (-1.2200326E-03,1.4435500E-03)
    0.000000        1.000000       -1.000000      (9.3504786E-03,3.9488077E-03)
   (-9.1269612E-04,6.0163438E-03)  (-9.1269612E-04,6.0163438E-03)
    0.000000        2.000000       -1.000000      
 (-5.9045851E-03,6.7427754E-03)  (-1.2293458E-03,1.8568244E-04)  
 (-2.4586916E-03,3.7136488E-04)
    0.000000       -2.000000       -1.000000      (2.4959445E-03,1.8253922E-03)
   (-9.1735274E-04,4.8661605E-04)  (1.8347055E-03,-9.7323209E-04)
    0.000000       -1.000000       -2.000000      
 (-5.1409006E-03,1.0151416E-03)  (-8.7544322E-04,2.3376197E-03)  
 (4.3772161E-04,-1.1688098E-03)
    0.000000       -1.000000       -1.000000      
 (6.2398612E-03,-8.2328916E-03)  (4.8801303E-03,4.1909516E-03)  
 (-4.8801303E-03,-4.1909516E-03)
    1.000000        0.000000       -2.000000      (4.6379864E-03,1.0756776E-03)
   (-3.7997961E-03,1.1315569E-03)  (2.3189932E-03,5.3783879E-04)
    1.000000        0.000000       -1.000000      
 (3.2410026E-03,-1.6158447E-03)  (4.7124922E-03,-7.5623393E-03)  
 (3.2410026E-03,-1.6158447E-03)
    1.000000        1.000000       -2.000000      
 (-2.6822090E-03,2.0861626E-03)  (-2.5331974E-03,-7.1898103E-03)  
 (-2.6077032E-03,-2.5518239E-03)
    1.000000        1.000000       -1.000000      
 (-5.0850213E-03,2.2165477E-03)  (2.2724271E-03,-1.3364479E-03)  
 (-2.8032809E-03,8.7544322E-04)
    1.000000        2.000000       -1.000000      
 (-3.6694109E-03,1.5739352E-03)  (1.6239937E-04,1.6763806E-03)  
 (-3.3434480E-03,4.9173832E-03)
    1.000000       -2.000000       -1.000000      
 (1.2293458E-03,-6.0535967E-04)  (-4.0745363E-05,-5.8906153E-04)  
 (1.3085082E-03,5.7276338E-04)
    1.000000       -1.000000       -2.000000      
 (2.1327287E-03,-1.0803342E-03)  (-3.5949051E-03,9.4994903E-04)  
 (2.8591603E-03,-1.0151416E-03)
    1.000000       -1.000000       -1.000000      
 (-5.8300793E-03,4.0233135E-03)  (-2.1327287E-03,-1.0390067E-04)  
 (-3.6880374E-03,4.1164458E-03)
    2.000000        0.000000       -1.000000      (2.2910535E-03,1.2852252E-03)
   (8.0838799E-03,4.1164458E-03)  (4.5821071E-03,2.5704503E-03)
    2.000000        1.000000       -1.000000      
 (-1.2060627E-03,-1.8905848E-03)  (9.4063580E-04,5.3085387E-04)  
 (-1.4668331E-03,-3.2596290E-03)
    2.000000       -1.000000       -1.000000      
 (-9.8254532E-04,1.3923272E-03)  (-5.6810677E-04,2.9988587E-03)  
 (-1.3969839E-03,-2.2118911E-04)
