    0.000000        0.000000        1.000000      (2.2649765E-02,1.2256205E-02)
   (-5.9045851E-03,-1.8849969E-02)  (0.000000,0.000000)
    0.000000        0.000000        2.000000      
 (8.4005296E-03,-2.1606684E-03)  (5.7183206E-03,3.6135316E-03)  
 (0.000000,0.000000)
    0.000000        1.000000        0.000000      (2.6077032E-04,1.0877848E-02)
   (0.000000,0.000000)  (3.1664968E-03,-3.2689422E-03)
    0.000000        1.000000        1.000000      (4.0605664E-03,1.4901161E-04)
   (7.1339309E-03,-5.6065619E-03)  (-7.1339309E-03,5.6065619E-03)
    0.000000        1.000000        2.000000      
 (-8.4191561E-03,-2.4540350E-03)  (-7.6368451E-03,-2.4214387E-04)  
 (3.8184226E-03,1.2107193E-04)
    0.000000        2.000000        0.000000      
 (-1.3108365E-03,-3.5762787E-03)  (0.000000,0.000000)  
 (-2.2863969E-03,2.6077032E-03)
    0.000000        2.000000        1.000000      
 (1.1436641E-02,-3.1944364E-03)  (-9.4878487E-05,-2.4447218E-03)  
 (1.8975697E-04,4.8894435E-03)
    0.000000       -2.000000        0.000000      
 (-1.3108365E-03,3.5762787E-03)  (0.000000,0.000000)  
 (-2.2863969E-03,-2.6077032E-03)
    0.000000       -2.000000        1.000000      
 (-1.3001263E-02,-1.0374933E-02)  (-4.1350722E-03,1.0640360E-03)  
 (-8.2701445E-03,2.1280721E-03)
    0.000000       -1.000000        0.000000      
 (2.6077032E-04,-1.0877848E-02)  (0.000000,0.000000)  
 (3.1664968E-03,3.2689422E-03)
    0.000000       -1.000000        1.000000      
 (6.8917871E-03,-8.6799264E-03)  (-2.6263297E-03,-3.8743019E-03)  
 (-2.6263297E-03,-3.8743019E-03)
    0.000000       -1.000000        2.000000      
 (-1.2032688E-02,3.1944364E-03)  (-1.3224781E-03,4.3865293E-03)  
 (-6.6123903E-04,2.1932647E-03)
    1.000000        0.000000        0.000000      (0.000000,0.000000)  
 (-2.5033951E-02,4.9173832E-03)  (2.0116568E-02,1.8626451E-02)
    1.000000        0.000000        1.000000      
 (-8.6380169E-04,-4.1909516E-03)  (-2.2202730E-02,1.5795231E-02)  
 (8.6380169E-04,4.1909516E-03)
    1.000000        0.000000        2.000000      (1.1967495E-03,1.3271347E-03)
   (5.2433461E-03,1.0635704E-02)  (-5.9837475E-04,-6.6356733E-04)
    1.000000        1.000000        0.000000      
 (4.4517219E-03,-1.2014061E-03)  (-4.4517219E-03,1.2014061E-03)  
 (-4.1164458E-03,2.0768493E-03)
    1.000000        1.000000        1.000000      
 (-1.1129305E-03,3.4831464E-03)  (-2.0605512E-04,-2.1746382E-03)  
 (1.3178214E-03,-1.3061799E-03)
    1.000000        1.000000        2.000000      
 (-3.6507845E-03,-6.2049367E-04)  (-1.8486753E-03,-5.9604645E-03)  
 (2.7474016E-03,3.2875687E-03)
    1.000000        2.000000        0.000000      (5.6810677E-04,3.3993274E-03)
   (-2.8405339E-04,-1.6996637E-03)  (3.0454248E-03,1.0430813E-02)
    1.000000        2.000000        1.000000      (5.2899122E-03,4.3679029E-03)
   (-1.5087426E-03,-9.2433766E-04)  (-2.2724271E-03,-2.5145710E-03)
    1.000000       -2.000000        0.000000      
 (-5.4016709E-04,6.1839819E-03)  (-2.7008355E-04,3.0919909E-03)  
 (-6.8731606E-03,-1.0035001E-03)
    1.000000       -2.000000        1.000000      
 (-1.3294630E-03,6.4610504E-04)  (-6.4610504E-05,1.3154931E-03)  
 (1.2014061E-03,1.9837171E-03)
    1.000000       -1.000000        0.000000      
 (-3.1199306E-03,-1.5774276E-04)  (-3.1199306E-03,-1.5774276E-04)  
 (-5.0105155E-03,4.0419400E-03)
    1.000000       -1.000000        1.000000      (1.4491379E-02,4.7311187E-03)
   (5.2619725E-03,4.9732625E-03)  (-9.2200935E-03,2.4738256E-04)
    1.000000       -1.000000        2.000000      
 (-9.2200935E-04,2.5611371E-03)  (-2.5471672E-03,-3.0361116E-03)  
 (-8.1490725E-04,-2.7986243E-03)
    2.000000        0.000000        0.000000      (0.000000,0.000000)  
 (1.4640391E-02,-6.4633787E-03)  (-1.2107193E-03,3.7346035E-03)
    2.000000        0.000000        1.000000      
 (-4.5634806E-03,3.7532300E-03)  (5.6624413E-03,1.2479722E-02)  
 (9.1269612E-03,-7.5064600E-03)
    2.000000        1.000000        0.000000      
 (-1.7601997E-03,-1.6624108E-03)  (3.5203993E-03,3.3248216E-03)  
 (-5.9232116E-03,5.5661076E-06)
    2.000000        1.000000        1.000000      (3.6042184E-03,5.7369471E-03)
   (-6.2026083E-03,-1.3485551E-02)  (-1.0058284E-03,2.0349398E-03)
    2.000000       -1.000000        0.000000      
 (-9.5693395E-04,-3.0267984E-03)  (-1.9138679E-03,-6.0535967E-03)  
 (2.2957101E-03,4.2282045E-03)
    2.000000       -1.000000        1.000000      
 (-5.5879354E-03,1.5180558E-03)  (-5.7555735E-03,2.8684735E-03)  
 (5.4202974E-03,-1.6327249E-04)
