   0.00000000       0.00000000       1.00000000     (  2.71946192E-02,  6.40749931E-03) (  3.08454037E-02, -3.31550837E-02) (  0.00000000    ,  0.00000000    )
   0.00000000       0.00000000       2.00000000     ( -2.74740160E-04,  2.71946192E-03) (  2.16066837E-03,  1.00582838E-03) (  0.00000000    ,  0.00000000    )
   0.00000000       1.00000000       0.00000000     ( -2.00420618E-02,  1.92085281E-04) (  0.00000000    ,  0.00000000    ) (  4.20026481E-03,  1.55717134E-02)
   0.00000000       1.00000000       1.00000000     (  8.43778253E-03,  6.05359674E-03) ( -2.21654773E-03, -9.36910510E-03) (  2.21654773E-03,  9.36910510E-03)
   0.00000000       1.00000000       2.00000000     (  2.25380063E-03, -1.11758709E-04) (  8.56816769E-04, -6.14672899E-04) ( -4.28408384E-04,  3.07336450E-04)
   0.00000000       2.00000000       0.00000000     ( -8.67294148E-05, -1.69500709E-03) (  0.00000000    ,  0.00000000    ) (  2.10478902E-03, -2.81259418E-03)
   0.00000000       2.00000000       1.00000000     ( -1.13621354E-03, -9.12696123E-04) (  9.31322575E-04, -3.11993062E-04) ( -1.86264515E-03,  6.23986125E-04)
   0.00000000      -2.00000000       0.00000000     ( -8.67294148E-05,  1.69500709E-03) (  0.00000000    ,  0.00000000    ) (  2.10478902E-03,  2.81259418E-03)
   0.00000000      -2.00000000       1.00000000     (  3.83704901E-03, -5.68106771E-04) (  7.12461770E-04, -4.37721610E-04) (  1.42492354E-03, -8.75443220E-04)
   0.00000000      -1.00000000       0.00000000     ( -2.00420618E-02, -1.92085281E-04) (  0.00000000    ,  0.00000000    ) (  4.20026481E-03, -1.55717134E-02)
   0.00000000      -1.00000000       1.00000000     (  6.57513738E-03, -3.03983688E-02) ( -1.45751983E-03,  2.94297934E-03) ( -1.45751983E-03,  2.94297934E-03)
   0.00000000      -1.00000000       2.00000000     (  2.51457095E-04,  4.98257577E-04) (  1.45519152E-05,  1.00582838E-03) (  7.27595761E-06,  5.02914190E-04)
   1.00000000       0.00000000       0.00000000     (  0.00000000    ,  0.00000000    ) ( -1.40443444E-02,  1.54599547E-02) (  3.53902578E-02,  2.54809856E-02)
   1.00000000       0.00000000       1.00000000     (  3.26894224E-03, -3.98606062E-03) ( -3.67313623E-02,  3.53902578E-03) ( -3.26894224E-03,  3.98606062E-03)
   1.00000000       0.00000000       2.00000000     ( -3.63215804E-04, -1.62050128E-03) ( -2.16066837E-03, -1.63912773E-03) (  1.81607902E-04,  8.10250640E-04)
   1.00000000       1.00000000       0.00000000     (  4.74043190E-03,  5.71832061E-03) ( -4.74043190E-03, -5.71832061E-03) ( -1.08592212E-02,  1.25542283E-02)
   1.00000000       1.00000000       1.00000000     ( -1.08964741E-03,  1.62050128E-03) (  1.88127160E-03, -7.91624188E-05) ( -7.91624188E-04, -1.54599547E-03)
   1.00000000       1.00000000       2.00000000     (  9.31322575E-04,  2.56113708E-04) (  4.88944352E-05, -1.51339918E-04) ( -4.88944352E-04, -5.23868948E-05)
   1.00000000       2.00000000       0.00000000     (  8.75443220E-04, -1.14552677E-03) ( -4.37721610E-04,  5.72763383E-04) ( -1.82539225E-03,  4.00468707E-04)
   1.00000000       2.00000000       1.00000000     ( -2.58907676E-03, -2.91038305E-04) (  1.88127160E-03,  5.49480319E-04) ( -1.17346644E-03, -8.10250640E-04)
   1.00000000      -2.00000000       0.00000000     (  5.35510480E-04,  1.47148967E-03) (  2.67755240E-04,  7.35744834E-04) (  1.36904418E-03,  1.20140612E-03)
   1.00000000      -2.00000000       1.00000000     (  5.77419996E-04, -1.71363354E-03) (  3.35276127E-04, -1.30385160E-03) (  9.42964107E-05, -8.94069672E-04)
   1.00000000      -1.00000000       0.00000000     ( -1.98371708E-03, -1.55717134E-02) ( -1.98371708E-03, -1.55717134E-02) ( -1.41188502E-02,  1.94832683E-02)
   1.00000000      -1.00000000       1.00000000     ( -1.52736902E-03, -3.77185643E-04) (  1.20140612E-03,  3.05473804E-03) (  2.71946192E-03,  3.42726707E-03)
   1.00000000      -1.00000000       2.00000000     (  1.86264515E-03, -2.17929482E-03) (  5.63450158E-04, -5.86733222E-04) ( -6.51925802E-04,  7.91624188E-04)
   2.00000000       0.00000000       0.00000000     (  0.00000000    ,  0.00000000    ) ( -2.47731805E-03, -2.08616257E-03) (  1.32247806E-03, -1.62050128E-03)
   2.00000000       0.00000000       1.00000000     ( -8.00937414E-04,  1.27591193E-03) ( -3.44589353E-04, -1.35041773E-03) (  1.60187483E-03, -2.55182385E-03)
   2.00000000       1.00000000       0.00000000     (  7.72997737E-04, -6.89178705E-04) ( -1.54599547E-03,  1.37835741E-03) (  5.35510480E-04, -3.51574272E-04)
   2.00000000       1.00000000       1.00000000     (  2.29920261E-05, -3.35276127E-04) ( -1.07102096E-03,  2.51457095E-03) (  1.02445483E-03, -1.84401870E-03)
   2.00000000      -1.00000000       0.00000000     (  4.33064997E-04, -1.17346644E-03) (  8.66129994E-04, -2.34693289E-03) (  5.21540642E-04, -1.06170774E-03)
   2.00000000      -1.00000000       1.00000000     (  1.28522515E-03, -3.60887498E-05) (  2.29105353E-03, -2.53785402E-04) ( -2.93366611E-04, -1.81607902E-04)
