    0.000000        0.000000       -2.000000      (7.0407987E-03,3.4365803E-03)
   (2.8964132E-03,-1.6717240E-03)  (0.000000,0.000000)
    0.000000        0.000000       -1.000000      
 (2.3320317E-02,-1.2069941E-02)  (-1.4388934E-03,2.2202730E-02)  
 (0.000000,0.000000)
    0.000000        1.000000       -2.000000      
 (-5.5879354E-03,-1.0244548E-03)  (1.7927960E-04,-4.3399632E-03)  
 (8.9639798E-05,-2.1699816E-03)
    0.000000        1.000000       -1.000000      (9.2759728E-03,1.2107193E-02)
   (-2.7567148E-03,2.9522926E-03)  (-2.7567148E-03,2.9522926E-03)
    0.000000        2.000000       -1.000000      
 (-9.6485019E-03,4.7124922E-03)  (-2.2910535E-03,-8.8242814E-04)  
 (-4.5821071E-03,-1.7648563E-03)
    0.000000       -2.000000       -1.000000      (7.2270632E-03,2.6368070E-04)
   (-8.7078661E-04,2.4400651E-03)  (1.7415732E-03,-4.8801303E-03)
    0.000000       -1.000000       -2.000000      
 (-7.3574483E-03,1.2479722E-03)  (-7.4692070E-03,-4.3539330E-04)  
 (3.7346035E-03,2.1769665E-04)
    0.000000       -1.000000       -1.000000      (3.4924597E-03,2.8312206E-03)
   (7.2456896E-03,6.8731606E-03)  (-7.2456896E-03,-6.8731606E-03)
    1.000000        0.000000       -2.000000      (3.8743019E-03,4.5914203E-03)
   (-2.8312206E-03,7.7486038E-03)  (1.9371510E-03,2.2957101E-03)
    1.000000        0.000000       -1.000000      (3.9115548E-03,3.1432137E-04)
   (9.3504786E-03,-1.2479722E-03)  (3.9115548E-03,3.1432137E-04)
    1.000000        1.000000       -2.000000      
 (-3.6228448E-03,-3.5110861E-03)  (3.7439167E-03,-9.1083348E-03)  
 (6.0535967E-05,-6.2957406E-03)
    1.000000        1.000000       -1.000000      
 (-7.6554716E-03,-4.9546361E-03)  (4.5448542E-03,-3.0384399E-04)  
 (-3.1013042E-03,-5.2526593E-03)
    1.000000        2.000000       -1.000000      
 (-7.0407987E-03,-3.4086406E-03)  (1.1734664E-03,1.4249235E-03)  
 (-4.6938658E-03,-5.5297278E-04)
    1.000000       -2.000000       -1.000000      
 (2.8172508E-04,-4.4703484E-03)  (-4.5052730E-04,-3.5017729E-03)  
 (1.1827797E-03,2.5331974E-03)
    1.000000       -1.000000       -2.000000      (2.2072345E-03,1.9324943E-03)
   (-6.6589564E-04,1.4947727E-03)  (1.4342368E-03,2.2002496E-04)
    1.000000       -1.000000       -1.000000      
 (-5.8114529E-03,1.4202669E-03)  (-7.3201954E-03,1.0128133E-03)  
 (1.5133992E-03,4.0745363E-04)
    2.000000        0.000000       -1.000000      
 (-1.6251579E-03,2.5611371E-03)  (-5.5693090E-03,4.8428774E-03)  
 (-3.2503158E-03,5.1222742E-03)
    2.000000        1.000000       -1.000000      (8.6845830E-04,1.4202669E-03)
   (2.7101487E-03,-5.7183206E-03)  (4.4517219E-03,-2.8777868E-03)
    2.000000       -1.000000       -1.000000      
 (-2.4272595E-04,-1.3550743E-03)  (1.9138679E-03,7.1944669E-04)  
 (-2.4028122E-03,-3.4272671E-03)
