    0.000000        0.000000        1.000000      (2.2053719E-02,1.2032688E-02)
   (-6.6682696E-03,-1.8030405E-02)  (0.000000,0.000000)
    0.000000        0.000000        2.000000      
 (8.0838799E-03,-1.9138679E-03)  (5.8859587E-03,4.0140003E-03)  
 (0.000000,0.000000)
    0.000000        1.000000        0.000000      (5.6345016E-04,1.0207295E-02)
   (0.000000,0.000000)  (3.2689422E-03,-3.0361116E-03)
    0.000000        1.000000        1.000000      (4.0791929E-03,8.4983185E-04)
   (6.8359077E-03,-5.2712858E-03)  (-6.8359077E-03,5.2712858E-03)
    0.000000        1.000000        2.000000      
 (-8.3073974E-03,-2.5425106E-03)  (-6.9476664E-03,-5.0640665E-04)  
 (3.4738332E-03,2.5320332E-04)
    0.000000        2.000000        0.000000      
 (-1.9744039E-03,-2.7241185E-03)  (0.000000,0.000000)  
 (-1.8766150E-03,2.8451905E-03)
    0.000000        2.000000        1.000000      
 (1.1418015E-02,-3.2782555E-03)  (-8.4692147E-05,-2.3143366E-03)  
 (1.6938429E-04,4.6286732E-03)
    0.000000       -2.000000        0.000000      
 (-1.9744039E-03,2.7241185E-03)  (0.000000,0.000000)  
 (-1.8766150E-03,-2.8451905E-03)
    0.000000       -2.000000        1.000000      
 (-1.3038516E-02,-1.0840595E-02)  (-4.1536987E-03,1.1175871E-03)  
 (-8.3073974E-03,2.2351742E-03)
    0.000000       -1.000000        0.000000      
 (5.6345016E-04,-1.0207295E-02)  (0.000000,0.000000)  
 (3.2689422E-03,3.0361116E-03)
    0.000000       -1.000000        1.000000      
 (6.5565109E-03,-7.8231096E-03)  (-2.4214387E-03,-4.0046871E-03)  
 (-2.4214387E-03,-4.0046871E-03)
    0.000000       -1.000000        2.000000      
 (-1.2665987E-02,3.0174851E-03)  (-1.6996637E-03,3.6321580E-03)  
 (-8.4983185E-04,1.8160790E-03)
    1.000000        0.000000        0.000000      (0.000000,0.000000)  
 (-2.5033951E-02,4.8615038E-03)  (1.9073486E-02,1.8179417E-02)
    1.000000        0.000000        1.000000      
 (-1.2246892E-03,-3.9301813E-03)  (-2.1159649E-02,1.5348196E-02)  
 (1.2246892E-03,3.9301813E-03)
    1.000000        0.000000        2.000000      (1.0686927E-03,1.2852252E-03)
   (5.0663948E-03,1.0766089E-02)  (-5.3434633E-04,-6.4261258E-04)
    1.000000        1.000000        0.000000      
 (4.1723251E-03,-1.3317913E-03)  (-4.1723251E-03,1.3317913E-03)  
 (-3.5762787E-03,2.0675361E-03)
    1.000000        1.000000        1.000000      
 (-4.7613867E-04,3.7252903E-03)  (-8.6147338E-04,-2.4214387E-03)  
 (1.3387762E-03,-1.3061799E-03)
    1.000000        1.000000        2.000000      
 (-3.7997961E-03,-7.1740942E-05)  (-1.3154931E-03,-5.8673322E-03)  
 (2.5611371E-03,2.9709190E-03)
    1.000000        2.000000        0.000000      (1.1664815E-03,2.9057264E-03)
   (-5.8324076E-04,-1.4528632E-03)  (3.4645200E-03,9.9651515E-03)
    1.000000        2.000000        1.000000      (4.7776848E-03,4.1816384E-03)
   (-1.5972182E-03,-5.0757080E-04)  (-1.5925616E-03,-3.1664968E-03)
    1.000000       -2.000000        0.000000      
 (-1.2631062E-04,6.9104135E-03)  (-6.3155312E-05,3.4552068E-03)  
 (-6.8359077E-03,-1.0780059E-03)
    1.000000       -2.000000        1.000000      
 (-1.4365651E-03,4.2491592E-04)  (2.2409949E-05,9.6391886E-04)  
 (1.4808029E-03,1.4994293E-03)
    1.000000       -1.000000        0.000000      
 (-2.6449561E-03,1.3038516E-04)  (-2.6449561E-03,1.3038516E-04)  
 (-5.1036477E-03,3.8929284E-03)
    1.000000       -1.000000        1.000000      (1.4528632E-02,3.2968819E-03)
   (5.2247196E-03,3.7811697E-03)  (-9.3132257E-03,4.8428774E-04)
    1.000000       -1.000000        2.000000      
 (-1.7601997E-03,1.6530976E-03)  (-3.9953738E-03,-3.5669655E-03)  
 (-1.1152588E-03,-2.6077032E-03)
    2.000000        0.000000        0.000000      (0.000000,0.000000)  
 (1.4267862E-02,-5.7648867E-03)  (-9.1968104E-04,3.0826777E-03)
    2.000000        0.000000        1.000000      
 (-4.1816384E-03,4.2654574E-03)  (5.4016709E-03,1.1809170E-02)  
 (8.3632767E-03,-8.5309148E-03)
    2.000000        1.000000        0.000000      
 (-1.7927960E-03,-2.0116568E-03)  (3.5855919E-03,4.0233135E-03)  
 (-6.5006316E-03,1.1571683E-03)
    2.000000        1.000000        1.000000      (3.5855919E-03,5.4854900E-03)
   (-5.8859587E-03,-1.3709068E-02)  (-1.2898818E-03,2.7334318E-03)
    2.000000       -1.000000        0.000000      
 (-1.4901161E-03,-3.1851232E-03)  (-2.9802322E-03,-6.3702464E-03)  
 (2.3143366E-03,4.2654574E-03)
    2.000000       -1.000000        1.000000      
 (-5.3830445E-03,1.8347055E-03)  (-5.3364784E-03,4.0419400E-03)  
 (5.4202974E-03,3.7602149E-04)
