   0.00000000       0.00000000       1.00000000     (  4.86616045E-04, -1.08405948E-02) (  2.21282244E-02,  3.72529030E-03) (  0.00000000    ,  0.00000000    )
   0.00000000       0.00000000       2.00000000     (  8.34465027E-03, -2.26311386E-03) ( -1.22934580E-02, -6.38887286E-03) (  0.00000000    ,  0.00000000    )
   0.00000000       1.00000000       0.00000000     (  5.42029738E-03, -2.10478902E-03) (  0.00000000    ,  0.00000000    ) (  1.40815973E-02, -4.06056643E-03)
   0.00000000       1.00000000       1.00000000     ( -3.36207449E-03, -1.50408596E-03) (  4.07919288E-03, -1.25728548E-03) ( -4.07919288E-03,  1.25728548E-03)
   0.00000000       1.00000000       2.00000000     (  6.14672899E-03, -5.25265932E-03) ( -2.77534127E-03,  2.57976353E-03) (  1.38767064E-03, -1.28988177E-03)
   0.00000000       2.00000000       0.00000000     ( -3.60887498E-04,  7.52508640E-03) (  0.00000000    ,  0.00000000    ) ( -1.18277967E-03,  2.04890966E-03)
   0.00000000       2.00000000       1.00000000     ( -9.82545316E-04, -4.86150384E-03) ( -1.69500709E-03,  1.65309757E-03) (  3.39001417E-03, -3.30619514E-03)
   0.00000000      -2.00000000       0.00000000     ( -3.60887498E-04, -7.52508640E-03) (  0.00000000    ,  0.00000000    ) ( -1.18277967E-03, -2.04890966E-03)
   0.00000000      -2.00000000       1.00000000     (  1.27125531E-03,  1.16415322E-03) ( -7.72997737E-04,  2.39815563E-04) ( -1.54599547E-03,  4.79631126E-04)
   0.00000000      -1.00000000       0.00000000     (  5.42029738E-03,  2.10478902E-03) (  0.00000000    ,  0.00000000    ) (  1.40815973E-02,  4.06056643E-03)
   0.00000000      -1.00000000       1.00000000     ( -7.33882189E-03, -1.16229057E-02) ( -5.81145287E-03,  5.66244125E-03) ( -5.81145287E-03,  5.66244125E-03)
   0.00000000      -1.00000000       2.00000000     ( -1.83470547E-03, -3.38070095E-03) (  1.51339918E-03,  2.62632966E-03) (  7.56699592E-04,  1.31316483E-03)
   1.00000000       0.00000000       0.00000000     (  0.00000000    ,  0.00000000    ) ( -2.46614218E-02,  7.74860382E-03) (  1.46776438E-02, -4.39584255E-03)
   1.00000000       0.00000000       1.00000000     ( -1.51805580E-03, -1.84401870E-03) (  8.00937414E-04, -8.19563866E-03) (  1.51805580E-03,  1.84401870E-03)
   1.00000000       0.00000000       2.00000000     ( -4.30271029E-03, -1.73225999E-03) ( -8.33533704E-04,  2.70083547E-03) (  2.15135515E-03,  8.66129994E-04)
   1.00000000       1.00000000       0.00000000     (  1.38301402E-03,  8.24220479E-04) ( -1.38301402E-03, -8.24220479E-04) (  6.10947609E-03,  1.22189522E-02)
   1.00000000       1.00000000       1.00000000     ( -3.44589353E-03, -7.38073140E-04) (  1.16415322E-03,  4.35858965E-03) (  2.28174031E-03, -3.61353159E-03)
   1.00000000       1.00000000       2.00000000     ( -2.39349902E-03,  1.15018338E-03) (  3.02679837E-03,  1.62515789E-03) ( -3.15485522E-04, -1.38767064E-03)
   1.00000000       2.00000000       0.00000000     (  6.86850399E-05,  1.58790499E-03) ( -3.43425199E-05, -7.93952495E-04) ( -2.66358256E-03, -3.25962901E-04)
   1.00000000       2.00000000       1.00000000     (  3.31550837E-03,  7.03148544E-04) ( -1.20606273E-03, -3.35276127E-04) ( -9.08039510E-04, -3.12866177E-05)
   1.00000000      -2.00000000       0.00000000     ( -8.76025297E-05,  4.72646207E-04) ( -4.38012648E-05,  2.36323103E-04) ( -2.36555934E-03,  3.37138772E-03)
   1.00000000      -2.00000000       1.00000000     ( -1.09896064E-03,  6.14090823E-05) (  7.86967576E-04,  3.59432306E-05) (  2.67289579E-03,  9.96806193E-06)
   1.00000000      -1.00000000       0.00000000     (  4.82425094E-03,  1.11293048E-03) (  4.82425094E-03,  1.11293048E-03) ( -3.35276127E-03,  6.66826963E-03)
   1.00000000      -1.00000000       1.00000000     (  7.86967576E-04,  4.24683094E-03) ( -7.61356205E-04, -4.82425094E-03) ( -1.54599547E-03, -9.05245543E-03)
   1.00000000      -1.00000000       2.00000000     ( -5.64381480E-03, -1.60653144E-03) (  1.94646418E-03,  9.96515155E-04) (  3.79979610E-03,  1.30385160E-03)
   2.00000000       0.00000000       0.00000000     (  0.00000000    ,  0.00000000    ) ( -2.49594450E-03,  4.13507223E-03) (  2.32830644E-04, -2.88709998E-03)
   2.00000000       0.00000000       1.00000000     ( -1.15949661E-03,  1.15483999E-03) ( -2.70083547E-03, -3.72529030E-03) (  2.31899321E-03, -2.30967999E-03)
   2.00000000       1.00000000       0.00000000     ( -1.00117177E-03, -1.39698386E-03) (  2.00234354E-03,  2.79396772E-03) (  5.21540642E-04,  3.57627869E-03)
   2.00000000       1.00000000       1.00000000     ( -7.24103302E-04,  3.59723344E-04) ( -4.47034836E-04,  1.22934580E-03) (  1.89989805E-03, -1.94646418E-03)
   2.00000000      -1.00000000       0.00000000     ( -2.96160579E-03, -1.33644789E-03) ( -5.92321157E-03, -2.67289579E-03) (  1.63447112E-03,  6.31436706E-03)
   2.00000000      -1.00000000       1.00000000     (  2.20723450E-03, -1.39698386E-03) ( -1.43889338E-03,  5.70435077E-04) ( -5.84870577E-03,  3.37138772E-03)
