    0.000000        0.000000       -2.000000      (8.4191561E-03,2.1886081E-03)
   (5.6996942E-03,-3.5669655E-03)  (0.000000,0.000000)
    0.000000        0.000000       -1.000000      
 (2.2575259E-02,-1.2256205E-02)  (-5.8114529E-03,1.8924475E-02)  
 (0.000000,0.000000)
    0.000000        1.000000       -2.000000      
 (-1.1958182E-02,-3.1944364E-03)  (-1.2852252E-03,-4.4424087E-03)  
 (-6.4261258E-04,-2.2212043E-03)
    0.000000        1.000000       -1.000000      (6.9104135E-03,8.7544322E-03)
   (-2.6356429E-03,3.8556755E-03)  (-2.6356429E-03,3.8556755E-03)
    0.000000        2.000000       -1.000000      
 (-1.2964010E-02,1.0319054E-02)  (-4.1350722E-03,-1.0593794E-03)  
 (-8.2701445E-03,-2.1187589E-03)
    0.000000       -2.000000       -1.000000      (1.1418015E-02,3.1851232E-03)
   (-9.9244062E-05,2.4540350E-03)  (1.9848812E-04,-4.9080700E-03)
    0.000000       -1.000000       -2.000000      
 (-8.4377825E-03,2.4447218E-03)  (-7.7113509E-03,2.1886081E-04)  
 (3.8556755E-03,-1.0943040E-04)
    0.000000       -1.000000       -1.000000      
 (4.0419400E-03,-8.1781764E-05)  (7.1339309E-03,5.6251884E-03)  
 (-7.1339309E-03,-5.6251884E-03)
    1.000000        0.000000       -2.000000      (7.7672303E-03,3.9394945E-03)
   (-2.2957101E-03,7.2643161E-03)  (3.8836151E-03,1.9697472E-03)
    1.000000        0.000000       -1.000000      
 (4.1350722E-03,-2.0430889E-04)  (9.1642141E-03,-2.7287751E-03)  
 (4.1350722E-03,-2.0430889E-04)
    1.000000        1.000000       -2.000000      
 (-3.0361116E-03,-2.3422763E-03)  (4.4819899E-04,-1.3597310E-02)  
 (-1.2922101E-03,-7.9721212E-03)
    1.000000        1.000000       -1.000000      
 (-8.5681677E-03,-4.4144690E-03)  (3.1664968E-03,-8.0792233E-04)  
 (-5.3923577E-03,-5.2247196E-03)
    1.000000        2.000000       -1.000000      
 (-1.0095537E-02,-3.1292439E-03)  (1.9650906E-03,2.6449561E-03)  
 (-6.1653554E-03,2.1606684E-03)
    1.000000       -2.000000       -1.000000      
 (-9.2899427E-04,-6.4820051E-03)  (-1.6018748E-03,-3.4272671E-03)  
 (2.2770837E-03,3.7252903E-04)
    1.000000       -1.000000       -2.000000      (4.8428774E-03,2.2398308E-03)
   (-3.7346035E-03,2.7194619E-03)  (4.2933971E-03,-2.3981556E-04)
    1.000000       -1.000000       -1.000000      
 (-9.4622374E-03,3.0826777E-03)  (-8.3073974E-03,9.0571120E-04)  
 (-1.1618249E-03,2.1746382E-03)
    2.000000        0.000000       -1.000000      
 (-1.1114025E-05,4.6845526E-03)  (1.3154931E-03,7.4133277E-03)  
 (-2.2228051E-05,9.3691051E-03)
    2.000000        1.000000       -1.000000      
 (7.9890015E-05,-2.6717316E-04)  (4.3306500E-03,-6.8545341E-03)  
 (4.4889748E-03,-7.3760748E-03)
    2.000000       -1.000000       -1.000000      
 (-1.8719584E-03,9.0105459E-04)  (7.1013346E-04,5.1781535E-03)  
 (-4.4517219E-03,-3.3713877E-03)
