   0.00000000       0.00000000      -2.00000000     (  7.37607479E-03,  1.64844096E-03) ( -1.06170774E-02,  5.86733222E-03) (  0.00000000    ,  0.00000000    )
   0.00000000       0.00000000      -1.00000000     (  1.13621354E-03,  1.09151006E-02) (  2.35438347E-02, -2.60770321E-03) (  0.00000000    ,  0.00000000    )
   0.00000000       1.00000000      -2.00000000     ( -1.28056854E-03,  3.22237611E-03) (  1.94646418E-03, -1.79745257E-03) (  9.73232090E-04, -8.98726285E-04)
   0.00000000       1.00000000      -1.00000000     ( -7.04079866E-03,  1.22934580E-02) ( -6.25848770E-03, -5.43892384E-03) ( -6.25848770E-03, -5.43892384E-03)
   0.00000000       2.00000000      -1.00000000     (  9.13860276E-05, -1.58324838E-03) ( -9.31322575E-04, -1.11176632E-04) ( -1.86264515E-03, -2.22353265E-04)
   0.00000000      -2.00000000      -1.00000000     ( -1.15949661E-03,  5.04776835E-03) ( -1.30385160E-03, -1.65775418E-03) (  2.60770321E-03,  3.31550837E-03)
   0.00000000      -1.00000000      -2.00000000     (  5.47617674E-03,  5.06639481E-03) ( -1.85333192E-03, -2.64495611E-03) (  9.26665962E-04,  1.32247806E-03)
   0.00000000      -1.00000000      -1.00000000     ( -1.94646418E-03,  7.93952495E-04) (  4.07919288E-03,  1.25262886E-03) ( -4.07919288E-03, -1.25262886E-03)
   1.00000000       0.00000000      -2.00000000     ( -1.88127160E-03, -1.09430403E-03) (  1.18277967E-03,  6.70552254E-03) ( -9.40635800E-04, -5.47152013E-04)
   1.00000000       0.00000000      -1.00000000     (  9.46223736E-03, -5.53205609E-03) ( -4.33996320E-03,  2.66730785E-02) (  9.46223736E-03, -5.53205609E-03)
   1.00000000       1.00000000      -2.00000000     (  2.39349902E-03,  3.00817192E-03) ( -6.37024641E-03,  1.54250301E-04) ( -1.98371708E-03,  1.58324838E-03)
   1.00000000       1.00000000      -1.00000000     (  7.70669430E-04,  8.67992640E-03) ( -2.37487257E-03, -5.77419996E-03) ( -1.61118805E-03,  2.90572643E-03)
   1.00000000       2.00000000      -1.00000000     (  2.82190740E-03,  2.91038305E-05) ( -1.01048499E-03, -2.84053385E-04) (  8.00937414E-04, -5.40167093E-04)
   1.00000000      -2.00000000      -1.00000000     (  6.83940016E-05, -2.16532499E-04) ( -1.80443749E-04, -2.70083547E-04) (  4.28408384E-04,  3.24798748E-04)
   1.00000000      -1.00000000      -2.00000000     ( -1.32247806E-03, -4.26545739E-03) ( -1.04308128E-03,  3.94880772E-03) ( -1.37952156E-04, -4.09781933E-03)
   1.00000000      -1.00000000      -1.00000000     ( -9.73232090E-04,  5.26197255E-04) ( -1.31782144E-03, -3.29688191E-03) (  3.41096893E-04,  3.81842256E-03)
   2.00000000       0.00000000      -1.00000000     ( -1.84401870E-03,  1.37370080E-04) ( -1.79745257E-03, -1.13621354E-03) ( -3.68803740E-03,  2.74740160E-04)
   2.00000000       1.00000000      -1.00000000     (  6.28642738E-04,  1.30385160E-04) ( -3.87430191E-03, -1.82539225E-03) ( -2.61701643E-03, -1.56462193E-03)
   2.00000000      -1.00000000      -1.00000000     (  1.34110451E-03, -5.02914190E-04) (  1.83470547E-03,  1.43423676E-03) (  8.52160156E-04, -2.44006515E-03)
