   0.00000000       0.00000000      -2.00000000     ( -2.74740160E-04, -1.39698386E-03) (  1.09896064E-03, -4.00468707E-04) (  0.00000000    ,  0.00000000    )
   0.00000000       0.00000000      -1.00000000     (  2.38418579E-02, -3.60421836E-03) (  3.39001417E-02,  2.87592411E-02) (  0.00000000    ,  0.00000000    )
   0.00000000       1.00000000      -2.00000000     ( -2.14204192E-04, -7.91624188E-05) (  3.35276127E-04, -4.09781933E-04) (  1.67638063E-04, -2.04890966E-04)
   0.00000000       1.00000000      -1.00000000     (  1.98837370E-03,  3.17394733E-02) ( -3.47383320E-03, -3.46451998E-03) ( -3.47383320E-03, -3.46451998E-03)
   0.00000000       2.00000000      -1.00000000     (  1.60187483E-03,  1.32713467E-04) (  1.76951289E-04, -3.02679837E-05) (  3.53902578E-04, -6.05359674E-05)
   0.00000000      -2.00000000      -1.00000000     ( -7.54371285E-04, -8.29459168E-06) (  4.65661287E-04,  2.42143869E-04) ( -9.31322575E-04, -4.84287739E-04)
   0.00000000      -1.00000000      -2.00000000     (  8.94069672E-04, -2.18860805E-04) (  5.49480319E-04,  2.93366611E-04) ( -2.74740160E-04, -1.46683306E-04)
   0.00000000      -1.00000000      -1.00000000     (  8.17701221E-03, -8.94069672E-03) ( -2.85916030E-03,  6.68689609E-03) (  2.85916030E-03, -6.68689609E-03)
   1.00000000       0.00000000      -2.00000000     (  5.21540642E-04, -2.98023224E-04) (  7.35744834E-04, -4.19095159E-04) (  2.60770321E-04, -1.49011612E-04)
   1.00000000       0.00000000      -1.00000000     (  9.87201929E-03, -4.76837158E-03) ( -1.03749335E-02, -2.42609531E-03) (  9.87201929E-03, -4.76837158E-03)
   1.00000000       1.00000000      -2.00000000     (  4.84287739E-04,  2.37487257E-04) ( -1.67638063E-04,  9.31322575E-04) (  1.58324838E-04,  5.86733222E-04)
   1.00000000       1.00000000      -1.00000000     (  4.84287739E-04, -2.51457095E-04) ( -1.13621354E-03, -5.96046448E-04) ( -6.51925802E-04, -8.38190317E-04)
   1.00000000       2.00000000      -1.00000000     ( -5.58793545E-05, -5.96046448E-04) (  2.79396772E-04,  3.81842256E-04) (  5.02914190E-04,  1.72294676E-04)
   1.00000000      -2.00000000      -1.00000000     ( -9.12696123E-04, -4.28408384E-04) ( -5.77419996E-04, -5.12227416E-04) (  2.32830644E-04,  5.96046448E-04)
   1.00000000      -1.00000000      -2.00000000     ( -4.37721610E-04,  5.30853868E-04) ( -6.14672899E-04,  2.15368345E-05) (  8.61473382E-05,  2.51457095E-04)
   1.00000000      -1.00000000      -1.00000000     (  2.56113708E-04, -9.12696123E-04) (  9.87201929E-04, -3.11993062E-04) ( -7.35744834E-04, -5.96046448E-04)
   2.00000000       0.00000000      -1.00000000     (  3.63215804E-04,  9.31322575E-05) (  5.70435077E-05, -1.11758709E-04) (  7.26431608E-04,  1.86264515E-04)
   2.00000000       1.00000000      -1.00000000     (  3.30619514E-04,  9.19681042E-05) ( -5.40167093E-04,  3.02679837E-04) (  1.18743628E-04,  4.84287739E-04)
   2.00000000      -1.00000000      -1.00000000     ( -7.91624188E-05, -9.31322575E-05) ( -7.45058060E-04,  5.96046448E-04) (  5.86733222E-04, -7.82310963E-04)
