   0.00000000       0.00000000       1.00000000     (  1.59069896E-02, -5.12227416E-03) (  3.98606062E-02, -1.68010592E-02) (  0.00000000    ,  0.00000000    )
   0.00000000       0.00000000       2.00000000     (  1.86264515E-05, -1.86264515E-05) ( -1.86264515E-05,  2.32830644E-06) (  0.00000000    ,  0.00000000    )
   0.00000000       1.00000000       0.00000000     ( -6.98491931E-03, -3.52039933E-03) (  0.00000000    ,  0.00000000    ) (  1.05425715E-02,  1.21444464E-02)
   0.00000000       1.00000000       1.00000000     (  8.99657607E-03,  1.03190541E-02) ( -8.73114914E-04, -1.94646418E-03) (  8.73114914E-04,  1.94646418E-03)
   0.00000000       1.00000000       2.00000000     ( -2.32830644E-06, -9.31322575E-06) ( -9.31322575E-06,  4.65661287E-06) (  4.65661287E-06, -2.32830644E-06)
   0.00000000       2.00000000       0.00000000     (  9.31322575E-06,  1.86264515E-05) (  0.00000000    ,  0.00000000    ) ( -3.72529030E-05,  9.31322575E-06)
   0.00000000       2.00000000       1.00000000     (  3.72529030E-05, -9.31322575E-06) ( -9.31322575E-06, -2.32830644E-06) (  1.86264515E-05,  4.65661287E-06)
   0.00000000      -2.00000000       0.00000000     (  9.31322575E-06, -1.86264515E-05) (  0.00000000    ,  0.00000000    ) ( -3.72529030E-05, -9.31322575E-06)
   0.00000000      -2.00000000       1.00000000     ( -9.31322575E-06, -4.65661287E-06) ( -2.32830644E-06, -9.31322575E-06) ( -4.65661287E-06, -1.86264515E-05)
   0.00000000      -1.00000000       0.00000000     ( -6.98491931E-03,  3.52039933E-03) (  0.00000000    ,  0.00000000    ) (  1.05425715E-02, -1.21444464E-02)
   0.00000000      -1.00000000       1.00000000     ( -4.80562449E-03, -3.06218863E-02) ( -8.02800059E-03,  2.30502337E-03) ( -8.02800059E-03,  2.30502337E-03)
   0.00000000      -1.00000000       2.00000000     (  1.86264515E-05, -1.16415322E-06) (  1.16415322E-06, -9.31322575E-06) (  5.82076609E-07, -4.65661287E-06)
   1.00000000       0.00000000       0.00000000     (  0.00000000    ,  0.00000000    ) ( -2.50339508E-02,  2.09361315E-02) (  2.16811895E-02,  6.64964318E-03)
   1.00000000       0.00000000       1.00000000     ( -3.80910933E-03,  1.75205059E-04) ( -2.13831663E-02, -1.40070915E-02) (  3.80910933E-03, -1.75205059E-04)
   1.00000000       0.00000000       2.00000000     ( -1.86264515E-05, -1.16415322E-06) (  1.86264515E-05,  9.31322575E-06) (  9.31322575E-06,  5.82076609E-07)
   1.00000000       1.00000000       0.00000000     (  4.13274392E-04,  3.43658030E-03) ( -4.13274392E-04, -3.43658030E-03) ( -8.34465027E-03,  1.18836761E-02)
   1.00000000       1.00000000       1.00000000     (  9.31322575E-06,  4.65661287E-06) ( -3.72529030E-05, -2.32830644E-06) (  3.72529030E-05, -2.32830644E-06)
   1.00000000       1.00000000       2.00000000     ( -3.72529030E-05,  4.65661287E-06) (  9.31322575E-06,  1.86264515E-05) (  1.86264515E-05, -9.31322575E-06)
   1.00000000       2.00000000       0.00000000     (  1.86264515E-05, -4.65661287E-06) ( -9.31322575E-06,  2.32830644E-06) ( -1.86264515E-05,  1.86264515E-05)
   1.00000000       2.00000000       1.00000000     ( -1.16415322E-06,  4.65661287E-06) ( -9.31322575E-06,  4.65661287E-06) (  1.86264515E-05, -1.86264515E-05)
   1.00000000      -2.00000000       0.00000000     ( -1.86264515E-05,  2.32830644E-06) ( -9.31322575E-06,  1.16415322E-06) ( -1.86264515E-05, -1.86264515E-05)
   1.00000000      -2.00000000       1.00000000     ( -1.86264515E-05, -9.31322575E-06) ( -4.65661287E-06, -9.31322575E-06) (  9.31322575E-06, -4.65661287E-06)
   1.00000000      -1.00000000       0.00000000     ( -9.25501809E-05, -6.20260835E-03) ( -9.25501809E-05, -6.20260835E-03) ( -9.77888703E-03,  3.22610140E-02)
   1.00000000      -1.00000000       1.00000000     (  3.72529030E-05,  1.86264515E-05) ( -2.32830644E-06, -3.72529030E-05) ( -3.72529030E-05, -3.72529030E-05)
   1.00000000      -1.00000000       2.00000000     ( -1.86264515E-05,  9.31322575E-06) ( -1.86264515E-05,  1.86264515E-05) (  2.32830644E-06,  2.32830644E-06)
   2.00000000       0.00000000       0.00000000     (  0.00000000    ,  0.00000000    ) (  1.86264515E-05,  3.72529030E-05) ( -9.31322575E-06,  9.31322575E-06)
   2.00000000       0.00000000       1.00000000     ( -1.16415322E-06, -2.32830644E-06) (  9.31322575E-06,  1.86264515E-05) (  2.32830644E-06,  4.65661287E-06)
   2.00000000       1.00000000       0.00000000     (  9.31322575E-06,  9.31322575E-06) ( -1.86264515E-05, -1.86264515E-05) ( -9.31322575E-06,  3.72529030E-05)
   2.00000000       1.00000000       1.00000000     (  4.65661287E-06, -2.32830644E-06) ( -1.86264515E-05, -1.16415322E-06) (  4.65661287E-06,  9.31322575E-06)
   2.00000000      -1.00000000       0.00000000     ( -4.65661287E-06,  1.16415322E-06) ( -9.31322575E-06,  2.32830644E-06) ( -1.86264515E-05, -4.65661287E-06)
   2.00000000      -1.00000000       1.00000000     ( -9.31322575E-06, -9.31322575E-06) ( -1.86264515E-05, -9.31322575E-06) ( -9.31322575E-06,  9.31322575E-06)
