   0.00000000       0.00000000       1.00000000     (  2.76416540E-02,  8.56816769E-03) (  2.43633986E-02, -3.40491533E-02) (  0.00000000    ,  0.00000000    )
   0.00000000       0.00000000       2.00000000     (  1.25728548E-04, -6.33299351E-04) ( -5.02914190E-04, -1.86264515E-04) (  0.00000000    ,  0.00000000    )
   0.00000000       1.00000000       0.00000000     ( -1.79558992E-02,  1.99303031E-03) (  0.00000000    ,  0.00000000    ) (  3.45520675E-03,  1.15483999E-02)
   0.00000000       1.00000000       1.00000000     (  8.00937414E-03,  1.51339918E-03) ( -5.93718141E-04, -1.06915832E-02) (  5.93718141E-04,  1.06915832E-02)
   0.00000000       1.00000000       2.00000000     ( -6.14672899E-04,  1.67638063E-04) ( -1.44354999E-04,  9.31322575E-05) (  7.21774995E-05, -4.65661287E-05)
   0.00000000       2.00000000       0.00000000     ( -2.14204192E-04,  1.58324838E-04) (  0.00000000    ,  0.00000000    ) ( -3.91155481E-04,  5.02914190E-04)
   0.00000000       2.00000000       1.00000000     (  2.51457095E-04,  4.09781933E-04) ( -2.04890966E-04, -1.22236088E-05) (  4.09781933E-04,  2.44472176E-05)
   0.00000000      -2.00000000       0.00000000     ( -2.14204192E-04, -1.58324838E-04) (  0.00000000    ,  0.00000000    ) ( -3.91155481E-04, -5.02914190E-04)
   0.00000000      -2.00000000       1.00000000     ( -1.08033419E-03,  1.95577741E-04) ( -2.23517418E-04,  1.58324838E-04) ( -4.47034836E-04,  3.16649675E-04)
   0.00000000      -1.00000000       0.00000000     ( -1.79558992E-02, -1.99303031E-03) (  0.00000000    ,  0.00000000    ) (  3.45520675E-03, -1.15483999E-02)
   0.00000000      -1.00000000       1.00000000     (  1.14366412E-02, -2.56299973E-02) (  3.60887498E-04,  1.38767064E-03) (  3.60887498E-04,  1.38767064E-03)
   0.00000000      -1.00000000       2.00000000     ( -9.31322575E-05, -1.62981451E-04) (  1.16415322E-04, -2.98023224E-04) (  5.82076609E-05, -1.49011612E-04)
   1.00000000       0.00000000       0.00000000     (  0.00000000    ,  0.00000000    ) ( -1.30385160E-02,  1.25169754E-02) (  3.46451998E-02,  2.75671482E-02)
   1.00000000       0.00000000       1.00000000     (  4.74974513E-03, -3.26894224E-03) ( -3.61353159E-02,  8.92207026E-03) ( -4.74974513E-03,  3.26894224E-03)
   1.00000000       0.00000000       2.00000000     (  1.58324838E-04,  3.35276127E-04) (  7.07805157E-04,  4.09781933E-04) ( -7.91624188E-05, -1.67638063E-04)
   1.00000000       1.00000000       0.00000000     (  6.12810254E-03,  7.00354576E-03) ( -6.12810254E-03, -7.00354576E-03) ( -1.02445483E-02,  1.08778477E-02)
   1.00000000       1.00000000       1.00000000     (  8.38190317E-05, -3.91155481E-04) ( -2.70083547E-04,  4.88944352E-05) (  1.86264515E-04,  3.53902578E-04)
   1.00000000       1.00000000       2.00000000     ( -1.02445483E-04, -7.91624188E-05) ( -1.62981451E-04,  5.58793545E-05) (  1.30385160E-04,  1.10594556E-05)
   1.00000000       2.00000000       0.00000000     ( -2.79396772E-04,  4.47034836E-04) (  1.39698386E-04, -2.23517418E-04) (  2.79396772E-04, -2.04890966E-04)
   1.00000000       2.00000000       1.00000000     (  5.96046448E-04, -1.33877620E-05) ( -5.02914190E-04, -1.35041773E-04) (  4.28408384E-04,  2.79396772E-04)
   1.00000000      -2.00000000       0.00000000     ( -4.88944352E-05, -3.53902578E-04) ( -2.44472176E-05, -1.76951289E-04) ( -3.35276127E-04, -8.14907253E-05)
   1.00000000      -2.00000000       1.00000000     ( -8.14907253E-05,  5.02914190E-04) ( -9.31322575E-05,  4.09781933E-04) ( -1.07102096E-04,  3.07336450E-04)
   1.00000000      -1.00000000       0.00000000     ( -3.07336450E-03, -1.64657831E-02) ( -3.07336450E-03, -1.64657831E-02) ( -1.22189522E-02,  1.44541264E-02)
   1.00000000      -1.00000000       1.00000000     (  2.60770321E-04,  9.31322575E-05) ( -3.35276127E-04, -5.58793545E-04) ( -5.96046448E-04, -6.51925802E-04)
   1.00000000      -1.00000000       2.00000000     ( -1.67638063E-04,  3.72529030E-04) ( -3.14321369E-05,  1.53668225E-04) (  6.75208867E-05, -1.11758709E-04)
   2.00000000       0.00000000       0.00000000     (  0.00000000    ,  0.00000000    ) (  6.14672899E-04,  2.60770321E-04) ( -3.72529030E-04,  1.49011612E-04)
   2.00000000       0.00000000       1.00000000     (  1.39698386E-04, -2.60770321E-04) (  6.51925802E-05,  3.25962901E-04) ( -2.79396772E-04,  5.21540642E-04)
   2.00000000       1.00000000       0.00000000     ( -2.51457095E-04,  7.91624188E-05) (  5.02914190E-04, -1.58324838E-04) ( -1.28056854E-05, -3.07336450E-04)
   2.00000000       1.00000000       1.00000000     ( -6.75208867E-05,  9.77888703E-05) (  2.51457095E-04, -5.02914190E-04) ( -1.21071935E-04,  2.98023224E-04)
   2.00000000      -1.00000000       0.00000000     ( -4.88944352E-05,  2.60770321E-04) ( -9.77888703E-05,  5.21540642E-04) ( -5.58793545E-05,  2.88709998E-04)
   2.00000000      -1.00000000       1.00000000     ( -3.53902578E-04,  5.82076609E-06) ( -4.47034836E-04,  2.56113708E-05) (  2.51457095E-04,  1.39698386E-05)
