   0.00000000       0.00000000      -2.00000000     (  8.41915607E-03,  2.60770321E-03) ( -1.24052167E-02,  6.10947609E-03) (  0.00000000    ,  0.00000000    )
   0.00000000       0.00000000      -1.00000000     (  1.01281330E-04,  1.09523535E-02) (  2.15321779E-02, -4.48897481E-03) (  0.00000000    ,  0.00000000    )
   0.00000000       1.00000000      -2.00000000     ( -1.96509063E-03,  3.14787030E-03) (  1.04308128E-03, -2.95229256E-03) (  5.21540642E-04, -1.47614628E-03)
   0.00000000       1.00000000      -1.00000000     ( -7.67409801E-03,  1.13621354E-02) ( -5.62518835E-03, -5.81145287E-03) ( -5.62518835E-03, -5.81145287E-03)
   0.00000000       2.00000000      -1.00000000     (  1.86264515E-03, -6.84522092E-04) ( -7.03148544E-04, -2.20024958E-04) ( -1.40629709E-03, -4.40049917E-04)
   0.00000000      -2.00000000      -1.00000000     ( -6.37955964E-04,  4.00468707E-03) ( -1.68569386E-03, -1.41561031E-03) (  3.37138772E-03,  2.83122063E-03)
   0.00000000      -1.00000000      -2.00000000     (  5.99771738E-03,  4.82425094E-03) ( -3.22237611E-03, -2.30967999E-03) (  1.61118805E-03,  1.15483999E-03)
   0.00000000      -1.00000000      -1.00000000     ( -4.39584255E-03,  2.03028321E-03) (  4.06056643E-03,  1.25728548E-03) ( -4.06056643E-03, -1.25728548E-03)
   1.00000000       0.00000000      -2.00000000     ( -1.96509063E-03, -1.35973096E-03) (  2.88709998E-04,  6.57513738E-03) ( -9.82545316E-04, -6.79865479E-04)
   1.00000000       0.00000000      -1.00000000     (  9.68575478E-03, -5.66244125E-03) ( -3.87430191E-03,  2.83122063E-02) (  9.68575478E-03, -5.66244125E-03)
   1.00000000       1.00000000      -2.00000000     (  1.83470547E-03,  2.78465450E-03) ( -5.32716513E-03, -5.07570803E-04) ( -1.74157321E-03,  1.13621354E-03)
   1.00000000       1.00000000      -1.00000000     (  2.46800482E-03,  7.56233931E-03) ( -1.47614628E-03, -5.10364771E-03) (  9.87201929E-04,  2.45869160E-03)
   1.00000000       2.00000000      -1.00000000     (  2.71014869E-03,  1.22003257E-03) ( -2.65426934E-04,  5.20958565E-05) (  2.17929482E-03,  1.32247806E-03)
   1.00000000      -2.00000000      -1.00000000     (  6.37955964E-04,  1.86264515E-03) ( -7.53061613E-06,  3.43425199E-04) (  6.51925802E-04,  1.17812306E-03)
   1.00000000      -1.00000000      -2.00000000     ( -1.28988177E-03, -5.47617674E-03) ( -9.96515155E-04,  3.89292836E-03) ( -1.46683306E-04, -4.67523932E-03)
   1.00000000      -1.00000000      -1.00000000     ( -2.04890966E-03,  4.98257577E-04) ( -2.20723450E-03, -4.69386578E-03) (  1.64727680E-04,  5.17815351E-03)
   2.00000000       0.00000000      -1.00000000     ( -1.76951289E-03, -1.48429535E-04) ( -3.89292836E-03, -2.74740160E-04) ( -3.53902578E-03, -2.96859071E-04)
   2.00000000       1.00000000      -1.00000000     (  1.58324838E-03,  1.26659870E-03) ( -4.04193997E-03, -2.96160579E-03) ( -8.80099833E-04, -4.35393304E-04)
   2.00000000      -1.00000000      -1.00000000     (  7.31088221E-04, -8.38190317E-04) (  1.70432031E-03,  6.63567334E-04) ( -2.39815563E-04, -2.34693289E-03)
