    0.000000        0.000000        1.000000      (2.1606684E-02,1.1995435E-02)
   (-1.3224781E-02,-1.7061830E-02)  (0.000000,0.000000)
    0.000000        0.000000        2.000000      
 (3.1851232E-03,-5.2154064E-04)  (3.9301813E-03,3.4179538E-03)  
 (0.000000,0.000000)
    0.000000        1.000000        0.000000      (3.1292439E-03,4.4703484E-03)
   (0.000000,0.000000)  (4.7311187E-03,-8.3819032E-04)
    0.000000        1.000000        1.000000      (5.8673322E-03,7.4133277E-03)
   (4.9732625E-03,-4.1350722E-03)  (-4.9732625E-03,4.1350722E-03)
    0.000000        1.000000        2.000000      
 (-5.8487058E-03,-1.2386590E-03)  (-1.3131648E-03,-2.5052577E-03)  
 (6.5658242E-04,1.2526289E-03)
    0.000000        2.000000        0.000000      
 (-3.3713877E-03,1.3876706E-03)  (0.000000,0.000000)  
 (1.1920929E-03,2.0675361E-03)
    0.000000        2.000000        1.000000      
 (3.3434480E-03,-2.0582229E-03)  (-9.3365088E-04,-6.3795596E-04)  
 (1.8673018E-03,1.2759119E-03)
    0.000000       -2.000000        0.000000      
 (-3.3713877E-03,-1.3876706E-03)  (0.000000,0.000000)  
 (1.1920929E-03,-2.0675361E-03)
    0.000000       -2.000000        1.000000      
 (-7.0966780E-03,-7.7858567E-03)  (-1.5832484E-03,-7.8289304E-05)  
 (-3.1664968E-03,-1.5657861E-04)
    0.000000       -1.000000        0.000000      
 (3.1292439E-03,-4.4703484E-03)  (0.000000,0.000000)  
 (4.7311187E-03,8.3819032E-04)
    0.000000       -1.000000        1.000000      
 (8.7544322E-03,-4.0233135E-03)  (-1.0151416E-03,-5.7742000E-03)  
 (-1.0151416E-03,-5.7742000E-03)
    0.000000       -1.000000        2.000000      
 (-9.0152025E-03,-9.2200935E-04)  (-2.6915222E-03,-2.8871000E-03)  
 (-1.3457611E-03,-1.4435500E-03)
    1.000000        0.000000        0.000000      (0.000000,0.000000)  
 (-2.8759241E-02,6.3516200E-03)  (1.5869737E-02,1.9520521E-02)
    1.000000        0.000000        1.000000      
 (-3.8743019E-03,-2.1792948E-03)  (-1.5720725E-02,1.3411045E-02)  
 (3.8743019E-03,2.1792948E-03)
    1.000000        0.000000        2.000000      (6.8102963E-05,1.7974526E-03)
   (3.1478703E-03,5.3830445E-03)  (-3.4051482E-05,-8.9872628E-04)
    1.000000        1.000000        0.000000      
 (1.8905848E-03,-1.2759119E-03)  (-1.8905848E-03,1.2759119E-03)  
 (-3.3061951E-04,3.7252903E-03)
    1.000000        1.000000        1.000000      (1.9278377E-03,3.5203993E-03)
   (-2.9802322E-03,-3.5110861E-03)  (1.0523945E-03,-1.0586518E-05)
    1.000000        1.000000        2.000000      
 (-3.0361116E-03,1.9837171E-03)  (4.9825758E-04,-2.0768493E-03)  
 (1.2712553E-03,4.7439244E-05)
    1.000000        2.000000        0.000000      (3.4179538E-03,1.8486753E-03)
   (-1.7089769E-03,-9.2433766E-04)  (1.6903505E-03,4.7683716E-03)
    1.000000        2.000000        1.000000      (1.5133992E-03,1.8812716E-03)
   (-1.8440187E-03,7.6368451E-04)  (2.1699816E-03,-3.4086406E-03)
    1.000000       -2.000000        0.000000      (1.4947727E-03,3.4458935E-03)
   (7.4738637E-04,1.7229468E-03)  (-3.0174851E-03,-2.5844201E-04)
    1.000000       -2.000000        1.000000      
 (-2.9709190E-03,-1.8533319E-03)  (-1.4435500E-03,-1.5040860E-03)  
 (8.4983185E-05,-1.1548400E-03)
    1.000000       -1.000000        0.000000      
 (5.6345016E-04,-7.5087883E-05)  (5.6345016E-04,-7.5087883E-05)  
 (-6.9662929E-03,2.5797635E-03)
    1.000000       -1.000000        1.000000      
 (7.9721212E-03,-5.0291419E-03)  (1.9278377E-03,-2.7287751E-03)  
 (-6.0535967E-03,2.3096800E-03)
    1.000000       -1.000000        2.000000      
 (-4.2282045E-03,-1.9278377E-03)  (-5.9604645E-03,-3.4831464E-03)  
 (-8.7311491E-04,-7.7299774E-04)
    2.000000        0.000000        0.000000      (0.000000,0.000000)  
 (6.7241490E-03,-6.8685040E-04)  (-7.1944669E-04,-1.0896474E-03)
    2.000000        0.000000        1.000000      
 (-9.1735274E-04,3.9674342E-03)  (1.8021092E-03,5.1967800E-03)  
 (1.8347055E-03,-7.9348683E-03)
    2.000000        1.000000        0.000000      
 (-1.3597310E-03,-2.6263297E-03)  (2.7194619E-03,5.2526593E-03)  
 (-5.8114529E-03,6.0349703E-03)
    2.000000        1.000000        1.000000      (1.9464642E-03,2.1234155E-03)
   (-1.4295802E-03,-8.2701445E-03)  (-2.4680048E-03,4.0233135E-03)
    2.000000       -1.000000        0.000000      
 (-3.8370490E-03,-1.7974526E-03)  (-7.6740980E-03,-3.5949051E-03)  
 (-9.8254532E-04,2.8219074E-03)
    2.000000       -1.000000        1.000000      
 (-2.2817403E-03,1.4621764E-03)  (-9.4296411E-04,5.6438148E-03)  
 (3.6135316E-03,2.7101487E-03)
