   0.00000000       0.00000000      -2.00000000     (  1.11758709E-03,  2.70083547E-04) ( -1.08033419E-03,  3.35276127E-04) (  0.00000000    ,  0.00000000    )
   0.00000000       0.00000000      -1.00000000     (  8.40052962E-03,  1.22562051E-02) (  3.85940075E-02,  6.42612576E-03) (  0.00000000    ,  0.00000000    )
   0.00000000       1.00000000      -2.00000000     (  3.07336450E-04,  3.25962901E-04) (  4.47034836E-04,  3.84170562E-05) (  2.23517418E-04,  1.92085281E-05)
   0.00000000       1.00000000      -1.00000000     ( -6.98491931E-03,  2.32458115E-02) ( -9.53674316E-03, -4.08850610E-03) ( -9.53674316E-03, -4.08850610E-03)
   0.00000000       2.00000000      -1.00000000     ( -4.19095159E-04, -2.98023224E-04) ( -3.53902578E-04,  3.35276127E-04) ( -7.07805157E-04,  6.70552254E-04)
   0.00000000      -2.00000000      -1.00000000     (  4.09781933E-04,  3.44589353E-04) ( -4.54019755E-05,  8.61473382E-05) (  9.08039510E-05, -1.72294676E-04)
   0.00000000      -1.00000000      -2.00000000     (  4.84287739E-04,  5.77419996E-04) ( -1.67638063E-04, -2.51457095E-04) (  8.38190317E-05,  1.25728548E-04)
   0.00000000      -1.00000000      -1.00000000     (  6.03497028E-03, -4.38652933E-03) (  3.07336450E-03,  1.17812306E-03) ( -3.07336450E-03, -1.17812306E-03)
   1.00000000       0.00000000      -2.00000000     ( -4.19095159E-04, -1.67638063E-04) (  4.65661287E-04,  1.11758709E-03) ( -2.09547579E-04, -8.38190317E-05)
   1.00000000       0.00000000      -1.00000000     (  1.17346644E-02, -5.81145287E-03) ( -7.18981028E-03,  2.28732824E-02) (  1.17346644E-02, -5.81145287E-03)
   1.00000000       1.00000000      -2.00000000     (  2.46800482E-04,  4.19095159E-04) ( -5.21540642E-04, -2.60770321E-04) ( -1.39698386E-04,  7.68341124E-05)
   1.00000000       1.00000000      -1.00000000     ( -8.19563866E-04,  1.71363354E-03) ( -2.51457095E-04, -9.87201929E-04) ( -1.08033419E-03,  7.26431608E-04)
   1.00000000       2.00000000      -1.00000000     (  7.91624188E-05, -1.53668225E-04) ( -2.04890966E-04, -2.27009878E-05) ( -3.35276127E-04, -2.00234354E-04)
   1.00000000      -2.00000000      -1.00000000     ( -9.08039510E-05, -2.88709998E-04) (  1.30385160E-04, -1.25728548E-04) ( -3.53902578E-04, -3.72529030E-05)
   1.00000000      -1.00000000      -2.00000000     (  1.28056854E-04, -4.28408384E-04) ( -2.56113708E-04,  1.25728548E-04) (  1.90921128E-04, -2.79396772E-04)
   1.00000000      -1.00000000      -1.00000000     ( -1.19325705E-05,  2.37487257E-04) ( -2.00234354E-04,  1.21071935E-04) (  1.86264515E-04,  1.14087015E-04)
   2.00000000       0.00000000      -1.00000000     ( -3.53902578E-04,  3.08500603E-05) (  2.23517418E-04, -5.96046448E-04) ( -7.07805157E-04,  6.17001206E-05)
   2.00000000       1.00000000      -1.00000000     (  5.47152013E-05, -1.44354999E-04) ( -4.37721610E-04,  4.47034836E-04) ( -3.35276127E-04,  1.49011612E-04)
   2.00000000      -1.00000000      -1.00000000     (  3.16649675E-04,  4.65661287E-05) (  1.62981451E-04,  3.07336450E-04) (  4.65661287E-04, -2.14204192E-04)
