    0.000000        0.000000       -2.000000      (1.7508864E-03,5.5297278E-05)
   (2.3562461E-03,-2.1234155E-03)  (0.000000,0.000000)
    0.000000        0.000000       -1.000000      
 (2.3171306E-02,-1.2889504E-02)  (-1.5497208E-02,1.8700957E-02)  
 (0.000000,0.000000)
    0.000000        1.000000       -2.000000      
 (-5.5879354E-03,9.1269612E-04)  (-1.8440187E-03,2.4773180E-03)  
 (-9.2200935E-04,1.2386590E-03)
    0.000000        1.000000       -1.000000      (1.0542572E-02,3.9301813E-03)
   (-7.3574483E-04,6.4820051E-03)  (-7.3574483E-04,6.4820051E-03)
    0.000000        2.000000       -1.000000      
 (-3.8929284E-03,4.7311187E-03)  (-6.8452209E-04,2.6309863E-04)  
 (-1.3690442E-03,5.2619725E-04)
    0.000000       -2.000000       -1.000000      (1.3224781E-03,1.3504177E-03)
   (-7.9628080E-04,2.7357601E-04)  (1.5925616E-03,-5.4715201E-04)
    0.000000       -1.000000       -2.000000      
 (-3.7439167E-03,6.5658242E-04)  (-2.7706847E-04,1.8440187E-03)  
 (1.3853423E-04,-9.2200935E-04)
    0.000000       -1.000000       -1.000000      
 (6.9662929E-03,-9.7975135E-03)  (4.7497451E-03,4.3399632E-03)  
 (-4.7497451E-03,-4.3399632E-03)
    1.000000        0.000000       -2.000000      (3.2596290E-03,6.2398612E-04)
   (-2.8498471E-03,7.5437129E-04)  (1.6298145E-03,3.1199306E-04)
    1.000000        0.000000       -1.000000      
 (3.1944364E-03,-1.8533319E-03)  (4.1164458E-03,-8.5681677E-03)  
 (3.1944364E-03,-1.8533319E-03)
    1.000000        1.000000       -2.000000      
 (-2.0489097E-03,1.8440187E-03)  (-1.7788261E-03,-4.8801303E-03)  
 (-1.9092113E-03,-1.5087426E-03)
    1.000000        1.000000       -1.000000      
 (-3.6880374E-03,1.8905848E-03)  (1.9557774E-03,-9.6391886E-04)  
 (-1.7322600E-03,9.2666596E-04)
    1.000000        2.000000       -1.000000      
 (-2.3748726E-03,1.1641532E-03)  (5.2095857E-05,1.2200326E-03)  
 (-2.2724271E-03,3.5949051E-03)
    1.000000       -2.000000       -1.000000      
 (8.7078661E-04,-3.8882717E-04)  (-6.9849193E-06,-6.0535967E-04)  
 (8.8475645E-04,8.2887709E-04)
    1.000000       -1.000000       -2.000000      
 (1.3969839E-03,-8.5681677E-04)  (-2.8125942E-03,7.9628080E-04)  
 (2.1047890E-03,-8.2887709E-04)
    1.000000       -1.000000       -1.000000      
 (-4.0605664E-03,3.0919909E-03)  (-1.2759119E-03,-1.7927960E-04)  
 (-2.7753413E-03,3.2782555E-03)
    2.000000        0.000000       -1.000000      (1.7043203E-03,7.3574483E-04)
   (6.1094761E-03,2.8684735E-03)  (3.4086406E-03,1.4714897E-03)
    2.000000        1.000000       -1.000000      
 (-9.2200935E-04,-1.4249235E-03)  (5.3551048E-04,8.8941306E-04)  
 (-1.3131648E-03,-1.9557774E-03)
    2.000000       -1.000000       -1.000000      
 (-8.4750354E-04,8.7544322E-04)  (-7.2643161E-04,1.9930303E-03)  
 (-9.6857548E-04,-2.4097972E-04)
