   0.00000000       0.00000000      -2.00000000     (  6.81728125E-03,  2.94297934E-03) ( -9.79751348E-03,  3.96743417E-03) (  0.00000000    ,  0.00000000    )
   0.00000000       0.00000000      -1.00000000     ( -9.12696123E-04,  1.21071935E-02) (  2.15321779E-02, -6.94766641E-03) (  0.00000000    ,  0.00000000    )
   0.00000000       1.00000000      -2.00000000     ( -1.52736902E-03,  2.03959644E-03) ( -1.03609636E-04, -2.57045031E-03) ( -5.18048182E-05, -1.28522515E-03)
   0.00000000       1.00000000      -1.00000000     ( -9.35047865E-03,  1.16229057E-02) ( -5.96046448E-03, -6.35161996E-03) ( -5.96046448E-03, -6.35161996E-03)
   0.00000000       2.00000000      -1.00000000     (  1.76019967E-03,  5.00585884E-04) ( -8.38190317E-04, -4.74392436E-05) ( -1.67638063E-03, -9.48784873E-05)
   0.00000000      -2.00000000      -1.00000000     (  2.88709998E-04,  8.33533704E-04) ( -8.47503543E-04, -6.75208867E-04) (  1.69500709E-03,  1.35041773E-03)
   0.00000000      -1.00000000      -2.00000000     (  4.13507223E-03,  2.70083547E-03) ( -3.35276127E-03, -1.59256160E-03) (  1.67638063E-03,  7.96280801E-04)
   0.00000000      -1.00000000      -1.00000000     ( -7.78585672E-03,  3.78116965E-03) (  4.04193997E-03,  1.34576112E-03) ( -4.04193997E-03, -1.34576112E-03)
   1.00000000       0.00000000      -2.00000000     ( -1.35041773E-03, -9.45292413E-04) ( -2.70083547E-04,  4.56348062E-03) ( -6.75208867E-04, -4.72646207E-04)
   1.00000000       0.00000000      -1.00000000     (  1.11013651E-02, -5.96046448E-03) ( -3.89292836E-03,  3.30805779E-02) (  1.11013651E-02, -5.96046448E-03)
   1.00000000       1.00000000      -2.00000000     (  5.54136932E-04,  1.50874257E-03) ( -2.09547579E-03, -7.96280801E-04) ( -7.72997737E-04,  3.53902578E-04)
   1.00000000       1.00000000      -1.00000000     (  2.55182385E-03,  4.48897481E-03) ( -8.69476935E-06, -2.71946192E-03) (  2.53319740E-03,  1.76951289E-03)
   1.00000000       2.00000000      -1.00000000     (  1.64844096E-03,  1.70432031E-03) (  1.74622983E-04,  3.98722477E-05) (  1.99303031E-03,  1.77882612E-03)
   1.00000000      -2.00000000      -1.00000000     (  8.56816769E-04,  2.81259418E-03) (  1.86264515E-04,  9.49949026E-04) (  4.84287739E-04,  9.22009349E-04)
   1.00000000      -1.00000000      -2.00000000     ( -1.88592821E-04, -4.99188900E-03) ( -7.96280801E-04,  2.38418579E-03) (  3.02679837E-04, -3.68803740E-03)
   1.00000000      -1.00000000      -1.00000000     ( -2.48663127E-03,  6.51925802E-04) ( -2.46800482E-03, -4.54485416E-03) ( -1.60798663E-05,  5.21540642E-03)
   2.00000000       0.00000000      -1.00000000     ( -1.19209290E-03, -5.63450158E-04) ( -4.67523932E-03,  6.61239028E-04) ( -2.38418579E-03, -1.12690032E-03)
   2.00000000       1.00000000      -1.00000000     (  1.99303031E-03,  2.03959644E-03) ( -2.88709998E-03, -2.71946192E-03) (  1.08964741E-03,  1.35041773E-03)
   2.00000000      -1.00000000      -1.00000000     ( -2.18860805E-04, -1.06170774E-03) (  1.99070200E-04, -3.70200723E-04) ( -6.37955964E-04, -1.75088644E-03)
