   0.00000000       0.00000000      -2.00000000     (  2.98023224E-03,  5.30853868E-04) ( -3.65078449E-03,  1.93715096E-03) (  0.00000000    ,  0.00000000    )
   0.00000000       0.00000000      -1.00000000     (  3.84636223E-03,  1.17346644E-02) (  2.99513340E-02,  1.00582838E-03) (  0.00000000    ,  0.00000000    )
   0.00000000       1.00000000      -2.00000000     (  2.09547579E-04,  1.24797225E-03) (  1.29453838E-03, -2.18860805E-04) (  6.47269189E-04, -1.09430403E-04)
   0.00000000       1.00000000      -1.00000000     ( -6.76140189E-03,  1.64657831E-02) ( -7.86036253E-03, -4.80562449E-03) ( -7.86036253E-03, -4.80562449E-03)
   0.00000000       2.00000000      -1.00000000     ( -9.87201929E-04, -1.17346644E-03) ( -7.82310963E-04,  3.91155481E-04) ( -1.56462193E-03,  7.82310963E-04)
   0.00000000      -2.00000000      -1.00000000     ( -9.66247171E-05,  1.80676579E-03) ( -1.39698386E-04, -3.77185643E-04) (  2.79396772E-04,  7.54371285E-04)
   0.00000000      -1.00000000      -2.00000000     (  1.86264515E-03,  2.06753612E-03) ( -3.07336450E-04, -1.08033419E-03) (  1.53668225E-04,  5.40167093E-04)
   0.00000000      -1.00000000      -1.00000000     (  1.77416950E-03, -1.35973096E-03) (  3.96743417E-03,  1.20606273E-03) ( -3.96743417E-03, -1.20606273E-03)
   1.00000000       0.00000000      -2.00000000     ( -9.31322575E-04, -3.81842256E-04) (  1.13621354E-03,  3.01748514E-03) ( -4.65661287E-04, -1.90921128E-04)
   1.00000000       0.00000000      -1.00000000     (  1.04308128E-02, -5.60656190E-03) ( -5.55068254E-03,  2.56299973E-02) (  1.04308128E-02, -5.60656190E-03)
   1.00000000       1.00000000      -2.00000000     (  1.04308128E-03,  1.26659870E-03) ( -2.49594450E-03,  8.14907253E-05) ( -7.26431608E-04,  6.75208867E-04)
   1.00000000       1.00000000      -1.00000000     ( -1.01514161E-03,  4.47034836E-03) ( -1.28522515E-03, -2.75671482E-03) ( -2.30967999E-03,  1.69500709E-03)
   1.00000000       2.00000000      -1.00000000     (  9.77888703E-04, -2.60770321E-04) ( -8.00937414E-04, -2.65426934E-04) ( -6.28642738E-04, -7.91624188E-04)
   1.00000000      -2.00000000      -1.00000000     ( -2.79396772E-04, -8.19563866E-04) (  1.61526259E-05, -2.79396772E-04) ( -3.11993062E-04, -2.56113708E-04)
   1.00000000      -1.00000000      -2.00000000     ( -1.35041773E-04, -1.41561031E-03) ( -6.98491931E-04,  1.36904418E-03) (  2.81725079E-04, -1.37835741E-03)
   1.00000000      -1.00000000      -1.00000000     ( -2.50292942E-05,  3.91155481E-04) ( -3.28291208E-04, -6.00703061E-04) (  3.02679837E-04,  9.87201929E-04)
   2.00000000       0.00000000      -1.00000000     ( -8.94069672E-04,  1.38534233E-04) (  1.43190846E-04, -1.21071935E-03) ( -1.78813934E-03,  2.77068466E-04)
   2.00000000       1.00000000      -1.00000000     ( -7.93079380E-06, -3.53902578E-04) ( -1.39698386E-03,  1.74622983E-04) ( -1.41561031E-03, -5.30853868E-04)
   2.00000000      -1.00000000      -1.00000000     (  7.63684511E-04, -5.47152013E-05) (  4.61004674E-04,  9.49949026E-04) (  1.05239451E-03, -1.06170774E-03)
