   0.00000000       0.00000000       1.00000000     (  2.36928463E-02,  1.09896064E-02) (  5.69969416E-03, -2.65985727E-02) (  0.00000000    ,  0.00000000    )
   0.00000000       0.00000000       2.00000000     (  6.03497028E-03, -5.42029738E-03) ( -1.71363354E-03,  1.27591193E-03) (  0.00000000    ,  0.00000000    )
   0.00000000       1.00000000       0.00000000     ( -5.86733222E-03,  9.64850187E-03) (  0.00000000    ,  0.00000000    ) (  1.82073563E-03, -1.44354999E-04)
   0.00000000       1.00000000       1.00000000     (  3.45520675E-03, -5.06639481E-03) (  4.99188900E-03, -8.45640898E-03) ( -4.99188900E-03,  8.45640898E-03)
   0.00000000       1.00000000       2.00000000     ( -7.24568963E-03,  3.81842256E-04) ( -4.73111868E-03,  2.64262781E-04) (  2.36555934E-03, -1.32131390E-04)
   0.00000000       2.00000000       0.00000000     ( -3.46451998E-03, -5.99771738E-03) (  0.00000000    ,  0.00000000    ) ( -6.33299351E-03,  3.70200723E-04)
   0.00000000       2.00000000       1.00000000     (  2.83122063E-03,  5.01051545E-03) ( -2.50525773E-03, -1.99768692E-03) (  5.01051545E-03,  3.99537385E-03)
   0.00000000      -2.00000000       0.00000000     ( -3.46451998E-03,  5.99771738E-03) (  0.00000000    ,  0.00000000    ) ( -6.33299351E-03, -3.70200723E-04)
   0.00000000      -2.00000000       1.00000000     ( -1.04308128E-02,  1.45286322E-03) ( -1.54133886E-03,  1.56927854E-03) ( -3.08267772E-03,  3.13855708E-03)
   0.00000000      -1.00000000       0.00000000     ( -5.86733222E-03, -9.64850187E-03) (  0.00000000    ,  0.00000000    ) (  1.82073563E-03,  1.44354999E-04)
   0.00000000      -1.00000000       1.00000000     (  1.35600567E-02, -1.55344605E-02) ( -9.98843461E-04, -1.96509063E-03) ( -9.98843461E-04, -1.96509063E-03)
   0.00000000      -1.00000000       2.00000000     ( -1.49593689E-04, -3.24100256E-03) (  7.35744834E-04, -2.46218406E-04) (  3.67872417E-04, -1.23109203E-04)
   1.00000000       0.00000000       0.00000000     (  0.00000000    ,  0.00000000    ) ( -1.67638063E-02,  6.20260835E-03) (  2.63005495E-02,  2.17556953E-02)
   1.00000000       0.00000000       1.00000000     (  3.59490514E-03, -3.03611159E-03) ( -2.68965960E-02,  1.50874257E-02) ( -3.59490514E-03,  3.03611159E-03)
   1.00000000       0.00000000       2.00000000     (  1.22468919E-03,  3.25031579E-03) (  7.82310963E-03,  3.60421836E-03) ( -6.12344593E-04, -1.62515789E-03)
   1.00000000       1.00000000       0.00000000     (  5.43892384E-03,  3.22237611E-03) ( -5.43892384E-03, -3.22237611E-03) ( -8.15838575E-03,  4.86150384E-03)
   1.00000000       1.00000000       1.00000000     ( -3.92086804E-03, -5.86733222E-04) (  2.56113708E-03,  1.75787136E-04) (  1.35973096E-03,  4.09781933E-04)
   1.00000000       1.00000000       2.00000000     ( -1.39698386E-03, -2.90572643E-03) ( -5.58793545E-03, -1.34110451E-03) (  3.49245965E-03,  2.11875886E-03)
   1.00000000       2.00000000       0.00000000     ( -1.87195837E-03,  6.51925802E-03) (  9.35979187E-04, -3.25962901E-03) ( -1.53668225E-03,  6.70552254E-03)
   1.00000000       2.00000000       1.00000000     (  6.94766641E-03,  2.59838998E-03) ( -3.99537385E-03, -2.88709998E-03) (  1.04773790E-03,  3.18512321E-03)
   1.00000000      -2.00000000       0.00000000     (  4.14438546E-04, -3.41795385E-03) (  2.07219273E-04, -1.70897692E-03) ( -9.35979187E-04,  3.10130417E-03)
   1.00000000      -2.00000000       1.00000000     ( -1.62050128E-03,  1.20606273E-03) ( -1.91852450E-03,  2.09547579E-03) ( -2.21654773E-03,  2.98954546E-03)
   1.00000000      -1.00000000       0.00000000     ( -6.18398190E-03, -8.41915607E-03) ( -6.18398190E-03, -8.41915607E-03) ( -5.25265932E-03,  5.55068254E-03)
   1.00000000      -1.00000000       1.00000000     (  4.08850610E-03,  7.20843673E-03) ( -1.27125531E-03,  4.99188900E-03) ( -5.36441803E-03, -2.21654773E-03)
   1.00000000      -1.00000000       2.00000000     (  4.08850610E-03,  5.43892384E-03) (  6.96629286E-03,  3.98606062E-03) (  1.43889338E-03, -7.33416528E-04)
   2.00000000       0.00000000       0.00000000     (  0.00000000    ,  0.00000000    ) (  9.94652510E-03, -4.05125320E-03) ( -5.23403287E-03,  1.79279596E-03)
   2.00000000       0.00000000       1.00000000     ( -3.08267772E-03, -2.51457095E-03) (  2.01165676E-03,  9.35047865E-03) (  6.16535544E-03,  5.02914190E-03)
   2.00000000       1.00000000       0.00000000     ( -2.76602805E-03,  7.00820237E-04) (  5.53205609E-03, -1.40164047E-03) ( -1.91503204E-04, -9.42498446E-03)
   2.00000000       1.00000000       1.00000000     (  1.06636435E-03,  3.66009772E-03) ( -3.48314643E-03, -6.40749931E-03) (  1.34576112E-03, -9.24337655E-04)
   2.00000000      -1.00000000       0.00000000     (  1.90921128E-03,  1.20606273E-03) (  3.81842256E-03,  2.41212547E-03) ( -1.11758709E-04,  1.60187483E-03)
   2.00000000      -1.00000000       1.00000000     ( -3.18512321E-03,  9.49949026E-04) ( -2.17929482E-03, -1.69966370E-03) (  4.19095159E-03, -3.59490514E-03)
