   0.00000000       0.00000000       1.00000000     (  7.96280801E-04, -1.08778477E-02) (  2.27987766E-02,  3.18512321E-03) (  0.00000000    ,  0.00000000    )
   0.00000000       0.00000000       2.00000000     (  8.00937414E-03, -1.96509063E-03) ( -1.16601586E-02, -6.27711415E-03) (  0.00000000    ,  0.00000000    )
   0.00000000       1.00000000       0.00000000     (  5.19677997E-03, -2.40281224E-03) (  0.00000000    ,  0.00000000    ) (  1.42306089E-02, -3.68803740E-03)
   0.00000000       1.00000000       1.00000000     ( -2.65426934E-03, -1.15018338E-03) (  4.09781933E-03, -1.26194209E-03) ( -4.09781933E-03,  1.26194209E-03)
   0.00000000       1.00000000       2.00000000     (  5.94183803E-03, -5.28991222E-03) ( -2.34693289E-03,  2.68220901E-03) (  1.17346644E-03, -1.34110451E-03)
   0.00000000       2.00000000       0.00000000     (  1.83936208E-04,  7.18981028E-03) (  0.00000000    ,  0.00000000    ) ( -1.08964741E-03,  2.43075192E-03)
   0.00000000       2.00000000       1.00000000     ( -1.13621354E-03, -5.14090061E-03) ( -1.55065209E-03,  1.72294676E-03) (  3.10130417E-03, -3.44589353E-03)
   0.00000000      -2.00000000       0.00000000     (  1.83936208E-04, -7.18981028E-03) (  0.00000000    ,  0.00000000    ) ( -1.08964741E-03, -2.43075192E-03)
   0.00000000      -2.00000000       1.00000000     (  6.96163625E-04,  1.42492354E-03) ( -8.52160156E-04,  1.99652277E-04) ( -1.70432031E-03,  3.99304554E-04)
   0.00000000      -1.00000000       0.00000000     (  5.19677997E-03,  2.40281224E-03) (  0.00000000    ,  0.00000000    ) (  1.42306089E-02,  3.68803740E-03)
   0.00000000      -1.00000000       1.00000000     ( -7.18981028E-03, -1.19581819E-02) ( -6.03497028E-03,  5.56930900E-03) ( -6.03497028E-03,  5.56930900E-03)
   0.00000000      -1.00000000       2.00000000     ( -1.60653144E-03, -3.39001417E-03) (  1.78813934E-03,  2.25380063E-03) (  8.94069672E-04,  1.12690032E-03)
   1.00000000       0.00000000       0.00000000     (  0.00000000    ,  0.00000000    ) ( -2.48104334E-02,  8.34465027E-03) (  1.44541264E-02, -4.35858965E-03)
   1.00000000       0.00000000       1.00000000     ( -1.54133886E-03, -1.72294676E-03) (  1.24564394E-04, -8.75443220E-03) (  1.54133886E-03,  1.72294676E-03)
   1.00000000       0.00000000       2.00000000     ( -4.28408384E-03, -1.80676579E-03) ( -6.33299351E-04,  2.43075192E-03) (  2.14204192E-03,  9.03382897E-04)
   1.00000000       1.00000000       0.00000000     (  1.64844096E-03,  1.03842467E-03) ( -1.64844096E-03, -1.03842467E-03) (  5.90458512E-03,  1.18836761E-02)
   1.00000000       1.00000000       1.00000000     ( -2.88709998E-03, -6.21657819E-04) (  6.77537173E-04,  4.19095159E-03) (  2.20723450E-03, -3.57627869E-03)
   1.00000000       1.00000000       2.00000000     ( -2.78465450E-03,  1.06636435E-03) (  2.99885869E-03,  1.76019967E-03) ( -1.08848326E-04, -1.41095370E-03)
   1.00000000       2.00000000       0.00000000     (  2.65426934E-04,  2.00234354E-03) ( -1.32713467E-04, -1.00117177E-03) ( -2.85916030E-03,  1.12340786E-04)
   1.00000000       2.00000000       1.00000000     (  3.29688191E-03,  9.63918865E-04) ( -1.15949661E-03, -4.02797014E-04) ( -9.77888703E-04, -1.58906914E-04)
   1.00000000      -2.00000000       0.00000000     (  3.03843990E-04,  6.33299351E-04) (  1.51921995E-04,  3.16649675E-04) ( -2.46800482E-03,  2.90572643E-03)
   1.00000000      -2.00000000       1.00000000     ( -1.39698386E-03,  2.67755240E-04) (  4.98257577E-04,  2.98023224E-04) (  2.39349902E-03,  3.28291208E-04)
   1.00000000      -1.00000000       0.00000000     (  4.45172191E-03,  8.35862011E-04) (  4.45172191E-03,  8.35862011E-04) ( -3.63215804E-03,  7.93486834E-03)
   1.00000000      -1.00000000       1.00000000     (  1.45286322E-03,  4.17232513E-03) ( -6.47269189E-04, -4.99188900E-03) ( -2.10478902E-03, -9.16421413E-03)
   1.00000000      -1.00000000       2.00000000     ( -5.64381480E-03, -1.60653144E-03) (  1.92783773E-03,  7.61356205E-04) (  3.78116965E-03,  1.18277967E-03)
   2.00000000       0.00000000       0.00000000     (  0.00000000    ,  0.00000000    ) ( -2.28174031E-03,  4.26545739E-03) ( -2.03144737E-04, -2.69152224E-03)
   2.00000000       0.00000000       1.00000000     ( -1.07567757E-03,  1.08033419E-03) ( -2.84984708E-03, -3.33413482E-03) (  2.15135515E-03, -2.16066837E-03)
   2.00000000       1.00000000       0.00000000     ( -8.80099833E-04, -1.28056854E-03) (  1.76019967E-03,  2.56113708E-03) (  6.84522092E-04,  3.24100256E-03)
   2.00000000       1.00000000       1.00000000     ( -6.56582415E-04,  3.05008143E-04) ( -6.26314431E-04,  1.21537596E-03) (  1.93715096E-03, -1.82539225E-03)
   2.00000000      -1.00000000       0.00000000     ( -2.91503966E-03, -1.36904418E-03) ( -5.83007932E-03, -2.73808837E-03) (  1.74157321E-03,  6.18398190E-03)
   2.00000000      -1.00000000       1.00000000     (  2.02096999E-03, -1.67638063E-03) ( -1.37835741E-03,  4.79631126E-04) ( -5.42029738E-03,  3.83704901E-03)
