   0.00000000       0.00000000       1.00000000     (  6.37955964E-04, -1.08405948E-02) (  2.24262476E-02,  3.44589353E-03) (  0.00000000    ,  0.00000000    )
   0.00000000       0.00000000       2.00000000     (  8.27014446E-03, -2.12341547E-03) ( -1.20699406E-02, -6.40749931E-03) (  0.00000000    ,  0.00000000    )
   0.00000000       1.00000000       0.00000000     (  5.28991222E-03, -2.25380063E-03) (  0.00000000    ,  0.00000000    ) (  1.40815973E-02, -3.87430191E-03)
   0.00000000       1.00000000       1.00000000     ( -2.99885869E-03, -1.31782144E-03) (  4.07919288E-03, -1.25728548E-03) ( -4.07919288E-03,  1.25728548E-03)
   0.00000000       1.00000000       2.00000000     (  6.09084964E-03, -5.32716513E-03) ( -2.57976353E-03,  2.65426934E-03) (  1.28988177E-03, -1.32713467E-03)
   0.00000000       2.00000000       0.00000000     ( -8.90577212E-05,  7.45058060E-03) (  0.00000000    ,  0.00000000    ) ( -1.15483999E-03,  2.28174031E-03)
   0.00000000       2.00000000       1.00000000     ( -1.08033419E-03, -5.06639481E-03) ( -1.64378434E-03,  1.71363354E-03) (  3.28756869E-03, -3.42726707E-03)
   0.00000000      -2.00000000       0.00000000     ( -8.90577212E-05, -7.45058060E-03) (  0.00000000    ,  0.00000000    ) ( -1.15483999E-03, -2.28174031E-03)
   0.00000000      -2.00000000       1.00000000     (  9.91858542E-04,  1.31316483E-03) ( -8.14907253E-04,  2.25845724E-04) ( -1.62981451E-03,  4.51691449E-04)
   0.00000000      -1.00000000       0.00000000     (  5.28991222E-03,  2.25380063E-03) (  0.00000000    ,  0.00000000    ) (  1.40815973E-02,  3.87430191E-03)
   0.00000000      -1.00000000       1.00000000     ( -7.26431608E-03, -1.17346644E-02) ( -5.90458512E-03,  5.60656190E-03) ( -5.90458512E-03,  5.60656190E-03)
   0.00000000      -1.00000000       2.00000000     ( -1.74157321E-03, -3.40864062E-03) (  1.67172402E-03,  2.45869160E-03) (  8.35862011E-04,  1.22934580E-03)
   1.00000000       0.00000000       0.00000000     (  0.00000000    ,  0.00000000    ) ( -2.46614218E-02,  8.00937414E-03) (  1.45286322E-02, -4.35858965E-03)
   1.00000000       0.00000000       1.00000000     ( -1.52736902E-03, -1.77882612E-03) (  4.58676368E-04, -8.45640898E-03) (  1.52736902E-03,  1.77882612E-03)
   1.00000000       0.00000000       2.00000000     ( -4.32133675E-03, -1.77882612E-03) ( -7.40401447E-04,  2.57976353E-03) (  2.16066837E-03,  8.89413059E-04)
   1.00000000       1.00000000       0.00000000     (  1.51339918E-03,  9.31322575E-04) ( -1.51339918E-03, -9.31322575E-04) (  5.99771738E-03,  1.20326877E-02)
   1.00000000       1.00000000       1.00000000     ( -3.18512321E-03, -6.86850399E-04) (  9.26665962E-04,  4.32133675E-03) (  2.25380063E-03, -3.63215804E-03)
   1.00000000       1.00000000       2.00000000     ( -2.61701643E-03,  1.11758709E-03) (  3.04542482E-03,  1.70432031E-03) ( -2.10711733E-04, -1.41095370E-03)
   1.00000000       2.00000000       0.00000000     (  1.75787136E-04,  1.81607902E-03) ( -8.78935680E-05, -9.08039510E-04) ( -2.79396772E-03, -9.60426405E-05)
   1.00000000       2.00000000       1.00000000     (  3.34344804E-03,  8.40518624E-04) ( -1.19209290E-03, -3.71364877E-04) ( -9.54605639E-04, -9.86619852E-05)
   1.00000000      -2.00000000       0.00000000     (  1.18743628E-04,  5.61121851E-04) (  5.93718141E-05,  2.80560926E-04) ( -2.44937837E-03,  3.17580998E-03)
   1.00000000      -2.00000000       1.00000000     ( -1.26194209E-03,  1.75205059E-04) (  6.51925802E-04,  1.72876753E-04) (  2.56113708E-03,  1.70548446E-04)
   1.00000000      -1.00000000       0.00000000     (  4.61935997E-03,  9.73232090E-04) (  4.61935997E-03,  9.73232090E-04) ( -3.48314643E-03,  7.30156898E-03)
   1.00000000      -1.00000000       1.00000000     (  1.13621354E-03,  4.24683094E-03) ( -7.05476850E-04, -4.95463610E-03) ( -1.84401870E-03, -9.20146704E-03)
   1.00000000      -1.00000000       2.00000000     ( -5.69969416E-03, -1.62050128E-03) (  1.95577741E-03,  8.75443220E-04) (  3.81842256E-03,  1.24797225E-03)
   2.00000000       0.00000000       0.00000000     (  0.00000000    ,  0.00000000    ) ( -2.41212547E-03,  4.22820449E-03) (  9.02218744E-06, -2.81259418E-03)
   2.00000000       0.00000000       1.00000000     ( -1.12690032E-03,  1.12690032E-03) ( -2.81259418E-03, -3.55765224E-03) (  2.25380063E-03, -2.25380063E-03)
   2.00000000       1.00000000       0.00000000     ( -9.49949026E-04, -1.35041773E-03) (  1.89989805E-03,  2.70083547E-03) (  6.14672899E-04,  3.44589353E-03)
   2.00000000       1.00000000       1.00000000     ( -6.93835318E-04,  3.32947820E-04) ( -5.44823706E-04,  1.23400241E-03) (  1.93715096E-03, -1.89989805E-03)
   2.00000000      -1.00000000       0.00000000     ( -2.97091901E-03, -1.35973096E-03) ( -5.94183803E-03, -2.71946192E-03) (  1.71363354E-03,  6.31436706E-03)
   2.00000000      -1.00000000       1.00000000     (  2.13272870E-03, -1.55996531E-03) ( -1.42026693E-03,  5.23868948E-04) ( -5.68106771E-03,  3.63215804E-03)
