   0.00000000       0.00000000       1.00000000     (  1.17719173E-02, -1.08033419E-02) (  4.17232513E-02, -1.04680657E-02) (  0.00000000    ,  0.00000000    )
   0.00000000       0.00000000       2.00000000     (  2.98023224E-04, -1.02445483E-04) ( -2.60770321E-04, -3.25962901E-05) (  0.00000000    ,  0.00000000    )
   0.00000000       1.00000000       0.00000000     ( -1.08499080E-03, -4.52622771E-03) (  0.00000000    ,  0.00000000    ) (  1.47894025E-02,  6.59376383E-03)
   0.00000000       1.00000000       1.00000000     (  8.30739737E-03,  6.72414899E-03) (  1.88127160E-03, -1.28988177E-03) ( -1.88127160E-03,  1.28988177E-03)
   0.00000000       1.00000000       2.00000000     (  9.31322575E-05, -1.21071935E-04) ( -7.45058060E-05,  5.58793545E-05) (  3.72529030E-05, -2.79396772E-05)
   0.00000000       2.00000000       0.00000000     (  1.67638063E-04,  9.31322575E-05) (  0.00000000    ,  0.00000000    ) ( -1.02445483E-04,  3.72529030E-05)
   0.00000000       2.00000000       1.00000000     (  2.04890966E-04, -5.58793545E-05) ( -3.72529030E-05, -4.65661287E-05) (  7.45058060E-05,  9.31322575E-05)
   0.00000000      -2.00000000       0.00000000     (  1.67638063E-04, -9.31322575E-05) (  0.00000000    ,  0.00000000    ) ( -1.02445483E-04, -3.72529030E-05)
   0.00000000      -2.00000000       1.00000000     ( -1.02445483E-04,  1.16415322E-05) ( -9.31322575E-05, -1.11758709E-04) ( -1.86264515E-04, -2.23517418E-04)
   0.00000000      -1.00000000       0.00000000     ( -1.08499080E-03,  4.52622771E-03) (  0.00000000    ,  0.00000000    ) (  1.47894025E-02, -6.59376383E-03)
   0.00000000      -1.00000000       1.00000000     ( -6.76140189E-03, -2.70456076E-02) ( -9.76026058E-03,  3.56696546E-03) ( -9.76026058E-03,  3.56696546E-03)
   0.00000000      -1.00000000       2.00000000     (  1.21071935E-04, -5.58793545E-05) (  8.38190317E-05, -3.49245965E-05) (  4.19095159E-05, -1.74622983E-05)
   1.00000000       0.00000000       0.00000000     (  0.00000000    ,  0.00000000    ) ( -3.18884850E-02,  2.25752592E-02) (  1.87754631E-02,  3.02679837E-04)
   1.00000000       0.00000000       1.00000000     ( -3.50177288E-03,  5.39002940E-04) ( -1.52736902E-02, -1.81794167E-02) (  3.50177288E-03, -5.39002940E-04)
   1.00000000       0.00000000       2.00000000     ( -2.04890966E-04, -1.11758709E-04) (  1.11758709E-04,  7.45058060E-05) (  1.02445483E-04,  5.58793545E-05)
   1.00000000       1.00000000       0.00000000     (  2.84053385E-03,  4.86150384E-03) ( -2.84053385E-03, -4.86150384E-03) ( -3.93018126E-03,  1.16974115E-02)
   1.00000000       1.00000000       1.00000000     (  9.31322575E-05,  1.11758709E-04) ( -2.98023224E-04,  1.16415322E-05) (  2.04890966E-04, -1.21071935E-04)
   1.00000000       1.00000000       2.00000000     ( -3.35276127E-04,  6.05359674E-05) (  1.30385160E-04,  1.86264515E-04) (  1.02445483E-04, -1.21071935E-04)
   1.00000000       2.00000000       0.00000000     ( -3.72529030E-05,  8.38190317E-05) (  1.86264515E-05, -4.19095159E-05) ( -1.11758709E-04, -1.51339918E-05)
   1.00000000       2.00000000       1.00000000     ( -1.74622983E-05,  5.12227416E-05) ( -8.38190317E-05,  8.73114914E-07) (  1.67638063E-04, -5.12227416E-05)
   1.00000000      -2.00000000       0.00000000     ( -5.82076609E-06,  1.11758709E-04) ( -2.91038305E-06,  5.58793545E-05) ( -8.38190317E-05, -1.86264515E-04)
   1.00000000      -2.00000000       1.00000000     ( -1.86264515E-04, -6.51925802E-05) ( -3.72529030E-05, -2.09547579E-05) (  1.02445483E-04,  2.32830644E-05)
   1.00000000      -1.00000000       0.00000000     (  1.02678314E-03, -4.75905836E-03) (  1.02678314E-03, -4.75905836E-03) ( -8.34465027E-03,  3.29315662E-02)
   1.00000000      -1.00000000       1.00000000     (  3.72529030E-04,  1.67638063E-04) (  1.28056854E-05, -2.98023224E-04) ( -3.72529030E-04, -4.84287739E-04)
   1.00000000      -1.00000000       2.00000000     ( -1.49011612E-04, -5.82076609E-06) ( -6.98491931E-05,  1.39698386E-04) (  4.19095159E-05,  7.45058060E-05)
   2.00000000       0.00000000       0.00000000     (  0.00000000    ,  0.00000000    ) (  7.45058060E-05,  2.60770321E-04) ( -1.11758709E-04, -2.56113708E-05)
   2.00000000       0.00000000       1.00000000     ( -2.79396772E-05,  1.04773790E-05) ( -1.28056854E-05,  5.12227416E-05) (  5.58793545E-05, -2.09547579E-05)
   2.00000000       1.00000000       0.00000000     (  3.72529030E-05,  2.56113708E-05) ( -7.45058060E-05, -5.12227416E-05) (  3.72529030E-05,  9.31322575E-05)
   2.00000000       1.00000000       1.00000000     ( -2.61934474E-06, -3.49245965E-05) ( -1.21071935E-04,  8.38190317E-05) (  1.21071935E-04, -1.51339918E-05)
   2.00000000      -1.00000000       0.00000000     ( -6.98491931E-05, -4.19095159E-05) ( -1.39698386E-04, -8.38190317E-05) ( -1.16415322E-05, -1.74622983E-05)
   2.00000000      -1.00000000       1.00000000     ( -3.02679837E-05, -1.49011612E-04) ( -8.38190317E-05, -1.02445483E-04) ( -2.79396772E-05,  1.86264515E-04)
