   0.00000000       0.00000000       1.00000000     (  2.30967999E-02,  1.11013651E-02) (  3.45520675E-03, -2.49594450E-02) (  0.00000000    ,  0.00000000    )
   0.00000000       0.00000000       2.00000000     (  6.85453415E-03, -5.42029738E-03) ( -4.24915925E-04,  1.53668225E-03) (  0.00000000    ,  0.00000000    )
   0.00000000       1.00000000       0.00000000     ( -4.41446900E-03,  1.05425715E-02) (  0.00000000    ,  0.00000000    ) (  1.74157321E-03, -1.25728548E-03)
   0.00000000       1.00000000       1.00000000     (  3.11061740E-03, -4.65661287E-03) (  5.69969416E-03, -7.86036253E-03) ( -5.69969416E-03,  7.86036253E-03)
   0.00000000       1.00000000       2.00000000     ( -7.91624188E-03, -2.96859071E-04) ( -6.22123480E-03,  4.71482053E-04) (  3.11061740E-03, -2.35741027E-04)
   0.00000000       2.00000000       0.00000000     ( -2.30036676E-03, -7.04079866E-03) (  0.00000000    ,  0.00000000    ) ( -6.55651093E-03,  3.27127054E-04)
   0.00000000       2.00000000       1.00000000     (  4.03262675E-03,  4.12575901E-03) ( -2.30967999E-03, -2.43075192E-03) (  4.61935997E-03,  4.86150384E-03)
   0.00000000      -2.00000000       0.00000000     ( -2.30036676E-03,  7.04079866E-03) (  0.00000000    ,  0.00000000    ) ( -6.55651093E-03, -3.27127054E-04)
   0.00000000      -2.00000000       1.00000000     ( -1.05053186E-02,  1.66255631E-05) ( -1.49477273E-03,  1.50874257E-03) ( -2.98954546E-03,  3.01748514E-03)
   0.00000000      -1.00000000       0.00000000     ( -4.41446900E-03, -1.05425715E-02) (  0.00000000    ,  0.00000000    ) (  1.74157321E-03,  1.25728548E-03)
   0.00000000      -1.00000000       1.00000000     (  1.22934580E-02, -1.44541264E-02) ( -1.61584467E-03, -2.12341547E-03) ( -1.61584467E-03, -2.12341547E-03)
   0.00000000      -1.00000000       2.00000000     ( -1.25262886E-03, -2.58907676E-03) (  8.35862011E-04,  1.47614628E-03) (  4.17931005E-04,  7.38073140E-04)
   1.00000000       0.00000000       0.00000000     (  0.00000000    ,  0.00000000    ) ( -1.79558992E-02,  5.71832061E-03) (  2.51829624E-02,  2.07126141E-02)
   1.00000000       0.00000000       1.00000000     (  2.98023224E-03, -3.51108611E-03) ( -2.57790089E-02,  1.51619315E-02) ( -2.98023224E-03,  3.51108611E-03)
   1.00000000       0.00000000       2.00000000     (  1.10128894E-03,  3.15718353E-03) (  7.13393092E-03,  4.13507223E-03) ( -5.50644472E-04, -1.57859176E-03)
   1.00000000       1.00000000       0.00000000     (  5.32716513E-03,  2.37487257E-03) ( -5.32716513E-03, -2.37487257E-03) ( -7.59959221E-03,  4.00468707E-03)
   1.00000000       1.00000000       1.00000000     ( -4.09781933E-03,  1.47847459E-04) (  2.87778676E-03, -1.49011612E-04) (  1.22468919E-03,  1.02772901E-06)
   1.00000000       1.00000000       2.00000000     ( -1.96974725E-03, -3.02679837E-03) ( -5.86733222E-03, -2.45869160E-03) (  3.92086804E-03,  2.74740160E-03)
   1.00000000       2.00000000       0.00000000     ( -2.12807208E-03,  6.57513738E-03) (  1.06403604E-03, -3.28756869E-03) ( -1.51805580E-03,  8.84756446E-03)
   1.00000000       2.00000000       1.00000000     (  7.50645995E-03,  2.90572643E-03) ( -3.58559191E-03, -2.95229256E-03) ( -3.44589353E-04,  2.99885869E-03)
   1.00000000      -2.00000000       0.00000000     (  2.09547579E-04, -3.40864062E-03) (  1.04773790E-04, -1.70432031E-03) ( -1.23865902E-03,  2.59838998E-03)
   1.00000000      -2.00000000       1.00000000     ( -2.11875886E-03,  8.00937414E-04) ( -2.33761966E-03,  1.65775418E-03) ( -2.55182385E-03,  2.51457095E-03)
   1.00000000      -1.00000000       0.00000000     ( -6.07222319E-03, -6.53788447E-03) ( -6.07222319E-03, -6.53788447E-03) ( -4.63798642E-03,  4.93600965E-03)
   1.00000000      -1.00000000       1.00000000     (  5.81145287E-03,  8.69855285E-03) ( -9.98261385E-05,  6.96629286E-03) ( -5.90458512E-03, -1.71363354E-03)
   1.00000000      -1.00000000       2.00000000     (  4.63798642E-03,  6.44475222E-03) (  7.78585672E-03,  3.74391675E-03) (  1.57393515E-03, -1.34576112E-03)
   2.00000000       0.00000000       0.00000000     (  0.00000000    ,  0.00000000    ) (  1.13248825E-02, -5.53205609E-03) ( -5.27128577E-03,  3.12924385E-03)
   2.00000000       0.00000000       1.00000000     ( -4.08850610E-03, -2.13738531E-03) (  2.80328095E-03,  1.10641122E-02) (  8.17701221E-03,  4.27477062E-03)
   2.00000000       1.00000000       0.00000000     ( -2.70083547E-03,  9.17352736E-04) (  5.40167093E-03, -1.83470547E-03) ( -5.93718141E-04, -9.46223736E-03)
   2.00000000       1.00000000       1.00000000     (  1.65309757E-03,  4.36790287E-03) ( -4.71249223E-03, -7.50645995E-03) (  1.39698386E-03, -1.23400241E-03)
   2.00000000      -1.00000000       0.00000000     (  1.93715096E-03,  5.91389835E-04) (  3.87430191E-03,  1.18277967E-03) (  1.00408215E-04,  1.67638063E-03)
   2.00000000      -1.00000000       1.00000000     ( -3.66009772E-03,  8.70786607E-04) ( -2.72877514E-03, -2.10944563E-03) (  4.58210707E-03, -3.84636223E-03)
