   0.00000000       0.00000000       1.00000000     (  1.60560012E-02, -4.64729965E-03) (  3.93390656E-02, -1.71735883E-02) (  0.00000000    ,  0.00000000    )
   0.00000000       0.00000000       2.00000000     (  1.67638063E-04, -1.86264515E-04) ( -1.86264515E-04,  2.56113708E-05) (  0.00000000    ,  0.00000000    )
   0.00000000       1.00000000       0.00000000     ( -7.43195415E-03, -3.38070095E-03) (  0.00000000    ,  0.00000000    ) (  1.01700425E-02,  1.23679638E-02)
   0.00000000       1.00000000       1.00000000     (  8.90344381E-03,  1.03935599E-02) ( -1.05006620E-03, -2.01165676E-03) (  1.05006620E-03,  2.01165676E-03)
   0.00000000       1.00000000       2.00000000     ( -2.56113708E-05, -8.38190317E-05) ( -7.45058060E-05,  4.19095159E-05) (  3.72529030E-05, -2.09547579E-05)
   0.00000000       2.00000000       0.00000000     (  5.12227416E-05,  1.86264515E-04) (  0.00000000    ,  0.00000000    ) ( -2.60770321E-04,  8.38190317E-05)
   0.00000000       2.00000000       1.00000000     (  2.42143869E-04, -6.05359674E-05) ( -6.51925802E-05, -1.62981451E-05) (  1.30385160E-04,  3.25962901E-05)
   0.00000000      -2.00000000       0.00000000     (  5.12227416E-05, -1.86264515E-04) (  0.00000000    ,  0.00000000    ) ( -2.60770321E-04, -8.38190317E-05)
   0.00000000      -2.00000000       1.00000000     ( -6.51925802E-05, -3.72529030E-05) ( -1.51339918E-05, -9.31322575E-05) ( -3.02679837E-05, -1.86264515E-04)
   0.00000000      -1.00000000       0.00000000     ( -7.43195415E-03,  3.38070095E-03) (  0.00000000    ,  0.00000000    ) (  1.01700425E-02, -1.23679638E-02)
   0.00000000      -1.00000000       1.00000000     ( -4.58210707E-03, -3.05473804E-02) ( -7.82310963E-03,  2.24448740E-03) ( -7.82310963E-03,  2.24448740E-03)
   0.00000000      -1.00000000       2.00000000     (  1.30385160E-04, -6.98491931E-06) (  6.40284270E-06, -6.51925802E-05) (  3.20142135E-06, -3.25962901E-05)
   1.00000000       0.00000000       0.00000000     (  0.00000000    ,  0.00000000    ) ( -2.43633986E-02,  2.06381083E-02) (  2.19047070E-02,  7.09667802E-03)
   1.00000000       0.00000000       1.00000000     ( -3.70666385E-03,  6.14090823E-05) ( -2.16811895E-02, -1.35228038E-02) (  3.70666385E-03, -6.14090823E-05)
   1.00000000       0.00000000       2.00000000     ( -1.49011612E-04,  2.32830644E-06) (  1.02445483E-04,  9.31322575E-05) (  7.45058060E-05, -1.16415322E-06)
   1.00000000       1.00000000       0.00000000     (  3.02679837E-04,  3.24100256E-03) ( -3.02679837E-04, -3.24100256E-03) ( -8.56816769E-03,  1.18464231E-02)
   1.00000000       1.00000000       1.00000000     (  6.51925802E-05,  2.56113708E-05) ( -2.60770321E-04, -1.51339918E-05) (  2.04890966E-04, -1.16415322E-05)
   1.00000000       1.00000000       2.00000000     ( -2.98023224E-04,  2.79396772E-05) (  6.05359674E-05,  1.49011612E-04) (  1.30385160E-04, -8.38190317E-05)
   1.00000000       2.00000000       0.00000000     (  1.11758709E-04, -3.72529030E-05) ( -5.58793545E-05,  1.86264515E-05) ( -9.31322575E-05,  1.30385160E-04)
   1.00000000       2.00000000       1.00000000     ( -1.30967237E-06,  4.65661287E-05) ( -7.45058060E-05,  3.02679837E-05) (  1.49011612E-04, -1.02445483E-04)
   1.00000000      -2.00000000       0.00000000     ( -1.11758709E-04,  1.86264515E-05) ( -5.58793545E-05,  9.31322575E-06) ( -1.11758709E-04, -1.86264515E-04)
   1.00000000      -2.00000000       1.00000000     ( -1.30385160E-04, -9.31322575E-05) ( -3.02679837E-05, -6.51925802E-05) (  7.45058060E-05, -3.72529030E-05)
   1.00000000      -1.00000000       0.00000000     ( -1.47265382E-04, -6.33299351E-03) ( -1.47265382E-04, -6.33299351E-03) ( -9.85339284E-03,  3.17394733E-02)
   1.00000000      -1.00000000       1.00000000     (  2.98023224E-04,  1.11758709E-04) ( -2.32830644E-05, -2.60770321E-04) ( -3.35276127E-04, -3.72529030E-04)
   1.00000000      -1.00000000       2.00000000     ( -1.67638063E-04,  8.38190317E-05) ( -1.30385160E-04,  1.21071935E-04) (  1.86264515E-05,  1.51339918E-05)
   2.00000000       0.00000000       0.00000000     (  0.00000000    ,  0.00000000    ) (  1.02445483E-04,  2.60770321E-04) ( -7.45058060E-05,  1.02445483E-04)
   2.00000000       0.00000000       1.00000000     ( -3.49245965E-06, -2.56113708E-05) (  7.45058060E-05,  1.30385160E-04) (  6.98491931E-06,  5.12227416E-05)
   2.00000000       1.00000000       0.00000000     (  6.51925802E-05,  7.45058060E-05) ( -1.30385160E-04, -1.49011612E-04) ( -1.02445483E-04,  2.04890966E-04)
   2.00000000       1.00000000       1.00000000     (  4.65661287E-05, -1.62981451E-05) ( -1.21071935E-04, -2.09547579E-05) (  2.32830644E-05,  5.58793545E-05)
   2.00000000      -1.00000000       0.00000000     ( -3.72529030E-05,  9.31322575E-06) ( -7.45058060E-05,  1.86264515E-05) ( -1.02445483E-04, -3.25962901E-05)
   2.00000000      -1.00000000       1.00000000     ( -5.12227416E-05, -5.58793545E-05) ( -1.67638063E-04, -7.45058060E-05) ( -6.05359674E-05,  4.19095159E-05)
