   0.00000000       0.00000000      -2.00000000     (  2.71946192E-03,  4.93600965E-04) ( -3.27825546E-03,  1.71363354E-03) (  0.00000000    ,  0.00000000    )
   0.00000000       0.00000000      -1.00000000     (  4.13507223E-03,  1.18091702E-02) (  3.06218863E-02,  1.37370080E-03) (  0.00000000    ,  0.00000000    )
   0.00000000       1.00000000      -2.00000000     (  2.51457095E-04,  1.11758709E-03) (  1.20140612E-03, -1.76951289E-04) (  6.00703061E-04, -8.84756446E-05)
   0.00000000       1.00000000      -1.00000000     ( -6.76140189E-03,  1.69128180E-02) ( -7.97212124E-03, -4.73111868E-03) ( -7.97212124E-03, -4.73111868E-03)
   0.00000000       2.00000000      -1.00000000     ( -9.40635800E-04, -1.09896064E-03) ( -7.35744834E-04,  4.00468707E-04) ( -1.47148967E-03,  8.00937414E-04)
   0.00000000      -2.00000000      -1.00000000     ( -1.89174898E-05,  1.58324838E-03) ( -1.08266249E-04, -3.00351530E-04) (  2.16532499E-04,  6.00703061E-04)
   0.00000000      -1.00000000      -2.00000000     (  1.67638063E-03,  1.86264515E-03) ( -2.74740160E-04, -9.68575478E-04) (  1.37370080E-04,  4.84287739E-04)
   0.00000000      -1.00000000      -1.00000000     (  2.09547579E-03, -1.56927854E-03) (  3.92086804E-03,  1.20140612E-03) ( -3.92086804E-03, -1.20140612E-03)
   1.00000000       0.00000000      -2.00000000     ( -8.66129994E-04, -3.44589353E-04) (  1.08033419E-03,  2.75671482E-03) ( -4.33064997E-04, -1.72294676E-04)
   1.00000000       0.00000000      -1.00000000     (  1.05425715E-02, -5.60656190E-03) ( -5.66244125E-03,  2.54064798E-02) (  1.05425715E-02, -5.60656190E-03)
   1.00000000       1.00000000      -2.00000000     (  9.40635800E-04,  1.15483999E-03) ( -2.23517418E-03,  3.75439413E-05) ( -6.42612576E-04,  5.96046448E-04)
   1.00000000       1.00000000      -1.00000000     ( -1.03376806E-03,  4.13507223E-03) ( -1.16415322E-03, -2.57045031E-03) ( -2.19792128E-03,  1.58324838E-03)
   1.00000000       2.00000000      -1.00000000     (  8.47503543E-04, -2.39815563E-04) ( -7.35744834E-04, -2.44472176E-04) ( -6.23986125E-04, -7.26431608E-04)
   1.00000000      -2.00000000      -1.00000000     ( -2.74740160E-04, -7.63684511E-04) (  3.08500603E-05, -2.65426934E-04) ( -3.35276127E-04, -2.35158950E-04)
   1.00000000      -1.00000000      -2.00000000     ( -8.61473382E-05, -1.26659870E-03) ( -6.61239028E-04,  1.19209290E-03) (  2.88709998E-04, -1.22934580E-03)
   1.00000000      -1.00000000      -1.00000000     ( -1.04773790E-05,  3.77185643E-04) ( -3.00351530E-04, -4.79631126E-04) (  2.91038305E-04,  8.56816769E-04)
   2.00000000       0.00000000      -1.00000000     ( -8.28877091E-04,  1.28056854E-04) (  1.74622983E-04, -1.15483999E-03) ( -1.65775418E-03,  2.56113708E-04)
   2.00000000       1.00000000      -1.00000000     ( -1.03318598E-05, -3.39932740E-04) ( -1.25728548E-03,  2.37487257E-04) ( -1.28522515E-03, -4.42378223E-04)
   2.00000000      -1.00000000      -1.00000000     (  6.98491931E-04, -3.63797881E-05) (  4.05125320E-04,  8.84756446E-04) (  9.96515155E-04, -9.59262252E-04)
