   0.00000000       0.00000000       1.00000000     (  1.58790499E-03, -1.10641122E-02) (  2.46614218E-02,  1.94646418E-03) (  0.00000000    ,  0.00000000    )
   0.00000000       0.00000000       2.00000000     (  6.33299351E-03, -1.28988177E-03) ( -8.90344381E-03, -5.02914190E-03) (  0.00000000    ,  0.00000000    )
   0.00000000       1.00000000       0.00000000     (  4.69386578E-03, -2.89641321E-03) (  0.00000000    ,  0.00000000    ) (  1.45286322E-02, -2.87778676E-03)
   0.00000000       1.00000000       1.00000000     ( -1.16415322E-03, -3.87663022E-04) (  4.09781933E-03, -1.24797225E-03) ( -4.09781933E-03,  1.24797225E-03)
   0.00000000       1.00000000       2.00000000     (  4.65661287E-03, -4.47034836E-03) ( -1.30385160E-03,  2.40281224E-03) (  6.51925802E-04, -1.20140612E-03)
   0.00000000       2.00000000       0.00000000     (  1.20606273E-03,  5.23403287E-03) (  0.00000000    ,  0.00000000    ) ( -6.40284270E-04,  2.40281224E-03)
   0.00000000       2.00000000       1.00000000     ( -1.02445483E-03, -4.50760126E-03) ( -9.49949026E-04,  1.43423676E-03) (  1.89989805E-03, -2.86847353E-03)
   0.00000000      -2.00000000       0.00000000     (  1.20606273E-03, -5.23403287E-03) (  0.00000000    ,  0.00000000    ) ( -6.40284270E-04, -2.40281224E-03)
   0.00000000      -2.00000000       1.00000000     ( -4.91272658E-04,  1.62981451E-03) ( -9.77888703E-04, -2.76486389E-05) ( -1.95577741E-03, -5.52972779E-05)
   0.00000000      -1.00000000       0.00000000     (  4.69386578E-03,  2.89641321E-03) (  0.00000000    ,  0.00000000    ) (  1.45286322E-02,  2.87778676E-03)
   0.00000000      -1.00000000       1.00000000     ( -6.96629286E-03, -1.29640102E-02) ( -6.59376383E-03,  5.32716513E-03) ( -6.59376383E-03,  5.32716513E-03)
   0.00000000      -1.00000000       2.00000000     ( -8.42846930E-04, -2.83122063E-03) (  1.95577741E-03,  1.26194209E-03) (  9.77888703E-04,  6.30971044E-04)
   1.00000000       0.00000000       0.00000000     (  0.00000000    ,  0.00000000    ) ( -2.54809856E-02,  9.83476639E-03) (  1.43051147E-02, -4.30271029E-03)
   1.00000000       0.00000000       1.00000000     ( -1.63912773E-03, -1.42958015E-03) ( -1.38767064E-03, -1.00582838E-02) (  1.63912773E-03,  1.42958015E-03)
   1.00000000       0.00000000       2.00000000     ( -3.63215804E-03, -1.77882612E-03) ( -1.51921995E-04,  1.76019967E-03) (  1.81607902E-03,  8.89413059E-04)
   1.00000000       1.00000000       0.00000000     (  2.21654773E-03,  1.50874257E-03) ( -2.21654773E-03, -1.50874257E-03) (  5.28991222E-03,  1.12131238E-02)
   1.00000000       1.00000000       1.00000000     ( -1.52736902E-03, -2.50292942E-04) ( -3.44589353E-04,  3.16649675E-03) (  1.87195837E-03, -2.92435288E-03)
   1.00000000       1.00000000       2.00000000     ( -2.96160579E-03,  7.21774995E-04) (  2.48663127E-03,  1.84401870E-03) (  2.37487257E-04, -1.28056854E-03)
   1.00000000       2.00000000       0.00000000     (  4.37721610E-04,  2.40281224E-03) ( -2.18860805E-04, -1.20140612E-03) ( -2.58907676E-03,  6.44940883E-04)
   1.00000000       2.00000000       1.00000000     (  2.66358256E-03,  1.31782144E-03) ( -8.94069672E-04, -4.93600965E-04) ( -8.70786607E-04, -3.29455361E-04)
   1.00000000      -2.00000000       0.00000000     (  8.19563866E-04,  8.10250640E-04) (  4.09781933E-04,  4.05125320E-04) ( -2.19792128E-03,  1.41561031E-03)
   1.00000000      -2.00000000       1.00000000     ( -1.69500709E-03,  4.37721610E-04) ( -1.53086148E-04,  6.42612576E-04) (  1.38767064E-03,  8.47503543E-04)
   1.00000000      -1.00000000       0.00000000     (  3.72529030E-03,  2.00234354E-04) (  3.72529030E-03,  2.00234354E-04) ( -4.26545739E-03,  1.08778477E-02)
   1.00000000      -1.00000000       1.00000000     (  2.39349902E-03,  3.44589353E-03) ( -4.16766852E-04, -4.61935997E-03) ( -2.81259418E-03, -8.04662704E-03)
   1.00000000      -1.00000000       2.00000000     ( -4.71249223E-03, -1.34576112E-03) (  1.59256160E-03,  4.16766852E-04) (  3.14787030E-03,  8.80099833E-04)
   2.00000000       0.00000000       0.00000000     (  0.00000000    ,  0.00000000    ) ( -1.54599547E-03,  3.89292836E-03) ( -8.75443220E-04, -2.02096999E-03)
   2.00000000       0.00000000       1.00000000     ( -7.82310963E-04,  7.82310963E-04) ( -2.57976353E-03, -2.16066837E-03) (  1.56462193E-03, -1.56462193E-03)
   2.00000000       1.00000000       0.00000000     ( -5.51808625E-04, -8.70786607E-04) (  1.10361725E-03,  1.74157321E-03) (  7.35744834E-04,  2.16066837E-03)
   2.00000000       1.00000000       1.00000000     ( -4.72646207E-04,  1.79279596E-04) ( -8.52160156E-04,  1.03842467E-03) (  1.79745257E-03, -1.39698386E-03)
   2.00000000      -1.00000000       0.00000000     ( -2.35624611E-03, -1.28522515E-03) ( -4.71249223E-03, -2.57045031E-03) (  1.65775418E-03,  4.74974513E-03)
   2.00000000      -1.00000000       1.00000000     (  1.38767064E-03, -1.89058483E-03) ( -1.05239451E-03,  2.91038305E-04) ( -3.83704901E-03,  4.07919288E-03)
