    0.000000        0.000000        1.000000      (2.1308661E-02,1.1771917E-02)
   (-1.2293458E-02,-1.6614795E-02)  (0.000000,0.000000)
    0.000000        0.000000        2.000000      
 (3.9301813E-03,-7.9162419E-04)  (4.6193600E-03,3.9581209E-03)  
 (0.000000,0.000000)
    0.000000        1.000000        0.000000      (2.7287751E-03,5.2526593E-03)
   (0.000000,0.000000)  (4.4517219E-03,-1.1175871E-03)
    0.000000        1.000000        1.000000      (5.4575503E-03,6.4261258E-03)
   (5.1409006E-03,-4.1536987E-03)  (-5.1409006E-03,4.1536987E-03)
    0.000000        1.000000        2.000000      
 (-6.6682696E-03,-1.5506521E-03)  (-1.9697472E-03,-2.5797635E-03)  
 (9.8487362E-04,1.2898818E-03)
    0.000000        2.000000        0.000000      
 (-3.9208680E-03,1.2759119E-03)  (0.000000,0.000000)  
 (9.3132257E-04,2.2910535E-03)
    0.000000        2.000000        1.000000      
 (4.6566129E-03,-2.3376197E-03)  (-9.0571120E-04,-8.6612999E-04)  
 (1.8114224E-03,1.7322600E-03)
    0.000000       -2.000000        0.000000      
 (-3.9208680E-03,-1.2759119E-03)  (0.000000,0.000000)  
 (9.3132257E-04,-2.2910535E-03)
    0.000000       -2.000000        1.000000      
 (-8.6426735E-03,-9.0524554E-03)  (-2.0768493E-03,1.2805685E-04)  
 (-4.1536987E-03,2.5611371E-04)
    0.000000       -1.000000        0.000000      
 (2.7287751E-03,-5.2526593E-03)  (0.000000,0.000000)  
 (4.4517219E-03,1.1175871E-03)
    0.000000       -1.000000        1.000000      
 (8.1211329E-03,-4.2095780E-03)  (-1.1548400E-03,-5.5134296E-03)  
 (-1.1548400E-03,-5.5134296E-03)
    0.000000       -1.000000        2.000000      
 (-1.0468066E-02,-6.4028427E-04)  (-2.9150397E-03,-2.6356429E-03)  
 (-1.4575198E-03,-1.3178214E-03)
    1.000000        0.000000        0.000000      (0.000000,0.000000)  
 (-2.7865171E-02,5.9790909E-03)  (1.5869737E-02,1.8924475E-02)
    1.000000        0.000000        1.000000      
 (-3.5390258E-03,-2.3562461E-03)  (-1.6167760E-02,1.3411045E-02)  
 (3.5390258E-03,2.3562461E-03)
    1.000000        0.000000        2.000000      (1.1059456E-04,1.9324943E-03)
   (3.5949051E-03,6.6123903E-03)  (-5.5297278E-05,-9.6624717E-04)
    1.000000        1.000000        0.000000      
 (2.1792948E-03,-1.3504177E-03)  (-2.1792948E-03,1.3504177E-03)  
 (-6.5891072E-04,3.3900142E-03)
    1.000000        1.000000        1.000000      (2.0954758E-03,3.9022416E-03)
   (-3.3061951E-03,-3.6880374E-03)  (1.2153760E-03,-2.1304004E-04)
    1.000000        1.000000        2.000000      
 (-3.5017729E-03,2.0861626E-03)  (4.4004992E-04,-2.8125942E-03)  
 (1.5273690E-03,3.6205165E-04)
    1.000000        2.000000        0.000000      (3.6507845E-03,2.0116568E-03)
   (-1.8253922E-03,-1.0058284E-03)  (2.2817403E-03,5.7555735E-03)
    1.000000        2.000000        1.000000      (1.8021092E-03,2.1560118E-03)
   (-2.0582229E-03,9.2433766E-04)  (2.3096800E-03,-4.0046871E-03)
    1.000000       -2.000000        0.000000      (1.5692785E-03,4.5821071E-03)
   (7.8463927E-04,2.2910535E-03)  (-3.6414713E-03,-4.3073669E-04)
    1.000000       -2.000000        1.000000      
 (-3.2596290E-03,-1.8812716E-03)  (-1.4668331E-03,-1.4901161E-03)  
 (3.1897798E-04,-1.0966323E-03)
    1.000000       -1.000000        0.000000      (1.4435500E-04,1.1525117E-04)
   (1.4435500E-04,1.1525117E-04)  (-6.5937638E-03,2.8125942E-03)
    1.000000       -1.000000        1.000000      
 (9.4622374E-03,-4.9360096E-03)  (2.4028122E-03,-2.5611371E-03)  
 (-7.0594251E-03,2.3748726E-03)
    1.000000       -1.000000        2.000000      
 (-4.5821071E-03,-1.9511208E-03)  (-6.8917871E-03,-3.9394945E-03)  
 (-1.1594966E-03,-9.9651515E-04)
    2.000000        0.000000        0.000000      (0.000000,0.000000)  
 (8.1211329E-03,-1.1920929E-03)  (-6.2631443E-04,-9.0338290E-04)
    2.000000        0.000000        1.000000      
 (-1.2433156E-03,4.5821071E-03)  (2.1886081E-03,6.0535967E-03)  
 (2.4866313E-03,-9.1642141E-03)
    2.000000        1.000000        0.000000      
 (-1.5972182E-03,-2.9243529E-03)  (3.1944364E-03,5.8487058E-03)  
 (-6.6123903E-03,6.3702464E-03)
    2.000000        1.000000        1.000000      (2.2538006E-03,2.5983900E-03)
   (-1.9278377E-03,-9.7230077E-03)  (-2.5797635E-03,4.5448542E-03)
    2.000000       -1.000000        0.000000      
 (-4.1071326E-03,-2.2165477E-03)  (-8.2142651E-03,-4.4330955E-03)  
 (-6.1467290E-04,3.1944364E-03)
    2.000000       -1.000000        1.000000      
 (-2.7939677E-03,1.8859282E-03)  (-1.4435500E-03,6.6310167E-03)  
 (4.1443855E-03,2.8498471E-03)
