   0.00000000       0.00000000      -2.00000000     (  8.19563866E-04,  2.16066837E-03) ( -1.69500709E-03,  2.07219273E-04) (  0.00000000    ,  0.00000000    )
   0.00000000       0.00000000      -1.00000000     (  1.92224979E-02, -8.87084752E-04) (  3.36021185E-02,  2.28732824E-02) (  0.00000000    ,  0.00000000    )
   0.00000000       1.00000000      -2.00000000     (  7.63684511E-04, -1.54250301E-05) ( -6.89178705E-04,  6.61239028E-04) ( -3.44589353E-04,  3.30619514E-04)
   0.00000000       1.00000000      -1.00000000     ( -1.02678314E-03,  2.98768282E-02) ( -4.89875674E-03, -2.81259418E-03) ( -4.89875674E-03, -2.81259418E-03)
   0.00000000       2.00000000      -1.00000000     ( -1.80676579E-03,  9.89530236E-05) (  4.24915925E-05,  4.23751771E-04) (  8.49831849E-05,  8.47503543E-04)
   0.00000000      -2.00000000      -1.00000000     (  1.50874257E-03,  5.96046448E-04) ( -6.14672899E-04, -2.72411853E-04) (  1.22934580E-03,  5.44823706E-04)
   0.00000000      -1.00000000      -2.00000000     ( -1.00582838E-03,  6.23986125E-04) ( -8.19563866E-04, -2.42143869E-04) (  4.09781933E-04,  1.21071935E-04)
   0.00000000      -1.00000000      -1.00000000     (  7.76723027E-03, -9.74163413E-03) ( -2.61701643E-03,  4.04193997E-03) (  2.61701643E-03, -4.04193997E-03)
   1.00000000       0.00000000      -2.00000000     ( -7.54371285E-04,  2.02562660E-04) ( -9.96515155E-04,  7.63684511E-04) ( -3.77185643E-04,  1.01281330E-04)
   1.00000000       0.00000000      -1.00000000     (  8.90344381E-03, -4.85219061E-03) ( -9.62987542E-03, -5.69270924E-04) (  8.90344381E-03, -4.85219061E-03)
   1.00000000       1.00000000      -2.00000000     ( -6.23986125E-04, -3.02679837E-04) (  6.51925802E-04, -1.73225999E-03) (  1.29512046E-05, -1.02445483E-03)
   1.00000000       1.00000000      -1.00000000     ( -1.16415322E-03,  8.28877091E-04) (  1.95577741E-03,  6.51925802E-04) (  7.91624188E-04,  1.49011612E-03)
   1.00000000       2.00000000      -1.00000000     (  2.81725079E-04,  3.81842256E-04) ( -5.63450158E-04, -6.42612576E-04) ( -8.47503543E-04, -9.12696123E-04)
   1.00000000      -2.00000000      -1.00000000     (  1.39698386E-03,  5.16884029E-04) (  8.66129994E-04,  5.58793545E-04) ( -3.21306288E-04, -6.05359674E-04)
   1.00000000      -1.00000000      -2.00000000     (  7.07805157E-04, -6.79865479E-04) (  1.12690032E-03, -3.91155481E-04) ( -2.09547579E-04, -1.45519152E-04)
   1.00000000      -1.00000000      -1.00000000     ( -1.46683306E-04,  1.52736902E-03) ( -1.26659870E-03,  6.79865479E-04) (  1.12690032E-03,  8.47503543E-04)
   2.00000000       0.00000000      -1.00000000     ( -4.37721610E-04, -2.25845724E-04) (  1.45519152E-04, -3.08500603E-05) ( -8.75443220E-04, -4.51691449E-04)
   2.00000000       1.00000000      -1.00000000     ( -4.24915925E-05,  1.37370080E-04) (  1.67638063E-04, -6.57746568E-05) (  8.26548785E-05,  2.09547579E-04)
   2.00000000      -1.00000000      -1.00000000     (  2.37487257E-04,  5.64614311E-05) (  1.17346644E-03, -1.01514161E-03) ( -6.98491931E-04,  1.12690032E-03)
