   0.00000000       0.00000000       1.00000000     (  2.42143869E-02,  1.10641122E-02) (  7.05942512E-03, -2.76416540E-02) (  0.00000000    ,  0.00000000    )
   0.00000000       0.00000000       2.00000000     (  5.21540642E-03, -5.08502126E-03) ( -2.13272870E-03,  9.91858542E-04) (  0.00000000    ,  0.00000000    )
   0.00000000       1.00000000       0.00000000     ( -6.76140189E-03,  9.16421413E-03) (  0.00000000    ,  0.00000000    ) (  1.94646418E-03,  5.28525561E-04)
   0.00000000       1.00000000       1.00000000     (  3.77185643E-03, -5.19677997E-03) (  4.61935997E-03, -8.86619091E-03) ( -4.61935997E-03,  8.86619091E-03)
   0.00000000       1.00000000       2.00000000     ( -6.51925802E-03,  7.24103302E-04) ( -3.77185643E-03,  1.69384293E-04) (  1.88592821E-03, -8.46921466E-05)
   0.00000000       2.00000000       0.00000000     ( -3.67872417E-03, -5.01051545E-03) (  0.00000000    ,  0.00000000    ) ( -5.66244125E-03,  4.30736691E-04)
   0.00000000       2.00000000       1.00000000     (  2.28174031E-03,  4.93600965E-03) ( -2.35624611E-03, -1.69035047E-03) (  4.71249223E-03,  3.38070095E-03)
   0.00000000      -2.00000000       0.00000000     ( -3.67872417E-03,  5.01051545E-03) (  0.00000000    ,  0.00000000    ) ( -5.66244125E-03, -4.30736691E-04)
   0.00000000      -2.00000000       1.00000000     ( -9.87201929E-03,  1.87195837E-03) ( -1.52271241E-03,  1.47614628E-03) ( -3.04542482E-03,  2.95229256E-03)
   0.00000000      -1.00000000       0.00000000     ( -6.76140189E-03, -9.16421413E-03) (  0.00000000    ,  0.00000000    ) (  1.94646418E-03, -5.28525561E-04)
   0.00000000      -1.00000000       1.00000000     (  1.42306089E-02, -1.62422657E-02) ( -6.58910722E-04, -1.88127160E-03) ( -6.58910722E-04, -1.88127160E-03)
   0.00000000      -1.00000000       2.00000000     (  2.01980583E-04, -3.12924385E-03) (  6.63567334E-04, -9.63918865E-04) (  3.31783667E-04, -4.81959432E-04)
   1.00000000       0.00000000       0.00000000     (  0.00000000    ,  0.00000000    ) ( -1.63167715E-02,  6.51925802E-03) (  2.71946192E-02,  2.25752592E-02)
   1.00000000       0.00000000       1.00000000     (  3.93018126E-03, -2.83122063E-03) ( -2.77906656E-02,  1.50874257E-02) ( -3.93018126E-03,  2.83122063E-03)
   1.00000000       0.00000000       2.00000000     (  1.26659870E-03,  3.06405127E-03) (  7.63684511E-03,  3.29688191E-03) ( -6.33299351E-04, -1.53202564E-03)
   1.00000000       1.00000000       0.00000000     (  5.55068254E-03,  3.70666385E-03) ( -5.55068254E-03, -3.70666385E-03) ( -8.47503543E-03,  5.42029738E-03)
   1.00000000       1.00000000       1.00000000     ( -3.50177288E-03, -9.28994268E-04) (  2.15135515E-03,  3.06172296E-04) (  1.34576112E-03,  6.21657819E-04)
   1.00000000       1.00000000       2.00000000     ( -1.01514161E-03, -2.57976353E-03) ( -4.99188900E-03, -8.21892172E-04) (  2.99885869E-03,  1.69966370E-03)
   1.00000000       2.00000000       0.00000000     ( -1.66706741E-03,  6.10947609E-03) (  8.33533704E-04, -3.05473804E-03) ( -1.27591193E-03,  5.21540642E-03)
   1.00000000       2.00000000       1.00000000     (  6.22123480E-03,  2.20723450E-03) ( -3.94880772E-03, -2.59838998E-03) (  1.67638063E-03,  2.98954546E-03)
   1.00000000      -2.00000000       0.00000000     (  4.16766852E-04, -3.10130417E-03) (  2.08383426E-04, -1.55065209E-03) ( -9.35979187E-04,  2.96160579E-03)
   1.00000000      -2.00000000       1.00000000     ( -1.28522515E-03,  1.44820660E-03) ( -1.60187483E-03,  2.26311386E-03) ( -1.91852450E-03,  3.07336450E-03)
   1.00000000      -1.00000000       0.00000000     ( -6.16535544E-03, -9.49949026E-03) ( -6.16535544E-03, -9.49949026E-03) ( -5.69969416E-03,  6.01634383E-03)
   1.00000000      -1.00000000       1.00000000     (  3.16649675E-03,  5.94183803E-03) ( -1.67638063E-03,  3.62284482E-03) ( -4.84287739E-03, -2.31899321E-03)
   1.00000000      -1.00000000       2.00000000     (  3.45520675E-03,  4.60073352E-03) (  5.92321157E-03,  3.74391675E-03) (  1.23400241E-03, -4.29572538E-04)
   2.00000000       0.00000000       0.00000000     (  0.00000000    ,  0.00000000    ) (  8.67992640E-03, -3.11993062E-03) ( -4.80562449E-03,  1.11758709E-03)
   2.00000000       0.00000000       1.00000000     ( -2.39349902E-03, -2.42143869E-03) (  1.56462193E-03,  7.89761543E-03) (  4.78699803E-03,  4.84287739E-03)
   2.00000000       1.00000000       0.00000000     ( -2.60770321E-03,  5.21540642E-04) (  5.21540642E-03, -1.04308128E-03) ( -5.55883162E-05, -8.67992640E-03)
   2.00000000       1.00000000       1.00000000     (  7.24103302E-04,  3.11061740E-03) ( -2.60770321E-03, -5.51342964E-03) (  1.15949661E-03, -7.07805157E-04)
   2.00000000      -1.00000000       0.00000000     (  1.72294676E-03,  1.36438757E-03) (  3.44589353E-03,  2.72877514E-03) ( -1.52504072E-04,  1.56927854E-03)
   2.00000000      -1.00000000       1.00000000     ( -2.84984708E-03,  8.87084752E-04) ( -1.95577741E-03, -1.36438757E-03) (  3.74391675E-03, -3.13855708E-03)
