    0.000000        0.000000       -2.000000      (7.0221722E-03,1.6018748E-03)
   (6.1281025E-03,-4.7590584E-03)  (0.000000,0.000000)
    0.000000        0.000000       -1.000000      
 (2.1234155E-02,-1.1697412E-02)  (-8.5681677E-03,1.6614795E-02)  
 (0.000000,0.000000)
    0.000000        1.000000       -2.000000      
 (-1.3485551E-02,-2.0209700E-03)  (-2.5099143E-03,-1.3108365E-03)  
 (-1.2549572E-03,-6.5541826E-04)
    0.000000        1.000000       -1.000000      (6.3888729E-03,6.0722232E-03)
   (-1.9185245E-03,4.4330955E-03)  (-1.9185245E-03,4.4330955E-03)
    0.000000        2.000000       -1.000000      
 (-1.2777746E-02,1.1436641E-02)  (-3.8556755E-03,-1.1129305E-03)  
 (-7.7113509E-03,-2.2258610E-03)
    0.000000       -2.000000       -1.000000      (1.0374933E-02,3.0826777E-03)
   (-2.9860530E-04,1.9557774E-03)  (5.9721060E-04,-3.9115548E-03)
    0.000000       -1.000000       -2.000000      
 (-8.2328916E-03,2.5145710E-03)  (-5.2060932E-03,1.3434328E-03)  
 (2.6030466E-03,-6.7171641E-04)
    0.000000       -1.000000       -1.000000      
 (4.2840838E-03,-2.5890768E-03)  (6.1839819E-03,4.6752393E-03)  
 (-6.1839819E-03,-4.6752393E-03)
    1.000000        0.000000       -2.000000      (8.6426735E-03,2.8219074E-03)
   (-3.5017729E-03,4.8428774E-03)  (4.3213367E-03,1.4109537E-03)
    1.000000        0.000000       -1.000000      
 (3.8370490E-03,-6.9150701E-04)  (7.5623393E-03,-4.1723251E-03)  
 (3.8370490E-03,-6.9150701E-04)
    1.000000        1.000000       -2.000000      
 (-3.2875687E-03,-5.2037649E-04)  (-2.5099143E-03,-1.3522804E-02)  
 (-2.9057264E-03,-7.0221722E-03)
    1.000000        1.000000       -1.000000      
 (-8.2701445E-03,-1.3294630E-03)  (2.1932647E-03,-1.3597310E-03)  
 (-6.0722232E-03,-2.6915222E-03)
    1.000000        2.000000       -1.000000      
 (-9.1455877E-03,-4.6682544E-04)  (1.6298145E-03,2.8591603E-03)  
 (-5.8859587E-03,5.2526593E-03)
    1.000000       -2.000000       -1.000000      
 (2.1420419E-04,-4.6938658E-03)  (-8.6612999E-04,-1.8160790E-03)  
 (1.9464642E-03,-1.0593794E-03)
    1.000000       -1.000000       -2.000000      (4.9266964E-03,6.0419552E-04)
   (-4.3027103E-03,1.7322600E-03)  (4.6193600E-03,-5.6461431E-04)
    1.000000       -1.000000       -1.000000      
 (-1.0225922E-02,4.2747706E-03)  (-6.6496432E-03,4.5285560E-04)  
 (-3.5669655E-03,3.8184226E-03)
    2.000000        0.000000       -1.000000      (1.7695129E-03,4.3772161E-03)
   (6.9849193E-03,7.6182187E-03)  (3.5390258E-03,8.7544322E-03)
    2.000000        1.000000       -1.000000      
 (-9.4063580E-04,-1.7508864E-03)  (4.0233135E-03,-5.2247196E-03)  
 (2.1373853E-03,-8.7171793E-03)
    2.000000       -1.000000       -1.000000      
 (-1.6763806E-03,2.4121255E-03)  (2.6717316E-04,6.2957406E-03)  
 (-3.6228448E-03,-1.4808029E-03)
