    0.000000        0.000000       -2.000000      (8.0838799E-03,1.9231811E-03)
   (5.8859587E-03,-3.9953738E-03)  (0.000000,0.000000)
    0.000000        0.000000       -1.000000      
 (2.2053719E-02,-1.2032688E-02)  (-6.6310167E-03,1.8030405E-02)  
 (0.000000,0.000000)
    0.000000        1.000000       -2.000000      
 (-1.2628734E-02,-3.0361116E-03)  (-1.6810372E-03,-3.6787242E-03)  
 (-8.4051862E-04,-1.8393621E-03)
    0.000000        1.000000       -1.000000      (6.5565109E-03,7.8603625E-03)
   (-2.4214387E-03,3.9860606E-03)  (-2.4214387E-03,3.9860606E-03)
    0.000000        2.000000       -1.000000      
 (-1.3001263E-02,1.0821968E-02)  (-4.1536987E-03,-1.1152588E-03)  
 (-8.3073974E-03,-2.2305176E-03)
    0.000000       -2.000000       -1.000000      (1.1418015E-02,3.2782555E-03)
   (-8.3673513E-05,2.3189932E-03)  (1.6734703E-04,-4.6379864E-03)
    0.000000       -1.000000       -2.000000      
 (-8.3073974E-03,2.5378540E-03)  (-6.9849193E-03,4.9360096E-04)  
 (3.4924597E-03,-2.4680048E-04)
    0.000000       -1.000000       -1.000000      
 (4.0791929E-03,-8.1490725E-04)  (6.8545341E-03,5.2899122E-03)  
 (-6.8545341E-03,-5.2899122E-03)
    1.000000        0.000000       -2.000000      (8.1770122E-03,3.5576522E-03)
   (-2.4819747E-03,6.5937638E-03)  (4.0885061E-03,1.7788261E-03)
    1.000000        0.000000       -1.000000      
 (4.0605664E-03,-3.4808181E-04)  (8.6799264E-03,-3.1199306E-03)  
 (4.0605664E-03,-3.4808181E-04)
    1.000000        1.000000       -2.000000      
 (-2.9988587E-03,-1.8300489E-03)  (-4.8545189E-04,-1.3709068E-02)  
 (-1.7415732E-03,-7.7672303E-03)
    1.000000        1.000000       -1.000000      
 (-8.4377825E-03,-3.6135316E-03)  (2.7753413E-03,-9.4063580E-04)  
 (-5.6624413E-03,-4.5541674E-03)
    1.000000        2.000000       -1.000000      
 (-9.9465251E-03,-2.3515895E-03)  (1.9464642E-03,2.7660280E-03)  
 (-6.0535967E-03,3.1851232E-03)
    1.000000       -2.000000       -1.000000      
 (-7.8929588E-04,-6.2212348E-03)  (-1.4761463E-03,-3.0174851E-03)  
 (2.1606684E-03,-1.8975697E-04)
    1.000000       -1.000000       -2.000000      (4.9732625E-03,1.8207356E-03)
   (-4.0326267E-03,2.4726614E-03)  (4.5076013E-03,-3.2538082E-04)
    1.000000       -1.000000       -1.000000      
 (-9.7975135E-03,3.3993274E-03)  (-7.8789890E-03,7.5204298E-04)  
 (-1.9231811E-03,2.6496127E-03)
    2.000000        0.000000       -1.000000      (5.1571988E-04,4.7311187E-03)
   (3.1385571E-03,7.5437129E-03)  (1.0314398E-03,9.4622374E-03)
    2.000000        1.000000       -1.000000      
 (-2.0721927E-04,-7.6135620E-04)  (4.3306500E-03,-6.5192580E-03)  
 (3.9115548E-03,-8.0466270E-03)
    2.000000       -1.000000       -1.000000      
 (-1.9092113E-03,1.4482066E-03)  (4.9127266E-04,5.7276338E-03)  
 (-4.3120235E-03,-2.8265640E-03)
