   0.00000000       0.00000000       1.00000000     (  4.07919288E-03, -1.17719173E-02) (  3.03983688E-02, -1.32247806E-03) (  0.00000000    ,  0.00000000    )
   0.00000000       0.00000000       2.00000000     (  2.71946192E-03, -4.93600965E-04) ( -3.27825546E-03, -1.71363354E-03) (  0.00000000    ,  0.00000000    )
   0.00000000       1.00000000       0.00000000     (  3.52971256E-03, -3.67872417E-03) (  0.00000000    ,  0.00000000    ) (  1.55344605E-02, -7.12461770E-04)
   0.00000000       1.00000000       1.00000000     (  2.04890966E-03,  1.53668225E-03) (  3.91155481E-03, -1.19674951E-03) ( -3.91155481E-03,  1.19674951E-03)
   0.00000000       1.00000000       2.00000000     (  1.67638063E-03, -1.88127160E-03) ( -2.74740160E-04,  9.68575478E-04) (  1.37370080E-04, -4.84287739E-04)
   0.00000000       2.00000000       0.00000000     (  1.49011612E-03,  1.30385160E-03) (  0.00000000    ,  0.00000000    ) ( -4.13274392E-05,  9.31322575E-04)
   0.00000000       2.00000000       1.00000000     ( -2.76486389E-05, -1.60187483E-03) ( -1.10594556E-04,  3.07336450E-04) (  2.21189111E-04, -6.14672899E-04)
   0.00000000      -2.00000000       0.00000000     (  1.49011612E-03, -1.30385160E-03) (  0.00000000    ,  0.00000000    ) ( -4.13274392E-05, -9.31322575E-04)
   0.00000000      -2.00000000       1.00000000     ( -9.40635800E-04,  1.09896064E-03) ( -7.35744834E-04, -3.95812094E-04) ( -1.47148967E-03, -7.91624188E-04)
   0.00000000      -1.00000000       0.00000000     (  3.52971256E-03,  3.67872417E-03) (  0.00000000    ,  0.00000000    ) (  1.55344605E-02,  7.12461770E-04)
   0.00000000      -1.00000000       1.00000000     ( -6.74277544E-03, -1.68383121E-02) ( -7.93486834E-03,  4.73111868E-03) ( -7.93486834E-03,  4.73111868E-03)
   0.00000000      -1.00000000       2.00000000     (  2.44472176E-04, -1.12690032E-03) (  1.20140612E-03,  1.79279596E-04) (  6.00703061E-04,  8.96397978E-05)
   1.00000000       0.00000000       0.00000000     (  0.00000000    ,  0.00000000    ) ( -2.84612179E-02,  1.43051147E-02) (  1.51246786E-02, -3.89292836E-03)
   1.00000000       0.00000000       1.00000000     ( -2.16066837E-03, -6.89178705E-04) ( -5.25265932E-03, -1.35600567E-02) (  2.16066837E-03,  6.89178705E-04)
   1.00000000       0.00000000       2.00000000     ( -1.67638063E-03, -1.13621354E-03) (  3.63215804E-04,  7.35744834E-04) (  8.38190317E-04,  5.68106771E-04)
   1.00000000       1.00000000       0.00000000     (  3.29688191E-03,  2.66358256E-03) ( -3.29688191E-03, -2.66358256E-03) (  3.02679837E-03,  1.05425715E-02)
   1.00000000       1.00000000       1.00000000     (  1.01281330E-04,  3.09664756E-04) ( -1.18277967E-03,  9.59262252E-04) (  1.08033419E-03, -1.26659870E-03)
   1.00000000       1.00000000       2.00000000     ( -1.84401870E-03,  2.21189111E-04) (  1.16415322E-03,  1.32247806E-03) (  3.35276127E-04, -7.72997737E-04)
   1.00000000       2.00000000       0.00000000     (  8.80390871E-06,  1.54599547E-03) ( -4.40195436E-06, -7.72997737E-04) ( -1.04308128E-03,  2.35158950E-04)
   1.00000000       2.00000000       1.00000000     (  9.12696123E-04,  8.75443220E-04) ( -4.28408384E-04, -2.93366611E-04) ( -5.52972779E-05, -2.86381692E-04)
   1.00000000      -2.00000000       0.00000000     (  5.82076609E-04,  6.70552254E-04) (  2.91038305E-04,  3.35276127E-04) ( -9.77888703E-04, -4.56348062E-04)
   1.00000000      -2.00000000       1.00000000     ( -1.19209290E-03,  1.62981451E-04) ( -4.74974513E-04,  3.95812094E-04) (  2.49128789E-04,  6.28642738E-04)
   1.00000000      -1.00000000       0.00000000     (  2.61701643E-03, -1.40629709E-03) (  2.61701643E-03, -1.40629709E-03) ( -5.75557351E-03,  1.86264515E-02)
   1.00000000      -1.00000000       1.00000000     (  2.16066837E-03,  1.50874257E-03) ( -7.56699592E-05, -2.45869160E-03) ( -2.23517418E-03, -3.98606062E-03)
   1.00000000      -1.00000000       2.00000000     ( -1.84401870E-03, -4.09781933E-04) (  4.61004674E-04,  3.05008143E-04) (  1.15483999E-03,  3.58559191E-04)
   2.00000000       0.00000000       0.00000000     (  0.00000000    ,  0.00000000    ) ( -2.21189111E-04,  1.99303031E-03) ( -7.72997737E-04, -8.10250640E-04)
   2.00000000       0.00000000       1.00000000     ( -2.72411853E-04,  2.21189111E-04) ( -1.08964741E-03, -4.19095159E-04) (  5.44823706E-04, -4.42378223E-04)
   2.00000000       1.00000000       0.00000000     ( -1.05937943E-04, -1.67638063E-04) (  2.11875886E-04,  3.35276127E-04) (  3.53902578E-04,  5.26197255E-04)
   2.00000000       1.00000000       1.00000000     ( -1.62981451E-04,  6.11180440E-06) ( -6.98491931E-04,  6.28642738E-04) (  1.02445483E-03, -6.42612576E-04)
   2.00000000      -1.00000000       0.00000000     ( -9.31322575E-04, -6.98491931E-04) ( -1.86264515E-03, -1.39698386E-03) (  8.66129994E-04,  1.25728548E-03)
   2.00000000      -1.00000000       1.00000000     (  2.46800482E-04, -1.26659870E-03) ( -5.02914190E-04, -2.35158950E-04) ( -9.96515155E-04,  2.30967999E-03)
