   0.00000000       0.00000000      -2.00000000     (  4.37721610E-04,  1.71363354E-03) ( -1.34110451E-03,  4.37721610E-04) (  0.00000000    ,  0.00000000    )
   0.00000000       0.00000000      -1.00000000     (  2.77161598E-02, -9.22009349E-03) (  2.24262476E-02,  3.41981649E-02) (  0.00000000    ,  0.00000000    )
   0.00000000       1.00000000      -2.00000000     ( -1.81607902E-04,  4.74974513E-04) (  3.63215804E-04,  8.47503543E-04) (  1.81607902E-04,  4.23751771E-04)
   0.00000000       1.00000000      -1.00000000     (  1.28895044E-02,  2.42888927E-02) (  7.21774995E-04, -8.68458301E-04) (  7.21774995E-04, -8.68458301E-04)
   0.00000000       2.00000000      -1.00000000     ( -2.98023224E-03, -6.05359674E-04) ( -6.23986125E-04, -4.51691449E-04) ( -1.24797225E-03, -9.03382897E-04)
   0.00000000      -2.00000000      -1.00000000     (  6.79865479E-04, -1.22934580E-03) ( -5.49480319E-04,  1.02445483E-04) (  1.09896064E-03, -2.04890966E-04)
   0.00000000      -1.00000000      -2.00000000     ( -1.71363354E-03, -5.58793545E-04) ( -3.77185643E-04, -2.04890966E-04) (  1.88592821E-04,  1.02445483E-04)
   0.00000000      -1.00000000      -1.00000000     (  7.80448318E-03, -6.31553121E-05) (  2.04090611E-05,  1.09151006E-02) ( -2.04090611E-05, -1.09151006E-02)
   1.00000000       0.00000000      -2.00000000     ( -8.94069672E-04,  1.04308128E-03) ( -9.68575478E-04,  1.30385160E-03) ( -4.47034836E-04,  5.21540642E-04)
   1.00000000       0.00000000      -1.00000000     (  7.58096576E-03, -1.50874257E-03) ( -5.28059900E-03, -3.29688191E-03) (  7.58096576E-03, -1.50874257E-03)
   1.00000000       1.00000000      -2.00000000     ( -1.22934580E-03,  6.23986125E-04) (  4.56348062E-04, -1.32247806E-03) ( -3.81842256E-04, -3.53902578E-04)
   1.00000000       1.00000000      -1.00000000     ( -9.87201929E-04, -2.21189111E-04) (  1.15483999E-03,  4.84287739E-04) (  1.74622983E-04,  2.60770321E-04)
   1.00000000       2.00000000      -1.00000000     (  9.08039510E-05,  4.33064997E-04) ( -3.35276127E-04,  4.65661287E-04) ( -5.86733222E-04,  1.37835741E-03)
   1.00000000      -2.00000000      -1.00000000     (  5.30853868E-04,  3.49245965E-05) (  5.86733222E-04,  5.58793545E-04) ( -6.42612576E-04, -1.08033419E-03)
   1.00000000      -1.00000000      -2.00000000     ( -2.21189111E-05, -9.03382897E-04) ( -4.23751771E-04, -4.00468707E-04) (  2.00234354E-04, -2.51457095E-04)
   1.00000000      -1.00000000      -1.00000000     ( -5.30853868E-04,  4.74974513E-04) ( -1.08033419E-03,  1.90921128E-04) (  5.49480319E-04,  2.79396772E-04)
   2.00000000       0.00000000      -1.00000000     ( -4.74974513E-04, -2.37487257E-04) ( -3.35276127E-04,  7.79982656E-05) ( -9.49949026E-04, -4.74974513E-04)
   2.00000000       1.00000000      -1.00000000     ( -3.81842256E-04, -1.83936208E-04) (  7.07805157E-04, -4.14438546E-04) ( -5.93718141E-05, -7.82310963E-04)
   2.00000000      -1.00000000      -1.00000000     ( -1.49011612E-04,  1.32713467E-04) (  2.32830644E-04, -9.03382897E-04) ( -5.30853868E-04,  1.17346644E-03)
