   0.00000000       0.00000000      -2.00000000     (  2.90572643E-03,  3.91155481E-03) ( -2.42143869E-03, -1.71130523E-04) (  0.00000000    ,  0.00000000    )
   0.00000000       0.00000000      -1.00000000     (  2.61515379E-02, -1.11758709E-02) (  1.15483999E-02,  3.08454037E-02) (  0.00000000    ,  0.00000000    )
   0.00000000       1.00000000      -2.00000000     (  4.07453626E-04,  2.09547579E-03) (  6.10016286E-04,  1.76951289E-03) (  3.05008143E-04,  8.84756446E-04)
   0.00000000       1.00000000      -1.00000000     (  1.56834722E-02,  1.84774399E-02) (  3.16649675E-04,  1.43423676E-03) (  3.16649675E-04,  1.43423676E-03)
   0.00000000       2.00000000      -1.00000000     ( -7.63684511E-03, -2.01165676E-03) ( -1.35041773E-03, -1.08499080E-03) ( -2.70083547E-03, -2.16998160E-03)
   0.00000000      -2.00000000      -1.00000000     (  1.49011612E-03, -3.87430191E-03) ( -1.62050128E-03,  9.68575478E-04) (  3.24100256E-03, -1.93715096E-03)
   0.00000000      -1.00000000      -2.00000000     ( -4.52622771E-03, -1.25262886E-03) ( -1.75088644E-03, -8.67294148E-05) (  8.75443220E-04,  4.33647074E-05)
   0.00000000      -1.00000000      -1.00000000     (  5.08502126E-03,  4.99188900E-03) (  3.41795385E-03,  1.00955367E-02) ( -3.41795385E-03, -1.00955367E-02)
   1.00000000       0.00000000      -2.00000000     ( -1.09896064E-03,  3.53902578E-03) ( -3.09199095E-03,  4.80562449E-03) ( -5.49480319E-04,  1.76951289E-03)
   1.00000000       0.00000000      -1.00000000     (  4.47966158E-03,  1.38534233E-04) (  1.93715096E-03, -2.37487257E-03) (  4.47966158E-03,  1.38534233E-04)
   1.00000000       1.00000000      -2.00000000     ( -3.70666385E-03,  6.10016286E-04) (  3.46451998E-03, -3.57627869E-03) ( -1.15833245E-04, -1.48080289E-03)
   1.00000000       1.00000000      -1.00000000     ( -4.71249223E-03, -1.82539225E-03) (  4.06056643E-03,  6.42612576E-04) ( -6.56582415E-04, -1.18743628E-03)
   1.00000000       2.00000000      -1.00000000     ( -1.20606273E-03,  1.22003257E-03) ( -3.42261046E-04,  1.55530870E-03) ( -1.89058483E-03,  4.32133675E-03)
   1.00000000      -2.00000000      -1.00000000     ( -3.52156349E-05, -7.77654350E-04) (  1.19209290E-03, -9.78616299E-06) ( -2.42143869E-03, -7.59027898E-04)
   1.00000000      -1.00000000      -2.00000000     ( -1.18743628E-03, -2.36555934E-03) ( -2.56113708E-04, -1.83470547E-03) ( -4.65661287E-04, -2.66591087E-04)
   1.00000000      -1.00000000      -1.00000000     ( -1.30385160E-03,  3.95812094E-04) ( -2.96160579E-03,  5.12227416E-04) (  1.65775418E-03, -1.15251169E-04)
   2.00000000       0.00000000      -1.00000000     ( -1.25728548E-03, -6.98491931E-04) ( -4.00468707E-03,  7.72997737E-04) ( -2.51457095E-03, -1.39698386E-03)
   2.00000000       1.00000000      -1.00000000     ( -1.87428668E-04,  3.91155481E-04) (  8.38190317E-04, -1.39698386E-03) (  4.65661287E-04, -6.14672899E-04)
   2.00000000      -1.00000000      -1.00000000     (  3.94356903E-05, -9.12696123E-04) (  5.70435077E-04, -3.55765224E-03) ( -4.91272658E-04,  1.74157321E-03)
