    0.000000        0.000000       -2.000000      (1.9464642E-03,1.0535587E-04)
   (2.5890768E-03,-2.3283064E-03)  (0.000000,0.000000)
    0.000000        0.000000       -1.000000      
 (2.2947788E-02,-1.2777746E-02)  (-1.5199184E-02,1.8477440E-02)  
 (0.000000,0.000000)
    0.000000        1.000000       -2.000000      
 (-6.1094761E-03,9.5926225E-04)  (-2.0023435E-03,2.6170164E-03)  
 (-1.0011718E-03,1.3085082E-03)
    0.000000        1.000000       -1.000000      (1.0281801E-02,3.9488077E-03)
   (-7.7765435E-04,6.4074993E-03)  (-7.7765435E-04,6.4074993E-03)
    0.000000        2.000000       -1.000000      
 (-4.3399632E-03,5.1967800E-03)  (-7.9628080E-04,2.5960617E-04)  
 (-1.5925616E-03,5.1921234E-04)
    0.000000       -2.000000       -1.000000      (1.5459955E-03,1.4714897E-03)
   (-8.3819032E-04,3.1548552E-04)  (1.6763806E-03,-6.3097104E-04)
    0.000000       -1.000000       -2.000000      
 (-4.0791929E-03,7.3574483E-04)  (-3.8882717E-04,1.9837171E-03)  
 (1.9441359E-04,-9.9185854E-04)
    0.000000       -1.000000       -1.000000      
 (6.8172812E-03,-9.4622374E-03)  (4.7869980E-03,4.3213367E-03)  
 (-4.7869980E-03,-4.3213367E-03)
    1.000000        0.000000       -2.000000      (3.5762787E-03,7.2177500E-04)
   (-3.0919909E-03,8.3353370E-04)  (1.7881393E-03,3.6088750E-04)
    1.000000        0.000000       -1.000000      
 (3.2130629E-03,-1.8067658E-03)  (4.2654574E-03,-8.3819032E-03)  
 (3.2130629E-03,-1.8067658E-03)
    1.000000        1.000000       -2.000000      
 (-2.2072345E-03,1.9371510E-03)  (-1.9557774E-03,-5.4016709E-03)  
 (-2.0861626E-03,-1.7229468E-03)
    1.000000        1.000000       -1.000000      
 (-4.0233135E-03,2.0023435E-03)  (2.0582229E-03,-1.0570511E-03)  
 (-1.9650906E-03,9.4529241E-04)
    1.000000        2.000000       -1.000000      
 (-2.6635826E-03,1.2759119E-03)  (7.0140231E-05,1.3317913E-03)  
 (-2.5145710E-03,3.9301813E-03)
    1.000000       -2.000000       -1.000000      
 (9.5926225E-04,-4.2608008E-04)  (-1.2805685E-05,-6.1467290E-04)  
 (9.8254532E-04,8.0093741E-04)
    1.000000       -1.000000       -2.000000      
 (1.5553087E-03,-9.2200935E-04)  (-3.0174851E-03,8.4284693E-04)  
 (2.2910535E-03,-8.8475645E-04)
    1.000000       -1.000000       -1.000000      
 (-4.4703484E-03,3.3341348E-03)  (-1.4528632E-03,-1.6996637E-04)  
 (-3.0174851E-03,3.5017729E-03)
    2.000000        0.000000       -1.000000      (1.8533319E-03,8.4750354E-04)
   (6.6310167E-03,3.1664968E-03)  (3.7066638E-03,1.6950071E-03)
    2.000000        1.000000       -1.000000      
 (-9.9651515E-04,-1.5459955E-03)  (6.1001629E-04,8.6147338E-04)  
 (-1.3783574E-03,-2.2258610E-03)
    2.000000       -1.000000       -1.000000      
 (-8.8941306E-04,9.8720193E-04)  (-7.1246177E-04,2.2165477E-03)  
 (-1.0663643E-03,-2.4214387E-04)
