    0.000000        0.000000       -2.000000      (7.9534948E-03,1.8440187E-03)
   (5.9604645E-03,-4.1630119E-03)  (0.000000,0.000000)
    0.000000        0.000000       -1.000000      
 (2.1755695E-02,-1.1883676E-02)  (-6.9290400E-03,1.7583370E-02)  
 (0.000000,0.000000)
    0.000000        1.000000       -2.000000      
 (-1.2889504E-02,-2.9243529E-03)  (-1.8393621E-03,-3.3248216E-03)  
 (-9.1968104E-04,-1.6624108E-03)
    0.000000        1.000000       -1.000000      (6.4447522E-03,7.4878335E-03)
   (-2.3189932E-03,4.0419400E-03)  (-2.3189932E-03,4.0419400E-03)
    0.000000        2.000000       -1.000000      
 (-1.3038516E-02,1.1008233E-02)  (-4.1443855E-03,-1.1385418E-03)  
 (-8.2887709E-03,-2.2770837E-03)
    0.000000       -2.000000       -1.000000      (1.1362135E-02,3.2782555E-03)
   (-9.8079909E-05,2.2677705E-03)  (1.9615982E-04,-4.5355409E-03)
    0.000000       -1.000000       -2.000000      
 (-8.2887709E-03,2.5611371E-03)  (-6.6868961E-03,6.1932951E-04)  
 (3.3434480E-03,-3.0966476E-04)
    0.000000       -1.000000       -1.000000      
 (4.0791929E-03,-1.1082739E-03)  (6.6868961E-03,5.1409006E-03)  
 (-6.6868961E-03,-5.1409006E-03)
    1.000000        0.000000       -2.000000      (8.3260238E-03,3.4179538E-03)
   (-2.6077032E-03,6.3143671E-03)  (4.1630119E-03,1.7089769E-03)
    1.000000        0.000000       -1.000000      
 (4.0046871E-03,-4.0396117E-04)  (8.4564090E-03,-3.2689422E-03)  
 (4.0046871E-03,-4.0396117E-04)
    1.000000        1.000000       -2.000000      
 (-3.0174851E-03,-1.6251579E-03)  (-8.6380169E-04,-1.3746321E-02)  
 (-1.9418076E-03,-7.6740980E-03)
    1.000000        1.000000       -1.000000      
 (-8.4191561E-03,-3.2596290E-03)  (2.6449561E-03,-1.0058284E-03)  
 (-5.7742000E-03,-4.2654574E-03)
    1.000000        2.000000       -1.000000      
 (-9.8720193E-03,-2.0256266E-03)  (1.9231811E-03,2.8079376E-03)  
 (-6.0163438E-03,3.5949051E-03)
    1.000000       -2.000000       -1.000000      
 (-6.7753717E-04,-6.0722232E-03)  (-1.3969839E-03,-2.8358772E-03)  
 (2.1187589E-03,-3.9581209E-04)
    1.000000       -1.000000       -2.000000      (5.0105155E-03,1.6298145E-03)
   (-4.1257590E-03,2.3562461E-03)  (4.5634806E-03,-3.6263373E-04)
    1.000000       -1.000000       -1.000000      
 (-9.9278986E-03,3.5483390E-03)  (-7.6927245E-03,6.9499947E-04)  
 (-2.2351742E-03,2.8545037E-03)
    2.000000        0.000000       -1.000000      (7.3341653E-04,4.7311187E-03)
   (3.8556755E-03,7.5995922E-03)  (1.4668331E-03,9.4622374E-03)
    2.000000        1.000000       -1.000000      
 (-3.3120159E-04,-9.5227733E-04)  (4.3213367E-03,-6.3702464E-03)  
 (3.6600977E-03,-8.2701445E-03)
    2.000000       -1.000000       -1.000000      
 (-1.8998981E-03,1.6530976E-03)  (4.3073669E-04,5.9045851E-03)  
 (-4.2282045E-03,-2.5937334E-03)
