    0.000000        0.000000       -2.000000      (8.5309148E-03,2.3981556E-03)
   (5.4948032E-03,-3.2503158E-03)  (0.000000,0.000000)
    0.000000        0.000000       -1.000000      
 (2.2947788E-02,-1.2367964E-02)  (-5.2154064E-03,1.9520521E-02)  
 (0.000000,0.000000)
    0.000000        1.000000       -2.000000      
 (-1.1343509E-02,-3.1664968E-03)  (-1.0174699E-03,-4.8242509E-03)  
 (-5.0873496E-04,-2.4121255E-03)
    0.000000        1.000000       -1.000000      (7.2084367E-03,9.3877316E-03)
   (-2.7474016E-03,3.7439167E-03)  (-2.7474016E-03,3.7439167E-03)
    0.000000        2.000000       -1.000000      
 (-1.2814999E-02,9.7975135E-03)  (-4.0419400E-03,-1.0244548E-03)  
 (-8.0838799E-03,-2.0489097E-03)
    0.000000       -2.000000       -1.000000      (1.1213124E-02,3.0081719E-03)
   (-1.5017577E-04,2.5238842E-03)  (3.0035153E-04,-5.0477684E-03)
    0.000000       -1.000000       -2.000000      
 (-8.4936619E-03,2.3376197E-03)  (-8.1025064E-03,5.6897989E-05)  
 (4.0512532E-03,-2.8448994E-05)
    0.000000       -1.000000       -1.000000      (4.0233135E-03,4.0628947E-04)
   (7.3015690E-03,5.8673322E-03)  (-7.3015690E-03,-5.8673322E-03)
    1.000000        0.000000       -2.000000      (7.3760748E-03,4.2002648E-03)
   (-2.2677705E-03,7.6368451E-03)  (3.6880374E-03,2.1001324E-03)
    1.000000        0.000000       -1.000000      
 (4.1723251E-03,-1.0739313E-04)  (9.4249845E-03,-2.4773180E-03)  
 (4.1723251E-03,-1.0739313E-04)
    1.000000        1.000000       -2.000000      
 (-3.1013042E-03,-2.6682392E-03)  (1.0686927E-03,-1.3373792E-02)  
 (-1.0174699E-03,-8.0093741E-03)
    1.000000        1.000000       -1.000000      
 (-8.6054206E-03,-4.8521906E-03)  (3.4458935E-03,-7.2410330E-04)  
 (-5.1595271E-03,-5.5786222E-03)
    1.000000        2.000000       -1.000000      
 (-1.0058284E-02,-3.5762787E-03)  (1.9324943E-03,2.5192276E-03)  
 (-6.2026083E-03,1.4621764E-03)
    1.000000       -2.000000       -1.000000      
 (-9.0105459E-04,-6.4633787E-03)  (-1.6065314E-03,-3.6228448E-03)  
 (2.3143366E-03,7.7998266E-04)
    1.000000       -1.000000       -2.000000      (4.6566129E-03,2.4447218E-03)
   (-3.4272671E-03,2.8032809E-03)  (4.0419400E-03,-1.7869752E-04)
    1.000000       -1.000000       -1.000000      
 (-9.1455877E-03,2.8545037E-03)  (-8.4936619E-03,1.0035001E-03)  
 (-6.4843334E-04,1.8486753E-03)
    2.000000        0.000000       -1.000000      
 (-3.5390258E-04,4.5541674E-03)  (6.0390448E-05,7.2456896E-03)  
 (-7.0780516E-04,9.1083348E-03)
    2.000000        1.000000       -1.000000      (2.5785994E-04,8.2072802E-05)
   (4.2561442E-03,-6.9662929E-03)  (4.7776848E-03,-6.8172812E-03)
    2.000000       -1.000000       -1.000000      
 (-1.7555431E-03,4.9825758E-04)  (9.0571120E-04,4.6659261E-03)  
 (-4.4237822E-03,-3.6694109E-03)
