    0.000000        0.000000       -2.000000      (5.6624413E-03,1.3248064E-03)
   (5.8300793E-03,-4.8335642E-03)  (0.000000,0.000000)
    0.000000        0.000000       -1.000000      
 (2.0861626E-02,-1.1548400E-02)  (-1.0356307E-02,1.6167760E-02)  
 (0.000000,0.000000)
    0.000000        1.000000       -2.000000      
 (-1.2964010E-02,-5.7974830E-04)  (-2.9988587E-03,1.0803342E-03)  
 (-1.4994293E-03,5.4016709E-04)
    0.000000        1.000000       -1.000000      (6.9290400E-03,4.8801303E-03)
   (-1.4947727E-03,4.9173832E-03)  (-1.4947727E-03,4.9173832E-03)
    0.000000        2.000000       -1.000000      
 (-1.1585653E-02,1.1101365E-02)  (-3.1664968E-03,-7.2177500E-04)  
 (-6.3329935E-03,-1.4435500E-03)
    0.000000       -2.000000       -1.000000      (7.9907477E-03,2.8032809E-03)
   (-6.6123903E-04,1.4528632E-03)  (1.3224781E-03,-2.9057264E-03)
    0.000000       -1.000000       -2.000000      
 (-7.9907477E-03,2.1979213E-03)  (-3.6135316E-03,2.2072345E-03)  
 (1.8067658E-03,-1.1036173E-03)
    0.000000       -1.000000       -1.000000      
 (4.7124922E-03,-4.3772161E-03)  (5.5879354E-03,4.3027103E-03)  
 (-5.5879354E-03,-4.3027103E-03)
    1.000000        0.000000       -2.000000      (8.1583858E-03,2.3096800E-03)
   (-4.5821071E-03,3.2410026E-03)  (4.0791929E-03,1.1548400E-03)
    1.000000        0.000000       -1.000000      
 (3.5949051E-03,-1.0058284E-03)  (6.5006316E-03,-5.2340329E-03)  
 (3.5949051E-03,-1.0058284E-03)
    1.000000        1.000000       -2.000000      
 (-3.5762787E-03,8.7078661E-04)  (-3.5669655E-03,-1.2665987E-02)  
 (-3.5669655E-03,-5.9045851E-03)
    1.000000        1.000000       -1.000000      
 (-7.9162419E-03,8.1257895E-04)  (2.1839514E-03,-1.7415732E-03)  
 (-5.7183206E-03,-9.2899427E-04)
    1.000000        2.000000       -1.000000      
 (-7.7858567E-03,9.9185854E-04)  (1.0221265E-03,2.7101487E-03)  
 (-5.7555735E-03,6.4074993E-03)
    1.000000       -2.000000       -1.000000      
 (1.2875535E-03,-2.7567148E-03)  (-3.3236574E-04,-8.9174137E-04)  
 (1.9511208E-03,-9.7788870E-04)
    1.000000       -1.000000       -2.000000      
 (4.3585896E-03,-5.0873496E-04)  (-4.3679029E-03,1.2386590E-03)  
 (4.3679029E-03,-8.7311491E-04)
    1.000000       -1.000000       -1.000000      
 (-9.8347664E-03,4.9639493E-03)  (-5.2433461E-03,2.6600901E-04)  
 (-4.5821071E-03,4.7031790E-03)
    2.000000        0.000000       -1.000000      (2.6496127E-03,3.4831464E-03)
   (9.4994903E-03,7.1153045E-03)  (5.2992254E-03,6.9662929E-03)
    2.000000        1.000000       -1.000000      
 (-1.4388934E-03,-2.3283064E-03)  (3.1758100E-03,-3.1385571E-03)  
 (3.0326191E-04,-7.8044832E-03)
    2.000000       -1.000000       -1.000000      
 (-1.3387762E-03,2.6775524E-03)  (1.4697434E-04,5.8859587E-03)  
 (-2.8219074E-03,-5.4249540E-04)
