    0.000000        0.000000       -2.000000      (6.8545341E-03,1.5739352E-03)
   (6.1281025E-03,-4.8242509E-03)  (0.000000,0.000000)
    0.000000        0.000000       -1.000000      
 (2.1010637E-02,-1.1585653E-02)  (-8.7916851E-03,1.6391277E-02)  
 (0.000000,0.000000)
    0.000000        1.000000       -2.000000      
 (-1.3522804E-02,-1.8253922E-03)  (-2.6077032E-03,-9.4529241E-04)  
 (-1.3038516E-03,-4.7264621E-04)
    0.000000        1.000000       -1.000000      (6.3888729E-03,5.8300793E-03)
   (-1.8440187E-03,4.4703484E-03)  (-1.8440187E-03,4.4703484E-03)
    0.000000        2.000000       -1.000000      
 (-1.2703240E-02,1.1473894E-02)  (-3.7811697E-03,-1.0803342E-03)  
 (-7.5623393E-03,-2.1606684E-03)
    0.000000       -2.000000       -1.000000      (1.0114163E-02,3.0361116E-03)
   (-3.4749974E-04,1.8952414E-03)  (6.9499947E-04,-3.7904829E-03)
    0.000000       -1.000000       -2.000000      
 (-8.2328916E-03,2.4866313E-03)  (-4.9732625E-03,1.4761463E-03)  
 (2.4866313E-03,-7.3807314E-04)
    0.000000       -1.000000       -1.000000      
 (4.3027103E-03,-2.8219074E-03)  (6.0349703E-03,4.5821071E-03)  
 (-6.0349703E-03,-4.5821071E-03)
    1.000000        0.000000       -2.000000      (8.6426735E-03,2.7380884E-03)
   (-3.6880374E-03,4.6007335E-03)  (4.3213367E-03,1.3690442E-03)
    1.000000        0.000000       -1.000000      
 (3.7811697E-03,-7.3574483E-04)  (7.3388219E-03,-4.3027103E-03)  
 (3.7811697E-03,-7.3574483E-04)
    1.000000        1.000000       -2.000000      
 (-3.3527613E-03,-3.1723175E-04)  (-2.7427450E-03,-1.3485551E-02)  
 (-3.0454248E-03,-6.8917871E-03)
    1.000000        1.000000       -1.000000      
 (-8.2515180E-03,-9.9185854E-04)  (2.1653250E-03,-1.4249235E-03)  
 (-6.0908496E-03,-2.4214387E-03)
    1.000000        2.000000       -1.000000      
 (-8.9965761E-03,-2.2177119E-04)  (1.5553087E-03,2.8591603E-03)  
 (-5.8859587E-03,5.4854900E-03)
    1.000000       -2.000000       -1.000000      
 (3.9348379E-04,-4.4144690E-03)  (-7.7066943E-04,-1.6530976E-03)  
 (1.9371510E-03,-1.1082739E-03)
    1.000000       -1.000000       -2.000000      (4.8894435E-03,4.2840838E-04)
   (-4.3213367E-03,1.6391277E-03)  (4.6007335E-03,-6.0535967E-04)
    1.000000       -1.000000       -1.000000      
 (-1.0244548E-02,4.4051558E-03)  (-6.4633787E-03,4.2142347E-04)  
 (-3.7718564E-03,3.9767474E-03)
    2.000000        0.000000       -1.000000      (1.9324943E-03,4.2840838E-03)
   (7.4692070E-03,7.5995922E-03)  (3.8649887E-03,8.5681677E-03)
    2.000000        1.000000       -1.000000      
 (-1.0360964E-03,-1.8626451E-03)  (3.9394945E-03,-4.9732625E-03)  
 (1.8626451E-03,-8.6985528E-03)
    2.000000       -1.000000       -1.000000      
 (-1.6298145E-03,2.5006011E-03)  (2.5436748E-04,6.3143671E-03)  
 (-3.5110861E-03,-1.3131648E-03)
