   0.00000000       0.00000000       1.00000000     (  5.90458512E-03, -1.23307109E-02) (  3.46451998E-02, -3.47383320E-03) (  0.00000000    ,  0.00000000    )
   0.00000000       0.00000000       2.00000000     (  1.60187483E-03, -3.16649675E-04) ( -1.75088644E-03, -7.82310963E-04) (  0.00000000    ,  0.00000000    )
   0.00000000       1.00000000       0.00000000     (  2.73808837E-03, -4.09781933E-03) (  0.00000000    ,  0.00000000    ) (  1.61305070E-02,  7.61356205E-04)
   0.00000000       1.00000000       1.00000000     (  3.83704901E-03,  2.75671482E-03) (  3.69735062E-03, -1.19209290E-03) ( -3.69735062E-03,  1.19209290E-03)
   0.00000000       1.00000000       2.00000000     (  8.56816769E-04, -1.00582838E-03) ( -1.69966370E-04,  4.74974513E-04) (  8.49831849E-05, -2.37487257E-04)
   0.00000000       2.00000000       0.00000000     (  1.02445483E-03,  5.40167093E-04) (  0.00000000    ,  0.00000000    ) ( -4.30736691E-05,  4.47034836E-04)
   0.00000000       2.00000000       1.00000000     (  2.32830644E-04, -7.26431608E-04) ( -3.31783667E-05,  3.25962901E-05) (  6.63567334E-05, -6.51925802E-05)
   0.00000000      -2.00000000       0.00000000     (  1.02445483E-03, -5.40167093E-04) (  0.00000000    ,  0.00000000    ) ( -4.30736691E-05, -4.47034836E-04)
   0.00000000      -2.00000000       1.00000000     ( -5.96046448E-04,  6.33299351E-04) ( -4.74974513E-04, -3.53902578E-04) ( -9.49949026E-04, -7.07805157E-04)
   0.00000000      -1.00000000       0.00000000     (  2.73808837E-03,  4.09781933E-03) (  0.00000000    ,  0.00000000    ) (  1.61305070E-02, -7.61356205E-04)
   0.00000000      -1.00000000       1.00000000     ( -6.89178705E-03, -1.98930502E-02) ( -8.81031156E-03,  4.48897481E-03) ( -8.81031156E-03,  4.48897481E-03)
   0.00000000      -1.00000000       2.00000000     (  3.02679837E-04, -5.77419996E-04) (  7.17118382E-04,  3.84170562E-05) (  3.58559191E-04,  1.92085281E-05)
   1.00000000       0.00000000       0.00000000     (  0.00000000    ,  0.00000000    ) ( -3.07708979E-02,  1.72480941E-02) (  1.62795186E-02, -3.43658030E-03)
   1.00000000       0.00000000       1.00000000     ( -2.57045031E-03, -3.00351530E-04) ( -7.76723027E-03, -1.57207251E-02) (  2.57045031E-03,  3.00351530E-04)
   1.00000000       0.00000000       2.00000000     ( -9.87201929E-04, -7.17118382E-04) (  3.35276127E-04,  4.19095159E-04) (  4.93600965E-04,  3.58559191E-04)
   1.00000000       1.00000000       0.00000000     (  3.67872417E-03,  3.41795385E-03) ( -3.67872417E-03, -3.41795385E-03) (  1.42492354E-03,  1.08033419E-02)
   1.00000000       1.00000000       1.00000000     (  2.46800482E-04,  3.21306288E-04) ( -9.87201929E-04,  4.09781933E-04) (  7.45058060E-04, -7.26431608E-04)
   1.00000000       1.00000000       2.00000000     ( -1.22934580E-03,  1.58324838E-04) (  7.17118382E-04,  8.75443220E-04) (  2.51457095E-04, -5.21540642E-04)
   1.00000000       2.00000000       0.00000000     ( -1.25728548E-04,  8.94069672E-04) (  6.28642738E-05, -4.47034836E-04) ( -5.21540642E-04,  1.42608769E-05)
   1.00000000       2.00000000       1.00000000     (  3.91155481E-04,  4.93600965E-04) ( -2.88709998E-04, -1.58324838E-04) (  1.83936208E-04, -1.79279596E-04)
   1.00000000      -2.00000000       0.00000000     (  3.11993062E-04,  5.12227416E-04) (  1.55996531E-04,  2.56113708E-04) ( -5.30853868E-04, -5.21540642E-04)
   1.00000000      -2.00000000       1.00000000     ( -8.19563866E-04,  5.35510480E-05) ( -3.21306288E-04,  1.90921128E-04) (  1.79279596E-04,  3.21306288E-04)
   1.00000000      -1.00000000       0.00000000     (  2.24448740E-03, -2.38418579E-03) (  2.24448740E-03, -2.38418579E-03) ( -6.59376383E-03,  2.34693289E-02)
   1.00000000      -1.00000000       1.00000000     (  1.52736902E-03,  8.75443220E-04) (  5.96628524E-06, -1.49011612E-03) ( -1.52736902E-03, -2.38418579E-03)
   1.00000000      -1.00000000       2.00000000     ( -9.68575478E-04, -1.46683306E-04) (  1.25728548E-04,  3.16649675E-04) (  5.40167093E-04,  2.32830644E-04)
   2.00000000       0.00000000       0.00000000     (  0.00000000    ,  0.00000000    ) (  2.67755240E-05,  1.21071935E-03) ( -5.02914190E-04, -4.37721610E-04)
   2.00000000       0.00000000       1.00000000     ( -1.49011612E-04,  9.77888703E-05) ( -5.30853868E-04, -1.14087015E-04) (  2.98023224E-04, -1.95577741E-04)
   2.00000000       1.00000000       0.00000000     ( -2.24099495E-05, -3.43425199E-05) (  4.48198989E-05,  6.86850399E-05) (  2.28174031E-04,  2.60770321E-04)
   2.00000000       1.00000000       1.00000000     ( -8.73114914E-05, -3.43425199E-05) ( -4.74974513E-04,  4.28408384E-04) (  6.51925802E-04, -3.58559191E-04)
   2.00000000      -1.00000000       0.00000000     ( -4.93600965E-04, -3.91155481E-04) ( -9.87201929E-04, -7.82310963E-04) (  4.65661287E-04,  4.37721610E-04)
   2.00000000      -1.00000000       1.00000000     (  3.55066732E-05, -8.19563866E-04) ( -3.25962901E-04, -3.07336450E-04) ( -3.91155481E-04,  1.34110451E-03)
