   0.00000000       0.00000000      -2.00000000     (  2.08616257E-03,  3.91155481E-04) ( -2.38418579E-03,  1.13621354E-03) (  0.00000000    ,  0.00000000    )
   0.00000000       0.00000000      -1.00000000     (  5.08502126E-03,  1.21071935E-02) (  3.27825546E-02,  2.50525773E-03) (  0.00000000    ,  0.00000000    )
   0.00000000       1.00000000      -2.00000000     (  3.11993062E-04,  8.00937414E-04) (  9.40635800E-04, -8.73114914E-05) (  4.70317900E-04, -4.36557457E-05)
   0.00000000       1.00000000      -1.00000000     ( -6.81728125E-03,  1.85519457E-02) ( -8.43778253E-03, -4.60073352E-03) ( -8.43778253E-03, -4.60073352E-03)
   0.00000000       2.00000000      -1.00000000     ( -7.63684511E-04, -8.47503543E-04) ( -6.05359674E-04,  3.91155481E-04) ( -1.21071935E-03,  7.82310963E-04)
   0.00000000      -2.00000000      -1.00000000     (  1.53668225E-04,  1.06170774E-03) ( -5.18048182E-05, -1.23400241E-04) (  1.03609636E-04,  2.46800482E-04)
   0.00000000      -1.00000000      -2.00000000     (  1.17346644E-03,  1.35973096E-03) ( -2.07219273E-04, -6.79865479E-04) (  1.03609636E-04,  3.39932740E-04)
   0.00000000      -1.00000000      -1.00000000     (  3.04542482E-03, -2.21654773E-03) (  3.81842256E-03,  1.19674951E-03) ( -3.81842256E-03, -1.19674951E-03)
   1.00000000       0.00000000      -2.00000000     ( -6.98491931E-04, -2.65426934E-04) (  8.84756446E-04,  2.12341547E-03) ( -3.49245965E-04, -1.32713467E-04)
   1.00000000       0.00000000      -1.00000000     (  1.09523535E-02, -5.69969416E-03) ( -6.07222319E-03,  2.52574682E-02) (  1.09523535E-02, -5.69969416E-03)
   1.00000000       1.00000000      -2.00000000     (  6.61239028E-04,  8.47503543E-04) ( -1.56462193E-03, -7.10133463E-05) ( -4.47034836E-04,  3.86498868E-04)
   1.00000000       1.00000000      -1.00000000     ( -9.87201929E-04,  3.20374966E-03) ( -8.38190317E-04, -1.93715096E-03) ( -1.84401870E-03,  1.24797225E-03)
   1.00000000       2.00000000      -1.00000000     (  5.21540642E-04, -1.86264515E-04) ( -5.40167093E-04, -1.74622983E-04) ( -5.58793545E-04, -5.40167093E-04)
   1.00000000      -2.00000000      -1.00000000     ( -2.39815563E-04, -5.96046448E-04) (  6.40284270E-05, -2.16532499E-04) ( -3.67872417E-04, -1.62981451E-04)
   1.00000000      -1.00000000      -2.00000000     (  1.57160684E-05, -9.22009349E-04) ( -5.40167093E-04,  7.54371285E-04) (  2.79396772E-04, -8.38190317E-04)
   1.00000000      -1.00000000      -1.00000000     (  7.85803422E-06,  3.21306288E-04) ( -2.39815563E-04, -2.14204192E-04) (  2.46800482E-04,  5.40167093E-04)
   2.00000000       0.00000000      -1.00000000     ( -6.42612576E-04,  9.54605639E-05) (  2.18860805E-04, -9.68575478E-04) ( -1.28522515E-03,  1.90921128E-04)
   2.00000000       1.00000000      -1.00000000     ( -1.96450856E-06, -2.84053385E-04) ( -9.12696123E-04,  3.44589353E-04) ( -9.12696123E-04, -2.18860805E-04)
   2.00000000      -1.00000000      -1.00000000     (  5.49480319E-04,  2.32830644E-06) (  2.79396772E-04,  6.79865479E-04) (  8.10250640E-04, -6.70552254E-04)
