   0.00000000       0.00000000       1.00000000     (  2.32458115E-02,  1.17719173E-02) ( -1.08557288E-04, -2.29477882E-02) (  0.00000000    ,  0.00000000    )
   0.00000000       0.00000000       2.00000000     (  6.59376383E-03, -3.81842256E-03) (  1.95112079E-03,  1.47148967E-03) (  0.00000000    ,  0.00000000    )
   0.00000000       1.00000000       0.00000000     ( -2.30967999E-03,  1.18091702E-02) (  0.00000000    ,  0.00000000    ) (  2.07684934E-03, -2.84053385E-03)
   0.00000000       1.00000000       1.00000000     (  3.27825546E-03, -3.48314643E-03) (  6.94766641E-03, -7.13393092E-03) ( -6.94766641E-03,  7.13393092E-03)
   0.00000000       1.00000000       2.00000000     ( -7.15255737E-03, -9.63918865E-04) ( -6.94766641E-03,  5.05242497E-04) (  3.47383320E-03, -2.52621248E-04)
   0.00000000       2.00000000       0.00000000     ( -1.86846592E-04, -6.23986125E-03) (  0.00000000    ,  0.00000000    ) ( -4.43309546E-03,  4.51691449E-04)
   0.00000000       2.00000000       1.00000000     (  5.97909093E-03,  9.01054591E-04) ( -1.19674951E-03, -2.41212547E-03) (  2.39349902E-03,  4.82425094E-03)
   0.00000000      -2.00000000       0.00000000     ( -1.86846592E-04,  6.23986125E-03) (  0.00000000    ,  0.00000000    ) ( -4.43309546E-03, -4.51691449E-04)
   0.00000000      -2.00000000       1.00000000     ( -9.05245543E-03, -3.15718353E-03) ( -1.78348273E-03,  9.54605639E-04) ( -3.56696546E-03,  1.90921128E-03)
   0.00000000      -1.00000000       0.00000000     ( -2.30967999E-03, -1.18091702E-02) (  0.00000000    ,  0.00000000    ) (  2.07684934E-03,  2.84053385E-03)
   0.00000000      -1.00000000       1.00000000     (  1.00955367E-02, -1.28149986E-02) ( -2.55182385E-03, -2.66358256E-03) ( -2.55182385E-03, -2.66358256E-03)
   0.00000000      -1.00000000       2.00000000     ( -3.99537385E-03,  5.67524694E-05) (  4.40049917E-04,  3.67872417E-03) (  2.20024958E-04,  1.83936208E-03)
   1.00000000       0.00000000       0.00000000     (  0.00000000    ,  0.00000000    ) ( -2.09361315E-02,  5.25265932E-03) (  2.39163637E-02,  1.98185444E-02)
   1.00000000       0.00000000       1.00000000     (  1.71363354E-03, -4.37721610E-03) ( -2.50339508E-02,  1.57952309E-02) ( -1.71363354E-03,  4.37721610E-03)
   1.00000000       0.00000000       2.00000000     (  1.04540959E-03,  2.06753612E-03) (  4.86150384E-03,  5.32716513E-03) ( -5.22704795E-04, -1.03376806E-03)
   1.00000000       1.00000000       0.00000000     (  5.27128577E-03,  8.68458301E-04) ( -5.27128577E-03, -8.68458301E-04) ( -6.64964318E-03,  2.86847353E-03)
   1.00000000       1.00000000       1.00000000     ( -3.11061740E-03,  1.14087015E-03) (  2.16998160E-03, -6.54254109E-04) (  9.38307494E-04, -4.84287739E-04)
   1.00000000       1.00000000       2.00000000     ( -2.18860805E-03, -2.37487257E-03) ( -4.21889126E-03, -3.84636223E-03) (  3.20374966E-03,  3.11061740E-03)
   1.00000000       2.00000000       0.00000000     ( -1.73225999E-03,  5.14090061E-03) (  8.66129994E-04, -2.57045031E-03) ( -3.16649675E-04,  9.31322575E-03)
   1.00000000       2.00000000       1.00000000     (  6.25848770E-03,  2.73808837E-03) ( -2.08616257E-03, -2.06753612E-03) ( -2.08616257E-03,  1.40629709E-03)
   1.00000000      -2.00000000       0.00000000     ( -5.72763383E-04, -1.02212653E-03) ( -2.86381692E-04, -5.11063263E-04) ( -2.73808837E-03,  5.42495400E-04)
   1.00000000      -2.00000000       1.00000000     ( -2.00700015E-03,  7.93952495E-04) ( -1.87661499E-03,  1.47614628E-03) ( -1.74157321E-03,  2.16066837E-03)
   1.00000000      -1.00000000       0.00000000     ( -5.49480319E-03, -3.62284482E-03) ( -5.49480319E-03, -3.62284482E-03) ( -4.33996320E-03,  4.33996320E-03)
   1.00000000      -1.00000000       1.00000000     (  7.93486834E-03,  7.97212124E-03) (  1.97440386E-03,  7.33882189E-03) ( -5.96046448E-03, -6.44940883E-04)
   1.00000000      -1.00000000       2.00000000     (  3.46451998E-03,  5.83007932E-03) (  5.30853868E-03,  1.64378434E-03) (  9.19681042E-04, -2.08616257E-03)
   2.00000000       0.00000000       0.00000000     (  0.00000000    ,  0.00000000    ) (  1.10641122E-02, -6.37024641E-03) ( -3.41795385E-03,  4.23751771E-03)
   2.00000000       0.00000000       1.00000000     ( -4.39584255E-03, -2.87545845E-04) (  3.67872417E-03,  1.08778477E-02) (  8.79168510E-03,  5.75091690E-04)
   2.00000000       1.00000000       0.00000000     ( -1.86730176E-03,  5.06406650E-04) (  3.73460352E-03, -1.01281330E-03) ( -1.47614628E-03, -6.14672899E-03)
   2.00000000       1.00000000       1.00000000     (  2.23517418E-03,  4.52622771E-03) ( -5.08502126E-03, -7.93486834E-03) (  6.12344593E-04, -1.09896064E-03)
   2.00000000      -1.00000000       0.00000000     (  1.20140612E-03, -7.52042979E-04) (  2.40281224E-03, -1.50408596E-03) (  5.68106771E-04,  2.10944563E-03)
   2.00000000      -1.00000000       1.00000000     ( -4.00468707E-03,  4.50527295E-04) ( -3.87430191E-03, -1.69035047E-03) (  4.13507223E-03, -2.58907676E-03)
