   0.00000000       0.00000000       1.00000000     (  6.91041350E-03, -1.24052167E-02) (  3.64333391E-02, -4.65661287E-03) (  0.00000000    ,  0.00000000    )
   0.00000000       0.00000000       2.00000000     (  1.26659870E-03, -2.74740160E-04) ( -1.30385160E-03, -5.21540642E-04) (  0.00000000    ,  0.00000000    )
   0.00000000       1.00000000       0.00000000     (  2.21189111E-03, -4.25614417E-03) (  0.00000000    ,  0.00000000    ) (  1.62050128E-02,  1.65775418E-03)
   0.00000000       1.00000000       1.00000000     (  4.76837158E-03,  3.41795385E-03) (  3.47383320E-03, -1.18277967E-03) ( -3.47383320E-03,  1.18277967E-03)
   0.00000000       1.00000000       2.00000000     (  6.33299351E-04, -7.45058060E-04) ( -1.53668225E-04,  3.44589353E-04) (  7.68341124E-05, -1.72294676E-04)
   0.00000000       2.00000000       0.00000000     (  8.38190317E-04,  3.72529030E-04) (  0.00000000    ,  0.00000000    ) ( -6.63567334E-05,  3.16649675E-04)
   0.00000000       2.00000000       1.00000000     (  2.98023224E-04, -5.02914190E-04) ( -3.02679837E-05, -2.91038305E-05) (  6.05359674E-05,  5.82076609E-05)
   0.00000000      -2.00000000       0.00000000     (  8.38190317E-04, -3.72529030E-04) (  0.00000000    ,  0.00000000    ) ( -6.63567334E-05, -3.16649675E-04)
   0.00000000      -2.00000000       1.00000000     ( -4.84287739E-04,  4.56348062E-04) ( -3.91155481E-04, -3.25962901E-04) ( -7.82310963E-04, -6.51925802E-04)
   0.00000000      -1.00000000       0.00000000     (  2.21189111E-03,  4.25614417E-03) (  0.00000000    ,  0.00000000    ) (  1.62050128E-02, -1.65775418E-03)
   0.00000000      -1.00000000       1.00000000     ( -6.94766641E-03, -2.13086605E-02) ( -9.16421413E-03,  4.32133675E-03) ( -9.16421413E-03,  4.32133675E-03)
   0.00000000      -1.00000000       2.00000000     (  2.93366611E-04, -4.28408384E-04) (  5.58793545E-04,  1.45519152E-06) (  2.79396772E-04,  7.27595761E-07)
   1.00000000       0.00000000       0.00000000     (  0.00000000    ,  0.00000000    ) ( -3.15904617E-02,  1.85519457E-02) (  1.68010592E-02, -3.03611159E-03)
   1.00000000       0.00000000       1.00000000     ( -2.75671482E-03, -1.05355866E-04) ( -9.08970833E-03, -1.66147947E-02) (  2.75671482E-03,  1.05355866E-04)
   1.00000000       0.00000000       2.00000000     ( -8.00937414E-04, -5.77419996E-04) (  3.16649675E-04,  3.25962901E-04) (  4.00468707E-04,  2.88709998E-04)
   1.00000000       1.00000000       0.00000000     (  3.74391675E-03,  3.79048288E-03) ( -3.74391675E-03, -3.79048288E-03) (  4.83123586E-04,  1.09523535E-02)
   1.00000000       1.00000000       1.00000000     (  2.56113708E-04,  3.07336450E-04) ( -8.94069672E-04,  2.65426934E-04) (  6.51925802E-04, -5.77419996E-04)
   1.00000000       1.00000000       2.00000000     ( -1.04308128E-03,  1.49011612E-04) (  5.77419996E-04,  7.45058060E-04) (  2.28174031E-04, -4.47034836E-04)
   1.00000000       2.00000000       0.00000000     ( -1.49011612E-04,  6.89178705E-04) (  7.45058060E-05, -3.44589353E-04) ( -3.91155481E-04, -3.84170562E-05)
   1.00000000       2.00000000       1.00000000     (  2.46800482E-04,  3.72529030E-04) ( -2.46800482E-04, -1.14087015E-04) (  2.51457095E-04, -1.44354999E-04)
   1.00000000      -2.00000000       0.00000000     (  2.28174031E-04,  4.56348062E-04) (  1.14087015E-04,  2.28174031E-04) ( -4.09781933E-04, -5.02914190E-04)
   1.00000000      -2.00000000       1.00000000     ( -7.07805157E-04,  1.86264515E-05) ( -2.60770321E-04,  1.25728548E-04) (  1.81607902E-04,  2.32830644E-04)
   1.00000000      -1.00000000       0.00000000     (  2.03959644E-03, -2.87778676E-03) (  2.03959644E-03, -2.87778676E-03) ( -6.98491931E-03,  2.57790089E-02)
   1.00000000      -1.00000000       1.00000000     (  1.30385160E-03,  6.89178705E-04) (  2.56113708E-05, -1.22934580E-03) ( -1.26659870E-03, -1.89989805E-03)
   1.00000000      -1.00000000       2.00000000     ( -7.26431608E-04, -8.61473382E-05) (  3.31783667E-05,  3.16649675E-04) (  3.81842256E-04,  2.04890966E-04)
   2.00000000       0.00000000       0.00000000     (  0.00000000    ,  0.00000000    ) (  8.14907253E-05,  9.87201929E-04) ( -4.19095159E-04, -3.25962901E-04)
   2.00000000       0.00000000       1.00000000     ( -1.16415322E-04,  6.86850399E-05) ( -3.72529030E-04, -3.95812094E-05) (  2.32830644E-04, -1.37370080E-04)
   2.00000000       1.00000000       0.00000000     (  2.54658516E-06, -3.20142135E-06) ( -5.09317033E-06,  6.40284270E-06) (  1.95577741E-04,  2.14204192E-04)
   2.00000000       1.00000000       1.00000000     ( -6.63567334E-05, -4.65661287E-05) ( -4.00468707E-04,  3.53902578E-04) (  5.30853868E-04, -2.65426934E-04)
   2.00000000      -1.00000000       0.00000000     ( -3.72529030E-04, -2.93366611E-04) ( -7.45058060E-04, -5.86733222E-04) (  3.25962901E-04,  2.42143869E-04)
   2.00000000      -1.00000000       1.00000000     ( -6.25732355E-06, -6.70552254E-04) ( -2.65426934E-04, -3.07336450E-04) ( -2.56113708E-04,  1.02445483E-03)
