   0.00000000       0.00000000      -2.00000000     (  1.45286322E-03,  2.98023224E-04) ( -1.52736902E-03,  6.42612576E-04) (  0.00000000    ,  0.00000000    )
   0.00000000       0.00000000      -1.00000000     (  6.35161996E-03,  1.23307109E-02) (  3.53902578E-02,  4.01400030E-03) (  0.00000000    ,  0.00000000    )
   0.00000000       1.00000000      -2.00000000     (  3.02679837E-04,  5.02914190E-04) (  6.42612576E-04, -1.92085281E-05) (  3.21306288E-04, -9.60426405E-06)
   0.00000000       1.00000000      -1.00000000     ( -6.89178705E-03,  2.04890966E-02) ( -8.95932317E-03, -4.38652933E-03) ( -8.95932317E-03, -4.38652933E-03)
   0.00000000       2.00000000      -1.00000000     ( -5.40167093E-04, -5.40167093E-04) ( -4.37721610E-04,  3.44589353E-04) ( -8.75443220E-04,  6.89178705E-04)
   0.00000000      -2.00000000      -1.00000000     (  2.70083547E-04,  6.14672899E-04) ( -3.02679837E-05,  8.18545232E-07) (  6.05359674E-05, -1.63709046E-06)
   0.00000000      -1.00000000      -2.00000000     (  7.45058060E-04,  8.75443220E-04) ( -1.60653144E-04, -4.09781933E-04) (  8.03265721E-05,  2.04890966E-04)
   0.00000000      -1.00000000      -1.00000000     (  4.25614417E-03, -3.05473804E-03) (  3.58559191E-03,  1.18277967E-03) ( -3.58559191E-03, -1.18277967E-03)
   1.00000000       0.00000000      -2.00000000     ( -5.02914190E-04, -1.90921128E-04) (  6.33299351E-04,  1.45286322E-03) ( -2.51457095E-04, -9.54605639E-05)
   1.00000000       0.00000000      -1.00000000     (  1.13621354E-02, -5.75557351E-03) ( -6.55651093E-03,  2.45869160E-02) (  1.13621354E-02, -5.75557351E-03)
   1.00000000       1.00000000      -2.00000000     (  4.00468707E-04,  5.58793545E-04) ( -9.31322575E-04, -1.55996531E-04) ( -2.65426934E-04,  2.04890966E-04)
   1.00000000       1.00000000      -1.00000000     ( -8.56816769E-04,  2.23517418E-03) ( -5.02914190E-04, -1.32247806E-03) ( -1.34110451E-03,  8.94069672E-04)
   1.00000000       2.00000000      -1.00000000     (  2.46800482E-04, -1.42026693E-04) ( -3.35276127E-04, -9.77888703E-05) ( -4.28408384E-04, -3.35276127E-04)
   1.00000000      -2.00000000      -1.00000000     ( -1.67638063E-04, -4.09781933E-04) (  8.84756446E-05, -1.60653144E-04) ( -3.44589353E-04, -8.84756446E-05)
   1.00000000      -1.00000000      -2.00000000     (  7.68341124E-05, -5.96046448E-04) ( -3.81842256E-04,  3.72529030E-04) (  2.28174031E-04, -4.84287739E-04)
   1.00000000      -1.00000000      -1.00000000     (  4.36557457E-06,  2.51457095E-04) ( -1.90921128E-04, -1.92085281E-05) (  1.95577741E-04,  2.70083547E-04)
   2.00000000       0.00000000      -1.00000000     ( -4.47034836E-04,  5.82076609E-05) (  2.14204192E-04, -7.26431608E-04) ( -8.94069672E-04,  1.16415322E-04)
   2.00000000       1.00000000      -1.00000000     (  1.89174898E-05, -2.00234354E-04) ( -5.96046448E-04,  3.72529030E-04) ( -5.58793545E-04, -2.79396772E-05)
   2.00000000      -1.00000000      -1.00000000     (  3.91155481E-04,  2.67755240E-05) (  1.86264515E-04,  4.47034836E-04) (  5.86733222E-04, -4.00468707E-04)
