    0.000000        0.000000       -2.000000      (6.2212348E-03,1.4528632E-03)
   (6.0535967E-03,-4.9266964E-03)  (0.000000,0.000000)
    0.000000        0.000000       -1.000000      
 (2.0861626E-02,-1.1548400E-02)  (-9.6857548E-03,1.6167760E-02)  
 (0.000000,0.000000)
    0.000000        1.000000       -2.000000      
 (-1.3411045E-02,-1.1222437E-03)  (-2.8777868E-03,2.5785994E-04)  
 (-1.4388934E-03,1.2892997E-04)
    0.000000        1.000000       -1.000000      (6.6682696E-03,5.2340329E-03)
   (-1.6391277E-03,4.7124922E-03)  (-1.6391277E-03,4.7124922E-03)
    0.000000        2.000000       -1.000000      
 (-1.2256205E-02,1.1399388E-02)  (-3.4738332E-03,-9.0803951E-04)  
 (-6.9476664E-03,-1.8160790E-03)
    0.000000       -2.000000       -1.000000      (9.0338290E-03,2.9150397E-03)
   (-5.2852556E-04,1.6577542E-03)  (1.0570511E-03,-3.3155084E-03)
    0.000000       -1.000000       -2.000000      
 (-8.1770122E-03,2.3562461E-03)  (-4.2002648E-03,1.9231811E-03)  
 (2.1001324E-03,-9.6159056E-04)
    0.000000       -1.000000       -1.000000      
 (4.5262277E-03,-3.7066638E-03)  (5.7742000E-03,4.4144690E-03)  
 (-5.7742000E-03,-4.4144690E-03)
    1.000000        0.000000       -2.000000      (8.4936619E-03,2.4959445E-03)
   (-4.2747706E-03,3.8091093E-03)  (4.2468309E-03,1.2479722E-03)
    1.000000        0.000000       -1.000000      
 (3.6694109E-03,-8.9406967E-04)  (6.8545341E-03,-4.8428774E-03)  
 (3.6694109E-03,-8.9406967E-04)
    1.000000        1.000000       -2.000000      
 (-3.5297126E-03,3.7602149E-04)  (-3.3341348E-03,-1.3187528E-02)  
 (-3.4365803E-03,-6.4074993E-03)
    1.000000        1.000000       -1.000000      
 (-8.1397593E-03,9.2841219E-05)  (2.1466985E-03,-1.6344711E-03)  
 (-5.9977174E-03,-1.5413389E-03)
    1.000000        2.000000       -1.000000      
 (-8.4005296E-03,5.2503310E-04)  (1.2619421E-03,2.8032809E-03)  
 (-5.8673322E-03,6.1281025E-03)
    1.000000       -2.000000       -1.000000      
 (9.6159056E-04,-3.4552068E-03)  (-4.9010850E-04,-1.1664815E-03)  
 (1.9418076E-03,-1.1222437E-03)
    1.000000       -1.000000       -2.000000      
 (4.6566129E-03,-1.3707904E-04)  (-4.3679029E-03,1.3783574E-03)  
 (4.5076013E-03,-7.5669959E-04)
    1.000000       -1.000000       -1.000000      
 (-1.0151416E-02,4.7869980E-03)  (-5.8114529E-03,3.3003744E-04)  
 (-4.3306500E-03,4.4610351E-03)
    2.000000        0.000000       -1.000000      (2.4074689E-03,3.8743019E-03)
   (8.8103116E-03,7.4319541E-03)  (4.8149377E-03,7.7486038E-03)
    2.000000        1.000000       -1.000000      
 (-1.3085082E-03,-2.1839514E-03)  (3.5669655E-03,-3.9953738E-03)  
 (9.5227733E-04,-8.3632767E-03)
    2.000000       -1.000000       -1.000000      
 (-1.4621764E-03,2.6822090E-03)  (2.0896550E-04,6.1839819E-03)  
 (-3.1292439E-03,-8.2654878E-04)
