   0.00000000       0.00000000       1.00000000     ( -1.25728548E-03, -1.24424696E-02) (  2.14576721E-02,  7.82310963E-03) (  0.00000000    ,  0.00000000    )
   0.00000000       0.00000000       2.00000000     (  5.84870577E-03, -2.75671482E-03) ( -8.23289156E-03, -3.07336450E-03) (  0.00000000    ,  0.00000000    )
   0.00000000       1.00000000       0.00000000     (  7.91624188E-03,  1.78348273E-03) (  0.00000000    ,  0.00000000    ) (  1.50501728E-02, -8.04662704E-03)
   0.00000000       1.00000000       1.00000000     ( -9.01520252E-03, -4.39584255E-03) (  3.93949449E-03, -1.42492354E-03) ( -3.93949449E-03,  1.42492354E-03)
   0.00000000       1.00000000       2.00000000     (  3.24100256E-03, -1.94646418E-03) ( -3.07336450E-03,  1.40629709E-03) (  1.53668225E-03, -7.03148544E-04)
   0.00000000       2.00000000       0.00000000     ( -1.22003257E-03,  3.09199095E-03) (  0.00000000    ,  0.00000000    ) (  1.80443749E-04, -7.35744834E-04)
   0.00000000       2.00000000       1.00000000     (  4.14438546E-04,  1.06228981E-05) ( -4.84287739E-04,  5.30853868E-04) (  9.68575478E-04, -1.06170774E-03)
   0.00000000      -2.00000000       0.00000000     ( -1.22003257E-03, -3.09199095E-03) (  0.00000000    ,  0.00000000    ) (  1.80443749E-04,  7.35744834E-04)
   0.00000000      -2.00000000       1.00000000     (  1.36904418E-03, -6.84522092E-04) ( -8.61473382E-04,  3.20142135E-05) ( -1.72294676E-03,  6.40284270E-05)
   0.00000000      -1.00000000       0.00000000     (  7.91624188E-03, -1.78348273E-03) (  0.00000000    ,  0.00000000    ) (  1.50501728E-02,  8.04662704E-03)
   0.00000000      -1.00000000       1.00000000     ( -1.00210309E-02, -1.16601586E-02) ( -6.27711415E-03,  6.42612576E-03) ( -6.27711415E-03,  6.42612576E-03)
   0.00000000      -1.00000000       2.00000000     ( -1.20140612E-03, -1.72294676E-03) ( -3.18977982E-04,  2.08616257E-03) ( -1.59488991E-04,  1.04308128E-03)
   1.00000000       0.00000000       0.00000000     (  0.00000000    ,  0.00000000    ) ( -2.88337469E-02,  5.77419996E-03) (  1.94460154E-02, -5.68106771E-03)
   1.00000000       0.00000000       1.00000000     ( -1.72294676E-03, -2.57045031E-03) (  5.40167093E-03, -5.56930900E-03) (  1.72294676E-03,  2.57045031E-03)
   1.00000000       0.00000000       2.00000000     ( -2.73808837E-03, -1.22934580E-03) ( -9.49949026E-04,  3.03611159E-03) (  1.36904418E-03,  6.14672899E-04)
   1.00000000       1.00000000       0.00000000     (  1.68074621E-05, -5.05242497E-04) ( -1.68074621E-05,  5.05242497E-04) (  7.71135092E-03,  1.60560012E-02)
   1.00000000       1.00000000       1.00000000     ( -4.02331352E-03, -7.21774995E-04) (  2.08616257E-03,  2.29105353E-03) (  1.94646418E-03, -1.56462193E-03)
   1.00000000       1.00000000       2.00000000     (  3.00351530E-04,  9.59262252E-04) (  1.43423676E-03,  7.63684511E-04) ( -8.66129994E-04, -8.61473382E-04)
   1.00000000       2.00000000       0.00000000     ( -8.10250640E-04, -6.47269189E-04) (  4.05125320E-04,  3.23634595E-04) (  4.40049917E-04, -1.50874257E-03)
   1.00000000       2.00000000       1.00000000     (  1.31316483E-03, -8.67294148E-05) ( -5.26197255E-04, -6.37373887E-05) ( -2.56113708E-04,  2.14204192E-04)
   1.00000000      -2.00000000       0.00000000     ( -1.57393515E-03, -2.50292942E-04) ( -7.86967576E-04, -1.25146471E-04) ( -5.07570803E-04,  1.72294676E-03)
   1.00000000      -2.00000000       1.00000000     (  4.33647074E-05, -8.28877091E-04) (  7.63684511E-04, -3.05008143E-04) (  1.48080289E-03,  2.17696652E-04)
   1.00000000      -1.00000000       0.00000000     (  8.56816769E-03,  2.62632966E-03) (  8.56816769E-03,  2.62632966E-03) ( -2.46800482E-03, -1.36904418E-03)
   1.00000000      -1.00000000       1.00000000     ( -2.02096999E-03,  2.23517418E-03) ( -1.08033419E-03, -1.91852450E-03) (  9.35979187E-04, -4.15369868E-03)
   1.00000000      -1.00000000       2.00000000     ( -1.81607902E-03, -7.40401447E-04) (  1.80676579E-03,  1.74157321E-03) (  1.80676579E-03,  1.23865902E-03)
   2.00000000       0.00000000       0.00000000     (  0.00000000    ,  0.00000000    ) ( -1.93715096E-03,  1.69500709E-03) (  1.95577741E-03, -2.04890966E-03)
   2.00000000       0.00000000       1.00000000     ( -8.14907253E-04,  8.75443220E-04) (  3.18977982E-04, -3.12924385E-03) (  1.62981451E-03, -1.75088644E-03)
   2.00000000       1.00000000       0.00000000     ( -1.12690032E-03, -9.82545316E-04) (  2.25380063E-03,  1.96509063E-03) ( -5.14555722E-04,  3.01748514E-03)
   2.00000000       1.00000000       1.00000000     ( -6.93835318E-04,  2.49128789E-04) (  5.26197255E-04,  6.93835318E-04) (  8.61473382E-04, -1.19209290E-03)
   2.00000000      -1.00000000       0.00000000     ( -1.26659870E-03, -7.45058060E-04) ( -2.53319740E-03, -1.49011612E-03) (  2.24681571E-04,  2.86847353E-03)
   2.00000000      -1.00000000       1.00000000     (  1.76951289E-03,  5.40167093E-04) ( -2.49128789E-04,  8.52160156E-04) ( -3.79979610E-03, -2.25845724E-04)
