   0.00000000       0.00000000       1.00000000     ( -6.84522092E-04, -1.18091702E-02) (  2.14576721E-02,  6.37024641E-03) (  0.00000000    ,  0.00000000    )
   0.00000000       0.00000000       2.00000000     (  7.33882189E-03, -2.98023224E-03) ( -1.06543303E-02, -4.54485416E-03) (  0.00000000    ,  0.00000000    )
   0.00000000       1.00000000       0.00000000     (  6.98491931E-03, -6.72298484E-05) (  0.00000000    ,  0.00000000    ) (  1.47148967E-02, -6.37024641E-03)
   0.00000000       1.00000000       1.00000000     ( -6.98491931E-03, -3.37138772E-03) (  4.07919288E-03, -1.31316483E-03) ( -4.07919288E-03,  1.31316483E-03)
   0.00000000       1.00000000       2.00000000     (  4.69386578E-03, -3.22237611E-03) ( -3.44589353E-03,  1.72294676E-03) (  1.72294676E-03, -8.61473382E-04)
   0.00000000       2.00000000       0.00000000     ( -1.48080289E-03,  5.14090061E-03) (  0.00000000    ,  0.00000000    ) ( -3.60887498E-04, -3.46917659E-04)
   0.00000000       2.00000000       1.00000000     (  1.39698386E-04, -1.49942935E-03) ( -1.08499080E-03,  8.05594027E-04) (  2.16998160E-03, -1.61118805E-03)
   0.00000000      -2.00000000       0.00000000     ( -1.48080289E-03, -5.14090061E-03) (  0.00000000    ,  0.00000000    ) ( -3.60887498E-04,  3.46917659E-04)
   0.00000000      -2.00000000       1.00000000     (  1.96509063E-03, -3.06172296E-04) ( -7.96280801E-04,  7.47968443E-05) ( -1.59256160E-03,  1.49593689E-04)
   0.00000000      -1.00000000       0.00000000     (  6.98491931E-03,  6.72298484E-05) (  0.00000000    ,  0.00000000    ) (  1.47148967E-02,  6.37024641E-03)
   0.00000000      -1.00000000       1.00000000     ( -8.94069672E-03, -1.15856528E-02) ( -5.79282641E-03,  6.25848770E-03) ( -5.79282641E-03,  6.25848770E-03)
   0.00000000      -1.00000000       2.00000000     ( -1.70432031E-03, -2.28174031E-03) (  9.19681042E-05,  2.79396772E-03) (  4.59840521E-05,  1.39698386E-03)
   1.00000000       0.00000000       0.00000000     (  0.00000000    ,  0.00000000    ) ( -2.70456076E-02,  6.25848770E-03) (  1.75833702E-02, -5.10364771E-03)
   1.00000000       0.00000000       1.00000000     ( -1.61118805E-03, -2.40281224E-03) (  3.81842256E-03, -6.42612576E-03) (  1.61118805E-03,  2.40281224E-03)
   1.00000000       0.00000000       2.00000000     ( -3.42726707E-03, -1.37835741E-03) ( -1.15483999E-03,  3.33413482E-03) (  1.71363354E-03,  6.89178705E-04)
   1.00000000       1.00000000       0.00000000     (  4.36557457E-04, -4.46743798E-05) ( -4.36557457E-04,  4.46743798E-05) (  7.13393092E-03,  1.47521496E-02)
   1.00000000       1.00000000       1.00000000     ( -4.48897481E-03, -8.19563866E-04) (  2.28174031E-03,  3.29688191E-03) (  2.20723450E-03, -2.46800482E-03)
   1.00000000       1.00000000       2.00000000     ( -2.60770321E-04,  1.11293048E-03) (  2.10478902E-03,  1.04308128E-03) ( -9.26665962E-04, -1.08033419E-03)
   1.00000000       2.00000000       0.00000000     ( -7.63684511E-04, -2.16532499E-04) (  3.81842256E-04,  1.08266249E-04) ( -5.49480319E-04, -1.66706741E-03)
   1.00000000       2.00000000       1.00000000     (  2.11410224E-03, -5.52972779E-05) ( -8.38190317E-04, -1.39698386E-04) ( -4.37721610E-04,  3.35276127E-04)
   1.00000000      -2.00000000       0.00000000     ( -1.52736902E-03, -1.71130523E-04) ( -7.63684511E-04, -8.55652615E-05) ( -1.04773790E-03,  2.79396772E-03)
   1.00000000      -2.00000000       1.00000000     ( -7.82893039E-05, -8.66129994E-04) (  1.01514161E-03, -5.72763383E-04) (  2.10478902E-03, -2.80560926E-04)
   1.00000000      -1.00000000       0.00000000     (  7.17118382E-03,  2.22586095E-03) (  7.17118382E-03,  2.22586095E-03) ( -2.68220901E-03,  1.49942935E-03)
   1.00000000      -1.00000000       1.00000000     ( -1.65775418E-03,  3.14787030E-03) ( -1.11758709E-03, -2.98023224E-03) (  5.37838787E-04, -6.14672899E-03)
   1.00000000      -1.00000000       2.00000000     ( -3.37138772E-03, -1.08033419E-03) (  1.86264515E-03,  1.88127160E-03) (  2.61701643E-03,  1.48080289E-03)
   2.00000000       0.00000000       0.00000000     (  0.00000000    ,  0.00000000    ) ( -2.44006515E-03,  2.64495611E-03) (  1.71363354E-03, -2.64495611E-03)
   2.00000000       0.00000000       1.00000000     ( -1.10361725E-03,  1.08499080E-03) ( -7.45058060E-04, -3.83704901E-03) (  2.20723450E-03, -2.16998160E-03)
   2.00000000       1.00000000       0.00000000     ( -1.19674951E-03, -1.28056854E-03) (  2.39349902E-03,  2.56113708E-03) ( -3.67872417E-04,  3.66941094E-03)
   2.00000000       1.00000000       1.00000000     ( -8.28877091E-04,  4.00468707E-04) (  3.63215804E-04,  9.17352736E-04) (  1.29919499E-03, -1.71363354E-03)
   2.00000000      -1.00000000       0.00000000     ( -2.01165676E-03, -9.77888703E-04) ( -4.02331352E-03, -1.95577741E-03) (  6.44940883E-04,  4.30271029E-03)
   2.00000000      -1.00000000       1.00000000     (  2.14204192E-03,  1.23982318E-04) ( -8.28877091E-04,  9.26665962E-04) ( -5.10364771E-03,  6.75208867E-04)
