    0.000000        0.000000       -2.000000      (6.9476664E-03,1.5925616E-03)
   (6.1094761E-03,-4.7590584E-03)  (0.000000,0.000000)
    0.000000        0.000000       -1.000000      
 (2.1085143E-02,-1.1622906E-02)  (-8.6054206E-03,1.6540289E-02)  
 (0.000000,0.000000)
    0.000000        1.000000       -2.000000      
 (-1.3485551E-02,-1.9650906E-03)  (-2.5285408E-03,-1.2083910E-03)  
 (-1.2642704E-03,-6.0419552E-04)
    0.000000        1.000000       -1.000000      (6.3702464E-03,5.9977174E-03)
   (-1.8905848E-03,4.4144690E-03)  (-1.8905848E-03,4.4144690E-03)
    0.000000        2.000000       -1.000000      
 (-1.2740493E-02,1.1436641E-02)  (-3.8277358E-03,-1.1012889E-03)  
 (-7.6554716E-03,-2.2025779E-03)
    0.000000       -2.000000       -1.000000      (1.0281801E-02,3.0640513E-03)
   (-3.1082891E-04,1.9371510E-03)  (6.2165782E-04,-3.8743019E-03)
    0.000000       -1.000000       -2.000000      
 (-8.2142651E-03,2.5006011E-03)  (-5.1315874E-03,1.3760291E-03)  
 (2.5657937E-03,-6.8801455E-04)
    0.000000       -1.000000       -1.000000      
 (4.2840838E-03,-2.6449561E-03)  (6.1281025E-03,4.6379864E-03)  
 (-6.1281025E-03,-4.6379864E-03)
    1.000000        0.000000       -2.000000      (8.6240470E-03,2.7893111E-03)
   (-3.5483390E-03,4.7590584E-03)  (4.3120235E-03,1.3946556E-03)
    1.000000        0.000000       -1.000000      
 (3.8184226E-03,-7.0082024E-04)  (7.4878335E-03,-4.1909516E-03)  
 (3.8184226E-03,-7.0082024E-04)
    1.000000        1.000000       -2.000000      
 (-3.2968819E-03,-4.6449713E-04)  (-2.5704503E-03,-1.3485551E-02)  
 (-2.9336661E-03,-6.9662929E-03)
    1.000000        1.000000       -1.000000      
 (-8.2328916E-03,-1.2340024E-03)  (2.1792948E-03,-1.3760291E-03)  
 (-6.0535967E-03,-2.6077032E-03)
    1.000000        2.000000       -1.000000      
 (-9.0897083E-03,-3.9814040E-04)  (1.6065314E-03,2.8498471E-03)  
 (-5.8673322E-03,5.3085387E-03)
    1.000000       -2.000000       -1.000000      
 (2.6251655E-04,-4.6100467E-03)  (-8.3819032E-04,-1.7648563E-03)  
 (1.9371510E-03,-1.0733493E-03)
    1.000000       -1.000000       -2.000000      (4.9080700E-03,5.5530109E-04)
   (-4.2933971E-03,1.7043203E-03)  (4.6007335E-03,-5.7392754E-04)
    1.000000       -1.000000       -1.000000      
 (-1.0207295E-02,4.2933971E-03)  (-6.5937638E-03,4.4354238E-04)  
 (-3.6135316E-03,3.8556755E-03)
    2.000000        0.000000       -1.000000      (1.8114224E-03,4.3399632E-03)
   (7.0966780E-03,7.5995922E-03)  (3.6228448E-03,8.6799264E-03)
    2.000000        1.000000       -1.000000      
 (-9.6391886E-04,-1.7741695E-03)  (3.9860606E-03,-5.1502138E-03)  
 (2.0582229E-03,-8.6985528E-03)
    2.000000       -1.000000       -1.000000      
 (-1.6577542E-03,2.4307519E-03)  (2.6309863E-04,6.2957406E-03)  
 (-3.5855919E-03,-1.4295802E-03)
