   0.00000000       0.00000000      -2.00000000     (  7.45058060E-04,  9.87201929E-04) ( -9.31322575E-04, -1.23400241E-04) (  0.00000000    ,  0.00000000    )
   0.00000000       0.00000000      -1.00000000     (  1.63912773E-02,  3.38070095E-03) (  3.78489494E-02,  1.80676579E-02) (  0.00000000    ,  0.00000000    )
   0.00000000       1.00000000      -2.00000000     (  6.23986125E-04,  2.32830644E-05) ( -5.47152013E-05,  3.63215804E-04) ( -2.73576006E-05,  1.81607902E-04)
   0.00000000       1.00000000      -1.00000000     ( -3.91155481E-03,  3.03238630E-02) ( -7.22706318E-03, -2.14204192E-03) ( -7.22706318E-03, -2.14204192E-03)
   0.00000000       2.00000000      -1.00000000     ( -3.91155481E-04,  1.76951289E-04) (  2.95585778E-07,  4.09781933E-04) (  5.91171556E-07,  8.19563866E-04)
   0.00000000      -2.00000000      -1.00000000     (  1.11758709E-03,  3.44589353E-04) ( -3.35276127E-04,  2.56113708E-05) (  6.70552254E-04, -5.12227416E-05)
   0.00000000      -1.00000000      -2.00000000     ( -2.32830644E-04,  4.28408384E-04) ( -3.44589353E-04, -1.53668225E-04) (  1.72294676E-04,  7.68341124E-05)
   0.00000000      -1.00000000      -1.00000000     (  8.60542059E-03, -1.04680657E-02) ( -1.49477273E-03,  2.21654773E-03) (  1.49477273E-03, -2.21654773E-03)
   1.00000000       0.00000000      -2.00000000     ( -5.02914190E-04, -1.81607902E-04) ( -2.56113708E-04,  7.26431608E-04) ( -2.51457095E-04, -9.08039510E-05)
   1.00000000       0.00000000      -1.00000000     (  9.31322575E-03, -5.28991222E-03) ( -9.94652510E-03,  4.63798642E-03) (  9.31322575E-03, -5.28991222E-03)
   1.00000000       1.00000000      -2.00000000     ( -2.65426934E-04, -2.18278728E-06) (  3.02679837E-04, -9.12696123E-04) (  1.86264515E-05, -4.56348062E-04)
   1.00000000       1.00000000      -1.00000000     ( -1.09896064E-03,  1.11758709E-03) (  9.31322575E-04, -2.18860805E-04) ( -1.72294676E-04,  8.94069672E-04)
   1.00000000       2.00000000      -1.00000000     (  2.00234354E-04, -5.30853868E-04) ( -2.18860805E-04,  5.70435077E-05) ( -2.32830644E-04, -4.19095159E-04)
   1.00000000      -2.00000000      -1.00000000     (  5.58793545E-04,  1.49011612E-04) (  4.56348062E-04,  2.28174031E-04) ( -3.63215804E-04, -3.11993062E-04)
   1.00000000      -1.00000000      -2.00000000     (  3.72529030E-04, -4.74974513E-04) (  3.25962901E-04, -2.79396772E-04) (  2.56113708E-05, -9.77888703E-05)
   1.00000000      -1.00000000      -1.00000000     (  3.49245965E-05,  7.82310963E-04) ( -4.84287739E-04,  5.30853868E-04) (  5.12227416E-04,  2.42143869E-04)
   2.00000000       0.00000000      -1.00000000     ( -2.88709998E-04, -1.39698386E-04) (  4.47034836E-04, -4.09781933E-04) ( -5.77419996E-04, -2.79396772E-04)
   2.00000000       1.00000000      -1.00000000     (  3.25962901E-04,  1.62981451E-04) ( -3.72529030E-04,  5.40167093E-04) (  2.74740160E-04,  8.56816769E-04)
   2.00000000      -1.00000000      -1.00000000     (  2.23517418E-04,  7.91624188E-05) (  4.09781933E-04, -3.53902578E-04) (  2.91038305E-05,  5.12227416E-04)
