   0.00000000       0.00000000      -2.00000000     (  8.27014446E-03,  2.16066837E-03) ( -1.21444464E-02,  6.40749931E-03) (  0.00000000    ,  0.00000000    )
   0.00000000       0.00000000      -1.00000000     (  5.93718141E-04,  1.08405948E-02) (  2.23517418E-02, -3.52039933E-03) (  0.00000000    ,  0.00000000    )
   0.00000000       1.00000000      -2.00000000     ( -1.76951289E-03,  3.40864062E-03) (  1.62515789E-03, -2.50525773E-03) (  8.12578946E-04, -1.25262886E-03)
   0.00000000       1.00000000      -1.00000000     ( -7.26431608E-03,  1.16974115E-02) ( -5.88595867E-03, -5.62518835E-03) ( -5.88595867E-03, -5.62518835E-03)
   0.00000000       2.00000000      -1.00000000     (  1.07567757E-03, -1.27125531E-03) ( -8.00937414E-04, -2.31666490E-04) ( -1.60187483E-03, -4.63332981E-04)
   0.00000000      -2.00000000      -1.00000000     ( -1.05239451E-03,  5.01051545E-03) ( -1.66241080E-03, -1.69500709E-03) (  3.32482159E-03,  3.39001417E-03)
   0.00000000      -1.00000000      -2.00000000     (  6.10947609E-03,  5.30853868E-03) ( -2.63564289E-03, -2.63564289E-03) (  1.31782144E-03,  1.31782144E-03)
   0.00000000      -1.00000000      -1.00000000     ( -3.10130417E-03,  1.37370080E-03) (  4.07919288E-03,  1.26194209E-03) ( -4.07919288E-03, -1.26194209E-03)
   1.00000000       0.00000000      -2.00000000     ( -2.02096999E-03, -1.30850822E-03) (  7.70669430E-04,  7.00354576E-03) ( -1.01048499E-03, -6.54254109E-04)
   1.00000000       0.00000000      -1.00000000     (  9.46223736E-03, -5.56930900E-03) ( -4.07919288E-03,  2.72691250E-02) (  9.46223736E-03, -5.56930900E-03)
   1.00000000       1.00000000      -2.00000000     (  2.30967999E-03,  3.10130417E-03) ( -6.37024641E-03, -1.61817297E-04) ( -2.03959644E-03,  1.47148967E-03)
   1.00000000       1.00000000      -1.00000000     (  1.74157321E-03,  8.60542059E-03) ( -2.09547579E-03, -5.81145287E-03) ( -3.58559191E-04,  2.80328095E-03)
   1.00000000       2.00000000      -1.00000000     (  2.95229256E-03,  5.93718141E-04) ( -6.58910722E-04, -1.20489858E-04) (  1.63912773E-03,  3.51574272E-04)
   1.00000000      -2.00000000      -1.00000000     (  3.50410119E-04,  7.84639269E-04) ( -1.28056854E-04, -1.90630089E-05) (  6.05359674E-04,  8.21892172E-04)
   1.00000000      -1.00000000      -2.00000000     ( -1.48545951E-03, -5.04776835E-03) ( -1.04773790E-03,  4.19095159E-03) ( -2.18860805E-04, -4.61935997E-03)
   1.00000000      -1.00000000      -1.00000000     ( -1.54133886E-03,  5.00585884E-04) ( -1.79745257E-03, -4.15369868E-03) (  2.59606168E-04,  4.65661287E-03)
   2.00000000       0.00000000      -1.00000000     ( -1.90921128E-03,  2.82307155E-05) ( -2.92435288E-03, -7.45058060E-04) ( -3.81842256E-03,  5.64614311E-05)
   2.00000000       1.00000000      -1.00000000     (  1.11293048E-03,  6.65895641E-04) ( -4.20957804E-03, -2.55182385E-03) ( -1.98371708E-03, -1.22003257E-03)
   2.00000000      -1.00000000      -1.00000000     (  1.14087015E-03, -6.70552254E-04) (  1.99303031E-03,  1.15949661E-03) (  2.89874151E-04, -2.50525773E-03)
