    0.000000        0.000000        1.000000      (2.2202730E-02,1.2107193E-02)
   (-6.3516200E-03,-1.8328428E-02)  (0.000000,0.000000)
    0.000000        0.000000        2.000000      
 (8.2328916E-03,-2.0116568E-03)  (5.8300793E-03,3.8649887E-03)  
 (0.000000,0.000000)
    0.000000        1.000000        0.000000      (4.4004992E-04,1.0468066E-02)
   (0.000000,0.000000)  (3.2223761E-03,-3.1292439E-03)
    0.000000        1.000000        1.000000      (4.0605664E-03,5.5879354E-04)
   (6.9476664E-03,-5.4016709E-03)  (-6.9476664E-03,5.4016709E-03)
    0.000000        1.000000        2.000000      
 (-8.3632767E-03,-2.5145710E-03)  (-7.2456896E-03,-3.9348379E-04)  
 (3.6228448E-03,1.9674189E-04)
    0.000000        2.000000        0.000000      
 (-1.6950071E-03,-3.0733645E-03)  (0.000000,0.000000)  
 (-2.0442531E-03,2.7613714E-03)
    0.000000        2.000000        1.000000      
 (1.1473894E-02,-3.2689422E-03)  (-8.1054168E-05,-2.3702160E-03)  
 (1.6210834E-04,4.7404319E-03)
    0.000000       -2.000000        0.000000      
 (-1.6950071E-03,3.0733645E-03)  (0.000000,0.000000)  
 (-2.0442531E-03,-2.7613714E-03)
    0.000000       -2.000000        1.000000      
 (-1.3038516E-02,-1.0691583E-02)  (-4.1630119E-03,1.0966323E-03)  
 (-8.3260238E-03,2.1932647E-03)
    0.000000       -1.000000        0.000000      
 (4.4004992E-04,-1.0468066E-02)  (0.000000,0.000000)  
 (3.2223761E-03,3.1292439E-03)
    0.000000       -1.000000        1.000000      
 (6.6682696E-03,-8.1583858E-03)  (-2.4959445E-03,-3.9301813E-03)  
 (-2.4959445E-03,-3.9301813E-03)
    0.000000       -1.000000        2.000000      
 (-1.2442470E-02,3.1199306E-03)  (-1.5459955E-03,3.9674342E-03)  
 (-7.7299774E-04,1.9837171E-03)
    1.000000        0.000000        0.000000      (0.000000,0.000000)  
 (-2.4959445E-02,4.8801303E-03)  (1.9446015E-02,1.8328428E-02)
    1.000000        0.000000        1.000000      
 (-1.0756776E-03,-4.0233135E-03)  (-2.1532178E-02,1.5497208E-02)  
 (1.0756776E-03,4.0233135E-03)
    1.000000        0.000000        2.000000      (1.1292286E-03,1.2968667E-03)
   (5.1502138E-03,1.0747463E-02)  (-5.6461431E-04,-6.4843334E-04)
    1.000000        1.000000        0.000000      
 (4.2840838E-03,-1.2805685E-03)  (-4.2840838E-03,1.2805685E-03)  
 (-3.7811697E-03,2.0582229E-03)
    1.000000        1.000000        1.000000      
 (-7.4040145E-04,3.6321580E-03)  (-5.9022568E-04,-2.3189932E-03)  
 (1.3317913E-03,-1.3154931E-03)
    1.000000        1.000000        2.000000      
 (-3.7439167E-03,-2.9744115E-04)  (-1.5320256E-03,-5.9232116E-03)  
 (2.6402995E-03,3.1106174E-03)
    1.000000        2.000000        0.000000      (9.2200935E-04,3.1013042E-03)
   (-4.6100467E-04,-1.5506521E-03)  (3.3061951E-03,1.0170043E-02)
    1.000000        2.000000        1.000000      (5.0012022E-03,4.2747706E-03)
   (-1.5553087E-03,-6.8102963E-04)  (-1.8859282E-03,-2.9150397E-03)
    1.000000       -2.000000        0.000000      
 (-3.0093361E-04,6.6496432E-03)  (-1.5046680E-04,3.3248216E-03)  
 (-6.8917871E-03,-1.0547228E-03)
    1.000000       -2.000000        1.000000      
 (-1.3737008E-03,5.1921234E-04)  (4.2928150E-06,1.1129305E-03)  
 (1.3830140E-03,1.7089769E-03)
    1.000000       -1.000000        0.000000      
 (-2.8312206E-03,2.2337190E-05)  (-2.8312206E-03,2.2337190E-05)  
 (-5.0477684E-03,3.9488077E-03)
    1.000000       -1.000000        1.000000      (1.4565885E-02,3.9022416E-03)
   (5.2619725E-03,4.2840838E-03)  (-9.2945993E-03,3.8184226E-04)
    1.000000       -1.000000        2.000000      
 (-1.4319085E-03,2.0256266E-03)  (-3.4179538E-03,-3.3620745E-03)  
 (-9.9418685E-04,-2.6961789E-03)
    2.000000        0.000000        0.000000      (0.000000,0.000000)  
 (1.4454126E-02,-6.0535967E-03)  (-1.0314398E-03,3.3620745E-03)
    2.000000        0.000000        1.000000      
 (-4.3492764E-03,4.0698797E-03)  (5.5320561E-03,1.2107193E-02)  
 (8.6985528E-03,-8.1397593E-03)
    2.000000        1.000000        0.000000      
 (-1.7788261E-03,-1.8719584E-03)  (3.5576522E-03,3.7439167E-03)  
 (-6.2771142E-03,6.8801455E-04)
    2.000000        1.000000        1.000000      (3.6042184E-03,5.6065619E-03)
   (-6.0349703E-03,-1.3671815E-02)  (-1.1734664E-03,2.4493784E-03)
    2.000000       -1.000000        0.000000      
 (-1.2689270E-03,-3.1292439E-03)  (-2.5378540E-03,-6.2584877E-03)  
 (2.3283064E-03,4.2654574E-03)
    2.000000       -1.000000        1.000000      
 (-5.4854900E-03,1.7043203E-03)  (-5.5320561E-03,3.5669655E-03)  
 (5.4296106E-03,1.5454134E-04)
