   0.00000000       0.00000000      -2.00000000     (  1.07102096E-03,  2.51457095E-03) ( -2.01165676E-03,  1.22236088E-04) (  0.00000000    ,  0.00000000    )
   0.00000000       0.00000000      -1.00000000     (  1.83656812E-02, -2.62516551E-04) (  3.36766243E-02,  2.17556953E-02) (  0.00000000    ,  0.00000000    )
   0.00000000       1.00000000      -2.00000000     (  9.87201929E-04, -1.54250301E-05) ( -7.63684511E-04,  8.00937414E-04) ( -3.81842256E-04,  4.00468707E-04)
   0.00000000       1.00000000      -1.00000000     ( -1.55065209E-03,  2.95788050E-02) ( -5.21540642E-03, -2.61701643E-03) ( -5.21540642E-03, -2.61701643E-03)
   0.00000000       2.00000000      -1.00000000     ( -1.88127160E-03,  1.86264515E-04) (  1.08266249E-04,  5.86733222E-04) (  2.16532499E-04,  1.17346644E-03)
   0.00000000      -2.00000000      -1.00000000     (  1.88127160E-03,  8.00937414E-04) ( -7.07805157E-04, -2.74740160E-04) (  1.41561031E-03,  5.49480319E-04)
   0.00000000      -1.00000000      -2.00000000     ( -1.09896064E-03,  8.00937414E-04) ( -9.31322575E-04, -2.39815563E-04) (  4.65661287E-04,  1.19907781E-04)
   0.00000000      -1.00000000      -1.00000000     (  7.76723027E-03, -9.83476639E-03) ( -2.48663127E-03,  3.57627869E-03) (  2.48663127E-03, -3.57627869E-03)
   1.00000000       0.00000000      -2.00000000     ( -9.12696123E-04,  1.49011612E-04) ( -1.09896064E-03,  9.87201929E-04) ( -4.56348062E-04,  7.45058060E-05)
   1.00000000       0.00000000      -1.00000000     (  8.75443220E-03, -4.86150384E-03) ( -9.53674316E-03,  3.01224645E-05) (  8.75443220E-03, -4.86150384E-03)
   1.00000000       1.00000000      -2.00000000     ( -7.35744834E-04, -3.11993062E-04) (  8.19563866E-04, -2.10478902E-03) (  4.16184776E-05, -1.21071935E-03)
   1.00000000       1.00000000      -1.00000000     ( -1.52736902E-03,  1.15483999E-03) (  2.32830644E-03,  6.23986125E-04) (  7.91624188E-04,  1.76951289E-03)
   1.00000000       2.00000000      -1.00000000     (  3.86498868E-04,  1.90921128E-04) ( -6.79865479E-04, -6.65895641E-04) ( -9.68575478E-04, -1.14552677E-03)
   1.00000000      -2.00000000      -1.00000000     (  1.60187483E-03,  5.40167093E-04) (  9.96515155E-04,  6.19329512E-04) ( -3.95812094E-04, -6.98491931E-04)
   1.00000000      -1.00000000      -2.00000000     (  8.28877091E-04, -8.19563866E-04) (  1.26659870E-03, -5.49480319E-04) ( -2.16532499E-04, -1.35041773E-04)
   1.00000000      -1.00000000      -1.00000000     ( -1.04773790E-04,  1.80676579E-03) ( -1.39698386E-03,  8.75443220E-04) (  1.29453838E-03,  9.40635800E-04)
   2.00000000       0.00000000      -1.00000000     ( -4.98257577E-04, -2.91038305E-04) (  2.95694917E-04, -1.44354999E-04) ( -9.96515155E-04, -5.82076609E-04)
   2.00000000       1.00000000      -1.00000000     (  1.14087015E-04,  2.37487257E-04) ( -1.67347025E-05,  9.19681042E-05) (  2.09547579E-04,  5.63450158E-04)
   2.00000000      -1.00000000      -1.00000000     (  3.14321369E-04,  6.86850399E-05) (  1.33179128E-03, -1.18277967E-03) ( -6.98491931E-04,  1.31316483E-03)
