   0.00000000       0.00000000      -2.00000000     (  6.66826963E-03,  4.30271029E-03) (  1.35041773E-03, -1.46217644E-03) (  0.00000000    ,  0.00000000    )
   0.00000000       0.00000000      -1.00000000     (  2.30222940E-02, -1.15111470E-02) (  8.54488462E-04,  2.33948231E-02) (  0.00000000    ,  0.00000000    )
   0.00000000       1.00000000      -2.00000000     ( -3.14787030E-03,  6.75208867E-04) (  6.14672899E-04, -3.25031579E-03) (  3.07336450E-04, -1.62515789E-03)
   0.00000000       1.00000000      -1.00000000     (  1.06543303E-02,  1.32247806E-02) ( -2.32830644E-03,  2.46800482E-03) ( -2.32830644E-03,  2.46800482E-03)
   0.00000000       2.00000000      -1.00000000     ( -9.31322575E-03,  2.27242708E-03) ( -1.59721822E-03, -1.09197572E-03) ( -3.19443643E-03, -2.18395144E-03)
   0.00000000      -2.00000000      -1.00000000     (  5.42029738E-03, -1.81142241E-03) ( -1.49942935E-03,  2.47731805E-03) (  2.99885869E-03, -4.95463610E-03)
   0.00000000      -1.00000000      -2.00000000     ( -7.39470124E-03,  8.24220479E-04) ( -6.85453415E-03, -5.51808625E-04) (  3.42726707E-03,  2.75904313E-04)
   0.00000000      -1.00000000      -1.00000000     (  3.14787030E-03,  3.85567546E-03) (  6.61239028E-03,  7.30156898E-03) ( -6.61239028E-03, -7.30156898E-03)
   1.00000000       0.00000000      -2.00000000     (  2.54251063E-03,  4.93600965E-03) ( -3.54833901E-03,  8.00937414E-03) (  1.27125531E-03,  2.46800482E-03)
   1.00000000       0.00000000      -1.00000000     (  3.56696546E-03,  3.96976247E-04) (  8.34465027E-03, -9.31322575E-04) (  3.56696546E-03,  3.96976247E-04)
   1.00000000       1.00000000      -2.00000000     ( -4.32133675E-03, -3.58559191E-03) (  5.10364771E-03, -7.37607479E-03) (  3.87663022E-04, -5.47617674E-03)
   1.00000000       1.00000000      -1.00000000     ( -7.76723027E-03, -4.58210707E-03) (  5.53205609E-03, -1.78697519E-04) ( -2.22586095E-03, -4.76837158E-03)
   1.00000000       2.00000000      -1.00000000     ( -5.47617674E-03, -2.15601176E-03) (  7.03148544E-04,  1.30385160E-03) ( -4.06056643E-03,  4.54019755E-04)
   1.00000000      -2.00000000      -1.00000000     (  6.07687980E-04, -3.46451998E-03) (  3.23634595E-04, -3.25962901E-03) ( -3.87080945E-05,  3.05473804E-03)
   1.00000000      -1.00000000      -2.00000000     (  9.26665962E-04,  9.56933945E-04) (  4.86616045E-04,  3.14321369E-04) (  2.19442882E-04,  3.21306288E-04)
   1.00000000      -1.00000000      -1.00000000     ( -4.52622771E-03,  9.91858542E-04) ( -6.85453415E-03,  9.01054591E-04) (  2.33761966E-03,  9.19681042E-05)
   2.00000000       0.00000000      -1.00000000     ( -2.02096999E-03,  1.47148967E-03) ( -8.00937414E-03,  3.95812094E-03) ( -4.04193997E-03,  2.94297934E-03)
   2.00000000       1.00000000      -1.00000000     (  9.19681042E-04,  1.81142241E-03) (  1.93715096E-03, -5.14090061E-03) (  3.77185643E-03, -1.50874257E-03)
   2.00000000      -1.00000000      -1.00000000     (  4.80795279E-04, -1.89989805E-03) (  2.36555934E-03, -1.16415322E-03) ( -1.40164047E-03, -2.63564289E-03)
