   0.00000000       0.00000000       1.00000000     (  1.25542283E-02, -1.00955367E-02) (  4.18722630E-02, -1.14738941E-02) (  0.00000000    ,  0.00000000    )
   0.00000000       0.00000000       2.00000000     (  1.67638063E-04, -7.45058060E-05) ( -1.49011612E-04, -1.16415322E-05) (  0.00000000    ,  0.00000000    )
   0.00000000       1.00000000       0.00000000     ( -1.83470547E-03, -4.46103513E-03) (  0.00000000    ,  0.00000000    ) (  1.42306089E-02,  7.52508640E-03)
   0.00000000       1.00000000       1.00000000     (  8.66129994E-03,  7.35744834E-03) (  1.49477273E-03, -1.34576112E-03) ( -1.49477273E-03,  1.34576112E-03)
   0.00000000       1.00000000       2.00000000     (  4.65661287E-05, -6.51925802E-05) ( -4.65661287E-05,  3.72529030E-05) (  2.32830644E-05, -1.86264515E-05)
   0.00000000       2.00000000       0.00000000     (  9.31322575E-05,  6.51925802E-05) (  0.00000000    ,  0.00000000    ) ( -8.38190317E-05,  2.09547579E-05)
   0.00000000       2.00000000       1.00000000     (  1.49011612E-04, -3.25962901E-05) ( -2.79396772E-05, -2.79396772E-05) (  5.58793545E-05,  5.58793545E-05)
   0.00000000      -2.00000000       0.00000000     (  9.31322575E-05, -6.51925802E-05) (  0.00000000    ,  0.00000000    ) ( -8.38190317E-05, -2.09547579E-05)
   0.00000000      -2.00000000       1.00000000     ( -5.58793545E-05, -2.32830644E-06) ( -5.58793545E-05, -7.45058060E-05) ( -1.11758709E-04, -1.49011612E-04)
   0.00000000      -1.00000000       0.00000000     ( -1.83470547E-03,  4.46103513E-03) (  0.00000000    ,  0.00000000    ) (  1.42306089E-02, -7.52508640E-03)
   0.00000000      -1.00000000       1.00000000     ( -6.57513738E-03, -2.77906656E-02) ( -9.62987542E-03,  3.39001417E-03) ( -9.62987542E-03,  3.39001417E-03)
   0.00000000      -1.00000000       2.00000000     (  7.45058060E-05, -2.79396772E-05) (  4.19095159E-05, -2.32830644E-05) (  2.09547579E-05, -1.16415322E-05)
   1.00000000       0.00000000       0.00000000     (  0.00000000    ,  0.00000000    ) ( -3.11434269E-02,  2.26497650E-02) (  1.90734863E-02,  1.15483999E-03)
   1.00000000       0.00000000       1.00000000     ( -3.64147127E-03,  5.94882295E-04) ( -1.63167715E-02, -1.79186463E-02) (  3.64147127E-03, -5.94882295E-04)
   1.00000000       0.00000000       2.00000000     ( -1.30385160E-04, -5.58793545E-05) (  7.45058060E-05,  4.65661287E-05) (  6.51925802E-05,  2.79396772E-05)
   1.00000000       1.00000000       0.00000000     (  2.48197466E-03,  4.84287739E-03) ( -2.48197466E-03, -4.84287739E-03) ( -4.65661287E-03,  1.17719173E-02)
   1.00000000       1.00000000       1.00000000     (  5.58793545E-05,  6.51925802E-05) ( -1.86264515E-04,  2.32830644E-06) (  1.30385160E-04, -6.51925802E-05)
   1.00000000       1.00000000       2.00000000     ( -2.23517418E-04,  3.72529030E-05) (  7.45058060E-05,  1.11758709E-04) (  7.45058060E-05, -7.45058060E-05)
   1.00000000       2.00000000       0.00000000     ( -1.62981451E-05,  3.72529030E-05) (  8.14907253E-06, -1.86264515E-05) ( -7.45058060E-05, -1.16415322E-06)
   1.00000000       2.00000000       1.00000000     ( -1.62981451E-05,  2.79396772E-05) ( -4.65661287E-05,  5.23868948E-06) (  1.11758709E-04, -3.72529030E-05)
   1.00000000      -2.00000000       0.00000000     ( -1.39698386E-05,  6.51925802E-05) ( -6.98491931E-06,  3.25962901E-05) ( -5.58793545E-05, -1.30385160E-04)
   1.00000000      -2.00000000       1.00000000     ( -1.11758709E-04, -4.65661287E-05) ( -2.09547579E-05, -2.09547579E-05) (  6.51925802E-05,  8.14907253E-06)
   1.00000000      -1.00000000       0.00000000     (  8.26548785E-04, -4.97326255E-03) (  8.26548785E-04, -4.97326255E-03) ( -8.51228833E-03,  3.34531069E-02)
   1.00000000      -1.00000000       1.00000000     (  2.23517418E-04,  1.11758709E-04) (  6.98491931E-06, -1.86264515E-04) ( -2.23517418E-04, -2.98023224E-04)
   1.00000000      -1.00000000       2.00000000     ( -9.31322575E-05, -4.36557457E-07) ( -5.58793545E-05,  9.31322575E-05) (  2.32830644E-05,  4.65661287E-05)
   2.00000000       0.00000000       0.00000000     (  0.00000000    ,  0.00000000    ) (  5.58793545E-05,  1.67638063E-04) ( -7.45058060E-05, -5.82076609E-06)
   2.00000000       0.00000000       1.00000000     ( -1.62981451E-05,  5.23868948E-06) (  1.74622983E-06,  4.19095159E-05) (  3.25962901E-05, -1.04773790E-05)
   2.00000000       1.00000000       0.00000000     (  2.79396772E-05,  2.09547579E-05) ( -5.58793545E-05, -4.19095159E-05) (  1.39698386E-05,  6.51925802E-05)
   2.00000000       1.00000000       1.00000000     (  2.03726813E-06, -2.32830644E-05) ( -7.45058060E-05,  4.65661287E-05) (  7.45058060E-05, -1.01863407E-06)
   2.00000000      -1.00000000       0.00000000     ( -4.19095159E-05, -2.09547579E-05) ( -8.38190317E-05, -4.19095159E-05) ( -2.09547579E-05, -1.39698386E-05)
   2.00000000      -1.00000000       1.00000000     ( -2.09547579E-05, -8.38190317E-05) ( -5.58793545E-05, -6.51925802E-05) ( -1.62981451E-05,  1.11758709E-04)
