   0.00000000       0.00000000       1.00000000     (  2.63098627E-04, -1.09151006E-02) (  2.17556953E-02,  4.17232513E-03) (  0.00000000    ,  0.00000000    )
   0.00000000       0.00000000       2.00000000     (  8.45640898E-03, -2.46800482E-03) ( -1.24424696E-02, -6.27711415E-03) (  0.00000000    ,  0.00000000    )
   0.00000000       1.00000000       0.00000000     (  5.64381480E-03, -1.84401870E-03) (  0.00000000    ,  0.00000000    ) (  1.40815973E-02, -4.39584255E-03)
   0.00000000       1.00000000       1.00000000     ( -3.94880772E-03, -1.79745257E-03) (  4.06056643E-03, -1.26194209E-03) ( -4.06056643E-03,  1.26194209E-03)
   0.00000000       1.00000000       2.00000000     (  6.10947609E-03, -5.04776835E-03) ( -3.05473804E-03,  2.43075192E-03) (  1.52736902E-03, -1.21537596E-03)
   0.00000000       2.00000000       0.00000000     ( -7.42729753E-04,  7.45058060E-03) (  0.00000000    ,  0.00000000    ) ( -1.16415322E-03,  1.62050128E-03)
   0.00000000       2.00000000       1.00000000     ( -7.98609108E-04, -4.41446900E-03) ( -1.72294676E-03,  1.53202564E-03) (  3.44589353E-03, -3.06405127E-03)
   0.00000000      -2.00000000       0.00000000     ( -7.42729753E-04, -7.45058060E-03) (  0.00000000    ,  0.00000000    ) ( -1.16415322E-03, -1.62050128E-03)
   0.00000000      -2.00000000       1.00000000     (  1.64378434E-03,  8.98726285E-04) ( -7.24103302E-04,  2.37487257E-04) ( -1.44820660E-03,  4.74974513E-04)
   0.00000000      -1.00000000       0.00000000     (  5.64381480E-03,  1.84401870E-03) (  0.00000000    ,  0.00000000    ) (  1.40815973E-02,  4.39584255E-03)
   0.00000000      -1.00000000       1.00000000     ( -7.52508640E-03, -1.14738941E-02) ( -5.69969416E-03,  5.75557351E-03) ( -5.69969416E-03,  5.75557351E-03)
   0.00000000      -1.00000000       2.00000000     ( -1.92783773E-03, -3.26894224E-03) (  1.25262886E-03,  2.84053385E-03) (  6.26314431E-04,  1.42026693E-03)
   1.00000000       0.00000000       0.00000000     (  0.00000000    ,  0.00000000    ) ( -2.47359276E-02,  7.33882189E-03) (  1.49756670E-02, -4.45172191E-03)
   1.00000000       0.00000000       1.00000000     ( -1.51805580E-03, -1.93715096E-03) (  1.32713467E-03, -7.82310963E-03) (  1.51805580E-03,  1.93715096E-03)
   1.00000000       0.00000000       2.00000000     ( -4.22820449E-03, -1.66241080E-03) ( -9.63918865E-04,  2.89641321E-03) (  2.11410224E-03,  8.31205398E-04)
   1.00000000       1.00000000       0.00000000     (  1.19209290E-03,  6.65895641E-04) ( -1.19209290E-03, -6.65895641E-04) (  6.27711415E-03,  1.25914812E-02)
   1.00000000       1.00000000       1.00000000     ( -3.79979610E-03, -7.96280801E-04) (  1.49942935E-03,  4.33996320E-03) (  2.30967999E-03, -3.53902578E-03)
   1.00000000       1.00000000       2.00000000     ( -2.00234354E-03,  1.18277967E-03) (  2.95229256E-03,  1.50874257E-03) ( -4.74974513E-04, -1.34576112E-03)
   1.00000000       2.00000000       0.00000000     ( -1.10594556E-04,  1.22468919E-03) (  5.52972779E-05, -6.12344593E-04) ( -2.39349902E-03, -6.86850399E-04)
   1.00000000       2.00000000       1.00000000     (  3.22237611E-03,  4.95929271E-04) ( -1.20140612E-03, -2.85217538E-04) ( -8.19563866E-04,  7.50878826E-05)
   1.00000000      -2.00000000       0.00000000     ( -4.17931005E-04,  3.30619514E-04) ( -2.08965503E-04,  1.65309757E-04) ( -2.19792128E-03,  3.57627869E-03)
   1.00000000      -2.00000000       1.00000000     ( -8.52160156E-04, -1.37952156E-04) (  9.54605639E-04, -1.71712600E-04) (  2.75671482E-03, -2.06055120E-04)
   1.00000000      -1.00000000       0.00000000     (  5.17815351E-03,  1.32713467E-03) (  5.17815351E-03,  1.32713467E-03) ( -3.16649675E-03,  5.71832061E-03)
   1.00000000      -1.00000000       1.00000000     (  2.39815563E-04,  4.19095159E-03) ( -8.47503543E-04, -4.56348062E-03) ( -1.08499080E-03, -8.75443220E-03)
   1.00000000      -1.00000000       2.00000000     ( -5.43892384E-03, -1.56462193E-03) (  1.92783773E-03,  1.20606273E-03) (  3.68803740E-03,  1.38301402E-03)
   2.00000000       0.00000000       0.00000000     (  0.00000000    ,  0.00000000    ) ( -2.58907676E-03,  3.94880772E-03) (  5.72763383E-04, -2.97091901E-03)
   2.00000000       0.00000000       1.00000000     ( -1.19674951E-03,  1.18277967E-03) ( -2.45869160E-03, -3.93018126E-03) (  2.39349902E-03, -2.36555934E-03)
   2.00000000       1.00000000       0.00000000     ( -1.07102096E-03, -1.43889338E-03) (  2.14204192E-03,  2.87778676E-03) (  3.50410119E-04,  3.76254320E-03)
   2.00000000       1.00000000       1.00000000     ( -7.68341124E-04,  3.99304554E-04) ( -2.88709998E-04,  1.20140612E-03) (  1.82539225E-03, -2.00234354E-03)
   2.00000000      -1.00000000       0.00000000     ( -2.89641321E-03, -1.28988177E-03) ( -5.79282641E-03, -2.57976353E-03) (  1.49477273E-03,  6.18398190E-03)
   2.00000000      -1.00000000       1.00000000     (  2.28174031E-03, -1.12690032E-03) ( -1.42958015E-03,  6.51925802E-04) ( -5.99771738E-03,  2.90572643E-03)
