   0.00000000       0.00000000      -2.00000000     (  8.27014446E-03,  2.18860805E-03) ( -1.21071935E-02,  6.37024641E-03) (  0.00000000    ,  0.00000000    )
   0.00000000       0.00000000      -1.00000000     (  5.54136932E-04,  1.08405948E-02) (  2.22772360E-02, -3.59490514E-03) (  0.00000000    ,  0.00000000    )
   0.00000000       1.00000000      -2.00000000     ( -1.77882612E-03,  3.37138772E-03) (  1.57859176E-03, -2.53319740E-03) (  7.89295882E-04, -1.26659870E-03)
   0.00000000       1.00000000      -1.00000000     ( -7.30156898E-03,  1.16601586E-02) ( -5.86733222E-03, -5.62518835E-03) ( -5.86733222E-03, -5.62518835E-03)
   0.00000000       2.00000000      -1.00000000     (  1.14087015E-03, -1.22468919E-03) ( -7.84639269E-04, -2.33994797E-04) ( -1.56927854E-03, -4.67989594E-04)
   0.00000000      -2.00000000      -1.00000000     ( -1.02445483E-03,  4.93600965E-03) ( -1.66706741E-03, -1.67172402E-03) (  3.33413482E-03,  3.34344804E-03)
   0.00000000      -1.00000000      -2.00000000     (  6.09084964E-03,  5.25265932E-03) ( -2.67289579E-03, -2.59838998E-03) (  1.33644789E-03,  1.29919499E-03)
   0.00000000      -1.00000000      -1.00000000     ( -3.19443643E-03,  1.42026693E-03) (  4.07919288E-03,  1.26194209E-03) ( -4.07919288E-03, -1.26194209E-03)
   1.00000000       0.00000000      -2.00000000     ( -2.01165676E-03, -1.30850822E-03) (  7.28759915E-04,  6.96629286E-03) ( -1.00582838E-03, -6.54254109E-04)
   1.00000000       0.00000000      -1.00000000     (  9.46223736E-03, -5.58793545E-03) ( -4.06056643E-03,  2.74181366E-02) (  9.46223736E-03, -5.58793545E-03)
   1.00000000       1.00000000      -2.00000000     (  2.26311386E-03,  3.07336450E-03) ( -6.29574060E-03, -1.88592821E-04) ( -2.01165676E-03,  1.43889338E-03)
   1.00000000       1.00000000      -1.00000000     (  1.79745257E-03,  8.49366188E-03) ( -2.03959644E-03, -5.73694706E-03) ( -2.49128789E-04,  2.75671482E-03)
   1.00000000       2.00000000      -1.00000000     (  2.92435288E-03,  6.37955964E-04) ( -6.23986125E-04, -1.05064828E-04) (  1.68103725E-03,  4.28408384E-04)
   1.00000000      -2.00000000      -1.00000000     (  3.71364877E-04,  8.66129994E-04) ( -1.19325705E-04,  6.11180440E-06) (  6.10016286E-04,  8.52160156E-04)
   1.00000000      -1.00000000      -2.00000000     ( -1.47148967E-03, -5.06639481E-03) ( -1.03842467E-03,  4.15369868E-03) ( -2.17696652E-04, -4.61935997E-03)
   1.00000000      -1.00000000      -1.00000000     ( -1.57393515E-03,  4.95929271E-04) ( -1.82539225E-03, -4.19095159E-03) (  2.50292942E-04,  4.67523932E-03)
   2.00000000       0.00000000      -1.00000000     ( -1.89058483E-03,  1.65164238E-05) ( -2.98954546E-03, -7.05476850E-04) ( -3.78116965E-03,  3.30328476E-05)
   2.00000000       1.00000000      -1.00000000     (  1.14552677E-03,  7.07805157E-04) ( -4.19095159E-03, -2.57976353E-03) ( -1.89989805E-03, -1.16415322E-03)
   2.00000000      -1.00000000      -1.00000000     (  1.10827386E-03, -6.79865479E-04) (  1.97440386E-03,  1.12224370E-03) (  2.43308023E-04, -2.47731805E-03)
