   0.00000000       0.00000000       1.00000000     (  1.66893005E-02, -2.40746886E-03) (  3.66568565E-02, -1.88499689E-02) (  0.00000000    ,  0.00000000    )
   0.00000000       0.00000000       2.00000000     (  1.13621354E-03, -1.76951289E-03) ( -1.56462193E-03,  1.74622983E-04) (  0.00000000    ,  0.00000000    )
   0.00000000       1.00000000       0.00000000     ( -9.66712832E-03, -2.56113708E-03) (  0.00000000    ,  0.00000000    ) (  8.36327672E-03,  1.32992864E-02)
   0.00000000       1.00000000       1.00000000     (  8.36327672E-03,  1.04308128E-02) ( -1.81142241E-03, -2.43075192E-03) (  1.81142241E-03,  2.43075192E-03)
   0.00000000       1.00000000       2.00000000     ( -5.21540642E-04, -7.17118382E-04) ( -5.96046448E-04,  2.07219273E-04) (  2.98023224E-04, -1.03609636E-04)
   0.00000000       2.00000000       0.00000000     (  4.19095159E-04,  1.82539225E-03) (  0.00000000    ,  0.00000000    ) ( -2.34693289E-03,  1.08033419E-03)
   0.00000000       2.00000000       1.00000000     (  1.76951289E-03, -6.33299351E-04) ( -5.49480319E-04,  2.70665623E-05) (  1.09896064E-03, -5.41331246E-05)
   0.00000000      -2.00000000       0.00000000     (  4.19095159E-04, -1.82539225E-03) (  0.00000000    ,  0.00000000    ) ( -2.34693289E-03, -1.08033419E-03)
   0.00000000      -2.00000000       1.00000000     ( -8.00937414E-04, -2.74740160E-04) (  7.21774995E-05, -6.42612576E-04) (  1.44354999E-04, -1.28522515E-03)
   0.00000000      -1.00000000       0.00000000     ( -9.66712832E-03,  2.56113708E-03) (  0.00000000    ,  0.00000000    ) (  8.36327672E-03, -1.32992864E-02)
   0.00000000      -1.00000000       1.00000000     ( -3.36207449E-03, -3.01003456E-02) ( -6.74277544E-03,  2.16066837E-03) ( -6.74277544E-03,  2.16066837E-03)
   0.00000000      -1.00000000       2.00000000     (  9.87201929E-04, -2.91038305E-05) ( -2.28174031E-04, -6.33299351E-04) ( -1.14087015E-04, -3.16649675E-04)
   1.00000000       0.00000000       0.00000000     (  0.00000000    ,  0.00000000    ) ( -2.09361315E-02,  1.88499689E-02) (  2.29477882E-02,  9.31322575E-03)
   1.00000000       0.00000000       1.00000000     ( -2.98023224E-03, -6.72880560E-04) ( -2.30222940E-02, -1.07288361E-02) (  2.98023224E-03,  6.72880560E-04)
   1.00000000       0.00000000       2.00000000     ( -1.11758709E-03,  4.42378223E-04) (  7.54371285E-04,  8.38190317E-04) (  5.58793545E-04, -2.21189111E-04)
   1.00000000       1.00000000       0.00000000     (  7.24685378E-05,  2.32830644E-03) ( -7.24685378E-05, -2.32830644E-03) ( -9.33185220E-03,  1.16229057E-02)
   1.00000000       1.00000000       1.00000000     (  5.86733222E-04, -1.01281330E-04) ( -2.04890966E-03, -1.14087015E-04) (  1.47148967E-03,  2.14204192E-04)
   1.00000000       1.00000000       2.00000000     ( -2.16066837E-03,  9.08039510E-05) (  3.49245965E-04,  1.04308128E-03) (  9.03382897E-04, -5.68106771E-04)
   1.00000000       2.00000000       0.00000000     (  1.15483999E-03, -3.58559191E-04) ( -5.77419996E-04,  1.79279596E-04) ( -3.07336450E-04,  1.32247806E-03)
   1.00000000       2.00000000       1.00000000     (  3.53902578E-04,  5.77419996E-04) ( -6.79865479E-04,  1.30385160E-04) (  1.00582838E-03, -8.38190317E-04)
   1.00000000      -2.00000000       0.00000000     ( -1.08033419E-03, -4.30736691E-05) ( -5.40167093E-04, -2.15368345E-05) ( -9.77888703E-04, -1.43423676E-03)
   1.00000000      -2.00000000       1.00000000     ( -9.77888703E-04, -4.98257577E-04) ( -2.74740160E-04, -3.63215804E-04) (  4.28408384E-04, -2.25845724E-04)
   1.00000000      -1.00000000       0.00000000     ( -3.85334715E-04, -7.04079866E-03) ( -3.85334715E-04, -7.04079866E-03) ( -1.02445483E-02,  2.88337469E-02)
   1.00000000      -1.00000000       1.00000000     (  2.27242708E-03,  7.82310963E-04) ( -3.02679837E-04, -2.19792128E-03) ( -2.57045031E-03, -2.98023224E-03)
   1.00000000      -1.00000000       2.00000000     ( -1.54599547E-03,  1.15483999E-03) ( -1.03376806E-03,  1.01514161E-03) (  2.51457095E-04, -6.86850399E-05)
   2.00000000       0.00000000       0.00000000     (  0.00000000    ,  0.00000000    ) (  9.77888703E-04,  2.34693289E-03) ( -5.40167093E-04,  1.22934580E-03)
   2.00000000       0.00000000       1.00000000     (  1.11758709E-04, -3.95812094E-04) (  6.79865479E-04,  1.21071935E-03) ( -2.23517418E-04,  7.91624188E-04)
   2.00000000       1.00000000       0.00000000     (  4.14438546E-04,  7.91624188E-04) ( -8.28877091E-04, -1.58324838E-03) ( -1.11758709E-03,  1.99303031E-03)
   2.00000000       1.00000000       1.00000000     (  5.12227416E-04,  5.93718141E-05) ( -7.82310963E-04, -7.35744834E-04) ( -2.44472176E-04,  6.14672899E-04)
   2.00000000      -1.00000000       0.00000000     ( -3.44589353E-04,  2.07219273E-04) ( -6.89178705E-04,  4.14438546E-04) ( -8.47503543E-04, -1.88592821E-04)
   2.00000000      -1.00000000       1.00000000     ( -5.30853868E-04, -2.07219273E-04) ( -1.65775418E-03, -4.00468707E-04) ( -6.05359674E-04,  1.77533366E-05)
