   0.00000000       0.00000000      -2.00000000     (  3.25962901E-03,  4.07919288E-03) ( -2.43075192E-03, -2.98023224E-04) (  0.00000000    ,  0.00000000    )
   0.00000000       0.00000000      -1.00000000     (  2.56299973E-02, -1.11013651E-02) (  1.06170774E-02,  3.01748514E-02) (  0.00000000    ,  0.00000000    )
   0.00000000       1.00000000      -2.00000000     (  4.28408384E-04,  2.28174031E-03) (  6.03031367E-04,  1.72294676E-03) (  3.01515684E-04,  8.61473382E-04)
   0.00000000       1.00000000      -1.00000000     (  1.54227018E-02,  1.79558992E-02) (  1.46683306E-04,  1.53668225E-03) (  1.46683306E-04,  1.53668225E-03)
   0.00000000       2.00000000      -1.00000000     ( -8.00937414E-03, -2.05822289E-03) ( -1.37835741E-03, -1.14552677E-03) ( -2.75671482E-03, -2.29105353E-03)
   0.00000000      -2.00000000      -1.00000000     (  1.56462193E-03, -4.07919288E-03) ( -1.75088644E-03,  1.07102096E-03) (  3.50177288E-03, -2.14204192E-03)
   0.00000000      -1.00000000      -2.00000000     ( -4.82425094E-03, -1.20140612E-03) ( -2.01165676E-03, -8.23638402E-05) (  1.00582838E-03,  4.11819201E-05)
   0.00000000      -1.00000000      -1.00000000     (  4.78699803E-03,  5.08502126E-03) (  3.64147127E-03,  9.83476639E-03) ( -3.64147127E-03, -9.83476639E-03)
   1.00000000       0.00000000      -2.00000000     ( -9.87201929E-04,  3.78116965E-03) ( -3.31550837E-03,  5.19677997E-03) ( -4.93600965E-04,  1.89058483E-03)
   1.00000000       0.00000000      -1.00000000     (  4.25614417E-03,  1.79279596E-04) (  2.44937837E-03, -2.22586095E-03) (  4.25614417E-03,  1.79279596E-04)
   1.00000000       1.00000000      -2.00000000     ( -3.93018126E-03,  4.02797014E-04) (  3.83704901E-03, -3.76254320E-03) ( -4.80213203E-05, -1.67638063E-03)
   1.00000000       1.00000000      -1.00000000     ( -5.14090061E-03, -2.03028321E-03) (  4.41446900E-03,  6.19329512E-04) ( -7.40401447E-04, -1.40629709E-03)
   1.00000000       2.00000000      -1.00000000     ( -1.42492354E-03,  1.25728548E-03) ( -3.09664756E-04,  1.62981451E-03) ( -2.04890966E-03,  4.50760126E-03)
   1.00000000      -2.00000000      -1.00000000     ( -1.11758709E-04, -9.03382897E-04) (  1.21071935E-03, -1.71130523E-04) ( -2.53319740E-03, -5.58793545E-04)
   1.00000000      -1.00000000      -2.00000000     ( -1.28056854E-03, -2.43075192E-03) ( -1.40280463E-04, -1.92783773E-03) ( -5.70435077E-04, -2.50292942E-04)
   1.00000000      -1.00000000      -1.00000000     ( -1.40629709E-03,  3.81842256E-04) ( -3.22237611E-03,  5.40167093E-04) (  1.80676579E-03, -1.58324838E-04)
   2.00000000       0.00000000      -1.00000000     ( -1.36438757E-03, -7.07805157E-04) ( -4.58210707E-03,  9.40635800E-04) ( -2.72877514E-03, -1.41561031E-03)
   2.00000000       1.00000000      -1.00000000     ( -1.47847459E-04,  5.23868948E-04) (  8.56816769E-04, -1.59256160E-03) (  5.61121851E-04, -5.44823706E-04)
   2.00000000      -1.00000000      -1.00000000     (  1.35041773E-04, -1.05705112E-03) (  7.21774995E-04, -3.76254320E-03) ( -4.51691449E-04,  1.64844096E-03)
