   0.00000000       0.00000000      -2.00000000     (  1.86264515E-05,  1.86264515E-05) ( -1.86264515E-05, -2.32830644E-06) (  0.00000000    ,  0.00000000    )
   0.00000000       0.00000000      -1.00000000     (  1.59442425E-02,  5.10364771E-03) (  3.98606062E-02,  1.68383121E-02) (  0.00000000    ,  0.00000000    )
   0.00000000       1.00000000      -2.00000000     (  1.86264515E-05,  1.16415322E-06) (  1.16415322E-06,  9.31322575E-06) (  5.82076609E-07,  4.65661287E-06)
   0.00000000       1.00000000      -1.00000000     ( -4.79631126E-03,  3.06218863E-02) ( -8.02800059E-03, -2.30502337E-03) ( -8.02800059E-03, -2.30502337E-03)
   0.00000000       2.00000000      -1.00000000     ( -9.31322575E-06,  4.65661287E-06) ( -2.32830644E-06,  9.31322575E-06) ( -4.65661287E-06,  1.86264515E-05)
   0.00000000      -2.00000000      -1.00000000     (  3.72529030E-05,  9.31322575E-06) ( -9.31322575E-06,  2.32830644E-06) (  1.86264515E-05, -4.65661287E-06)
   0.00000000      -1.00000000      -2.00000000     ( -2.32830644E-06,  9.31322575E-06) ( -9.31322575E-06, -4.65661287E-06) (  4.65661287E-06,  2.32830644E-06)
   0.00000000      -1.00000000      -1.00000000     (  8.99657607E-03, -1.03190541E-02) ( -8.80099833E-04,  1.94646418E-03) (  8.80099833E-04, -1.94646418E-03)
   1.00000000       0.00000000      -2.00000000     ( -1.86264515E-05, -9.31322575E-06) ( -4.65661287E-06,  1.86264515E-05) ( -9.31322575E-06, -4.65661287E-06)
   1.00000000       0.00000000      -1.00000000     (  9.87201929E-03, -5.43892384E-03) ( -9.92789865E-03,  7.18981028E-03) (  9.87201929E-03, -5.43892384E-03)
   1.00000000       1.00000000      -2.00000000     ( -4.65661287E-06,  2.32830644E-06) (  4.65661287E-06, -1.86264515E-05) (  5.82076609E-07, -9.31322575E-06)
   1.00000000       1.00000000      -1.00000000     ( -3.72529030E-05,  3.72529030E-05) (  1.86264515E-05, -9.31322575E-06) ( -9.31322575E-06,  1.86264515E-05)
   1.00000000       2.00000000      -1.00000000     (  4.65661287E-06, -1.86264515E-05) ( -4.65661287E-06,  4.65661287E-06) ( -4.65661287E-06, -9.31322575E-06)
   1.00000000      -2.00000000      -1.00000000     (  1.86264515E-05,  2.32830644E-06) (  9.31322575E-06,  4.65661287E-06) ( -9.31322575E-06, -9.31322575E-06)
   1.00000000      -1.00000000      -2.00000000     (  9.31322575E-06, -1.86264515E-05) (  9.31322575E-06, -4.65661287E-06) (  2.32830644E-06, -4.65661287E-06)
   1.00000000      -1.00000000      -1.00000000     (  5.82076609E-07,  1.86264515E-05) ( -9.31322575E-06,  1.86264515E-05) (  1.86264515E-05,  4.65661287E-06)
   2.00000000       0.00000000      -1.00000000     ( -9.31322575E-06, -4.65661287E-06) (  1.86264515E-05, -1.86264515E-05) ( -1.86264515E-05, -9.31322575E-06)
   2.00000000       1.00000000      -1.00000000     (  9.31322575E-06,  4.65661287E-06) ( -9.31322575E-06,  1.86264515E-05) (  9.31322575E-06,  3.72529030E-05)
   2.00000000      -1.00000000      -1.00000000     (  9.31322575E-06,  2.32830644E-06) (  9.31322575E-06, -9.31322575E-06) (  4.65661287E-06,  9.31322575E-06)
