   0.00000000       0.00000000      -2.00000000     ( -3.49245965E-04, -2.94297934E-03) (  2.34693289E-03, -1.05239451E-03) (  0.00000000    ,  0.00000000    )
   0.00000000       0.00000000      -1.00000000     (  2.63005495E-02, -5.36441803E-03) (  3.25590372E-02,  3.18884850E-02) (  0.00000000    ,  0.00000000    )
   0.00000000       1.00000000      -2.00000000     (  2.67755240E-05, -4.05125320E-04) (  2.91038305E-04, -9.77888703E-04) (  1.45519152E-04, -4.88944352E-04)
   0.00000000       1.00000000      -1.00000000     (  4.66592610E-03,  3.14414501E-02) ( -2.27242708E-03, -3.31550837E-03) ( -2.27242708E-03, -3.31550837E-03)
   0.00000000       2.00000000      -1.00000000     (  3.87430191E-03,  5.16884029E-04) (  6.37955964E-04,  2.88709998E-04) (  1.27591193E-03,  5.77419996E-04)
   0.00000000      -2.00000000      -1.00000000     ( -1.35041773E-03,  6.14672899E-04) (  1.02445483E-03,  4.47034836E-04) ( -2.04890966E-03, -8.94069672E-04)
   0.00000000      -1.00000000      -2.00000000     (  2.23517418E-03, -1.21071935E-04) (  1.05239451E-03,  6.93835318E-04) ( -5.26197255E-04, -3.46917659E-04)
   0.00000000      -1.00000000      -1.00000000     (  8.40052962E-03, -7.43195415E-03) ( -2.59838998E-03,  8.43778253E-03) (  2.59838998E-03, -8.43778253E-03)
   1.00000000       0.00000000      -2.00000000     (  1.26659870E-03, -8.56816769E-04) (  1.51805580E-03, -1.03376806E-03) (  6.33299351E-04, -4.28408384E-04)
   1.00000000       0.00000000      -1.00000000     (  1.00024045E-02, -4.36790287E-03) ( -1.03376806E-02, -3.05473804E-03) (  1.00024045E-02, -4.36790287E-03)
   1.00000000       1.00000000      -2.00000000     (  1.28522515E-03,  2.98023224E-04) ( -3.55066732E-05,  1.80676579E-03) (  6.23986125E-04,  1.05239451E-03)
   1.00000000       1.00000000      -1.00000000     (  8.84756446E-04, -2.72411853E-04) ( -2.16066837E-03, -1.22003257E-03) ( -1.26659870E-03, -1.49011612E-03)
   1.00000000       2.00000000      -1.00000000     ( -6.63567334E-05, -1.22934580E-03) (  5.21540642E-04,  3.84170562E-04) (  9.68575478E-04, -4.61004674E-04)
   1.00000000      -2.00000000      -1.00000000     ( -1.80676579E-03, -7.54371285E-04) ( -1.17346644E-03, -1.20140612E-03) (  5.49480319E-04,  1.65775418E-03)
   1.00000000      -1.00000000      -2.00000000     ( -8.10250640E-04,  1.30385160E-03) ( -7.07805157E-04, -7.10133463E-05) ( -5.00585884E-05,  6.84522092E-04)
   1.00000000      -1.00000000      -1.00000000     (  7.31088221E-04, -1.69500709E-03) (  2.12341547E-03, -5.49480319E-04) ( -1.38767064E-03, -1.14552677E-03)
   2.00000000       0.00000000      -1.00000000     (  8.47503543E-04,  1.94413587E-04) (  1.37370080E-04, -2.65426934E-04) (  1.69500709E-03,  3.88827175E-04)
   2.00000000       1.00000000      -1.00000000     (  8.94069672E-04,  3.39932740E-04) ( -1.44354999E-03,  7.77654350E-04) (  3.32947820E-04,  1.46217644E-03)
   2.00000000      -1.00000000      -1.00000000     ( -5.99538907E-05, -3.32947820E-04) ( -1.33179128E-03,  1.13621354E-03) (  1.22003257E-03, -1.80676579E-03)
