   0.00000000       0.00000000      -2.00000000     (  8.84756446E-04,  2.57045031E-03) ( -1.91852450E-03,  4.88944352E-04) (  0.00000000    ,  0.00000000    )
   0.00000000       0.00000000      -1.00000000     (  2.80141830E-02, -1.00769103E-02) (  1.99675560E-02,  3.43471766E-02) (  0.00000000    ,  0.00000000    )
   0.00000000       1.00000000      -2.00000000     ( -1.03609636E-04,  8.19563866E-04) (  5.77419996E-04,  1.32247806E-03) (  2.88709998E-04,  6.61239028E-04)
   0.00000000       1.00000000      -1.00000000     (  1.45658851E-02,  2.29477882E-02) (  9.98843461E-04, -1.90339051E-04) (  9.98843461E-04, -1.90339051E-04)
   0.00000000       2.00000000      -1.00000000     ( -4.65661287E-03, -1.08964741E-03) ( -9.49949026E-04, -6.89178705E-04) ( -1.89989805E-03, -1.37835741E-03)
   0.00000000      -2.00000000      -1.00000000     (  1.01514161E-03, -2.06753612E-03) ( -8.28877091E-04,  2.81725079E-04) (  1.65775418E-03, -5.63450158E-04)
   0.00000000      -1.00000000      -2.00000000     ( -2.62632966E-03, -9.68575478E-04) ( -6.05359674E-04, -2.16532499E-04) (  3.02679837E-04,  1.08266249E-04)
   0.00000000      -1.00000000      -1.00000000     (  7.43195415E-03,  1.74622983E-03) (  8.89413059E-04,  1.11386180E-02) ( -8.89413059E-04, -1.11386180E-02)
   1.00000000       0.00000000      -2.00000000     ( -1.27591193E-03,  1.75088644E-03) ( -1.56462193E-03,  2.23517418E-03) ( -6.37955964E-04,  8.75443220E-04)
   1.00000000       0.00000000      -1.00000000     (  6.87316060E-03, -8.59145075E-04) ( -3.52039933E-03, -3.24100256E-03) (  6.87316060E-03, -8.59145075E-04)
   1.00000000       1.00000000      -2.00000000     ( -1.97440386E-03,  1.01514161E-03) (  1.05239451E-03, -2.14204192E-03) ( -4.61004674E-04, -5.63450158E-04)
   1.00000000       1.00000000      -1.00000000     ( -1.82539225E-03, -5.21540642E-04) (  1.86264515E-03,  6.37955964E-04) (  3.72529030E-05,  1.15251169E-04)
   1.00000000       2.00000000      -1.00000000     (  1.68802217E-05,  6.75208867E-04) ( -4.74974513E-04,  8.19563866E-04) ( -9.31322575E-04,  2.30967999E-03)
   1.00000000      -2.00000000      -1.00000000     (  5.63450158E-04, -6.51925802E-05) (  8.47503543E-04,  6.89178705E-04) ( -1.14552677E-03, -1.43423676E-03)
   1.00000000      -1.00000000      -2.00000000     ( -2.46800482E-04, -1.39698386E-03) ( -6.33299351E-04, -8.00937414E-04) (  1.93249434E-04, -3.00351530E-04)
   1.00000000      -1.00000000      -1.00000000     ( -7.82310963E-04,  5.54136932E-04) ( -1.60187483E-03,  2.86381692E-04) (  8.19563866E-04,  2.70083547E-04)
   2.00000000       0.00000000      -1.00000000     ( -6.98491931E-04, -4.05125320E-04) ( -8.47503543E-04,  1.14087015E-04) ( -1.39698386E-03, -8.10250640E-04)
   2.00000000       1.00000000      -1.00000000     ( -4.37721610E-04, -1.93249434E-04) (  8.75443220E-04, -5.96046448E-04) (  5.89352567E-06, -9.87201929E-04)
   2.00000000      -1.00000000      -1.00000000     ( -2.32830644E-04,  2.16823537E-05) (  2.21189111E-04, -1.63912773E-03) ( -6.84522092E-04,  1.69500709E-03)
