   0.00000000       0.00000000      -2.00000000     (  1.12690032E-03,  2.58907676E-03) ( -2.06753612E-03,  1.01281330E-04) (  0.00000000    ,  0.00000000    )
   0.00000000       0.00000000      -1.00000000     (  1.81794167E-02, -1.35332812E-04) (  3.37511301E-02,  2.14576721E-02) (  0.00000000    ,  0.00000000    )
   0.00000000       1.00000000      -2.00000000     (  1.03376806E-03, -1.41153578E-05) ( -7.72997737E-04,  8.28877091E-04) ( -3.86498868E-04,  4.14438546E-04)
   0.00000000       1.00000000      -1.00000000     ( -1.64844096E-03,  2.95042992E-02) ( -5.28991222E-03, -2.57976353E-03) ( -5.28991222E-03, -2.57976353E-03)
   0.00000000       2.00000000      -1.00000000     ( -1.88127160E-03,  2.02562660E-04) (  1.19907781E-04,  6.14672899E-04) (  2.39815563E-04,  1.22934580E-03)
   0.00000000      -2.00000000      -1.00000000     (  1.95577741E-03,  8.38190317E-04) ( -7.26431608E-04, -2.72411853E-04) (  1.45286322E-03,  5.44823706E-04)
   0.00000000      -1.00000000      -2.00000000     ( -1.10827386E-03,  8.38190317E-04) ( -9.49949026E-04, -2.39815563E-04) (  4.74974513E-04,  1.19907781E-04)
   0.00000000      -1.00000000      -1.00000000     (  7.76723027E-03, -9.87201929E-03) ( -2.45869160E-03,  3.48314643E-03) (  2.45869160E-03, -3.48314643E-03)
   1.00000000       0.00000000      -2.00000000     ( -9.49949026E-04,  1.32713467E-04) ( -1.10827386E-03,  1.03376806E-03) ( -4.74974513E-04,  6.63567334E-05)
   1.00000000       0.00000000      -1.00000000     (  8.71717930E-03, -4.86150384E-03) ( -9.51811671E-03,  1.60071068E-04) (  8.71717930E-03, -4.86150384E-03)
   1.00000000       1.00000000      -2.00000000     ( -7.54371285E-04, -3.09664756E-04) (  8.47503543E-04, -2.17929482E-03) (  4.65661287E-05, -1.24797225E-03)
   1.00000000       1.00000000      -1.00000000     ( -1.62050128E-03,  1.22934580E-03) (  2.38418579E-03,  6.05359674E-04) (  7.72997737E-04,  1.82539225E-03)
   1.00000000       2.00000000      -1.00000000     (  4.09781933E-04,  1.38534233E-04) ( -6.98491931E-04, -6.61239028E-04) ( -9.87201929E-04, -1.18277967E-03)
   1.00000000      -2.00000000      -1.00000000     (  1.63912773E-03,  5.40167093E-04) (  1.02445483E-03,  6.28642738E-04) ( -4.09781933E-04, -7.17118382E-04)
   1.00000000      -1.00000000      -2.00000000     (  8.47503543E-04, -8.47503543E-04) (  1.27591193E-03, -5.82076609E-04) ( -2.14204192E-04, -1.33877620E-04)
   1.00000000      -1.00000000      -1.00000000     ( -9.42964107E-05,  1.86264515E-03) ( -1.41561031E-03,  9.12696123E-04) (  1.32247806E-03,  9.59262252E-04)
   2.00000000       0.00000000      -1.00000000     ( -5.07570803E-04, -3.05008143E-04) (  3.30619514E-04, -1.73458830E-04) ( -1.01514161E-03, -6.10016286E-04)
   2.00000000       1.00000000      -1.00000000     (  1.50175765E-04,  2.58442014E-04) ( -6.05359674E-05,  1.32713467E-04) (  2.39815563E-04,  6.47269189E-04)
   2.00000000      -1.00000000      -1.00000000     (  3.30619514E-04,  7.21774995E-05) (  1.35041773E-03, -1.21071935E-03) ( -6.89178705E-04,  1.35041773E-03)
