   0.00000000       0.00000000      -2.00000000     ( -2.60770321E-04, -2.57045031E-03) (  2.04890966E-03, -9.49949026E-04) (  0.00000000    ,  0.00000000    )
   0.00000000       0.00000000      -1.00000000     (  2.72691250E-02, -6.59376383E-03) (  3.03238630E-02,  3.33040953E-02) (  0.00000000    ,  0.00000000    )
   0.00000000       1.00000000      -2.00000000     (  2.77068466E-04, -4.88944352E-04) ( -3.69618647E-05, -9.68575478E-04) ( -1.84809323E-05, -4.84287739E-04)
   0.00000000       1.00000000      -1.00000000     (  6.98491931E-03,  3.00258398E-02) ( -1.27125531E-03, -2.83122063E-03) ( -1.27125531E-03, -2.83122063E-03)
   0.00000000       2.00000000      -1.00000000     (  3.68803740E-03,  5.54136932E-04) (  6.98491931E-04,  4.42378223E-04) (  1.39698386E-03,  8.84756446E-04)
   0.00000000      -2.00000000      -1.00000000     ( -1.06170774E-03,  9.31322575E-04) (  8.75443220E-04,  2.67755240E-04) ( -1.75088644E-03, -5.35510480E-04)
   0.00000000      -1.00000000      -2.00000000     (  2.16066837E-03,  1.55996531E-04) (  7.91624188E-04,  5.72763383E-04) ( -3.95812094E-04, -2.86381692E-04)
   0.00000000      -1.00000000      -1.00000000     (  8.41915607E-03, -5.69038093E-03) ( -2.10013241E-03,  9.51811671E-03) (  2.10013241E-03, -9.51811671E-03)
   1.00000000       0.00000000      -2.00000000     (  1.22003257E-03, -9.40635800E-04) (  1.28522515E-03, -1.11758709E-03) (  6.10016286E-04, -4.70317900E-04)
   1.00000000       0.00000000      -1.00000000     (  9.61124897E-03, -3.76254320E-03) ( -9.61124897E-03, -3.25962901E-03) (  9.61124897E-03, -3.76254320E-03)
   1.00000000       1.00000000      -2.00000000     (  1.31316483E-03, -4.59840521E-05) (  5.89352567E-06,  1.56462193E-03) (  6.61239028E-04,  7.54371285E-04)
   1.00000000       1.00000000      -1.00000000     (  8.10250640E-04, -9.08039510E-05) ( -1.75088644E-03, -9.68575478E-04) ( -9.31322575E-04, -1.06170774E-03)
   1.00000000       2.00000000      -1.00000000     ( -8.96397978E-05, -9.12696123E-04) (  4.56348062E-04, -1.32422429E-05) (  8.19563866E-04, -9.40635800E-04)
   1.00000000      -2.00000000      -1.00000000     ( -1.43423676E-03, -4.84287739E-04) ( -9.87201929E-04, -1.06170774E-03) (  5.49480319E-04,  1.63912773E-03)
   1.00000000      -1.00000000      -2.00000000     ( -5.54136932E-04,  1.22934580E-03) ( -1.50175765E-04,  5.20230969E-06) ( -2.00234354E-04,  6.10016286E-04)
   1.00000000      -1.00000000      -1.00000000     (  7.26431608E-04, -1.28522515E-03) (  1.80676579E-03, -4.09781933E-04) ( -1.07102096E-03, -8.75443220E-04)
   2.00000000       0.00000000      -1.00000000     (  7.54371285E-04,  2.02562660E-04) (  1.17579475E-04, -2.14204192E-04) (  1.50874257E-03,  4.05125320E-04)
   2.00000000       1.00000000      -1.00000000     (  8.19563866E-04,  3.44589353E-04) ( -1.33179128E-03,  7.07805157E-04) (  2.95694917E-04,  1.39698386E-03)
   2.00000000      -1.00000000      -1.00000000     (  3.60887498E-05, -3.58559191E-04) ( -9.40635800E-04,  9.49949026E-04) (  1.01514161E-03, -1.67638063E-03)
