    0.000000        0.000000        1.000000      (2.1308661E-02,1.1734664E-02)
   (-8.3819032E-03,-1.6763806E-02)  (0.000000,0.000000)
    0.000000        0.000000        2.000000      
 (7.1525574E-03,-1.6251579E-03)  (6.1094761E-03,4.7031790E-03)  
 (0.000000,0.000000)
    0.000000        1.000000        0.000000      (1.1967495E-03,8.7171793E-03)
   (0.000000,0.000000)  (3.5576522E-03,-2.4773180E-03)
    0.000000        1.000000        1.000000      (4.2654574E-03,2.4028122E-03)
   (6.2584877E-03,-4.7311187E-03)  (-6.2584877E-03,4.7311187E-03)
    0.000000        1.000000        2.000000      
 (-8.2328916E-03,-2.5331974E-03)  (-5.3923577E-03,-1.2479722E-03)  
 (2.6961789E-03,6.2398612E-04)
    0.000000        2.000000        0.000000      
 (-3.4458935E-03,-1.0360964E-03)  (0.000000,0.000000)  
 (-1.0710210E-03,3.0640513E-03)
    0.000000        2.000000        1.000000      
 (1.0561198E-02,-3.1106174E-03)  (-2.6542693E-04,-2.0023435E-03)  
 (5.3085387E-04,4.0046871E-03)
    0.000000       -2.000000        0.000000      
 (-3.4458935E-03,1.0360964E-03)  (0.000000,0.000000)  
 (-1.0710210E-03,-3.0640513E-03)
    0.000000       -2.000000        1.000000      
 (-1.2852252E-02,-1.1436641E-02)  (-3.9115548E-03,1.1315569E-03)  
 (-7.8231096E-03,2.2631139E-03)
    0.000000       -1.000000        0.000000      
 (1.1967495E-03,-8.7171793E-03)  (0.000000,0.000000)  
 (3.5576522E-03,2.4773180E-03)
    0.000000       -1.000000        1.000000      
 (6.3888729E-03,-6.2398612E-03)  (-1.9744039E-03,-4.3772161E-03)  
 (-1.9744039E-03,-4.3772161E-03)
    0.000000       -1.000000        2.000000      
 (-1.3485551E-02,2.1560118E-03)  (-2.4354085E-03,1.5739352E-03)  
 (-1.2177043E-03,7.8696758E-04)
    1.000000        0.000000        0.000000      (0.000000,0.000000)  
 (-2.5406480E-02,4.9546361E-03)  (1.7508864E-02,1.7806888E-02)
    1.000000        0.000000        1.000000      
 (-1.9837171E-03,-3.3713877E-03)  (-1.9297004E-02,1.4454126E-02)  
 (1.9837171E-03,3.3713877E-03)
    1.000000        0.000000        2.000000      (6.9616362E-04,1.4342368E-03)
   (4.7404319E-03,1.0523945E-02)  (-3.4808181E-04,-7.1711838E-04)
    1.000000        1.000000        0.000000      
 (3.5762787E-03,-1.4854595E-03)  (-3.5762787E-03,1.4854595E-03)  
 (-2.5425106E-03,2.2351742E-03)
    1.000000        1.000000        1.000000      (8.6380169E-04,4.1536987E-03)
   (-2.2538006E-03,-3.0081719E-03)  (1.3899989E-03,-1.1431985E-03)
    1.000000        1.000000        2.000000      
 (-4.0978193E-03,1.0221265E-03)  (-4.0396117E-04,-5.4761767E-03)  
 (2.2491440E-03,2.2258610E-03)
    1.000000        2.000000        0.000000      (2.4354085E-03,2.2444874E-03)
   (-1.2177043E-03,-1.1222437E-03)  (3.9394945E-03,9.0338290E-03)
    1.000000        2.000000        1.000000      (3.7252903E-03,3.5669655E-03)
   (-1.9604340E-03,3.5273843E-04)  (1.9441359E-04,-4.2654574E-03)
    1.000000       -2.000000        0.000000      (7.9395249E-04,7.7113509E-03)
   (3.9697625E-04,3.8556755E-03)  (-6.2771142E-03,-1.0547228E-03)
    1.000000       -2.000000        1.000000      
 (-2.1560118E-03,-2.5378540E-04)  (-2.6833732E-04,5.9808372E-05)  
 (1.6158447E-03,3.7369318E-04)
    1.000000       -1.000000        0.000000      
 (-1.7136335E-03,4.6798959E-04)  (-1.7136335E-03,4.6798959E-04)  
 (-5.4016709E-03,3.5949051E-03)
    1.000000       -1.000000        1.000000      (1.4118850E-02,9.8370947E-05)
   (4.7031790E-03,1.2805685E-03)  (-9.4063580E-03,1.1827797E-03)
    1.000000       -1.000000        2.000000      
 (-3.2410026E-03,-8.6874934E-05)  (-6.5006316E-03,-4.3027103E-03)  
 (-1.6298145E-03,-2.1094456E-03)
    2.000000        0.000000        0.000000      (0.000000,0.000000)  
 (1.3075769E-02,-4.3120235E-03)  (-5.3318217E-04,1.5366822E-03)
    2.000000        0.000000        1.000000      
 (-3.2875687E-03,5.1409006E-03)  (4.5169145E-03,1.0114163E-02)  
 (6.5751374E-03,-1.0281801E-02)
    2.000000        1.000000        0.000000      
 (-1.9371510E-03,-2.7008355E-03)  (3.8743019E-03,5.4016709E-03)  
 (-7.4878335E-03,3.6042184E-03)
    2.000000        1.000000        1.000000      (3.3900142E-03,4.7869980E-03)
   (-4.8801303E-03,-1.3709068E-02)  (-1.8998981E-03,4.1350722E-03)
    2.000000       -1.000000        0.000000      
 (-2.7241185E-03,-3.3155084E-03)  (-5.4482371E-03,-6.6310167E-03)  
 (1.8812716E-03,4.2561442E-03)
    2.000000       -1.000000        1.000000      
 (-4.7776848E-03,2.4680048E-03)  (-4.1630119E-03,6.4447522E-03)  
 (5.3923577E-03,1.5133992E-03)
