   0.00000000       0.00000000       1.00000000     (  2.76416540E-02,  1.08033419E-02) (  1.65402889E-02, -3.34531069E-02) (  0.00000000    ,  0.00000000    )
   0.00000000       0.00000000       2.00000000     (  1.40629709E-03, -2.90572643E-03) ( -2.04890966E-03, -2.98023224E-04) (  0.00000000    ,  0.00000000    )
   0.00000000       1.00000000       0.00000000     ( -1.32992864E-02,  5.56930900E-03) (  0.00000000    ,  0.00000000    ) (  2.90572643E-03,  5.97909093E-03)
   0.00000000       1.00000000       1.00000000     (  6.59376383E-03, -3.59490514E-03) (  1.98837370E-03, -1.09523535E-02) ( -1.98837370E-03,  1.09523535E-02)
   0.00000000       1.00000000       2.00000000     ( -3.09199095E-03,  1.14552677E-03) ( -8.38190317E-04,  1.50175765E-04) (  4.19095159E-04, -7.50878826E-05)
   0.00000000       2.00000000       0.00000000     ( -2.14204192E-03, -7.07805157E-04) (  0.00000000    ,  0.00000000    ) ( -2.06753612E-03,  1.12690032E-03)
   0.00000000       2.00000000       1.00000000     (  1.14552677E-03,  2.60770321E-03) ( -1.01514161E-03, -4.88944352E-04) (  2.03028321E-03,  9.77888703E-04)
   0.00000000      -2.00000000       0.00000000     ( -2.14204192E-03,  7.07805157E-04) (  0.00000000    ,  0.00000000    ) ( -2.06753612E-03, -1.12690032E-03)
   0.00000000      -2.00000000       1.00000000     ( -5.47617674E-03,  1.44354999E-03) ( -1.07102096E-03,  7.86967576E-04) ( -2.14204192E-03,  1.57393515E-03)
   0.00000000      -1.00000000       0.00000000     ( -1.32992864E-02, -5.56930900E-03) (  0.00000000    ,  0.00000000    ) (  2.90572643E-03, -5.97909093E-03)
   0.00000000      -1.00000000       1.00000000     (  1.57207251E-02, -2.10106373E-02) (  9.63918865E-04, -6.03031367E-04) (  9.63918865E-04, -6.03031367E-04)
   0.00000000      -1.00000000       2.00000000     (  1.10594556E-04, -1.15483999E-03) (  6.05359674E-04, -1.51805580E-03) (  3.02679837E-04, -7.59027898E-04)
   1.00000000       0.00000000       0.00000000     (  0.00000000    ,  0.00000000    ) ( -1.42678618E-02,  9.51811671E-03) (  3.26335430E-02,  2.74926424E-02)
   1.00000000       0.00000000       1.00000000     (  5.38304448E-03, -2.51922756E-03) ( -3.39746475E-02,  1.37835741E-02) ( -5.38304448E-03,  2.51922756E-03)
   1.00000000       0.00000000       2.00000000     (  8.94069672E-04,  1.62981451E-03) (  4.09781933E-03,  1.82539225E-03) ( -4.47034836E-04, -8.14907253E-04)
   1.00000000       1.00000000       0.00000000     (  6.42612576E-03,  6.55651093E-03) ( -6.42612576E-03, -6.55651093E-03) ( -9.98377800E-03,  8.88481736E-03)
   1.00000000       1.00000000       1.00000000     ( -8.24220479E-04, -1.44354999E-03) ( -9.08039510E-05,  3.11993062E-04) (  9.12696123E-04,  1.13621354E-03)
   1.00000000       1.00000000       2.00000000     ( -1.31549314E-04, -7.40401447E-04) ( -1.69500709E-03,  2.42143869E-04) (  9.12696123E-04,  2.49128789E-04)
   1.00000000       2.00000000       0.00000000     ( -1.04308128E-03,  2.94297934E-03) (  5.21540642E-04, -1.47148967E-03) (  3.51574272E-04,  1.12922862E-04)
   1.00000000       2.00000000       1.00000000     (  2.84984708E-03,  3.18977982E-04) ( -2.51457095E-03, -9.03382897E-04) (  2.16066837E-03,  1.49942935E-03)
   1.00000000      -2.00000000       0.00000000     (  1.37370080E-04, -1.61118805E-03) (  6.86850399E-05, -8.05594027E-04) ( -1.12690032E-03,  8.56816769E-04)
   1.00000000      -2.00000000       1.00000000     ( -3.07336450E-04,  2.01165676E-03) ( -5.96046448E-04,  1.93715096E-03) ( -8.84756446E-04,  1.86264515E-03)
   1.00000000      -1.00000000       0.00000000     ( -4.99188900E-03, -1.51991844E-02) ( -4.99188900E-03, -1.51991844E-02) ( -9.25734639E-03,  1.00769103E-02)
   1.00000000      -1.00000000       1.00000000     (  9.12696123E-04,  1.15483999E-03) ( -1.59256160E-03, -9.31322575E-04) ( -2.49594450E-03, -2.08616257E-03)
   1.00000000      -1.00000000       2.00000000     (  5.68106771E-04,  1.49942935E-03) (  1.02445483E-03,  1.35973096E-03) (  2.28174031E-04, -7.10133463E-05)
   2.00000000       0.00000000       0.00000000     (  0.00000000    ,  0.00000000    ) (  3.20374966E-03,  2.67755240E-05) ( -2.10478902E-03, -8.44011083E-05)
   2.00000000       0.00000000       1.00000000     ( -1.86264515E-05, -1.18277967E-03) (  4.28408384E-04,  2.19792128E-03) (  3.72529030E-05,  2.36555934E-03)
   2.00000000       1.00000000       0.00000000     ( -1.37835741E-03,  7.79982656E-05) (  2.75671482E-03, -1.55996531E-04) (  1.07102096E-04, -3.39001417E-03)
   2.00000000       1.00000000       1.00000000     ( -3.23634595E-04,  8.28877091E-04) (  5.77419996E-04, -2.12341547E-03) (  6.75208867E-05,  4.74974513E-04)
   2.00000000      -1.00000000       0.00000000     (  3.25962901E-04,  1.11758709E-03) (  6.51925802E-04,  2.23517418E-03) ( -1.22236088E-04,  1.21071935E-03)
   2.00000000      -1.00000000       1.00000000     ( -1.61118805E-03,  2.23517418E-04) ( -1.46217644E-03, -1.75787136E-04) (  1.75088644E-03, -6.23986125E-04)
