   0.00000000       0.00000000      -2.00000000     (  3.18512321E-03,  4.06056643E-03) ( -2.43075192E-03, -2.70083547E-04) (  0.00000000    ,  0.00000000    )
   0.00000000       0.00000000      -1.00000000     (  2.58535147E-02, -1.11386180E-02) (  1.08405948E-02,  3.03983688E-02) (  0.00000000    ,  0.00000000    )
   0.00000000       1.00000000      -2.00000000     (  4.26080078E-04,  2.24448740E-03) (  6.05359674E-04,  1.74157321E-03) (  3.02679837E-04,  8.70786607E-04)
   0.00000000       1.00000000      -1.00000000     (  1.54972076E-02,  1.81421638E-02) (  1.84518285E-04,  1.52271241E-03) (  1.84518285E-04,  1.52271241E-03)
   0.00000000       2.00000000      -1.00000000     ( -7.93486834E-03, -2.04890966E-03) ( -1.37835741E-03, -1.13155693E-03) ( -2.75671482E-03, -2.26311386E-03)
   0.00000000      -2.00000000      -1.00000000     (  1.54599547E-03, -4.04193997E-03) ( -1.72294676E-03,  1.04773790E-03) (  3.44589353E-03, -2.09547579E-03)
   0.00000000      -1.00000000      -2.00000000     ( -4.74974513E-03, -1.22003257E-03) ( -1.95577741E-03, -8.29459168E-05) (  9.77888703E-04,  4.14729584E-05)
   0.00000000      -1.00000000      -1.00000000     (  4.88013029E-03,  5.08502126E-03) (  3.60421836E-03,  9.90927219E-03) ( -3.60421836E-03, -9.90927219E-03)
   1.00000000       0.00000000      -2.00000000     ( -1.01514161E-03,  3.72529030E-03) ( -3.25962901E-03,  5.12227416E-03) ( -5.07570803E-04,  1.86264515E-03)
   1.00000000       0.00000000      -1.00000000     (  4.31202352E-03,  1.71130523E-04) (  2.34693289E-03, -2.26311386E-03) (  4.31202352E-03,  1.71130523E-04)
   1.00000000       1.00000000      -2.00000000     ( -3.89292836E-03,  4.51691449E-04) (  3.76254320E-03, -3.72529030E-03) ( -6.34463504E-05, -1.63912773E-03)
   1.00000000       1.00000000      -1.00000000     ( -5.06639481E-03, -1.98371708E-03) (  4.33996320E-03,  6.26314431E-04) ( -7.21774995E-04, -1.35973096E-03)
   1.00000000       2.00000000      -1.00000000     ( -1.37835741E-03,  1.25262886E-03) ( -3.17813829E-04,  1.61118805E-03) ( -2.01165676E-03,  4.48897481E-03)
   1.00000000      -2.00000000      -1.00000000     ( -9.54605639E-05, -8.75443220E-04) (  1.21071935E-03, -1.34459697E-04) ( -2.51457095E-03, -6.07687980E-04)
   1.00000000      -1.00000000      -2.00000000     ( -1.26194209E-03, -2.42143869E-03) ( -1.67638063E-04, -1.90921128E-03) ( -5.47152013E-04, -2.54949555E-04)
   1.00000000      -1.00000000      -1.00000000     ( -1.38767064E-03,  3.86498868E-04) ( -3.16649675E-03,  5.35510480E-04) (  1.77882612E-03, -1.49011612E-04)
   2.00000000       0.00000000      -1.00000000     ( -1.34110451E-03, -7.07805157E-04) ( -4.47034836E-03,  9.08039510E-04) ( -2.68220901E-03, -1.41561031E-03)
   2.00000000       1.00000000      -1.00000000     ( -1.57160684E-04,  4.95929271E-04) (  8.52160156E-04, -1.55530870E-03) (  5.40167093E-04, -5.61121851E-04)
   2.00000000      -1.00000000      -1.00000000     (  1.12922862E-04, -1.02445483E-03) (  6.84522092E-04, -3.72529030E-03) ( -4.61004674E-04,  1.67638063E-03)
