    0.000000        0.000000        1.000000      (2.2575259E-02,1.2554228E-02)
   (-1.4603138E-02,-1.8030405E-02)  (0.000000,0.000000)
    0.000000        0.000000        2.000000      
 (2.3189932E-03,-2.2118911E-04)  (3.0174851E-03,2.6822090E-03)  
 (0.000000,0.000000)
    0.000000        1.000000        0.000000      (3.7252903E-03,3.5669655E-03)
   (0.000000,0.000000)  (5.2154064E-03,-5.2619725E-04)
    0.000000        1.000000        1.000000      (6.5192580E-03,8.8289380E-03)
   (4.8615038E-03,-4.2654574E-03)  (-4.8615038E-03,4.2654574E-03)
    0.000000        1.000000        2.000000      
 (-4.6566129E-03,-8.8475645E-04)  (-6.4028427E-04,-2.1886081E-03)  
 (3.2014214E-04,1.0943040E-03)
    0.000000        2.000000        0.000000      
 (-2.5518239E-03,1.3317913E-03)  (0.000000,0.000000)  
 (1.3038516E-03,1.7508864E-03)
    0.000000        2.000000        1.000000      
 (2.0395964E-03,-1.6670674E-03)  (-8.8941306E-04,-4.0512532E-04)  
 (1.7788261E-03,8.1025064E-04)
    0.000000       -2.000000        0.000000      
 (-2.5518239E-03,-1.3317913E-03)  (0.000000,0.000000)  
 (1.3038516E-03,-1.7508864E-03)
    0.000000       -2.000000        1.000000      
 (-5.1967800E-03,-6.0535967E-03)  (-1.0244548E-03,-2.2817403E-04)  
 (-2.0489097E-03,-4.5634806E-04)
    0.000000       -1.000000        0.000000      
 (3.7252903E-03,-3.5669655E-03)  (0.000000,0.000000)  
 (5.2154064E-03,5.2619725E-04)
    0.000000       -1.000000        1.000000      
 (9.8347664E-03,-3.9674342E-03)  (-8.5914508E-04,-6.2212348E-03)  
 (-8.5914508E-04,-6.2212348E-03)
    0.000000       -1.000000        2.000000      
 (-7.0407987E-03,-1.0011718E-03)  (-2.2538006E-03,-2.7939677E-03)  
 (-1.1269003E-03,-1.3969839E-03)
    1.000000        0.000000        0.000000      (0.000000,0.000000)  
 (-3.0398369E-02,6.9849193E-03)  (1.6316772E-02,2.0787120E-02)
    1.000000        0.000000        1.000000      
 (-4.3585896E-03,-2.0116568E-03)  (-1.5497208E-02,1.3746321E-02)  
 (4.3585896E-03,2.0116568E-03)
    1.000000        0.000000        2.000000      (3.5943231E-05,1.5087426E-03)
   (2.4959445E-03,3.9301813E-03)  (-1.7971615E-05,-7.5437129E-04)
    1.000000        1.000000        0.000000      
 (1.5599653E-03,-1.2014061E-03)  (-1.5599653E-03,1.2014061E-03)  
 (3.9435690E-05,4.2654574E-03)
    1.000000        1.000000        1.000000      (1.5832484E-03,2.9150397E-03)
   (-2.3934990E-03,-3.0919909E-03)  (8.1025064E-04,1.7811544E-04)
    1.000000        1.000000        2.000000      
 (-2.3748726E-03,1.7136335E-03)  (5.1222742E-04,-1.2991950E-03)  
 (9.3132257E-04,-2.1071173E-04)
    1.000000        2.000000        0.000000      (2.9429793E-03,1.5366822E-03)
   (-1.4714897E-03,-7.6834112E-04)  (1.0523945E-03,3.5017729E-03)
    1.000000        2.000000        1.000000      (1.1734664E-03,1.5180558E-03)
   (-1.4994293E-03,5.3318217E-04)  (1.8253922E-03,-2.5797635E-03)
    1.000000       -2.000000        0.000000      (1.3131648E-03,2.1979213E-03)
   (6.5658242E-04,1.0989606E-03)  (-2.2724271E-03,-9.7788870E-05)
    1.000000       -2.000000        1.000000      
 (-2.4400651E-03,-1.5832484E-03)  (-1.2665987E-03,-1.3317913E-03)  
 (-9.7206794E-05,-1.0803342E-03)
    1.000000       -1.000000        0.000000      
 (1.1129305E-03,-3.4342520E-04)  (1.1129305E-03,-3.4342520E-04)  
 (-7.5995922E-03,2.2910535E-03)
    1.000000       -1.000000        1.000000      
 (6.1094761E-03,-4.6007335E-03)  (1.3923272E-03,-2.5704503E-03)  
 (-4.7311187E-03,2.0395964E-03)
    1.000000       -1.000000        2.000000      
 (-3.5017729E-03,-1.7136335E-03)  (-4.5821071E-03,-2.7753413E-03)  
 (-5.4016709E-04,-5.2852556E-04)
    2.000000        0.000000        0.000000      (0.000000,0.000000)  
 (5.0105155E-03,-2.2351742E-04)  (-7.6368451E-04,-1.1269003E-03)
    2.000000        0.000000        1.000000      
 (-6.0535967E-04,3.1106174E-03)  (1.3690442E-03,4.1164458E-03)  
 (1.2107193E-03,-6.2212348E-03)
    2.000000        1.000000        0.000000      
 (-1.0337681E-03,-2.1327287E-03)  (2.0675361E-03,4.2654574E-03)  
 (-4.6379864E-03,5.1781535E-03)
    2.000000        1.000000        1.000000      (1.5553087E-03,1.5739352E-03)
   (-9.4063580E-04,-6.3702464E-03)  (-2.1606684E-03,3.2223761E-03)
    2.000000       -1.000000        0.000000      
 (-3.2596290E-03,-1.2852252E-03)  (-6.5192580E-03,-2.5704503E-03)  
 (-1.1734664E-03,2.3189932E-03)
    2.000000       -1.000000        1.000000      
 (-1.6577542E-03,9.6857548E-04)  (-4.4936314E-04,4.2654574E-03)  
 (2.8684735E-03,2.3189932E-03)
