   0.00000000       0.00000000      -2.00000000     (  7.35744834E-04,  1.99303031E-03) ( -1.56462193E-03,  2.11875886E-04) (  0.00000000    ,  0.00000000    )
   0.00000000       0.00000000      -1.00000000     (  1.93715096E-02, -1.01514161E-03) (  3.35276127E-02,  2.30967999E-02) (  0.00000000    ,  0.00000000    )
   0.00000000       1.00000000      -2.00000000     (  6.89178705E-04, -1.35332812E-05) ( -6.42612576E-04,  6.05359674E-04) ( -3.21306288E-04,  3.02679837E-04)
   0.00000000       1.00000000      -1.00000000     ( -9.10367817E-04,  2.99513340E-02) ( -4.83356416E-03, -2.84984708E-03) ( -4.83356416E-03, -2.84984708E-03)
   0.00000000       2.00000000      -1.00000000     ( -1.69500709E-03,  7.91624188E-05) (  2.79396772E-05,  3.77185643E-04) (  5.58793545E-05,  7.54371285E-04)
   0.00000000      -2.00000000      -1.00000000     (  1.37835741E-03,  5.30853868E-04) ( -5.77419996E-04, -2.58442014E-04) (  1.15483999E-03,  5.16884029E-04)
   0.00000000      -1.00000000      -2.00000000     ( -9.40635800E-04,  5.68106771E-04) ( -7.63684511E-04, -2.32830644E-04) (  3.81842256E-04,  1.16415322E-04)
   0.00000000      -1.00000000      -1.00000000     (  7.76723027E-03, -9.72300768E-03) ( -2.63564289E-03,  4.14438546E-03) (  2.63564289E-03, -4.14438546E-03)
   1.00000000       0.00000000      -2.00000000     ( -6.89178705E-04,  2.00234354E-04) ( -9.31322575E-04,  6.89178705E-04) ( -3.44589353E-04,  1.00117177E-04)
   1.00000000       0.00000000      -1.00000000     (  8.94069672E-03, -4.84287739E-03) ( -9.64850187E-03, -6.84522092E-04) (  8.94069672E-03, -4.84287739E-03)
   1.00000000       1.00000000      -2.00000000     ( -5.77419996E-04, -2.84053385E-04) (  5.86733222E-04, -1.58324838E-03) (  5.89352567E-06, -9.40635800E-04)
   1.00000000       1.00000000      -1.00000000     ( -1.05239451E-03,  7.35744834E-04) (  1.80676579E-03,  6.23986125E-04) (  7.45058060E-04,  1.35973096E-03)
   1.00000000       2.00000000      -1.00000000     (  2.49128789E-04,  3.91155481E-04) ( -5.12227416E-04, -6.05359674E-04) ( -7.82310963E-04, -8.19563866E-04)
   1.00000000      -2.00000000      -1.00000000     (  1.30385160E-03,  4.88944352E-04) (  8.00937414E-04,  5.21540642E-04) ( -2.98023224E-04, -5.58793545E-04)
   1.00000000      -1.00000000      -2.00000000     (  6.51925802E-04, -6.33299351E-04) (  1.05239451E-03, -3.44589353E-04) ( -1.97906047E-04, -1.42026693E-04)
   1.00000000      -1.00000000      -1.00000000     ( -1.46683306E-04,  1.39698386E-03) ( -1.19209290E-03,  6.14672899E-04) (  1.04308128E-03,  7.91624188E-04)
   2.00000000       0.00000000      -1.00000000     ( -4.05125320E-04, -2.04890966E-04) (  1.16415322E-04, -1.30967237E-05) ( -8.10250640E-04, -4.09781933E-04)
   2.00000000       1.00000000      -1.00000000     ( -6.51925802E-05,  1.12922862E-04) (  1.88592821E-04, -8.61473382E-05) (  5.82076609E-05,  1.42026693E-04)
   2.00000000      -1.00000000      -1.00000000     (  2.11875886E-04,  5.29689714E-05) (  1.08964741E-03, -9.40635800E-04) ( -6.61239028E-04,  1.04308128E-03)
