   0.00000000       0.00000000      -2.00000000     (  9.31322575E-05,  5.02914190E-04) ( -3.91155481E-04,  1.49011612E-04) (  0.00000000    ,  0.00000000    )
   0.00000000       0.00000000      -1.00000000     (  2.77161598E-02, -8.51228833E-03) (  2.47359276E-02,  3.41981649E-02) (  0.00000000    ,  0.00000000    )
   0.00000000       1.00000000      -2.00000000     ( -7.45058060E-05,  1.25728548E-04) (  8.84756446E-05,  2.32830644E-04) (  4.42378223E-05,  1.16415322E-04)
   0.00000000       1.00000000      -1.00000000     (  1.12876296E-02,  2.59280205E-02) (  2.99187377E-04, -1.47148967E-03) (  2.99187377E-04, -1.47148967E-03)
   0.00000000       2.00000000      -1.00000000     ( -8.19563866E-04, -1.49011612E-04) ( -1.67638063E-04, -1.25728548E-04) ( -3.35276127E-04, -2.51457095E-04)
   0.00000000      -2.00000000      -1.00000000     (  1.95577741E-04, -3.16649675E-04) ( -1.58324838E-04,  6.40284270E-06) (  3.16649675E-04, -1.28056854E-05)
   0.00000000      -1.00000000      -2.00000000     ( -4.84287739E-04, -1.30385160E-04) ( -1.11758709E-04, -7.45058060E-05) (  5.58793545E-05,  3.72529030E-05)
   0.00000000      -1.00000000      -1.00000000     (  8.06525350E-03, -1.74157321E-03) ( -6.84522092E-04,  1.06915832E-02) (  6.84522092E-04, -1.06915832E-02)
   1.00000000       0.00000000      -2.00000000     ( -2.60770321E-04,  2.60770321E-04) ( -2.60770321E-04,  3.35276127E-04) ( -1.30385160E-04,  1.30385160E-04)
   1.00000000       0.00000000      -1.00000000     (  8.23289156E-03, -2.17463821E-03) ( -6.78002834E-03, -3.31550837E-03) (  8.23289156E-03, -2.17463821E-03)
   1.00000000       1.00000000      -2.00000000     ( -3.35276127E-04,  1.39698386E-04) (  7.45058060E-05, -3.53902578E-04) ( -1.25728548E-04, -1.07102096E-04)
   1.00000000       1.00000000      -1.00000000     ( -2.32830644E-04, -3.49245965E-05) (  3.16649675E-04,  1.49011612E-04) (  9.31322575E-05,  1.16415322E-04)
   1.00000000       2.00000000      -1.00000000     (  3.14321369E-05,  1.30385160E-04) ( -9.77888703E-05,  1.07102096E-04) ( -1.58324838E-04,  3.35276127E-04)
   1.00000000      -2.00000000      -1.00000000     (  1.95577741E-04,  3.14321369E-05) (  1.76951289E-04,  1.76951289E-04) ( -1.58324838E-04, -3.35276127E-04)
   1.00000000      -1.00000000      -2.00000000     (  2.91038305E-05, -2.51457095E-04) ( -1.02445483E-04, -7.45058060E-05) (  6.51925802E-05, -8.84756446E-05)
   1.00000000      -1.00000000      -1.00000000     ( -1.58324838E-04,  1.67638063E-04) ( -3.16649675E-04,  5.82076609E-05) (  1.67638063E-04,  1.07102096E-04)
   2.00000000       0.00000000      -1.00000000     ( -1.39698386E-04, -6.05359674E-05) ( -5.58793545E-05,  2.67755240E-05) ( -2.79396772E-04, -1.21071935E-04)
   2.00000000       1.00000000      -1.00000000     ( -1.30385160E-04, -6.28642738E-05) (  2.32830644E-04, -1.25728548E-04) ( -3.25962901E-05, -2.51457095E-04)
   2.00000000      -1.00000000      -1.00000000     ( -3.72529030E-05,  6.05359674E-05) (  9.77888703E-05, -2.23517418E-04) ( -1.67638063E-04,  3.35276127E-04)
