   0.00000000       0.00000000      -2.00000000     (  1.74157321E-03,  3.11061740E-03) ( -2.14204192E-03,  1.85100362E-04) (  0.00000000    ,  0.00000000    )
   0.00000000       0.00000000      -1.00000000     (  2.73436308E-02, -1.10268593E-02) (  1.50129199E-02,  3.29315662E-02) (  0.00000000    ,  0.00000000    )
   0.00000000       1.00000000      -2.00000000     (  2.06055120E-04,  1.36904418E-03) (  6.05359674E-04,  1.60187483E-03) (  3.02679837E-04,  8.00937414E-04)
   0.00000000       1.00000000      -1.00000000     (  1.59814954E-02,  2.02655792E-02) (  8.26548785E-04,  9.10367817E-04) (  8.26548785E-04,  9.10367817E-04)
   0.00000000       2.00000000      -1.00000000     ( -5.96046448E-03, -1.61118805E-03) ( -1.13621354E-03, -8.47503543E-04) ( -2.27242708E-03, -1.69500709E-03)
   0.00000000      -2.00000000      -1.00000000     (  1.21071935E-03, -2.90572643E-03) ( -1.14552677E-03,  6.00703061E-04) (  2.29105353E-03, -1.20140612E-03)
   0.00000000      -1.00000000      -2.00000000     ( -3.39001417E-03, -1.20140612E-03) ( -1.01514161E-03, -1.24564394E-04) (  5.07570803E-04,  6.22821972E-05)
   0.00000000      -1.00000000      -1.00000000     (  6.16535544E-03,  4.20026481E-03) (  2.46800482E-03,  1.08033419E-02) ( -2.46800482E-03, -1.08033419E-02)
   1.00000000       0.00000000      -2.00000000     ( -1.24797225E-03,  2.57045031E-03) ( -2.21654773E-03,  3.35276127E-03) ( -6.23986125E-04,  1.28522515E-03)
   1.00000000       0.00000000      -1.00000000     (  5.40167093E-03, -9.80799086E-05) ( -1.69966370E-04, -2.82190740E-03) (  5.40167093E-03, -9.80799086E-05)
   1.00000000       1.00000000      -2.00000000     ( -2.73808837E-03,  9.77888703E-04) (  2.16066837E-03, -2.81259418E-03) ( -2.88709998E-04, -9.12696123E-04)
   1.00000000       1.00000000      -1.00000000     ( -3.12924385E-03, -1.12690032E-03) (  2.77534127E-03,  6.33299351E-04) ( -3.37604433E-04, -4.88944352E-04)
   1.00000000       2.00000000      -1.00000000     ( -5.02914190E-04,  9.49949026E-04) ( -4.12110239E-04,  1.17346644E-03) ( -1.33179128E-03,  3.29688191E-03)
   1.00000000      -2.00000000      -1.00000000     (  2.29338184E-04, -3.74857336E-04) (  1.01514161E-03,  3.93483788E-04) ( -1.79745257E-03, -1.16415322E-03)
   1.00000000      -1.00000000      -2.00000000     ( -7.40401447E-04, -1.86264515E-03) ( -5.02914190E-04, -1.33179128E-03) ( -1.18743628E-04, -2.70083547E-04)
   1.00000000      -1.00000000      -1.00000000     ( -9.68575478E-04,  4.30736691E-04) ( -2.10478902E-03,  3.84170562E-04) (  1.14552677E-03,  4.54019755E-05)
   2.00000000       0.00000000      -1.00000000     ( -8.98726285E-04, -5.68106771E-04) ( -2.16066837E-03,  3.11993062E-04) ( -1.79745257E-03, -1.13621354E-03)
   2.00000000       1.00000000      -1.00000000     ( -2.81725079E-04,  3.78349796E-05) (  7.68341124E-04, -8.47503543E-04) (  2.02562660E-04, -7.72997737E-04)
   2.00000000      -1.00000000      -1.00000000     ( -1.74622983E-04, -4.26080078E-04) (  2.30502337E-04, -2.60770321E-03) ( -5.77419996E-04,  1.75088644E-03)
