   0.00000000       0.00000000       1.00000000     (  2.71201134E-02,  1.10641122E-02) (  1.44168735E-02, -3.25590372E-02) (  0.00000000    ,  0.00000000    )
   0.00000000       0.00000000       2.00000000     (  1.89989805E-03, -3.22237611E-03) ( -2.19792128E-03, -1.39698386E-04) (  0.00000000    ,  0.00000000    )
   0.00000000       1.00000000       0.00000000     ( -1.18464231E-02,  6.46337867E-03) (  0.00000000    ,  0.00000000    ) (  2.72877514E-03,  4.61004674E-03)
   0.00000000       1.00000000       1.00000000     (  5.97909093E-03, -4.37721610E-03) (  2.62632966E-03, -1.06915832E-02) ( -2.62632966E-03,  1.06915832E-02)
   0.00000000       1.00000000       2.00000000     ( -3.53902578E-03,  1.22003257E-03) ( -1.10827386E-03,  1.16997398E-04) (  5.54136932E-04, -5.84986992E-05)
   0.00000000       2.00000000       0.00000000     ( -2.55182385E-03, -1.25728548E-03) (  0.00000000    ,  0.00000000    ) ( -2.53319740E-03,  9.68575478E-04)
   0.00000000       2.00000000       1.00000000     (  1.24797225E-03,  3.05473804E-03) ( -1.21071935E-03, -6.51925802E-04) (  2.42143869E-03,  1.30385160E-03)
   0.00000000      -2.00000000       0.00000000     ( -2.55182385E-03,  1.25728548E-03) (  0.00000000    ,  0.00000000    ) ( -2.53319740E-03, -9.68575478E-04)
   0.00000000      -2.00000000       1.00000000     ( -6.18398190E-03,  1.68569386E-03) ( -1.16415322E-03,  8.80099833E-04) ( -2.32830644E-03,  1.76019967E-03)
   0.00000000      -1.00000000       0.00000000     ( -1.18464231E-02, -6.46337867E-03) (  0.00000000    ,  0.00000000    ) (  2.72877514E-03, -4.61004674E-03)
   0.00000000      -1.00000000       1.00000000     (  1.59442425E-02, -1.99675560E-02) (  7.61356205E-04, -1.00815669E-03) (  7.61356205E-04, -1.00815669E-03)
   0.00000000      -1.00000000       2.00000000     (  2.42143869E-04, -1.47148967E-03) (  6.05359674E-04, -1.64844096E-03) (  3.02679837E-04, -8.24220479E-04)
   1.00000000       0.00000000       0.00000000     (  0.00000000    ,  0.00000000    ) ( -1.47148967E-02,  8.77305865E-03) (  3.16649675E-02,  2.67475843E-02)
   1.00000000       0.00000000       1.00000000     (  5.23403287E-03, -2.45869160E-03) ( -3.28570604E-02,  1.44168735E-02) ( -5.23403287E-03,  2.45869160E-03)
   1.00000000       0.00000000       2.00000000     (  1.00582838E-03,  1.86264515E-03) (  4.76837158E-03,  2.03028321E-03) ( -5.02914190E-04, -9.31322575E-04)
   1.00000000       1.00000000       0.00000000     (  6.25848770E-03,  6.05359674E-03) ( -6.25848770E-03, -6.05359674E-03) ( -9.76026058E-03,  8.21426511E-03)
   1.00000000       1.00000000       1.00000000     ( -1.24797225E-03, -1.45286322E-03) (  2.42143869E-04,  3.56230885E-04) (  1.00582838E-03,  1.09896064E-03)
   1.00000000       1.00000000       2.00000000     ( -1.65309757E-04, -9.73232090E-04) ( -2.16066837E-03,  1.92085281E-04) (  1.16415322E-03,  3.91155481E-04)
   1.00000000       2.00000000       0.00000000     ( -1.10827386E-03,  3.50177288E-03) (  5.54136932E-04, -1.75088644E-03) (  1.19907781E-04,  6.56582415E-04)
   1.00000000       2.00000000       1.00000000     (  3.29688191E-03,  5.68106771E-04) ( -2.81259418E-03, -1.14552677E-03) (  2.30967999E-03,  1.72294676E-03)
   1.00000000      -2.00000000       0.00000000     (  2.03726813E-04, -1.78813934E-03) (  1.01863407E-04, -8.94069672E-04) ( -1.10827386E-03,  1.24797225E-03)
   1.00000000      -2.00000000       1.00000000     ( -3.98140401E-04,  2.01165676E-03) ( -7.21774995E-04,  2.08616257E-03) ( -1.04308128E-03,  2.14204192E-03)
   1.00000000      -1.00000000       0.00000000     ( -5.42029738E-03, -1.42678618E-02) ( -5.42029738E-03, -1.42678618E-02) ( -8.45640898E-03,  9.07108188E-03)
   1.00000000      -1.00000000       1.00000000     (  1.07102096E-03,  1.67638063E-03) ( -1.73225999E-03, -4.51691449E-04) ( -2.79396772E-03, -2.12341547E-03)
   1.00000000      -1.00000000       2.00000000     (  9.77888703E-04,  1.78813934E-03) (  1.64844096E-03,  1.76951289E-03) (  3.35276127E-04, -7.09405867E-06)
   2.00000000       0.00000000       0.00000000     (  0.00000000    ,  0.00000000    ) (  3.87430191E-03, -3.25962901E-04) ( -2.51457095E-03, -1.03609636E-04)
   2.00000000       0.00000000       1.00000000     ( -2.81725079E-04, -1.35973096E-03) (  5.21540642E-04,  2.84984708E-03) (  5.63450158E-04,  2.71946192E-03)
   2.00000000       1.00000000       0.00000000     ( -1.58324838E-03,  7.91624188E-05) (  3.16649675E-03, -1.58324838E-04) (  1.10012479E-04, -4.24683094E-03)
   2.00000000       1.00000000       1.00000000     ( -2.40979716E-04,  1.09896064E-03) (  2.53785402E-04, -2.47731805E-03) (  2.29338184E-04,  2.91038305E-04)
   2.00000000      -1.00000000       0.00000000     (  5.54136932E-04,  1.22003257E-03) (  1.10827386E-03,  2.44006515E-03) ( -1.30385160E-04,  1.30385160E-03)
   2.00000000      -1.00000000       1.00000000     ( -1.77882612E-03,  3.25962901E-04) ( -1.50874257E-03, -3.07336450E-04) (  2.04890966E-03, -9.59262252E-04)
