   0.00000000       0.00000000       1.00000000     (  2.29477882E-02,  1.14366412E-02) (  1.17812306E-03, -2.35438347E-02) (  0.00000000    ,  0.00000000    )
   0.00000000       0.00000000       2.00000000     (  6.70552254E-03, -4.47034836E-03) (  1.13621354E-03,  1.46683306E-03) (  0.00000000    ,  0.00000000    )
   0.00000000       1.00000000       0.00000000     ( -3.01748514E-03,  1.13621354E-02) (  0.00000000    ,  0.00000000    ) (  1.88592821E-03, -2.31899321E-03)
   0.00000000       1.00000000       1.00000000     (  3.11061740E-03, -3.98606062E-03) (  6.50063157E-03, -7.35744834E-03) ( -6.50063157E-03,  7.35744834E-03)
   0.00000000       1.00000000       2.00000000     ( -7.48783350E-03, -7.75326043E-04) ( -6.83590770E-03,  5.58793545E-04) (  3.41795385E-03, -2.79396772E-04)
   0.00000000       2.00000000       0.00000000     ( -7.61356205E-04, -6.72414899E-03) (  0.00000000    ,  0.00000000    ) ( -5.28991222E-03,  3.41096893E-04)
   0.00000000       2.00000000       1.00000000     (  5.23403287E-03,  2.12807208E-03) ( -1.60653144E-03, -2.48663127E-03) (  3.21306288E-03,  4.97326255E-03)
   0.00000000      -2.00000000       0.00000000     ( -7.61356205E-04,  6.72414899E-03) (  0.00000000    ,  0.00000000    ) ( -5.28991222E-03, -3.41096893E-04)
   0.00000000      -2.00000000       1.00000000     ( -9.42498446E-03, -1.96974725E-03) ( -1.55065209E-03,  1.14552677E-03) ( -3.10130417E-03,  2.29105353E-03)
   0.00000000      -1.00000000       0.00000000     ( -3.01748514E-03, -1.13621354E-02) (  0.00000000    ,  0.00000000    ) (  1.88592821E-03,  2.31899321E-03)
   0.00000000      -1.00000000       1.00000000     (  1.08405948E-02, -1.33365393E-02) ( -2.24448740E-03, -2.41212547E-03) ( -2.24448740E-03, -2.41212547E-03)
   0.00000000      -1.00000000       2.00000000     ( -2.87778676E-03, -9.33650881E-04) (  6.65895641E-04,  3.07336450E-03) (  3.32947820E-04,  1.53668225E-03)
   1.00000000       0.00000000       0.00000000     (  0.00000000    ,  0.00000000    ) ( -1.96695328E-02,  5.36441803E-03) (  2.42143869E-02,  1.99675560E-02)
   1.00000000       0.00000000       1.00000000     (  2.21654773E-03, -4.07919288E-03) ( -2.51084566E-02,  1.54227018E-02) ( -2.21654773E-03,  4.07919288E-03)
   1.00000000       0.00000000       2.00000000     (  1.04773790E-03,  2.47731805E-03) (  5.51342964E-03,  4.76837158E-03) ( -5.23868948E-04, -1.23865902E-03)
   1.00000000       1.00000000       0.00000000     (  5.27128577E-03,  1.43889338E-03) ( -5.27128577E-03, -1.43889338E-03) ( -6.98491931E-03,  3.22237611E-03)
   1.00000000       1.00000000       1.00000000     ( -3.51108611E-03,  8.17235559E-04) (  2.50525773E-03, -4.81959432E-04) (  9.98843461E-04, -3.34111974E-04)
   1.00000000       1.00000000       2.00000000     ( -2.14204192E-03, -2.63564289E-03) ( -4.91738319E-03, -3.44589353E-03) (  3.52971256E-03,  3.03611159E-03)
   1.00000000       2.00000000       0.00000000     ( -1.96509063E-03,  5.68106771E-03) (  9.82545316E-04, -2.84053385E-03) ( -8.33533704E-04,  9.38773155E-03)
   1.00000000       2.00000000       1.00000000     (  6.79865479E-03,  2.72877514E-03) ( -2.61701643E-03, -2.38418579E-03) ( -1.57393515E-03,  2.04890966E-03)
   1.00000000      -2.00000000       0.00000000     ( -2.75322236E-04, -2.15135515E-03) ( -1.37661118E-04, -1.07567757E-03) ( -2.08150595E-03,  1.24797225E-03)
   1.00000000      -2.00000000       1.00000000     ( -2.15601176E-03,  6.91507012E-04) ( -2.18395144E-03,  1.42026693E-03) ( -2.21654773E-03,  2.14669853E-03)
   1.00000000      -1.00000000       0.00000000     ( -5.75557351E-03, -4.63798642E-03) ( -5.75557351E-03, -4.63798642E-03) ( -4.32133675E-03,  4.48897481E-03)
   1.00000000      -1.00000000       1.00000000     (  7.17118382E-03,  8.47503543E-03) (  1.27125531E-03,  7.48783350E-03) ( -5.90458512E-03, -9.77888703E-04)
   1.00000000      -1.00000000       2.00000000     (  4.06056643E-03,  6.25848770E-03) (  6.53788447E-03,  2.54251063E-03) (  1.23865902E-03, -1.85798854E-03)
   2.00000000       0.00000000       0.00000000     (  0.00000000    ,  0.00000000    ) (  1.11758709E-02, -6.23986125E-03) ( -4.16301191E-03,  4.03262675E-03)
   2.00000000       0.00000000       1.00000000     ( -4.39584255E-03, -1.01979822E-03) (  3.37138772E-03,  1.10641122E-02) (  8.79168510E-03,  2.03959644E-03)
   2.00000000       1.00000000       0.00000000     ( -2.16998160E-03,  7.54371285E-04) (  4.33996320E-03, -1.50874257E-03) ( -1.12224370E-03, -7.50645995E-03)
   2.00000000       1.00000000       1.00000000     (  2.05356628E-03,  4.50760126E-03) ( -5.06639481E-03, -7.72997737E-03) (  9.63918865E-04, -1.26659870E-03)
   2.00000000      -1.00000000       0.00000000     (  1.50874257E-03, -2.74740160E-04) (  3.01748514E-03, -5.49480319E-04) (  3.85334715E-04,  1.86264515E-03)
   2.00000000      -1.00000000       1.00000000     ( -3.86498868E-03,  5.82076609E-04) ( -3.42726707E-03, -1.97906047E-03) (  4.30271029E-03, -3.13855708E-03)
