   0.00000000       0.00000000      -2.00000000     (  4.13507223E-03,  4.56348062E-03) ( -2.39349902E-03, -6.07687980E-04) (  0.00000000    ,  0.00000000    )
   0.00000000       0.00000000      -1.00000000     (  2.48849392E-02, -1.10641122E-02) (  8.82893801E-03,  2.89082527E-02) (  0.00000000    ,  0.00000000    )
   0.00000000       1.00000000      -2.00000000     (  4.07453626E-04,  2.73808837E-03) (  6.14672899E-04,  1.51339918E-03) (  3.07336450E-04,  7.56699592E-04)
   0.00000000       1.00000000      -1.00000000     (  1.48639083E-02,  1.70618296E-02) ( -2.26427801E-04,  1.72294676E-03) ( -2.26427801E-04,  1.72294676E-03)
   0.00000000       2.00000000      -1.00000000     ( -8.94069672E-03, -2.08616257E-03) ( -1.46217644E-03, -1.30850822E-03) ( -2.92435288E-03, -2.61701643E-03)
   0.00000000      -2.00000000      -1.00000000     (  1.82539225E-03, -4.56348062E-03) ( -2.05822289E-03,  1.34110451E-03) (  4.11644578E-03, -2.68220901E-03)
   0.00000000      -1.00000000      -2.00000000     ( -5.58793545E-03, -1.03842467E-03) ( -2.73808837E-03, -9.89530236E-05) (  1.36904418E-03,  4.94765118E-05)
   0.00000000      -1.00000000      -1.00000000     (  4.25614417E-03,  5.19677997E-03) (  4.09781933E-03,  9.35047865E-03) ( -4.09781933E-03, -9.35047865E-03)
   1.00000000       0.00000000      -2.00000000     ( -6.58910722E-04,  4.37721610E-03) ( -3.83704901E-03,  6.20260835E-03) ( -3.29455361E-04,  2.18860805E-03)
   1.00000000       0.00000000      -1.00000000     (  3.87430191E-03,  2.48546712E-04) (  3.47383320E-03, -1.94180757E-03) (  3.87430191E-03,  2.48546712E-04)
   1.00000000       1.00000000      -2.00000000     ( -4.50760126E-03, -1.90921128E-04) (  4.74974513E-03, -4.20957804E-03) (  1.18743628E-04, -2.19792128E-03)
   1.00000000       1.00000000      -1.00000000     ( -6.20260835E-03, -2.52388418E-03) (  5.27128577E-03,  5.51808625E-04) ( -9.35979187E-04, -1.97440386E-03)
   1.00000000       2.00000000      -1.00000000     ( -1.98371708E-03,  1.28522515E-03) ( -2.35158950E-04,  1.78813934E-03) ( -2.45869160E-03,  4.86150384E-03)
   1.00000000      -2.00000000      -1.00000000     ( -2.50292942E-04, -1.20140612E-03) (  1.23865902E-03, -5.93718141E-04) ( -2.72877514E-03, -1.29512046E-05)
   1.00000000      -1.00000000      -2.00000000     ( -1.42492354E-03, -2.50525773E-03) (  1.63563527E-04, -2.09547579E-03) ( -7.93952495E-04, -2.06055120E-04)
   1.00000000      -1.00000000      -1.00000000     ( -1.71363354E-03,  3.71364877E-04) ( -3.91155481E-03,  6.19329512E-04) (  2.18860805E-03, -2.46800482E-04)
   2.00000000       0.00000000      -1.00000000     ( -1.63912773E-03, -6.96163625E-04) ( -6.05359674E-03,  1.38301402E-03) ( -3.27825546E-03, -1.39232725E-03)
   2.00000000       1.00000000      -1.00000000     ( -4.32191882E-05,  8.70786607E-04) (  9.26665962E-04, -2.15135515E-03) (  8.38190317E-04, -4.07453626E-04)
   2.00000000      -1.00000000      -1.00000000     (  3.84170562E-04, -1.40164047E-03) (  1.15018338E-03, -4.17232513E-03) ( -3.79513949E-04,  1.38301402E-03)
