   0.00000000       0.00000000       1.00000000     (  2.77161598E-02,  1.06543303E-02) (  1.73225999E-02, -3.37511301E-02) (  0.00000000    ,  0.00000000    )
   0.00000000       0.00000000       2.00000000     (  1.28522515E-03, -2.84984708E-03) ( -2.04890966E-03, -3.51574272E-04) (  0.00000000    ,  0.00000000    )
   0.00000000       1.00000000       0.00000000     ( -1.38208270E-02,  5.20609319E-03) (  0.00000000    ,  0.00000000    ) (  2.96160579E-03,  6.51925802E-03)
   0.00000000       1.00000000       1.00000000     (  6.81728125E-03, -3.23168933E-03) (  1.74157321E-03, -1.10268593E-02) ( -1.74157321E-03,  1.10268593E-02)
   0.00000000       1.00000000       2.00000000     ( -2.99885869E-03,  1.12690032E-03) ( -7.77654350E-04,  1.66473910E-04) (  3.88827175E-04, -8.32369551E-05)
   0.00000000       2.00000000       0.00000000     ( -2.03028321E-03, -5.49480319E-04) (  0.00000000    ,  0.00000000    ) ( -1.97440386E-03,  1.21071935E-03)
   0.00000000       2.00000000       1.00000000     (  1.12690032E-03,  2.49594450E-03) ( -9.77888703E-04, -4.42378223E-04) (  1.95577741E-03,  8.84756446E-04)
   0.00000000      -2.00000000       0.00000000     ( -2.03028321E-03,  5.49480319E-04) (  0.00000000    ,  0.00000000    ) ( -1.97440386E-03, -1.21071935E-03)
   0.00000000      -2.00000000       1.00000000     ( -5.32716513E-03,  1.37835741E-03) ( -1.05239451E-03,  7.72997737E-04) ( -2.10478902E-03,  1.54599547E-03)
   0.00000000      -1.00000000       0.00000000     ( -1.38208270E-02, -5.20609319E-03) (  0.00000000    ,  0.00000000    ) (  2.96160579E-03, -6.51925802E-03)
   0.00000000      -1.00000000       1.00000000     (  1.55344605E-02, -2.14576721E-02) (  1.00815669E-03, -4.34229150E-04) (  1.00815669E-03, -4.34229150E-04)
   0.00000000      -1.00000000       2.00000000     (  6.22821972E-05, -1.08033419E-03) (  6.14672899E-04, -1.49011612E-03) (  3.07336450E-04, -7.45058060E-04)
   1.00000000       0.00000000       0.00000000     (  0.00000000    ,  0.00000000    ) ( -1.41188502E-02,  9.79751348E-03) (  3.29315662E-02,  2.77161598E-02)
   1.00000000       0.00000000       1.00000000     (  5.40167093E-03, -2.55648047E-03) ( -3.43471766E-02,  1.34855509E-02) ( -5.40167093E-03,  2.55648047E-03)
   1.00000000       0.00000000       2.00000000     (  8.66129994E-04,  1.58324838E-03) (  3.94880772E-03,  1.78813934E-03) ( -4.33064997E-04, -7.91624188E-04)
   1.00000000       1.00000000       0.00000000     (  6.48200512E-03,  6.70552254E-03) ( -6.48200512E-03, -6.70552254E-03) ( -1.00396574E-02,  9.12696123E-03)
   1.00000000       1.00000000       1.00000000     ( -7.03148544E-04, -1.46217644E-03) ( -2.01398507E-04,  3.00351530E-04) (  9.03382897E-04,  1.16415322E-03)
   1.00000000       1.00000000       2.00000000     ( -1.32713467E-04, -6.79865479E-04) ( -1.57393515E-03,  2.56113708E-04) (  8.47503543E-04,  2.11875886E-04)
   1.00000000       2.00000000       0.00000000     ( -1.04308128E-03,  2.81259418E-03) (  5.21540642E-04, -1.40629709E-03) (  4.37721610E-04, -4.42378223E-05)
   1.00000000       2.00000000       1.00000000     (  2.75671482E-03,  2.46800482E-04) ( -2.44006515E-03, -8.47503543E-04) (  2.14204192E-03,  1.45286322E-03)
   1.00000000      -2.00000000       0.00000000     (  1.12922862E-04, -1.58324838E-03) (  5.64614311E-05, -7.91624188E-04) ( -1.15483999E-03,  7.35744834E-04)
   1.00000000      -2.00000000       1.00000000     ( -2.86381692E-04,  2.04890966E-03) ( -5.68106771E-04,  1.91852450E-03) ( -8.47503543E-04,  1.78813934E-03)
   1.00000000      -1.00000000       0.00000000     ( -4.81493771E-03, -1.54972076E-02) ( -4.81493771E-03, -1.54972076E-02) ( -9.55536962E-03,  1.04680657E-02)
   1.00000000      -1.00000000       1.00000000     (  8.94069672E-04,  1.01514161E-03) ( -1.56462193E-03, -1.08964741E-03) ( -2.45869160E-03, -2.10478902E-03)
   1.00000000      -1.00000000       2.00000000     (  4.42378223E-04,  1.45286322E-03) (  8.56816769E-04,  1.24797225E-03) (  2.07219273E-04, -1.01281330E-04)
   2.00000000       0.00000000       0.00000000     (  0.00000000    ,  0.00000000    ) (  3.07336450E-03,  1.35041773E-04) ( -2.03028321E-03, -5.87897375E-05)
   2.00000000       0.00000000       1.00000000     (  5.99538907E-05, -1.14552677E-03) (  4.05125320E-04,  2.04890966E-03) ( -1.19907781E-04,  2.29105353E-03)
   2.00000000       1.00000000       0.00000000     ( -1.34110451E-03,  8.67294148E-05) (  2.68220901E-03, -1.73458830E-04) (  1.05937943E-04, -3.14787030E-03)
   2.00000000       1.00000000       1.00000000     ( -3.44589353E-04,  7.59027898E-04) (  6.70552254E-04, -2.06753612E-03) (  1.45519152E-05,  5.40167093E-04)
   2.00000000      -1.00000000       0.00000000     (  2.58442014E-04,  1.10827386E-03) (  5.16884029E-04,  2.21654773E-03) ( -1.23400241E-04,  1.20140612E-03)
   2.00000000      -1.00000000       1.00000000     ( -1.58324838E-03,  1.95577741E-04) ( -1.48080289E-03, -1.37370080E-04) (  1.67638063E-03, -5.30853868E-04)
