   0.00000000       0.00000000      -2.00000000     ( -3.30619514E-04, -1.89989805E-03) (  1.49011612E-03, -5.77419996E-04) (  0.00000000    ,  0.00000000    )
   0.00000000       0.00000000      -1.00000000     (  2.43633986E-02, -3.98606062E-03) (  3.36021185E-02,  2.95042992E-02) (  0.00000000    ,  0.00000000    )
   0.00000000       1.00000000      -2.00000000     ( -2.16532499E-04, -1.39698386E-04) (  4.00468707E-04, -5.68106771E-04) (  2.00234354E-04, -2.84053385E-04)
   0.00000000       1.00000000      -1.00000000     (  2.53785402E-03,  3.17394733E-02) ( -3.21306288E-03, -3.46451998E-03) ( -3.21306288E-03, -3.46451998E-03)
   0.00000000       2.00000000      -1.00000000     (  2.27242708E-03,  2.18860805E-04) (  2.79396772E-04,  1.20780896E-05) (  5.58793545E-04,  2.41561793E-05)
   0.00000000      -2.00000000      -1.00000000     ( -9.87201929E-04,  8.03265721E-05) (  6.42612576E-04,  3.25962901E-04) ( -1.28522515E-03, -6.51925802E-04)
   0.00000000      -1.00000000      -2.00000000     (  1.24797225E-03, -2.49128789E-04) (  7.35744834E-04,  4.19095159E-04) ( -3.67872417E-04, -2.09547579E-04)
   0.00000000      -1.00000000      -1.00000000     (  8.19563866E-03, -8.64267349E-03) ( -2.82190740E-03,  7.07805157E-03) (  2.82190740E-03, -7.07805157E-03)
   1.00000000       0.00000000      -2.00000000     (  7.26431608E-04, -4.37721610E-04) (  9.96515155E-04, -5.77419996E-04) (  3.63215804E-04, -2.18860805E-04)
   1.00000000       0.00000000      -1.00000000     (  9.90927219E-03, -4.69386578E-03) ( -1.03935599E-02, -2.59838998E-03) (  9.90927219E-03, -4.69386578E-03)
   1.00000000       1.00000000      -2.00000000     (  6.89178705E-04,  3.07336450E-04) ( -1.69966370E-04,  1.22934580E-03) (  2.58442014E-04,  7.72997737E-04)
   1.00000000       1.00000000      -1.00000000     (  6.23986125E-04, -2.98023224E-04) ( -1.50874257E-03, -8.10250640E-04) ( -8.84756446E-04, -1.11758709E-03)
   1.00000000       2.00000000      -1.00000000     ( -6.05359674E-05, -8.19563866E-04) (  3.63215804E-04,  4.70317900E-04) (  6.70552254E-04,  1.18743628E-04)
   1.00000000      -2.00000000      -1.00000000     ( -1.22934580E-03, -5.68106771E-04) ( -7.72997737E-04, -7.17118382E-04) (  3.21306288E-04,  8.66129994E-04)
   1.00000000      -1.00000000      -2.00000000     ( -5.86733222E-04,  7.45058060E-04) ( -7.63684511E-04, -1.36424205E-06) (  8.73114914E-05,  3.72529030E-04)
   1.00000000      -1.00000000      -1.00000000     (  3.77185643E-04, -1.21071935E-03) (  1.35973096E-03, -4.05125320E-04) ( -9.77888703E-04, -8.00937414E-04)
   2.00000000       0.00000000      -1.00000000     (  5.02914190E-04,  1.22236088E-04) (  8.49831849E-05, -1.60653144E-04) (  1.00582838E-03,  2.44472176E-04)
   2.00000000       1.00000000      -1.00000000     (  4.84287739E-04,  1.51339918E-04) ( -7.91624188E-04,  4.37721610E-04) (  1.79279596E-04,  7.35744834E-04)
   2.00000000      -1.00000000      -1.00000000     ( -9.19681042E-05, -1.44354999E-04) ( -9.77888703E-04,  7.91624188E-04) (  8.00937414E-04, -1.08033419E-03)
