   0.00000000       0.00000000      -2.00000000     (  2.12341547E-03,  3.40864062E-03) ( -2.27242708E-03,  7.62520358E-05) (  0.00000000    ,  0.00000000    )
   0.00000000       0.00000000      -1.00000000     (  2.69711018E-02, -1.11386180E-02) (  1.37090683E-02,  3.22610140E-02) (  0.00000000    ,  0.00000000    )
   0.00000000       1.00000000      -2.00000000     (  2.88709998E-04,  1.62050128E-03) (  6.14672899E-04,  1.70432031E-03) (  3.07336450E-04,  8.52160156E-04)
   0.00000000       1.00000000      -1.00000000     (  1.59814954E-02,  1.96322799E-02) (  6.68223947E-04,  1.12922862E-03) (  6.68223947E-04,  1.12922862E-03)
   0.00000000       2.00000000      -1.00000000     ( -6.59376383E-03, -1.78813934E-03) ( -1.22003257E-03, -9.31322575E-04) ( -2.44006515E-03, -1.86264515E-03)
   0.00000000      -2.00000000      -1.00000000     (  1.31316483E-03, -3.27825546E-03) ( -1.31316483E-03,  7.31088221E-04) (  2.62632966E-03, -1.46217644E-03)
   0.00000000      -1.00000000      -2.00000000     ( -3.79979610E-03, -1.25728548E-03) ( -1.24797225E-03, -1.09430403E-04) (  6.23986125E-04,  5.47152013E-05)
   0.00000000      -1.00000000      -1.00000000     (  5.77419996E-03,  4.58210707E-03) (  2.84053385E-03,  1.05798244E-02) ( -2.84053385E-03, -1.05798244E-02)
   1.00000000       0.00000000      -2.00000000     ( -1.23865902E-03,  2.92435288E-03) ( -2.53319740E-03,  3.85567546E-03) ( -6.19329512E-04,  1.46217644E-03)
   1.00000000       0.00000000      -1.00000000     (  5.04776835E-03,  8.38554115E-06) (  6.35627657E-04, -2.67289579E-03) (  5.04776835E-03,  8.38554115E-06)
   1.00000000       1.00000000      -2.00000000     ( -3.09199095E-03,  9.08039510E-04) (  2.60770321E-03, -3.11061740E-03) ( -2.38651410E-04, -1.09896064E-03)
   1.00000000       1.00000000      -1.00000000     ( -3.66941094E-03, -1.36904418E-03) (  3.22237611E-03,  6.51925802E-04) ( -4.51691449E-04, -7.17118382E-04)
   1.00000000       2.00000000      -1.00000000     ( -7.31088221E-04,  1.06170774E-03) ( -3.95812094E-04,  1.32247806E-03) ( -1.52736902E-03,  3.68803740E-03)
   1.00000000      -2.00000000      -1.00000000     (  1.40862539E-04, -5.07570803E-04) (  1.08964741E-03,  2.79396772E-04) ( -2.03959644E-03, -1.07102096E-03)
   1.00000000      -1.00000000      -2.00000000     ( -9.12696123E-04, -2.07684934E-03) ( -4.42378223E-04, -1.52736902E-03) ( -2.33994797E-04, -2.77068466E-04)
   1.00000000      -1.00000000      -1.00000000     ( -1.08033419E-03,  4.21423465E-04) ( -2.40281224E-03,  4.33064997E-04) (  1.32247806E-03, -1.20053301E-05)
   2.00000000       0.00000000      -1.00000000     ( -1.01979822E-03, -6.28642738E-04) ( -2.75671482E-03,  4.49363142E-04) ( -2.03959644E-03, -1.25728548E-03)
   2.00000000       1.00000000      -1.00000000     ( -2.54949555E-04,  1.42026693E-04) (  7.91624188E-04, -1.01514161E-03) (  2.81725079E-04, -7.31088221E-04)
   2.00000000      -1.00000000      -1.00000000     ( -1.21071935E-04, -5.91389835E-04) (  3.16649675E-04, -2.96160579E-03) ( -5.58793545E-04,  1.78813934E-03)
