   0.00000000       0.00000000      -2.00000000     ( -9.31322575E-05, -5.58793545E-05) (  9.31322575E-05, -3.63797881E-07) (  0.00000000    ,  0.00000000    )
   0.00000000       0.00000000      -1.00000000     (  1.39698386E-02,  8.86619091E-03) (  4.23192978E-02,  1.33365393E-02) (  0.00000000    ,  0.00000000    )
   0.00000000       1.00000000      -2.00000000     ( -5.58793545E-05, -1.16415322E-05) ( -1.86264515E-05, -1.86264515E-05) ( -9.31322575E-06, -9.31322575E-06)
   0.00000000       1.00000000      -1.00000000     ( -6.27711415E-03,  2.93552876E-02) ( -9.40635800E-03, -3.11061740E-03) ( -9.40635800E-03, -3.11061740E-03)
   0.00000000       2.00000000      -1.00000000     (  2.79396772E-05, -9.31322575E-06) (  2.79396772E-05, -4.65661287E-05) (  5.58793545E-05, -9.31322575E-05)
   0.00000000      -2.00000000      -1.00000000     ( -9.31322575E-05, -1.86264515E-05) (  2.32830644E-05, -1.86264515E-05) ( -4.65661287E-05,  3.72529030E-05)
   0.00000000      -1.00000000      -2.00000000     ( -1.86264515E-05, -3.72529030E-05) (  2.79396772E-05,  2.32830644E-05) ( -1.39698386E-05, -1.16415322E-05)
   0.00000000      -1.00000000      -1.00000000     (  9.16421413E-03, -8.54954123E-03) (  8.03265721E-04,  1.49477273E-03) ( -8.03265721E-04, -1.49477273E-03)
   1.00000000       0.00000000      -2.00000000     (  4.65661287E-05,  2.79396772E-05) ( -9.31322575E-06, -9.31322575E-05) (  2.32830644E-05,  1.39698386E-05)
   1.00000000       0.00000000      -1.00000000     (  1.11386180E-02, -5.66244125E-03) ( -9.07108188E-03,  1.36345625E-02) (  1.11386180E-02, -5.66244125E-03)
   1.00000000       1.00000000      -2.00000000     ( -3.49245965E-06, -2.79396772E-05) ( -1.16415322E-06,  5.58793545E-05) ( -2.32830644E-06,  1.39698386E-05)
   1.00000000       1.00000000      -1.00000000     (  1.11758709E-04, -1.49011612E-04) ( -3.72529030E-05,  7.45058060E-05) (  7.45058060E-05, -9.31322575E-05)
   1.00000000       2.00000000      -1.00000000     ( -5.82076609E-06,  4.65661287E-05) (  9.31322575E-06, -1.86264515E-05) (  1.39698386E-05,  9.31322575E-06)
   1.00000000      -2.00000000      -1.00000000     ( -2.32830644E-05,  9.31322575E-06) ( -3.72529030E-05,  4.36557457E-07) (  4.65661287E-05,  9.31322575E-06)
   1.00000000      -1.00000000      -2.00000000     ( -3.72529030E-05,  4.65661287E-05) ( -3.49245965E-06,  1.16415322E-05) ( -1.39698386E-05,  1.86264515E-05)
   1.00000000      -1.00000000      -1.00000000     (  3.49245965E-06, -4.65661287E-05) (  3.72529030E-05, -3.72529030E-05) ( -3.72529030E-05, -4.65661287E-06)
   2.00000000       0.00000000      -1.00000000     (  3.72529030E-05,  4.65661287E-06) ( -3.72529030E-05,  5.58793545E-05) (  7.45058060E-05,  9.31322575E-06)
   2.00000000       1.00000000      -1.00000000     ( -2.32830644E-05, -5.82076609E-07) (  4.65661287E-05, -7.45058060E-05) ( -7.27595761E-07, -7.45058060E-05)
   2.00000000      -1.00000000      -1.00000000     ( -3.72529030E-05, -9.31322575E-06) ( -2.79396772E-05, -2.91038305E-06) ( -3.72529030E-05, -1.39698386E-05)
