   0.00000000       0.00000000      -2.00000000     (  1.17346644E-03,  2.64495611E-03) ( -2.12341547E-03,  8.32369551E-05) (  0.00000000    ,  0.00000000    )
   0.00000000       0.00000000      -1.00000000     (  1.81794167E-02, -3.15048965E-05) (  3.39746475E-02,  2.14576721E-02) (  0.00000000    ,  0.00000000    )
   0.00000000       1.00000000      -2.00000000     (  1.08033419E-03, -1.26601662E-05) ( -7.72997737E-04,  8.47503543E-04) ( -3.86498868E-04,  4.23751771E-04)
   0.00000000       1.00000000      -1.00000000     ( -1.74157321E-03,  2.96533108E-02) ( -5.36441803E-03, -2.57045031E-03) ( -5.36441803E-03, -2.57045031E-03)
   0.00000000       2.00000000      -1.00000000     ( -1.89989805E-03,  2.18860805E-04) (  1.30385160E-04,  6.47269189E-04) (  2.60770321E-04,  1.29453838E-03)
   0.00000000      -2.00000000      -1.00000000     (  2.03028321E-03,  8.75443220E-04) ( -7.45058060E-04, -2.70083547E-04) (  1.49011612E-03,  5.40167093E-04)
   0.00000000      -1.00000000      -2.00000000     ( -1.11758709E-03,  8.66129994E-04) ( -9.59262252E-04, -2.42143869E-04) (  4.79631126E-04,  1.21071935E-04)
   0.00000000      -1.00000000      -1.00000000     (  7.82310963E-03, -9.94652510E-03) ( -2.44937837E-03,  3.43658030E-03) (  2.44937837E-03, -3.43658030E-03)
   1.00000000       0.00000000      -2.00000000     ( -9.77888703E-04,  1.19907781E-04) ( -1.12690032E-03,  1.08033419E-03) ( -4.88944352E-04,  5.99538907E-05)
   1.00000000       0.00000000      -1.00000000     (  8.75443220E-03, -4.89875674E-03) ( -9.57399607E-03,  2.70665623E-04) (  8.75443220E-03, -4.89875674E-03)
   1.00000000       1.00000000      -2.00000000     ( -7.72997737E-04, -3.09664756E-04) (  8.75443220E-04, -2.23517418E-03) (  5.00585884E-05, -1.27591193E-03)
   1.00000000       1.00000000      -1.00000000     ( -1.67638063E-03,  1.29453838E-03) (  2.45869160E-03,  5.96046448E-04) (  7.72997737E-04,  1.88127160E-03)
   1.00000000       2.00000000      -1.00000000     (  4.28408384E-04,  9.42964107E-05) ( -7.17118382E-04, -6.56582415E-04) ( -1.00582838E-03, -1.22003257E-03)
   1.00000000      -2.00000000      -1.00000000     (  1.67638063E-03,  5.44823706E-04) (  1.05239451E-03,  6.37955964E-04) ( -4.23751771E-04, -7.35744834E-04)
   1.00000000      -1.00000000      -2.00000000     (  8.75443220E-04, -8.75443220E-04) (  1.29453838E-03, -6.10016286E-04) ( -2.11875886E-04, -1.33877620E-04)
   1.00000000      -1.00000000      -1.00000000     ( -8.61473382E-05,  1.91852450E-03) ( -1.43423676E-03,  9.49949026E-04) (  1.35041773E-03,  9.68575478E-04)
   2.00000000       0.00000000      -1.00000000     ( -5.21540642E-04, -3.16649675E-04) (  3.63215804E-04, -2.00234354E-04) ( -1.04308128E-03, -6.33299351E-04)
   2.00000000       1.00000000      -1.00000000     (  1.82772055E-04,  2.74740160E-04) ( -9.77888703E-05,  1.67638063E-04) (  2.67755240E-04,  7.21774995E-04)
   2.00000000      -1.00000000      -1.00000000     (  3.44589353E-04,  7.56699592E-05) (  1.37835741E-03, -1.22934580E-03) ( -6.84522092E-04,  1.38767064E-03)
