    0.000000        0.000000       -2.000000      (4.2282045E-03,8.9406967E-04)
   (4.8615038E-03,-4.1536987E-03)  (0.000000,0.000000)
    0.000000        0.000000       -1.000000      
 (2.1085143E-02,-1.1660159E-02)  (-1.1920929E-02,1.6391277E-02)  
 (0.000000,0.000000)
    0.000000        1.000000       -2.000000      
 (-1.0989606E-02,4.8428774E-04)  (-2.9709190E-03,2.4680048E-03)  
 (-1.4854595E-03,1.2340024E-03)
    0.000000        1.000000       -1.000000      (7.8603625E-03,4.2654574E-03)
   (-1.2014061E-03,5.3830445E-03)  (-1.2014061E-03,5.3830445E-03)
    0.000000        2.000000       -1.000000      
 (-9.2200935E-03,9.4994903E-03)  (-2.2724271E-03,-2.2177119E-04)  
 (-4.5448542E-03,-4.4354238E-04)
    0.000000       -2.000000       -1.000000      (5.1967800E-03,2.4307519E-03)
   (-8.8009983E-04,9.6159056E-04)  (1.7601997E-03,-1.9231811E-03)
    0.000000       -1.000000       -2.000000      
 (-6.9662929E-03,1.6717240E-03)  (-2.2351742E-03,2.5704503E-03)  
 (1.1175871E-03,-1.2852252E-03)
    0.000000       -1.000000       -1.000000      
 (5.2899122E-03,-6.0349703E-03)  (5.1967800E-03,4.1536987E-03)  
 (-5.1967800E-03,-4.1536987E-03)
    1.000000        0.000000       -2.000000      (6.7241490E-03,1.8021092E-03)
   (-4.6566129E-03,2.0535663E-03)  (3.3620745E-03,9.0105459E-04)
    1.000000        0.000000       -1.000000      
 (3.3900142E-03,-1.2712553E-03)  (5.6624413E-03,-6.2026083E-03)  
 (3.3900142E-03,-1.2712553E-03)
    1.000000        1.000000       -2.000000      
 (-3.3527613E-03,1.7555431E-03)  (-3.4272671E-03,-1.0617077E-02)  
 (-3.3900142E-03,-4.4237822E-03)
    1.000000        1.000000       -1.000000      
 (-6.8731606E-03,1.9371510E-03)  (2.3096800E-03,-1.7369166E-03)  
 (-4.5634806E-03,1.9848812E-04)
    1.000000        2.000000       -1.000000      
 (-5.9604645E-03,1.6530976E-03)  (5.2037649E-04,2.3050234E-03)  
 (-4.9173832E-03,6.2584877E-03)
    1.000000       -2.000000       -1.000000      
 (1.5553087E-03,-1.4249235E-03)  (-1.3445970E-04,-5.6810677E-04)  
 (1.8207356E-03,-2.8812792E-04)
    1.000000       -1.000000       -2.000000      
 (3.3900142E-03,-1.0500662E-03)  (-4.2095780E-03,1.0663643E-03)  
 (3.7997961E-03,-1.0593794E-03)
    1.000000       -1.000000       -1.000000      
 (-8.3260238E-03,4.8801303E-03)  (-3.7625432E-03,9.8953024E-05)  
 (-4.5634806E-03,4.7869980E-03)
    2.000000        0.000000       -1.000000      (2.7846545E-03,2.4121255E-03)
   (9.7602606E-03,5.9232116E-03)  (5.5693090E-03,4.8242509E-03)
    2.000000        1.000000       -1.000000      
 (-1.4714897E-03,-2.3283064E-03)  (2.0349398E-03,-1.1059456E-03)  
 (-9.1269612E-04,-5.7742000E-03)
    2.000000       -1.000000       -1.000000      
 (-1.1175871E-03,2.2305176E-03)  (-1.2136297E-04,4.6752393E-03)  
 (-2.1141022E-03,-2.1536835E-04)
