   0.00000000       0.00000000       1.00000000     ( -1.38534233E-04, -1.11013651E-02) (  2.13086605E-02,  5.01051545E-03) (  0.00000000    ,  0.00000000    )
   0.00000000       0.00000000       2.00000000     (  8.19563866E-03, -2.77534127E-03) ( -1.20699406E-02, -5.69969416E-03) (  0.00000000    ,  0.00000000    )
   0.00000000       1.00000000       0.00000000     (  6.10947609E-03, -1.23400241E-03) (  0.00000000    ,  0.00000000    ) (  1.41561031E-02, -5.08502126E-03)
   0.00000000       1.00000000       1.00000000     ( -5.12227416E-03, -2.40281224E-03) (  4.04193997E-03, -1.26194209E-03) ( -4.04193997E-03,  1.26194209E-03)
   0.00000000       1.00000000       2.00000000     (  5.69969416E-03, -4.37721610E-03) ( -3.37138772E-03,  2.10478902E-03) (  1.68569386E-03, -1.05239451E-03)
   0.00000000       2.00000000       0.00000000     ( -1.26194209E-03,  6.78002834E-03) (  0.00000000    ,  0.00000000    ) ( -9.31322575E-04,  6.86850399E-04)
   0.00000000       2.00000000       1.00000000     ( -3.76021490E-04, -3.24100256E-03) ( -1.55996531E-03,  1.21537596E-03) (  3.11993062E-03, -2.43075192E-03)
   0.00000000      -2.00000000       0.00000000     ( -1.26194209E-03, -6.78002834E-03) (  0.00000000    ,  0.00000000    ) ( -9.31322575E-04, -6.86850399E-04)
   0.00000000      -2.00000000       1.00000000     (  2.04890966E-03,  3.48081812E-04) ( -7.00820237E-04,  1.76951289E-04) ( -1.40164047E-03,  3.53902578E-04)
   0.00000000      -1.00000000       0.00000000     (  6.10947609E-03,  1.23400241E-03) (  0.00000000    ,  0.00000000    ) (  1.41561031E-02,  5.08502126E-03)
   0.00000000      -1.00000000       1.00000000     ( -7.97212124E-03, -1.13248825E-02) ( -5.58793545E-03,  5.92321157E-03) ( -5.58793545E-03,  5.92321157E-03)
   0.00000000      -1.00000000       2.00000000     ( -1.93715096E-03, -2.89641321E-03) (  7.19446689E-04,  3.00817192E-03) (  3.59723344E-04,  1.50408596E-03)
   1.00000000       0.00000000       0.00000000     (  0.00000000    ,  0.00000000    ) ( -2.52574682E-02,  6.74277544E-03) (  1.57952309E-02, -4.63798642E-03)
   1.00000000       0.00000000       1.00000000     ( -1.53202564E-03, -2.12341547E-03) (  2.33761966E-03, -7.15255737E-03) (  1.53202564E-03,  2.12341547E-03)
   1.00000000       0.00000000       2.00000000     ( -3.94880772E-03, -1.52736902E-03) ( -1.12224370E-03,  3.18512321E-03) (  1.97440386E-03,  7.63684511E-04)
   1.00000000       1.00000000       0.00000000     (  8.47503543E-04,  3.65544111E-04) ( -8.47503543E-04, -3.65544111E-04) (  6.57513738E-03,  1.32992864E-02)
   1.00000000       1.00000000       1.00000000     ( -4.28408384E-03, -8.42846930E-04) (  1.98371708E-03,  4.04193997E-03) (  2.30036676E-03, -3.20374966E-03)
   1.00000000       1.00000000       2.00000000     ( -1.20140612E-03,  1.18277967E-03) (  2.67289579E-03,  1.29453838E-03) ( -7.33416528E-04, -1.23865902E-03)
   1.00000000       2.00000000       0.00000000     ( -4.44706529E-04,  5.35510480E-04) (  2.22353265E-04, -2.67755240E-04) ( -1.67638063E-03, -1.27591193E-03)
   1.00000000       2.00000000       1.00000000     (  2.84053385E-03,  1.76951289E-04) ( -1.09896064E-03, -2.11875886E-04) ( -6.37955964E-04,  2.47964635E-04)
   1.00000000      -2.00000000       0.00000000     ( -1.00582838E-03,  7.33416528E-05) ( -5.02914190E-04,  3.66708264E-05) ( -1.73225999E-03,  3.50177288E-03)
   1.00000000      -2.00000000       1.00000000     ( -4.30736691E-04, -5.26197255E-04) (  1.09896064E-03, -4.77302819E-04) (  2.62632966E-03, -4.28408384E-04)
   1.00000000      -1.00000000       0.00000000     (  5.88595867E-03,  1.71363354E-03) (  5.88595867E-03,  1.71363354E-03) ( -2.88709998E-03,  3.93018126E-03)
   1.00000000      -1.00000000       1.00000000     ( -7.19446689E-04,  3.85567546E-03) ( -9.87201929E-04, -3.94880772E-03) ( -2.71247700E-04, -7.78585672E-03)
   1.00000000      -1.00000000       2.00000000     ( -4.73111868E-03, -1.40164047E-03) (  1.88127160E-03,  1.58324838E-03) (  3.31550837E-03,  1.49011612E-03)
   2.00000000       0.00000000       0.00000000     (  0.00000000    ,  0.00000000    ) ( -2.62632966E-03,  3.44589353E-03) (  1.14087015E-03, -2.94297934E-03)
   2.00000000       0.00000000       1.00000000     ( -1.21071935E-03,  1.17812306E-03) ( -1.81607902E-03, -4.06056643E-03) (  2.42143869E-03, -2.35624611E-03)
   2.00000000       1.00000000       0.00000000     ( -1.15483999E-03, -1.43423676E-03) (  2.30967999E-03,  2.86847353E-03) (  8.36735126E-07,  3.89292836E-03)
   2.00000000       1.00000000       1.00000000     ( -8.28877091E-04,  4.44706529E-04) (  2.05909600E-05,  1.09430403E-03) (  1.63912773E-03, -1.98371708E-03)
   2.00000000      -1.00000000       0.00000000     ( -2.60770321E-03, -1.16880983E-03) ( -5.21540642E-03, -2.33761966E-03) (  1.13621354E-03,  5.55068254E-03)
   2.00000000      -1.00000000       1.00000000     (  2.30036676E-03, -5.58793545E-04) ( -1.27125531E-03,  8.05594027E-04) ( -5.88595867E-03,  1.91852450E-03)
