   0.00000000       0.00000000      -2.00000000     ( -1.21071935E-04, -5.02914190E-04) (  3.91155481E-04, -1.21071935E-04) (  0.00000000    ,  0.00000000    )
   0.00000000       0.00000000      -1.00000000     (  2.26497650E-02, -2.90572643E-03) (  3.38256359E-02,  2.72691250E-02) (  0.00000000    ,  0.00000000    )
   0.00000000       1.00000000      -2.00000000     ( -1.07102096E-04, -1.51339918E-05) (  1.39698386E-04, -1.49011612E-04) (  6.98491931E-05, -7.45058060E-05)
   0.00000000       1.00000000      -1.00000000     (  1.09663233E-03,  3.13669443E-02) ( -3.86498868E-03, -3.35276127E-03) ( -3.86498868E-03, -3.35276127E-03)
   0.00000000       2.00000000      -1.00000000     (  5.40167093E-04,  3.02679837E-05) (  4.42378223E-05, -3.49245965E-05) (  8.84756446E-05, -6.98491931E-05)
   0.00000000      -2.00000000      -1.00000000     ( -2.98023224E-04, -4.19095159E-05) (  1.67638063E-04,  8.38190317E-05) ( -3.35276127E-04, -1.67638063E-04)
   0.00000000      -1.00000000      -2.00000000     (  2.98023224E-04, -9.77888703E-05) (  2.04890966E-04,  9.77888703E-05) ( -1.02445483E-04, -4.88944352E-05)
   0.00000000      -1.00000000      -1.00000000     (  8.02800059E-03, -9.25734639E-03) ( -2.84984708E-03,  5.94183803E-03) (  2.84984708E-03, -5.94183803E-03)
   1.00000000       0.00000000      -2.00000000     (  1.76951289E-04, -9.31322575E-05) (  2.60770321E-04, -1.49011612E-04) (  8.84756446E-05, -4.65661287E-05)
   1.00000000       0.00000000      -1.00000000     (  9.62987542E-03, -4.81493771E-03) ( -1.01886690E-02, -2.05356628E-03) (  9.62987542E-03, -4.81493771E-03)
   1.00000000       1.00000000      -2.00000000     (  1.58324838E-04,  8.84756446E-05) ( -8.84756446E-05,  3.53902578E-04) (  3.72529030E-05,  2.23517418E-04)
   1.00000000       1.00000000      -1.00000000     (  1.95577741E-04, -1.11758709E-04) ( -4.28408384E-04, -2.04890966E-04) ( -2.32830644E-04, -3.16649675E-04)
   1.00000000       2.00000000      -1.00000000     ( -2.91038305E-05, -1.95577741E-04) (  1.07102096E-04,  1.58324838E-04) (  1.86264515E-04,  1.11758709E-04)
   1.00000000      -2.00000000      -1.00000000     ( -3.35276127E-04, -1.49011612E-04) ( -2.04890966E-04, -1.67638063E-04) (  7.91624188E-05,  1.86264515E-04)
   1.00000000      -1.00000000      -2.00000000     ( -1.58324838E-04,  1.76951289E-04) ( -2.42143869E-04,  2.56113708E-05) (  4.19095159E-05,  7.45058060E-05)
   1.00000000      -1.00000000      -1.00000000     (  7.91624188E-05, -3.35276127E-04) (  3.53902578E-04, -1.21071935E-04) ( -2.70083547E-04, -2.14204192E-04)
   2.00000000       0.00000000      -1.00000000     (  1.21071935E-04,  3.72529030E-05) (  1.39698386E-05, -3.37604433E-05) (  2.42143869E-04,  7.45058060E-05)
   2.00000000       1.00000000      -1.00000000     (  9.77888703E-05,  1.86264515E-05) ( -1.58324838E-04,  9.31322575E-05) (  3.25962901E-05,  1.30385160E-04)
   2.00000000      -1.00000000      -1.00000000     ( -3.49245965E-05, -2.56113708E-05) ( -2.79396772E-04,  2.23517418E-04) (  2.04890966E-04, -2.79396772E-04)
