   0.00000000       0.00000000      -2.00000000     ( -3.25962901E-04, -2.96160579E-03) (  2.34693289E-03, -1.08033419E-03) (  0.00000000    ,  0.00000000    )
   0.00000000       0.00000000      -1.00000000     (  2.65240669E-02, -5.67175448E-03) (  3.19629908E-02,  3.21865082E-02) (  0.00000000    ,  0.00000000    )
   0.00000000       1.00000000      -2.00000000     (  1.10594556E-04, -4.51691449E-04) (  2.04890966E-04, -1.01514161E-03) (  1.02445483E-04, -5.07570803E-04)
   0.00000000       1.00000000      -1.00000000     (  5.21540642E-03,  3.10689211E-02) ( -2.01631337E-03, -3.21306288E-03) ( -2.01631337E-03, -3.21306288E-03)
   0.00000000       2.00000000      -1.00000000     (  3.98606062E-03,  5.54136932E-04) (  6.84522092E-04,  3.51574272E-04) (  1.36904418E-03,  7.03148544E-04)
   0.00000000      -2.00000000      -1.00000000     ( -1.31316483E-03,  7.35744834E-04) (  1.02445483E-03,  4.19095159E-04) ( -2.04890966E-03, -8.38190317E-04)
   0.00000000      -1.00000000      -2.00000000     (  2.30967999E-03, -5.00585884E-05) (  1.02445483E-03,  6.93835318E-04) ( -5.12227416E-04, -3.46917659E-04)
   0.00000000      -1.00000000      -1.00000000     (  8.40052962E-03, -7.02217221E-03) ( -2.49128789E-03,  8.71717930E-03) (  2.49128789E-03, -8.71717930E-03)
   1.00000000       0.00000000      -2.00000000     (  1.30385160E-03, -9.12696123E-04) (  1.50874257E-03, -1.08964741E-03) (  6.51925802E-04, -4.56348062E-04)
   1.00000000       0.00000000      -1.00000000     (  9.90927219E-03, -4.22820449E-03) ( -1.01886690E-02, -3.11993062E-03) (  9.90927219E-03, -4.22820449E-03)
   1.00000000       1.00000000      -2.00000000     (  1.35041773E-03,  2.25845724E-04) ( -4.76575224E-06,  1.78813934E-03) (  6.70552254E-04,  1.00582838E-03)
   1.00000000       1.00000000      -1.00000000     (  8.94069672E-04, -2.28174031E-04) ( -2.12341547E-03, -1.20140612E-03) ( -1.23865902E-03, -1.43423676E-03)
   1.00000000       2.00000000      -1.00000000     ( -7.15954229E-05, -1.20140612E-03) (  5.21540642E-04,  2.88709998E-04) (  9.68575478E-04, -6.23986125E-04)
   1.00000000      -2.00000000      -1.00000000     ( -1.78813934E-03, -7.12461770E-04) ( -1.17346644E-03, -1.22003257E-03) (  5.68106771E-04,  1.73225999E-03)
   1.00000000      -1.00000000      -2.00000000     ( -7.77654350E-04,  1.34110451E-03) ( -5.82076609E-04, -6.57746568E-05) ( -9.83709469E-05,  7.03148544E-04)
   1.00000000      -1.00000000      -1.00000000     (  7.63684511E-04, -1.65775418E-03) (  2.12341547E-03, -5.30853868E-04) ( -1.35973096E-03, -1.12690032E-03)
   2.00000000       0.00000000      -1.00000000     (  8.56816769E-04,  2.02562660E-04) (  1.35041773E-04, -2.65426934E-04) (  1.71363354E-03,  4.05125320E-04)
   2.00000000       1.00000000      -1.00000000     (  9.12696123E-04,  3.58559191E-04) ( -1.49011612E-03,  7.96280801E-04) (  3.42261046E-04,  1.51805580E-03)
   2.00000000      -1.00000000      -1.00000000     ( -3.69618647E-05, -3.58559191E-04) ( -1.28522515E-03,  1.12690032E-03) (  1.21071935E-03, -1.84401870E-03)
