    0.000000        0.000000       -2.000000      (8.5309148E-03,2.3702160E-03)
   (5.5413693E-03,-3.3061951E-03)  (0.000000,0.000000)
    0.000000        0.000000       -1.000000      
 (2.2873282E-02,-1.2330711E-02)  (-5.3085387E-03,1.9446015E-02)  
 (0.000000,0.000000)
    0.000000        1.000000       -2.000000      
 (-1.1473894E-02,-3.1851232E-03)  (-1.0593794E-03,-4.7869980E-03)  
 (-5.2968971E-04,-2.3934990E-03)
    0.000000        1.000000       -1.000000      (7.1339309E-03,9.2759728E-03)
   (-2.7287751E-03,3.7625432E-03)  (-2.7287751E-03,3.7625432E-03)
    0.000000        2.000000       -1.000000      
 (-1.2852252E-02,9.9092722E-03)  (-4.0698797E-03,-1.0314398E-03)  
 (-8.1397593E-03,-2.0628795E-03)
    0.000000       -2.000000       -1.000000      (1.1287630E-02,3.0454248E-03)
   (-1.4028046E-04,2.5192276E-03)  (2.8056093E-04,-5.0384551E-03)
    0.000000       -1.000000       -2.000000      
 (-8.4936619E-03,2.3609027E-03)  (-8.0466270E-03,8.1636244E-05)  
 (4.0233135E-03,-4.0818122E-05)
    0.000000       -1.000000       -1.000000      (4.0233135E-03,3.2829121E-04)
   (7.2643161E-03,5.8114529E-03)  (-7.2643161E-03,-5.8114529E-03)
    1.000000        0.000000       -2.000000      (7.4505806E-03,4.1630119E-03)
   (-2.2677705E-03,7.5995922E-03)  (3.7252903E-03,2.0815060E-03)
    1.000000        0.000000       -1.000000      
 (4.1536987E-03,-1.2223609E-04)  (9.3504786E-03,-2.5052577E-03)  
 (4.1536987E-03,-1.2223609E-04)
    1.000000        1.000000       -2.000000      
 (-3.0919909E-03,-2.6216730E-03)  (9.7323209E-04,-1.3448298E-02)  
 (-1.0617077E-03,-8.0280006E-03)
    1.000000        1.000000       -1.000000      
 (-8.6240470E-03,-4.7963113E-03)  (3.4086406E-03,-7.3807314E-04)  
 (-5.2154064E-03,-5.5413693E-03)
    1.000000        2.000000       -1.000000      
 (-1.0095537E-02,-3.5203993E-03)  (1.9418076E-03,2.5471672E-03)  
 (-6.2026083E-03,1.5785918E-03)
    1.000000       -2.000000       -1.000000      
 (-9.1269612E-04,-6.5006316E-03)  (-1.6158447E-03,-3.6042184E-03)  
 (2.3143366E-03,7.1479008E-04)
    1.000000       -1.000000       -2.000000      (4.7031790E-03,2.4214387E-03)
   (-3.4924597E-03,2.7986243E-03)  (4.0978193E-03,-1.8917490E-04)
    1.000000       -1.000000       -1.000000      
 (-9.2200935E-03,2.8964132E-03)  (-8.4936619E-03,9.8953024E-04)  
 (-7.3108822E-04,1.9045547E-03)
    2.000000        0.000000       -1.000000      
 (-3.0093361E-04,4.5821071E-03)  (2.6077032E-04,7.2829425E-03)  
 (-6.0186721E-04,9.1642141E-03)
    2.000000        1.000000       -1.000000      (2.3108441E-04,2.6266207E-05)
   (4.2840838E-03,-6.9662929E-03)  (4.7404319E-03,-6.9104135E-03)
    2.000000       -1.000000       -1.000000      
 (-1.7834827E-03,5.6461431E-04)  (8.7311491E-04,4.7590584E-03)  
 (-4.4424087E-03,-3.6321580E-03)
