   0.00000000       0.00000000      -2.00000000     ( -3.30619514E-04, -1.86264515E-03) (  1.47148967E-03, -5.68106771E-04) (  0.00000000    ,  0.00000000    )
   0.00000000       0.00000000      -1.00000000     (  2.44379044E-02, -3.95812094E-03) (  3.38256359E-02,  2.95042992E-02) (  0.00000000    ,  0.00000000    )
   0.00000000       1.00000000      -2.00000000     ( -2.21189111E-04, -1.32713467E-04) (  4.00468707E-04, -5.58793545E-04) (  2.00234354E-04, -2.79396772E-04)
   0.00000000       1.00000000      -1.00000000     (  2.47731805E-03,  3.18884850E-02) ( -3.25962901E-03, -3.48314643E-03) ( -3.25962901E-03, -3.48314643E-03)
   0.00000000       2.00000000      -1.00000000     (  2.19792128E-03,  2.09547579E-04) (  2.70083547E-04,  5.09317033E-06) (  5.40167093E-04,  1.01863407E-05)
   0.00000000      -2.00000000      -1.00000000     ( -9.68575478E-04,  6.75208867E-05) (  6.33299351E-04,  3.21306288E-04) ( -1.26659870E-03, -6.42612576E-04)
   0.00000000      -1.00000000      -2.00000000     (  1.22934580E-03, -2.49128789E-04) (  7.26431608E-04,  4.09781933E-04) ( -3.63215804E-04, -2.04890966E-04)
   0.00000000      -1.00000000      -1.00000000     (  8.23289156E-03, -8.71717930E-03) ( -2.84053385E-03,  7.05942512E-03) (  2.84053385E-03, -7.05942512E-03)
   1.00000000       0.00000000      -2.00000000     (  7.07805157E-04, -4.23751771E-04) (  9.77888703E-04, -5.58793545E-04) (  3.53902578E-04, -2.11875886E-04)
   1.00000000       0.00000000      -1.00000000     (  9.96515155E-03, -4.72180545E-03) ( -1.04494393E-02, -2.58907676E-03) (  9.96515155E-03, -4.72180545E-03)
   1.00000000       1.00000000      -2.00000000     (  6.70552254E-04,  3.02679837E-04) ( -1.74622983E-04,  1.21071935E-03) (  2.49128789E-04,  7.63684511E-04)
   1.00000000       1.00000000      -1.00000000     (  6.23986125E-04, -2.98023224E-04) ( -1.49011612E-03, -7.91624188E-04) ( -8.66129994E-04, -1.09896064E-03)
   1.00000000       2.00000000      -1.00000000     ( -6.17001206E-05, -8.00937414E-04) (  3.58559191E-04,  4.65661287E-04) (  6.61239028E-04,  1.30385160E-04)
   1.00000000      -2.00000000      -1.00000000     ( -1.21071935E-03, -5.58793545E-04) ( -7.63684511E-04, -6.98491931E-04) (  3.11993062E-04,  8.47503543E-04)
   1.00000000      -1.00000000      -2.00000000     ( -5.77419996E-04,  7.26431608E-04) ( -7.54371285E-04,  2.11002771E-06) (  8.96397978E-05,  3.63215804E-04)
   1.00000000      -1.00000000      -1.00000000     (  3.67872417E-04, -1.19209290E-03) (  1.32247806E-03, -4.00468707E-04) ( -9.59262252E-04, -7.82310963E-04)
   2.00000000       0.00000000      -1.00000000     (  4.93600965E-04,  1.21071935E-04) (  8.26548785E-05, -1.55996531E-04) (  9.87201929E-04,  2.42143869E-04)
   2.00000000       1.00000000      -1.00000000     (  4.70317900E-04,  1.46683306E-04) ( -7.63684511E-04,  4.23751771E-04) (  1.72294676E-04,  7.17118382E-04)
   2.00000000      -1.00000000      -1.00000000     ( -9.19681042E-05, -1.39698386E-04) ( -9.68575478E-04,  7.82310963E-04) (  7.82310963E-04, -1.06170774E-03)
