   0.00000000       0.00000000      -2.00000000     ( -3.72529030E-05, -1.86264515E-05) (  3.72529030E-05, -2.91038305E-07) (  0.00000000    ,  0.00000000    )
   0.00000000       0.00000000      -1.00000000     (  1.38208270E-02,  9.07108188E-03) (  4.23192978E-02,  1.31130219E-02) (  0.00000000    ,  0.00000000    )
   0.00000000       1.00000000      -2.00000000     ( -1.86264515E-05, -4.65661287E-06) ( -4.65661287E-06, -4.65661287E-06) ( -2.32830644E-06, -2.32830644E-06)
   0.00000000       1.00000000      -1.00000000     ( -6.33299351E-03,  2.92062759E-02) ( -9.46223736E-03, -3.15718353E-03) ( -9.46223736E-03, -3.15718353E-03)
   0.00000000       2.00000000      -1.00000000     (  9.31322575E-06, -2.32830644E-06) (  9.31322575E-06, -1.86264515E-05) (  1.86264515E-05, -3.72529030E-05)
   0.00000000      -2.00000000      -1.00000000     ( -3.72529030E-05, -4.65661287E-06) (  9.31322575E-06, -4.65661287E-06) ( -1.86264515E-05,  9.31322575E-06)
   0.00000000      -1.00000000      -2.00000000     ( -4.65661287E-06, -9.31322575E-06) (  9.31322575E-06,  9.31322575E-06) ( -4.65661287E-06, -4.65661287E-06)
   0.00000000      -1.00000000      -1.00000000     (  9.12696123E-03, -8.40052962E-03) (  9.08039510E-04,  1.47148967E-03) ( -9.08039510E-04, -1.47148967E-03)
   1.00000000       0.00000000      -2.00000000     (  1.86264515E-05,  9.31322575E-06) ( -4.65661287E-06, -3.72529030E-05) (  9.31322575E-06,  4.65661287E-06)
   1.00000000       0.00000000      -1.00000000     (  1.12131238E-02, -5.68106771E-03) ( -8.99657607E-03,  1.40443444E-02) (  1.12131238E-02, -5.68106771E-03)
   1.00000000       1.00000000      -2.00000000     ( -1.16415322E-06, -9.31322575E-06) (  7.27595761E-08,  1.86264515E-05) ( -5.82076609E-07,  4.65661287E-06)
   1.00000000       1.00000000      -1.00000000     (  3.72529030E-05, -3.72529030E-05) ( -9.31322575E-06,  1.86264515E-05) (  3.72529030E-05, -3.72529030E-05)
   1.00000000       2.00000000      -1.00000000     ( -1.16415322E-06,  1.86264515E-05) (  2.32830644E-06, -4.65661287E-06) (  4.65661287E-06,  2.32830644E-06)
   1.00000000      -2.00000000      -1.00000000     ( -4.65661287E-06,  4.65661287E-06) ( -9.31322575E-06,  5.82076609E-07) (  1.86264515E-05,  2.32830644E-06)
   1.00000000      -1.00000000      -2.00000000     ( -9.31322575E-06,  1.86264515E-05) ( -5.82076609E-07,  4.65661287E-06) ( -4.65661287E-06,  4.65661287E-06)
   1.00000000      -1.00000000      -1.00000000     (  1.16415322E-06, -1.86264515E-05) (  9.31322575E-06, -9.31322575E-06) ( -9.31322575E-06, -1.16415322E-06)
   2.00000000       0.00000000      -1.00000000     (  9.31322575E-06,  1.16415322E-06) ( -9.31322575E-06,  1.86264515E-05) (  1.86264515E-05,  2.32830644E-06)
   2.00000000       1.00000000      -1.00000000     ( -9.31322575E-06,  7.27595761E-08) (  1.86264515E-05, -1.86264515E-05) (  2.91038305E-07, -1.86264515E-05)
   2.00000000      -1.00000000      -1.00000000     ( -9.31322575E-06, -2.32830644E-06) ( -9.31322575E-06, -1.16415322E-06) ( -9.31322575E-06, -4.65661287E-06)
