   0.00000000       0.00000000       1.00000000     (  1.65402889E-02, -2.75671482E-03) (  3.70293856E-02, -1.85519457E-02) (  0.00000000    ,  0.00000000    )
   0.00000000       0.00000000       2.00000000     (  9.87201929E-04, -1.45286322E-03) ( -1.32247806E-03,  1.60653144E-04) (  0.00000000    ,  0.00000000    )
   0.00000000       1.00000000       0.00000000     ( -9.29459929E-03, -2.70083547E-03) (  0.00000000    ,  0.00000000    ) (  8.64267349E-03,  1.31502748E-02)
   0.00000000       1.00000000       1.00000000     (  8.43778253E-03,  1.04680657E-02) ( -1.69966370E-03, -2.34227628E-03) (  1.69966370E-03,  2.34227628E-03)
   0.00000000       1.00000000       2.00000000     ( -4.00468707E-04, -6.05359674E-04) ( -4.93600965E-04,  1.88592821E-04) (  2.46800482E-04, -9.42964107E-05)
   0.00000000       2.00000000       0.00000000     (  3.39932740E-04,  1.50874257E-03) (  0.00000000    ,  0.00000000    ) ( -1.93715096E-03,  8.38190317E-04)
   0.00000000       2.00000000       1.00000000     (  1.52736902E-03, -5.21540642E-04) ( -4.65661287E-04,  1.41881173E-06) (  9.31322575E-04, -2.83762347E-06)
   0.00000000      -2.00000000       0.00000000     (  3.39932740E-04, -1.50874257E-03) (  0.00000000    ,  0.00000000    ) ( -1.93715096E-03, -8.38190317E-04)
   0.00000000      -2.00000000       1.00000000     ( -6.23986125E-04, -2.37487257E-04) (  4.19095159E-05, -5.58793545E-04) (  8.38190317E-05, -1.11758709E-03)
   0.00000000      -1.00000000       0.00000000     ( -9.29459929E-03,  2.70083547E-03) (  0.00000000    ,  0.00000000    ) (  8.64267349E-03, -1.31502748E-02)
   0.00000000      -1.00000000       1.00000000     ( -3.55765224E-03, -3.01003456E-02) ( -6.91041350E-03,  2.14204192E-03) ( -6.91041350E-03,  2.14204192E-03)
   0.00000000      -1.00000000       2.00000000     (  8.47503543E-04, -2.79396772E-05) ( -1.49011612E-04, -5.21540642E-04) ( -7.45058060E-05, -2.60770321E-04)
   1.00000000       0.00000000       0.00000000     (  0.00000000    ,  0.00000000    ) ( -2.13831663E-02,  1.90734863E-02) (  2.27242708E-02,  8.92207026E-03)
   1.00000000       0.00000000       1.00000000     ( -3.11993062E-03, -5.36674634E-04) ( -2.27987766E-02, -1.11758709E-02) (  3.11993062E-03,  5.36674634E-04)
   1.00000000       0.00000000       2.00000000     ( -9.68575478E-04,  3.07336450E-04) (  6.42612576E-04,  6.98491931E-04) (  4.84287739E-04, -1.53668225E-04)
   1.00000000       1.00000000       0.00000000     (  7.07223080E-05,  2.45869160E-03) ( -7.07223080E-05, -2.45869160E-03) ( -9.22009349E-03,  1.16229057E-02)
   1.00000000       1.00000000       1.00000000     (  4.74974513E-04, -4.19095159E-05) ( -1.75088644E-03, -9.77888703E-05) (  1.26659870E-03,  1.39698386E-04)
   1.00000000       1.00000000       2.00000000     ( -1.86264515E-03,  9.77888703E-05) (  3.07336450E-04,  8.94069672E-04) (  7.82310963E-04, -5.02914190E-04)
   1.00000000       2.00000000       0.00000000     (  9.68575478E-04, -3.07336450E-04) ( -4.84287739E-04,  1.53668225E-04) ( -3.30619514E-04,  1.09896064E-03)
   1.00000000       2.00000000       1.00000000     (  2.42143869E-04,  4.56348062E-04) ( -5.68106771E-04,  1.30385160E-04) (  8.84756446E-04, -7.17118382E-04)
   1.00000000      -2.00000000       0.00000000     ( -8.94069672E-04, -1.01863407E-05) ( -4.47034836E-04, -5.09317033E-06) ( -8.19563866E-04, -1.21071935E-03)
   1.00000000      -2.00000000       1.00000000     ( -8.47503543E-04, -4.65661287E-04) ( -2.28174031E-04, -3.35276127E-04) (  3.86498868E-04, -2.09547579E-04)
   1.00000000      -1.00000000       0.00000000     ( -3.48081812E-04, -6.89178705E-03) ( -3.48081812E-04, -6.89178705E-03) ( -1.01700425E-02,  2.92807817E-02)
   1.00000000      -1.00000000       1.00000000     (  1.93715096E-03,  6.79865479E-04) ( -2.37487257E-04, -1.86264515E-03) ( -2.16066837E-03, -2.53319740E-03)
   1.00000000      -1.00000000       2.00000000     ( -1.26659870E-03,  9.12696123E-04) ( -8.84756446E-04,  8.47503543E-04) (  1.93249434E-04, -3.08500603E-05)
   2.00000000       0.00000000       0.00000000     (  0.00000000    ,  0.00000000    ) (  8.00937414E-04,  1.97440386E-03) ( -4.65661287E-04,  9.87201929E-04)
   2.00000000       0.00000000       1.00000000     (  7.33416528E-05, -3.07336450E-04) (  5.58793545E-04,  1.00582838E-03) ( -1.46683306E-04,  6.14672899E-04)
   2.00000000       1.00000000       0.00000000     (  3.72529030E-04,  6.51925802E-04) ( -7.45058060E-04, -1.30385160E-03) ( -9.12696123E-04,  1.65775418E-03)
   2.00000000       1.00000000       1.00000000     (  4.19095159E-04,  2.29920261E-05) ( -6.98491931E-04, -5.30853868E-04) ( -1.44354999E-04,  4.84287739E-04)
   2.00000000      -1.00000000       0.00000000     ( -2.84053385E-04,  1.55996531E-04) ( -5.68106771E-04,  3.11993062E-04) ( -7.17118382E-04, -1.72294676E-04)
   2.00000000      -1.00000000       1.00000000     ( -4.33064997E-04, -2.11875886E-04) ( -1.35973096E-03, -3.63215804E-04) ( -5.02914190E-04,  5.70435077E-05)
