   0.00000000       0.00000000       1.00000000     (  1.38580799E-02, -9.01520252E-03) (  4.23192978E-02, -1.31875277E-02) (  0.00000000    ,  0.00000000    )
   0.00000000       0.00000000       2.00000000     ( -7.45058060E-05,  3.72529030E-05) (  5.58793545E-05,  5.82076609E-07) (  0.00000000    ,  0.00000000    )
   0.00000000       1.00000000       0.00000000     ( -3.12924385E-03, -4.37721610E-03) (  0.00000000    ,  0.00000000    ) (  1.35228038E-02,  9.05245543E-03)
   0.00000000       1.00000000       1.00000000     (  9.12696123E-03,  8.43778253E-03) (  8.77771527E-04, -1.48080289E-03) ( -8.77771527E-04,  1.48080289E-03)
   0.00000000       1.00000000       2.00000000     ( -1.39698386E-05,  2.79396772E-05) (  1.86264515E-05, -1.39698386E-05) ( -9.31322575E-06,  6.98491931E-06)
   0.00000000       2.00000000       0.00000000     ( -2.79396772E-05, -2.79396772E-05) (  0.00000000    ,  0.00000000    ) (  3.72529030E-05, -9.31322575E-06)
   0.00000000       2.00000000       1.00000000     ( -5.58793545E-05,  1.39698386E-05) (  1.39698386E-05,  9.31322575E-06) ( -2.79396772E-05, -1.86264515E-05)
   0.00000000      -2.00000000       0.00000000     ( -2.79396772E-05,  2.79396772E-05) (  0.00000000    ,  0.00000000    ) (  3.72529030E-05,  9.31322575E-06)
   0.00000000      -2.00000000       1.00000000     (  1.86264515E-05,  4.65661287E-06) (  1.86264515E-05,  2.79396772E-05) (  3.72529030E-05,  5.58793545E-05)
   0.00000000      -1.00000000       0.00000000     ( -3.12924385E-03,  4.37721610E-03) (  0.00000000    ,  0.00000000    ) (  1.35228038E-02, -9.05245543E-03)
   0.00000000      -1.00000000       1.00000000     ( -6.33299351E-03, -2.92062759E-02) ( -9.44361091E-03,  3.14787030E-03) ( -9.44361091E-03,  3.14787030E-03)
   0.00000000      -1.00000000       2.00000000     ( -3.72529030E-05,  9.31322575E-06) ( -1.39698386E-05,  9.31322575E-06) ( -6.98491931E-06,  4.65661287E-06)
   1.00000000       0.00000000       0.00000000     (  0.00000000    ,  0.00000000    ) ( -3.02493572E-02,  2.28732824E-02) (  1.98930502E-02,  2.59373337E-03)
   1.00000000       0.00000000       1.00000000     ( -3.87430191E-03,  6.33299351E-04) ( -1.80304050E-02, -1.74343586E-02) (  3.87430191E-03, -6.33299351E-04)
   1.00000000       0.00000000       2.00000000     (  5.58793545E-05,  1.86264515E-05) ( -2.79396772E-05, -1.86264515E-05) ( -2.79396772E-05, -9.31322575E-06)
   1.00000000       1.00000000       0.00000000     (  1.90921128E-03,  4.72180545E-03) ( -1.90921128E-03, -4.72180545E-03) ( -5.81145287E-03,  1.19954348E-02)
   1.00000000       1.00000000       1.00000000     ( -1.86264515E-05, -2.79396772E-05) (  7.45058060E-05,  1.74622983E-06) ( -5.58793545E-05,  1.86264515E-05)
   1.00000000       1.00000000       2.00000000     (  7.45058060E-05, -1.39698386E-05) ( -2.79396772E-05, -3.72529030E-05) ( -2.79396772E-05,  2.79396772E-05)
   1.00000000       2.00000000       0.00000000     ( -1.16415322E-06, -6.98491931E-06) (  5.82076609E-07,  3.49245965E-06) (  3.72529030E-05, -6.98491931E-06)
   1.00000000       2.00000000       1.00000000     (  9.31322575E-06, -9.31322575E-06) (  1.86264515E-05, -4.65661287E-06) ( -5.58793545E-05,  1.86264515E-05)
   1.00000000      -2.00000000       0.00000000     (  1.39698386E-05, -1.86264515E-05) (  6.98491931E-06, -9.31322575E-06) (  1.86264515E-05,  5.58793545E-05)
   1.00000000      -2.00000000       1.00000000     (  3.72529030E-05,  2.79396772E-05) (  6.98491931E-06,  1.39698386E-05) ( -2.79396772E-05,  8.73114914E-07)
   1.00000000      -1.00000000       0.00000000     (  5.39002940E-04, -5.34579158E-03) (  5.39002940E-04, -5.34579158E-03) ( -8.90344381E-03,  3.42726707E-02)
   1.00000000      -1.00000000       1.00000000     ( -1.11758709E-04, -3.72529030E-05) ( -8.73114914E-07,  7.45058060E-05) (  1.11758709E-04,  1.11758709E-04)
   1.00000000      -1.00000000       2.00000000     (  3.72529030E-05, -3.49245965E-06) (  2.79396772E-05, -3.72529030E-05) ( -6.98491931E-06, -1.86264515E-05)
   2.00000000       0.00000000       0.00000000     (  0.00000000    ,  0.00000000    ) ( -2.79396772E-05, -7.45058060E-05) (  2.79396772E-05, -4.65661287E-06)
   2.00000000       0.00000000       1.00000000     (  6.98491931E-06, -8.73114914E-07) ( -6.98491931E-06, -1.86264515E-05) ( -1.39698386E-05,  1.74622983E-06)
   2.00000000       1.00000000       0.00000000     ( -1.39698386E-05, -9.31322575E-06) (  2.79396772E-05,  1.86264515E-05) (  8.73114914E-07, -3.72529030E-05)
   2.00000000       1.00000000       1.00000000     ( -3.49245965E-06,  9.31322575E-06) (  3.72529030E-05, -1.39698386E-05) ( -2.79396772E-05, -4.65661287E-06)
   2.00000000      -1.00000000       0.00000000     (  1.39698386E-05,  4.65661287E-06) (  2.79396772E-05,  9.31322575E-06) (  1.39698386E-05,  6.98491931E-06)
   2.00000000      -1.00000000       1.00000000     (  9.31322575E-06,  2.79396772E-05) (  2.79396772E-05,  2.79396772E-05) (  6.98491931E-06, -3.72529030E-05)
