   0.00000000       0.00000000       1.00000000     (  1.77696347E-02, -4.14438546E-04) (  3.43471766E-02, -2.08616257E-02) (  0.00000000    ,  0.00000000    )
   0.00000000       0.00000000       2.00000000     (  1.27591193E-03, -2.66358256E-03) ( -2.16066837E-03, -1.20053301E-06) (  0.00000000    ,  0.00000000    )
   0.00000000       1.00000000       0.00000000     ( -1.19954348E-02, -1.76485628E-03) (  0.00000000    ,  0.00000000    ) (  6.81728125E-03,  1.40443444E-02)
   0.00000000       1.00000000       1.00000000     (  7.87898898E-03,  1.00582838E-02) ( -2.35158950E-03, -3.17580998E-03) (  2.35158950E-03,  3.17580998E-03)
   0.00000000       1.00000000       2.00000000     ( -1.07102096E-03, -9.22009349E-04) ( -9.40635800E-04,  2.30502337E-04) (  4.70317900E-04, -1.15251169E-04)
   0.00000000       2.00000000       0.00000000     (  7.45058060E-04,  2.77534127E-03) (  0.00000000    ,  0.00000000    ) ( -3.31550837E-03,  2.14204192E-03)
   0.00000000       2.00000000       1.00000000     (  2.14204192E-03, -9.22009349E-04) ( -7.45058060E-04,  2.35158950E-04) (  1.49011612E-03, -4.70317900E-04)
   0.00000000      -2.00000000       0.00000000     (  7.45058060E-04, -2.77534127E-03) (  0.00000000    ,  0.00000000    ) ( -3.31550837E-03, -2.14204192E-03)
   0.00000000      -2.00000000       1.00000000     ( -1.75088644E-03, -2.63098627E-04) (  1.54832378E-04, -7.12461770E-04) (  3.09664756E-04, -1.42492354E-03)
   0.00000000      -1.00000000       0.00000000     ( -1.19954348E-02,  1.76485628E-03) (  0.00000000    ,  0.00000000    ) (  6.81728125E-03, -1.40443444E-02)
   0.00000000      -1.00000000       1.00000000     ( -2.07684934E-03, -2.96533108E-02) ( -5.62518835E-03,  2.45869160E-03) ( -5.62518835E-03,  2.45869160E-03)
   0.00000000      -1.00000000       2.00000000     (  1.15483999E-03,  3.12866177E-06) ( -7.17118382E-04, -8.75443220E-04) ( -3.58559191E-04, -4.37721610E-04)
   1.00000000       0.00000000       0.00000000     (  0.00000000    ,  0.00000000    ) ( -1.79931521E-02,  1.73971057E-02) (  2.45124102E-02,  1.17719173E-02)
   1.00000000       0.00000000       1.00000000     ( -1.92783773E-03, -1.58324838E-03) ( -2.48104334E-02, -7.95349479E-03) (  1.92783773E-03,  1.58324838E-03)
   1.00000000       0.00000000       2.00000000     ( -1.20140612E-03,  1.20140612E-03) (  9.87201929E-04,  1.24797225E-03) (  6.00703061E-04, -6.00703061E-04)
   1.00000000       1.00000000       0.00000000     (  3.95812094E-04,  1.82073563E-03) ( -3.95812094E-04, -1.82073563E-03) ( -9.79751348E-03,  1.16229057E-02)
   1.00000000       1.00000000       1.00000000     (  1.03376806E-03, -5.49480319E-04) ( -2.77534127E-03, -1.51339918E-04) (  1.73225999E-03,  7.03148544E-04)
   1.00000000       1.00000000       2.00000000     ( -2.34693289E-03, -1.02445483E-04) (  3.67872417E-04,  1.20140612E-03) (  9.87201929E-04, -5.54136932E-04)
   1.00000000       2.00000000       0.00000000     (  1.49011612E-03, -3.39932740E-04) ( -7.45058060E-04,  1.69966370E-04) (  3.70200723E-04,  1.82539225E-03)
   1.00000000       2.00000000       1.00000000     (  1.08033419E-03,  1.07102096E-03) ( -1.07102096E-03, -6.34463504E-05) (  1.07102096E-03, -9.40635800E-04)
   1.00000000      -2.00000000       0.00000000     ( -1.52736902E-03, -3.56230885E-04) ( -7.63684511E-04, -1.78115442E-04) ( -1.34110451E-03, -1.89989805E-03)
   1.00000000      -2.00000000       1.00000000     ( -1.06170774E-03, -2.00234354E-04) ( -3.53902578E-04, -1.19907781E-04) (  3.56230885E-04, -3.95812094E-05)
   1.00000000      -1.00000000       0.00000000     ( -6.00703061E-04, -8.08387995E-03) ( -6.00703061E-04, -8.08387995E-03) ( -1.08405948E-02,  2.60770321E-02)
   1.00000000      -1.00000000       1.00000000     (  2.79396772E-03,  8.94069672E-04) ( -5.77419996E-04, -3.20374966E-03) ( -3.35276127E-03, -4.09781933E-03)
   1.00000000      -1.00000000       2.00000000     ( -2.42143869E-03,  2.16066837E-03) ( -1.24797225E-03,  1.38767064E-03) (  5.82076609E-04, -3.86498868E-04)
   2.00000000       0.00000000       0.00000000     (  0.00000000    ,  0.00000000    ) (  1.60187483E-03,  3.39001417E-03) ( -7.40401447E-04,  2.14204192E-03)
   2.00000000       0.00000000       1.00000000     (  3.77185643E-04, -8.38190317E-04) (  9.59262252E-04,  1.78813934E-03) ( -7.54371285E-04,  1.67638063E-03)
   2.00000000       1.00000000       0.00000000     (  2.86381692E-04,  1.26659870E-03) ( -5.72763383E-04, -2.53319740E-03) ( -1.73225999E-03,  2.90572643E-03)
   2.00000000       1.00000000       1.00000000     (  7.54371285E-04,  3.05008143E-04) ( -5.63450158E-04, -1.84401870E-03) ( -9.40635800E-04,  1.23865902E-03)
   2.00000000      -1.00000000       0.00000000     ( -5.63450158E-04,  5.07570803E-04) ( -1.12690032E-03,  1.01514161E-03) ( -1.08964741E-03, -8.96397978E-05)
   2.00000000      -1.00000000       1.00000000     ( -8.75443220E-04,  2.96859071E-05) ( -2.66358256E-03, -2.32830644E-04) ( -9.12696123E-04, -2.93366611E-04)
