   0.00000000       0.00000000      -2.00000000     (  8.45640898E-03,  2.59838998E-03) ( -1.24424696E-02,  6.16535544E-03) (  0.00000000    ,  0.00000000    )
   0.00000000       0.00000000      -1.00000000     (  1.28056854E-04,  1.09523535E-02) (  2.16066837E-02, -4.43309546E-03) (  0.00000000    ,  0.00000000    )
   0.00000000       1.00000000      -2.00000000     ( -1.96509063E-03,  3.18512321E-03) (  1.08033419E-03, -2.94297934E-03) (  5.40167093E-04, -1.47148967E-03)
   0.00000000       1.00000000      -1.00000000     ( -7.63684511E-03,  1.13993883E-02) ( -5.64381480E-03, -5.81145287E-03) ( -5.64381480E-03, -5.81145287E-03)
   0.00000000       2.00000000      -1.00000000     (  1.83470547E-03, -7.24103302E-04) ( -7.07805157E-04, -2.24681571E-04) ( -1.41561031E-03, -4.49363142E-04)
   0.00000000      -2.00000000      -1.00000000     ( -6.68223947E-04,  4.07919288E-03) ( -1.70432031E-03, -1.43889338E-03) (  3.40864062E-03,  2.87778676E-03)
   0.00000000      -1.00000000      -2.00000000     (  6.03497028E-03,  4.88013029E-03) ( -3.20374966E-03, -2.33761966E-03) (  1.60187483E-03,  1.16880983E-03)
   0.00000000      -1.00000000      -1.00000000     ( -4.32133675E-03,  1.99303031E-03) (  4.06056643E-03,  1.26194209E-03) ( -4.06056643E-03, -1.26194209E-03)
   1.00000000       0.00000000      -2.00000000     ( -1.97440386E-03, -1.36438757E-03) (  3.13157216E-04,  6.63101673E-03) ( -9.87201929E-04, -6.82193786E-04)
   1.00000000       0.00000000      -1.00000000     (  9.64850187E-03, -5.66244125E-03) ( -3.89292836E-03,  2.83122063E-02) (  9.64850187E-03, -5.66244125E-03)
   1.00000000       1.00000000      -2.00000000     (  1.87195837E-03,  2.81259418E-03) ( -5.42029738E-03, -4.91272658E-04) ( -1.76951289E-03,  1.15949661E-03)
   1.00000000       1.00000000      -1.00000000     (  2.44006515E-03,  7.63684511E-03) ( -1.51805580E-03, -5.17815351E-03) (  9.17352736E-04,  2.48663127E-03)
   1.00000000       2.00000000      -1.00000000     (  2.73808837E-03,  1.19209290E-03) ( -2.85217538E-04,  4.46743798E-05) (  2.16066837E-03,  1.28056854E-03)
   1.00000000      -2.00000000      -1.00000000     (  6.26314431E-04,  1.80676579E-03) ( -1.49157131E-05,  3.22470441E-04) (  6.54254109E-04,  1.16415322E-03)
   1.00000000      -1.00000000      -2.00000000     ( -1.31316483E-03, -5.47617674E-03) ( -1.00117177E-03,  3.93018126E-03) ( -1.54832378E-04, -4.69386578E-03)
   1.00000000      -1.00000000      -1.00000000     ( -2.03028321E-03,  4.98257577E-04) ( -2.19792128E-03, -4.67523932E-03) (  1.69966370E-04,  5.17815351E-03)
   2.00000000       0.00000000      -1.00000000     ( -1.78813934E-03, -1.37952156E-04) ( -3.85567546E-03, -3.01515684E-04) ( -3.57627869E-03, -2.75904313E-04)
   2.00000000       1.00000000      -1.00000000     (  1.55996531E-03,  1.23400241E-03) ( -4.07919288E-03, -2.96160579E-03) ( -9.49949026E-04, -4.86616045E-04)
   2.00000000      -1.00000000      -1.00000000     (  7.59027898E-04, -8.33533704E-04) (  1.73225999E-03,  6.96163625E-04) ( -2.16532499E-04, -2.36555934E-03)
