   0.00000000       0.00000000       1.00000000     (  2.40653753E-02,  3.73460352E-03) (  3.38256359E-02, -2.90572643E-02) (  0.00000000    ,  0.00000000    )
   0.00000000       0.00000000       2.00000000     ( -3.02679837E-04,  1.58324838E-03) (  1.24797225E-03,  4.65661287E-04) (  0.00000000    ,  0.00000000    )
   0.00000000       1.00000000       0.00000000     ( -1.82539225E-02, -6.72880560E-04) (  0.00000000    ,  0.00000000    ) (  5.00120223E-03,  1.65030360E-02)
   0.00000000       1.00000000       1.00000000     (  8.17701221E-03,  8.82893801E-03) ( -2.84053385E-03, -6.81728125E-03) (  2.84053385E-03,  6.81728125E-03)
   0.00000000       1.00000000       2.00000000     (  1.02445483E-03,  2.32830644E-04) (  6.23986125E-04, -3.39932740E-04) ( -3.11993062E-04,  1.69966370E-04)
   0.00000000       2.00000000       0.00000000     ( -4.14438546E-04, -1.45286322E-03) (  0.00000000    ,  0.00000000    ) (  1.62050128E-03, -1.75088644E-03)
   0.00000000       2.00000000       1.00000000     ( -8.47503543E-04, -1.74622983E-05) (  5.30853868E-04, -2.74740160E-04) ( -1.06170774E-03,  5.49480319E-04)
   0.00000000      -2.00000000       0.00000000     ( -4.14438546E-04,  1.45286322E-03) (  0.00000000    ,  0.00000000    ) (  1.62050128E-03,  1.75088644E-03)
   0.00000000      -2.00000000       1.00000000     (  1.86264515E-03, -1.62981451E-04) (  2.11875886E-04,  1.86264515E-05) (  4.23751771E-04,  3.72529030E-05)
   0.00000000      -1.00000000       0.00000000     ( -1.82539225E-02,  6.72880560E-04) (  0.00000000    ,  0.00000000    ) (  5.00120223E-03, -1.65030360E-02)
   0.00000000      -1.00000000       1.00000000     (  2.17929482E-03, -3.17394733E-02) ( -3.38070095E-03,  3.46451998E-03) ( -3.38070095E-03,  3.46451998E-03)
   0.00000000      -1.00000000       2.00000000     ( -2.18860805E-04,  9.89530236E-05) (  3.67872417E-04,  4.74974513E-04) (  1.83936208E-04,  2.37487257E-04)
   1.00000000       0.00000000       0.00000000     (  0.00000000    ,  0.00000000    ) ( -1.52736902E-02,  1.69128180E-02) (  3.21865082E-02,  2.03400850E-02)
   1.00000000       0.00000000       1.00000000     (  1.13621354E-03, -3.59490514E-03) ( -3.30805779E-02, -1.77416950E-03) ( -1.13621354E-03,  3.59490514E-03)
   1.00000000       0.00000000       2.00000000     (  8.61473382E-05, -1.04308128E-03) ( -8.66129994E-04, -8.56816769E-04) ( -4.30736691E-05,  5.21540642E-04)
   1.00000000       1.00000000       0.00000000     (  2.74740160E-03,  3.50177288E-03) ( -2.74740160E-03, -3.50177288E-03) ( -1.09523535E-02,  1.28895044E-02)
   1.00000000       1.00000000       1.00000000     ( -8.00937414E-04,  7.63684511E-04) (  1.39698386E-03,  4.07453626E-05) ( -5.96046448E-04, -8.00937414E-04)
   1.00000000       1.00000000       2.00000000     (  7.91624188E-04,  1.81607902E-04) ( -1.28056854E-04, -2.42143869E-04) ( -3.30619514E-04,  2.91038305E-05)
   1.00000000       2.00000000       0.00000000     ( -1.94995664E-05, -2.74740160E-04) (  9.74978320E-06,  1.37370080E-04) ( -1.08033419E-03, -3.63215804E-04)
   1.00000000       2.00000000       1.00000000     ( -1.32247806E-03, -5.30853868E-04) (  8.94069672E-04,  2.84053385E-04) ( -4.74974513E-04, -4.36557457E-05)
   1.00000000      -2.00000000       0.00000000     (  5.77419996E-04,  6.79865479E-04) (  2.88709998E-04,  3.39932740E-04) (  6.79865479E-04,  9.68575478E-04)
   1.00000000      -2.00000000       1.00000000     (  4.14438546E-04, -6.05359674E-04) (  1.81607902E-04, -4.74974513E-04) ( -5.29689714E-05, -3.44589353E-04)
   1.00000000      -1.00000000       0.00000000     ( -1.29453838E-03, -1.27032399E-02) ( -1.29453838E-03, -1.27032399E-02) ( -1.35973096E-02,  2.30222940E-02)
   1.00000000      -1.00000000       1.00000000     ( -1.17346644E-03, -3.11993062E-04) (  5.40167093E-04,  1.97440386E-03) (  1.73225999E-03,  2.27242708E-03)
   1.00000000      -1.00000000       2.00000000     (  1.52736902E-03, -1.49011612E-03) (  4.93600965E-04, -5.02914190E-04) ( -5.12227416E-04,  4.93600965E-04)
   2.00000000       0.00000000       0.00000000     (  0.00000000    ,  0.00000000    ) ( -1.30385160E-03, -1.71363354E-03) (  6.51925802E-04, -1.34110451E-03)
   2.00000000       0.00000000       1.00000000     ( -4.56348062E-04,  7.54371285E-04) ( -3.53902578E-04, -9.31322575E-04) (  9.12696123E-04, -1.50874257E-03)
   2.00000000       1.00000000       0.00000000     (  2.65426934E-04, -6.05359674E-04) ( -5.30853868E-04,  1.21071935E-03) (  6.79865479E-04, -1.02445483E-03)
   2.00000000       1.00000000       1.00000000     ( -2.02562660E-04, -2.18860805E-04) ( -4.05125320E-04,  1.60187483E-03) (  8.10250640E-04, -1.15483999E-03)
   2.00000000      -1.00000000       0.00000000     (  3.30619514E-04, -5.96046448E-04) (  6.61239028E-04, -1.19209290E-03) (  4.65661287E-04, -3.49245965E-04)
   2.00000000      -1.00000000       1.00000000     (  6.42612576E-04, -9.89530236E-05) (  1.52736902E-03, -1.46683306E-04) (  2.56113708E-04,  5.18048182E-05)
