   0.00000000       0.00000000       1.00000000     (  2.30222940E-02,  1.14366412E-02) (  1.42492354E-03, -2.37673521E-02) (  0.00000000    ,  0.00000000    )
   0.00000000       0.00000000       2.00000000     (  6.70552254E-03, -4.58210707E-03) (  9.73232090E-04,  1.47148967E-03) (  0.00000000    ,  0.00000000    )
   0.00000000       1.00000000       0.00000000     ( -3.17580998E-03,  1.13248825E-02) (  0.00000000    ,  0.00000000    ) (  1.86264515E-03, -2.21654773E-03)
   0.00000000       1.00000000       1.00000000     (  3.11061740E-03, -4.07919288E-03) (  6.44475222E-03, -7.41332769E-03) ( -6.44475222E-03,  7.41332769E-03)
   0.00000000       1.00000000       2.00000000     ( -7.52508640E-03, -7.35744834E-04) ( -6.78002834E-03,  5.61121851E-04) (  3.39001417E-03, -2.80560926E-04)
   0.00000000       2.00000000       0.00000000     ( -8.98726285E-04, -6.78002834E-03) (  0.00000000    ,  0.00000000    ) ( -5.43892384E-03,  3.31783667E-04)
   0.00000000       2.00000000       1.00000000     (  5.10364771E-03,  2.34693289E-03) ( -1.68569386E-03, -2.49594450E-03) (  3.37138772E-03,  4.99188900E-03)
   0.00000000      -2.00000000       0.00000000     ( -8.98726285E-04,  6.78002834E-03) (  0.00000000    ,  0.00000000    ) ( -5.43892384E-03, -3.31783667E-04)
   0.00000000      -2.00000000       1.00000000     ( -9.49949026E-03, -1.75088644E-03) ( -1.52271241E-03,  1.18743628E-03) ( -3.04542482E-03,  2.37487257E-03)
   0.00000000      -1.00000000       0.00000000     ( -3.17580998E-03, -1.13248825E-02) (  0.00000000    ,  0.00000000    ) (  1.86264515E-03,  2.21654773E-03)
   0.00000000      -1.00000000       1.00000000     (  1.10268593E-02, -1.35228038E-02) ( -2.18860805E-03, -2.38418579E-03) ( -2.18860805E-03, -2.38418579E-03)
   0.00000000      -1.00000000       2.00000000     ( -2.68220901E-03, -1.12224370E-03) (  6.98491931E-04,  2.92435288E-03) (  3.49245965E-04,  1.46217644E-03)
   1.00000000       0.00000000       0.00000000     (  0.00000000    ,  0.00000000    ) ( -1.95205212E-02,  5.40167093E-03) (  2.44379044E-02,  2.01165676E-02)
   1.00000000       0.00000000       1.00000000     (  2.30967999E-03, -4.04193997E-03) ( -2.51829624E-02,  1.54599547E-02) ( -2.30967999E-03,  4.04193997E-03)
   1.00000000       0.00000000       2.00000000     (  1.04540959E-03,  2.55182385E-03) (  5.64381480E-03,  4.67523932E-03) ( -5.22704795E-04, -1.27591193E-03)
   1.00000000       1.00000000       0.00000000     (  5.28991222E-03,  1.54599547E-03) ( -5.28991222E-03, -1.54599547E-03) ( -7.07805157E-03,  3.30619514E-03)
   1.00000000       1.00000000       1.00000000     ( -3.57627869E-03,  7.52042979E-04) (  2.56113708E-03, -4.48198989E-04) (  1.01514161E-03, -3.03843990E-04)
   1.00000000       1.00000000       2.00000000     ( -2.12807208E-03, -2.67289579E-03) ( -5.02914190E-03, -3.34344804E-03) (  3.58559191E-03,  3.00817192E-03)
   1.00000000       2.00000000       0.00000000     ( -1.99303031E-03,  5.77419996E-03) (  9.96515155E-04, -2.88709998E-03) ( -9.22009349E-04,  9.35047865E-03)
   1.00000000       2.00000000       1.00000000     (  6.89178705E-03,  2.72877514E-03) ( -2.71014869E-03, -2.44937837E-03) ( -1.46217644E-03,  2.16066837E-03)
   1.00000000      -2.00000000       0.00000000     ( -2.18278728E-04, -2.32830644E-03) ( -1.09139364E-04, -1.16415322E-03) ( -1.96974725E-03,  1.39698386E-03)
   1.00000000      -2.00000000       1.00000000     ( -2.16532499E-03,  6.82193786E-04) ( -2.22120434E-03,  1.42026693E-03) ( -2.28174031E-03,  2.15601176E-03)
   1.00000000      -1.00000000       0.00000000     ( -5.83007932E-03, -4.84287739E-03) ( -5.83007932E-03, -4.84287739E-03) ( -4.35858965E-03,  4.54485416E-03)
   1.00000000      -1.00000000       1.00000000     (  7.02217221E-03,  8.53091478E-03) (  1.13155693E-03,  7.46920705E-03) ( -5.88595867E-03, -1.04773790E-03)
   1.00000000      -1.00000000       2.00000000     (  4.15369868E-03,  6.29574060E-03) (  6.72414899E-03,  2.69152224E-03) (  1.28988177E-03, -1.80676579E-03)
   2.00000000       0.00000000       0.00000000     (  0.00000000    ,  0.00000000    ) (  1.11758709E-02, -6.18398190E-03) ( -4.29339707E-03,  3.95812094E-03)
   2.00000000       0.00000000       1.00000000     ( -4.37721610E-03, -1.15018338E-03) (  3.30619514E-03,  1.10641122E-02) (  8.75443220E-03,  2.30036676E-03)
   2.00000000       1.00000000       0.00000000     ( -2.22586095E-03,  7.89295882E-04) (  4.45172191E-03, -1.57859176E-03) ( -1.05937943E-03, -7.72997737E-03)
   2.00000000       1.00000000       1.00000000     (  2.01165676E-03,  4.48897481E-03) ( -5.04776835E-03, -7.69272447E-03) (  1.02445483E-03, -1.28056854E-03)
   2.00000000      -1.00000000       0.00000000     (  1.55996531E-03, -1.82189979E-04) (  3.11993062E-03, -3.64379957E-04) (  3.56230885E-04,  1.82073563E-03)
   2.00000000      -1.00000000       1.00000000     ( -3.83704901E-03,  6.10016286E-04) ( -3.34344804E-03, -2.01165676E-03) (  4.33064997E-03, -3.23168933E-03)
