    0.000000        0.000000        1.000000      (2.3916364E-02,1.3336539E-02)
   (-1.6465783E-02,-1.9520521E-02)  (0.000000,0.000000)
    0.000000        0.000000        2.000000      (1.3038516E-03,3.9581209E-05)
   (1.8160790E-03,1.6577542E-03)  (0.000000,0.000000)
    0.000000        1.000000        0.000000      (4.5448542E-03,2.2258610E-03)
   (0.000000,0.000000)  (5.8859587E-03,-1.1204975E-04)
    0.000000        1.000000        1.000000      (7.4319541E-03,1.0766089E-02)
   (4.6938658E-03,-4.4889748E-03)  (-4.6938658E-03,4.4889748E-03)
    0.000000        1.000000        2.000000      
 (-2.9429793E-03,-4.8428774E-04)  (-6.0535967E-05,-1.4901161E-03)  
 (3.0267984E-05,7.4505806E-04)
    0.000000        2.000000        0.000000      
 (-1.4249235E-03,9.8720193E-04)  (0.000000,0.000000)  
 (1.0803342E-03,1.2014061E-03)
    0.000000        2.000000        1.000000      
 (8.5216016E-04,-1.0803342E-03)  (-6.8452209E-04,-1.8626451E-04)  
 (1.3690442E-03,3.7252903E-04)
    0.000000       -2.000000        0.000000      
 (-1.4249235E-03,-9.8720193E-04)  (0.000000,0.000000)  
 (1.0803342E-03,-1.2014061E-03)
    0.000000       -2.000000        1.000000      
 (-2.9057264E-03,-3.6321580E-03)  (-4.4703484E-04,-2.5378540E-04)  
 (-8.9406967E-04,-5.0757080E-04)
    0.000000       -1.000000        0.000000      
 (4.5448542E-03,-2.2258610E-03)  (0.000000,0.000000)  
 (5.8859587E-03,1.1204975E-04)
    0.000000       -1.000000        1.000000      
 (1.1287630E-02,-3.9674342E-03)  (-6.3097104E-04,-6.7800283E-03)  
 (-6.3097104E-04,-6.7800283E-03)
    0.000000       -1.000000        2.000000      
 (-4.3213367E-03,-7.6834112E-04)  (-1.4714897E-03,-2.0861626E-03)  
 (-7.3574483E-04,-1.0430813E-03)
    1.000000        0.000000        0.000000      (0.000000,0.000000)  
 (-3.2633543E-02,7.8231096E-03)  (1.6912818E-02,2.2575259E-02)
    1.000000        0.000000        1.000000      
 (-5.0291419E-03,-1.7648563E-03)  (-1.5199184E-02,1.4230609E-02)  
 (5.0291419E-03,1.7648563E-03)
    1.000000        0.000000        2.000000      (7.5488060E-07,9.9651515E-04)
   (1.5273690E-03,2.1979213E-03)  (-3.7744030E-07,-4.9825758E-04)
    1.000000        1.000000        0.000000      
 (1.1082739E-03,-1.0896474E-03)  (-1.1082739E-03,1.0896474E-03)  
 (5.0757080E-04,5.0291419E-03)
    1.000000        1.000000        1.000000      (1.0058284E-03,1.9185245E-03)
   (-1.4901161E-03,-2.1979213E-03)  (4.8428774E-04,2.7939677E-04)
    1.000000        1.000000        2.000000      
 (-1.4435500E-03,1.1734664E-03)  (4.1443855E-04,-5.3085387E-04)  
 (5.1688403E-04,-3.2130629E-04)
    1.000000        2.000000        0.000000      (2.0489097E-03,9.9651515E-04)
   (-1.0244548E-03,-4.9825758E-04)  (4.5634806E-04,1.8998981E-03)
    1.000000        2.000000        1.000000      (7.2177500E-04,9.8720193E-04)
   (-9.5926225E-04,2.5611371E-04)  (1.1920929E-03,-1.4994293E-03)
    1.000000       -2.000000        0.000000      (9.0803951E-04,9.7788870E-04)
   (4.5401976E-04,4.8894435E-04)  (-1.3411045E-03,1.1568773E-05)
    1.000000       -2.000000        1.000000      
 (-1.5553087E-03,-9.8720193E-04)  (-8.6147338E-04,-8.7544322E-04)  
 (-1.6880222E-04,-7.6834112E-04)
    1.000000       -1.000000        0.000000      
 (1.8766150E-03,-7.4971467E-04)  (1.8766150E-03,-7.4971467E-04)  
 (-8.5309148E-03,1.7648563E-03)
    1.000000       -1.000000        1.000000      
 (3.6880374E-03,-3.3155084E-03)  (7.9628080E-04,-1.8812716E-03)  
 (-2.9057264E-03,1.4249235E-03)
    1.000000       -1.000000        2.000000      
 (-2.2538006E-03,-1.1920929E-03)  (-2.6449561E-03,-1.7322600E-03)  
 (-1.9557774E-04,-2.7474016E-04)
    2.000000        0.000000        0.000000      (0.000000,0.000000)  
 (2.8871000E-03,1.1408702E-04)  (-6.4726919E-04,-8.9406967E-04)
    2.000000        0.000000        1.000000      
 (-3.1897798E-04,1.8905848E-03)  (8.5216016E-04,2.6263297E-03)  
 (6.3795596E-04,-3.7811697E-03)
    2.000000        1.000000        0.000000      
 (-5.9604645E-04,-1.3504177E-03)  (1.1920929E-03,2.7008355E-03)  
 (-2.9243529E-03,3.5203993E-03)
    2.000000        1.000000        1.000000      (9.9651515E-04,9.2666596E-04)
   (-4.7963113E-04,-3.8743019E-03)  (-1.5087426E-03,2.0116568E-03)
    2.000000       -1.000000        0.000000      
 (-2.1979213E-03,-6.9383532E-04)  (-4.3958426E-03,-1.3876706E-03)  
 (-9.9651515E-04,1.5553087E-03)
    2.000000       -1.000000        1.000000      
 (-9.1735274E-04,4.5169145E-04)  (-3.7543941E-05,2.4214387E-03)  
 (1.7974526E-03,1.5180558E-03)
