   0.00000000       0.00000000       1.00000000     (  2.62260437E-02,  5.40167093E-03) (  3.23355198E-02, -3.18884850E-02) (  0.00000000    ,  0.00000000    )
   0.00000000       0.00000000       2.00000000     ( -3.44589353E-04,  2.94297934E-03) (  2.34693289E-03,  1.06170774E-03) (  0.00000000    ,  0.00000000    )
   0.00000000       1.00000000       0.00000000     ( -1.97440386E-02, -2.16532499E-04) (  0.00000000    ,  0.00000000    ) (  4.48897481E-03,  1.62795186E-02)
   0.00000000       1.00000000       1.00000000     (  8.38190317E-03,  7.33882189E-03) ( -2.57045031E-03, -8.45640898E-03) (  2.57045031E-03,  8.45640898E-03)
   0.00000000       1.00000000       2.00000000     (  2.23517418E-03,  1.08266249E-04) (  1.04308128E-03, -6.93835318E-04) ( -5.21540642E-04,  3.46917659E-04)
   0.00000000       2.00000000       0.00000000     ( -4.05125320E-04, -2.21654773E-03) (  0.00000000    ,  0.00000000    ) (  2.57045031E-03, -3.20374966E-03)
   0.00000000       2.00000000       1.00000000     ( -1.34110451E-03, -6.37955964E-04) (  1.02445483E-03, -4.42378223E-04) ( -2.04890966E-03,  8.84756446E-04)
   0.00000000      -2.00000000       0.00000000     ( -4.05125320E-04,  2.21654773E-03) (  0.00000000    ,  0.00000000    ) (  2.57045031E-03,  3.20374966E-03)
   0.00000000      -2.00000000       1.00000000     (  3.91155481E-03, -5.26197255E-04) (  6.47269189E-04, -3.00351530E-04) (  1.29453838E-03, -6.00703061E-04)
   0.00000000      -1.00000000       0.00000000     ( -1.97440386E-02,  2.16532499E-04) (  0.00000000    ,  0.00000000    ) (  4.48897481E-03, -1.62795186E-02)
   0.00000000      -1.00000000       1.00000000     (  4.75905836E-03, -3.12924385E-02) ( -2.22120434E-03,  3.28756869E-03) ( -2.22120434E-03,  3.28756869E-03)
   0.00000000      -1.00000000       2.00000000     (  4.24915925E-05,  4.14438546E-04) (  2.74740160E-04,  9.87201929E-04) (  1.37370080E-04,  4.93600965E-04)
   1.00000000       0.00000000       0.00000000     (  0.00000000    ,  0.00000000    ) ( -1.44913793E-02,  1.62050128E-02) (  3.44961882E-02,  2.37673521E-02)
   1.00000000       0.00000000       1.00000000     (  2.49128789E-03, -3.96743417E-03) ( -3.56882811E-02,  1.40629709E-03) ( -2.49128789E-03,  3.96743417E-03)
   1.00000000       0.00000000       2.00000000     ( -2.09547579E-04, -1.84401870E-03) ( -2.04890966E-03, -1.71363354E-03) (  1.04773790E-04,  9.22009349E-04)
   1.00000000       1.00000000       0.00000000     (  3.99537385E-03,  4.88013029E-03) ( -3.99537385E-03, -4.88013029E-03) ( -1.09709799E-02,  1.28149986E-02)
   1.00000000       1.00000000       1.00000000     ( -1.35973096E-03,  1.65775418E-03) (  2.27242708E-03, -2.31375452E-05) ( -9.22009349E-04, -1.63912773E-03)
   1.00000000       1.00000000       2.00000000     (  1.19209290E-03,  2.95694917E-04) ( -9.83709469E-05, -2.18860805E-04) ( -5.44823706E-04, -3.84170562E-05)
   1.00000000       2.00000000       0.00000000     (  6.28642738E-04, -9.49949026E-04) ( -3.14321369E-04,  4.74974513E-04) ( -2.08616257E-03,  3.75439413E-05)
   1.00000000       2.00000000       1.00000000     ( -2.75671482E-03, -5.72763383E-04) (  1.89989805E-03,  5.96046448E-04) ( -1.07102096E-03, -6.19329512E-04)
   1.00000000      -2.00000000       0.00000000     (  7.54371285E-04,  1.49942935E-03) (  3.77185643E-04,  7.49714673E-04) (  1.38767064E-03,  1.54599547E-03)
   1.00000000      -2.00000000       1.00000000     (  6.89178705E-04, -1.60187483E-03) (  3.46917659E-04, -1.22003257E-03) (  4.18367563E-06, -8.28877091E-04)
   1.00000000      -1.00000000       0.00000000     ( -1.68569386E-03, -1.46031380E-02) ( -1.68569386E-03, -1.46031380E-02) ( -1.41561031E-02,  2.10851431E-02)
   1.00000000      -1.00000000       1.00000000     ( -1.86264515E-03, -4.65661287E-04) (  1.19209290E-03,  3.46451998E-03) (  3.05473804E-03,  3.94880772E-03)
   1.00000000      -1.00000000       2.00000000     (  2.42143869E-03, -2.57045031E-03) (  7.49714673E-04, -7.12461770E-04) ( -8.38190317E-04,  9.22009349E-04)
   2.00000000       0.00000000       0.00000000     (  0.00000000    ,  0.00000000    ) ( -2.60770321E-03, -2.64495611E-03) (  1.35973096E-03, -2.12341547E-03)
   2.00000000       0.00000000       1.00000000     ( -8.84756446E-04,  1.42492354E-03) ( -4.65661287E-04, -1.55530870E-03) (  1.76951289E-03, -2.84984708E-03)
   2.00000000       1.00000000       0.00000000     (  7.21774995E-04, -9.03382897E-04) ( -1.44354999E-03,  1.80676579E-03) (  8.28877091E-04, -1.01514161E-03)
   2.00000000       1.00000000       1.00000000     ( -1.17579475E-04, -3.72529030E-04) ( -1.06170774E-03,  2.86847353E-03) (  1.29453838E-03, -2.12341547E-03)
   2.00000000      -1.00000000       0.00000000     (  5.30853868E-04, -1.24797225E-03) (  1.06170774E-03, -2.49594450E-03) (  6.93835318E-04, -9.87201929E-04)
   2.00000000      -1.00000000       1.00000000     (  1.31316483E-03, -9.02218744E-05) (  2.62632966E-03, -3.02679837E-04) (  5.20230969E-06, -1.21071935E-04)
