   0.00000000       0.00000000       1.00000000     (  2.03959644E-03, -1.11758709E-02) (  2.57045031E-02,  1.30385160E-03) (  0.00000000    ,  0.00000000    )
   0.00000000       0.00000000       2.00000000     (  5.47617674E-03, -1.03842467E-03) ( -7.48783350E-03, -4.24683094E-03) (  0.00000000    ,  0.00000000    )
   0.00000000       1.00000000       0.00000000     (  4.45172191E-03, -3.09199095E-03) (  0.00000000    ,  0.00000000    ) (  1.47521496E-02, -2.45869160E-03)
   0.00000000       1.00000000       1.00000000     ( -4.63332981E-04, -4.52928361E-06) (  4.07919288E-03, -1.23865902E-03) ( -4.07919288E-03,  1.23865902E-03)
   0.00000000       1.00000000       2.00000000     (  3.91155481E-03, -3.89292836E-03) ( -9.22009349E-04,  2.11410224E-03) (  4.61004674E-04, -1.05705112E-03)
   0.00000000       2.00000000       0.00000000     (  1.50874257E-03,  4.15369868E-03) (  0.00000000    ,  0.00000000    ) ( -4.28408384E-04,  2.13272870E-03)
   0.00000000       2.00000000       1.00000000     ( -8.28877091E-04, -3.87430191E-03) ( -6.75208867E-04,  1.18743628E-03) (  1.35041773E-03, -2.37487257E-03)
   0.00000000      -2.00000000       0.00000000     (  1.50874257E-03, -4.15369868E-03) (  0.00000000    ,  0.00000000    ) ( -4.28408384E-04, -2.13272870E-03)
   0.00000000      -2.00000000       1.00000000     ( -8.52160156E-04,  1.61118805E-03) ( -9.91858542E-04, -1.55996531E-04) ( -1.98371708E-03, -3.11993062E-04)
   0.00000000      -1.00000000       0.00000000     (  4.45172191E-03,  3.09199095E-03) (  0.00000000    ,  0.00000000    ) (  1.47521496E-02,  2.45869160E-03)
   0.00000000      -1.00000000       1.00000000     ( -6.87316060E-03, -1.35973096E-02) ( -6.87316060E-03,  5.21540642E-03) ( -6.87316060E-03,  5.21540642E-03)
   0.00000000      -1.00000000       2.00000000     ( -4.86616045E-04, -2.45869160E-03) (  1.89058483E-03,  8.80099833E-04) (  9.45292413E-04,  4.40049917E-04)
   1.00000000       0.00000000       0.00000000     (  0.00000000    ,  0.00000000    ) ( -2.60025263E-02,  1.06915832E-02) (  1.43051147E-02, -4.24683094E-03)
   1.00000000       0.00000000       1.00000000     ( -1.71829015E-03, -1.27591193E-03) ( -2.15135515E-03, -1.07660890E-02) (  1.71829015E-03,  1.27591193E-03)
   1.00000000       0.00000000       2.00000000     ( -3.20374966E-03, -1.70432031E-03) (  3.60887498E-05,  1.49011612E-03) (  1.60187483E-03,  8.52160156E-04)
   1.00000000       1.00000000       0.00000000     (  2.47731805E-03,  1.74157321E-03) ( -2.47731805E-03, -1.74157321E-03) (  4.89875674E-03,  1.09896064E-02)
   1.00000000       1.00000000       1.00000000     ( -9.87201929E-04, -7.07223080E-05) ( -7.17118382E-04,  2.60770321E-03) (  1.70432031E-03, -2.53319740E-03)
   1.00000000       1.00000000       2.00000000     ( -2.83122063E-03,  5.56465238E-04) (  2.17929482E-03,  1.81607902E-03) (  3.25962901E-04, -1.18743628E-03)
   1.00000000       2.00000000       0.00000000     (  3.98140401E-04,  2.38418579E-03) ( -1.99070200E-04, -1.19209290E-03) ( -2.29105353E-03,  6.75208867E-04)
   1.00000000       2.00000000       1.00000000     (  2.26311386E-03,  1.35041773E-03) ( -7.72997737E-04, -4.95929271E-04) ( -7.21774995E-04, -3.63215804E-04)
   1.00000000      -2.00000000       0.00000000     (  8.89413059E-04,  8.28877091E-04) (  4.44706529E-04,  4.14438546E-04) ( -1.95577741E-03,  7.63684511E-04)
   1.00000000      -2.00000000       1.00000000     ( -1.67638063E-03,  4.09781933E-04) ( -3.58559191E-04,  6.75208867E-04) (  9.63918865E-04,  9.40635800E-04)
   1.00000000      -1.00000000       0.00000000     (  3.42726707E-03, -1.22236088E-04) (  3.42726707E-03, -1.22236088E-04) ( -4.58210707E-03,  1.24052167E-02)
   1.00000000      -1.00000000       1.00000000     (  2.57045031E-03,  2.99885869E-03) ( -3.25962901E-04, -4.24683094E-03) ( -2.90572643E-03, -7.22706318E-03)
   1.00000000      -1.00000000       2.00000000     ( -4.06056643E-03, -1.15018338E-03) (  1.35041773E-03,  3.42261046E-04) (  2.71946192E-03,  7.45058060E-04)
   2.00000000       0.00000000       0.00000000     (  0.00000000    ,  0.00000000    ) ( -1.18277967E-03,  3.55765224E-03) ( -1.00117177E-03, -1.71363354E-03)
   2.00000000       0.00000000       1.00000000     ( -6.42612576E-04,  6.33299351E-04) ( -2.30036676E-03, -1.63912773E-03) (  1.28522515E-03, -1.26659870E-03)
   2.00000000       1.00000000       0.00000000     ( -4.14438546E-04, -6.75208867E-04) (  8.28877091E-04,  1.35041773E-03) (  6.65895641E-04,  1.66706741E-03)
   2.00000000       1.00000000       1.00000000     ( -3.86498868E-04,  1.30385160E-04) ( -8.89413059E-04,  9.49949026E-04) (  1.66706741E-03, -1.21071935E-03)
   2.00000000      -1.00000000       0.00000000     ( -2.02096999E-03, -1.20140612E-03) ( -4.04193997E-03, -2.40281224E-03) (  1.53668225E-03,  3.87430191E-03)
   2.00000000      -1.00000000       1.00000000     (  1.07567757E-03, -1.85333192E-03) ( -8.98726285E-04,  1.78115442E-04) ( -3.05473804E-03,  3.89292836E-03)
