   0.00000000       0.00000000      -2.00000000     (  3.89292836E-03,  4.45172191E-03) ( -2.43075192E-03, -5.19212335E-04) (  0.00000000    ,  0.00000000    )
   0.00000000       0.00000000      -1.00000000     (  2.51084566E-02, -1.11013651E-02) (  9.35047865E-03,  2.92807817E-02) (  0.00000000    ,  0.00000000    )
   0.00000000       1.00000000      -2.00000000     (  4.28408384E-04,  2.61701643E-03) (  6.10016286E-04,  1.60187483E-03) (  3.05008143E-04,  8.00937414E-04)
   0.00000000       1.00000000      -1.00000000     (  1.50501728E-02,  1.73225999E-02) ( -1.21362973E-04,  1.68103725E-03) ( -1.21362973E-04,  1.68103725E-03)
   0.00000000       2.00000000      -1.00000000     ( -8.71717930E-03, -2.09547579E-03) ( -1.44820660E-03, -1.26659870E-03) ( -2.89641321E-03, -2.53319740E-03)
   0.00000000      -2.00000000      -1.00000000     (  1.74157321E-03, -4.45172191E-03) ( -1.97440386E-03,  1.26659870E-03) (  3.94880772E-03, -2.53319740E-03)
   0.00000000      -1.00000000      -2.00000000     ( -5.38304448E-03, -1.09896064E-03) ( -2.52388418E-03, -9.05129127E-05) (  1.26194209E-03,  4.52564564E-05)
   0.00000000      -1.00000000      -1.00000000     (  4.40515578E-03,  5.19677997E-03) (  3.97674739E-03,  9.49949026E-03) ( -3.97674739E-03, -9.49949026E-03)
   1.00000000       0.00000000      -2.00000000     ( -7.68341124E-04,  4.20957804E-03) ( -3.70666385E-03,  5.92321157E-03) ( -3.84170562E-04,  2.10478902E-03)
   1.00000000       0.00000000      -1.00000000     (  3.97674739E-03,  2.31666490E-04) (  3.20374966E-03, -2.02096999E-03) (  3.97674739E-03,  2.31666490E-04)
   1.00000000       1.00000000      -2.00000000     ( -4.37721610E-03, -3.18323146E-06) (  4.50760126E-03, -4.09781933E-03) (  6.95581548E-05, -2.04890966E-03)
   1.00000000       1.00000000      -1.00000000     ( -5.92321157E-03, -2.38418579E-03) (  5.02914190E-03,  5.77419996E-04) ( -8.84756446E-04, -1.80676579E-03)
   1.00000000       2.00000000      -1.00000000     ( -1.82539225E-03,  1.29453838E-03) ( -2.58442014E-04,  1.76019967E-03) ( -2.34693289E-03,  4.80562449E-03)
   1.00000000      -2.00000000      -1.00000000     ( -2.17696652E-04, -1.11758709E-03) (  1.23865902E-03, -4.65661287E-04) ( -2.70083547E-03, -1.85100362E-04)
   1.00000000      -1.00000000      -2.00000000     ( -1.40164047E-03, -2.51457095E-03) (  7.07223080E-05, -2.06753612E-03) ( -7.35744834E-04, -2.21189111E-04)
   1.00000000      -1.00000000      -1.00000000     ( -1.62050128E-03,  3.73693183E-04) ( -3.70666385E-03,  5.98374754E-04) (  2.08616257E-03, -2.24681571E-04)
   2.00000000       0.00000000      -1.00000000     ( -1.56462193E-03, -7.07805157E-04) ( -5.64381480E-03,  1.25262886E-03) ( -3.12924385E-03, -1.41561031E-03)
   2.00000000       1.00000000      -1.00000000     ( -7.68341124E-05,  7.70669430E-04) (  9.08039510E-04, -1.98371708E-03) (  7.52042979E-04, -4.47034836E-04)
   2.00000000      -1.00000000      -1.00000000     (  3.10828909E-04, -1.30385160E-03) (  1.01979822E-03, -4.09781933E-03) ( -3.98140401E-04,  1.48080289E-03)
