   0.00000000       0.00000000       1.00000000     (  2.30222940E-02,  1.16229057E-02) (  2.89874151E-04, -2.30222940E-02) (  0.00000000    ,  0.00000000    )
   0.00000000       0.00000000       2.00000000     (  6.63101673E-03, -4.03262675E-03) (  1.71363354E-03,  1.46217644E-03) (  0.00000000    ,  0.00000000    )
   0.00000000       1.00000000       0.00000000     ( -2.51457095E-03,  1.16229057E-02) (  0.00000000    ,  0.00000000    ) (  2.00234354E-03, -2.68220901E-03)
   0.00000000       1.00000000       1.00000000     (  3.20374966E-03, -3.63215804E-03) (  6.78002834E-03, -7.17118382E-03) ( -6.78002834E-03,  7.17118382E-03)
   0.00000000       1.00000000       2.00000000     ( -7.26431608E-03, -9.08039510E-04) ( -6.92903996E-03,  5.29689714E-04) (  3.46451998E-03, -2.64844857E-04)
   0.00000000       2.00000000       0.00000000     ( -3.34111974E-04, -6.40749931E-03) (  0.00000000    ,  0.00000000    ) ( -4.69386578E-03,  4.06289473E-04)
   0.00000000       2.00000000       1.00000000     (  5.75557351E-03,  1.27591193E-03) ( -1.32247806E-03, -2.44937837E-03) (  2.64495611E-03,  4.89875674E-03)
   0.00000000      -2.00000000       0.00000000     ( -3.34111974E-04,  6.40749931E-03) (  0.00000000    ,  0.00000000    ) ( -4.69386578E-03, -4.06289473E-04)
   0.00000000      -2.00000000       1.00000000     ( -9.16421413E-03, -2.79396772E-03) ( -1.69966370E-03,  1.01048499E-03) ( -3.39932740E-03,  2.02096999E-03)
   0.00000000      -1.00000000       0.00000000     ( -2.51457095E-03, -1.16229057E-02) (  0.00000000    ,  0.00000000    ) (  2.00234354E-03,  2.68220901E-03)
   0.00000000      -1.00000000       1.00000000     (  1.02818012E-02, -1.29267573E-02) ( -2.44937837E-03, -2.57045031E-03) ( -2.44937837E-03, -2.57045031E-03)
   0.00000000      -1.00000000       2.00000000     ( -3.65078449E-03, -2.40397640E-04) (  5.18048182E-04,  3.52971256E-03) (  2.59024091E-04,  1.76485628E-03)
   1.00000000       0.00000000       0.00000000     (  0.00000000    ,  0.00000000    ) ( -2.04145908E-02,  5.25265932E-03) (  2.39163637E-02,  1.97440386E-02)
   1.00000000       0.00000000       1.00000000     (  1.86730176E-03, -4.28408384E-03) ( -2.48849392E-02,  1.56462193E-02) ( -1.86730176E-03,  4.28408384E-03)
   1.00000000       0.00000000       2.00000000     (  1.05006620E-03,  2.19792128E-03) (  5.04776835E-03,  5.14090061E-03) ( -5.25033101E-04, -1.09896064E-03)
   1.00000000       1.00000000       0.00000000     (  5.25265932E-03,  1.04308128E-03) ( -5.25265932E-03, -1.04308128E-03) ( -6.72414899E-03,  2.96160579E-03)
   1.00000000       1.00000000       1.00000000     ( -3.24100256E-03,  1.04308128E-03) (  2.28174031E-03, -6.03031367E-04) (  9.54605639E-04, -4.40049917E-04)
   1.00000000       1.00000000       2.00000000     ( -2.17929482E-03, -2.45869160E-03) ( -4.45172191E-03, -3.74391675E-03) (  3.31550837E-03,  3.10130417E-03)
   1.00000000       2.00000000       0.00000000     ( -1.82073563E-03,  5.32716513E-03) (  9.10367817E-04, -2.66358256E-03) ( -4.81959432E-04,  9.35047865E-03)
   1.00000000       2.00000000       1.00000000     (  6.44475222E-03,  2.71946192E-03) ( -2.24448740E-03, -2.16532499E-03) ( -1.94646418E-03,  1.61118805E-03)
   1.00000000      -2.00000000       0.00000000     ( -4.84287739E-04, -1.40164047E-03) ( -2.42143869E-04, -7.00820237E-04) ( -2.53319740E-03,  7.45058060E-04)
   1.00000000      -2.00000000       1.00000000     ( -2.07219273E-03,  7.56699592E-04) ( -1.98837370E-03,  1.45751983E-03) ( -1.90921128E-03,  2.15601176E-03)
   1.00000000      -1.00000000       0.00000000     ( -5.55068254E-03, -3.91155481E-03) ( -5.55068254E-03, -3.91155481E-03) ( -4.30271029E-03,  4.35858965E-03)
   1.00000000      -1.00000000       1.00000000     (  7.71135092E-03,  8.15838575E-03) (  1.76951289E-03,  7.43195415E-03) ( -5.94183803E-03, -7.40401447E-04)
   1.00000000      -1.00000000       2.00000000     (  3.67872417E-03,  5.99771738E-03) (  5.73694706E-03,  1.93715096E-03) (  1.02678314E-03, -2.02562660E-03)
   2.00000000       0.00000000       0.00000000     (  0.00000000    ,  0.00000000    ) (  1.11013651E-02, -6.37024641E-03) ( -3.65078449E-03,  4.20957804E-03)
   2.00000000       0.00000000       1.00000000     ( -4.41446900E-03, -5.16884029E-04) (  3.58559191E-03,  1.09523535E-02) (  8.82893801E-03,  1.03376806E-03)
   2.00000000       1.00000000       0.00000000     ( -1.96043402E-03,  5.93718141E-04) (  3.92086804E-03, -1.18743628E-03) ( -1.35973096E-03, -6.57513738E-03)
   2.00000000       1.00000000       1.00000000     (  2.18860805E-03,  4.52622771E-03) ( -5.10364771E-03, -7.87898898E-03) (  7.24103302E-04, -1.17346644E-03)
   2.00000000      -1.00000000       0.00000000     (  1.29919499E-03, -6.10016286E-04) (  2.59838998E-03, -1.22003257E-03) (  5.05242497E-04,  2.03028321E-03)
   2.00000000      -1.00000000       1.00000000     ( -3.96743417E-03,  4.84287739E-04) ( -3.74391675E-03, -1.80210918E-03) (  4.18163836E-03, -2.76602805E-03)
