   0.00000000       0.00000000       1.00000000     (  2.32458115E-02,  1.11758709E-02) (  3.39001417E-03, -2.50339508E-02) (  0.00000000    ,  0.00000000    )
   0.00000000       0.00000000       2.00000000     (  6.87316060E-03, -5.40167093E-03) ( -3.66708264E-04,  1.53668225E-03) (  0.00000000    ,  0.00000000    )
   0.00000000       1.00000000       0.00000000     ( -4.37721610E-03,  1.06170774E-02) (  0.00000000    ,  0.00000000    ) (  1.75088644E-03, -1.30385160E-03)
   0.00000000       1.00000000       1.00000000     (  3.12924385E-03, -4.67523932E-03) (  5.77419996E-03, -7.87898898E-03) ( -5.77419996E-03,  7.87898898E-03)
   0.00000000       1.00000000       2.00000000     ( -7.91624188E-03, -3.20142135E-04) ( -6.25848770E-03,  4.78466973E-04) (  3.12924385E-03, -2.39233486E-04)
   0.00000000       2.00000000       0.00000000     ( -2.23983079E-03, -7.05942512E-03) (  0.00000000    ,  0.00000000    ) ( -6.51925802E-03,  3.25962901E-04)
   0.00000000       2.00000000       1.00000000     (  4.07919288E-03,  4.06987965E-03) ( -2.28639692E-03, -2.44006515E-03) (  4.57279384E-03,  4.88013029E-03)
   0.00000000      -2.00000000       0.00000000     ( -2.23983079E-03,  7.05942512E-03) (  0.00000000    ,  0.00000000    ) ( -6.51925802E-03, -3.25962901E-04)
   0.00000000      -2.00000000       1.00000000     ( -1.04680657E-02, -5.22413757E-05) ( -1.49477273E-03,  1.49942935E-03) ( -2.98954546E-03,  2.99885869E-03)
   0.00000000      -1.00000000       0.00000000     ( -4.37721610E-03, -1.06170774E-02) (  0.00000000    ,  0.00000000    ) (  1.75088644E-03,  1.30385160E-03)
   0.00000000      -1.00000000       1.00000000     (  1.22934580E-02, -1.44913793E-02) ( -1.64844096E-03, -2.15135515E-03) ( -1.64844096E-03, -2.15135515E-03)
   0.00000000      -1.00000000       2.00000000     ( -1.30850822E-03, -2.54251063E-03) (  8.35862011E-04,  1.54599547E-03) (  4.17931005E-04,  7.72997737E-04)
   1.00000000       0.00000000       0.00000000     (  0.00000000    ,  0.00000000    ) ( -1.81049109E-02,  5.73694706E-03) (  2.52574682E-02,  2.07871199E-02)
   1.00000000       0.00000000       1.00000000     (  2.97091901E-03, -3.55765224E-03) ( -2.58535147E-02,  1.52364373E-02) ( -2.97091901E-03,  3.55765224E-03)
   1.00000000       0.00000000       2.00000000     (  1.09663233E-03,  3.13855708E-03) (  7.07805157E-03,  4.16301191E-03) ( -5.48316166E-04, -1.56927854E-03)
   1.00000000       1.00000000       0.00000000     (  5.34579158E-03,  2.35624611E-03) ( -5.34579158E-03, -2.35624611E-03) ( -7.61821866E-03,  3.98606062E-03)
   1.00000000       1.00000000       1.00000000     ( -4.08850610E-03,  1.75787136E-04) (  2.86847353E-03, -1.61817297E-04) (  1.21537596E-03, -1.38243195E-05)
   1.00000000       1.00000000       2.00000000     ( -1.98371708E-03, -3.01748514E-03) ( -5.84870577E-03, -2.50525773E-03) (  3.92086804E-03,  2.75671482E-03)
   1.00000000       2.00000000       0.00000000     ( -2.12807208E-03,  6.55651093E-03) (  1.06403604E-03, -3.27825546E-03) ( -1.50408596E-03,  8.88481736E-03)
   1.00000000       2.00000000       1.00000000     (  7.50645995E-03,  2.89641321E-03) ( -3.54833901E-03, -2.93366611E-03) ( -3.98140401E-04,  2.97091901E-03)
   1.00000000      -2.00000000       0.00000000     (  1.95577741E-04, -3.38070095E-03) (  9.77888703E-05, -1.69035047E-03) ( -1.26194209E-03,  2.56113708E-03)
   1.00000000      -2.00000000       1.00000000     ( -2.12807208E-03,  7.89295882E-04) ( -2.33761966E-03,  1.64378434E-03) ( -2.55182385E-03,  2.49594450E-03)
   1.00000000      -1.00000000       0.00000000     ( -6.10947609E-03, -6.51925802E-03) ( -6.10947609E-03, -6.51925802E-03) ( -4.65661287E-03,  4.93600965E-03)
   1.00000000      -1.00000000       1.00000000     (  5.86733222E-03,  8.71717930E-03) ( -4.78758011E-05,  7.02217221E-03) ( -5.92321157E-03, -1.69035047E-03)
   1.00000000      -1.00000000       2.00000000     (  4.63798642E-03,  6.44475222E-03) (  7.76723027E-03,  3.71597707E-03) (  1.56927854E-03, -1.36438757E-03)
   2.00000000       0.00000000       0.00000000     (  0.00000000    ,  0.00000000    ) (  1.13248825E-02, -5.58793545E-03) ( -5.25265932E-03,  3.17580998E-03)
   2.00000000       0.00000000       1.00000000     ( -4.11644578E-03, -2.10478902E-03) (  2.83122063E-03,  1.11013651E-02) (  8.23289156E-03,  4.20957804E-03)
   2.00000000       1.00000000       0.00000000     ( -2.68220901E-03,  9.19681042E-04) (  5.36441803E-03, -1.83936208E-03) ( -6.12344593E-04, -9.42498446E-03)
   2.00000000       1.00000000       1.00000000     (  1.67172402E-03,  4.38652933E-03) ( -4.73111868E-03, -7.52508640E-03) (  1.39232725E-03, -1.24331564E-03)
   2.00000000      -1.00000000       0.00000000     (  1.92783773E-03,  5.62286004E-04) (  3.85567546E-03,  1.12457201E-03) (  1.11176632E-04,  1.67638063E-03)
   2.00000000      -1.00000000       1.00000000     ( -3.66941094E-03,  8.61473382E-04) ( -2.75671482E-03, -2.11410224E-03) (  4.58210707E-03, -3.83704901E-03)
