    0.000000        0.000000       -2.000000      (8.5681677E-03,2.4959445E-03)
   (5.4016709E-03,-3.1199306E-03)  (0.000000,0.000000)
    0.000000        0.000000       -1.000000      
 (2.3022294E-02,-1.2405217E-02)  (-4.9546361E-03,1.9744039E-02)  
 (0.000000,0.000000)
    0.000000        1.000000       -2.000000      
 (-1.1064112E-02,-3.1292439E-03)  (-9.1036782E-04,-4.9546361E-03)  
 (-4.5518391E-04,-2.4773180E-03)
    0.000000        1.000000       -1.000000      (7.3201954E-03,9.6112490E-03)
   (-2.7753413E-03,3.7066638E-03)  (-2.7753413E-03,3.7066638E-03)
    0.000000        2.000000       -1.000000      
 (-1.2740493E-02,9.5553696E-03)  (-3.9860606E-03,-1.0128133E-03)  
 (-7.9721212E-03,-2.0256266E-03)
    0.000000       -2.000000       -1.000000      (1.1101365E-02,2.9150397E-03)
   (-1.8102583E-04,2.5518239E-03)  (3.6205165E-04,-5.1036477E-03)
    0.000000       -1.000000       -2.000000      
 (-8.5122883E-03,2.2863969E-03)  (-8.2328916E-03,-3.7925929E-06)  
 (4.1164458E-03,1.8962965E-06)
    0.000000       -1.000000       -1.000000      (3.9860606E-03,6.0303137E-04)
   (7.3388219E-03,5.9418380E-03)  (-7.3388219E-03,-5.9418380E-03)
    1.000000        0.000000       -2.000000      (7.1898103E-03,4.3027103E-03)
   (-2.2770837E-03,7.7858567E-03)  (3.5949051E-03,2.1513551E-03)
    1.000000        0.000000       -1.000000      
 (4.1723251E-03,-6.7811925E-05)  (9.4994903E-03,-2.3655593E-03)  
 (4.1723251E-03,-6.7811925E-05)
    1.000000        1.000000       -2.000000      
 (-3.1478703E-03,-2.7986243E-03)  (1.3224781E-03,-1.3224781E-02)  
 (-9.1502443E-04,-8.0280006E-03)
    1.000000        1.000000       -1.000000      
 (-8.6426735E-03,-5.0105155E-03)  (3.5669655E-03,-6.9383532E-04)  
 (-5.0663948E-03,-5.6996942E-03)
    1.000000        2.000000       -1.000000      
 (-1.0021031E-02,-3.7346035E-03)  (1.9138679E-03,2.4633482E-03)  
 (-6.2026083E-03,1.1874363E-03)
    1.000000       -2.000000       -1.000000      
 (-8.6147338E-04,-6.4447522E-03)  (-1.5925616E-03,-3.6973506E-03)  
 (2.3189932E-03,9.4994903E-04)
    1.000000       -1.000000       -2.000000      (4.5727938E-03,2.5099143E-03)
   (-3.2782555E-03,2.8125942E-03)  (3.9208680E-03,-1.5192199E-04)
    1.000000       -1.000000       -1.000000      
 (-8.9965761E-03,2.7613714E-03)  (-8.5681677E-03,1.0407530E-03)  
 (-4.4237822E-04,1.7229468E-03)
    2.000000        0.000000       -1.000000      
 (-4.9127266E-04,4.4796616E-03)  (-4.5169145E-04,7.1711838E-03)  
 (-9.8254532E-04,8.9593232E-03)
    2.000000        1.000000       -1.000000      (3.2712705E-04,2.2526365E-04)
   (4.2188913E-03,-7.0035458E-03)  (4.8801303E-03,-6.5565109E-03)
    2.000000       -1.000000       -1.000000      
 (-1.6903505E-03,3.2945536E-04)  (9.9651515E-04,4.4330955E-03)  
 (-4.3772161E-03,-3.7718564E-03)
