   0.00000000       0.00000000       1.00000000     (  2.76416540E-02,  7.48783350E-03) (  2.80886889E-02, -3.39001417E-02) (  0.00000000    ,  0.00000000    )
   0.00000000       0.00000000       2.00000000     ( -1.83936208E-04,  1.50874257E-03) (  1.21071935E-03,  5.30853868E-04) (  0.00000000    ,  0.00000000    )
   0.00000000       1.00000000       0.00000000     ( -1.94832683E-02,  8.91741365E-04) (  0.00000000    ,  0.00000000    ) (  3.83704901E-03,  1.39698386E-02)
   0.00000000       1.00000000       1.00000000     (  8.34465027E-03,  4.06987965E-03) ( -1.55996531E-03, -1.01514161E-02) (  1.55996531E-03,  1.01514161E-02)
   0.00000000       1.00000000       2.00000000     (  1.35973096E-03, -2.23517418E-04) (  4.00468707E-04, -2.98023224E-04) ( -2.00234354E-04,  1.49011612E-04)
   0.00000000       2.00000000       0.00000000     (  1.90921128E-04, -6.79865479E-04) (  0.00000000    ,  0.00000000    ) (  1.02445483E-03, -1.41561031E-03)
   0.00000000       2.00000000       1.00000000     ( -5.96046448E-04, -7.26431608E-04) (  5.02914190E-04, -8.38190317E-05) ( -1.00582838E-03,  1.67638063E-04)
   0.00000000      -2.00000000       0.00000000     (  1.90921128E-04,  6.79865479E-04) (  0.00000000    ,  0.00000000    ) (  1.02445483E-03,  1.41561031E-03)
   0.00000000      -2.00000000       1.00000000     (  2.30967999E-03, -3.67872417E-04) (  4.65661287E-04, -3.21306288E-04) (  9.31322575E-04, -6.42612576E-04)
   0.00000000      -1.00000000       0.00000000     ( -1.94832683E-02, -8.91741365E-04) (  0.00000000    ,  0.00000000    ) (  3.83704901E-03, -1.39698386E-02)
   0.00000000      -1.00000000       1.00000000     (  8.86619091E-03, -2.83867121E-02) ( -5.23868948E-04,  2.29105353E-03) ( -5.23868948E-04,  2.29105353E-03)
   0.00000000      -1.00000000       2.00000000     (  2.28174031E-04,  3.30619514E-04) ( -1.42026693E-04,  6.23986125E-04) ( -7.10133463E-05,  3.11993062E-04)
   1.00000000       0.00000000       0.00000000     (  0.00000000    ,  0.00000000    ) ( -1.34482980E-02,  1.41561031E-02) (  3.54647636E-02,  2.68965960E-02)
   1.00000000       0.00000000       1.00000000     (  4.06987965E-03, -3.73460352E-03) ( -3.68803740E-02,  6.16535544E-03) ( -4.06987965E-03,  3.73460352E-03)
   1.00000000       0.00000000       2.00000000     ( -2.98023224E-04, -8.38190317E-04) ( -1.41561031E-03, -9.49949026E-04) (  1.49011612E-04,  4.19095159E-04)
   1.00000000       1.00000000       0.00000000     (  5.51342964E-03,  6.51925802E-03) ( -5.51342964E-03, -6.51925802E-03) ( -1.05611980E-02,  1.18464231E-02)
   1.00000000       1.00000000       1.00000000     ( -4.47034836E-04,  9.31322575E-04) (  8.75443220E-04, -8.14907253E-05) ( -4.28408384E-04, -8.56816769E-04)
   1.00000000       1.00000000       2.00000000     (  3.91155481E-04,  1.46683306E-04) (  1.69966370E-04, -9.19681042E-05) ( -2.79396772E-04, -2.73576006E-05)
   1.00000000       2.00000000       0.00000000     (  6.14672899E-04, -8.19563866E-04) ( -3.07336450E-04,  4.09781933E-04) ( -8.75443220E-04,  4.09781933E-04)
   1.00000000       2.00000000       1.00000000     ( -1.43423676E-03, -3.49245965E-05) (  1.11758709E-03,  3.02679837E-04) ( -8.19563866E-04, -5.68106771E-04)
   1.00000000      -2.00000000       0.00000000     (  2.09547579E-04,  8.38190317E-04) (  1.04773790E-04,  4.19095159E-04) (  8.00937414E-04,  4.74974513E-04)
   1.00000000      -2.00000000       1.00000000     (  2.65426934E-04, -1.09896064E-03) (  2.00234354E-04, -8.38190317E-04) (  1.39698386E-04, -5.96046448E-04)
   1.00000000      -1.00000000       0.00000000     ( -2.43075192E-03, -1.62795186E-02) ( -2.43075192E-03, -1.62795186E-02) ( -1.34855509E-02,  1.71735883E-02)
   1.00000000      -1.00000000       1.00000000     ( -7.26431608E-04, -1.90921128E-04) (  7.26431608E-04,  1.54599547E-03) (  1.45286322E-03,  1.75088644E-03)
   1.00000000      -1.00000000       2.00000000     (  7.45058060E-04, -1.06170774E-03) (  2.14204192E-04, -3.16649675E-04) ( -2.65426934E-04,  3.72529030E-04)
   2.00000000       0.00000000       0.00000000     (  0.00000000    ,  0.00000000    ) ( -1.41561031E-03, -9.12696123E-04) (  7.91624188E-04, -6.51925802E-04)
   2.00000000       0.00000000       1.00000000     ( -4.09781933E-04,  6.70552254E-04) ( -1.55996531E-04, -7.26431608E-04) (  8.19563866E-04, -1.34110451E-03)
   2.00000000       1.00000000       0.00000000     (  5.12227416E-04, -2.88709998E-04) ( -1.02445483E-03,  5.77419996E-04) (  1.55996531E-04,  2.32830644E-04)
   2.00000000       1.00000000       1.00000000     (  8.96397978E-05, -1.97906047E-04) ( -6.23986125E-04,  1.30385160E-03) (  4.37721610E-04, -9.12696123E-04)
   2.00000000      -1.00000000       0.00000000     (  1.93249434E-04, -6.51925802E-04) (  3.86498868E-04, -1.30385160E-03) (  2.09547579E-04, -6.51925802E-04)
   2.00000000      -1.00000000       1.00000000     (  7.72997737E-04, -3.20142135E-06) (  1.17346644E-03, -1.09430403E-04) ( -3.67872417E-04, -1.02445483E-04)
