    0.000000        0.000000        1.000000      (2.2426248E-02,1.2181699E-02)
   (-6.0908496E-03,-1.8626451E-02)  (0.000000,0.000000)
    0.000000        0.000000        2.000000      
 (8.3260238E-03,-2.0908192E-03)  (5.7742000E-03,3.7252903E-03)  
 (0.000000,0.000000)
    0.000000        1.000000        0.000000      (3.4342520E-04,1.0654330E-02)
   (0.000000,0.000000)  (3.1944364E-03,-3.2037497E-03)
    0.000000        1.000000        1.000000      (4.0605664E-03,3.3760443E-04)
   (7.0407987E-03,-5.5134296E-03)  (-7.0407987E-03,5.5134296E-03)
    0.000000        1.000000        2.000000      
 (-8.4005296E-03,-2.4866313E-03)  (-7.4692070E-03,-3.1024683E-04)  
 (3.7346035E-03,1.5512342E-04)
    0.000000        2.000000        0.000000      
 (-1.4854595E-03,-3.3434480E-03)  (0.000000,0.000000)  
 (-2.1699816E-03,2.6822090E-03)
    0.000000        2.000000        1.000000      
 (1.1455268E-02,-3.2316893E-03)  (-8.5710781E-05,-2.4121255E-03)  
 (1.7142156E-04,4.8242509E-03)
    0.000000       -2.000000        0.000000      
 (-1.4854595E-03,3.3434480E-03)  (0.000000,0.000000)  
 (-2.1699816E-03,-2.6822090E-03)
    0.000000       -2.000000        1.000000      
 (-1.3001263E-02,-1.0523945E-02)  (-4.1536987E-03,1.0780059E-03)  
 (-8.3073974E-03,2.1560118E-03)
    0.000000       -1.000000        0.000000      
 (3.4342520E-04,-1.0654330E-02)  (0.000000,0.000000)  
 (3.1944364E-03,3.2037497E-03)
    0.000000       -1.000000        1.000000      
 (6.7800283E-03,-8.4564090E-03)  (-2.5611371E-03,-3.8929284E-03)  
 (-2.5611371E-03,-3.8929284E-03)
    0.000000       -1.000000        2.000000      
 (-1.2218952E-02,3.1664968E-03)  (-1.4249235E-03,4.2002648E-03)  
 (-7.1246177E-04,2.1001324E-03)
    1.000000        0.000000        0.000000      (0.000000,0.000000)  
 (-2.4959445E-02,4.8987567E-03)  (1.9818544E-02,1.8402934E-02)
    1.000000        0.000000        1.000000      
 (-9.6391886E-04,-4.1164458E-03)  (-2.1904707E-02,1.5646219E-02)  
 (9.6391886E-04,4.1164458E-03)
    1.000000        0.000000        2.000000      (1.1664815E-03,1.3108365E-03)
   (5.1967800E-03,1.0691583E-02)  (-5.8324076E-04,-6.5541826E-04)
    1.000000        1.000000        0.000000      
 (4.3772161E-03,-1.2386590E-03)  (-4.3772161E-03,1.2386590E-03)  
 (-3.9674342E-03,2.0675361E-03)
    1.000000        1.000000        1.000000      
 (-9.4296411E-04,3.5483390E-03)  (-3.8184226E-04,-2.2398308E-03)  
 (1.3248064E-03,-1.3131648E-03)
    1.000000        1.000000        2.000000      
 (-3.6973506E-03,-4.7148205E-04)  (-1.6996637E-03,-5.9418380E-03)  
 (2.6961789E-03,3.2130629E-03)
    1.000000        2.000000        0.000000      (7.3108822E-04,3.2596290E-03)
   (-3.6554411E-04,-1.6298145E-03)  (3.1664968E-03,1.0300428E-02)
    1.000000        2.000000        1.000000      (5.1502138E-03,4.3306500E-03)
   (-1.5273690E-03,-8.1257895E-04)  (-2.1001324E-03,-2.7008355E-03)
    1.000000       -2.000000        0.000000      
 (-4.3190084E-04,6.4074993E-03)  (-2.1595042E-04,3.2037497E-03)  
 (-6.8917871E-03,-1.0291114E-03)
    1.000000       -2.000000        1.000000      
 (-1.3434328E-03,5.8789738E-04)  (-2.6775524E-05,1.2223609E-03)  
 (1.2898818E-03,1.8579885E-03)
    1.000000       -1.000000        0.000000      
 (-2.9802322E-03,-7.1013346E-05)  (-2.9802322E-03,-7.1013346E-05)  
 (-5.0291419E-03,3.9860606E-03)
    1.000000       -1.000000        1.000000      (1.4528632E-02,4.3492764E-03)
   (5.2712858E-03,4.6566129E-03)  (-9.2573464E-03,3.0733645E-04)
    1.000000       -1.000000        2.000000      
 (-1.1618249E-03,2.3143366E-03)  (-2.9522926E-03,-3.1944364E-03)  
 (-8.9872628E-04,-2.7520582E-03)
    2.000000        0.000000        0.000000      (0.000000,0.000000)  
 (1.4565885E-02,-6.2771142E-03)  (-1.1245720E-03,3.5669655E-03)
    2.000000        0.000000        1.000000      
 (-4.4703484E-03,3.9022416E-03)  (5.6065619E-03,1.2330711E-02)  
 (8.9406967E-03,-7.8044832E-03)
    2.000000        1.000000        0.000000      
 (-1.7695129E-03,-1.7601997E-03)  (3.5390258E-03,3.5203993E-03)  
 (-6.0908496E-03,3.2130629E-04)
    2.000000        1.000000        1.000000      (3.6042184E-03,5.6717545E-03)
   (-6.1281025E-03,-1.3597310E-02)  (-1.0826625E-03,2.2258610E-03)
    2.000000       -1.000000        0.000000      
 (-1.0989606E-03,-3.0733645E-03)  (-2.1979213E-03,-6.1467290E-03)  
 (2.3143366E-03,4.2468309E-03)
    2.000000       -1.000000        1.000000      
 (-5.5413693E-03,1.6018748E-03)  (-5.6531280E-03,3.1851232E-03)  
 (5.4296106E-03,-1.7207640E-05)
