   0.00000000       0.00000000      -2.00000000     (  3.16649675E-03,  5.68106771E-04) ( -3.94880772E-03,  2.14204192E-03) (  0.00000000    ,  0.00000000    )
   0.00000000       0.00000000      -1.00000000     (  3.57627869E-03,  1.16229057E-02) (  2.92807817E-02,  6.93835318E-04) (  0.00000000    ,  0.00000000    )
   0.00000000       1.00000000      -2.00000000     (  1.64145604E-04,  1.35041773E-03) (  1.35973096E-03, -2.60770321E-04) (  6.79865479E-04, -1.30385160E-04)
   0.00000000       1.00000000      -1.00000000     ( -6.72414899E-03,  1.60187483E-02) ( -7.69272447E-03, -4.82425094E-03) ( -7.69272447E-03, -4.82425094E-03)
   0.00000000       2.00000000      -1.00000000     ( -1.01514161E-03, -1.22934580E-03) ( -8.10250640E-04,  3.72529030E-04) ( -1.62050128E-03,  7.45058060E-04)
   0.00000000      -2.00000000      -1.00000000     ( -1.69966370E-04,  1.99303031E-03) ( -1.72294676E-04, -4.51691449E-04) (  3.44589353E-04,  9.03382897E-04)
   0.00000000      -1.00000000      -2.00000000     (  2.03028321E-03,  2.23517418E-03) ( -3.42261046E-04, -1.17346644E-03) (  1.71130523E-04,  5.86733222E-04)
   0.00000000      -1.00000000      -1.00000000     (  1.48545951E-03, -1.17346644E-03) (  3.96743417E-03,  1.20140612E-03) ( -3.96743417E-03, -1.20140612E-03)
   1.00000000       0.00000000      -2.00000000     ( -9.77888703E-04, -4.09781933E-04) (  1.18277967E-03,  3.20374966E-03) ( -4.88944352E-04, -2.04890966E-04)
   1.00000000       0.00000000      -1.00000000     (  1.02818012E-02, -5.56930900E-03) ( -5.42029738E-03,  2.55554914E-02) (  1.02818012E-02, -5.56930900E-03)
   1.00000000       1.00000000      -2.00000000     (  1.13621354E-03,  1.36904418E-03) ( -2.71946192E-03,  1.19907781E-04) ( -7.91624188E-04,  7.45058060E-04)
   1.00000000       1.00000000      -1.00000000     ( -9.87201929E-04,  4.73111868E-03) ( -1.37835741E-03, -2.94297934E-03) ( -2.36555934E-03,  1.78813934E-03)
   1.00000000       2.00000000      -1.00000000     (  1.08964741E-03, -2.77068466E-04) ( -8.56816769E-04, -2.81725079E-04) ( -6.19329512E-04, -8.38190317E-04)
   1.00000000      -2.00000000      -1.00000000     ( -2.77068466E-04, -8.56816769E-04) (  2.05545803E-06, -2.91038305E-04) ( -2.81725079E-04, -2.72411853E-04)
   1.00000000      -1.00000000      -2.00000000     ( -1.83936208E-04, -1.52736902E-03) ( -7.26431608E-04,  1.50874257E-03) (  2.70083547E-04, -1.52736902E-03)
   1.00000000      -1.00000000      -1.00000000     ( -4.22005542E-05,  4.05125320E-04) ( -3.56230885E-04, -7.07805157E-04) (  3.11993062E-04,  1.11758709E-03)
   2.00000000       0.00000000      -1.00000000     ( -9.49949026E-04,  1.46683306E-04) (  1.04773790E-04, -1.23865902E-03) ( -1.89989805E-03,  2.93366611E-04)
   2.00000000       1.00000000      -1.00000000     ( -2.69210432E-06, -3.58559191E-04) ( -1.52736902E-03,  1.08266249E-04) ( -1.52736902E-03, -6.10016286E-04)
   2.00000000      -1.00000000      -1.00000000     (  8.10250640E-04, -7.33416528E-05) (  5.16884029E-04,  1.00582838E-03) (  1.08964741E-03, -1.15483999E-03)
