   0.00000000       0.00000000      -2.00000000     (  2.46800482E-04,  1.13621354E-03) ( -8.94069672E-04,  3.16649675E-04) (  0.00000000    ,  0.00000000    )
   0.00000000       0.00000000      -1.00000000     (  2.77161598E-02, -8.84756446E-03) (  2.36183405E-02,  3.41981649E-02) (  0.00000000    ,  0.00000000    )
   0.00000000       1.00000000      -2.00000000     ( -1.49011612E-04,  2.93366611E-04) (  2.18860805E-04,  5.40167093E-04) (  1.09430403E-04,  2.70083547E-04)
   0.00000000       1.00000000      -1.00000000     (  1.20326877E-02,  2.51829624E-02) (  5.18048182E-04, -1.18743628E-03) (  5.18048182E-04, -1.18743628E-03)
   0.00000000       2.00000000      -1.00000000     ( -1.93715096E-03, -3.63215804E-04) ( -4.00468707E-04, -2.88709998E-04) ( -8.00937414E-04, -5.77419996E-04)
   0.00000000      -2.00000000      -1.00000000     (  4.47034836E-04, -7.63684511E-04) ( -3.63215804E-04,  3.95812094E-05) (  7.26431608E-04, -7.91624188E-05)
   0.00000000      -1.00000000      -2.00000000     ( -1.11758709E-03, -3.25962901E-04) ( -2.46800482E-04, -1.53668225E-04) (  1.23400241E-04,  7.68341124E-05)
   0.00000000      -1.00000000      -1.00000000     (  7.95349479E-03, -9.45292413E-04) ( -3.59723344E-04,  1.08219683E-02) (  3.59723344E-04, -1.08219683E-02)
   1.00000000       0.00000000      -2.00000000     ( -5.96046448E-04,  6.33299351E-04) ( -6.14672899E-04,  8.00937414E-04) ( -2.98023224E-04,  3.16649675E-04)
   1.00000000       0.00000000      -1.00000000     (  7.93486834E-03, -1.85333192E-03) ( -6.09084964E-03, -3.30619514E-03) (  7.93486834E-03, -1.85333192E-03)
   1.00000000       1.00000000      -2.00000000     ( -7.82310963E-04,  3.72529030E-04) (  2.32830644E-04, -8.38190317E-04) ( -2.70083547E-04, -2.32830644E-04)
   1.00000000       1.00000000      -1.00000000     ( -5.77419996E-04, -1.09430403E-04) (  7.45058060E-04,  3.35276127E-04) (  1.62981451E-04,  2.23517418E-04)
   1.00000000       2.00000000      -1.00000000     (  6.98491931E-05,  2.84053385E-04) ( -2.23517418E-04,  2.79396772E-04) ( -3.72529030E-04,  8.38190317E-04)
   1.00000000      -2.00000000      -1.00000000     (  4.00468707E-04,  4.77302819E-05) (  3.91155481E-04,  3.91155481E-04) ( -3.81842256E-04, -7.26431608E-04)
   1.00000000      -1.00000000      -2.00000000     (  2.85217538E-05, -5.86733222E-04) ( -2.56113708E-04, -2.14204192E-04) (  1.42026693E-04, -1.86264515E-04)
   1.00000000      -1.00000000      -1.00000000     ( -3.53902578E-04,  3.44589353E-04) ( -7.26431608E-04,  1.30385160E-04) (  3.72529030E-04,  2.18860805E-04)
   2.00000000       0.00000000      -1.00000000     ( -3.16649675E-04, -1.46683306E-04) ( -1.67638063E-04,  5.58793545E-05) ( -6.33299351E-04, -2.93366611E-04)
   2.00000000       1.00000000      -1.00000000     ( -2.79396772E-04, -1.35041773E-04) (  4.93600965E-04, -2.79396772E-04) ( -5.93718141E-05, -5.49480319E-04)
   2.00000000      -1.00000000      -1.00000000     ( -9.31322575E-05,  1.16415322E-04) (  1.86264515E-04, -5.49480319E-04) ( -3.72529030E-04,  7.82310963E-04)
