   0.00000000       0.00000000      -2.00000000     (  7.93486834E-03,  1.90921128E-03) ( -1.15111470E-02,  6.23986125E-03) (  0.00000000    ,  0.00000000    )
   0.00000000       0.00000000      -1.00000000     (  8.61473382E-04,  1.08778477E-02) (  2.29477882E-02, -3.07336450E-03) (  0.00000000    ,  0.00000000    )
   0.00000000       1.00000000      -2.00000000     ( -1.55530870E-03,  3.37138772E-03) (  1.83470547E-03, -2.16998160E-03) (  9.17352736E-04, -1.08499080E-03)
   0.00000000       1.00000000      -1.00000000     ( -7.15255737E-03,  1.19954348E-02) ( -6.07222319E-03, -5.55068254E-03) ( -6.07222319E-03, -5.55068254E-03)
   0.00000000       2.00000000      -1.00000000     (  5.77419996E-04, -1.46683306E-03) ( -8.75443220E-04, -1.86264515E-04) ( -1.75088644E-03, -3.72529030E-04)
   0.00000000      -2.00000000      -1.00000000     ( -1.15483999E-03,  5.17815351E-03) ( -1.51339918E-03, -1.72294676E-03) (  3.02679837E-03,  3.44589353E-03)
   0.00000000      -1.00000000      -2.00000000     (  5.88595867E-03,  5.28991222E-03) ( -2.25380063E-03, -2.69152224E-03) (  1.12690032E-03,  1.34576112E-03)
   0.00000000      -1.00000000      -1.00000000     ( -2.51457095E-03,  1.07567757E-03) (  4.09781933E-03,  1.26194209E-03) ( -4.09781933E-03, -1.26194209E-03)
   1.00000000       0.00000000      -2.00000000     ( -1.97440386E-03, -1.21537596E-03) (  1.00117177E-03,  6.96629286E-03) ( -9.87201929E-04, -6.07687980E-04)
   1.00000000       0.00000000      -1.00000000     (  9.46223736E-03, -5.56930900E-03) ( -4.22820449E-03,  2.70456076E-02) (  9.46223736E-03, -5.56930900E-03)
   1.00000000       1.00000000      -2.00000000     (  2.40281224E-03,  3.11993062E-03) ( -6.51925802E-03,  1.18961907E-05) ( -2.05822289E-03,  1.56462193E-03)
   1.00000000       1.00000000      -1.00000000     (  1.26194209E-03,  8.79168510E-03) ( -2.29105353E-03, -5.90458512E-03) ( -1.02911144E-03,  2.89641321E-03)
   1.00000000       2.00000000      -1.00000000     (  2.94297934E-03,  2.86381692E-04) ( -8.52160156E-04, -2.11875886E-04) (  1.23400241E-03, -1.37370080E-04)
   1.00000000      -2.00000000      -1.00000000     (  2.02562660E-04,  2.45636329E-04) ( -1.65891834E-04, -1.64727680E-04) (  5.33182174E-04,  5.75091690E-04)
   1.00000000      -1.00000000      -2.00000000     ( -1.44354999E-03, -4.71249223E-03) ( -1.05705112E-03,  4.13507223E-03) ( -1.94995664E-04, -4.41446900E-03)
   1.00000000      -1.00000000      -1.00000000     ( -1.25262886E-03,  5.14555722E-04) ( -1.55996531E-03, -3.76254320E-03) (  3.05008143E-04,  4.28408384E-03)
   2.00000000       0.00000000      -1.00000000     ( -1.90921128E-03,  9.25501809E-05) ( -2.35624611E-03, -9.59262252E-04) ( -3.81842256E-03,  1.85100362E-04)
   2.00000000       1.00000000      -1.00000000     (  8.61473382E-04,  3.79513949E-04) ( -4.11644578E-03, -2.21654773E-03) ( -2.39349902E-03, -1.46217644E-03)
   2.00000000      -1.00000000      -1.00000000     (  1.27591193E-03, -5.86733222E-04) (  1.96509063E-03,  1.33179128E-03) (  5.86733222E-04, -2.50525773E-03)
