   0.00000000       0.00000000       1.00000000     (  2.51829624E-02,  1.11013651E-02) (  9.53674316E-03, -2.94297934E-02) (  0.00000000    ,  0.00000000    )
   0.00000000       0.00000000       2.00000000     (  3.78116965E-03, -4.39584255E-03) ( -2.43075192E-03,  4.81959432E-04) (  0.00000000    ,  0.00000000    )
   0.00000000       1.00000000       0.00000000     ( -8.43778253E-03,  8.21426511E-03) (  0.00000000    ,  0.00000000    ) (  2.21654773E-03,  1.82073563E-03)
   0.00000000       1.00000000       1.00000000     (  4.46103513E-03, -5.17815351E-03) (  3.92086804E-03, -9.53674316E-03) ( -3.92086804E-03,  9.53674316E-03)
   0.00000000       1.00000000       2.00000000     ( -5.28991222E-03,  1.12224370E-03) ( -2.44006515E-03,  8.81846063E-05) (  1.22003257E-03, -4.40923031E-05)
   0.00000000       2.00000000       0.00000000     ( -3.53902578E-03, -3.37138772E-03) (  0.00000000    ,  0.00000000    ) ( -4.37721610E-03,  6.17001206E-04)
   0.00000000       2.00000000       1.00000000     (  1.71363354E-03,  4.39584255E-03) ( -1.93715096E-03, -1.23400241E-03) (  3.87430191E-03,  2.46800482E-03)
   0.00000000      -2.00000000       0.00000000     ( -3.53902578E-03,  3.37138772E-03) (  0.00000000    ,  0.00000000    ) ( -4.37721610E-03, -6.17001206E-04)
   0.00000000      -2.00000000       1.00000000     ( -8.60542059E-03,  2.09547579E-03) ( -1.43889338E-03,  1.24797225E-03) ( -2.87778676E-03,  2.49594450E-03)
   0.00000000      -1.00000000       0.00000000     ( -8.43778253E-03, -8.21426511E-03) (  0.00000000    ,  0.00000000    ) (  2.21654773E-03, -1.82073563E-03)
   0.00000000      -1.00000000       1.00000000     (  1.51246786E-02, -1.74343586E-02) ( -7.71251507E-05, -1.65775418E-03) ( -7.71251507E-05, -1.65775418E-03)
   0.00000000      -1.00000000       2.00000000     (  4.33064997E-04, -2.57045031E-03) (  6.07687980E-04, -1.62981451E-03) (  3.03843990E-04, -8.14907253E-04)
   1.00000000       0.00000000       0.00000000     (  0.00000000    ,  0.00000000    ) ( -1.56089664E-02,  7.18981028E-03) (  2.86102295E-02,  2.39908695E-02)
   1.00000000       0.00000000       1.00000000     (  4.47034836E-03, -2.56113708E-03) ( -2.95042992E-02,  1.49756670E-02) ( -4.47034836E-03,  2.56113708E-03)
   1.00000000       0.00000000       2.00000000     (  1.24331564E-03,  2.63564289E-03) (  6.81728125E-03,  2.83122063E-03) ( -6.21657819E-04, -1.31782144E-03)
   1.00000000       1.00000000       0.00000000     (  5.75557351E-03,  4.56348062E-03) ( -5.75557351E-03, -4.56348062E-03) ( -8.95932317E-03,  6.40749931E-03)
   1.00000000       1.00000000       1.00000000     ( -2.63564289E-03, -1.32247806E-03) (  1.37370080E-03,  4.07453626E-04) (  1.25728548E-03,  9.12696123E-04)
   1.00000000       1.00000000       2.00000000     ( -5.19212335E-04, -1.90921128E-03) ( -3.85567546E-03, -2.20024958E-04) (  2.18860805E-03,  1.06636435E-03)
   1.00000000       2.00000000       0.00000000     ( -1.40629709E-03,  5.19677997E-03) (  7.03148544E-04, -2.59838998E-03) ( -6.91507012E-04,  2.99885869E-03)
   1.00000000       2.00000000       1.00000000     (  4.99188900E-03,  1.50408596E-03) ( -3.65078449E-03, -2.02096999E-03) (  2.32830644E-03,  2.53319740E-03)
   1.00000000      -2.00000000       0.00000000     (  3.59723344E-04, -2.52388418E-03) (  1.79861672E-04, -1.26194209E-03) ( -1.03842467E-03,  2.40281224E-03)
   1.00000000      -2.00000000       1.00000000     ( -8.33533704E-04,  1.81607902E-03) ( -1.17812306E-03,  2.37487257E-03) ( -1.52736902E-03,  2.93366611E-03)
   1.00000000      -1.00000000       0.00000000     ( -5.99771738E-03, -1.12876296E-02) ( -5.99771738E-03, -1.12876296E-02) ( -6.59376383E-03,  6.92903996E-03)
   1.00000000      -1.00000000       1.00000000     (  2.03028321E-03,  3.94880772E-03) ( -1.97440386E-03,  1.62050128E-03) ( -4.00468707E-03, -2.33761966E-03)
   1.00000000      -1.00000000       2.00000000     (  2.40281224E-03,  3.25962901E-03) (  4.07919288E-03,  3.09199095E-03) (  8.33533704E-04, -8.96397978E-05)
   2.00000000       0.00000000       0.00000000     (  0.00000000    ,  0.00000000    ) (  6.59376383E-03, -1.79745257E-03) ( -3.93018126E-03,  3.43425199E-04)
   2.00000000       0.00000000       1.00000000     ( -1.38767064E-03, -2.06753612E-03) (  1.00582838E-03,  5.60656190E-03) (  2.77534127E-03,  4.13507223E-03)
   2.00000000       1.00000000       0.00000000     ( -2.25380063E-03,  2.66591087E-04) (  4.50760126E-03, -5.33182174E-04) (  6.19911589E-05, -7.04079866E-03)
   2.00000000       1.00000000       1.00000000     (  2.36323103E-04,  2.21654773E-03) ( -1.25728548E-03, -4.11644578E-03) (  7.86967576E-04, -3.09664756E-04)
   2.00000000      -1.00000000       0.00000000     (  1.29453838E-03,  1.43889338E-03) (  2.58907676E-03,  2.87778676E-03) ( -1.61235221E-04,  1.52736902E-03)
   2.00000000      -1.00000000       1.00000000     ( -2.39349902E-03,  6.91507012E-04) ( -1.76019967E-03, -8.66129994E-04) (  3.03611159E-03, -2.25380063E-03)
