    0.000000        0.000000       -2.000000      (8.3819032E-03,2.7939677E-03)
   (4.8801303E-03,-2.6402995E-03)  (0.000000,0.000000)
    0.000000        0.000000       -1.000000      
 (2.3096800E-02,-1.2330711E-02)  (-4.0233135E-03,2.0340085E-02)  
 (0.000000,0.000000)
    0.000000        1.000000       -2.000000      
 (-9.7416341E-03,-2.7753413E-03)  (-5.5297278E-04,-5.1409006E-03)  
 (-2.7648639E-04,-2.5704503E-03)
    0.000000        1.000000       -1.000000      (7.7486038E-03,1.0319054E-02)
   (-2.8312206E-03,3.5017729E-03)  (-2.8312206E-03,3.5017729E-03)
    0.000000        2.000000       -1.000000      
 (-1.2069941E-02,8.4191561E-03)  (-3.6414713E-03,-9.6624717E-04)  
 (-7.2829425E-03,-1.9324943E-03)
    0.000000       -2.000000       -1.000000      (1.0319054E-02,2.4028122E-03)
   (-3.2538082E-04,2.5704503E-03)  (6.5076165E-04,-5.1409006E-03)
    0.000000       -1.000000       -2.000000      
 (-8.3446503E-03,2.0395964E-03)  (-8.4191561E-03,-1.8218998E-04)  
 (4.2095780E-03,9.1094989E-05)
    0.000000       -1.000000       -1.000000      (3.8743019E-03,1.2572855E-03)
   (7.3947012E-03,6.1839819E-03)  (-7.3947012E-03,-6.1839819E-03)
    1.000000        0.000000       -2.000000      (6.3702464E-03,4.5355409E-03)
   (-2.3655593E-03,8.0280006E-03)  (3.1851232E-03,2.2677705E-03)
    1.000000        0.000000       -1.000000      (4.1164458E-03,6.1700121E-05)
   (9.5739961E-03,-1.9930303E-03)  (4.1164458E-03,6.1700121E-05)
    1.000000        1.000000       -2.000000      
 (-3.2875687E-03,-3.1664968E-03)  (2.1373853E-03,-1.2367964E-02)  
 (-5.7392754E-04,-7.7672303E-03)
    1.000000        1.000000       -1.000000      
 (-8.5122883E-03,-5.3085387E-03)  (3.9115548E-03,-5.7392754E-04)  
 (-4.5914203E-03,-5.8859587E-03)
    1.000000        2.000000       -1.000000      
 (-9.5367432E-03,-4.0605664E-03)  (1.7741695E-03,2.1839514E-03)  
 (-5.9790909E-03,3.1082891E-04)
    1.000000       -2.000000       -1.000000      
 (-6.1583705E-04,-6.0908496E-03)  (-1.4109537E-03,-3.7997961E-03)  
 (2.2072345E-03,1.5133992E-03)
    1.000000       -1.000000       -2.000000      (4.0698797E-03,2.5797635E-03)
   (-2.6077032E-03,2.6775524E-03)  (3.3434480E-03,-4.8312359E-05)
    1.000000       -1.000000       -1.000000      
 (-8.2515180E-03,2.3841858E-03)  (-8.4936619E-03,1.1199154E-03)  
 (2.4156179E-04,1.2665987E-03)
    2.000000        0.000000       -1.000000      
 (-9.2666596E-04,4.0791929E-03)  (-2.1606684E-03,6.6682696E-03)  
 (-1.8533319E-03,8.1583858E-03)
    2.000000        1.000000       -1.000000      (5.3900294E-04,6.8685040E-04)
   (3.9488077E-03,-6.8917871E-03)  (5.0291419E-03,-5.5227429E-03)
    2.000000       -1.000000       -1.000000      
 (-1.3504177E-03,-2.5669578E-04)  (1.3178214E-03,3.4365803E-03)  
 (-4.0140003E-03,-3.9488077E-03)
