   0.00000000       0.00000000       1.00000000     (  2.28732824E-02,  3.04542482E-03) (  3.39001417E-02, -2.75671482E-02) (  0.00000000    ,  0.00000000    )
   0.00000000       0.00000000       2.00000000     ( -1.53668225E-04,  6.70552254E-04) (  5.21540642E-04,  1.72294676E-04) (  0.00000000    ,  0.00000000    )
   0.00000000       1.00000000       0.00000000     ( -1.73225999E-02, -8.17235559E-04) (  0.00000000    ,  0.00000000    ) (  5.20609319E-03,  1.62795186E-02)
   0.00000000       1.00000000       1.00000000     (  8.04662704E-03,  9.20146704E-03) ( -2.85916030E-03, -6.10947609E-03) (  2.85916030E-03,  6.10947609E-03)
   0.00000000       1.00000000       2.00000000     (  4.09781933E-04,  1.25728548E-04) (  2.70083547E-04, -1.30385160E-04) ( -1.35041773E-04,  6.51925802E-05)
   0.00000000       2.00000000       0.00000000     ( -1.95577741E-04, -6.51925802E-04) (  0.00000000    ,  0.00000000    ) (  7.26431608E-04, -7.26431608E-04)
   0.00000000       2.00000000       1.00000000     ( -3.72529030E-04,  4.65661287E-05) (  2.23517418E-04, -1.11758709E-04) ( -4.47034836E-04,  2.23517418E-04)
   0.00000000      -2.00000000       0.00000000     ( -1.95577741E-04,  6.51925802E-04) (  0.00000000    ,  0.00000000    ) (  7.26431608E-04,  7.26431608E-04)
   0.00000000      -2.00000000       1.00000000     (  7.45058060E-04, -4.54019755E-05) (  6.51925802E-05,  3.95812094E-05) (  1.30385160E-04,  7.91624188E-05)
   0.00000000      -1.00000000       0.00000000     ( -1.73225999E-02,  8.17235559E-04) (  0.00000000    ,  0.00000000    ) (  5.20609319E-03, -1.62795186E-02)
   0.00000000      -1.00000000       1.00000000     (  1.27358362E-03, -3.14414501E-02) ( -3.78116965E-03,  3.38070095E-03) ( -3.78116965E-03,  3.38070095E-03)
   0.00000000      -1.00000000       2.00000000     ( -1.35041773E-04,  2.32830644E-05) (  1.86264515E-04,  1.95577741E-04) (  9.31322575E-05,  9.77888703E-05)
   1.00000000       0.00000000       0.00000000     (  0.00000000    ,  0.00000000    ) ( -1.55344605E-02,  1.69873238E-02) (  3.08454037E-02,  1.87754631E-02)
   1.00000000       0.00000000       1.00000000     (  5.85569069E-04, -3.33413482E-03) ( -3.16649675E-02, -2.92435288E-03) ( -5.85569069E-04,  3.33413482E-03)
   1.00000000       0.00000000       2.00000000     (  7.68341124E-05, -4.28408384E-04) ( -3.35276127E-04, -3.53902578E-04) ( -3.84170562E-05,  2.14204192E-04)
   1.00000000       1.00000000       0.00000000     (  2.25380063E-03,  2.99885869E-03) ( -2.25380063E-03, -2.99885869E-03) ( -1.08033419E-02,  1.27032399E-02)
   1.00000000       1.00000000       1.00000000     ( -3.35276127E-04,  2.98023224E-04) (  6.14672899E-04,  2.44472176E-05) ( -2.70083547E-04, -3.25962901E-04)
   1.00000000       1.00000000       2.00000000     (  3.63215804E-04,  7.91624188E-05) ( -6.05359674E-05, -1.30385160E-04) ( -1.49011612E-04,  2.56113708E-05)
   1.00000000       2.00000000       0.00000000     ( -7.45058060E-05, -7.91624188E-05) (  3.72529030E-05,  3.95812094E-05) ( -4.28408384E-04, -2.14204192E-04)
   1.00000000       2.00000000       1.00000000     ( -5.21540642E-04, -2.51457095E-04) (  3.63215804E-04,  1.11758709E-04) ( -1.95577741E-04,  3.25962901E-05)
   1.00000000      -2.00000000       0.00000000     (  2.70083547E-04,  2.60770321E-04) (  1.35041773E-04,  1.30385160E-04) (  2.88709998E-04,  4.28408384E-04)
   1.00000000      -2.00000000       1.00000000     (  1.81607902E-04, -2.14204192E-04) (  7.68341124E-05, -1.67638063E-04) ( -2.91038305E-05, -1.25728548E-04)
   1.00000000      -1.00000000       0.00000000     ( -1.15716830E-03, -1.18091702E-02) ( -1.15716830E-03, -1.18091702E-02) ( -1.31502748E-02,  2.35438347E-02)
   1.00000000      -1.00000000       1.00000000     ( -5.21540642E-04, -1.44354999E-04) (  2.14204192E-04,  8.19563866E-04) (  7.45058060E-04,  9.68575478E-04)
   1.00000000      -1.00000000       2.00000000     (  6.51925802E-04, -6.33299351E-04) (  2.23517418E-04, -2.32830644E-04) ( -2.14204192E-04,  2.04890966E-04)
   2.00000000       0.00000000       0.00000000     (  0.00000000    ,  0.00000000    ) ( -5.21540642E-04, -7.45058060E-04) (  2.60770321E-04, -5.96046448E-04)
   2.00000000       0.00000000       1.00000000     ( -1.81607902E-04,  3.07336450E-04) ( -1.67638063E-04, -4.09781933E-04) (  3.63215804E-04, -6.14672899E-04)
   2.00000000       1.00000000       0.00000000     (  8.61473382E-05, -2.79396772E-04) ( -1.72294676E-04,  5.58793545E-04) (  3.25962901E-04, -5.02914190E-04)
   2.00000000       1.00000000       1.00000000     ( -1.11758709E-04, -9.77888703E-05) ( -1.30385160E-04,  6.70552254E-04) (  3.53902578E-04, -4.84287739E-04)
   2.00000000      -1.00000000       0.00000000     (  1.44354999E-04, -2.32830644E-04) (  2.88709998E-04, -4.65661287E-04) (  2.14204192E-04, -1.16415322E-04)
   2.00000000      -1.00000000       1.00000000     (  2.60770321E-04, -4.88944352E-05) (  6.70552254E-04, -5.35510480E-05) (  1.44354999E-04,  4.42378223E-05)
