   0.00000000       0.00000000      -2.00000000     (  3.24100256E-03,  4.09781933E-03) ( -2.44006515E-03, -2.87545845E-04) (  0.00000000    ,  0.00000000    )
   0.00000000       0.00000000      -1.00000000     (  2.57045031E-02, -1.11386180E-02) (  1.07288361E-02,  3.02493572E-02) (  0.00000000    ,  0.00000000    )
   0.00000000       1.00000000      -2.00000000     (  4.30736691E-04,  2.28174031E-03) (  6.07687980E-04,  1.74157321E-03) (  3.03843990E-04,  8.70786607E-04)
   0.00000000       1.00000000      -1.00000000     (  1.54599547E-02,  1.80304050E-02) (  1.62981451E-04,  1.53202564E-03) (  1.62981451E-04,  1.53202564E-03)
   0.00000000       2.00000000      -1.00000000     ( -8.00937414E-03, -2.06753612E-03) ( -1.38767064E-03, -1.14552677E-03) ( -2.77534127E-03, -2.29105353E-03)
   0.00000000      -2.00000000      -1.00000000     (  1.56462193E-03, -4.09781933E-03) ( -1.75088644E-03,  1.06636435E-03) (  3.50177288E-03, -2.13272870E-03)
   0.00000000      -1.00000000      -2.00000000     ( -4.82425094E-03, -1.21537596E-03) ( -2.00234354E-03, -8.29459168E-05) (  1.00117177E-03,  4.14729584E-05)
   0.00000000      -1.00000000      -1.00000000     (  4.82425094E-03,  5.08502126E-03) (  3.62284482E-03,  9.87201929E-03) ( -3.62284482E-03, -9.87201929E-03)
   1.00000000       0.00000000      -2.00000000     ( -1.00582838E-03,  3.78116965E-03) ( -3.31550837E-03,  5.19677997E-03) ( -5.02914190E-04,  1.89058483E-03)
   1.00000000       0.00000000      -1.00000000     (  4.28408384E-03,  1.75787136E-04) (  2.41212547E-03, -2.24448740E-03) (  4.28408384E-03,  1.75787136E-04)
   1.00000000       1.00000000      -2.00000000     ( -3.94880772E-03,  4.26080078E-04) (  3.83704901E-03, -3.76254320E-03) ( -5.50062396E-05, -1.66706741E-03)
   1.00000000       1.00000000      -1.00000000     ( -5.14090061E-03, -2.02096999E-03) (  4.39584255E-03,  6.26314431E-04) ( -7.35744834E-04, -1.39698386E-03)
   1.00000000       2.00000000      -1.00000000     ( -1.41561031E-03,  1.26194209E-03) ( -3.14321369E-04,  1.62981451E-03) ( -2.04890966E-03,  4.52622771E-03)
   1.00000000      -2.00000000      -1.00000000     ( -1.05355866E-04, -8.94069672E-04) (  1.22003257E-03, -1.55996531E-04) ( -2.54251063E-03, -5.84404916E-04)
   1.00000000      -1.00000000      -2.00000000     ( -1.28056854E-03, -2.44006515E-03) ( -1.53086148E-04, -1.92783773E-03) ( -5.63450158E-04, -2.53785402E-04)
   1.00000000      -1.00000000      -1.00000000     ( -1.40629709E-03,  3.86498868E-04) ( -3.22237611E-03,  5.42495400E-04) (  1.80676579E-03, -1.55414455E-04)
   2.00000000       0.00000000      -1.00000000     ( -1.36438757E-03, -7.12461770E-04) ( -4.56348062E-03,  9.31322575E-04) ( -2.72877514E-03, -1.42492354E-03)
   2.00000000       1.00000000      -1.00000000     ( -1.52504072E-04,  5.14555722E-04) (  8.61473382E-04, -1.58324838E-03) (  5.56465238E-04, -5.56465238E-04)
   2.00000000      -1.00000000      -1.00000000     (  1.26310624E-04, -1.04773790E-03) (  7.07805157E-04, -3.76254320E-03) ( -4.58676368E-04,  1.67638063E-03)
