   0.00000000       0.00000000      -2.00000000     (  1.24797225E-03,  2.01165676E-03) ( -1.75088644E-03, -1.76951289E-04) (  0.00000000    ,  0.00000000    )
   0.00000000       0.00000000      -1.00000000     (  1.68383121E-02,  2.08150595E-03) (  3.62098217E-02,  1.91479921E-02) (  0.00000000    ,  0.00000000    )
   0.00000000       1.00000000      -2.00000000     (  1.08964741E-03,  2.82307155E-05) ( -3.11993062E-04,  7.17118382E-04) ( -1.55996531E-04,  3.58559191E-04)
   0.00000000       1.00000000      -1.00000000     ( -3.17580998E-03,  3.00258398E-02) ( -6.57513738E-03, -2.18860805E-03) ( -6.57513738E-03, -2.18860805E-03)
   0.00000000       2.00000000      -1.00000000     ( -9.68575478E-04,  2.95694917E-04) (  1.01281330E-04,  6.98491931E-04) (  2.02562660E-04,  1.39698386E-03)
   0.00000000      -2.00000000      -1.00000000     (  1.95577741E-03,  7.35744834E-04) ( -6.14672899E-04, -5.70435077E-05) (  1.22934580E-03,  1.14087015E-04)
   0.00000000      -1.00000000      -2.00000000     ( -6.33299351E-04,  8.00937414E-04) ( -6.79865479E-04, -2.16532499E-04) (  3.39932740E-04,  1.08266249E-04)
   0.00000000      -1.00000000      -1.00000000     (  8.28877091E-03, -1.03935599E-02) ( -1.91386789E-03,  2.52388418E-03) (  1.91386789E-03, -2.52388418E-03)
   1.00000000       0.00000000      -2.00000000     ( -9.03382897E-04, -1.86264515E-04) ( -6.51925802E-04,  1.19209290E-03) ( -4.51691449E-04, -9.31322575E-05)
   1.00000000       0.00000000      -1.00000000     (  8.97794962E-03, -5.14090061E-03) ( -9.79751348E-03,  2.83122063E-03) (  8.97794962E-03, -5.14090061E-03)
   1.00000000       1.00000000      -2.00000000     ( -5.91389835E-04, -1.08266249E-04) (  6.70552254E-04, -1.82539225E-03) (  4.07453626E-05, -9.68575478E-04)
   1.00000000       1.00000000      -1.00000000     ( -1.84401870E-03,  1.69500709E-03) (  1.89989805E-03, -6.22821972E-05) (  5.64614311E-05,  1.63912773E-03)
   1.00000000       2.00000000      -1.00000000     (  4.09781933E-04, -6.70552254E-04) ( -5.02914190E-04, -1.28056854E-04) ( -5.96046448E-04, -9.22009349E-04)
   1.00000000      -2.00000000      -1.00000000     (  1.17346644E-03,  3.25962901E-04) (  8.47503543E-04,  4.70317900E-04) ( -5.26197255E-04, -6.14672899E-04)
   1.00000000      -1.00000000      -2.00000000     (  6.89178705E-04, -8.38190317E-04) (  7.54371285E-04, -5.72763383E-04) ( -3.28873284E-05, -1.33877620E-04)
   1.00000000      -1.00000000      -1.00000000     (  5.06406650E-05,  1.52736902E-03) ( -9.59262252E-04,  9.49949026E-04) (  1.01514161E-03,  5.82076609E-04)
   2.00000000       0.00000000      -1.00000000     ( -4.79631126E-04, -2.79396772E-04) (  6.70552254E-04, -5.54136932E-04) ( -9.59262252E-04, -5.58793545E-04)
   2.00000000       1.00000000      -1.00000000     (  5.07570803E-04,  3.21306288E-04) ( -5.40167093E-04,  6.98491931E-04) (  4.79631126E-04,  1.34110451E-03)
   2.00000000      -1.00000000      -1.00000000     (  3.63215804E-04,  1.14087015E-04) (  8.94069672E-04, -8.19563866E-04) ( -1.60653144E-04,  1.04308128E-03)
