   0.00000000       0.00000000       1.00000000     (  1.28895044E-02, -9.94652510E-03) (  4.21702862E-02, -1.18464231E-02) (  0.00000000    ,  0.00000000    )
   0.00000000       0.00000000       2.00000000     (  1.11758709E-04, -4.65661287E-05) ( -9.31322575E-05, -5.82076609E-06) (  0.00000000    ,  0.00000000    )
   0.00000000       1.00000000       0.00000000     ( -2.08150595E-03, -4.47034836E-03) (  0.00000000    ,  0.00000000    ) (  1.41561031E-02,  7.86036253E-03)
   0.00000000       1.00000000       1.00000000     (  8.81031156E-03,  7.59959221E-03) (  1.38767064E-03, -1.37370080E-03) ( -1.38767064E-03,  1.37370080E-03)
   0.00000000       1.00000000       2.00000000     (  2.79396772E-05, -3.72529030E-05) ( -2.79396772E-05,  2.32830644E-05) (  1.39698386E-05, -1.16415322E-05)
   0.00000000       2.00000000       0.00000000     (  5.58793545E-05,  3.72529030E-05) (  0.00000000    ,  0.00000000    ) ( -5.58793545E-05,  1.16415322E-05)
   0.00000000       2.00000000       1.00000000     (  9.31322575E-05, -1.86264515E-05) ( -1.86264515E-05, -1.86264515E-05) (  3.72529030E-05,  3.72529030E-05)
   0.00000000      -2.00000000       0.00000000     (  5.58793545E-05, -3.72529030E-05) (  0.00000000    ,  0.00000000    ) ( -5.58793545E-05, -1.16415322E-05)
   0.00000000      -2.00000000       1.00000000     ( -3.72529030E-05, -2.91038305E-06) ( -3.72529030E-05, -4.65661287E-05) ( -7.45058060E-05, -9.31322575E-05)
   0.00000000      -1.00000000       0.00000000     ( -2.08150595E-03,  4.47034836E-03) (  0.00000000    ,  0.00000000    ) (  1.41561031E-02, -7.86036253E-03)
   0.00000000      -1.00000000       1.00000000     ( -6.57513738E-03, -2.82377005E-02) ( -9.64850187E-03,  3.36207449E-03) ( -9.64850187E-03,  3.36207449E-03)
   0.00000000      -1.00000000       2.00000000     (  4.65661287E-05, -1.86264515E-05) (  2.32830644E-05, -1.39698386E-05) (  1.16415322E-05, -6.98491931E-06)
   1.00000000       0.00000000       0.00000000     (  0.00000000    ,  0.00000000    ) ( -3.11434269E-02,  2.27987766E-02) (  1.92970037E-02,  1.42492354E-03)
   1.00000000       0.00000000       1.00000000     ( -3.69735062E-03,  6.10016286E-04) ( -1.66893005E-02, -1.79186463E-02) (  3.69735062E-03, -6.10016286E-04)
   1.00000000       0.00000000       2.00000000     ( -7.45058060E-05, -3.72529030E-05) (  4.65661287E-05,  2.79396772E-05) (  3.72529030E-05,  1.86264515E-05)
   1.00000000       1.00000000       0.00000000     (  2.38418579E-03,  4.85219061E-03) ( -2.38418579E-03, -4.85219061E-03) ( -4.89875674E-03,  1.18464231E-02)
   1.00000000       1.00000000       1.00000000     (  2.79396772E-05,  3.72529030E-05) ( -1.11758709E-04,  5.82076609E-07) (  7.45058060E-05, -3.72529030E-05)
   1.00000000       1.00000000       2.00000000     ( -1.49011612E-04,  2.32830644E-05) (  4.65661287E-05,  7.45058060E-05) (  4.65661287E-05, -4.65661287E-05)
   1.00000000       2.00000000       0.00000000     ( -6.98491931E-06,  2.32830644E-05) (  3.49245965E-06, -1.16415322E-05) ( -4.65661287E-05,  1.16415322E-06)
   1.00000000       2.00000000       1.00000000     ( -1.16415322E-05,  1.39698386E-05) ( -2.79396772E-05,  4.65661287E-06) (  7.45058060E-05, -2.32830644E-05)
   1.00000000      -2.00000000       0.00000000     ( -1.16415322E-05,  3.72529030E-05) ( -5.82076609E-06,  1.86264515E-05) ( -2.79396772E-05, -7.45058060E-05)
   1.00000000      -2.00000000       1.00000000     ( -5.58793545E-05, -2.79396772E-05) ( -1.16415322E-05, -1.39698386E-05) (  3.72529030E-05,  3.49245965E-06)
   1.00000000      -1.00000000       0.00000000     (  7.72997737E-04, -5.06639481E-03) (  7.72997737E-04, -5.06639481E-03) ( -8.62404704E-03,  3.37511301E-02)
   1.00000000      -1.00000000       1.00000000     (  1.49011612E-04,  5.58793545E-05) (  3.49245965E-06, -1.11758709E-04) ( -1.49011612E-04, -1.86264515E-04)
   1.00000000      -1.00000000       2.00000000     ( -5.58793545E-05,  5.82076609E-07) ( -3.72529030E-05,  5.58793545E-05) (  1.39698386E-05,  2.79396772E-05)
   2.00000000       0.00000000       0.00000000     (  0.00000000    ,  0.00000000    ) (  2.79396772E-05,  9.31322575E-05) ( -4.65661287E-05, -1.45519152E-06)
   2.00000000       0.00000000       1.00000000     ( -9.31322575E-06,  2.91038305E-06) (  2.91038305E-06,  2.32830644E-05) (  1.86264515E-05, -5.82076609E-06)
   2.00000000       1.00000000       0.00000000     (  1.86264515E-05,  1.39698386E-05) ( -3.72529030E-05, -2.79396772E-05) (  6.98491931E-06,  4.65661287E-05)
   2.00000000       1.00000000       1.00000000     (  1.74622983E-06, -1.39698386E-05) ( -4.65661287E-05,  2.79396772E-05) (  4.65661287E-05,  8.73114914E-07)
   2.00000000      -1.00000000       0.00000000     ( -2.32830644E-05, -1.16415322E-05) ( -4.65661287E-05, -2.32830644E-05) ( -1.39698386E-05, -9.31322575E-06)
   2.00000000      -1.00000000       1.00000000     ( -1.39698386E-05, -4.65661287E-05) ( -3.72529030E-05, -3.72529030E-05) ( -9.31322575E-06,  5.58793545E-05)
