   0.00000000       0.00000000      -2.00000000     (  1.02445483E-04,  5.40167093E-04) ( -4.28408384E-04,  1.58324838E-04) (  0.00000000    ,  0.00000000    )
   0.00000000       0.00000000      -1.00000000     (  2.76416540E-02, -8.53091478E-03) (  2.45869160E-02,  3.41236591E-02) (  0.00000000    ,  0.00000000    )
   0.00000000       1.00000000      -2.00000000     ( -7.91624188E-05,  1.35041773E-04) (  9.31322575E-05,  2.51457095E-04) (  4.65661287E-05,  1.25728548E-04)
   0.00000000       1.00000000      -1.00000000     (  1.13248825E-02,  2.58535147E-02) (  3.21888365E-04, -1.44354999E-03) (  3.21888365E-04, -1.44354999E-03)
   0.00000000       2.00000000      -1.00000000     ( -8.94069672E-04, -1.58324838E-04) ( -1.86264515E-04, -1.35041773E-04) ( -3.72529030E-04, -2.70083547E-04)
   0.00000000      -2.00000000      -1.00000000     (  2.04890966E-04, -3.35276127E-04) ( -1.67638063E-04,  7.85803422E-06) (  3.35276127E-04, -1.57160684E-05)
   0.00000000      -1.00000000      -2.00000000     ( -5.21540642E-04, -1.39698386E-04) ( -1.21071935E-04, -7.91624188E-05) (  6.05359674E-05,  3.95812094E-05)
   0.00000000      -1.00000000      -1.00000000     (  8.04662704E-03, -1.65775418E-03) ( -6.50761649E-04,  1.06915832E-02) (  6.50761649E-04, -1.06915832E-02)
   1.00000000       0.00000000      -2.00000000     ( -2.79396772E-04,  2.79396772E-04) ( -2.79396772E-04,  3.53902578E-04) ( -1.39698386E-04,  1.39698386E-04)
   1.00000000       0.00000000      -1.00000000     (  8.19563866E-03, -2.13738531E-03) ( -6.70552254E-03, -3.30619514E-03) (  8.19563866E-03, -2.13738531E-03)
   1.00000000       1.00000000      -2.00000000     ( -3.53902578E-04,  1.58324838E-04) (  8.38190317E-05, -3.91155481E-04) ( -1.35041773E-04, -1.11758709E-04)
   1.00000000       1.00000000      -1.00000000     ( -2.51457095E-04, -3.95812094E-05) (  3.53902578E-04,  1.58324838E-04) (  9.31322575E-05,  1.21071935E-04)
   1.00000000       2.00000000      -1.00000000     (  3.37604433E-05,  1.35041773E-04) ( -1.02445483E-04,  1.16415322E-04) ( -1.76951289E-04,  3.72529030E-04)
   1.00000000      -2.00000000      -1.00000000     (  2.04890966E-04,  3.25962901E-05) (  1.86264515E-04,  1.95577741E-04) ( -1.67638063E-04, -3.53902578E-04)
   1.00000000      -1.00000000      -2.00000000     (  2.91038305E-05, -2.70083547E-04) ( -1.07102096E-04, -8.38190317E-05) (  6.98491931E-05, -9.31322575E-05)
   1.00000000      -1.00000000      -1.00000000     ( -1.67638063E-04,  1.76951289E-04) ( -3.35276127E-04,  6.28642738E-05) (  1.76951289E-04,  1.11758709E-04)
   2.00000000       0.00000000      -1.00000000     ( -1.49011612E-04, -6.51925802E-05) ( -6.28642738E-05,  2.79396772E-05) ( -2.98023224E-04, -1.30385160E-04)
   2.00000000       1.00000000      -1.00000000     ( -1.39698386E-04, -6.75208867E-05) (  2.42143869E-04, -1.35041773E-04) ( -3.49245965E-05, -2.70083547E-04)
   2.00000000      -1.00000000      -1.00000000     ( -3.95812094E-05,  6.28642738E-05) (  1.02445483E-04, -2.42143869E-04) ( -1.86264515E-04,  3.72529030E-04)
