    0.000000        0.000000       -2.000000      (7.2456896E-03,1.6437843E-03)
   (6.0908496E-03,-4.6379864E-03)  (0.000000,0.000000)
    0.000000        0.000000       -1.000000      
 (2.1457672E-02,-1.1771917E-02)  (-8.2328916E-03,1.6912818E-02)  
 (0.000000,0.000000)
    0.000000        1.000000       -2.000000      
 (-1.3411045E-02,-2.2677705E-03)  (-2.3655593E-03,-1.8021092E-03)  
 (-1.1827797E-03,-9.0105459E-04)
    0.000000        1.000000       -1.000000      (6.3888729E-03,6.4074993E-03)
   (-2.0209700E-03,4.3585896E-03)  (-2.0209700E-03,4.3585896E-03)
    0.000000        2.000000       -1.000000      
 (-1.2852252E-02,1.1380762E-02)  (-3.9394945E-03,-1.1408702E-03)  
 (-7.8789890E-03,-2.2817403E-03)
    0.000000       -2.000000       -1.000000      (1.0672957E-02,3.1292439E-03)
   (-2.3748726E-04,2.0349398E-03)  (4.7497451E-04,-4.0698797E-03)
    0.000000       -1.000000       -2.000000      
 (-8.2328916E-03,2.5378540E-03)  (-5.5320561E-03,1.1641532E-03)  
 (2.7660280E-03,-5.8207661E-04)
    0.000000       -1.000000       -1.000000      
 (4.2468309E-03,-2.2538006E-03)  (6.3329935E-03,4.8056245E-03)  
 (-6.3329935E-03,-4.8056245E-03)
    1.000000        0.000000       -2.000000      (8.6054206E-03,2.9336661E-03)
   (-3.2596290E-03,5.1688403E-03)  (4.3027103E-03,1.4668331E-03)
    1.000000        0.000000       -1.000000      
 (3.9115548E-03,-6.2864274E-04)  (7.8231096E-03,-3.9860606E-03)  
 (3.9115548E-03,-6.2864274E-04)
    1.000000        1.000000       -2.000000      
 (-3.2037497E-03,-7.8696758E-04)  (-2.1699816E-03,-1.3597310E-02)  
 (-2.6868656E-03,-7.1898103E-03)
    1.000000        1.000000       -1.000000      
 (-8.2887709E-03,-1.7834827E-03)  (2.2538006E-03,-1.2712553E-03)  
 (-6.0163438E-03,-3.0547380E-03)
    1.000000        2.000000       -1.000000      
 (-9.3318522E-03,-8.1025064E-04)  (1.7229468E-03,2.8591603E-03)  
 (-5.9045851E-03,4.9080700E-03)
    1.000000       -2.000000       -1.000000      
 (-2.2846507E-05,-5.0663948E-03)  (-9.9651515E-04,-2.0489097E-03)  
 (1.9697472E-03,-9.6159056E-04)
    1.000000       -1.000000       -2.000000      (4.9639493E-03,8.4517524E-04)
   (-4.2747706E-03,1.8673018E-03)  (4.6193600E-03,-5.1222742E-04)
    1.000000       -1.000000       -1.000000      
 (-1.0170043E-02,4.0978193E-03)  (-6.8917871E-03,4.9942173E-04)  
 (-3.2875687E-03,3.5949051E-03)
    2.000000        0.000000       -1.000000      (1.5413389E-03,4.4889748E-03)
   (6.3143671E-03,7.6368451E-03)  (3.0826777E-03,8.9779496E-03)
    2.000000        1.000000       -1.000000      
 (-8.0326572E-04,-1.5832484E-03)  (4.1164458E-03,-5.5320561E-03)  
 (2.5052577E-03,-8.6985528E-03)
    2.000000       -1.000000       -1.000000      
 (-1.7369166E-03,2.2677705E-03)  (2.8929207E-04,6.2584877E-03)  
 (-3.7625432E-03,-1.7136335E-03)
