   0.00000000       0.00000000       1.00000000     (  1.15018338E-03, -1.09151006E-02) (  2.35438347E-02,  2.58907676E-03) (  0.00000000    ,  0.00000000    )
   0.00000000       0.00000000       2.00000000     (  7.30156898E-03, -1.62050128E-03) ( -1.04680657E-02, -5.79282641E-03) (  0.00000000    ,  0.00000000    )
   0.00000000       1.00000000       0.00000000     (  4.91738319E-03, -2.64495611E-03) (  0.00000000    ,  0.00000000    ) (  1.43051147E-02, -3.28756869E-03)
   0.00000000       1.00000000       1.00000000     ( -1.91852450E-03, -7.82310963E-04) (  4.07919288E-03, -1.25262886E-03) ( -4.07919288E-03,  1.25262886E-03)
   0.00000000       1.00000000       2.00000000     (  5.42029738E-03, -5.01051545E-03) ( -1.82539225E-03,  2.61701643E-03) (  9.12696123E-04, -1.30850822E-03)
   0.00000000       2.00000000       0.00000000     (  7.31088221E-04,  6.37024641E-03) (  0.00000000    ,  0.00000000    ) ( -8.89413059E-04,  2.53319740E-03)
   0.00000000       2.00000000       1.00000000     ( -1.15018338E-03, -4.99188900E-03) ( -1.28056854E-03,  1.63912773E-03) (  2.56113708E-03, -3.27825546E-03)
   0.00000000      -2.00000000       0.00000000     (  7.31088221E-04, -6.37024641E-03) (  0.00000000    ,  0.00000000    ) ( -8.89413059E-04, -2.53319740E-03)
   0.00000000      -2.00000000       1.00000000     (  7.15954229E-05,  1.57393515E-03) ( -9.26665962E-04,  1.06520019E-04) ( -1.85333192E-03,  2.13040039E-04)
   0.00000000      -1.00000000       0.00000000     (  4.91738319E-03,  2.64495611E-03) (  0.00000000    ,  0.00000000    ) (  1.43051147E-02,  3.28756869E-03)
   0.00000000      -1.00000000       1.00000000     ( -7.04079866E-03, -1.23307109E-02) ( -6.25848770E-03,  5.43892384E-03) ( -6.25848770E-03,  5.43892384E-03)
   0.00000000      -1.00000000       2.00000000     ( -1.25728548E-03, -3.18512321E-03) (  1.93715096E-03,  1.76019967E-03) (  9.68575478E-04,  8.80099833E-04)
   1.00000000       0.00000000       0.00000000     (  0.00000000    ,  0.00000000    ) ( -2.49594450E-02,  8.97794962E-03) (  1.43051147E-02, -4.30271029E-03)
   1.00000000       0.00000000       1.00000000     ( -1.57393515E-03, -1.57393515E-03) ( -5.91389835E-04, -9.31322575E-03) (  1.57393515E-03,  1.57393515E-03)
   1.00000000       0.00000000       2.00000000     ( -4.04193997E-03, -1.81607902E-03) ( -3.93483788E-04,  2.09547579E-03) (  2.02096999E-03,  9.08039510E-04)
   1.00000000       1.00000000       0.00000000     (  1.90921128E-03,  1.25728548E-03) ( -1.90921128E-03, -1.25728548E-03) (  5.60656190E-03,  1.14738941E-02)
   1.00000000       1.00000000       1.00000000     ( -2.21654773E-03, -4.51691449E-04) (  1.55414455E-04,  3.76254320E-03) (  2.05822289E-03, -3.31550837E-03)
   1.00000000       1.00000000       2.00000000     ( -2.97091901E-03,  9.12696123E-04) (  2.80328095E-03,  1.82539225E-03) (  8.41100700E-05, -1.36904418E-03)
   1.00000000       2.00000000       0.00000000     (  3.95812094E-04,  2.28174031E-03) ( -1.97906047E-04, -1.14087015E-03) ( -2.82190740E-03,  4.54019755E-04)
   1.00000000       2.00000000       1.00000000     (  3.05473804E-03,  1.17812306E-03) ( -1.04308128E-03, -4.58676368E-04) ( -9.68575478E-04, -2.60770321E-04)
   1.00000000      -2.00000000       0.00000000     (  6.19329512E-04,  7.47386366E-04) (  3.09664756E-04,  3.73693183E-04) ( -2.40281224E-03,  2.20723450E-03)
   1.00000000      -2.00000000       1.00000000     ( -1.60187483E-03,  3.98140401E-04) (  1.61817297E-04,  5.12227416E-04) (  1.92783773E-03,  6.28642738E-04)
   1.00000000      -1.00000000       0.00000000     (  4.06056643E-03,  5.33182174E-04) (  4.06056643E-03,  5.33182174E-04) ( -3.91155481E-03,  9.27597284E-03)
   1.00000000      -1.00000000       1.00000000     (  2.00234354E-03,  3.87430191E-03) ( -5.28525561E-04, -4.89875674E-03) ( -2.53319740E-03, -8.79168510E-03)
   1.00000000      -1.00000000       2.00000000     ( -5.30853868E-03, -1.51339918E-03) (  1.79745257E-03,  5.58793545E-04) (  3.55765224E-03,  1.03842467E-03)
   2.00000000       0.00000000       0.00000000     (  0.00000000    ,  0.00000000    ) ( -1.95577741E-03,  4.17232513E-03) ( -5.91389835E-04, -2.38418579E-03)
   2.00000000       0.00000000       1.00000000     ( -9.40635800E-04,  9.49949026E-04) ( -2.80328095E-03, -2.78465450E-03) (  1.88127160E-03, -1.89989805E-03)
   2.00000000       1.00000000       0.00000000     ( -7.21774995E-04, -1.09896064E-03) (  1.44354999E-03,  2.19792128E-03) (  7.54371285E-04,  2.74740160E-03)
   2.00000000       1.00000000       1.00000000     ( -5.68106771E-04,  2.42143869E-04) ( -7.63684511E-04,  1.14087015E-03) (  1.89989805E-03, -1.62050128E-03)
   2.00000000      -1.00000000       0.00000000     ( -2.70083547E-03, -1.34576112E-03) ( -5.40167093E-03, -2.69152224E-03) (  1.74157321E-03,  5.62518835E-03)
   2.00000000      -1.00000000       1.00000000     (  1.73225999E-03, -1.84401870E-03) ( -1.23400241E-03,  3.91155481E-04) ( -4.69386578E-03,  4.07919288E-03)
