   0.00000000       0.00000000      -2.00000000     ( -1.11758709E-04, -4.47034836E-04) (  3.53902578E-04, -1.11758709E-04) (  0.00000000    ,  0.00000000    )
   0.00000000       0.00000000      -1.00000000     (  2.25752592E-02, -2.86847353E-03) (  3.39001417E-02,  2.71946192E-02) (  0.00000000    ,  0.00000000    )
   0.00000000       1.00000000      -2.00000000     ( -9.77888703E-05, -1.28056854E-05) (  1.30385160E-04, -1.30385160E-04) (  6.51925802E-05, -6.51925802E-05)
   0.00000000       1.00000000      -1.00000000     (  1.05239451E-03,  3.13669443E-02) ( -3.89292836E-03, -3.35276127E-03) ( -3.89292836E-03, -3.35276127E-03)
   0.00000000       2.00000000      -1.00000000     (  4.84287739E-04,  2.56113708E-05) (  3.95812094E-05, -3.25962901E-05) (  7.91624188E-05, -6.51925802E-05)
   0.00000000      -2.00000000      -1.00000000     ( -2.60770321E-04, -3.95812094E-05) (  1.49011612E-04,  7.45058060E-05) ( -2.98023224E-04, -1.49011612E-04)
   0.00000000      -1.00000000      -2.00000000     (  2.60770321E-04, -8.84756446E-05) (  1.76951289E-04,  8.38190317E-05) ( -8.84756446E-05, -4.19095159E-05)
   0.00000000      -1.00000000      -1.00000000     (  8.02800059E-03, -9.27597284E-03) ( -2.84984708E-03,  5.92321157E-03) (  2.84984708E-03, -5.92321157E-03)
   1.00000000       0.00000000      -2.00000000     (  1.58324838E-04, -8.38190317E-05) (  2.32830644E-04, -1.30385160E-04) (  7.91624188E-05, -4.19095159E-05)
   1.00000000       0.00000000      -1.00000000     (  9.62987542E-03, -4.82425094E-03) ( -1.02072954E-02, -2.03493983E-03) (  9.62987542E-03, -4.82425094E-03)
   1.00000000       1.00000000      -2.00000000     (  1.49011612E-04,  7.91624188E-05) ( -7.91624188E-05,  3.16649675E-04) (  3.25962901E-05,  1.95577741E-04)
   1.00000000       1.00000000      -1.00000000     (  1.76951289E-04, -1.02445483E-04) ( -3.91155481E-04, -1.86264515E-04) ( -2.04890966E-04, -2.79396772E-04)
   1.00000000       2.00000000      -1.00000000     ( -2.67755240E-05, -1.76951289E-04) (  9.77888703E-05,  1.39698386E-04) (  1.67638063E-04,  1.02445483E-04)
   1.00000000      -2.00000000      -1.00000000     ( -2.98023224E-04, -1.39698386E-04) ( -1.86264515E-04, -1.49011612E-04) (  6.98491931E-05,  1.67638063E-04)
   1.00000000      -1.00000000      -2.00000000     ( -1.49011612E-04,  1.58324838E-04) ( -2.23517418E-04,  2.44472176E-05) (  3.95812094E-05,  6.98491931E-05)
   1.00000000      -1.00000000      -1.00000000     (  6.98491931E-05, -2.98023224E-04) (  3.16649675E-04, -1.11758709E-04) ( -2.42143869E-04, -1.95577741E-04)
   2.00000000       0.00000000      -1.00000000     (  1.11758709E-04,  3.25962901E-05) (  1.22236088E-05, -3.02679837E-05) (  2.23517418E-04,  6.51925802E-05)
   2.00000000       1.00000000      -1.00000000     (  8.84756446E-05,  1.62981451E-05) ( -1.49011612E-04,  8.38190317E-05) (  2.91038305E-05,  1.11758709E-04)
   2.00000000      -1.00000000      -1.00000000     ( -3.25962901E-05, -2.21189111E-05) ( -2.51457095E-04,  2.04890966E-04) (  1.86264515E-04, -2.51457095E-04)
