    0.000000        0.000000        1.000000      (2.3320317E-02,1.2218952E-02)
   (-2.5145710E-03,-2.1457672E-02)  (0.000000,0.000000)
    0.000000        0.000000        2.000000      
 (7.6554716E-03,-3.2037497E-03)  (3.7625432E-03,1.9930303E-03)  
 (0.000000,0.000000)
    0.000000        1.000000        0.000000      
 (-1.1082739E-03,1.1995435E-02)  (0.000000,0.000000)  
 (2.5145710E-03,-3.4086406E-03)
    0.000000        1.000000        1.000000      
 (3.6507845E-03,-2.2258610E-03)  (7.3760748E-03,-6.6123903E-03)  
 (-7.3760748E-03,6.6123903E-03)
    0.000000        1.000000        2.000000      
 (-7.8044832E-03,-1.5646219E-03)  (-8.0466270E-03,3.6088750E-04)  
 (4.0233135E-03,-1.8044375E-04)
    0.000000        2.000000        0.000000      
 (1.3300451E-04,-5.8114529E-03)  (0.000000,0.000000)  
 (-3.6042184E-03,1.1152588E-03)
    0.000000        2.000000        1.000000      
 (8.5681677E-03,-1.2200326E-03)  (-6.3562766E-04,-2.5145710E-03)  
 (1.2712553E-03,5.0291419E-03)
    0.000000       -2.000000        0.000000      (1.3300451E-04,5.8114529E-03)
   (0.000000,0.000000)  (-3.6042184E-03,-1.1152588E-03)
    0.000000       -2.000000        1.000000      
 (-1.0617077E-02,-6.2398612E-03)  (-2.8684735E-03,9.0105459E-04)  
 (-5.7369471E-03,1.8021092E-03)
    0.000000       -1.000000        0.000000      
 (-1.1082739E-03,-1.1995435E-02)  (0.000000,0.000000)  
 (2.5145710E-03,3.4086406E-03)
    0.000000       -1.000000        1.000000      
 (8.6054206E-03,-1.1399388E-02)  (-2.8405339E-03,-3.1851232E-03)  
 (-2.8405339E-03,-3.1851232E-03)
    0.000000       -1.000000        2.000000      
 (-7.2829425E-03,1.8207356E-03)  (-8.0035534E-05,4.8428774E-03)  
 (-4.0017767E-05,2.4214387E-03)
    1.000000        0.000000        0.000000      (0.000000,0.000000)  
 (-2.3096800E-02,5.0663948E-03)  (2.2724271E-02,1.9446015E-02)
    1.000000        0.000000        1.000000      
 (6.6123903E-04,-4.6193600E-03)  (-2.4363399E-02,1.6167760E-02)  
 (-6.6123903E-04,4.6193600E-03)
    1.000000        0.000000        2.000000      (1.1501834E-03,1.7136335E-03)
   (5.0477684E-03,7.6740980E-03)  (-5.7509169E-04,-8.5681677E-04)
    1.000000        1.000000        0.000000      
 (5.1036477E-03,-1.6530976E-04)  (-5.1036477E-03,1.6530976E-04)  
 (-5.7928264E-03,2.3562461E-03)
    1.000000        1.000000        1.000000      
 (-2.7194619E-03,2.0395964E-03)  (1.6344711E-03,-1.1851080E-03)  
 (1.0873191E-03,-8.5216016E-04)
    1.000000        1.000000        2.000000      
 (-2.6915222E-03,-2.1001324E-03)  (-3.5017729E-03,-5.0012022E-03)  
 (3.1013042E-03,3.5483390E-03)
    1.000000        2.000000        0.000000      
 (-1.2270175E-03,4.8149377E-03)  (6.1350875E-04,-2.4074689E-03)  
 (8.4284693E-04,1.0356307E-02)
    1.000000        2.000000        1.000000      (6.2026083E-03,3.5483390E-03)
   (-1.6111881E-03,-1.8440187E-03)  (-2.9895455E-03,1.4639227E-04)
    1.000000       -2.000000        0.000000      
 (-1.0756776E-03,1.6856939E-03)  (-5.3783879E-04,8.4284693E-04)  
 (-4.7031790E-03,-3.3411197E-04)
    1.000000       -2.000000        1.000000      
 (-1.7601997E-03,1.1012889E-03)  (-1.1944212E-03,1.8440187E-03)  
 (-6.2864274E-04,2.5890768E-03)
    1.000000       -1.000000        0.000000      
 (-4.6752393E-03,-1.9278377E-03)  (-4.6752393E-03,-1.9278377E-03)  
 (-4.5262277E-03,4.1723251E-03)
    1.000000       -1.000000        1.000000      (1.0989606E-02,7.7672303E-03)
   (3.5949051E-03,7.4505806E-03)  (-7.3760748E-03,-3.1781383E-04)
    1.000000       -1.000000        2.000000      (2.3236498E-03,5.2340329E-03)
   (2.9150397E-03,-1.4930265E-04)  (2.9336661E-04,-2.6915222E-03)
    2.000000        0.000000        0.000000      (0.000000,0.000000)  
 (1.2964010E-02,-7.1898103E-03)  (-2.5425106E-03,4.7590584E-03)
    2.000000        0.000000        1.000000      
 (-4.8801303E-03,1.2223609E-03)  (4.8521906E-03,1.2256205E-02)  
 (9.7602606E-03,-2.4447218E-03)
    2.000000        1.000000        0.000000      
 (-1.7043203E-03,-1.7636921E-04)  (3.4086406E-03,3.5273843E-04)  
 (-2.8777868E-03,-4.1257590E-03)
    2.000000        1.000000        1.000000      (2.9243529E-03,5.2899122E-03)
   (-5.8673322E-03,-1.0207295E-02)  (2.0518200E-05,-3.8649887E-04)
    2.000000       -1.000000        0.000000      
 (6.3795596E-04,-1.7555431E-03)  (1.2759119E-03,-3.5110861E-03)  
 (1.2503006E-03,3.1013042E-03)
    2.000000       -1.000000        1.000000      
 (-4.9732625E-03,5.3667463E-04)  (-5.3085387E-03,-7.6601282E-04)  
 (4.6472996E-03,-1.8393621E-03)
