   0.00000000       0.00000000       1.00000000     (  1.65402889E-02, -2.91503966E-03) (  3.72529030E-02, -1.84401870E-02) (  0.00000000    ,  0.00000000    )
   0.00000000       0.00000000       2.00000000     (  9.49949026E-04, -1.35973096E-03) ( -1.22934580E-03,  1.53668225E-04) (  0.00000000    ,  0.00000000    )
   0.00000000       1.00000000       0.00000000     ( -9.12696123E-03, -2.76602805E-03) (  0.00000000    ,  0.00000000    ) (  8.77305865E-03,  1.31130219E-02)
   0.00000000       1.00000000       1.00000000     (  8.49366188E-03,  1.04680657E-02) ( -1.64844096E-03, -2.31433660E-03) (  1.64844096E-03,  2.31433660E-03)
   0.00000000       1.00000000       2.00000000     ( -3.58559191E-04, -5.68106771E-04) ( -4.65661287E-04,  1.83936208E-04) (  2.32830644E-04, -9.19681042E-05)
   0.00000000       2.00000000       0.00000000     (  3.16649675E-04,  1.39698386E-03) (  0.00000000    ,  0.00000000    ) ( -1.82539225E-03,  7.63684511E-04)
   0.00000000       2.00000000       1.00000000     (  1.43423676E-03, -4.84287739E-04) ( -4.37721610E-04, -7.71251507E-06) (  8.75443220E-04,  1.54250301E-05)
   0.00000000      -2.00000000       0.00000000     (  3.16649675E-04, -1.39698386E-03) (  0.00000000    ,  0.00000000    ) ( -1.82539225E-03, -7.63684511E-04)
   0.00000000      -2.00000000       1.00000000     ( -5.68106771E-04, -2.23517418E-04) (  3.02679837E-05, -5.30853868E-04) (  6.05359674E-05, -1.06170774E-03)
   0.00000000      -1.00000000       0.00000000     ( -9.12696123E-03,  2.76602805E-03) (  0.00000000    ,  0.00000000    ) (  8.77305865E-03, -1.31130219E-02)
   0.00000000      -1.00000000       1.00000000     ( -3.66009772E-03, -3.01748514E-02) ( -7.00354576E-03,  2.14204192E-03) ( -7.00354576E-03,  2.14204192E-03)
   0.00000000      -1.00000000       2.00000000     (  8.00937414E-04, -2.73576006E-05) ( -1.21071935E-04, -4.93600965E-04) ( -6.05359674E-05, -2.46800482E-04)
   1.00000000       0.00000000       0.00000000     (  0.00000000    ,  0.00000000    ) ( -2.16811895E-02,  1.92224979E-02) (  2.26497650E-02,  8.77305865E-03)
   1.00000000       0.00000000       1.00000000     ( -3.18512321E-03, -4.78466973E-04) ( -2.27242708E-02, -1.13993883E-02) (  3.18512321E-03,  4.78466973E-04)
   1.00000000       0.00000000       2.00000000     ( -9.31322575E-04,  2.65426934E-04) (  6.14672899E-04,  6.51925802E-04) (  4.65661287E-04, -1.32713467E-04)
   1.00000000       1.00000000       0.00000000     (  7.50878826E-05,  2.52388418E-03) ( -7.50878826E-05, -2.52388418E-03) ( -9.18284059E-03,  1.16601586E-02)
   1.00000000       1.00000000       1.00000000     (  4.37721610E-04, -2.15368345E-05) ( -1.63912773E-03, -9.19681042E-05) (  1.19209290E-03,  1.14087015E-04)
   1.00000000       1.00000000       2.00000000     ( -1.78813934E-03,  1.00117177E-04) (  2.98023224E-04,  8.56816769E-04) (  7.45058060E-04, -4.74974513E-04)
   1.00000000       2.00000000       0.00000000     (  8.94069672E-04, -2.88709998E-04) ( -4.47034836E-04,  1.44354999E-04) ( -3.39932740E-04,  1.00582838E-03)
   1.00000000       2.00000000       1.00000000     (  2.07219273E-04,  4.14438546E-04) ( -5.21540642E-04,  1.30385160E-04) (  8.38190317E-04, -6.79865479E-04)
   1.00000000      -2.00000000       0.00000000     ( -8.28877091E-04,  1.25510269E-06) ( -4.14438546E-04,  6.27551344E-07) ( -7.63684511E-04, -1.13621354E-03)
   1.00000000      -2.00000000       1.00000000     ( -8.00937414E-04, -4.47034836E-04) ( -2.14204192E-04, -3.25962901E-04) (  3.77185643E-04, -2.02562660E-04)
   1.00000000      -1.00000000       0.00000000     ( -3.32947820E-04, -6.85453415E-03) ( -3.32947820E-04, -6.85453415E-03) ( -1.01700425E-02,  2.95042992E-02)
   1.00000000      -1.00000000       1.00000000     (  1.82539225E-03,  6.42612576E-04) ( -2.18860805E-04, -1.71363354E-03) ( -2.04890966E-03, -2.38418579E-03)
   1.00000000      -1.00000000       2.00000000     ( -1.17346644E-03,  8.28877091E-04) ( -8.38190317E-04,  7.91624188E-04) (  1.72294676E-04, -1.80443749E-05)
   2.00000000       0.00000000       0.00000000     (  0.00000000    ,  0.00000000    ) (  7.45058060E-04,  1.82539225E-03) ( -4.37721610E-04,  9.12696123E-04)
   2.00000000       0.00000000       1.00000000     (  6.05359674E-05, -2.74740160E-04) (  5.21540642E-04,  9.31322575E-04) ( -1.21071935E-04,  5.49480319E-04)
   2.00000000       1.00000000       0.00000000     (  3.53902578E-04,  5.96046448E-04) ( -7.07805157E-04, -1.19209290E-03) ( -8.38190317E-04,  1.52736902E-03)
   2.00000000       1.00000000       1.00000000     (  3.86498868E-04,  1.01863407E-05) ( -6.61239028E-04, -4.65661287E-04) ( -1.09430403E-04,  4.47034836E-04)
   2.00000000      -1.00000000       0.00000000     ( -2.65426934E-04,  1.37370080E-04) ( -5.30853868E-04,  2.74740160E-04) ( -6.79865479E-04, -1.65309757E-04)
   2.00000000      -1.00000000       1.00000000     ( -4.00468707E-04, -2.14204192E-04) ( -1.26659870E-03, -3.53902578E-04) ( -4.65661287E-04,  7.10133463E-05)
