    0.000000        0.000000       -2.000000      (8.5122883E-03,2.3376197E-03)
   (5.5599958E-03,-3.3434480E-03)  (0.000000,0.000000)
    0.000000        0.000000       -1.000000      
 (2.2873282E-02,-1.2367964E-02)  (-5.4016709E-03,1.9371510E-02)  
 (0.000000,0.000000)
    0.000000        1.000000       -2.000000      
 (-1.1548400E-02,-3.1944364E-03)  (-1.0966323E-03,-4.7311187E-03)  
 (-5.4831617E-04,-2.3655593E-03)
    0.000000        1.000000       -1.000000      (7.1153045E-03,9.2014670E-03)
   (-2.7194619E-03,3.7811697E-03)  (-2.7194619E-03,3.7811697E-03)
    0.000000        2.000000       -1.000000      
 (-1.2889504E-02,9.9651515E-03)  (-4.0791929E-03,-1.0337681E-03)  
 (-8.1583858E-03,-2.0675361E-03)
    0.000000       -2.000000       -1.000000      (1.1306256E-02,3.0733645E-03)
   (-1.3184035E-04,2.5052577E-03)  (2.6368070E-04,-5.0105155E-03)
    0.000000       -1.000000       -2.000000      
 (-8.4750354E-03,2.3702160E-03)  (-7.9907477E-03,1.0302756E-04)  
 (3.9953738E-03,-5.1513780E-05)
    0.000000       -1.000000       -1.000000      (4.0233135E-03,2.6309863E-04)
   (7.2643161E-03,5.7928264E-03)  (-7.2643161E-03,-5.7928264E-03)
    1.000000        0.000000       -2.000000      (7.5064600E-03,4.1257590E-03)
   (-2.2677705E-03,7.5437129E-03)  (3.7532300E-03,2.0628795E-03)
    1.000000        0.000000       -1.000000      
 (4.1723251E-03,-1.3620593E-04)  (9.3504786E-03,-2.5518239E-03)  
 (4.1723251E-03,-1.3620593E-04)
    1.000000        1.000000       -2.000000      
 (-3.0826777E-03,-2.5751069E-03)  (8.8708475E-04,-1.3448298E-02)  
 (-1.0966323E-03,-8.0093741E-03)
    1.000000        1.000000       -1.000000      
 (-8.6054206E-03,-4.7404319E-03)  (3.3713877E-03,-7.4971467E-04)  
 (-5.2433461E-03,-5.4854900E-03)
    1.000000        2.000000       -1.000000      
 (-1.0095537E-02,-3.4552068E-03)  (1.9464642E-03,2.5611371E-03)  
 (-6.2026083E-03,1.6670674E-03)
    1.000000       -2.000000       -1.000000      
 (-9.1968104E-04,-6.4820051E-03)  (-1.6158447E-03,-3.5762787E-03)  
 (2.3096800E-03,6.5774657E-04)
    1.000000       -1.000000       -2.000000      (4.7218055E-03,2.3934990E-03)
   (-3.5297126E-03,2.7893111E-03)  (4.1257590E-03,-1.9790605E-04)
    1.000000       -1.000000       -1.000000      
 (-9.2573464E-03,2.9243529E-03)  (-8.4564090E-03,9.7556040E-04)  
 (-8.0093741E-04,1.9464642E-03)
    2.000000        0.000000       -1.000000      
 (-2.5378540E-04,4.6007335E-03)  (4.3190084E-04,7.3015690E-03)  
 (-5.0757080E-04,9.2014670E-03)
    2.000000        1.000000       -1.000000      
 (2.0663720E-04,-2.1682354E-05)  (4.2840838E-03,-6.9476664E-03)  
 (4.7031790E-03,-6.9849193E-03)
    2.000000       -1.000000       -1.000000      
 (-1.7974526E-03,6.2049367E-04)  (8.4517524E-04,4.8335642E-03)  
 (-4.4424087E-03,-3.5949051E-03)
