   0.00000000       0.00000000      -2.00000000     (  6.78002834E-03,  4.74974513E-03) (  7.96280801E-04, -1.49011612E-03) (  0.00000000    ,  0.00000000    )
   0.00000000       0.00000000      -1.00000000     (  2.30967999E-02, -1.13993883E-02) (  1.70432031E-03,  2.39908695E-02) (  0.00000000    ,  0.00000000    )
   0.00000000       1.00000000      -2.00000000     ( -2.47731805E-03,  1.34576112E-03) (  7.35744834E-04, -2.77534127E-03) (  3.67872417E-04, -1.38767064E-03)
   0.00000000       1.00000000      -1.00000000     (  1.12503767E-02,  1.36718154E-02) ( -2.12341547E-03,  2.34693289E-03) ( -2.12341547E-03,  2.34693289E-03)
   0.00000000       2.00000000      -1.00000000     ( -9.68575478E-03,  1.51339918E-03) ( -1.50874257E-03, -1.23865902E-03) ( -3.01748514E-03, -2.47731805E-03)
   0.00000000      -2.00000000      -1.00000000     (  4.97326255E-03, -2.62632966E-03) ( -1.78348273E-03,  2.51457095E-03) (  3.56696546E-03, -5.02914190E-03)
   0.00000000      -1.00000000      -2.00000000     ( -7.63684511E-03,  6.96163625E-04) ( -6.78002834E-03, -5.62286004E-04) (  3.39001417E-03,  2.81143002E-04)
   0.00000000      -1.00000000      -1.00000000     (  3.10130417E-03,  4.17232513E-03) (  6.35161996E-03,  7.50645995E-03) ( -6.35161996E-03, -7.50645995E-03)
   1.00000000       0.00000000      -2.00000000     (  2.20257789E-03,  5.21540642E-03) ( -3.93018126E-03,  8.34465027E-03) (  1.10128894E-03,  2.60770321E-03)
   1.00000000       0.00000000      -1.00000000     (  3.47383320E-03,  4.01632860E-04) (  7.89761543E-03, -9.28994268E-04) (  3.47383320E-03,  4.01632860E-04)
   1.00000000       1.00000000      -2.00000000     ( -4.73111868E-03, -3.59490514E-03) (  5.69969416E-03, -7.02217221E-03) (  4.84287739E-04, -5.30853868E-03)
   1.00000000       1.00000000      -1.00000000     ( -8.10250640E-03, -4.56348062E-03) (  6.09084964E-03, -1.25728548E-04) ( -2.02096999E-03, -4.67523932E-03)
   1.00000000       2.00000000      -1.00000000     ( -5.12227416E-03, -1.64844096E-03) (  5.51808625E-04,  1.40629709E-03) ( -4.01400030E-03,  1.15949661E-03)
   1.00000000      -2.00000000      -1.00000000     (  5.65778464E-04, -3.20374966E-03) (  5.55301085E-04, -3.18512321E-03) ( -5.43659553E-04,  3.15718353E-03)
   1.00000000      -1.00000000      -2.00000000     (  5.22704795E-04,  4.72646207E-04) (  8.05594027E-04, -1.33877620E-04) ( -1.41153578E-04,  3.03843990E-04)
   1.00000000      -1.00000000      -1.00000000     ( -4.21889126E-03,  8.84756446E-04) ( -6.87316060E-03,  8.89413059E-04) (  2.65426934E-03, -4.60204319E-06)
   2.00000000       0.00000000      -1.00000000     ( -2.17929482E-03,  1.11293048E-03) ( -8.95932317E-03,  3.81842256E-03) ( -4.35858965E-03,  2.22586095E-03)
   2.00000000       1.00000000      -1.00000000     (  8.89413059E-04,  1.96974725E-03) (  1.76485628E-03, -5.08502126E-03) (  3.53902578E-03, -1.15018338E-03)
   2.00000000      -1.00000000      -1.00000000     (  7.00820237E-04, -2.09081918E-03) (  2.56113708E-03, -1.89058483E-03) ( -1.15483999E-03, -2.29105353E-03)
