   0.00000000       0.00000000      -2.00000000     (  3.86498868E-04,  1.58324838E-03) ( -1.22934580E-03,  4.14438546E-04) (  0.00000000    ,  0.00000000    )
   0.00000000       0.00000000      -1.00000000     (  2.77161598E-02, -9.12696123E-03) (  2.27242708E-02,  3.41981649E-02) (  0.00000000    ,  0.00000000    )
   0.00000000       1.00000000      -2.00000000     ( -1.79279596E-04,  4.28408384E-04) (  3.30619514E-04,  7.72997737E-04) (  1.65309757E-04,  3.86498868E-04)
   0.00000000       1.00000000      -1.00000000     (  1.26659870E-02,  2.45869160E-02) (  6.72880560E-04, -9.54605639E-04) (  6.72880560E-04, -9.54605639E-04)
   0.00000000       2.00000000      -1.00000000     ( -2.71946192E-03, -5.40167093E-04) ( -5.68106771E-04, -4.09781933E-04) ( -1.13621354E-03, -8.19563866E-04)
   0.00000000      -2.00000000      -1.00000000     (  6.23986125E-04, -1.11758709E-03) ( -5.02914190E-04,  8.38190317E-05) (  1.00582838E-03, -1.67638063E-04)
   0.00000000      -1.00000000      -2.00000000     ( -1.56462193E-03, -5.02914190E-04) ( -3.44589353E-04, -1.95577741E-04) (  1.72294676E-04,  9.77888703E-05)
   0.00000000      -1.00000000      -1.00000000     (  7.84173608E-03, -2.96859071E-04) ( -8.28003976E-05,  1.09151006E-02) (  8.28003976E-05, -1.09151006E-02)
   1.00000000       0.00000000      -2.00000000     ( -8.28877091E-04,  9.31322575E-04) ( -8.75443220E-04,  1.17346644E-03) ( -4.14438546E-04,  4.65661287E-04)
   1.00000000       0.00000000      -1.00000000     (  7.67409801E-03, -1.59721822E-03) ( -5.49480319E-03, -3.30619514E-03) (  7.67409801E-03, -1.59721822E-03)
   1.00000000       1.00000000      -2.00000000     ( -1.11758709E-03,  5.58793545E-04) (  3.95812094E-04, -1.21071935E-03) ( -3.58559191E-04, -3.25962901E-04)
   1.00000000       1.00000000      -1.00000000     ( -8.75443220E-04, -1.90921128E-04) (  1.06170774E-03,  4.47034836E-04) (  1.79279596E-04,  2.56113708E-04)
   1.00000000       2.00000000      -1.00000000     (  8.84756446E-05,  4.00468707E-04) ( -3.11993062E-04,  4.19095159E-04) ( -5.30853868E-04,  1.24797225E-03)
   1.00000000      -2.00000000      -1.00000000     (  5.12227416E-04,  4.13274392E-05) (  5.40167093E-04,  5.21540642E-04) ( -5.77419996E-04, -1.00582838E-03)
   1.00000000      -1.00000000      -2.00000000     ( -4.22005542E-06, -8.28877091E-04) ( -3.81842256E-04, -3.49245965E-04) (  1.88592821E-04, -2.37487257E-04)
   1.00000000      -1.00000000      -1.00000000     ( -4.93600965E-04,  4.47034836E-04) ( -1.00582838E-03,  1.76951289E-04) (  5.02914190E-04,  2.70083547E-04)
   2.00000000       0.00000000      -1.00000000     ( -4.37721610E-04, -2.14204192E-04) ( -2.88709998E-04,  7.33416528E-05) ( -8.75443220E-04, -4.28408384E-04)
   2.00000000       1.00000000      -1.00000000     ( -3.63215804E-04, -1.74622983E-04) (  6.61239028E-04, -3.86498868E-04) ( -6.28642738E-05, -7.35744834E-04)
   2.00000000      -1.00000000      -1.00000000     ( -1.35041773E-04,  1.35041773E-04) (  2.28174031E-04, -8.10250640E-04) ( -5.02914190E-04,  1.08033419E-03)
