   0.00000000       0.00000000      -2.00000000     (  1.11758709E-03,  1.69500709E-03) ( -1.50874257E-03, -1.74622983E-04) (  0.00000000    ,  0.00000000    )
   0.00000000       0.00000000      -1.00000000     (  1.66893005E-02,  2.52388418E-03) (  3.68803740E-02,  1.88127160E-02) (  0.00000000    ,  0.00000000    )
   0.00000000       1.00000000      -2.00000000     (  9.59262252E-04,  2.93948688E-05) ( -2.02562660E-04,  6.05359674E-04) ( -1.01281330E-04,  3.02679837E-04)
   0.00000000       1.00000000      -1.00000000     ( -3.43658030E-03,  3.01748514E-02) ( -6.81728125E-03, -2.16066837E-03) ( -6.81728125E-03, -2.16066837E-03)
   0.00000000       2.00000000      -1.00000000     ( -7.54371285E-04,  2.65426934E-04) (  6.34463504E-05,  6.23986125E-04) (  1.26892701E-04,  1.24797225E-03)
   0.00000000      -2.00000000      -1.00000000     (  1.73225999E-03,  6.05359674E-04) ( -5.30853868E-04, -1.83354132E-05) (  1.06170774E-03,  3.66708264E-05)
   0.00000000      -1.00000000      -2.00000000     ( -4.88944352E-04,  6.98491931E-04) ( -5.77419996E-04, -2.04890966E-04) (  2.88709998E-04,  1.02445483E-04)
   0.00000000      -1.00000000      -1.00000000     (  8.40052962E-03, -1.04680657E-02) ( -1.78348273E-03,  2.41212547E-03) (  1.78348273E-03, -2.41212547E-03)
   1.00000000       0.00000000      -2.00000000     ( -7.91624188E-04, -2.07219273E-04) ( -5.12227416E-04,  1.08033419E-03) ( -3.95812094E-04, -1.03609636E-04)
   1.00000000       0.00000000      -1.00000000     (  9.08970833E-03, -5.19677997E-03) ( -9.87201929E-03,  3.43658030E-03) (  9.08970833E-03, -5.19677997E-03)
   1.00000000       1.00000000      -2.00000000     ( -4.84287739E-04, -6.51925802E-05) (  5.49480319E-04, -1.52736902E-03) (  3.25962901E-05, -8.00937414E-04)
   1.00000000       1.00000000      -1.00000000     ( -1.65775418E-03,  1.58324838E-03) (  1.60187483E-03, -1.55996531E-04) ( -6.17001206E-05,  1.43423676E-03)
   1.00000000       2.00000000      -1.00000000     (  3.49245965E-04, -6.79865479E-04) ( -4.05125320E-04, -3.78349796E-05) ( -4.65661287E-04, -7.54371285E-04)
   1.00000000      -2.00000000      -1.00000000     (  9.68575478E-04,  2.70083547E-04) (  7.35744834E-04,  3.95812094E-04) ( -4.98257577E-04, -5.21540642E-04)
   1.00000000      -1.00000000      -2.00000000     (  5.96046448E-04, -7.45058060E-04) (  6.05359674E-04, -4.84287739E-04) ( -3.96539690E-06, -1.28056854E-04)
   1.00000000      -1.00000000      -1.00000000     (  5.12227416E-05,  1.30385160E-03) ( -8.10250640E-04,  8.38190317E-04) (  8.56816769E-04,  4.61004674E-04)
   2.00000000       0.00000000      -1.00000000     ( -4.28408384E-04, -2.37487257E-04) (  6.33299351E-04, -5.40167093E-04) ( -8.56816769E-04, -4.74974513E-04)
   2.00000000       1.00000000      -1.00000000     (  4.74974513E-04,  2.79396772E-04) ( -5.21540642E-04,  6.98491931E-04) (  4.33064997E-04,  1.24797225E-03)
   2.00000000      -1.00000000      -1.00000000     (  3.25962901E-04,  1.09430403E-04) (  7.26431608E-04, -6.61239028E-04) ( -7.33416528E-05,  8.75443220E-04)
