   0.00000000       0.00000000       1.00000000     (  2.71946192E-02,  6.46337867E-03) (  3.05473804E-02, -3.31550837E-02) (  0.00000000    ,  0.00000000    )
   0.00000000       0.00000000       2.00000000     ( -2.72411853E-04,  2.68220901E-03) (  2.14204192E-03,  9.96515155E-04) (  0.00000000    ,  0.00000000    )
   0.00000000       1.00000000       0.00000000     ( -1.99675560E-02,  2.36323103E-04) (  0.00000000    ,  0.00000000    ) (  4.16301191E-03,  1.54227018E-02)
   0.00000000       1.00000000       1.00000000     (  8.41915607E-03,  5.90458512E-03) ( -2.16532499E-03, -9.40635800E-03) (  2.16532499E-03,  9.40635800E-03)
   0.00000000       1.00000000       2.00000000     (  2.23517418E-03, -1.31549314E-04) (  8.38190317E-04, -6.05359674E-04) ( -4.19095159E-04,  3.02679837E-04)
   0.00000000       2.00000000       0.00000000     ( -5.64614311E-05, -1.63912773E-03) (  0.00000000    ,  0.00000000    ) (  2.06753612E-03, -2.77534127E-03)
   0.00000000       2.00000000       1.00000000     ( -1.11758709E-03, -9.31322575E-04) (  9.22009349E-04, -2.98023224E-04) ( -1.84401870E-03,  5.96046448E-04)
   0.00000000      -2.00000000       0.00000000     ( -5.64614311E-05,  1.63912773E-03) (  0.00000000    ,  0.00000000    ) (  2.06753612E-03,  2.77534127E-03)
   0.00000000      -2.00000000       1.00000000     (  3.83704901E-03, -5.68106771E-04) (  7.17118382E-04, -4.42378223E-04) (  1.43423676E-03, -8.84756446E-04)
   0.00000000      -1.00000000       0.00000000     ( -1.99675560E-02, -2.36323103E-04) (  0.00000000    ,  0.00000000    ) (  4.16301191E-03, -1.54227018E-02)
   0.00000000      -1.00000000       1.00000000     (  6.72414899E-03, -3.01748514E-02) ( -1.37835741E-03,  2.89641321E-03) ( -1.37835741E-03,  2.89641321E-03)
   0.00000000      -1.00000000       2.00000000     (  2.65426934E-04,  4.98257577E-04) ( -6.98491931E-06,  9.96515155E-04) ( -3.49245965E-06,  4.98257577E-04)
   1.00000000       0.00000000       0.00000000     (  0.00000000    ,  0.00000000    ) ( -1.39325857E-02,  1.53109431E-02) (  3.53157520E-02,  2.55554914E-02)
   1.00000000       0.00000000       1.00000000     (  3.32482159E-03, -3.96743417E-03) ( -3.66568565E-02,  3.72529030E-03) ( -3.32482159E-03,  3.96743417E-03)
   1.00000000       0.00000000       2.00000000     ( -3.72529030E-04, -1.58324838E-03) ( -2.17929482E-03, -1.62050128E-03) (  1.86264515E-04,  7.91624188E-04)
   1.00000000       1.00000000       0.00000000     (  4.79631126E-03,  5.77419996E-03) ( -4.79631126E-03, -5.77419996E-03) ( -1.08033419E-02,  1.24797225E-02)
   1.00000000       1.00000000       1.00000000     ( -1.05239451E-03,  1.60187483E-03) (  1.84401870E-03, -8.38190317E-05) ( -7.82310963E-04, -1.52736902E-03)
   1.00000000       1.00000000       2.00000000     (  9.03382897E-04,  2.51457095E-04) (  6.46105036E-05, -1.47847459E-04) ( -4.84287739E-04, -5.18048182E-05)
   1.00000000       2.00000000       0.00000000     (  8.84756446E-04, -1.15483999E-03) ( -4.42378223E-04,  5.77419996E-04) ( -1.78813934E-03,  4.28408384E-04)
   1.00000000       2.00000000       1.00000000     ( -2.55182385E-03, -2.67755240E-04) (  1.86264515E-03,  5.44823706E-04) ( -1.18277967E-03, -8.19563866E-04)
   1.00000000      -2.00000000       0.00000000     (  5.16884029E-04,  1.45286322E-03) (  2.58442014E-04,  7.26431608E-04) (  1.36904418E-03,  1.16415322E-03)
   1.00000000      -2.00000000       1.00000000     (  5.63450158E-04, -1.71363354E-03) (  3.32947820E-04, -1.30385160E-03) (  1.02445483E-04, -8.94069672E-04)
   1.00000000      -1.00000000       0.00000000     ( -2.00700015E-03, -1.56089664E-02) ( -2.00700015E-03, -1.56089664E-02) ( -1.40443444E-02,  1.92597508E-02)
   1.00000000      -1.00000000       1.00000000     ( -1.49011612E-03, -3.67872417E-04) (  1.19209290E-03,  2.98023224E-03) (  2.68220901E-03,  3.35276127E-03)
   1.00000000      -1.00000000       2.00000000     (  1.80676579E-03, -2.12341547E-03) (  5.44823706E-04, -5.77419996E-04) ( -6.33299351E-04,  7.72997737E-04)
   2.00000000       0.00000000       0.00000000     (  0.00000000    ,  0.00000000    ) ( -2.45869160E-03, -2.03028321E-03) (  1.31316483E-03, -1.58324838E-03)
   2.00000000       0.00000000       1.00000000     ( -7.82310963E-04,  1.24797225E-03) ( -3.35276127E-04, -1.32247806E-03) (  1.56462193E-03, -2.49594450E-03)
   2.00000000       1.00000000       0.00000000     (  7.82310963E-04, -6.70552254E-04) ( -1.56462193E-03,  1.34110451E-03) (  5.07570803E-04, -2.91038305E-04)
   2.00000000       1.00000000       1.00000000     (  3.40514816E-05, -3.30619514E-04) ( -1.07102096E-03,  2.47731805E-03) (  9.96515155E-04, -1.82539225E-03)
   2.00000000      -1.00000000       0.00000000     (  4.23751771E-04, -1.16415322E-03) (  8.47503543E-04, -2.32830644E-03) (  5.02914190E-04, -1.05239451E-03)
   2.00000000      -1.00000000       1.00000000     (  1.28522515E-03, -3.23052518E-05) (  2.25380063E-03, -2.49128789E-04) ( -3.16649675E-04, -1.83936208E-04)
