   0.00000000       0.00000000       1.00000000     (  2.55554914E-02,  4.85219061E-03) (  3.30060720E-02, -3.09944153E-02) (  0.00000000    ,  0.00000000    )
   0.00000000       0.00000000       2.00000000     ( -3.70200723E-04,  2.73808837E-03) (  2.16066837E-03,  9.40635800E-04) (  0.00000000    ,  0.00000000    )
   0.00000000       1.00000000       0.00000000     ( -1.93715096E-02, -3.93483788E-04) (  0.00000000    ,  0.00000000    ) (  4.65661287E-03,  1.65030360E-02)
   0.00000000       1.00000000       1.00000000     (  8.32602382E-03,  7.93486834E-03) ( -2.70549208E-03, -7.93486834E-03) (  2.70549208E-03,  7.93486834E-03)
   0.00000000       1.00000000       2.00000000     (  1.97440386E-03,  2.07219273E-04) (  1.01514161E-03, -6.37955964E-04) ( -5.07570803E-04,  3.18977982E-04)
   0.00000000       2.00000000       0.00000000     ( -5.07570803E-04, -2.23517418E-03) (  0.00000000    ,  0.00000000    ) (  2.53319740E-03, -3.01748514E-03)
   0.00000000       2.00000000       1.00000000     ( -1.31316483E-03, -4.05125320E-04) (  9.49949026E-04, -4.47034836E-04) ( -1.89989805E-03,  8.94069672E-04)
   0.00000000      -2.00000000       0.00000000     ( -5.07570803E-04,  2.23517418E-03) (  0.00000000    ,  0.00000000    ) (  2.53319740E-03,  3.01748514E-03)
   0.00000000      -2.00000000       1.00000000     (  3.46451998E-03, -4.23751771E-04) (  5.26197255E-04, -1.79279596E-04) (  1.05239451E-03, -3.58559191E-04)
   0.00000000      -1.00000000       0.00000000     ( -1.93715096E-02,  3.93483788E-04) (  0.00000000    ,  0.00000000    ) (  4.65661287E-03, -1.65030360E-02)
   0.00000000      -1.00000000       1.00000000     (  3.82773578E-03, -3.15904617E-02) ( -2.62632966E-03,  3.40864062E-03) ( -2.62632966E-03,  3.40864062E-03)
   0.00000000      -1.00000000       2.00000000     ( -9.77888703E-05,  3.11993062E-04) (  3.86498868E-04,  8.75443220E-04) (  1.93249434E-04,  4.37721610E-04)
   1.00000000       0.00000000       0.00000000     (  0.00000000    ,  0.00000000    ) ( -1.47521496E-02,  1.65402889E-02) (  3.38256359E-02,  2.26497650E-02)
   1.00000000       0.00000000       1.00000000     (  2.03959644E-03, -3.89292836E-03) ( -3.49432230E-02,  2.86381692E-04) ( -2.03959644E-03,  3.89292836E-03)
   1.00000000       0.00000000       2.00000000     ( -8.78935680E-05, -1.75088644E-03) ( -1.75088644E-03, -1.54599547E-03) (  4.39467840E-05,  8.75443220E-04)
   1.00000000       1.00000000       0.00000000     (  3.57627869E-03,  4.40515578E-03) ( -3.57627869E-03, -4.40515578E-03) ( -1.10082328E-02,  1.28895044E-02)
   1.00000000       1.00000000       1.00000000     ( -1.32247806E-03,  1.47148967E-03) (  2.21654773E-03,  1.04773790E-05) ( -9.03382897E-04, -1.48080289E-03)
   1.00000000       1.00000000       2.00000000     (  1.19209290E-03,  2.88709998E-04) ( -1.46683306E-04, -2.58442014E-04) ( -5.21540642E-04, -1.48429535E-05)
   1.00000000       2.00000000       0.00000000     (  3.91155481E-04, -7.40401447E-04) ( -1.95577741E-04,  3.70200723E-04) ( -1.95577741E-03, -1.86264515E-04)
   1.00000000       2.00000000       1.00000000     ( -2.47731805E-03, -6.70552254E-04) (  1.69500709E-03,  5.40167093E-04) ( -9.12696123E-04, -4.14438546E-04)
   1.00000000      -2.00000000       0.00000000     (  8.00937414E-04,  1.33179128E-03) (  4.00468707E-04,  6.65895641E-04) (  1.23865902E-03,  1.54599547E-03)
   1.00000000      -2.00000000       1.00000000     (  6.65895641E-04, -1.35041773E-03) (  3.16649675E-04, -1.02445483E-03) ( -3.55066732E-05, -7.12461770E-04)
   1.00000000      -1.00000000       0.00000000     ( -1.54133886E-03, -1.40070915E-02) ( -1.54133886E-03, -1.40070915E-02) ( -1.40815973E-02,  2.18302011E-02)
   1.00000000      -1.00000000       1.00000000     ( -1.84401870E-03, -4.65661287E-04) (  1.04308128E-03,  3.27825546E-03) (  2.88709998E-03,  3.76254320E-03)
   1.00000000      -1.00000000       2.00000000     (  2.40281224E-03, -2.45869160E-03) (  7.54371285E-04, -7.21774995E-04) ( -8.28877091E-04,  8.66129994E-04)
   2.00000000       0.00000000       0.00000000     (  0.00000000    ,  0.00000000    ) ( -2.36555934E-03, -2.62632966E-03) (  1.22003257E-03, -2.10478902E-03)
   2.00000000       0.00000000       1.00000000     ( -8.19563866E-04,  1.32247806E-03) ( -4.88944352E-04, -1.49011612E-03) (  1.63912773E-03, -2.64495611E-03)
   2.00000000       1.00000000       0.00000000     (  6.00703061E-04, -9.12696123E-04) ( -1.20140612E-03,  1.82539225E-03) (  9.03382897E-04, -1.23865902E-03)
   2.00000000       1.00000000       1.00000000     ( -1.88592821E-04, -3.53902578E-04) ( -9.03382897E-04,  2.71946192E-03) (  1.28522515E-03, -2.01165676E-03)
   2.00000000      -1.00000000       0.00000000     (  5.21540642E-04, -1.12690032E-03) (  1.04308128E-03, -2.25380063E-03) (  7.03148544E-04, -8.10250640E-04)
   2.00000000      -1.00000000       1.00000000     (  1.17346644E-03, -1.14087015E-04) (  2.51457095E-03, -2.81725079E-04) (  1.62981451E-04, -5.35510480E-05)
