   0.00000000       0.00000000       1.00000000     (  1.01700425E-02, -1.15856528E-02) (  4.03821468E-02, -8.54954123E-03) (  0.00000000    ,  0.00000000    )
   0.00000000       0.00000000       2.00000000     (  7.45058060E-04, -2.14204192E-04) ( -6.51925802E-04, -1.44354999E-04) (  0.00000000    ,  0.00000000    )
   0.00000000       1.00000000       0.00000000     (  1.14669092E-04, -4.48897481E-03) (  0.00000000    ,  0.00000000    ) (  1.53854489E-02,  4.88944352E-03)
   0.00000000       1.00000000       1.00000000     (  7.33882189E-03,  5.56930900E-03) (  2.46334821E-03, -1.20606273E-03) ( -2.46334821E-03,  1.20606273E-03)
   0.00000000       1.00000000       2.00000000     (  2.70083547E-04, -3.25962901E-04) ( -1.49011612E-04,  1.44354999E-04) (  7.45058060E-05, -7.21774995E-05)
   0.00000000       2.00000000       0.00000000     (  4.47034836E-04,  1.95577741E-04) (  0.00000000    ,  0.00000000    ) ( -1.62981451E-04,  1.16415322E-04)
   0.00000000       2.00000000       1.00000000     (  3.91155481E-04, -1.72294676E-04) ( -6.05359674E-05, -9.31322575E-05) (  1.21071935E-04,  1.86264515E-04)
   0.00000000      -2.00000000       0.00000000     (  4.47034836E-04, -1.95577741E-04) (  0.00000000    ,  0.00000000    ) ( -1.62981451E-04, -1.16415322E-04)
   0.00000000      -2.00000000       1.00000000     ( -2.70083547E-04,  1.07102096E-04) ( -2.42143869E-04, -2.60770321E-04) ( -4.84287739E-04, -5.21540642E-04)
   0.00000000      -1.00000000       0.00000000     (  1.14669092E-04,  4.48897481E-03) (  0.00000000    ,  0.00000000    ) (  1.53854489E-02, -4.88944352E-03)
   0.00000000      -1.00000000       1.00000000     ( -6.87316060E-03, -2.52574682E-02) ( -9.70438123E-03,  3.79048288E-03) ( -9.70438123E-03,  3.79048288E-03)
   0.00000000      -1.00000000       2.00000000     (  2.51457095E-04, -1.76951289E-04) (  2.51457095E-04, -5.82076609E-05) (  1.25728548E-04, -2.91038305E-05)
   1.00000000       0.00000000       0.00000000     (  0.00000000    ,  0.00000000    ) ( -3.21865082E-02,  2.16066837E-02) (  1.80304050E-02, -1.01979822E-03)
   1.00000000       0.00000000       1.00000000     ( -3.23168933E-03,  3.85334715E-04) ( -1.32620335E-02, -1.80304050E-02) (  3.23168933E-03, -3.85334715E-04)
   1.00000000       0.00000000       2.00000000     ( -4.84287739E-04, -2.98023224E-04) (  2.51457095E-04,  1.76951289E-04) (  2.42143869E-04,  1.49011612E-04)
   1.00000000       1.00000000       0.00000000     (  3.30619514E-03,  4.65661287E-03) ( -3.30619514E-03, -4.65661287E-03) ( -2.55182385E-03,  1.13621354E-02)
   1.00000000       1.00000000       1.00000000     (  2.14204192E-04,  2.51457095E-04) ( -6.70552254E-04,  6.51925802E-05) (  4.65661287E-04, -3.16649675E-04)
   1.00000000       1.00000000       2.00000000     ( -7.45058060E-04,  1.35041773E-04) (  3.35276127E-04,  4.65661287E-04) (  2.04890966E-04, -2.98023224E-04)
   1.00000000       2.00000000       0.00000000     ( -1.21071935E-04,  2.79396772E-04) (  6.05359674E-05, -1.39698386E-04) ( -2.42143869E-04, -6.28642738E-05)
   1.00000000       2.00000000       1.00000000     (  1.33877620E-05,  1.58324838E-04) ( -1.76951289E-04, -2.67755240E-05) (  3.44589353E-04, -1.02445483E-04)
   1.00000000      -2.00000000       0.00000000     (  4.88944352E-05,  2.88709998E-04) (  2.44472176E-05,  1.44354999E-04) ( -2.14204192E-04, -4.09781933E-04)
   1.00000000      -2.00000000       1.00000000     ( -4.28408384E-04, -8.38190317E-05) ( -1.16415322E-04,  8.00355338E-07) (  1.95577741E-04,  8.38190317E-05)
   1.00000000      -1.00000000       0.00000000     (  1.35507435E-03, -4.22820449E-03) (  1.35507435E-03, -4.22820449E-03) ( -7.91624188E-03,  3.11434269E-02)
   1.00000000      -1.00000000       1.00000000     (  8.94069672E-04,  4.09781933E-04) (  3.60887498E-05, -7.45058060E-04) ( -8.56816769E-04, -1.11758709E-03)
   1.00000000      -1.00000000       2.00000000     ( -3.72529030E-04, -2.32830644E-05) ( -1.07102096E-04,  3.07336450E-04) (  1.35041773E-04,  1.67638063E-04)
   2.00000000       0.00000000       0.00000000     (  0.00000000    ,  0.00000000    ) (  1.49011612E-04,  5.96046448E-04) ( -2.60770321E-04, -1.16415322E-04)
   2.00000000       0.00000000       1.00000000     ( -6.75208867E-05,  2.91038305E-05) ( -9.31322575E-05,  7.45058060E-05) (  1.35041773E-04, -5.82076609E-05)
   2.00000000       1.00000000       0.00000000     (  5.82076609E-05,  4.19095159E-05) ( -1.16415322E-04, -8.38190317E-05) (  1.16415322E-04,  1.86264515E-04)
   2.00000000       1.00000000       1.00000000     ( -2.32830644E-05, -6.51925802E-05) ( -2.70083547E-04,  2.14204192E-04) (  3.16649675E-04, -8.38190317E-05)
   2.00000000      -1.00000000       0.00000000     ( -1.86264515E-04, -1.25728548E-04) ( -3.72529030E-04, -2.51457095E-04) (  5.82076609E-05, -1.89174898E-06)
   2.00000000      -1.00000000       1.00000000     ( -5.12227416E-05, -3.72529030E-04) ( -1.76951289E-04, -2.42143869E-04) ( -7.91624188E-05,  5.02914190E-04)
