    0.000000        0.000000        1.000000      (2.0861626E-02,1.1548400E-02)
   (-9.7975135E-03,-1.6167760E-02)  (0.000000,0.000000)
    0.000000        0.000000        2.000000      
 (6.1467290E-03,-1.4388934E-03)  (6.0349703E-03,4.9173832E-03)  
 (0.000000,0.000000)
    0.000000        1.000000        0.000000      (1.7229468E-03,7.3760748E-03)
   (0.000000,0.000000)  (3.7997961E-03,-1.9464642E-03)
    0.000000        1.000000        1.000000      (4.5448542E-03,3.7997961E-03)
   (5.7369471E-03,-4.3958426E-03)  (-5.7369471E-03,4.3958426E-03)
    0.000000        1.000000        2.000000      
 (-8.1770122E-03,-2.3376197E-03)  (-4.1164458E-03,-1.9697472E-03)  
 (2.0582229E-03,9.8487362E-04)
    0.000000        2.000000        0.000000      
 (-4.3027103E-03,1.2485543E-04)  (0.000000,0.000000)  
 (-2.9162038E-04,2.9150397E-03)
    0.000000        2.000000        1.000000      
 (8.8848174E-03,-2.8964132E-03)  (-5.4948032E-04,-1.6298145E-03)  
 (1.0989606E-03,3.2596290E-03)
    0.000000       -2.000000        0.000000      
 (-4.3027103E-03,-1.2485543E-04)  (0.000000,0.000000)  
 (-2.9162038E-04,-2.9150397E-03)
    0.000000       -2.000000        1.000000      
 (-1.2181699E-02,-1.1399388E-02)  (-3.4365803E-03,8.8242814E-04)  
 (-6.8731606E-03,1.7648563E-03)
    0.000000       -1.000000        0.000000      
 (1.7229468E-03,-7.3760748E-03)  (0.000000,0.000000)  
 (3.7997961E-03,1.9464642E-03)
    0.000000       -1.000000        1.000000      
 (6.7055225E-03,-5.1781535E-03)  (-1.6158447E-03,-4.7497451E-03)  
 (-1.6158447E-03,-4.7497451E-03)
    0.000000       -1.000000        2.000000      
 (-1.3373792E-02,1.0407530E-03)  (-2.9057264E-03,-3.8882717E-04)  
 (-1.4528632E-03,-1.9441359E-04)
    1.000000        0.000000        0.000000      (0.000000,0.000000)  
 (-2.5853515E-02,5.1781535E-03)  (1.6465783E-02,1.7732382E-02)
    1.000000        0.000000        1.000000      
 (-2.5890768E-03,-2.9336661E-03)  (-1.7806888E-02,1.3858080E-02)  
 (2.5890768E-03,2.9336661E-03)
    1.000000        0.000000        2.000000      (4.1793101E-04,1.7741695E-03)
   (4.4889748E-03,9.7230077E-03)  (-2.0896550E-04,-8.8708475E-04)
    1.000000        1.000000        0.000000      
 (3.0267984E-03,-1.4854595E-03)  (-3.0267984E-03,1.4854595E-03)  
 (-1.7508864E-03,2.5518239E-03)
    1.000000        1.000000        1.000000      (1.7555431E-03,4.3865293E-03)
   (-3.1944364E-03,-3.5203993E-03)  (1.4435500E-03,-8.6612999E-04)
    1.000000        1.000000        2.000000      
 (-4.2375177E-03,1.7089769E-03)  (6.1845640E-05,-4.8149377E-03)  
 (2.0861626E-03,1.5553087E-03)
    1.000000        2.000000        0.000000      (3.3620745E-03,2.1327287E-03)
   (-1.6810372E-03,-1.0663643E-03)  (3.7625432E-03,8.1211329E-03)
    1.000000        2.000000        1.000000      (2.9057264E-03,3.0174851E-03)
   (-2.2444874E-03,8.8242814E-04)  (1.5879050E-03,-4.7869980E-03)
    1.000000       -2.000000        0.000000      (1.3713725E-03,7.3760748E-03)
   (6.8568625E-04,3.6880374E-03)  (-5.4389238E-03,-9.0338290E-04)
    1.000000       -2.000000        1.000000      
 (-2.9709190E-03,-1.0570511E-03)  (-8.5914508E-04,-7.4040145E-04)  
 (1.2526289E-03,-4.2491592E-04)
    1.000000       -1.000000        0.000000      
 (-9.9185854E-04,4.7264621E-04)  (-9.9185854E-04,4.7264621E-04)  
 (-5.7369471E-03,3.3155084E-03)
    1.000000       -1.000000        1.000000      
 (1.3113022E-02,-2.4866313E-03)  (3.9488077E-03,-6.3213520E-04)  
 (-9.1455877E-03,1.8533319E-03)
    1.000000       -1.000000        2.000000      
 (-4.2654574E-03,-1.1944212E-03)  (-7.7486038E-03,-4.5634806E-03)  
 (-1.7369166E-03,-1.6856939E-03)
    2.000000        0.000000        0.000000      (0.000000,0.000000)  
 (1.1697412E-02,-3.1106174E-03)  (-4.4936314E-04,3.4226105E-04)
    2.000000        0.000000        1.000000      
 (-2.5099143E-03,5.4854900E-03)  (3.6321580E-03,8.6985528E-03)  
 (5.0198287E-03,-1.0970980E-02)
    2.000000        1.000000        0.000000      
 (-1.9930303E-03,-3.1292439E-03)  (3.9860606E-03,6.2584877E-03)  
 (-7.8231096E-03,5.4575503E-03)
    2.000000        1.000000        1.000000      (3.0733645E-03,4.0605664E-03)
   (-3.8184226E-03,-1.3075769E-02)  (-2.3329630E-03,4.9546361E-03)
    2.000000       -1.000000        0.000000      
 (-3.7066638E-03,-3.1664968E-03)  (-7.4133277E-03,-6.3329935E-03)  
 (1.0686927E-03,4.0885061E-03)
    2.000000       -1.000000        1.000000      
 (-4.1816384E-03,2.6868656E-03)  (-3.1385571E-03,7.7113509E-03)  
 (5.2340329E-03,2.3283064E-03)
