   0.00000000       0.00000000       1.00000000     (  2.45124102E-02,  4.06056643E-03) (  3.36021185E-02, -2.96533108E-02) (  0.00000000    ,  0.00000000    )
   0.00000000       0.00000000       2.00000000     ( -3.39932740E-04,  1.99303031E-03) (  1.56462193E-03,  6.14672899E-04) (  0.00000000    ,  0.00000000    )
   0.00000000       1.00000000       0.00000000     ( -1.86264515E-02, -5.98374754E-04) (  0.00000000    ,  0.00000000    ) (  4.89875674E-03,  1.65775418E-02)
   0.00000000       1.00000000       1.00000000     (  8.21426511E-03,  8.60542059E-03) ( -2.82190740E-03, -7.15255737E-03) (  2.82190740E-03,  7.15255737E-03)
   0.00000000       1.00000000       2.00000000     (  1.32247806E-03,  2.51457095E-04) (  7.63684511E-04, -4.37721610E-04) ( -3.81842256E-04,  2.18860805E-04)
   0.00000000       2.00000000       0.00000000     ( -4.79631126E-04, -1.76951289E-03) (  0.00000000    ,  0.00000000    ) (  1.97440386E-03, -2.19792128E-03)
   0.00000000       2.00000000       1.00000000     ( -1.02445483E-03, -9.89530236E-05) (  6.79865479E-04, -3.39932740E-04) ( -1.35973096E-03,  6.79865479E-04)
   0.00000000      -2.00000000       0.00000000     ( -4.79631126E-04,  1.76951289E-03) (  0.00000000    ,  0.00000000    ) (  1.97440386E-03,  2.19792128E-03)
   0.00000000      -2.00000000       1.00000000     (  2.38418579E-03, -2.35158950E-04) (  3.02679837E-04, -2.15368345E-05) (  6.05359674E-04, -4.30736691E-05)
   0.00000000      -1.00000000       0.00000000     ( -1.86264515E-02,  5.98374754E-04) (  0.00000000    ,  0.00000000    ) (  4.89875674E-03, -1.65775418E-02)
   0.00000000      -1.00000000       1.00000000     (  2.63098627E-03, -3.17394733E-02) ( -3.16649675E-03,  3.47383320E-03) ( -3.16649675E-03,  3.47383320E-03)
   0.00000000      -1.00000000       2.00000000     ( -2.16532499E-04,  1.51339918E-04) (  4.09781933E-04,  5.96046448E-04) (  2.04890966E-04,  2.98023224E-04)
   1.00000000       0.00000000       0.00000000     (  0.00000000    ,  0.00000000    ) ( -1.51246786E-02,  1.68383121E-02) (  3.27080488E-02,  2.10478902E-02)
   1.00000000       0.00000000       1.00000000     (  1.39698386E-03, -3.69735062E-03) ( -3.36766243E-02, -1.20140612E-03) ( -1.39698386E-03,  3.69735062E-03)
   1.00000000       0.00000000       2.00000000     (  5.58793545E-05, -1.30385160E-03) ( -1.13621354E-03, -1.08964741E-03) ( -2.79396772E-05,  6.51925802E-04)
   1.00000000       1.00000000       0.00000000     (  2.98954546E-03,  3.75322998E-03) ( -2.98954546E-03, -3.75322998E-03) ( -1.09896064E-02,  1.28895044E-02)
   1.00000000       1.00000000       1.00000000     ( -9.87201929E-04,  9.87201929E-04) (  1.69500709E-03,  3.89991328E-05) ( -7.07805157E-04, -1.02445483E-03)
   1.00000000       1.00000000       2.00000000     (  9.49949026E-04,  2.23517418E-04) ( -1.46683306E-04, -2.63098627E-04) ( -4.00468707E-04,  2.00816430E-05)
   1.00000000       2.00000000       0.00000000     (  6.69388101E-05, -3.95812094E-04) ( -3.34694050E-05,  1.97906047E-04) ( -1.37835741E-03, -3.63215804E-04)
   1.00000000       2.00000000       1.00000000     ( -1.71363354E-03, -6.14672899E-04) (  1.15483999E-03,  3.67872417E-04) ( -6.05359674E-04, -1.26892701E-04)
   1.00000000      -2.00000000       0.00000000     (  6.79865479E-04,  8.84756446E-04) (  3.39932740E-04,  4.42378223E-04) (  8.56816769E-04,  1.19209290E-03)
   1.00000000      -2.00000000       1.00000000     (  5.07570803E-04, -8.19563866E-04) (  2.25845724E-04, -6.42612576E-04) ( -5.64614311E-05, -4.56348062E-04)
   1.00000000      -1.00000000       0.00000000     ( -1.36205927E-03, -1.30757689E-02) ( -1.36205927E-03, -1.30757689E-02) ( -1.37835741E-02,  2.27242708E-02)
   1.00000000      -1.00000000       1.00000000     ( -1.43423676E-03, -3.72529030E-04) (  6.98491931E-04,  2.42143869E-03) (  2.14204192E-03,  2.79396772E-03)
   1.00000000      -1.00000000       2.00000000     (  1.86264515E-03, -1.84401870E-03) (  5.96046448E-04, -5.96046448E-04) ( -6.33299351E-04,  6.23986125E-04)
   2.00000000       0.00000000       0.00000000     (  0.00000000    ,  0.00000000    ) ( -1.65775418E-03, -2.06753612E-03) (  8.38190317E-04, -1.63912773E-03)
   2.00000000       0.00000000       1.00000000     ( -5.77419996E-04,  9.49949026E-04) ( -4.14438546E-04, -1.13621354E-03) (  1.15483999E-03, -1.89989805E-03)
   2.00000000       1.00000000       0.00000000     (  3.63215804E-04, -7.35744834E-04) ( -7.26431608E-04,  1.47148967E-03) (  7.91624188E-04, -1.17346644E-03)
   2.00000000       1.00000000       1.00000000     ( -2.18860805E-04, -2.70083547E-04) ( -5.58793545E-04,  1.99303031E-03) (  9.96515155E-04, -1.45286322E-03)
   2.00000000      -1.00000000       0.00000000     (  4.05125320E-04, -7.72997737E-04) (  8.10250640E-04, -1.54599547E-03) (  5.58793545E-04, -4.79631126E-04)
   2.00000000      -1.00000000       1.00000000     (  8.10250640E-04, -1.12922862E-04) (  1.88127160E-03, -1.93249434E-04) (  2.65426934E-04,  3.31783667E-05)
