    0.000000        0.000000       -2.000000      (5.8673322E-03,1.3783574E-03)
   (5.9232116E-03,-4.8801303E-03)  (0.000000,0.000000)
    0.000000        0.000000       -1.000000      
 (2.0787120E-02,-1.1473894E-02)  (-1.0058284E-02,1.6093254E-02)  
 (0.000000,0.000000)
    0.000000        1.000000       -2.000000      
 (-1.3150275E-02,-7.7765435E-04)  (-2.9616058E-03,7.8929588E-04)  
 (-1.4808029E-03,3.9464794E-04)
    0.000000        1.000000       -1.000000      (6.7800283E-03,4.9732625E-03)
   (-1.5366822E-03,4.8056245E-03)  (-1.5366822E-03,4.8056245E-03)
    0.000000        2.000000       -1.000000      
 (-1.1846423E-02,1.1250377E-02)  (-3.2782555E-03,-7.9395249E-04)  
 (-6.5565109E-03,-1.5879050E-03)
    0.000000       -2.000000       -1.000000      (8.3819032E-03,2.8405339E-03)
   (-6.1350875E-04,1.5320256E-03)  (1.2270175E-03,-3.0640513E-03)
    0.000000       -1.000000       -2.000000      
 (-8.0652535E-03,2.2584572E-03)  (-3.8277358E-03,2.1094456E-03)  
 (1.9138679E-03,-1.0547228E-03)
    0.000000       -1.000000       -1.000000      
 (4.6193600E-03,-4.1164458E-03)  (5.6251884E-03,4.3213367E-03)  
 (-5.6251884E-03,-4.3213367E-03)
    1.000000        0.000000       -2.000000      (8.2887709E-03,2.3748726E-03)
   (-4.4796616E-03,3.4458935E-03)  (4.1443855E-03,1.1874363E-03)
    1.000000        0.000000       -1.000000      
 (3.5949051E-03,-9.5926225E-04)  (6.5937638E-03,-5.0663948E-03)  
 (3.5949051E-03,-9.5926225E-04)
    1.000000        1.000000       -2.000000      
 (-3.5669655E-03,6.9383532E-04)  (-3.5017729E-03,-1.2889504E-02)  
 (-3.5297126E-03,-6.0908496E-03)
    1.000000        1.000000       -1.000000      
 (-8.0093741E-03,5.5995770E-04)  (2.1653250E-03,-1.7043203E-03)  
 (-5.8300793E-03,-1.1455268E-03)
    1.000000        2.000000       -1.000000      
 (-8.0280006E-03,8.2887709E-04)  (1.1106022E-03,2.7474016E-03)  
 (-5.7928264E-03,6.3329935E-03)
    1.000000       -2.000000       -1.000000      
 (1.1804514E-03,-3.0081719E-03)  (-3.8417056E-04,-9.8254532E-04)  
 (1.9464642E-03,-1.0454096E-03)
    1.000000       -1.000000       -2.000000      
 (4.4796616E-03,-3.7834980E-04)  (-4.3679029E-03,1.2828968E-03)  
 (4.4237822E-03,-8.3120540E-04)
    1.000000       -1.000000       -1.000000      
 (-9.9651515E-03,4.9080700E-03)  (-5.4575503E-03,2.8929207E-04)  
 (-4.5076013E-03,4.6193600E-03)
    2.000000        0.000000       -1.000000      (2.5704503E-03,3.6321580E-03)
   (9.2759728E-03,7.2456896E-03)  (5.1409006E-03,7.2643161E-03)
    2.000000        1.000000       -1.000000      
 (-1.3969839E-03,-2.2817403E-03)  (3.3341348E-03,-3.4645200E-03)  
 (5.3667463E-04,-8.0280006E-03)
    2.000000       -1.000000       -1.000000      
 (-1.3830140E-03,2.6915222E-03)  (1.7345883E-04,6.0163438E-03)  
 (-2.9336661E-03,-6.3679181E-04)
