   0.00000000       0.00000000       1.00000000     (  2.77906656E-02,  9.36910510E-03) (  2.20537186E-02, -3.42726707E-02) (  0.00000000    ,  0.00000000    )
   0.00000000       0.00000000       2.00000000     (  5.02914190E-04, -1.89989805E-03) ( -1.45286322E-03, -4.65661287E-04) (  0.00000000    ,  0.00000000    )
   0.00000000       1.00000000       0.00000000     ( -1.68010592E-02,  2.95229256E-03) (  0.00000000    ,  0.00000000    ) (  3.28756869E-03,  9.92789865E-03)
   0.00000000       1.00000000       1.00000000     (  7.76723027E-03, -2.08383426E-04) (  1.42899808E-04, -1.09896064E-02) ( -1.42899808E-04,  1.09896064E-02)
   0.00000000       1.00000000       2.00000000     ( -1.88127160E-03,  6.33299351E-04) ( -4.14438546E-04,  2.14204192E-04) (  2.07219273E-04, -1.07102096E-04)
   0.00000000       2.00000000       0.00000000     ( -9.12696123E-04,  2.02562660E-04) (  0.00000000    ,  0.00000000    ) ( -1.15483999E-03,  1.24797225E-03)
   0.00000000       2.00000000       1.00000000     (  7.45058060E-04,  1.37835741E-03) ( -6.05359674E-04, -1.25728548E-04) (  1.21071935E-03,  2.51457095E-04)
   0.00000000      -2.00000000       0.00000000     ( -9.12696123E-04, -2.02562660E-04) (  0.00000000    ,  0.00000000    ) ( -1.15483999E-03, -1.24797225E-03)
   0.00000000      -2.00000000       1.00000000     ( -3.31550837E-03,  6.89178705E-04) ( -6.89178705E-04,  4.98257577E-04) ( -1.37835741E-03,  9.96515155E-04)
   0.00000000      -1.00000000       0.00000000     ( -1.68010592E-02, -2.95229256E-03) (  0.00000000    ,  0.00000000    ) (  3.28756869E-03, -9.92789865E-03)
   0.00000000      -1.00000000       1.00000000     (  1.31502748E-02, -2.41398811E-02) (  7.77654350E-04,  7.70669430E-04) (  7.77654350E-04,  7.70669430E-04)
   0.00000000      -1.00000000       2.00000000     ( -1.83936208E-04, -5.30853868E-04) (  4.05125320E-04, -9.40635800E-04) (  2.02562660E-04, -4.70317900E-04)
   1.00000000       0.00000000       0.00000000     (  0.00000000    ,  0.00000000    ) ( -1.32247806E-02,  1.15856528E-02) (  3.43471766E-02,  2.80141830E-02)
   1.00000000       0.00000000       1.00000000     (  5.11296093E-03, -2.98023224E-03) ( -3.58372927E-02,  1.06915832E-02) ( -5.11296093E-03,  2.98023224E-03)
   1.00000000       0.00000000       2.00000000     (  5.12227416E-04,  9.96515155E-04) (  2.27242708E-03,  1.21071935E-03) ( -2.56113708E-04, -4.98257577E-04)
   1.00000000       1.00000000       0.00000000     (  6.42612576E-03,  7.13393092E-03) ( -6.42612576E-03, -7.13393092E-03) ( -1.02072954E-02,  1.03563070E-02)
   1.00000000       1.00000000       1.00000000     (  1.48429535E-05, -1.13621354E-03) ( -5.96046448E-04,  1.65309757E-04) (  5.77419996E-04,  9.68575478E-04)
   1.00000000       1.00000000       2.00000000     ( -1.97906047E-04, -2.93366611E-04) ( -6.61239028E-04,  1.93249434E-04) (  4.33064997E-04,  4.88944352E-05)
   1.00000000       2.00000000       0.00000000     ( -7.91624188E-04,  1.49011612E-03) (  3.95812094E-04, -7.45058060E-04) (  6.61239028E-04, -5.02914190E-04)
   1.00000000       2.00000000       1.00000000     (  1.75088644E-03, -2.35741027E-05) ( -1.54599547E-03, -4.28408384E-04) (  1.35973096E-03,  8.84756446E-04)
   1.00000000      -2.00000000       0.00000000     ( -6.05359674E-05, -1.06170774E-03) ( -3.02679837E-05, -5.30853868E-04) ( -9.40635800E-04,  6.91215973E-06)
   1.00000000      -2.00000000       1.00000000     ( -1.95577741E-04,  1.50874257E-03) ( -3.07336450E-04,  1.26659870E-03) ( -4.19095159E-04,  1.02445483E-03)
   1.00000000      -1.00000000       0.00000000     ( -3.62284482E-03, -1.65030360E-02) ( -3.62284482E-03, -1.65030360E-02) ( -1.13993883E-02,  1.30385160E-02)
   1.00000000      -1.00000000       1.00000000     (  6.70552254E-04,  3.44589353E-04) ( -1.00582838E-03, -1.37835741E-03) ( -1.69500709E-03, -1.71363354E-03)
   1.00000000      -1.00000000       2.00000000     ( -2.14204192E-04,  1.00582838E-03) (  6.86850399E-05,  5.40167093E-04) (  1.42026693E-04, -2.37487257E-04)
   2.00000000       0.00000000       0.00000000     (  0.00000000    ,  0.00000000    ) (  1.84401870E-03,  5.30853868E-04) ( -1.15483999E-03,  2.23517418E-04)
   2.00000000       0.00000000       1.00000000     (  3.11993062E-04, -7.54371285E-04) (  2.11875886E-04,  1.04308128E-03) ( -6.23986125E-04,  1.50874257E-03)
   2.00000000       1.00000000       0.00000000     ( -8.10250640E-04,  1.58324838E-04) (  1.62050128E-03, -3.16649675E-04) (  2.85217538E-05, -1.34110451E-03)
   2.00000000       1.00000000       1.00000000     ( -2.42143869E-04,  3.44589353E-04) (  7.07805157E-04, -1.39698386E-03) ( -2.23517418E-04,  7.07805157E-04)
   2.00000000      -1.00000000       0.00000000     ( -5.76255843E-05,  7.63684511E-04) ( -1.15251169E-04,  1.52736902E-03) ( -1.22236088E-04,  8.38190317E-04)
   2.00000000      -1.00000000       1.00000000     ( -1.04308128E-03,  4.65661287E-05) ( -1.21071935E-03,  2.76486389E-05) (  8.84756446E-04, -6.63567334E-05)
