    0.000000        0.000000       -2.000000      (8.0466270E-03,1.8952414E-03)
   (5.9418380E-03,-4.0885061E-03)  (0.000000,0.000000)
    0.000000        0.000000       -1.000000      
 (2.2053719E-02,-1.2069941E-02)  (-6.8172812E-03,1.7955899E-02)  
 (0.000000,0.000000)
    0.000000        1.000000       -2.000000      
 (-1.2814999E-02,-2.9988587E-03)  (-1.7601997E-03,-3.5297126E-03)  
 (-8.8009983E-04,-1.7648563E-03)
    0.000000        1.000000       -1.000000      (6.5565109E-03,7.7486038E-03)
   (-2.3934990E-03,4.0419400E-03)  (-2.3934990E-03,4.0419400E-03)
    0.000000        2.000000       -1.000000      
 (-1.3075769E-02,1.0933727E-02)  (-4.1630119E-03,-1.1292286E-03)  
 (-8.3260238E-03,-2.2584572E-03)
    0.000000       -2.000000       -1.000000      (1.1436641E-02,3.2875687E-03)
   (-8.8912202E-05,2.3050234E-03)  (1.7782440E-04,-4.6100467E-03)
    0.000000       -1.000000       -2.000000      
 (-8.3260238E-03,2.5564805E-03)  (-6.8731606E-03,5.4948032E-04)  
 (3.4365803E-03,-2.7474016E-04)
    0.000000       -1.000000       -1.000000      
 (4.0978193E-03,-9.4994903E-04)  (6.8359077E-03,5.2526593E-03)  
 (-6.8359077E-03,-5.2526593E-03)
    1.000000        0.000000       -2.000000      (8.2701445E-03,3.5017729E-03)
   (-2.5425106E-03,6.4820051E-03)  (4.1350722E-03,1.7508864E-03)
    1.000000        0.000000       -1.000000      
 (4.0605664E-03,-3.7602149E-04)  (8.6426735E-03,-3.2037497E-03)  
 (4.0605664E-03,-3.7602149E-04)
    1.000000        1.000000       -2.000000      
 (-3.0174851E-03,-1.7462298E-03)  (-6.5541826E-04,-1.3746321E-02)  
 (-1.8347055E-03,-7.7486038E-03)
    1.000000        1.000000       -1.000000      
 (-8.4564090E-03,-3.4645200E-03)  (2.7241185E-03,-9.7090378E-04)  
 (-5.7276338E-03,-4.4330955E-03)
    1.000000        2.000000       -1.000000      
 (-9.9465251E-03,-2.2165477E-03)  (1.9464642E-03,2.7986243E-03)  
 (-6.0535967E-03,3.3807009E-03)
    1.000000       -2.000000       -1.000000      
 (-7.4738637E-04,-6.1839819E-03)  (-1.4482066E-03,-2.9522926E-03)  
 (2.1466985E-03,-2.8405339E-04)
    1.000000       -1.000000       -2.000000      (5.0105155E-03,1.7415732E-03)
   (-4.0885061E-03,2.4307519E-03)  (4.5541674E-03,-3.4284312E-04)
    1.000000       -1.000000       -1.000000      
 (-9.8906457E-03,3.4831464E-03)  (-7.8231096E-03,7.2875991E-04)  
 (-2.0675361E-03,2.7520582E-03)
    2.000000        0.000000       -1.000000      (6.1467290E-04,4.7497451E-03)
   (3.4738332E-03,7.5995922E-03)  (1.2293458E-03,9.4994903E-03)
    2.000000        1.000000       -1.000000      
 (-2.6251655E-04,-8.4983185E-04)  (4.3399632E-03,-6.4820051E-03)  
 (3.8184226E-03,-8.1770122E-03)
    2.000000       -1.000000       -1.000000      
 (-1.9138679E-03,1.5459955E-03)  (4.6449713E-04,5.8300793E-03)  
 (-4.2933971E-03,-2.7334318E-03)
