   0.00000000       0.00000000       1.00000000     (  1.92970037E-02,  9.77888703E-04) (  3.34531069E-02, -2.30222940E-02) (  0.00000000    ,  0.00000000    )
   0.00000000       0.00000000       2.00000000     (  7.54371285E-04, -2.03028321E-03) ( -1.60187483E-03, -2.09547579E-04) (  0.00000000    ,  0.00000000    )
   0.00000000       1.00000000       0.00000000     ( -1.39698386E-02, -1.28522515E-03) (  0.00000000    ,  0.00000000    ) (  5.94183803E-03,  1.48266554E-02)
   0.00000000       1.00000000       1.00000000     (  7.74860382E-03,  9.70438123E-03) ( -2.62632966E-03, -4.10713255E-03) (  2.62632966E-03,  4.10713255E-03)
   0.00000000       1.00000000       2.00000000     ( -9.49949026E-04, -5.77419996E-04) ( -7.72997737E-04,  2.35158950E-04) (  3.86498868E-04, -1.17579475E-04)
   0.00000000       2.00000000       0.00000000     (  6.33299351E-04,  2.10478902E-03) (  0.00000000    ,  0.00000000    ) ( -2.38418579E-03,  1.91852450E-03)
   0.00000000       2.00000000       1.00000000     (  1.39698386E-03, -5.49480319E-04) ( -5.86733222E-04,  2.60770321E-04) (  1.17346644E-03, -5.21540642E-04)
   0.00000000      -2.00000000       0.00000000     (  6.33299351E-04, -2.10478902E-03) (  0.00000000    ,  0.00000000    ) ( -2.38418579E-03, -1.91852450E-03)
   0.00000000      -2.00000000       1.00000000     ( -1.71363354E-03, -8.38190317E-05) (  3.14321369E-05, -3.86498868E-04) (  6.28642738E-05, -7.72997737E-04)
   0.00000000      -1.00000000       0.00000000     ( -1.39698386E-02,  1.28522515E-03) (  0.00000000    ,  0.00000000    ) (  5.94183803E-03, -1.48266554E-02)
   0.00000000      -1.00000000       1.00000000     ( -9.38307494E-04, -2.98768282E-02) ( -4.83356416E-03,  2.83122063E-03) ( -4.83356416E-03,  2.83122063E-03)
   0.00000000      -1.00000000       2.00000000     (  7.07805157E-04,  1.39698386E-05) ( -6.51925802E-04, -6.14672899E-04) ( -3.25962901E-04, -3.07336450E-04)
   1.00000000       0.00000000       0.00000000     (  0.00000000    ,  0.00000000    ) ( -1.64657831E-02,  1.68383121E-02) (  2.64495611E-02,  1.41561031E-02)
   1.00000000       0.00000000       1.00000000     ( -9.77888703E-04, -2.31899321E-03) ( -2.68965960E-02, -5.92321157E-03) (  9.77888703E-04,  2.31899321E-03)
   1.00000000       0.00000000       2.00000000     ( -6.23986125E-04,  1.15483999E-03) (  7.91624188E-04,  9.87201929E-04) (  3.11993062E-04, -5.77419996E-04)
   1.00000000       1.00000000       0.00000000     (  9.63918865E-04,  1.94646418E-03) ( -9.63918865E-04, -1.94646418E-03) ( -1.00955367E-02,  1.18836761E-02)
   1.00000000       1.00000000       1.00000000     (  9.03382897E-04, -6.14672899E-04) ( -1.99303031E-03, -1.11758709E-04) (  1.08964741E-03,  7.26431608E-04)
   1.00000000       1.00000000       2.00000000     ( -1.41561031E-03, -1.83936208E-04) (  2.32830644E-04,  6.98491931E-04) (  5.96046448E-04, -2.56113708E-04)
   1.00000000       2.00000000       0.00000000     (  8.19563866E-04, -7.79982656E-05) ( -4.09781933E-04,  3.89991328E-05) (  7.45058060E-04,  1.13621354E-03)
   1.00000000       2.00000000       1.00000000     (  1.13621354E-03,  8.66129994E-04) ( -9.03382897E-04, -1.79279596E-04) (  6.70552254E-04, -5.02914190E-04)
   1.00000000      -2.00000000       0.00000000     ( -1.05239451E-03, -4.70317900E-04) ( -5.26197255E-04, -2.35158950E-04) ( -9.40635800E-04, -1.37835741E-03)
   1.00000000      -2.00000000       1.00000000     ( -6.51925802E-04,  1.69966370E-04) ( -2.42143869E-04,  1.62981451E-04) (  1.62981451E-04,  1.58324838E-04)
   1.00000000      -1.00000000       0.00000000     ( -7.93952495E-04, -9.25734639E-03) ( -7.93952495E-04, -9.25734639E-03) ( -1.15483999E-02,  2.45124102E-02)
   1.00000000      -1.00000000       1.00000000     (  1.86264515E-03,  5.54136932E-04) ( -5.16884029E-04, -2.45869160E-03) ( -2.38418579E-03, -3.01748514E-03)
   1.00000000      -1.00000000       2.00000000     ( -1.93715096E-03,  1.82539225E-03) ( -8.10250640E-04,  9.31322575E-04) (  5.58793545E-04, -4.42378223E-04)
   2.00000000       0.00000000       0.00000000     (  0.00000000    ,  0.00000000    ) (  1.35973096E-03,  2.49594450E-03) ( -6.23986125E-04,  1.75088644E-03)
   2.00000000       0.00000000       1.00000000     (  4.09781933E-04, -7.72997737E-04) (  6.51925802E-04,  1.32247806E-03) ( -8.19563866E-04,  1.54599547E-03)
   2.00000000       1.00000000       0.00000000     (  1.44063961E-05,  9.40635800E-04) ( -2.88127922E-05, -1.88127160E-03) ( -1.24797225E-03,  2.01165676E-03)
   2.00000000       1.00000000       1.00000000     (  5.07570803E-04,  2.88709998E-04) ( -6.22821972E-05, -1.75088644E-03) ( -9.49949026E-04,  1.17346644E-03)
   2.00000000      -1.00000000       0.00000000     ( -4.47034836E-04,  5.21540642E-04) ( -8.94069672E-04,  1.04308128E-03) ( -7.35744834E-04,  7.10133463E-05)
   2.00000000      -1.00000000       1.00000000     ( -7.07805157E-04,  1.32713467E-04) ( -2.04890966E-03, -2.14640750E-06) ( -6.42612576E-04, -2.67755240E-04)
