   0.00000000       0.00000000      -2.00000000     (  6.70552254E-03,  3.61353159E-03) (  2.33761966E-03, -1.52736902E-03) (  0.00000000    ,  0.00000000    )
   0.00000000       0.00000000      -1.00000000     (  2.33203173E-02, -1.19209290E-02) ( -6.89178705E-04,  2.26497650E-02) (  0.00000000    ,  0.00000000    )
   0.00000000       1.00000000      -2.00000000     ( -4.61935997E-03, -4.76138666E-04) (  3.30619514E-04, -3.94880772E-03) (  1.65309757E-04, -1.97440386E-03)
   0.00000000       1.00000000      -1.00000000     (  9.76026058E-03,  1.25169754E-02) ( -2.65426934E-03,  2.79396772E-03) ( -2.65426934E-03,  2.79396772E-03)
   0.00000000       2.00000000      -1.00000000     ( -9.16421413E-03,  3.77185643E-03) ( -1.96974725E-03, -9.05711204E-04) ( -3.93949449E-03, -1.81142241E-03)
   0.00000000      -2.00000000      -1.00000000     (  6.44475222E-03, -3.89991328E-04) ( -1.04075298E-03,  2.40281224E-03) (  2.08150595E-03, -4.80562449E-03)
   0.00000000      -1.00000000      -2.00000000     ( -7.15255737E-03,  1.06869265E-03) ( -7.11530447E-03, -4.73810360E-04) (  3.55765224E-03,  2.36905180E-04)
   0.00000000      -1.00000000      -1.00000000     (  3.37138772E-03,  3.22237611E-03) (  7.11530447E-03,  7.04079866E-03) ( -7.11530447E-03, -7.04079866E-03)
   1.00000000       0.00000000      -2.00000000     (  3.31550837E-03,  4.58210707E-03) ( -2.98023224E-03,  7.63684511E-03) (  1.65775418E-03,  2.29105353E-03)
   1.00000000       0.00000000      -1.00000000     (  3.80910933E-03,  3.55066732E-04) (  9.08970833E-03, -1.10361725E-03) (  3.80910933E-03,  3.55066732E-04)
   1.00000000       1.00000000      -2.00000000     ( -3.74391675E-03, -3.49245965E-03) (  4.08850610E-03, -8.28877091E-03) (  1.76369213E-04, -5.88595867E-03)
   1.00000000       1.00000000      -1.00000000     ( -7.45058060E-03, -4.73111868E-03) (  4.73111868E-03, -2.54367478E-04) ( -2.72877514E-03, -4.97326255E-03)
   1.00000000       2.00000000      -1.00000000     ( -6.33299351E-03, -2.98023224E-03) (  9.98843461E-04,  1.30385160E-03) ( -4.34927642E-03, -3.77185643E-04)
   1.00000000      -2.00000000      -1.00000000     (  4.48198989E-04, -4.04193997E-03) ( -1.73458830E-04, -3.36207449E-03) (  7.96280801E-04,  2.69152224E-03)
   1.00000000      -1.00000000      -2.00000000     (  1.72294676E-03,  1.62981451E-03) ( -2.35158950E-04,  1.09430403E-03) (  9.77888703E-04,  2.69501470E-04)
   1.00000000      -1.00000000      -1.00000000     ( -5.23403287E-03,  1.22934580E-03) ( -6.98491931E-03,  9.54605639E-04) (  1.75554305E-03,  2.75904313E-04)
   2.00000000       0.00000000      -1.00000000     ( -1.73225999E-03,  2.15135515E-03) ( -6.27711415E-03,  4.39584255E-03) ( -3.46451998E-03,  4.30271029E-03)
   2.00000000       1.00000000      -1.00000000     (  8.94069672E-04,  1.52271241E-03) (  2.37487257E-03, -5.36441803E-03) (  4.16301191E-03, -2.31899321E-03)
   2.00000000      -1.00000000      -1.00000000     (  1.37151801E-05, -1.52736902E-03) (  2.02096999E-03,  8.84756446E-05) ( -1.99303031E-03, -3.13855708E-03)
