   0.00000000       0.00000000       1.00000000     (  1.73598528E-02, -1.04773790E-03) (  3.50922346E-02, -2.01910734E-02) (  0.00000000    ,  0.00000000    )
   0.00000000       0.00000000       2.00000000     (  1.36904418E-03, -2.58907676E-03) ( -2.14204192E-03,  9.89530236E-05) (  0.00000000    ,  0.00000000    )
   0.00000000       1.00000000       0.00000000     ( -1.12503767E-02, -2.02096999E-03) (  0.00000000    ,  0.00000000    ) (  7.30156898E-03,  1.38208270E-02)
   0.00000000       1.00000000       1.00000000     (  8.04662704E-03,  1.02445483E-02) ( -2.20723450E-03, -2.88709998E-03) (  2.20723450E-03,  2.88709998E-03)
   0.00000000       1.00000000       2.00000000     ( -9.59262252E-04, -9.49949026E-04) ( -8.94069672E-04,  2.28174031E-04) (  4.47034836E-04, -1.14087015E-04)
   0.00000000       2.00000000       0.00000000     (  6.84522092E-04,  2.70083547E-03) (  0.00000000    ,  0.00000000    ) ( -3.27825546E-03,  1.91852450E-03)
   0.00000000       2.00000000       1.00000000     (  2.23517418E-03, -9.40635800E-04) ( -7.45058060E-04,  1.72294676E-04) (  1.49011612E-03, -3.44589353E-04)
   0.00000000      -2.00000000       0.00000000     (  6.84522092E-04, -2.70083547E-03) (  0.00000000    ,  0.00000000    ) ( -3.27825546E-03, -1.91852450E-03)
   0.00000000      -2.00000000       1.00000000     ( -1.50874257E-03, -3.07336450E-04) (  1.62981451E-04, -7.72997737E-04) (  3.25962901E-04, -1.54599547E-03)
   0.00000000      -1.00000000       0.00000000     ( -1.12503767E-02,  2.02096999E-03) (  0.00000000    ,  0.00000000    ) (  7.30156898E-03, -1.38208270E-02)
   0.00000000      -1.00000000       1.00000000     ( -2.52388418E-03, -2.98023224E-02) ( -6.01634383E-03,  2.33296305E-03) ( -6.01634383E-03,  2.33296305E-03)
   0.00000000      -1.00000000       2.00000000     (  1.22934580E-03, -1.28056854E-05) ( -5.91389835E-04, -8.84756446E-04) ( -2.95694917E-04, -4.42378223E-04)
   1.00000000       0.00000000       0.00000000     (  0.00000000    ,  0.00000000    ) ( -1.89244747E-02,  1.78441405E-02) (  2.39163637E-02,  1.09523535E-02)
   1.00000000       0.00000000       1.00000000     ( -2.30967999E-03, -1.27591193E-03) ( -2.42143869E-02, -8.88481736E-03) (  2.30967999E-03,  1.27591193E-03)
   1.00000000       0.00000000       2.00000000     ( -1.32247806E-03,  1.01514161E-03) (  9.77888703E-04,  1.20140612E-03) (  6.61239028E-04, -5.07570803E-04)
   1.00000000       1.00000000       0.00000000     (  2.33412720E-04,  1.92318112E-03) ( -2.33412720E-04, -1.92318112E-03) ( -9.68575478E-03,  1.16229057E-02)
   1.00000000       1.00000000       1.00000000     (  9.40635800E-04, -4.19095159E-04) ( -2.77534127E-03, -1.49011612E-04) (  1.84401870E-03,  5.68106771E-04)
   1.00000000       1.00000000       2.00000000     ( -2.53319740E-03, -2.67755240E-05) (  3.95812094E-04,  1.29453838E-03) (  1.07102096E-03, -6.33299351E-04)
   1.00000000       2.00000000       0.00000000     (  1.58324838E-03, -4.09781933E-04) ( -7.91624188E-04,  2.04890966E-04) (  9.54605639E-05,  1.86264515E-03)
   1.00000000       2.00000000       1.00000000     (  8.75443220E-04,  9.87201929E-04) ( -1.01514161E-03,  2.03726813E-05) (  1.15483999E-03, -1.02445483E-03)
   1.00000000      -2.00000000       0.00000000     ( -1.52736902E-03, -2.46800482E-04) ( -7.63684511E-04, -1.23400241E-04) ( -1.35041773E-03, -1.91852450E-03)
   1.00000000      -2.00000000       1.00000000     ( -1.15483999E-03, -3.72529030E-04) ( -3.65544111E-04, -2.56113708E-04) (  4.28408384E-04, -1.40862539E-04)
   1.00000000      -1.00000000       0.00000000     ( -5.30853868E-04, -7.71135092E-03) ( -5.30853868E-04, -7.71135092E-03) ( -1.06170774E-02,  2.69711018E-02)
   1.00000000      -1.00000000       1.00000000     (  2.88709998E-03,  9.49949026E-04) ( -5.21540642E-04, -3.12924385E-03) ( -3.39001417E-03, -4.09781933E-03)
   1.00000000      -1.00000000       2.00000000     ( -2.30967999E-03,  1.97440386E-03) ( -1.30385160E-03,  1.40629709E-03) (  4.98257577E-04, -2.84053385E-04)
   2.00000000       0.00000000       0.00000000     (  0.00000000    ,  0.00000000    ) (  1.50874257E-03,  3.35276127E-03) ( -7.17118382E-04,  1.99303031E-03)
   2.00000000       0.00000000       1.00000000     (  2.98023224E-04, -7.35744834E-04) (  9.59262252E-04,  1.75088644E-03) ( -5.96046448E-04,  1.47148967E-03)
   2.00000000       1.00000000       0.00000000     (  3.91155481E-04,  1.22003257E-03) ( -7.82310963E-04, -2.44006515E-03) ( -1.69500709E-03,  2.88709998E-03)
   2.00000000       1.00000000       1.00000000     (  7.45058060E-04,  2.42143869E-04) ( -7.45058060E-04, -1.56462193E-03) ( -7.45058060E-04,  1.08033419E-03)
   2.00000000      -1.00000000       0.00000000     ( -5.30853868E-04,  4.23751771E-04) ( -1.06170774E-03,  8.47503543E-04) ( -1.11758709E-03, -1.52504072E-04)
   2.00000000      -1.00000000       1.00000000     ( -8.28877091E-04, -6.40284270E-05) ( -2.55182385E-03, -3.37604433E-04) ( -8.94069672E-04, -2.09547579E-04)
