   0.00000000       0.00000000      -2.00000000     (  6.66826963E-03,  4.28408384E-03) (  1.37835741E-03, -1.46217644E-03) (  0.00000000    ,  0.00000000    )
   0.00000000       0.00000000      -1.00000000     (  2.30222940E-02, -1.15483999E-02) (  8.07922333E-04,  2.33203173E-02) (  0.00000000    ,  0.00000000    )
   0.00000000       1.00000000      -2.00000000     ( -3.19443643E-03,  6.40284270E-04) (  6.07687980E-04, -3.27825546E-03) (  3.03843990E-04, -1.63912773E-03)
   0.00000000       1.00000000      -1.00000000     (  1.06543303E-02,  1.31875277E-02) ( -2.33761966E-03,  2.47731805E-03) ( -2.33761966E-03,  2.47731805E-03)
   0.00000000       2.00000000      -1.00000000     ( -9.27597284E-03,  2.30967999E-03) ( -1.60187483E-03, -1.08731911E-03) ( -3.20374966E-03, -2.17463821E-03)
   0.00000000      -2.00000000      -1.00000000     (  5.43892384E-03, -1.76951289E-03) ( -1.48545951E-03,  2.47731805E-03) (  2.97091901E-03, -4.95463610E-03)
   0.00000000      -1.00000000      -2.00000000     ( -7.37607479E-03,  8.31205398E-04) ( -6.87316060E-03, -5.50644472E-04) (  3.43658030E-03,  2.75322236E-04)
   0.00000000      -1.00000000      -1.00000000     (  3.15718353E-03,  3.84636223E-03) (  6.63101673E-03,  7.28294253E-03) ( -6.63101673E-03, -7.28294253E-03)
   1.00000000       0.00000000      -2.00000000     (  2.57045031E-03,  4.91738319E-03) ( -3.52971256E-03,  8.00937414E-03) (  1.28522515E-03,  2.45869160E-03)
   1.00000000       0.00000000      -1.00000000     (  3.57627869E-03,  3.96976247E-04) (  8.34465027E-03, -9.33650881E-04) (  3.57627869E-03,  3.96976247E-04)
   1.00000000       1.00000000      -2.00000000     ( -4.30271029E-03, -3.58559191E-03) (  5.06639481E-03, -7.41332769E-03) (  3.83006409E-04, -5.49480319E-03)
   1.00000000       1.00000000      -1.00000000     ( -7.76723027E-03, -4.60073352E-03) (  5.51342964E-03, -1.81607902E-04) ( -2.24448740E-03, -4.76837158E-03)
   1.00000000       2.00000000      -1.00000000     ( -5.49480319E-03, -2.18395144E-03) (  7.12461770E-04,  1.30385160E-03) ( -4.06987965E-03,  4.21423465E-04)
   1.00000000      -2.00000000      -1.00000000     (  6.07687980E-04, -3.48314643E-03) (  3.09664756E-04, -3.26894224E-03) ( -1.28784450E-05,  3.05473804E-03)
   1.00000000      -1.00000000      -2.00000000     (  9.47620720E-04,  9.82545316E-04) (  4.69153747E-04,  3.37604433E-04) (  2.39815563E-04,  3.21306288E-04)
   1.00000000      -1.00000000      -1.00000000     ( -4.54485416E-03,  9.98843461E-04) ( -6.85453415E-03,  9.01054591E-04) (  2.31899321E-03,  9.72067937E-05)
   2.00000000       0.00000000      -1.00000000     ( -2.01165676E-03,  1.49477273E-03) ( -7.97212124E-03,  3.97674739E-03) ( -4.02331352E-03,  2.98954546E-03)
   2.00000000       1.00000000      -1.00000000     (  9.19681042E-04,  1.80676579E-03) (  1.94646418E-03, -5.14090061E-03) (  3.79048288E-03, -1.53202564E-03)
   2.00000000      -1.00000000      -1.00000000     (  4.67989594E-04, -1.89058483E-03) (  2.35624611E-03, -1.12690032E-03) ( -1.42026693E-03, -2.65426934E-03)
