   0.00000000       0.00000000       1.00000000     (  2.75671482E-02,  8.32602382E-03) (  2.51829624E-02, -3.39746475E-02) (  0.00000000    ,  0.00000000    )
   0.00000000       0.00000000       2.00000000     (  1.86264515E-05, -1.11758709E-04) ( -9.31322575E-05, -3.72529030E-05) (  0.00000000    ,  0.00000000    )
   0.00000000       1.00000000       0.00000000     ( -1.83284283E-02,  1.70897692E-03) (  0.00000000    ,  0.00000000    ) (  3.52971256E-03,  1.21071935E-02)
   0.00000000       1.00000000       1.00000000     (  8.08387995E-03,  2.10944563E-03) ( -8.28877091E-04, -1.05798244E-02) (  8.28877091E-04,  1.05798244E-02)
   0.00000000       1.00000000       2.00000000     ( -9.31322575E-05,  2.79396772E-05) ( -2.32830644E-05,  1.86264515E-05) (  1.16415322E-05, -9.31322575E-06)
   0.00000000       2.00000000       0.00000000     ( -2.79396772E-05,  2.79396772E-05) (  0.00000000    ,  0.00000000    ) ( -7.45058060E-05,  9.31322575E-05)
   0.00000000       2.00000000       1.00000000     (  3.72529030E-05,  5.58793545E-05) ( -3.72529030E-05, -1.81898940E-07) (  7.45058060E-05,  3.63797881E-07)
   0.00000000      -2.00000000       0.00000000     ( -2.79396772E-05, -2.79396772E-05) (  0.00000000    ,  0.00000000    ) ( -7.45058060E-05, -9.31322575E-05)
   0.00000000      -2.00000000       1.00000000     ( -1.86264515E-04,  2.79396772E-05) ( -3.72529030E-05,  2.79396772E-05) ( -7.45058060E-05,  5.58793545E-05)
   0.00000000      -1.00000000       0.00000000     ( -1.83284283E-02, -1.70897692E-03) (  0.00000000    ,  0.00000000    ) (  3.52971256E-03, -1.21071935E-02)
   0.00000000      -1.00000000       1.00000000     (  1.08405948E-02, -2.62260437E-02) (  1.83354132E-04,  1.60187483E-03) (  1.83354132E-04,  1.60187483E-03)
   0.00000000      -1.00000000       2.00000000     ( -1.39698386E-05, -2.79396772E-05) (  1.86264515E-05, -4.65661287E-05) (  9.31322575E-06, -2.32830644E-05)
   1.00000000       0.00000000       0.00000000     (  0.00000000    ,  0.00000000    ) ( -1.30757689E-02,  1.28895044E-02) (  3.47942114E-02,  2.74181366E-02)
   1.00000000       0.00000000       1.00000000     (  4.61004674E-03, -3.38070095E-03) ( -3.63588333E-02,  8.30739737E-03) ( -4.61004674E-03,  3.38070095E-03)
   1.00000000       0.00000000       2.00000000     (  2.32830644E-05,  5.58793545E-05) (  1.11758709E-04,  7.45058060E-05) ( -1.16415322E-05, -2.79396772E-05)
   1.00000000       1.00000000       0.00000000     (  5.99771738E-03,  6.92903996E-03) ( -5.99771738E-03, -6.92903996E-03) ( -1.02818012E-02,  1.11013651E-02)
   1.00000000       1.00000000       1.00000000     (  1.86264515E-05, -7.45058060E-05) ( -4.65661287E-05,  6.98491931E-06) (  2.79396772E-05,  5.58793545E-05)
   1.00000000       1.00000000       2.00000000     ( -1.86264515E-05, -1.16415322E-05) ( -2.32830644E-05,  9.31322575E-06) (  2.32830644E-05,  1.74622983E-06)
   1.00000000       2.00000000       0.00000000     ( -4.65661287E-05,  7.45058060E-05) (  2.32830644E-05, -3.72529030E-05) (  4.65661287E-05, -3.72529030E-05)
   1.00000000       2.00000000       1.00000000     (  9.31322575E-05, -1.74622983E-06) ( -7.45058060E-05, -2.32830644E-05) (  7.45058060E-05,  4.65661287E-05)
   1.00000000      -2.00000000       0.00000000     ( -9.31322575E-06, -5.58793545E-05) ( -4.65661287E-06, -2.79396772E-05) ( -5.58793545E-05, -1.86264515E-05)
   1.00000000      -2.00000000       1.00000000     ( -1.39698386E-05,  7.45058060E-05) ( -1.39698386E-05,  7.45058060E-05) ( -1.39698386E-05,  4.65661287E-05)
   1.00000000      -1.00000000       0.00000000     ( -2.90572643E-03, -1.64285302E-02) ( -2.90572643E-03, -1.64285302E-02) ( -1.25169754E-02,  1.50501728E-02)
   1.00000000      -1.00000000       1.00000000     (  4.65661287E-05,  1.39698386E-05) ( -5.58793545E-05, -9.31322575E-05) ( -9.31322575E-05, -1.11758709E-04)
   1.00000000      -1.00000000       2.00000000     ( -3.72529030E-05,  7.45058060E-05) ( -6.98491931E-06,  2.32830644E-05) (  1.39698386E-05, -1.86264515E-05)
   2.00000000       0.00000000       0.00000000     (  0.00000000    ,  0.00000000    ) (  9.31322575E-05,  4.65661287E-05) ( -5.58793545E-05,  2.79396772E-05)
   2.00000000       0.00000000       1.00000000     (  2.32830644E-05, -4.65661287E-05) (  1.16415322E-05,  5.58793545E-05) ( -4.65661287E-05,  9.31322575E-05)
   2.00000000       1.00000000       0.00000000     ( -3.72529030E-05,  1.39698386E-05) (  7.45058060E-05, -2.79396772E-05) ( -3.49245965E-06, -4.65661287E-05)
   2.00000000       1.00000000       1.00000000     ( -9.31322575E-06,  1.39698386E-05) (  4.65661287E-05, -9.31322575E-05) ( -2.32830644E-05,  5.58793545E-05)
   2.00000000      -1.00000000       0.00000000     ( -9.31322575E-06,  4.65661287E-05) ( -1.86264515E-05,  9.31322575E-05) ( -1.16415322E-05,  4.65661287E-05)
   2.00000000      -1.00000000       1.00000000     ( -5.58793545E-05,  5.82076609E-07) ( -7.45058060E-05,  4.65661287E-06) (  3.72529030E-05,  3.49245965E-06)
