   0.00000000       0.00000000      -2.00000000     (  3.72529030E-04,  1.54599547E-03) ( -1.21071935E-03,  4.09781933E-04) (  0.00000000    ,  0.00000000    )
   0.00000000       0.00000000      -1.00000000     (  2.77161598E-02, -9.08970833E-03) (  2.27987766E-02,  3.41981649E-02) (  0.00000000    ,  0.00000000    )
   0.00000000       1.00000000      -2.00000000     ( -1.79279596E-04,  4.19095159E-04) (  3.21306288E-04,  7.54371285E-04) (  1.60653144E-04,  3.77185643E-04)
   0.00000000       1.00000000      -1.00000000     (  1.25914812E-02,  2.45869160E-02) (  6.55418262E-04, -9.82545316E-04) (  6.55418262E-04, -9.82545316E-04)
   0.00000000       2.00000000      -1.00000000     ( -2.68220901E-03, -5.30853868E-04) ( -5.58793545E-04, -4.00468707E-04) ( -1.11758709E-03, -8.00937414E-04)
   0.00000000      -2.00000000      -1.00000000     (  6.05359674E-04, -1.08033419E-03) ( -4.93600965E-04,  7.91624188E-05) (  9.87201929E-04, -1.58324838E-04)
   0.00000000      -1.00000000      -2.00000000     ( -1.52736902E-03, -4.84287739E-04) ( -3.39932740E-04, -1.93249434E-04) (  1.69966370E-04,  9.66247171E-05)
   0.00000000      -1.00000000      -1.00000000     (  7.86036253E-03, -3.74857336E-04) ( -1.16997398E-04,  1.08964741E-02) (  1.16997398E-04, -1.08964741E-02)
   1.00000000       0.00000000      -2.00000000     ( -8.10250640E-04,  9.12696123E-04) ( -8.56816769E-04,  1.15483999E-03) ( -4.05125320E-04,  4.56348062E-04)
   1.00000000       0.00000000      -1.00000000     (  7.71135092E-03, -1.62515789E-03) ( -5.56930900E-03, -3.29688191E-03) (  7.71135092E-03, -1.62515789E-03)
   1.00000000       1.00000000      -2.00000000     ( -1.08033419E-03,  5.49480319E-04) (  3.77185643E-04, -1.17346644E-03) ( -3.53902578E-04, -3.16649675E-04)
   1.00000000       1.00000000      -1.00000000     ( -8.56816769E-04, -1.81607902E-04) (  1.02445483E-03,  4.37721610E-04) (  1.81607902E-04,  2.60770321E-04)
   1.00000000       2.00000000      -1.00000000     (  8.84756446E-05,  3.91155481E-04) ( -3.07336450E-04,  4.09781933E-04) ( -5.21540642E-04,  1.21071935E-03)
   1.00000000      -2.00000000      -1.00000000     (  5.02914190E-04,  4.36557457E-05) (  5.30853868E-04,  5.12227416E-04) ( -5.58793545E-04, -9.87201929E-04)
   1.00000000      -1.00000000      -2.00000000     (  1.12777343E-06, -8.10250640E-04) ( -3.72529030E-04, -3.39932740E-04) (  1.86264515E-04, -2.37487257E-04)
   1.00000000      -1.00000000      -1.00000000     ( -4.84287739E-04,  4.47034836E-04) ( -9.87201929E-04,  1.74622983E-04) (  4.93600965E-04,  2.70083547E-04)
   2.00000000       0.00000000      -1.00000000     ( -4.28408384E-04, -2.09547579E-04) ( -2.74740160E-04,  7.21774995E-05) ( -8.56816769E-04, -4.19095159E-04)
   2.00000000       1.00000000      -1.00000000     ( -3.58559191E-04, -1.72294676E-04) (  6.51925802E-04, -3.77185643E-04) ( -6.40284270E-05, -7.26431608E-04)
   2.00000000      -1.00000000      -1.00000000     ( -1.32713467E-04,  1.35041773E-04) (  2.28174031E-04, -7.91624188E-04) ( -4.93600965E-04,  1.06170774E-03)
