   0.00000000       0.00000000       1.00000000     (  8.28877091E-03, -1.22562051E-02) (  3.84449959E-02, -6.29574060E-03) (  0.00000000    ,  0.00000000    )
   0.00000000       0.00000000       2.00000000     (  1.08033419E-03, -2.60770321E-04) ( -1.04308128E-03, -3.35276127E-04) (  0.00000000    ,  0.00000000    )
   0.00000000       1.00000000       0.00000000     (  1.40164047E-03, -4.40515578E-03) (  0.00000000    ,  0.00000000    ) (  1.60187483E-02,  2.96160579E-03)
   0.00000000       1.00000000       1.00000000     (  5.94183803E-03,  4.31202352E-03) (  3.10130417E-03, -1.17579475E-03) ( -3.10130417E-03,  1.17579475E-03)
   0.00000000       1.00000000       2.00000000     (  4.74974513E-04, -5.58793545E-04) ( -1.58324838E-04,  2.46800482E-04) (  7.91624188E-05, -1.23400241E-04)
   0.00000000       2.00000000       0.00000000     (  7.07805157E-04,  2.79396772E-04) (  0.00000000    ,  0.00000000    ) ( -1.11758709E-04,  2.23517418E-04)
   0.00000000       2.00000000       1.00000000     (  3.91155481E-04, -3.35276127E-04) ( -4.19095159E-05, -7.91624188E-05) (  8.38190317E-05,  1.58324838E-04)
   0.00000000      -2.00000000       0.00000000     (  7.07805157E-04, -2.79396772E-04) (  0.00000000    ,  0.00000000    ) ( -1.11758709E-04, -2.23517418E-04)
   0.00000000      -2.00000000       1.00000000     ( -4.00468707E-04,  2.98023224E-04) ( -3.44589353E-04, -3.16649675E-04) ( -6.89178705E-04, -6.33299351E-04)
   0.00000000      -1.00000000       0.00000000     (  1.40164047E-03,  4.40515578E-03) (  0.00000000    ,  0.00000000    ) (  1.60187483E-02, -2.96160579E-03)
   0.00000000      -1.00000000       1.00000000     ( -6.96629286E-03, -2.30967999E-02) ( -9.49949026E-03,  4.10713255E-03) ( -9.49949026E-03,  4.10713255E-03)
   0.00000000      -1.00000000       2.00000000     (  2.98023224E-04, -3.16649675E-04) (  4.37721610E-04, -3.37604433E-05) (  2.18860805E-04, -1.68802217E-05)
   1.00000000       0.00000000       0.00000000     (  0.00000000    ,  0.00000000    ) ( -3.22610140E-02,  2.01165676E-02) (  1.73971057E-02, -2.33296305E-03)
   1.00000000       0.00000000       1.00000000     ( -2.97091901E-03,  1.26892701E-04) ( -1.08778477E-02, -1.74716115E-02) (  2.97091901E-03, -1.26892701E-04)
   1.00000000       0.00000000       2.00000000     ( -6.70552254E-04, -4.65661287E-04) (  3.07336450E-04,  2.60770321E-04) (  3.35276127E-04,  2.32830644E-04)
   1.00000000       1.00000000       0.00000000     (  3.67872417E-03,  4.23751771E-03) ( -3.67872417E-03, -4.23751771E-03) ( -8.05594027E-04,  1.11386180E-02)
   1.00000000       1.00000000       1.00000000     (  2.60770321E-04,  3.07336450E-04) ( -8.56816769E-04,  1.67638063E-04) (  5.96046448E-04, -4.74974513E-04)
   1.00000000       1.00000000       2.00000000     ( -9.49949026E-04,  1.58324838E-04) (  4.93600965E-04,  6.51925802E-04) (  2.28174031E-04, -4.00468707E-04)
   1.00000000       2.00000000       0.00000000     ( -1.62981451E-04,  5.21540642E-04) (  8.14907253E-05, -2.60770321E-04) ( -3.16649675E-04, -7.45058060E-05)
   1.00000000       2.00000000       1.00000000     (  1.30385160E-04,  2.79396772E-04) ( -2.28174031E-04, -7.68341124E-05) (  3.25962901E-04, -1.25728548E-04)
   1.00000000      -2.00000000       0.00000000     (  1.53668225E-04,  4.09781933E-04) (  7.68341124E-05,  2.04890966E-04) ( -3.25962901E-04, -5.02914190E-04)
   1.00000000      -2.00000000       1.00000000     ( -6.14672899E-04, -2.61934474E-05) ( -2.04890966E-04,  6.98491931E-05) (  2.09547579E-04,  1.62981451E-04)
   1.00000000      -1.00000000       0.00000000     (  1.76019967E-03, -3.50177288E-03) (  1.76019967E-03, -3.50177288E-03) ( -7.41332769E-03,  2.83867121E-02)
   1.00000000      -1.00000000       1.00000000     (  1.19209290E-03,  5.77419996E-04) (  4.07453626E-05, -1.04308128E-03) ( -1.15483999E-03, -1.60187483E-03)
   1.00000000      -1.00000000       2.00000000     ( -5.77419996E-04, -4.77302819E-05) ( -4.77302819E-05,  3.44589353E-04) (  2.60770321E-04,  2.00234354E-04)
   2.00000000       0.00000000       0.00000000     (  0.00000000    ,  0.00000000    ) (  1.30385160E-04,  8.38190317E-04) ( -3.63215804E-04, -2.37487257E-04)
   2.00000000       0.00000000       1.00000000     ( -9.54605639E-05,  4.88944352E-05) ( -2.42143869E-04,  2.38651410E-05) (  1.90921128E-04, -9.77888703E-05)
   2.00000000       1.00000000       0.00000000     (  3.14321369E-05,  2.38651410E-05) ( -6.28642738E-05, -4.77302819E-05) (  1.72294676E-04,  2.04890966E-04)
   2.00000000       1.00000000       1.00000000     ( -5.00585884E-05, -6.17001206E-05) ( -3.53902578E-04,  3.16649675E-04) (  4.56348062E-04, -1.86264515E-04)
   2.00000000      -1.00000000       0.00000000     ( -2.98023224E-04, -2.23517418E-04) ( -5.96046448E-04, -4.47034836E-04) (  2.09547579E-04,  1.00117177E-04)
   2.00000000      -1.00000000       1.00000000     ( -3.60887498E-05, -5.58793545E-04) ( -2.37487257E-04, -3.16649675E-04) ( -1.62981451E-04,  8.19563866E-04)
