   0.00000000       0.00000000      -2.00000000     (  3.27825546E-03,  5.82076609E-04) ( -4.06056643E-03,  2.19792128E-03) (  0.00000000    ,  0.00000000    )
   0.00000000       0.00000000      -1.00000000     (  3.52971256E-03,  1.16229057E-02) (  2.92062759E-02,  6.26314431E-04) (  0.00000000    ,  0.00000000    )
   0.00000000       1.00000000      -2.00000000     (  1.53668225E-04,  1.39698386E-03) (  1.38767064E-03, -2.74740160E-04) (  6.93835318E-04, -1.37370080E-04)
   0.00000000       1.00000000      -1.00000000     ( -6.76140189E-03,  1.59442425E-02) ( -7.67409801E-03, -4.86150384E-03) ( -7.67409801E-03, -4.86150384E-03)
   0.00000000       2.00000000      -1.00000000     ( -1.03376806E-03, -1.25728548E-03) ( -8.19563866E-04,  3.74857336E-04) ( -1.63912773E-03,  7.49714673E-04)
   0.00000000      -2.00000000      -1.00000000     ( -1.88592821E-04,  2.04890966E-03) ( -1.82772055E-04, -4.74974513E-04) (  3.65544111E-04,  9.49949026E-04)
   0.00000000      -1.00000000      -2.00000000     (  2.10478902E-03,  2.29105353E-03) ( -3.53902578E-04, -1.21071935E-03) (  1.76951289E-04,  6.05359674E-04)
   0.00000000      -1.00000000      -1.00000000     (  1.42958015E-03, -1.13621354E-03) (  3.98606062E-03,  1.20606273E-03) ( -3.98606062E-03, -1.20606273E-03)
   1.00000000       0.00000000      -2.00000000     ( -9.96515155E-04, -4.19095159E-04) (  1.20140612E-03,  3.27825546E-03) ( -4.98257577E-04, -2.09547579E-04)
   1.00000000       0.00000000      -1.00000000     (  1.02818012E-02, -5.56930900E-03) ( -5.40167093E-03,  2.56299973E-02) (  1.02818012E-02, -5.56930900E-03)
   1.00000000       1.00000000      -2.00000000     (  1.17346644E-03,  1.40629709E-03) ( -2.79396772E-03,  1.30385160E-04) ( -8.10250640E-04,  7.63684511E-04)
   1.00000000       1.00000000      -1.00000000     ( -9.87201929E-04,  4.84287739E-03) ( -1.41561031E-03, -3.01748514E-03) ( -2.40281224E-03,  1.82539225E-03)
   1.00000000       2.00000000      -1.00000000     (  1.12690032E-03, -2.84053385E-04) ( -8.75443220E-04, -2.86381692E-04) ( -6.23986125E-04, -8.56816769E-04)
   1.00000000      -2.00000000      -1.00000000     ( -2.79396772E-04, -8.66129994E-04) ( -1.29148248E-06, -2.95694917E-04) ( -2.77068466E-04, -2.77068466E-04)
   1.00000000      -1.00000000      -2.00000000     ( -1.97906047E-04, -1.58324838E-03) ( -7.35744834E-04,  1.56462193E-03) (  2.70083547E-04, -1.56462193E-03)
   1.00000000      -1.00000000      -1.00000000     ( -4.71482053E-05,  4.09781933E-04) ( -3.65544111E-04, -7.45058060E-04) (  3.18977982E-04,  1.15483999E-03)
   2.00000000       0.00000000      -1.00000000     ( -9.68575478E-04,  1.50175765E-04) (  9.54605639E-05, -1.25728548E-03) ( -1.93715096E-03,  3.00351530E-04)
   2.00000000       1.00000000      -1.00000000     ( -1.06410880E-06, -3.63215804E-04) ( -1.56462193E-03,  9.31322575E-05) ( -1.58324838E-03, -6.33299351E-04)
   2.00000000      -1.00000000      -1.00000000     (  8.28877091E-04, -7.85803422E-05) (  5.35510480E-04,  1.02445483E-03) (  1.11758709E-03, -1.18277967E-03)
