   0.00000000       0.00000000       1.00000000     (  7.35744834E-03, -1.24052167E-02) (  3.71783972E-02, -5.17815351E-03) (  0.00000000    ,  0.00000000    )
   0.00000000       0.00000000       2.00000000     (  1.22934580E-03, -2.74740160E-04) ( -1.26659870E-03, -4.65661287E-04) (  0.00000000    ,  0.00000000    )
   0.00000000       1.00000000       0.00000000     (  1.96974725E-03, -4.31202352E-03) (  0.00000000    ,  0.00000000    ) (  1.62050128E-02,  2.05822289E-03)
   0.00000000       1.00000000       1.00000000     (  5.14090061E-03,  3.70666385E-03) (  3.37138772E-03, -1.17812306E-03) ( -3.37138772E-03,  1.17812306E-03)
   0.00000000       1.00000000       2.00000000     (  5.96046448E-04, -7.07805157E-04) ( -1.58324838E-04,  3.16649675E-04) (  7.91624188E-05, -1.58324838E-04)
   0.00000000       2.00000000       0.00000000     (  8.19563866E-04,  3.44589353E-04) (  0.00000000    ,  0.00000000    ) ( -8.14907253E-05,  2.88709998E-04)
   0.00000000       2.00000000       1.00000000     (  3.35276127E-04, -4.47034836E-04) ( -3.37604433E-05, -4.88944352E-05) (  6.75208867E-05,  9.77888703E-05)
   0.00000000      -2.00000000       0.00000000     (  8.19563866E-04, -3.44589353E-04) (  0.00000000    ,  0.00000000    ) ( -8.14907253E-05, -2.88709998E-04)
   0.00000000      -2.00000000       1.00000000     ( -4.65661287E-04,  4.09781933E-04) ( -3.91155481E-04, -3.35276127E-04) ( -7.82310963E-04, -6.70552254E-04)
   0.00000000      -1.00000000       0.00000000     (  1.96974725E-03,  4.31202352E-03) (  0.00000000    ,  0.00000000    ) (  1.62050128E-02, -2.05822289E-03)
   0.00000000      -1.00000000       1.00000000     ( -6.96629286E-03, -2.19047070E-02) ( -9.29459929E-03,  4.25614417E-03) ( -9.29459929E-03,  4.25614417E-03)
   0.00000000      -1.00000000       2.00000000     (  3.07336450E-04, -4.00468707E-04) (  5.30853868E-04, -1.10594556E-05) (  2.65426934E-04, -5.52972779E-06)
   1.00000000       0.00000000       0.00000000     (  0.00000000    ,  0.00000000    ) ( -3.18884850E-02,  1.91479921E-02) (  1.70245767E-02, -2.84053385E-03)
   1.00000000       0.00000000       1.00000000     ( -2.83122063E-03, -2.85945134E-05) ( -9.68575478E-03, -1.69128180E-02) (  2.83122063E-03,  2.85945134E-05)
   1.00000000       0.00000000       2.00000000     ( -7.63684511E-04, -5.49480319E-04) (  3.16649675E-04,  3.07336450E-04) (  3.81842256E-04,  2.74740160E-04)
   1.00000000       1.00000000       0.00000000     (  3.74391675E-03,  3.93949449E-03) ( -3.74391675E-03, -3.93949449E-03) (  7.97444955E-05,  1.10268593E-02)
   1.00000000       1.00000000       1.00000000     (  2.70083547E-04,  3.16649675E-04) ( -9.12696123E-04,  2.37487257E-04) (  6.33299351E-04, -5.58793545E-04)
   1.00000000       1.00000000       2.00000000     ( -1.02445483E-03,  1.58324838E-04) (  5.68106771E-04,  7.26431608E-04) (  2.32830644E-04, -4.37721610E-04)
   1.00000000       2.00000000       0.00000000     ( -1.58324838E-04,  6.51925802E-04) (  7.91624188E-05, -3.25962901E-04) ( -3.72529030E-04, -5.47152013E-05)
   1.00000000       2.00000000       1.00000000     (  2.09547579E-04,  3.53902578E-04) ( -2.46800482E-04, -1.04773790E-04) (  2.84053385E-04, -1.39698386E-04)
   1.00000000      -2.00000000       0.00000000     (  2.04890966E-04,  4.56348062E-04) (  1.02445483E-04,  2.28174031E-04) ( -3.91155481E-04, -5.12227416E-04)
   1.00000000      -2.00000000       1.00000000     ( -6.89178705E-04,  5.38420863E-06) ( -2.46800482E-04,  1.09430403E-04) (  1.95577741E-04,  2.14204192E-04)
   1.00000000      -1.00000000       0.00000000     (  1.95577741E-03, -3.08267772E-03) (  1.95577741E-03, -3.08267772E-03) ( -7.13393092E-03,  2.66730785E-02)
   1.00000000      -1.00000000       1.00000000     (  1.30385160E-03,  6.70552254E-04) (  3.25962901E-05, -1.19209290E-03) ( -1.26659870E-03, -1.86264515E-03)
   1.00000000      -1.00000000       2.00000000     ( -6.89178705E-04, -7.21774995E-05) (  4.51109372E-06,  3.35276127E-04) (  3.44589353E-04,  2.04890966E-04)
   2.00000000       0.00000000       0.00000000     (  0.00000000    ,  0.00000000    ) (  1.02445483E-04,  9.68575478E-04) ( -4.09781933E-04, -2.98023224E-04)
   2.00000000       0.00000000       1.00000000     ( -1.11758709E-04,  6.28642738E-05) ( -3.35276127E-04, -1.77533366E-05) (  2.23517418E-04, -1.25728548E-04)
   2.00000000       1.00000000       0.00000000     (  1.19325705E-05,  6.54836185E-06) ( -2.38651410E-05, -1.30967237E-05) (  1.90921128E-04,  2.14204192E-04)
   2.00000000       1.00000000       1.00000000     ( -6.28642738E-05, -5.35510480E-05) ( -4.00468707E-04,  3.53902578E-04) (  5.21540642E-04, -2.46800482E-04)
   2.00000000      -1.00000000       0.00000000     ( -3.53902578E-04, -2.74740160E-04) ( -7.07805157E-04, -5.49480319E-04) (  2.98023224E-04,  1.90921128E-04)
   2.00000000      -1.00000000       1.00000000     ( -1.80443749E-05, -6.51925802E-04) ( -2.60770321E-04, -3.16649675E-04) ( -2.28174031E-04,  9.87201929E-04)
