   0.00000000       0.00000000       1.00000000     (  5.21540642E-03, -1.21816993E-02) (  3.31550837E-02, -2.64495611E-03) (  0.00000000    ,  0.00000000    )
   0.00000000       0.00000000       2.00000000     (  1.97440386E-03, -3.72529030E-04) ( -2.23517418E-03, -1.06170774E-03) (  0.00000000    ,  0.00000000    )
   0.00000000       1.00000000       0.00000000     (  3.07336450E-03, -3.95812094E-03) (  0.00000000    ,  0.00000000    ) (  1.59814954E-02,  1.75787136E-04)
   0.00000000       1.00000000       1.00000000     (  3.16649675E-03,  2.30036676E-03) (  3.80910933E-03, -1.20140612E-03) ( -3.80910933E-03,  1.20140612E-03)
   0.00000000       1.00000000       2.00000000     (  1.09896064E-03, -1.28522515E-03) ( -1.95577741E-04,  6.33299351E-04) (  9.77888703E-05, -3.16649675E-04)
   0.00000000       2.00000000       0.00000000     (  1.21071935E-03,  7.45058060E-04) (  0.00000000    ,  0.00000000    ) ( -3.25962901E-05,  5.96046448E-04)
   0.00000000       2.00000000       1.00000000     (  1.65309757E-04, -9.87201929E-04) ( -4.65661287E-05,  1.04773790E-04) (  9.31322575E-05, -2.09547579E-04)
   0.00000000      -2.00000000       0.00000000     (  1.21071935E-03, -7.45058060E-04) (  0.00000000    ,  0.00000000    ) ( -3.25962901E-05, -5.96046448E-04)
   0.00000000      -2.00000000       1.00000000     ( -7.26431608E-04,  8.00937414E-04) ( -5.68106771E-04, -3.77185643E-04) ( -1.13621354E-03, -7.54371285E-04)
   0.00000000      -1.00000000       0.00000000     (  3.07336450E-03,  3.95812094E-03) (  0.00000000    ,  0.00000000    ) (  1.59814954E-02, -1.75787136E-04)
   0.00000000      -1.00000000       1.00000000     ( -6.85453415E-03, -1.87754631E-02) ( -8.51228833E-03,  4.58210707E-03) ( -8.51228833E-03,  4.58210707E-03)
   0.00000000      -1.00000000       2.00000000     (  3.07336450E-04, -7.45058060E-04) (  8.84756446E-04,  7.68341124E-05) (  4.42378223E-04,  3.84170562E-05)
   1.00000000       0.00000000       0.00000000     (  0.00000000    ,  0.00000000    ) ( -3.00258398E-02,  1.62050128E-02) (  1.58697367E-02, -3.65078449E-03)
   1.00000000       0.00000000       1.00000000     ( -2.42143869E-03, -4.45870683E-04) ( -6.81728125E-03, -1.50129199E-02) (  2.42143869E-03,  4.45870683E-04)
   1.00000000       0.00000000       2.00000000     ( -1.21071935E-03, -8.66129994E-04) (  3.58559191E-04,  5.21540642E-04) (  6.05359674E-04,  4.33064997E-04)
   1.00000000       1.00000000       0.00000000     (  3.57627869E-03,  3.13855708E-03) ( -3.57627869E-03, -3.13855708E-03) (  2.05822289E-03,  1.07288361E-02)
   1.00000000       1.00000000       1.00000000     (  2.25845724E-04,  3.35276127E-04) ( -1.08033419E-03,  5.68106771E-04) (  8.66129994E-04, -9.03382897E-04)
   1.00000000       1.00000000       2.00000000     ( -1.43423676E-03,  1.76951289E-04) (  8.66129994E-04,  1.04308128E-03) (  2.84053385E-04, -6.05359674E-04)
   1.00000000       2.00000000       0.00000000     ( -9.42964107E-05,  1.11758709E-03) (  4.71482053E-05, -5.58793545E-04) ( -6.79865479E-04,  7.45058060E-05)
   1.00000000       2.00000000       1.00000000     (  5.49480319E-04,  6.23986125E-04) ( -3.35276127E-04, -2.02562660E-04) (  1.21071935E-04, -2.16532499E-04)
   1.00000000      -2.00000000       0.00000000     (  4.00468707E-04,  5.77419996E-04) (  2.00234354E-04,  2.88709998E-04) ( -6.70552254E-04, -5.30853868E-04)
   1.00000000      -2.00000000       1.00000000     ( -9.49949026E-04,  8.61473382E-05) ( -3.81842256E-04,  2.56113708E-04) (  1.90921128E-04,  4.23751771E-04)
   1.00000000      -1.00000000       0.00000000     (  2.38418579E-03, -2.02096999E-03) (  2.38418579E-03, -2.02096999E-03) ( -6.31436706E-03,  2.17556953E-02)
   1.00000000      -1.00000000       1.00000000     (  1.75088644E-03,  1.08033419E-03) ( -1.65891834E-05, -1.82539225E-03) ( -1.76951289E-03, -2.90572643E-03)
   1.00000000      -1.00000000       2.00000000     ( -1.22934580E-03, -2.21189111E-04) (  2.23517418E-04,  3.16649675E-04) (  7.26431608E-04,  2.70083547E-04)
   2.00000000       0.00000000       0.00000000     (  0.00000000    ,  0.00000000    ) ( -3.60887498E-05,  1.47148967E-03) ( -5.96046448E-04, -5.58793545E-04)
   2.00000000       0.00000000       1.00000000     ( -1.86264515E-04,  1.32713467E-04) ( -7.07805157E-04, -1.95577741E-04) (  3.72529030E-04, -2.65426934E-04)
   2.00000000       1.00000000       0.00000000     ( -4.65661287E-05, -6.98491931E-05) (  9.31322575E-05,  1.39698386E-04) (  2.70083547E-04,  3.30619514E-04)
   2.00000000       1.00000000       1.00000000     ( -1.10594556E-04, -2.29920261E-05) ( -5.58793545E-04,  4.93600965E-04) (  7.72997737E-04, -4.51691449E-04)
   2.00000000      -1.00000000       0.00000000     ( -6.33299351E-04, -4.84287739E-04) ( -1.26659870E-03, -9.68575478E-04) (  6.05359674E-04,  6.61239028E-04)
   2.00000000      -1.00000000       1.00000000     (  8.84756446E-05, -9.87201929E-04) ( -3.86498868E-04, -3.02679837E-04) ( -5.68106771E-04,  1.65775418E-03)
