   0.00000000       0.00000000       1.00000000     (  3.50177288E-03, -1.15856528E-02) (  2.90572643E-02, -6.10016286E-04) (  0.00000000    ,  0.00000000    )
   0.00000000       0.00000000       2.00000000     (  3.27825546E-03, -5.82076609E-04) ( -4.09781933E-03, -2.21654773E-03) (  0.00000000    ,  0.00000000    )
   0.00000000       1.00000000       0.00000000     (  3.77185643E-03, -3.52971256E-03) (  0.00000000    ,  0.00000000    ) (  1.53109431E-02, -1.18743628E-03)
   0.00000000       1.00000000       1.00000000     (  1.41095370E-03,  1.12224370E-03) (  3.96743417E-03, -1.20140612E-03) ( -3.96743417E-03,  1.20140612E-03)
   0.00000000       1.00000000       2.00000000     (  2.10478902E-03, -2.29105353E-03) ( -3.56230885E-04,  1.21071935E-03) (  1.78115442E-04, -6.05359674E-04)
   0.00000000       2.00000000       0.00000000     (  1.58324838E-03,  1.78813934E-03) (  0.00000000    ,  0.00000000    ) ( -7.74161890E-05,  1.18277967E-03)
   0.00000000       2.00000000       1.00000000     ( -1.93249434E-04, -2.04890966E-03) ( -1.83936208E-04,  4.74974513E-04) (  3.67872417E-04, -9.49949026E-04)
   0.00000000      -2.00000000       0.00000000     (  1.58324838E-03, -1.78813934E-03) (  0.00000000    ,  0.00000000    ) ( -7.74161890E-05, -1.18277967E-03)
   0.00000000      -2.00000000       1.00000000     ( -1.03376806E-03,  1.25728548E-03) ( -8.19563866E-04, -3.72529030E-04) ( -1.63912773E-03, -7.45058060E-04)
   0.00000000      -1.00000000       0.00000000     (  3.77185643E-03,  3.52971256E-03) (  0.00000000    ,  0.00000000    ) (  1.53109431E-02,  1.18743628E-03)
   0.00000000      -1.00000000       1.00000000     ( -6.72414899E-03, -1.58697367E-02) ( -7.63684511E-03,  4.84287739E-03) ( -7.63684511E-03,  4.84287739E-03)
   0.00000000      -1.00000000       2.00000000     (  1.51339918E-04, -1.39698386E-03) (  1.38767064E-03,  2.74740160E-04) (  6.93835318E-04,  1.37370080E-04)
   1.00000000       0.00000000       0.00000000     (  0.00000000    ,  0.00000000    ) ( -2.76416540E-02,  1.32992864E-02) (  1.47894025E-02, -4.02331352E-03)
   1.00000000       0.00000000       1.00000000     ( -2.03028321E-03, -8.38190317E-04) ( -4.41446900E-03, -1.28149986E-02) (  2.03028321E-03,  8.38190317E-04)
   1.00000000       0.00000000       2.00000000     ( -1.99303031E-03, -1.28522515E-03) (  3.28291208E-04,  8.84756446E-04) (  9.96515155E-04,  6.42612576E-04)
   1.00000000       1.00000000       0.00000000     (  3.11061740E-03,  2.41212547E-03) ( -3.11061740E-03, -2.41212547E-03) (  3.55765224E-03,  1.05798244E-02)
   1.00000000       1.00000000       1.00000000     ( -4.77302819E-05,  2.58442014E-04) ( -1.17346644E-03,  1.25728548E-03) (  1.22003257E-03, -1.52736902E-03)
   1.00000000       1.00000000       2.00000000     ( -2.08616257E-03,  2.65426934E-04) (  1.36904418E-03,  1.47148967E-03) (  3.58559191E-04, -8.66129994E-04)
   1.00000000       2.00000000       0.00000000     (  1.00117177E-04,  1.78813934E-03) ( -5.00585884E-05, -8.94069672E-04) ( -1.30385160E-03,  3.56230885E-04)
   1.00000000       2.00000000       1.00000000     (  1.18277967E-03,  1.02445483E-03) ( -4.93600965E-04, -3.51574272E-04) ( -1.97906047E-04, -3.21306288E-04)
   1.00000000      -2.00000000       0.00000000     (  6.89178705E-04,  7.21774995E-04) (  3.44589353E-04,  3.60887498E-04) ( -1.19209290E-03, -3.14321369E-04)
   1.00000000      -2.00000000       1.00000000     ( -1.33179128E-03,  2.18860805E-04) ( -5.02914190E-04,  4.84287739E-04) (  3.25962901E-04,  7.45058060E-04)
   1.00000000      -1.00000000       0.00000000     (  2.78465450E-03, -1.06636435E-03) (  2.78465450E-03, -1.06636435E-03) ( -5.43892384E-03,  1.69128180E-02)
   1.00000000      -1.00000000       1.00000000     (  2.34693289E-03,  1.82539225E-03) ( -1.23400241E-04, -2.86847353E-03) ( -2.45869160E-03, -4.69386578E-03)
   1.00000000      -1.00000000       2.00000000     ( -2.29105353E-03, -5.58793545E-04) (  6.47269189E-04,  2.93366611E-04) (  1.47148967E-03,  4.28408384E-04)
   2.00000000       0.00000000       0.00000000     (  0.00000000    ,  0.00000000    ) ( -3.86498868E-04,  2.34693289E-03) ( -8.66129994E-04, -9.87201929E-04)
   2.00000000       0.00000000       1.00000000     ( -3.37604433E-04,  2.93366611E-04) ( -1.35973096E-03, -6.14672899E-04) (  6.75208867E-04, -5.86733222E-04)
   2.00000000       1.00000000       0.00000000     ( -1.55996531E-04, -2.51457095E-04) (  3.11993062E-04,  5.02914190E-04) (  4.19095159E-04,  7.03148544E-04)
   2.00000000       1.00000000       1.00000000     ( -2.00234354E-04,  2.99769454E-05) ( -7.72997737E-04,  7.03148544E-04) (  1.17346644E-03, -7.63684511E-04)
   2.00000000      -1.00000000       0.00000000     ( -1.14552677E-03, -8.28877091E-04) ( -2.29105353E-03, -1.65775418E-03) (  1.03376806E-03,  1.73225999E-03)
   2.00000000      -1.00000000       1.00000000     (  3.91155481E-04, -1.43423676E-03) ( -5.77419996E-04, -1.55996531E-04) ( -1.35973096E-03,  2.70083547E-03)
