    0.000000        0.000000       -2.000000      (8.1025064E-03,1.9185245E-03)
   (5.9045851E-03,-4.0326267E-03)  (0.000000,0.000000)
    0.000000        0.000000       -1.000000      
 (2.2053719E-02,-1.2032688E-02)  (-6.6868961E-03,1.8030405E-02)  
 (0.000000,0.000000)
    0.000000        1.000000       -2.000000      
 (-1.2740493E-02,-3.0267984E-03)  (-1.7089769E-03,-3.6321580E-03)  
 (-8.5448846E-04,-1.8160790E-03)
    0.000000        1.000000       -1.000000      (6.5565109E-03,7.8231096E-03)
   (-2.4121255E-03,4.0046871E-03)  (-2.4121255E-03,4.0046871E-03)
    0.000000        2.000000       -1.000000      
 (-1.3075769E-02,1.0877848E-02)  (-4.1630119E-03,-1.1222437E-03)  
 (-8.3260238E-03,-2.2444874E-03)
    0.000000       -2.000000       -1.000000      (1.1436641E-02,3.2875687E-03)
   (-8.5274223E-05,2.3189932E-03)  (1.7054845E-04,-4.6379864E-03)
    0.000000       -1.000000       -2.000000      
 (-8.3260238E-03,2.5518239E-03)  (-6.9662929E-03,5.1339157E-04)  
 (3.4831464E-03,-2.5669578E-04)
    0.000000       -1.000000       -1.000000      
 (4.0791929E-03,-8.5914508E-04)  (6.8359077E-03,5.2712858E-03)  
 (-6.8359077E-03,-5.2712858E-03)
    1.000000        0.000000       -2.000000      (8.2328916E-03,3.5483390E-03)
   (-2.5052577E-03,6.5751374E-03)  (4.1164458E-03,1.7741695E-03)
    1.000000        0.000000       -1.000000      
 (4.0605664E-03,-3.5739504E-04)  (8.6799264E-03,-3.1478703E-03)  
 (4.0605664E-03,-3.5739504E-04)
    1.000000        1.000000       -2.000000      
 (-3.0081719E-03,-1.8067658E-03)  (-5.4365955E-04,-1.3746321E-02)  
 (-1.7741695E-03,-7.7858567E-03)
    1.000000        1.000000       -1.000000      
 (-8.4564090E-03,-3.5669655E-03)  (2.7660280E-03,-9.5227733E-04)  
 (-5.6996942E-03,-4.5262277E-03)
    1.000000        2.000000       -1.000000      
 (-9.9651515E-03,-2.3096800E-03)  (1.9511208E-03,2.7846545E-03)  
 (-6.0722232E-03,3.2596290E-03)
    1.000000       -2.000000       -1.000000      
 (-7.7765435E-04,-6.2212348E-03)  (-1.4714897E-03,-2.9988587E-03)  
 (2.1606684E-03,-2.2177119E-04)
    1.000000       -1.000000       -2.000000      (4.9918890E-03,1.8021092E-03)
   (-4.0605664E-03,2.4633482E-03)  (4.5262277E-03,-3.3178367E-04)
    1.000000       -1.000000       -1.000000      
 (-9.8533928E-03,3.4365803E-03)  (-7.8789890E-03,7.4738637E-04)  
 (-1.9744039E-03,2.6915222E-03)
    2.000000        0.000000       -1.000000      (5.4948032E-04,4.7497451E-03)
   (3.2596290E-03,7.5809658E-03)  (1.0989606E-03,9.4994903E-03)
    2.000000        1.000000       -1.000000      
 (-2.2584572E-04,-7.9162419E-04)  (4.3399632E-03,-6.5192580E-03)  
 (3.8929284E-03,-8.1025064E-03)
    2.000000       -1.000000       -1.000000      
 (-1.9138679E-03,1.4854595E-03)  (4.8312359E-04,5.7742000E-03)  
 (-4.3120235E-03,-2.8032809E-03)
