    0.000000        0.000000       -2.000000      (2.8219074E-03,3.8882717E-04)
   (3.5576522E-03,-3.1292439E-03)  (0.000000,0.000000)
    0.000000        0.000000       -1.000000      
 (2.2053719E-02,-1.2218952E-02)  (-1.3783574E-02,1.7434359E-02)  
 (0.000000,0.000000)
    0.000000        1.000000       -2.000000      
 (-8.2328916E-03,9.9185854E-04)  (-2.5331974E-03,2.9057264E-03)  
 (-1.2665987E-03,1.4528632E-03)
    0.000000        1.000000       -1.000000      (9.2014670E-03,3.9860606E-03)
   (-9.4994903E-04,5.9604645E-03)  (-9.4994903E-04,5.9604645E-03)
    0.000000        2.000000       -1.000000      
 (-6.3143671E-03,7.1153045E-03)  (-1.3457611E-03,1.5541445E-04)  
 (-2.6915222E-03,3.1082891E-04)
    0.000000       -2.000000       -1.000000      (2.7660280E-03,1.9092113E-03)
   (-9.2666596E-04,5.3551048E-04)  (1.8533319E-03,-1.0710210E-03)
    0.000000       -1.000000       -2.000000      
 (-5.3830445E-03,1.0896474E-03)  (-1.0151416E-03,2.4028122E-03)  
 (5.0757080E-04,-1.2014061E-03)
    0.000000       -1.000000       -1.000000      
 (6.1281025E-03,-8.0093741E-03)  (4.9360096E-03,4.1909516E-03)  
 (-4.9360096E-03,-4.1909516E-03)
    1.000000        0.000000       -2.000000      (4.8987567E-03,1.1641532E-03)
   (-3.9488077E-03,1.2200326E-03)  (2.4493784E-03,5.8207661E-04)
    1.000000        0.000000       -1.000000      
 (3.2689422E-03,-1.5785918E-03)  (4.8428774E-03,-7.4133277E-03)  
 (3.2689422E-03,-1.5785918E-03)
    1.000000        1.000000       -2.000000      
 (-2.7846545E-03,2.0954758E-03)  (-2.6635826E-03,-7.6368451E-03)  
 (-2.7194619E-03,-2.7660280E-03)
    1.000000        1.000000       -1.000000      
 (-5.3271651E-03,2.2351742E-03)  (2.3003668E-03,-1.4016405E-03)  
 (-3.0174851E-03,8.3353370E-04)
    1.000000        2.000000       -1.000000      
 (-3.9301813E-03,1.6251579E-03)  (1.9266736E-04,1.7555431E-03)  
 (-3.5576522E-03,5.1409006E-03)
    1.000000       -2.000000       -1.000000      
 (1.2852252E-03,-6.6589564E-04)  (-4.9185473E-05,-5.7974830E-04)  
 (1.3876706E-03,4.9127266E-04)
    1.000000       -1.000000       -2.000000      
 (2.2724271E-03,-1.1082739E-03)  (-3.7066638E-03,9.6857548E-04)  
 (2.9895455E-03,-1.0384247E-03)
    1.000000       -1.000000       -1.000000      
 (-6.1467290E-03,4.1536987E-03)  (-2.3096800E-03,-8.3819032E-05)  
 (-3.8370490E-03,4.2468309E-03)
    2.000000        0.000000       -1.000000      (2.3841858E-03,1.4062971E-03)
   (8.3819032E-03,4.3399632E-03)  (4.7683716E-03,2.8125942E-03)
    2.000000        1.000000       -1.000000      
 (-1.2479722E-03,-1.9650906E-03)  (1.0384247E-03,4.0396117E-04)  
 (-1.4575198E-03,-3.5390258E-03)
    2.000000       -1.000000       -1.000000      
 (-1.0011718E-03,1.4947727E-03)  (-5.2154064E-04,3.2037497E-03)  
 (-1.4808029E-03,-2.1362212E-04)
