   0.00000000       0.00000000      -2.00000000     (  2.71946192E-03,  4.93600965E-04) ( -3.27825546E-03,  1.71363354E-03) (  0.00000000    ,  0.00000000    )
   0.00000000       0.00000000      -1.00000000     (  4.13507223E-03,  1.18836761E-02) (  3.06963921E-02,  1.35041773E-03) (  0.00000000    ,  0.00000000    )
   0.00000000       1.00000000      -2.00000000     (  2.46800482E-04,  1.12690032E-03) (  1.20140612E-03, -1.79279596E-04) (  6.00703061E-04, -8.96397978E-05)
   0.00000000       1.00000000      -1.00000000     ( -6.79865479E-03,  1.69873238E-02) ( -8.00937414E-03, -4.76837158E-03) ( -8.00937414E-03, -4.76837158E-03)
   0.00000000       2.00000000      -1.00000000     ( -9.40635800E-04, -1.09896064E-03) ( -7.35744834E-04,  3.95812094E-04) ( -1.47148967E-03,  7.91624188E-04)
   0.00000000      -2.00000000      -1.00000000     ( -2.47382559E-05,  1.60187483E-03) ( -1.09430403E-04, -3.05008143E-04) (  2.18860805E-04,  6.10016286E-04)
   0.00000000      -1.00000000      -2.00000000     (  1.67638063E-03,  1.88127160E-03) ( -2.74740160E-04, -9.68575478E-04) (  1.37370080E-04,  4.84287739E-04)
   0.00000000      -1.00000000      -1.00000000     (  2.07684934E-03, -1.55996531E-03) (  3.94880772E-03,  1.20606273E-03) ( -3.94880772E-03, -1.20606273E-03)
   1.00000000       0.00000000      -2.00000000     ( -8.66129994E-04, -3.44589353E-04) (  1.08033419E-03,  2.75671482E-03) ( -4.33064997E-04, -1.72294676E-04)
   1.00000000       0.00000000      -1.00000000     (  1.05798244E-02, -5.64381480E-03) ( -5.68106771E-03,  2.56299973E-02) (  1.05798244E-02, -5.64381480E-03)
   1.00000000       1.00000000      -2.00000000     (  9.40635800E-04,  1.15483999E-03) ( -2.23517418E-03,  4.07453626E-05) ( -6.42612576E-04,  5.96046448E-04)
   1.00000000       1.00000000      -1.00000000     ( -1.02445483E-03,  4.13507223E-03) ( -1.16415322E-03, -2.53319740E-03) ( -2.19792128E-03,  1.58324838E-03)
   1.00000000       2.00000000      -1.00000000     (  8.47503543E-04, -2.39815563E-04) ( -7.35744834E-04, -2.44472176E-04) ( -6.19329512E-04, -7.26431608E-04)
   1.00000000      -2.00000000      -1.00000000     ( -2.72411853E-04, -7.63684511E-04) (  2.93948688E-05, -2.65426934E-04) ( -3.30619514E-04, -2.35158950E-04)
   1.00000000      -1.00000000      -2.00000000     ( -8.84756446E-05, -1.26659870E-03) ( -6.61239028E-04,  1.19209290E-03) (  2.86381692E-04, -1.22934580E-03)
   1.00000000      -1.00000000      -1.00000000     ( -1.14960130E-05,  3.72529030E-04) ( -3.00351530E-04, -4.88944352E-04) (  2.88709998E-04,  8.66129994E-04)
   2.00000000       0.00000000      -1.00000000     ( -8.28877091E-04,  1.28056854E-04) (  1.72294676E-04, -1.14552677E-03) ( -1.65775418E-03,  2.56113708E-04)
   2.00000000       1.00000000      -1.00000000     ( -1.01863407E-05, -3.39932740E-04) ( -1.26659870E-03,  2.30502337E-04) ( -1.28522515E-03, -4.42378223E-04)
   2.00000000      -1.00000000      -1.00000000     (  6.98491931E-04, -3.75439413E-05) (  4.05125320E-04,  8.84756446E-04) (  9.96515155E-04, -9.59262252E-04)
