   0.00000000       0.00000000      -2.00000000     (  2.01165676E-03,  3.31550837E-03) ( -2.23517418E-03,  1.05937943E-04) (  0.00000000    ,  0.00000000    )
   0.00000000       0.00000000      -1.00000000     (  2.70456076E-02, -1.11013651E-02) (  1.40070915E-02,  3.23355198E-02) (  0.00000000    ,  0.00000000    )
   0.00000000       1.00000000      -2.00000000     (  2.67755240E-04,  1.54599547E-03) (  6.10016286E-04,  1.67638063E-03) (  3.05008143E-04,  8.38190317E-04)
   0.00000000       1.00000000      -1.00000000     (  1.59442425E-02,  1.97440386E-02) (  7.10133463E-04,  1.07334927E-03) (  7.10133463E-04,  1.07334927E-03)
   0.00000000       2.00000000      -1.00000000     ( -6.37024641E-03, -1.73225999E-03) ( -1.19209290E-03, -9.08039510E-04) ( -2.38418579E-03, -1.81607902E-03)
   0.00000000      -2.00000000      -1.00000000     (  1.28522515E-03, -3.16649675E-03) ( -1.25728548E-03,  6.93835318E-04) (  2.51457095E-03, -1.38767064E-03)
   0.00000000      -1.00000000      -2.00000000     ( -3.66941094E-03, -1.23865902E-03) ( -1.17346644E-03, -1.12922862E-04) (  5.86733222E-04,  5.64614311E-05)
   0.00000000      -1.00000000      -1.00000000     (  5.86733222E-03,  4.47966158E-03) (  2.73808837E-03,  1.06170774E-02) ( -2.73808837E-03, -1.06170774E-02)
   1.00000000       0.00000000      -2.00000000     ( -1.23865902E-03,  2.81259418E-03) ( -2.44006515E-03,  3.70666385E-03) ( -6.19329512E-04,  1.40629709E-03)
   1.00000000       0.00000000      -1.00000000     (  5.12227416E-03, -1.63345248E-05) (  4.31900844E-04, -2.71014869E-03) (  5.12227416E-03, -1.63345248E-05)
   1.00000000       1.00000000      -2.00000000     ( -2.98023224E-03,  9.26665962E-04) (  2.47731805E-03, -3.01748514E-03) ( -2.51457095E-04, -1.04308128E-03)
   1.00000000       1.00000000      -1.00000000     ( -3.52039933E-03, -1.29453838E-03) (  3.09199095E-03,  6.47269189E-04) ( -4.19095159E-04, -6.51925802E-04)
   1.00000000       2.00000000      -1.00000000     ( -6.65895641E-04,  1.02445483E-03) ( -3.98140401E-04,  1.27591193E-03) ( -1.46217644E-03,  3.57627869E-03)
   1.00000000      -2.00000000      -1.00000000     (  1.64145604E-04, -4.70317900E-04) (  1.07102096E-03,  3.09664756E-04) ( -1.97440386E-03, -1.08964741E-03)
   1.00000000      -1.00000000      -2.00000000     ( -8.61473382E-04, -2.01165676E-03) ( -4.58676368E-04, -1.47148967E-03) ( -2.01398507E-04, -2.74740160E-04)
   1.00000000      -1.00000000      -1.00000000     ( -1.04308128E-03,  4.21423465E-04) ( -2.30967999E-03,  4.19095159E-04) (  1.26659870E-03,  2.92857294E-06)
   2.00000000       0.00000000      -1.00000000     ( -9.82545316E-04, -6.10016286E-04) ( -2.58907676E-03,  4.07453626E-04) ( -1.96509063E-03, -1.22003257E-03)
   2.00000000       1.00000000      -1.00000000     ( -2.60770321E-04,  1.12340786E-04) (  7.82310963E-04, -9.63918865E-04) (  2.58442014E-04, -7.40401447E-04)
   2.00000000      -1.00000000      -1.00000000     ( -1.37370080E-04, -5.44823706E-04) (  2.88709998E-04, -2.86847353E-03) ( -5.63450158E-04,  1.77882612E-03)
