   0.00000000       0.00000000       1.00000000     (  2.78651714E-02,  9.85339284E-03) (  2.04518437E-02, -3.42726707E-02) (  0.00000000    ,  0.00000000    )
   0.00000000       0.00000000       2.00000000     (  7.91624188E-04, -2.44006515E-03) ( -1.84401870E-03, -5.02914190E-04) (  0.00000000    ,  0.00000000    )
   0.00000000       1.00000000       0.00000000     ( -1.58324838E-02,  3.70666385E-03) (  0.00000000    ,  0.00000000    ) (  3.17580998E-03,  8.73580575E-03)
   0.00000000       1.00000000       1.00000000     (  7.50645995E-03, -1.35973096E-03) (  6.91507012E-04, -1.10641122E-02) ( -6.91507012E-04,  1.10641122E-02)
   0.00000000       1.00000000       2.00000000     ( -2.47731805E-03,  9.03382897E-04) ( -5.63450158E-04,  2.23517418E-04) (  2.81725079E-04, -1.11758709E-04)
   0.00000000       2.00000000       0.00000000     ( -1.39698386E-03,  1.73167791E-05) (  0.00000000    ,  0.00000000    ) ( -1.54599547E-03,  1.41561031E-03)
   0.00000000       2.00000000       1.00000000     (  9.68575478E-04,  1.91852450E-03) ( -7.91624188E-04, -2.42143869E-04) (  1.58324838E-03,  4.84287739E-04)
   0.00000000      -2.00000000       0.00000000     ( -1.39698386E-03, -1.73167791E-05) (  0.00000000    ,  0.00000000    ) ( -1.54599547E-03, -1.41561031E-03)
   0.00000000      -2.00000000       1.00000000     ( -4.39584255E-03,  9.96515155E-04) ( -9.03382897E-04,  6.51925802E-04) ( -1.80676579E-03,  1.30385160E-03)
   0.00000000      -1.00000000       0.00000000     ( -1.58324838E-02, -3.70666385E-03) (  0.00000000    ,  0.00000000    ) (  3.17580998E-03, -8.73580575E-03)
   0.00000000      -1.00000000       1.00000000     (  1.41933560E-02, -2.30967999E-02) (  9.54605639E-04,  3.37604433E-04) (  9.54605639E-04,  3.37604433E-04)
   0.00000000      -1.00000000       2.00000000     ( -1.35041773E-04, -7.54371285E-04) (  5.49480319E-04, -1.25728548E-03) (  2.74740160E-04, -6.28642738E-04)
   1.00000000       0.00000000       0.00000000     (  0.00000000    ,  0.00000000    ) ( -1.34482980E-02,  1.09523535E-02) (  3.39001417E-02,  2.80886889E-02)
   1.00000000       0.00000000       1.00000000     (  5.28059900E-03, -2.80328095E-03) ( -3.54647636E-02,  1.17719173E-02) ( -5.28059900E-03,  2.80328095E-03)
   1.00000000       0.00000000       2.00000000     (  6.98491931E-04,  1.30385160E-03) (  3.09199095E-03,  1.54599547E-03) ( -3.49245965E-04, -6.51925802E-04)
   1.00000000       1.00000000       0.00000000     (  6.51925802E-03,  7.07805157E-03) ( -6.51925802E-03, -7.07805157E-03) ( -1.01514161E-02,  9.94652510E-03)
   1.00000000       1.00000000       1.00000000     ( -1.97906047E-04, -1.39698386E-03) ( -5.63450158E-04,  2.30502337E-04) (  7.63684511E-04,  1.17346644E-03)
   1.00000000       1.00000000       2.00000000     ( -1.83936208E-04, -4.37721610E-04) ( -1.03376806E-03,  2.56113708E-04) (  6.05359674E-04,  9.19681042E-05)
   1.00000000       2.00000000       0.00000000     ( -9.77888703E-04,  2.10478902E-03) (  4.88944352E-04, -1.05239451E-03) (  6.89178705E-04, -4.88944352E-04)
   1.00000000       2.00000000       1.00000000     (  2.27242708E-03,  2.67755240E-05) ( -2.04890966E-03, -6.05359674E-04) (  1.80676579E-03,  1.18277967E-03)
   1.00000000      -2.00000000       0.00000000     ( -8.14907253E-06, -1.35973096E-03) ( -4.07453626E-06, -6.79865479E-04) ( -1.14552677E-03,  2.32830644E-04)
   1.00000000      -2.00000000       1.00000000     ( -2.35158950E-04,  1.91852450E-03) ( -4.23751771E-04,  1.65775418E-03) ( -6.19329512E-04,  1.39698386E-03)
   1.00000000      -1.00000000       0.00000000     ( -4.03262675E-03, -1.63167715E-02) ( -4.03262675E-03, -1.63167715E-02) ( -1.07474625E-02,  1.21071935E-02)
   1.00000000      -1.00000000       1.00000000     (  8.10250640E-04,  5.58793545E-04) ( -1.34110451E-03, -1.50874257E-03) ( -2.14204192E-03, -2.06753612E-03)
   1.00000000      -1.00000000       2.00000000     ( -3.84170562E-05,  1.25728548E-03) (  2.77068466E-04,  8.10250640E-04) (  1.58324838E-04, -2.25845724E-04)
   2.00000000       0.00000000       0.00000000     (  0.00000000    ,  0.00000000    ) (  2.44006515E-03,  4.84287739E-04) ( -1.56462193E-03,  1.32713467E-04)
   2.00000000       0.00000000       1.00000000     (  2.93366611E-04, -9.68575478E-04) (  2.98023224E-04,  1.45286322E-03) ( -5.86733222E-04,  1.93715096E-03)
   2.00000000       1.00000000       0.00000000     ( -1.08964741E-03,  1.46683306E-04) (  2.17929482E-03, -2.93366611E-04) (  7.10133463E-05, -2.06753612E-03)
   2.00000000       1.00000000       1.00000000     ( -3.30619514E-04,  5.07570803E-04) (  8.38190317E-04, -1.76951289E-03) ( -1.76951289E-04,  7.54371285E-04)
   2.00000000      -1.00000000       0.00000000     (  1.84809323E-05,  9.68575478E-04) (  3.69618647E-05,  1.93715096E-03) ( -1.30385160E-04,  1.06170774E-03)
   2.00000000      -1.00000000       1.00000000     ( -1.35973096E-03,  9.42964107E-05) ( -1.45286322E-03, -1.16415322E-05) (  1.26659870E-03, -2.00234354E-04)
