   0.00000000       0.00000000       1.00000000     (  1.40070915E-02, -8.84756446E-03) (  4.23192978E-02, -1.33737922E-02) (  0.00000000    ,  0.00000000    )
   0.00000000       0.00000000       2.00000000     ( -5.58793545E-05,  3.72529030E-05) (  5.58793545E-05,  2.18278728E-07) (  0.00000000    ,  0.00000000    )
   0.00000000       1.00000000       0.00000000     ( -3.30619514E-03, -4.34927642E-03) (  0.00000000    ,  0.00000000    ) (  1.33737922E-02,  9.22009349E-03)
   0.00000000       1.00000000       1.00000000     (  9.16421413E-03,  8.56816769E-03) (  7.96280801E-04, -1.49477273E-03) ( -7.96280801E-04,  1.49477273E-03)
   0.00000000       1.00000000       2.00000000     ( -1.39698386E-05,  2.79396772E-05) (  1.86264515E-05, -1.39698386E-05) ( -9.31322575E-06,  6.98491931E-06)
   0.00000000       2.00000000       0.00000000     ( -2.79396772E-05, -2.79396772E-05) (  0.00000000    ,  0.00000000    ) (  3.72529030E-05, -9.31322575E-06)
   0.00000000       2.00000000       1.00000000     ( -5.58793545E-05,  1.39698386E-05) (  1.39698386E-05,  9.31322575E-06) ( -2.79396772E-05, -1.86264515E-05)
   0.00000000      -2.00000000       0.00000000     ( -2.79396772E-05,  2.79396772E-05) (  0.00000000    ,  0.00000000    ) (  3.72529030E-05,  9.31322575E-06)
   0.00000000      -2.00000000       1.00000000     (  1.86264515E-05,  6.98491931E-06) (  1.86264515E-05,  2.79396772E-05) (  3.72529030E-05,  5.58793545E-05)
   0.00000000      -1.00000000       0.00000000     ( -3.30619514E-03,  4.34927642E-03) (  0.00000000    ,  0.00000000    ) (  1.33737922E-02, -9.22009349E-03)
   0.00000000      -1.00000000       1.00000000     ( -6.27711415E-03, -2.93552876E-02) ( -9.38773155E-03,  3.11061740E-03) ( -9.38773155E-03,  3.11061740E-03)
   0.00000000      -1.00000000       2.00000000     ( -3.72529030E-05,  9.31322575E-06) ( -1.39698386E-05,  1.39698386E-05) ( -6.98491931E-06,  6.98491931E-06)
   1.00000000       0.00000000       0.00000000     (  0.00000000    ,  0.00000000    ) ( -3.00258398E-02,  2.28732824E-02) (  2.00048089E-02,  2.77534127E-03)
   1.00000000       0.00000000       1.00000000     ( -3.89292836E-03,  6.30971044E-04) ( -1.82166696E-02, -1.73225999E-02) (  3.89292836E-03, -6.30971044E-04)
   1.00000000       0.00000000       2.00000000     (  5.58793545E-05,  1.86264515E-05) ( -2.79396772E-05, -1.86264515E-05) ( -2.79396772E-05, -9.31322575E-06)
   1.00000000       1.00000000       0.00000000     (  1.83004886E-03,  4.69386578E-03) ( -1.83004886E-03, -4.69386578E-03) ( -5.94183803E-03,  1.19954348E-02)
   1.00000000       1.00000000       1.00000000     ( -1.86264515E-05, -2.79396772E-05) (  7.45058060E-05,  1.74622983E-06) ( -5.58793545E-05,  1.86264515E-05)
   1.00000000       1.00000000       2.00000000     (  7.45058060E-05, -1.39698386E-05) ( -2.79396772E-05, -3.72529030E-05) ( -2.79396772E-05,  2.79396772E-05)
   1.00000000       2.00000000       0.00000000     ( -2.32830644E-06, -6.98491931E-06) (  1.16415322E-06,  3.49245965E-06) (  3.72529030E-05, -9.31322575E-06)
   1.00000000       2.00000000       1.00000000     (  9.31322575E-06, -9.31322575E-06) (  1.86264515E-05, -4.65661287E-06) ( -5.58793545E-05,  1.86264515E-05)
   1.00000000      -2.00000000       0.00000000     (  1.39698386E-05, -1.86264515E-05) (  6.98491931E-06, -9.31322575E-06) (  1.86264515E-05,  5.58793545E-05)
   1.00000000      -2.00000000       1.00000000     (  3.72529030E-05,  2.79396772E-05) (  6.98491931E-06,  1.39698386E-05) ( -2.79396772E-05,  1.74622983E-06)
   1.00000000      -1.00000000       0.00000000     (  5.04078344E-04, -5.38304448E-03) (  5.04078344E-04, -5.38304448E-03) ( -8.94069672E-03,  3.42726707E-02)
   1.00000000      -1.00000000       1.00000000     ( -1.11758709E-04, -3.72529030E-05) ( -5.82076609E-07,  7.45058060E-05) (  1.11758709E-04,  1.11758709E-04)
   1.00000000      -1.00000000       2.00000000     (  3.72529030E-05, -3.49245965E-06) (  2.79396772E-05, -3.72529030E-05) ( -6.98491931E-06, -1.39698386E-05)
   2.00000000       0.00000000       0.00000000     (  0.00000000    ,  0.00000000    ) ( -2.79396772E-05, -7.45058060E-05) (  2.79396772E-05, -6.98491931E-06)
   2.00000000       0.00000000       1.00000000     (  6.98491931E-06, -8.73114914E-07) ( -6.98491931E-06, -1.86264515E-05) ( -1.39698386E-05,  1.74622983E-06)
   2.00000000       1.00000000       0.00000000     ( -1.39698386E-05, -9.31322575E-06) (  2.79396772E-05,  1.86264515E-05) (  1.74622983E-06, -3.72529030E-05)
   2.00000000       1.00000000       1.00000000     ( -3.49245965E-06,  9.31322575E-06) (  3.72529030E-05, -1.39698386E-05) ( -2.79396772E-05, -4.65661287E-06)
   2.00000000      -1.00000000       0.00000000     (  1.39698386E-05,  4.65661287E-06) (  2.79396772E-05,  9.31322575E-06) (  1.86264515E-05,  6.98491931E-06)
   2.00000000      -1.00000000       1.00000000     (  9.31322575E-06,  2.79396772E-05) (  2.79396772E-05,  2.79396772E-05) (  6.98491931E-06, -3.72529030E-05)
