   0.00000000       0.00000000       1.00000000     (  1.56089664E-02, -5.96046448E-03) (  4.06801701E-02, -1.61305070E-02) (  0.00000000    ,  0.00000000    )
   0.00000000       0.00000000       2.00000000     ( -2.04890966E-04,  1.86264515E-04) (  2.23517418E-04, -2.32830644E-05) (  0.00000000    ,  0.00000000    )
   0.00000000       1.00000000       0.00000000     ( -6.16535544E-03, -3.75322998E-03) (  0.00000000    ,  0.00000000    ) (  1.11758709E-02,  1.16229057E-02)
   0.00000000       1.00000000       1.00000000     (  9.12696123E-03,  1.00955367E-02) ( -5.34346327E-04, -1.83004886E-03) (  5.34346327E-04,  1.83004886E-03)
   0.00000000       1.00000000       2.00000000     (  4.07453626E-06,  9.31322575E-05) (  8.38190317E-05, -5.12227416E-05) ( -4.19095159E-05,  2.56113708E-05)
   0.00000000       2.00000000       0.00000000     ( -6.51925802E-05, -1.86264515E-04) (  0.00000000    ,  0.00000000    ) (  2.60770321E-04, -6.51925802E-05)
   0.00000000       2.00000000       1.00000000     ( -2.79396772E-04,  6.05359674E-05) (  7.45058060E-05,  2.79396772E-05) ( -1.49011612E-04, -5.58793545E-05)
   0.00000000      -2.00000000       0.00000000     ( -6.51925802E-05,  1.86264515E-04) (  0.00000000    ,  0.00000000    ) (  2.60770321E-04,  6.51925802E-05)
   0.00000000      -2.00000000       1.00000000     (  6.98491931E-05,  4.19095159E-05) (  3.72529030E-05,  1.11758709E-04) (  7.45058060E-05,  2.23517418E-04)
   0.00000000      -1.00000000       0.00000000     ( -6.16535544E-03,  3.75322998E-03) (  0.00000000    ,  0.00000000    ) (  1.11758709E-02, -1.16229057E-02)
   0.00000000      -1.00000000       1.00000000     ( -5.19677997E-03, -3.05473804E-02) ( -8.38190317E-03,  2.44937837E-03) ( -8.38190317E-03,  2.44937837E-03)
   0.00000000      -1.00000000       2.00000000     ( -1.49011612E-04,  1.16415322E-05) ( -2.32830644E-05,  6.51925802E-05) ( -1.16415322E-05,  3.25962901E-05)
   1.00000000       0.00000000       0.00000000     (  0.00000000    ,  0.00000000    ) ( -2.62260437E-02,  2.15321779E-02) (  2.13086605E-02,  5.81145287E-03)
   1.00000000       0.00000000       1.00000000     ( -3.92086804E-03,  3.48081812E-04) ( -2.07871199E-02, -1.49011612E-02) (  3.92086804E-03, -3.48081812E-04)
   1.00000000       0.00000000       2.00000000     (  1.86264515E-04,  2.56113708E-05) ( -1.21071935E-04, -1.02445483E-04) ( -9.31322575E-05, -1.28056854E-05)
   1.00000000       1.00000000       0.00000000     (  6.56582415E-04,  3.76254320E-03) ( -6.56582415E-04, -3.76254320E-03) ( -7.91624188E-03,  1.19581819E-02)
   1.00000000       1.00000000       1.00000000     ( -6.98491931E-05, -5.58793545E-05) (  2.98023224E-04,  1.74622983E-05) ( -2.23517418E-04,  3.72529030E-05)
   1.00000000       1.00000000       2.00000000     (  3.72529030E-04, -4.19095159E-05) ( -8.38190317E-05, -1.67638063E-04) ( -1.49011612E-04,  1.02445483E-04)
   1.00000000       2.00000000       0.00000000     ( -9.31322575E-05,  2.79396772E-05) (  4.65661287E-05, -1.39698386E-05) (  1.30385160E-04, -1.11758709E-04)
   1.00000000       2.00000000       1.00000000     (  2.32830644E-05, -3.72529030E-05) (  8.38190317E-05, -3.49245965E-05) ( -1.86264515E-04,  1.11758709E-04)
   1.00000000      -2.00000000       0.00000000     (  1.11758709E-04, -3.49245965E-05) (  5.58793545E-05, -1.74622983E-05) (  1.11758709E-04,  2.04890966E-04)
   1.00000000      -2.00000000       1.00000000     (  1.67638063E-04,  1.11758709E-04) (  3.02679837E-05,  7.45058060E-05) ( -1.02445483E-04,  3.72529030E-05)
   1.00000000      -1.00000000       0.00000000     (  1.50612323E-05, -5.99771738E-03) (  1.50612323E-05, -5.99771738E-03) ( -9.59262252E-03,  3.30060720E-02)
   1.00000000      -1.00000000       1.00000000     ( -3.72529030E-04, -1.39698386E-04) (  1.74622983E-05,  2.98023224E-04) (  3.72529030E-04,  4.47034836E-04)
   1.00000000      -1.00000000       2.00000000     (  1.86264515E-04, -6.98491931E-05) (  1.49011612E-04, -1.30385160E-04) ( -1.74622983E-05, -3.25962901E-05)
   2.00000000       0.00000000       0.00000000     (  0.00000000    ,  0.00000000    ) ( -1.11758709E-04, -2.98023224E-04) (  1.02445483E-04, -9.31322575E-05)
   2.00000000       0.00000000       1.00000000     (  1.28056854E-05,  1.51339918E-05) ( -6.51925802E-05, -1.30385160E-04) ( -2.56113708E-05, -3.02679837E-05)
   2.00000000       1.00000000       0.00000000     ( -7.45058060E-05, -7.45058060E-05) (  1.49011612E-04,  1.49011612E-04) (  8.38190317E-05, -2.04890966E-04)
   2.00000000       1.00000000       1.00000000     ( -4.19095159E-05,  3.02679837E-05) (  1.39698386E-04, -1.04773790E-05) ( -5.58793545E-05, -5.12227416E-05)
   2.00000000      -1.00000000       0.00000000     (  4.65661287E-05, -1.74622983E-06) (  9.31322575E-05, -3.49245965E-06) (  1.11758709E-04,  3.72529030E-05)
   2.00000000      -1.00000000       1.00000000     (  5.58793545E-05,  8.38190317E-05) (  1.67638063E-04,  9.31322575E-05) (  5.58793545E-05, -7.45058060E-05)
