    0.000000        0.000000        1.000000      (2.1532178E-02,1.1809170E-02)
   (-7.9721212E-03,-1.7061830E-02)  (0.000000,0.000000)
    0.000000        0.000000        2.000000      
 (7.3760748E-03,-1.6717240E-03)  (6.0535967E-03,4.5355409E-03)  
 (0.000000,0.000000)
    0.000000        1.000000        0.000000      (1.0384247E-03,9.1269612E-03)
   (0.000000,0.000000)  (3.4831464E-03,-2.6356429E-03)
    0.000000        1.000000        1.000000      (4.2095780E-03,2.0023435E-03)
   (6.4261258E-03,-4.8801303E-03)  (-6.4261258E-03,4.8801303E-03)
    0.000000        1.000000        2.000000      
 (-8.1956387E-03,-2.5471672E-03)  (-5.7742000E-03,-1.0337681E-03)  
 (2.8871000E-03,5.1688403E-04)
    0.000000        2.000000        0.000000      
 (-3.0826777E-03,-1.4342368E-03)  (0.000000,0.000000)  
 (-1.2805685E-03,3.0361116E-03)
    0.000000        2.000000        1.000000      
 (1.0840595E-02,-3.1664968E-03)  (-1.9732397E-04,-2.0815060E-03)  
 (3.9464794E-04,4.1630119E-03)
    0.000000       -2.000000        0.000000      
 (-3.0826777E-03,1.4342368E-03)  (0.000000,0.000000)  
 (-1.2805685E-03,-3.0361116E-03)
    0.000000       -2.000000        1.000000      
 (-1.2889504E-02,-1.1287630E-02)  (-3.9860606E-03,1.1501834E-03)  
 (-7.9721212E-03,2.3003668E-03)
    0.000000       -1.000000        0.000000      
 (1.0384247E-03,-9.1269612E-03)  (0.000000,0.000000)  
 (3.4831464E-03,2.6356429E-03)
    0.000000       -1.000000        1.000000      
 (6.3888729E-03,-6.6310167E-03)  (-2.0954758E-03,-4.2840838E-03)  
 (-2.0954758E-03,-4.2840838E-03)
    0.000000       -1.000000        2.000000      
 (-1.3299286E-02,2.4260953E-03)  (-2.2491440E-03,2.1466985E-03)  
 (-1.1245720E-03,1.0733493E-03)
    1.000000        0.000000        0.000000      (0.000000,0.000000)  
 (-2.5331974E-02,4.9173832E-03)  (1.7881393E-02,1.7881393E-02)
    1.000000        0.000000        1.000000      
 (-1.7974526E-03,-3.5203993E-03)  (-1.9744039E-02,1.4677644E-02)  
 (1.7974526E-03,3.5203993E-03)
    1.000000        0.000000        2.000000      (7.8929588E-04,1.3574027E-03)
   (4.7869980E-03,1.0598451E-02)  (-3.9464794E-04,-6.7870133E-04)
    1.000000        1.000000        0.000000      
 (3.7252903E-03,-1.4621764E-03)  (-3.7252903E-03,1.4621764E-03)  
 (-2.8032809E-03,2.1699816E-03)
    1.000000        1.000000        1.000000      (5.3434633E-04,4.0326267E-03)
   (-1.9045547E-03,-2.8405339E-03)  (1.3667159E-03,-1.1990778E-03)
    1.000000        1.000000        2.000000      
 (-4.0046871E-03,7.5902790E-04)  (-5.9604645E-04,-5.5786222E-03)  
 (2.3003668E-03,2.4074689E-03)
    1.000000        2.000000        0.000000      (2.1047890E-03,2.3422763E-03)
   (-1.0523945E-03,-1.1711381E-03)  (3.8649887E-03,9.2387199E-03)
    1.000000        2.000000        1.000000      (3.9767474E-03,3.7252903E-03)
   (-1.8486753E-03,1.4581019E-04)  (-2.8347131E-04,-4.0140003E-03)
    1.000000       -2.000000        0.000000      (5.6461431E-04,7.5809658E-03)
   (2.8230716E-04,3.7904829E-03)  (-6.4447522E-03,-1.0780059E-03)
    1.000000       -2.000000        1.000000      
 (-1.9092113E-03,-4.1400199E-05)  (-1.3562385E-04,3.0791853E-04)  
 (1.6391277E-03,6.5774657E-04)
    1.000000       -1.000000        0.000000      
 (-1.9464642E-03,4.1793101E-04)  (-1.9464642E-03,4.1793101E-04)  
 (-5.3271651E-03,3.6880374E-03)
    1.000000       -1.000000        1.000000      (1.4230609E-02,9.1735274E-04)
   (4.8615038E-03,1.8952414E-03)  (-9.3691051E-03,9.7788870E-04)
    1.000000       -1.000000        2.000000      
 (-2.8777868E-03,3.2421667E-04)  (-5.9232116E-03,-4.1443855E-03)  
 (-1.5180558E-03,-2.2351742E-03)
    2.000000        0.000000        0.000000      (0.000000,0.000000)  
 (1.3373792E-02,-4.6566129E-03)  (-5.9721060E-04,1.9278377E-03)
    2.000000        0.000000        1.000000      
 (-3.5110861E-03,4.9266964E-03)  (4.7497451E-03,1.0505319E-02)  
 (7.0221722E-03,-9.8533928E-03)
    2.000000        1.000000        0.000000      
 (-1.8905848E-03,-2.5238842E-03)  (3.7811697E-03,5.0477684E-03)  
 (-7.2456896E-03,2.9709190E-03)
    2.000000        1.000000        1.000000      (3.4458935E-03,4.9546361E-03)
   (-5.1502138E-03,-1.3709068E-02)  (-1.7415732E-03,3.7811697E-03)
    2.000000       -1.000000        0.000000      
 (-2.3934990E-03,-3.2968819E-03)  (-4.7869980E-03,-6.5937638E-03)  
 (2.0442531E-03,4.2561442E-03)
    2.000000       -1.000000        1.000000      
 (-4.9266964E-03,2.3143366E-03)  (-4.4703484E-03,5.8487058E-03)  
 (5.3830445E-03,1.2270175E-03)
