   0.00000000       0.00000000      -2.00000000     (  7.89761543E-03,  1.89058483E-03) ( -1.14366412E-02,  6.20260835E-03) (  0.00000000    ,  0.00000000    )
   0.00000000       0.00000000      -1.00000000     (  8.66129994E-04,  1.08778477E-02) (  2.29477882E-02, -3.06405127E-03) (  0.00000000    ,  0.00000000    )
   0.00000000       1.00000000      -2.00000000     ( -1.54133886E-03,  3.35276127E-03) (  1.82539225E-03, -2.15135515E-03) (  9.12696123E-04, -1.07567757E-03)
   0.00000000       1.00000000      -1.00000000     ( -7.15255737E-03,  1.19954348E-02) ( -6.07222319E-03, -5.53205609E-03) ( -6.07222319E-03, -5.53205609E-03)
   0.00000000       2.00000000      -1.00000000     (  5.63450158E-04, -1.46683306E-03) ( -8.70786607E-04, -1.83936208E-04) ( -1.74157321E-03, -3.67872417E-04)
   0.00000000      -2.00000000      -1.00000000     ( -1.15018338E-03,  5.14090061E-03) ( -1.50408596E-03, -1.71363354E-03) (  3.00817192E-03,  3.42726707E-03)
   0.00000000      -1.00000000      -2.00000000     (  5.84870577E-03,  5.25265932E-03) ( -2.23517418E-03, -2.68220901E-03) (  1.11758709E-03,  1.34110451E-03)
   0.00000000      -1.00000000      -1.00000000     ( -2.49594450E-03,  1.07102096E-03) (  4.09781933E-03,  1.26194209E-03) ( -4.09781933E-03, -1.26194209E-03)
   1.00000000       0.00000000      -2.00000000     ( -1.96509063E-03, -1.21071935E-03) (  1.00117177E-03,  6.92903996E-03) ( -9.82545316E-04, -6.05359674E-04)
   1.00000000       0.00000000      -1.00000000     (  9.46223736E-03, -5.56930900E-03) ( -4.22820449E-03,  2.70456076E-02) (  9.46223736E-03, -5.56930900E-03)
   1.00000000       1.00000000      -2.00000000     (  2.39349902E-03,  3.10130417E-03) ( -6.50063157E-03,  1.50612323E-05) ( -2.04890966E-03,  1.55530870E-03)
   1.00000000       1.00000000      -1.00000000     (  1.24797225E-03,  8.75443220E-03) ( -2.28174031E-03, -5.86733222E-03) ( -1.03842467E-03,  2.88709998E-03)
   1.00000000       2.00000000      -1.00000000     (  2.92435288E-03,  2.79396772E-04) ( -8.52160156E-04, -2.11875886E-04) (  1.22003257E-03, -1.46101229E-04)
   1.00000000      -2.00000000      -1.00000000     (  1.98488124E-04,  2.33994797E-04) ( -1.65891834E-04, -1.66473910E-04) (  5.28525561E-04,  5.68106771E-04)
   1.00000000      -1.00000000      -2.00000000     ( -1.43889338E-03, -4.67523932E-03) ( -1.05239451E-03,  4.11644578E-03) ( -1.93249434E-04, -4.39584255E-03)
   1.00000000      -1.00000000      -1.00000000     ( -1.24331564E-03,  5.12227416E-04) ( -1.54599547E-03, -3.74391675E-03) (  3.05008143E-04,  4.24683094E-03)
   2.00000000       0.00000000      -1.00000000     ( -1.89989805E-03,  9.31322575E-05) ( -2.33761966E-03, -9.59262252E-04) ( -3.79979610E-03,  1.86264515E-04)
   2.00000000       1.00000000      -1.00000000     (  8.52160156E-04,  3.72529030E-04) ( -4.09781933E-03, -2.19792128E-03) ( -2.38418579E-03, -1.45751983E-03)
   2.00000000      -1.00000000      -1.00000000     (  1.27125531E-03, -5.82076609E-04) (  1.95577741E-03,  1.33179128E-03) (  5.89061528E-04, -2.49594450E-03)
