    0.000000        0.000000        1.000000      (2.1234155E-02,1.1697412E-02)
   (-8.5309148E-03,-1.6614795E-02)  (0.000000,0.000000)
    0.000000        0.000000        2.000000      
 (7.0407987E-03,-1.6065314E-03)  (6.1094761E-03,4.7404319E-03)  
 (0.000000,0.000000)
    0.000000        1.000000        0.000000      (1.2479722E-03,8.5681677E-03)
   (0.000000,0.000000)  (3.5576522E-03,-2.4214387E-03)
    0.000000        1.000000        1.000000      (4.2654574E-03,2.5331974E-03)
   (6.1839819E-03,-4.6938658E-03)  (-6.1839819E-03,4.6938658E-03)
    0.000000        1.000000        2.000000      
 (-8.2328916E-03,-2.5145710E-03)  (-5.2526593E-03,-1.3178214E-03)  
 (2.6263297E-03,6.5891072E-04)
    0.000000        2.000000        0.000000      
 (-3.5483390E-03,-9.0571120E-04)  (0.000000,0.000000)  
 (-9.9418685E-04,3.0547380E-03)
    0.000000        2.000000        1.000000      
 (1.0412186E-02,-3.0826777E-03)  (-2.8987415E-04,-1.9697472E-03)  
 (5.7974830E-04,3.9394945E-03)
    0.000000       -2.000000        0.000000      
 (-3.5483390E-03,9.0571120E-04)  (0.000000,0.000000)  
 (-9.9418685E-04,-3.0547380E-03)
    0.000000       -2.000000        1.000000      
 (-1.2777746E-02,-1.1436641E-02)  (-3.8649887E-03,1.1175871E-03)  
 (-7.7299774E-03,2.2351742E-03)
    0.000000       -1.000000        0.000000      
 (1.2479722E-03,-8.5681677E-03)  (0.000000,0.000000)  
 (3.5576522E-03,2.4214387E-03)
    0.000000       -1.000000        1.000000      
 (6.3888729E-03,-6.1094761E-03)  (-1.9371510E-03,-4.4144690E-03)  
 (-1.9371510E-03,-4.4144690E-03)
    0.000000       -1.000000        2.000000      
 (-1.3485551E-02,2.0535663E-03)  (-2.4866313E-03,1.3760291E-03)  
 (-1.2433156E-03,6.8801455E-04)
    1.000000        0.000000        0.000000      (0.000000,0.000000)  
 (-2.5406480E-02,4.9546361E-03)  (1.7359853E-02,1.7732382E-02)
    1.000000        0.000000        1.000000      
 (-2.0489097E-03,-3.3155084E-03)  (-1.9073486E-02,1.4379621E-02)  
 (2.0489097E-03,3.3155084E-03)
    1.000000        0.000000        2.000000      (6.6473149E-04,1.4621764E-03)
   (4.7031790E-03,1.0449439E-02)  (-3.3236574E-04,-7.3108822E-04)
    1.000000        1.000000        0.000000      
 (3.5017729E-03,-1.4854595E-03)  (-3.5017729E-03,1.4854595E-03)  
 (-2.4493784E-03,2.2538006E-03)
    1.000000        1.000000        1.000000      (9.6624717E-04,4.1816384E-03)
   (-2.3609027E-03,-3.0547380E-03)  (1.3923272E-03,-1.1199154E-03)
    1.000000        1.000000        2.000000      
 (-4.1164458E-03,1.1012889E-03)  (-3.4400728E-04,-5.4202974E-03)  
 (2.2305176E-03,2.1606684E-03)
    1.000000        2.000000        0.000000      (2.5378540E-03,2.2118911E-03)
   (-1.2689270E-03,-1.1059456E-03)  (3.9394945E-03,8.9406967E-03)
    1.000000        2.000000        1.000000      (3.6321580E-03,3.5017729E-03)
   (-1.9930303E-03,4.1676685E-04)  (3.5215635E-04,-4.3399632E-03)
    1.000000       -2.000000        0.000000      (8.6380169E-04,7.7113509E-03)
   (4.3190084E-04,3.8556755E-03)  (-6.1839819E-03,-1.0407530E-03)
    1.000000       -2.000000        1.000000      
 (-2.2351742E-03,-3.2945536E-04)  (-3.1897798E-04,-2.4083420E-05)  
 (1.5972182E-03,2.8114300E-04)
    1.000000       -1.000000        0.000000      
 (-1.6344711E-03,4.7730282E-04)  (-1.6344711E-03,4.7730282E-04)  
 (-5.4202974E-03,3.5576522E-03)
    1.000000       -1.000000        1.000000      
 (1.4007092E-02,-1.7345883E-04)  (4.6286732E-03,1.0756776E-03)  
 (-9.3877316E-03,1.2479722E-03)
    1.000000       -1.000000        2.000000      
 (-3.3527613E-03,-2.1711458E-04)  (-6.6496432E-03,-4.3399632E-03)  
 (-1.6530976E-03,-2.0628795E-03)
    2.000000        0.000000        0.000000      (0.000000,0.000000)  
 (1.2926757E-02,-4.1909516E-03)  (-5.1571988E-04,1.4062971E-03)
    2.000000        0.000000        1.000000      
 (-3.2037497E-03,5.1874667E-03)  (4.4237822E-03,9.9465251E-03)  
 (6.4074993E-03,-1.0374933E-02)
    2.000000        1.000000        0.000000      
 (-1.9418076E-03,-2.7520582E-03)  (3.8836151E-03,5.5041164E-03)  
 (-7.5250864E-03,3.8091093E-03)
    2.000000        1.000000        1.000000      (3.3527613E-03,4.7124922E-03)
   (-4.7683716E-03,-1.3634562E-02)  (-1.9418076E-03,4.2282045E-03)
    2.000000       -1.000000        0.000000      
 (-2.8265640E-03,-3.3061951E-03)  (-5.6531280E-03,-6.6123903E-03)  
 (1.8114224E-03,4.2468309E-03)
    2.000000       -1.000000        1.000000      
 (-4.7124922E-03,2.5052577E-03)  (-4.0512532E-03,6.6123903E-03)  
 (5.3737313E-03,1.6018748E-03)
