   0.00000000       0.00000000       1.00000000     (  2.42888927E-02,  1.10641122E-02) (  6.92903996E-03, -2.76416540E-02) (  0.00000000    ,  0.00000000    )
   0.00000000       0.00000000       2.00000000     (  5.30853868E-03, -5.12227416E-03) ( -2.10478902E-03,  1.02911144E-03) (  0.00000000    ,  0.00000000    )
   0.00000000       1.00000000       0.00000000     ( -6.68689609E-03,  9.23871994E-03) (  0.00000000    ,  0.00000000    ) (  1.93715096E-03,  4.52855602E-04)
   0.00000000       1.00000000       1.00000000     (  3.74391675E-03, -5.19677997E-03) (  4.67523932E-03, -8.86619091E-03) ( -4.67523932E-03,  8.86619091E-03)
   0.00000000       1.00000000       2.00000000     ( -6.61239028E-03,  6.89178705E-04) ( -3.87430191E-03,  1.78115442E-04) (  1.93715096E-03, -8.90577212E-05)
   0.00000000       2.00000000       0.00000000     ( -3.66941094E-03, -5.12227416E-03) (  0.00000000    ,  0.00000000    ) ( -5.75557351E-03,  4.22587618E-04)
   0.00000000       2.00000000       1.00000000     (  2.33761966E-03,  4.95463610E-03) ( -2.38418579E-03, -1.72294676E-03) (  4.76837158E-03,  3.44589353E-03)
   0.00000000      -2.00000000       0.00000000     ( -3.66941094E-03,  5.12227416E-03) (  0.00000000    ,  0.00000000    ) ( -5.75557351E-03, -4.22587618E-04)
   0.00000000      -2.00000000       1.00000000     ( -9.94652510E-03,  1.84401870E-03) ( -1.52736902E-03,  1.49011612E-03) ( -3.05473804E-03,  2.98023224E-03)
   0.00000000      -1.00000000       0.00000000     ( -6.68689609E-03, -9.23871994E-03) (  0.00000000    ,  0.00000000    ) (  1.93715096E-03, -4.52855602E-04)
   0.00000000      -1.00000000       1.00000000     (  1.41933560E-02, -1.62050128E-02) ( -6.98491931E-04, -1.89524144E-03) ( -6.98491931E-04, -1.89524144E-03)
   0.00000000      -1.00000000       2.00000000     (  1.72294676E-04, -3.15718353E-03) (  6.72880560E-04, -8.96397978E-04) (  3.36440280E-04, -4.48198989E-04)
   1.00000000       0.00000000       0.00000000     (  0.00000000    ,  0.00000000    ) ( -1.64285302E-02,  6.50063157E-03) (  2.71946192E-02,  2.25752592E-02)
   1.00000000       0.00000000       1.00000000     (  3.91155481E-03, -2.85916030E-03) ( -2.77906656E-02,  1.51246786E-02) ( -3.91155481E-03,  2.85916030E-03)
   1.00000000       0.00000000       2.00000000     (  1.26659870E-03,  3.09199095E-03) (  7.67409801E-03,  3.33413482E-03) ( -6.33299351E-04, -1.54599547E-03)
   1.00000000       1.00000000       0.00000000     (  5.55068254E-03,  3.66941094E-03) ( -5.55068254E-03, -3.66941094E-03) ( -8.47503543E-03,  5.38304448E-03)
   1.00000000       1.00000000       1.00000000     ( -3.55765224E-03, -8.96397978E-04) (  2.20723450E-03,  2.94530764E-04) (  1.35041773E-03,  6.00703061E-04)
   1.00000000       1.00000000       2.00000000     ( -1.05705112E-03, -2.62632966E-03) ( -5.06639481E-03, -8.75443220E-04) (  3.06405127E-03,  1.75088644E-03)
   1.00000000       2.00000000       0.00000000     ( -1.69035047E-03,  6.16535544E-03) (  8.45175236E-04, -3.08267772E-03) ( -1.31316483E-03,  5.38304448E-03)
   1.00000000       2.00000000       1.00000000     (  6.31436706E-03,  2.25380063E-03) ( -3.96743417E-03, -2.63564289E-03) (  1.61584467E-03,  3.02679837E-03)
   1.00000000      -2.00000000       0.00000000     (  4.19095159E-04, -3.13855708E-03) (  2.09547579E-04, -1.56927854E-03) ( -9.33650881E-04,  2.98954546E-03)
   1.00000000      -2.00000000       1.00000000     ( -1.32247806E-03,  1.42492354E-03) ( -1.63912773E-03,  2.25380063E-03) ( -1.95577741E-03,  3.07336450E-03)
   1.00000000      -1.00000000       0.00000000     ( -6.20260835E-03, -9.38773155E-03) ( -6.20260835E-03, -9.38773155E-03) ( -5.68106771E-03,  5.97909093E-03)
   1.00000000      -1.00000000       1.00000000     (  3.26894224E-03,  6.09084964E-03) ( -1.64378434E-03,  3.77185643E-03) ( -4.91738319E-03, -2.30967999E-03)
   1.00000000      -1.00000000       2.00000000     (  3.53902578E-03,  4.71249223E-03) (  6.05359674E-03,  3.78116965E-03) (  1.25728548E-03, -4.61004674E-04)
   2.00000000       0.00000000       0.00000000     (  0.00000000    ,  0.00000000    ) (  8.82893801E-03, -3.22237611E-03) ( -4.86150384E-03,  1.18743628E-03)
   2.00000000       0.00000000       1.00000000     ( -2.46800482E-03, -2.44006515E-03) (  1.61118805E-03,  8.08387995E-03) (  4.93600965E-03,  4.88013029E-03)
   2.00000000       1.00000000       0.00000000     ( -2.63564289E-03,  5.42495400E-04) (  5.27128577E-03, -1.08499080E-03) ( -6.75208867E-05, -8.79168510E-03)
   2.00000000       1.00000000       1.00000000     (  7.61356205E-04,  3.17580998E-03) ( -2.71014869E-03, -5.60656190E-03) (  1.18277967E-03, -7.33416528E-04)
   2.00000000      -1.00000000       0.00000000     (  1.74622983E-03,  1.35507435E-03) (  3.49245965E-03,  2.71014869E-03) ( -1.50175765E-04,  1.57393515E-03)
   2.00000000      -1.00000000       1.00000000     ( -2.88709998E-03,  8.96397978E-04) ( -1.98371708E-03, -1.40164047E-03) (  3.79979610E-03, -3.19443643E-03)
