    0.000000        0.000000       -2.000000      (5.1502138E-03,1.1874363E-03)
   (5.5320561E-03,-4.6379864E-03)  (0.000000,0.000000)
    0.000000        0.000000       -1.000000      
 (2.0861626E-02,-1.1511147E-02)  (-1.0877848E-02,1.6167760E-02)  
 (0.000000,0.000000)
    0.000000        1.000000       -2.000000      
 (-1.2367964E-02,-1.5454134E-04)  (-3.0267984E-03,1.6670674E-03)  
 (-1.5133992E-03,8.3353370E-04)
    0.000000        1.000000       -1.000000      (7.1898103E-03,4.6007335E-03)
   (-1.3783574E-03,5.0663948E-03)  (-1.3783574E-03,5.0663948E-03)
    0.000000        2.000000       -1.000000      
 (-1.0840595E-02,1.0617077E-02)  (-2.8591603E-03,-5.4365955E-04)  
 (-5.7183206E-03,-1.0873191E-03)
    0.000000       -2.000000       -1.000000      (6.9849193E-03,2.6822090E-03)
   (-7.5669959E-04,1.2735836E-03)  (1.5133992E-03,-2.5471672E-03)
    0.000000       -1.000000       -2.000000      
 (-7.6927245E-03,2.0256266E-03)  (-3.1106174E-03,2.3888424E-03)  
 (1.5553087E-03,-1.1944212E-03)
    0.000000       -1.000000       -1.000000      
 (4.8801303E-03,-4.9360096E-03)  (5.4202974E-03,4.2095780E-03)  
 (-5.4202974E-03,-4.2095780E-03)
    1.000000        0.000000       -2.000000      (7.6927245E-03,2.1373853E-03)
   (-4.6938658E-03,2.7846545E-03)  (3.8463622E-03,1.0686927E-03)
    1.000000        0.000000       -1.000000      
 (3.5017729E-03,-1.0943040E-03)  (6.1839819E-03,-5.5506825E-03)  
 (3.5017729E-03,-1.0943040E-03)
    1.000000        1.000000       -2.000000      
 (-3.5390258E-03,1.2340024E-03)  (-3.6042184E-03,-1.2069941E-02)  
 (-3.5669655E-03,-5.4016709E-03)
    1.000000        1.000000       -1.000000      
 (-7.5995922E-03,1.3085082E-03)  (2.2258610E-03,-1.7788261E-03)  
 (-5.3830445E-03,-4.7264621E-04)
    1.000000        2.000000       -1.000000      
 (-7.1711838E-03,1.2991950E-03)  (8.2422048E-04,2.5797635E-03)  
 (-5.5320561E-03,6.4633787E-03)
    1.000000       -2.000000       -1.000000      
 (1.4575198E-03,-2.2212043E-03)  (-2.3806933E-04,-7.2410330E-04)  
 (1.9324943E-03,-7.7299774E-04)
    1.000000       -1.000000       -2.000000      
 (4.0419400E-03,-7.5902790E-04)  (-4.3306500E-03,1.1548400E-03)  
 (4.1816384E-03,-9.5693395E-04)
    1.000000       -1.000000       -1.000000      
 (-9.3877316E-03,5.0012022E-03)  (-4.7218055E-03,2.1071173E-04)  
 (-4.6659261E-03,4.7963113E-03)
    2.000000        0.000000       -1.000000      (2.7660280E-03,3.1106174E-03)
   (9.7788870E-03,6.7427754E-03)  (5.5320561E-03,6.2212348E-03)
    2.000000        1.000000       -1.000000      
 (-1.4854595E-03,-2.3748726E-03)  (2.7846545E-03,-2.3934990E-03)  
 (-1.8859282E-04,-7.1339309E-03)
    2.000000       -1.000000       -1.000000      
 (-1.2433156E-03,2.5704503E-03)  (7.1013346E-05,5.5134296E-03)  
 (-2.5611371E-03,-3.7136488E-04)
