    0.000000        0.000000       -2.000000      (7.7113509E-03,1.7508864E-03)
   (6.0535967E-03,-4.4051558E-03)  (0.000000,0.000000)
    0.000000        0.000000       -1.000000      
 (2.1606684E-02,-1.1846423E-02)  (-7.4505806E-03,1.7285347E-02)  
 (0.000000,0.000000)
    0.000000        1.000000       -2.000000      
 (-1.3224781E-02,-2.6961789E-03)  (-2.0768493E-03,-2.7334318E-03)  
 (-1.0384247E-03,-1.3667159E-03)
    0.000000        1.000000       -1.000000      (6.3702464E-03,7.0035458E-03)
   (-2.1979213E-03,4.1536987E-03)  (-2.1979213E-03,4.1536987E-03)
    0.000000        2.000000       -1.000000      
 (-1.3038516E-02,1.1250377E-02)  (-4.1071326E-03,-1.1618249E-03)  
 (-8.2142651E-03,-2.3236498E-03)
    0.000000       -2.000000       -1.000000      (1.1194497E-02,3.2503158E-03)
   (-1.4231773E-04,2.1886081E-03)  (2.8463546E-04,-4.3772161E-03)
    0.000000       -1.000000       -2.000000      
 (-8.2887709E-03,2.5797635E-03)  (-6.2398612E-03,8.3586201E-04)  
 (3.1199306E-03,-4.1793101E-04)
    0.000000       -1.000000       -1.000000      
 (4.1350722E-03,-1.5739352E-03)  (6.5378845E-03,4.9732625E-03)  
 (-6.5378845E-03,-4.9732625E-03)
    1.000000        0.000000       -2.000000      (8.5122883E-03,3.2130629E-03)
   (-2.8591603E-03,5.8673322E-03)  (4.2561442E-03,1.6065314E-03)
    1.000000        0.000000       -1.000000      
 (3.9674342E-03,-4.9592927E-04)  (8.1956387E-03,-3.5576522E-03)  
 (3.9674342E-03,-4.9592927E-04)
    1.000000        1.000000       -2.000000      
 (-3.0919909E-03,-1.2922101E-03)  (-1.4388934E-03,-1.3746321E-02)  
 (-2.2631139E-03,-7.5250864E-03)
    1.000000        1.000000       -1.000000      
 (-8.4005296E-03,-2.6728958E-03)  (2.4680048E-03,-1.1152588E-03)  
 (-5.9232116E-03,-3.7904829E-03)
    1.000000        2.000000       -1.000000      
 (-9.7230077E-03,-1.5180558E-03)  (1.8673018E-03,2.8591603E-03)  
 (-5.9977174E-03,4.2002648E-03)
    1.000000       -2.000000       -1.000000      
 (-4.4354238E-04,-5.7369471E-03)  (-1.2503006E-03,-2.5331974E-03)  
 (2.0582229E-03,-6.7637302E-04)
    1.000000       -1.000000       -2.000000      (5.0384551E-03,1.3178214E-03)
   (-4.2375177E-03,2.1653250E-03)  (4.6379864E-03,-4.2375177E-04)
    1.000000       -1.000000       -1.000000      
 (-1.0114163E-02,3.7904829E-03)  (-7.4133277E-03,6.1118044E-04)  
 (-2.7008355E-03,3.1851232E-03)
    2.000000        0.000000       -1.000000      (1.0780059E-03,4.6845526E-03)
   (4.9453229E-03,7.6740980E-03)  (2.1560118E-03,9.3691051E-03)
    2.000000        1.000000       -1.000000      
 (-5.3085387E-04,-1.2340024E-03)  (4.2747706E-03,-6.0908496E-03)  
 (3.2223761E-03,-8.5681677E-03)
    2.000000       -1.000000       -1.000000      
 (-1.8533319E-03,1.9464642E-03)  (3.5914127E-04,6.1281025E-03)  
 (-4.0698797E-03,-2.2305176E-03)
