   0.00000000       0.00000000       1.00000000     (  5.93718141E-04, -1.08405948E-02) (  2.23517418E-02,  3.52039933E-03) (  0.00000000    ,  0.00000000    )
   0.00000000       0.00000000       2.00000000     (  8.27014446E-03, -2.16066837E-03) ( -1.21444464E-02, -6.40749931E-03) (  0.00000000    ,  0.00000000    )
   0.00000000       1.00000000       0.00000000     (  5.32716513E-03, -2.21654773E-03) (  0.00000000    ,  0.00000000    ) (  1.40815973E-02, -3.93018126E-03)
   0.00000000       1.00000000       1.00000000     ( -3.10130417E-03, -1.37370080E-03) (  4.07919288E-03, -1.26194209E-03) ( -4.07919288E-03,  1.26194209E-03)
   0.00000000       1.00000000       2.00000000     (  6.10947609E-03, -5.30853868E-03) ( -2.63564289E-03,  2.63564289E-03) (  1.31782144E-03, -1.31782144E-03)
   0.00000000       2.00000000       0.00000000     ( -1.69384293E-04,  7.45058060E-03) (  0.00000000    ,  0.00000000    ) ( -1.16415322E-03,  2.21654773E-03)
   0.00000000       2.00000000       1.00000000     ( -1.05239451E-03, -5.01051545E-03) ( -1.66241080E-03,  1.69500709E-03) (  3.32482159E-03, -3.39001417E-03)
   0.00000000      -2.00000000       0.00000000     ( -1.69384293E-04, -7.45058060E-03) (  0.00000000    ,  0.00000000    ) ( -1.16415322E-03, -2.21654773E-03)
   0.00000000      -2.00000000       1.00000000     (  1.07567757E-03,  1.27125531E-03) ( -8.00937414E-04,  2.31666490E-04) ( -1.60187483E-03,  4.63332981E-04)
   0.00000000      -1.00000000       0.00000000     (  5.32716513E-03,  2.21654773E-03) (  0.00000000    ,  0.00000000    ) (  1.40815973E-02,  3.93018126E-03)
   0.00000000      -1.00000000       1.00000000     ( -7.26431608E-03, -1.16974115E-02) ( -5.88595867E-03,  5.62518835E-03) ( -5.88595867E-03,  5.62518835E-03)
   0.00000000      -1.00000000       2.00000000     ( -1.76951289E-03, -3.40864062E-03) (  1.62515789E-03,  2.50525773E-03) (  8.12578946E-04,  1.25262886E-03)
   1.00000000       0.00000000       0.00000000     (  0.00000000    ,  0.00000000    ) ( -2.46614218E-02,  7.93486834E-03) (  1.46031380E-02, -4.37721610E-03)
   1.00000000       0.00000000       1.00000000     ( -1.52271241E-03, -1.79745257E-03) (  5.58793545E-04, -8.38190317E-03) (  1.52271241E-03,  1.79745257E-03)
   1.00000000       0.00000000       2.00000000     ( -4.32133675E-03, -1.76951289E-03) ( -7.68341124E-04,  2.61701643E-03) (  2.16066837E-03,  8.84756446E-04)
   1.00000000       1.00000000       0.00000000     (  1.47614628E-03,  8.98726285E-04) ( -1.47614628E-03, -8.98726285E-04) (  6.03497028E-03,  1.20699406E-02)
   1.00000000       1.00000000       1.00000000     ( -3.25962901E-03, -7.03148544E-04) (  9.96515155E-04,  4.32133675E-03) (  2.26311386E-03, -3.63215804E-03)
   1.00000000       1.00000000       2.00000000     ( -2.56113708E-03,  1.13155693E-03) (  3.03611159E-03,  1.68103725E-03) ( -2.40979716E-04, -1.40629709E-03)
   1.00000000       2.00000000       0.00000000     (  1.45519152E-04,  1.75088644E-03) ( -7.27595761E-05, -8.75443220E-04) ( -2.75671482E-03, -1.61817297E-04)
   1.00000000       2.00000000       1.00000000     (  3.33413482E-03,  8.00937414E-04) ( -1.19674951E-03, -3.59723344E-04) ( -9.40635800E-04, -7.91624188E-05)
   1.00000000      -2.00000000       0.00000000     (  5.96628524E-05,  5.35510480E-04) (  2.98314262E-05,  2.67755240E-04) ( -2.43075192E-03,  3.23168933E-03)
   1.00000000      -2.00000000       1.00000000     ( -1.21537596E-03,  1.43190846E-04) (  6.91507012E-04,  1.33295543E-04) (  2.59838998E-03,  1.22818165E-04)
   1.00000000      -1.00000000       0.00000000     (  4.67523932E-03,  1.01514161E-03) (  4.67523932E-03,  1.01514161E-03) ( -3.44589353E-03,  7.11530447E-03)
   1.00000000      -1.00000000       1.00000000     (  1.03842467E-03,  4.24683094E-03) ( -7.21774995E-04, -4.91738319E-03) ( -1.76019967E-03, -9.16421413E-03)
   1.00000000      -1.00000000       2.00000000     ( -5.68106771E-03, -1.61584467E-03) (  1.95577741E-03,  9.08039510E-04) (  3.81842256E-03,  1.26194209E-03)
   2.00000000       0.00000000       0.00000000     (  0.00000000    ,  0.00000000    ) ( -2.43075192E-03,  4.20957804E-03) (  7.42147677E-05, -2.84053385E-03)
   2.00000000       0.00000000       1.00000000     ( -1.13621354E-03,  1.13621354E-03) ( -2.77534127E-03, -3.61353159E-03) (  2.27242708E-03, -2.27242708E-03)
   2.00000000       1.00000000       0.00000000     ( -9.63918865E-04, -1.36438757E-03) (  1.92783773E-03,  2.72877514E-03) (  5.89061528E-04,  3.48314643E-03)
   2.00000000       1.00000000       1.00000000     ( -7.03148544E-04,  3.41096893E-04) ( -5.16884029E-04,  1.22934580E-03) (  1.91852450E-03, -1.90921128E-03)
   2.00000000      -1.00000000       0.00000000     ( -2.97091901E-03, -1.35507435E-03) ( -5.94183803E-03, -2.71014869E-03) (  1.69035047E-03,  6.31436706E-03)
   2.00000000      -1.00000000       1.00000000     (  2.15135515E-03, -1.51339918E-03) ( -1.42492354E-03,  5.37838787E-04) ( -5.73694706E-03,  3.55765224E-03)
