   0.00000000       0.00000000       1.00000000     (  1.93715096E-03, -1.12131238E-02) (  2.56299973E-02,  1.46217644E-03) (  0.00000000    ,  0.00000000    )
   0.00000000       0.00000000       2.00000000     (  5.69969416E-03, -1.09896064E-03) ( -7.86036253E-03, -4.45172191E-03) (  0.00000000    ,  0.00000000    )
   0.00000000       1.00000000       0.00000000     (  4.54485416E-03, -3.06405127E-03) (  0.00000000    ,  0.00000000    ) (  1.47521496E-02, -2.57045031E-03)
   0.00000000       1.00000000       1.00000000     ( -6.28642738E-04, -9.48784873E-05) (  4.11644578E-03, -1.24797225E-03) ( -4.11644578E-03,  1.24797225E-03)
   0.00000000       1.00000000       2.00000000     (  4.11644578E-03, -4.06056643E-03) ( -1.00582838E-03,  2.19792128E-03) (  5.02914190E-04, -1.09896064E-03)
   0.00000000       2.00000000       0.00000000     (  1.46217644E-03,  4.43309546E-03) (  0.00000000    ,  0.00000000    ) ( -4.77302819E-04,  2.21654773E-03)
   0.00000000       2.00000000       1.00000000     ( -8.84756446E-04, -4.06056643E-03) ( -7.40401447E-04,  1.25728548E-03) (  1.48080289E-03, -2.51457095E-03)
   0.00000000      -2.00000000       0.00000000     (  1.46217644E-03, -4.43309546E-03) (  0.00000000    ,  0.00000000    ) ( -4.77302819E-04, -2.21654773E-03)
   0.00000000      -2.00000000       1.00000000     ( -7.91624188E-04,  1.62981451E-03) ( -9.96515155E-04, -1.28056854E-04) ( -1.99303031E-03, -2.56113708E-04)
   0.00000000      -1.00000000       0.00000000     (  4.54485416E-03,  3.06405127E-03) (  0.00000000    ,  0.00000000    ) (  1.47521496E-02,  2.57045031E-03)
   0.00000000      -1.00000000       1.00000000     ( -6.92903996E-03, -1.35228038E-02) ( -6.83590770E-03,  5.27128577E-03) ( -6.83590770E-03,  5.27128577E-03)
   0.00000000      -1.00000000       2.00000000     ( -5.68106771E-04, -2.55182385E-03) (  1.92783773E-03,  9.68575478E-04) (  9.63918865E-04,  4.84287739E-04)
   1.00000000       0.00000000       0.00000000     (  0.00000000    ,  0.00000000    ) ( -2.60025263E-02,  1.05425715E-02) (  1.43796206E-02, -4.28408384E-03)
   1.00000000       0.00000000       1.00000000     ( -1.70432031E-03, -1.31782144E-03) ( -1.98371708E-03, -1.06543303E-02) (  1.70432031E-03,  1.31782144E-03)
   1.00000000       0.00000000       2.00000000     ( -3.33413482E-03, -1.73225999E-03) ( -4.12910595E-06,  1.55530870E-03) (  1.66706741E-03,  8.66129994E-04)
   1.00000000       1.00000000       0.00000000     (  2.43075192E-03,  1.69966370E-03) ( -2.43075192E-03, -1.69966370E-03) (  5.02914190E-03,  1.11013651E-02)
   1.00000000       1.00000000       1.00000000     ( -1.10827386E-03, -1.11758709E-04) ( -6.42612576E-04,  2.75671482E-03) (  1.75088644E-03, -2.64495611E-03)
   1.00000000       1.00000000       2.00000000     ( -2.88709998E-03,  5.96046448E-04) (  2.26311386E-03,  1.83470547E-03) (  3.11993062E-04, -1.21537596E-03)
   1.00000000       2.00000000       0.00000000     (  4.14438546E-04,  2.41212547E-03) ( -2.07219273E-04, -1.20606273E-03) ( -2.37487257E-03,  6.84522092E-04)
   1.00000000       2.00000000       1.00000000     (  2.37487257E-03,  1.35973096E-03) ( -8.00937414E-04, -5.00585884E-04) ( -7.63684511E-04, -3.58559191E-04)
   1.00000000      -2.00000000       0.00000000     (  8.84756446E-04,  8.33533704E-04) (  4.42378223E-04,  4.16766852E-04) ( -2.02096999E-03,  9.12696123E-04)
   1.00000000      -2.00000000       1.00000000     ( -1.70432031E-03,  4.23751771E-04) ( -3.21306288E-04,  6.79865479E-04) (  1.05705112E-03,  9.35979187E-04)
   1.00000000      -1.00000000       0.00000000     (  3.51108611E-03, -4.68571670E-05) (  3.51108611E-03, -4.68571670E-05) ( -4.54485416E-03,  1.21071935E-02)
   1.00000000      -1.00000000       1.00000000     (  2.57045031E-03,  3.12924385E-03) ( -3.49245965E-04, -4.35858965E-03) ( -2.90572643E-03, -7.48783350E-03)
   1.00000000      -1.00000000       2.00000000     ( -4.24683094E-03, -1.20606273E-03) (  1.41561031E-03,  3.56230885E-04) (  2.83122063E-03,  7.82310963E-04)
   2.00000000       0.00000000       0.00000000     (  0.00000000    ,  0.00000000    ) ( -1.27591193E-03,  3.65078449E-03) ( -9.87201929E-04, -1.79745257E-03)
   2.00000000       0.00000000       1.00000000     ( -6.79865479E-04,  6.70552254E-04) ( -2.38418579E-03, -1.76019967E-03) (  1.35973096E-03, -1.34110451E-03)
   2.00000000       1.00000000       0.00000000     ( -4.47034836E-04, -7.21774995E-04) (  8.94069672E-04,  1.44354999E-03) (  6.89178705E-04,  1.78813934E-03)
   2.00000000       1.00000000       1.00000000     ( -4.07453626E-04,  1.41444616E-04) ( -8.89413059E-04,  9.73232090E-04) (  1.70432031E-03, -1.25728548E-03)
   2.00000000      -1.00000000       0.00000000     ( -2.10478902E-03, -1.22934580E-03) ( -4.20957804E-03, -2.45869160E-03) (  1.57393515E-03,  4.09781933E-03)
   2.00000000      -1.00000000       1.00000000     (  1.15483999E-03, -1.88127160E-03) ( -9.40635800E-04,  2.07219273E-04) ( -3.24100256E-03,  3.96743417E-03)
