   0.00000000       0.00000000       1.00000000     (  2.78651714E-02,  1.06170774E-02) (  1.77696347E-02, -3.39001417E-02) (  0.00000000    ,  0.00000000    )
   0.00000000       0.00000000       2.00000000     (  1.22934580E-03, -2.83122063E-03) ( -2.04890966E-03, -3.81842256E-04) (  0.00000000    ,  0.00000000    )
   0.00000000       1.00000000       0.00000000     ( -1.41188502E-02,  5.02914190E-03) (  0.00000000    ,  0.00000000    ) (  2.99885869E-03,  6.79865479E-03)
   0.00000000       1.00000000       1.00000000     (  6.92903996E-03, -3.03611159E-03) (  1.61584467E-03, -1.11013651E-02) ( -1.61584467E-03,  1.11013651E-02)
   0.00000000       1.00000000       2.00000000     ( -2.98023224E-03,  1.12690032E-03) ( -7.54371285E-04,  1.75787136E-04) (  3.77185643E-04, -8.78935680E-05)
   0.00000000       2.00000000       0.00000000     ( -1.97440386E-03, -4.70317900E-04) (  0.00000000    ,  0.00000000    ) ( -1.93715096E-03,  1.25728548E-03)
   0.00000000       2.00000000       1.00000000     (  1.12690032E-03,  2.45869160E-03) ( -9.59262252E-04, -4.23751771E-04) (  1.91852450E-03,  8.47503543E-04)
   0.00000000      -2.00000000       0.00000000     ( -1.97440386E-03,  4.70317900E-04) (  0.00000000    ,  0.00000000    ) ( -1.93715096E-03, -1.25728548E-03)
   0.00000000      -2.00000000       1.00000000     ( -5.28991222E-03,  1.35041773E-03) ( -1.05239451E-03,  7.68341124E-04) ( -2.10478902E-03,  1.53668225E-03)
   0.00000000      -1.00000000       0.00000000     ( -1.41188502E-02, -5.02914190E-03) (  0.00000000    ,  0.00000000    ) (  2.99885869E-03, -6.79865479E-03)
   0.00000000      -1.00000000       1.00000000     (  1.54599547E-02, -2.16811895E-02) (  1.02445483E-03, -3.43425199E-04) (  1.02445483E-03, -3.43425199E-04)
   0.00000000      -1.00000000       2.00000000     (  3.69618647E-05, -1.04308128E-03) (  6.19329512E-04, -1.49011612E-03) (  3.09664756E-04, -7.45058060E-04)
   1.00000000       0.00000000       0.00000000     (  0.00000000    ,  0.00000000    ) ( -1.40443444E-02,  9.96515155E-03) (  3.31550837E-02,  2.78651714E-02)
   1.00000000       0.00000000       1.00000000     (  5.42029738E-03, -2.58442014E-03) ( -3.46451998E-02,  1.33365393E-02) ( -5.42029738E-03,  2.58442014E-03)
   1.00000000       0.00000000       2.00000000     (  8.56816769E-04,  1.57393515E-03) (  3.87430191E-03,  1.76951289E-03) ( -4.28408384E-04, -7.86967576E-04)
   1.00000000       1.00000000       0.00000000     (  6.50063157E-03,  6.78002834E-03) ( -6.50063157E-03, -6.78002834E-03) ( -1.00769103E-02,  9.25734639E-03)
   1.00000000       1.00000000       1.00000000     ( -6.42612576E-04, -1.48080289E-03) ( -2.58442014E-04,  2.95694917E-04) (  9.03382897E-04,  1.19209290E-03)
   1.00000000       1.00000000       2.00000000     ( -1.36205927E-04, -6.56582415E-04) ( -1.51805580E-03,  2.63098627E-04) (  8.28877091E-04,  1.95577741E-04)
   1.00000000       2.00000000       0.00000000     ( -1.05239451E-03,  2.75671482E-03) (  5.26197255E-04, -1.37835741E-03) (  4.79631126E-04, -1.19907781E-04)
   1.00000000       2.00000000       1.00000000     (  2.73808837E-03,  2.14204192E-04) ( -2.44006515E-03, -8.28877091E-04) (  2.12341547E-03,  1.43423676E-03)
   1.00000000      -2.00000000       0.00000000     (  1.00117177E-04, -1.57393515E-03) (  5.00585884E-05, -7.86967576E-04) ( -1.17346644E-03,  6.79865479E-04)
   1.00000000      -2.00000000       1.00000000     ( -2.81725079E-04,  2.06753612E-03) ( -5.58793545E-04,  1.91852450E-03) ( -8.28877091E-04,  1.76951289E-03)
   1.00000000      -1.00000000       0.00000000     ( -4.73111868E-03, -1.56834722E-02) ( -4.73111868E-03, -1.56834722E-02) ( -9.74163413E-03,  1.06915832E-02)
   1.00000000      -1.00000000       1.00000000     (  8.84756446E-04,  9.59262252E-04) ( -1.56462193E-03, -1.17346644E-03) ( -2.45869160E-03, -2.14204192E-03)
   1.00000000      -1.00000000       2.00000000     (  3.84170562E-04,  1.44354999E-03) (  7.77654350E-04,  1.20140612E-03) (  1.97906047E-04, -1.18743628E-04)
   2.00000000       0.00000000       0.00000000     (  0.00000000    ,  0.00000000    ) (  3.01748514E-03,  1.89756975E-04) ( -1.99303031E-03, -4.19095159E-05)
   2.00000000       0.00000000       1.00000000     (  9.83709469E-05, -1.13621354E-03) (  3.95812094E-04,  1.99303031E-03) ( -1.96741894E-04,  2.27242708E-03)
   2.00000000       1.00000000       0.00000000     ( -1.33179128E-03,  9.37143341E-05) (  2.66358256E-03, -1.87428668E-04) (  1.04773790E-04, -3.05473804E-03)
   2.00000000       1.00000000       1.00000000     ( -3.53902578E-04,  7.31088221E-04) (  7.17118382E-04, -2.04890966E-03) ( -1.22963684E-05,  5.82076609E-04)
   2.00000000      -1.00000000       0.00000000     (  2.25845724E-04,  1.10827386E-03) (  4.51691449E-04,  2.21654773E-03) ( -1.24564394E-04,  1.20140612E-03)
   2.00000000      -1.00000000       1.00000000     ( -1.58324838E-03,  1.83936208E-04) ( -1.49942935E-03, -1.19907781E-04) (  1.65775418E-03, -4.88944352E-04)
