   0.00000000       0.00000000       1.00000000     (  2.77161598E-02,  9.46223736E-03) (  2.16066837E-02, -3.41981649E-02) (  0.00000000    ,  0.00000000    )
   0.00000000       0.00000000       2.00000000     (  5.77419996E-04, -2.06753612E-03) ( -1.58324838E-03, -4.84287739E-04) (  0.00000000    ,  0.00000000    )
   0.00000000       1.00000000       0.00000000     ( -1.65402889E-02,  3.11993062E-03) (  0.00000000    ,  0.00000000    ) (  3.25031579E-03,  9.59262252E-03)
   0.00000000       1.00000000       1.00000000     (  7.67409801E-03, -4.94765118E-04) (  2.74740160E-04, -1.09896064E-02) ( -2.74740160E-04,  1.09896064E-02)
   0.00000000       1.00000000       2.00000000     ( -2.06753612E-03,  7.07805157E-04) ( -4.56348062E-04,  2.21189111E-04) (  2.28174031E-04, -1.10594556E-04)
   0.00000000       2.00000000       0.00000000     ( -1.04308128E-03,  1.69966370E-04) (  0.00000000    ,  0.00000000    ) ( -1.26659870E-03,  1.32247806E-03)
   0.00000000       2.00000000       1.00000000     (  8.10250640E-04,  1.52736902E-03) ( -6.61239028E-04, -1.53668225E-04) (  1.32247806E-03,  3.07336450E-04)
   0.00000000      -2.00000000       0.00000000     ( -1.04308128E-03, -1.69966370E-04) (  0.00000000    ,  0.00000000    ) ( -1.26659870E-03, -1.32247806E-03)
   0.00000000      -2.00000000       1.00000000     ( -3.61353159E-03,  7.72997737E-04) ( -7.54371285E-04,  5.44823706E-04) ( -1.50874257E-03,  1.08964741E-03)
   0.00000000      -1.00000000       0.00000000     ( -1.65402889E-02, -3.11993062E-03) (  0.00000000    ,  0.00000000    ) (  3.25031579E-03, -9.59262252E-03)
   0.00000000      -1.00000000       1.00000000     (  1.33737922E-02, -2.38418579E-02) (  8.28877091E-04,  6.61239028E-04) (  8.28877091E-04,  6.61239028E-04)
   0.00000000      -1.00000000       2.00000000     ( -1.79279596E-04, -5.96046448E-04) (  4.51691449E-04, -1.03376806E-03) (  2.25845724E-04, -5.16884029E-04)
   1.00000000       0.00000000       0.00000000     (  0.00000000    ,  0.00000000    ) ( -1.32247806E-02,  1.13993883E-02) (  3.41236591E-02,  2.79396772E-02)
   1.00000000       0.00000000       1.00000000     (  5.14090061E-03, -2.92435288E-03) ( -3.56137753E-02,  1.09151006E-02) ( -5.14090061E-03,  2.92435288E-03)
   1.00000000       0.00000000       2.00000000     (  5.68106771E-04,  1.08964741E-03) (  2.49594450E-03,  1.32247806E-03) ( -2.84053385E-04, -5.44823706E-04)
   1.00000000       1.00000000       0.00000000     (  6.42612576E-03,  7.11530447E-03) ( -6.42612576E-03, -7.11530447E-03) ( -1.01514161E-02,  1.02072954E-02)
   1.00000000       1.00000000       1.00000000     ( -2.85217538E-05, -1.22934580E-03) ( -6.05359674E-04,  1.83936208E-04) (  6.33299351E-04,  1.04308128E-03)
   1.00000000       1.00000000       2.00000000     ( -2.00234354E-04, -3.30619514E-04) ( -7.63684511E-04,  2.14204192E-04) (  4.79631126E-04,  5.76255843E-05)
   1.00000000       2.00000000       0.00000000     ( -8.56816769E-04,  1.67638063E-03) (  4.28408384E-04, -8.38190317E-04) (  6.79865479E-04, -5.21540642E-04)
   1.00000000       2.00000000       1.00000000     (  1.89989805E-03, -1.62981451E-05) ( -1.69500709E-03, -4.74974513E-04) (  1.49011612E-03,  9.68575478E-04)
   1.00000000      -2.00000000       0.00000000     ( -5.06406650E-05, -1.15483999E-03) ( -2.53203325E-05, -5.77419996E-04) ( -1.01514161E-03,  5.41331246E-05)
   1.00000000      -2.00000000       1.00000000     ( -2.07219273E-04,  1.63912773E-03) ( -3.39932740E-04,  1.37835741E-03) ( -4.70317900E-04,  1.13621354E-03)
   1.00000000      -1.00000000       0.00000000     ( -3.70666385E-03, -1.63912773E-02) ( -3.70666385E-03, -1.63912773E-02) ( -1.12131238E-02,  1.27404928E-02)
   1.00000000      -1.00000000       1.00000000     (  7.17118382E-04,  3.95812094E-04) ( -1.11758709E-03, -1.45286322E-03) ( -1.82539225E-03, -1.84401870E-03)
   1.00000000      -1.00000000       2.00000000     ( -1.83936208E-04,  1.08964741E-03) (  1.10594556E-04,  6.05359674E-04) (  1.46683306E-04, -2.39815563E-04)
   2.00000000       0.00000000       0.00000000     (  0.00000000    ,  0.00000000    ) (  2.01165676E-03,  5.35510480E-04) ( -1.26659870E-03,  2.07219273E-04)
   2.00000000       0.00000000       1.00000000     (  3.16649675E-04, -8.19563866E-04) (  2.35158950E-04,  1.15483999E-03) ( -6.33299351E-04,  1.63912773E-03)
   2.00000000       1.00000000       0.00000000     ( -8.94069672E-04,  1.58324838E-04) (  1.78813934E-03, -3.16649675E-04) (  3.95812094E-05, -1.52736902E-03)
   2.00000000       1.00000000       1.00000000     ( -2.70083547E-04,  3.86498868E-04) (  7.54371285E-04, -1.50874257E-03) ( -2.18860805E-04,  7.35744834E-04)
   2.00000000      -1.00000000       0.00000000     ( -4.42378223E-05,  8.28877091E-04) ( -8.84756446E-05,  1.65775418E-03) ( -1.25728548E-04,  9.12696123E-04)
   2.00000000      -1.00000000       1.00000000     ( -1.13621354E-03,  5.76255843E-05) ( -1.28522515E-03,  2.09547579E-05) (  9.96515155E-04, -9.42964107E-05)
