   0.00000000       0.00000000       1.00000000     (  2.33948231E-02,  1.19954348E-02) ( -9.59262252E-04, -2.25007534E-02) (  0.00000000    ,  0.00000000    )
   0.00000000       0.00000000       2.00000000     (  6.79865479E-03, -3.53902578E-03) (  2.53319740E-03,  1.56927854E-03) (  0.00000000    ,  0.00000000    )
   0.00000000       1.00000000       0.00000000     ( -1.86730176E-03,  1.19954348E-02) (  0.00000000    ,  0.00000000    ) (  2.22586095E-03, -3.11993062E-03)
   0.00000000       1.00000000       1.00000000     (  3.41795385E-03, -3.09199095E-03) (  7.17118382E-03, -6.98491931E-03) ( -7.17118382E-03,  6.98491931E-03)
   0.00000000       1.00000000       2.00000000     ( -7.20843673E-03, -1.12690032E-03) ( -7.22706318E-03,  4.59840521E-04) (  3.61353159E-03, -2.29920261E-04)
   0.00000000       2.00000000       0.00000000     (  3.28145688E-05, -6.03497028E-03) (  0.00000000    ,  0.00000000    ) ( -4.05125320E-03,  6.05359674E-04)
   0.00000000       2.00000000       1.00000000     (  6.68689609E-03,  1.55996531E-04) ( -9.77888703E-04, -2.41212547E-03) (  1.95577741E-03,  4.82425094E-03)
   0.00000000      -2.00000000       0.00000000     (  3.28145688E-05,  6.03497028E-03) (  0.00000000    ,  0.00000000    ) ( -4.05125320E-03, -6.05359674E-04)
   0.00000000      -2.00000000       1.00000000     ( -9.31322575E-03, -4.07919288E-03) ( -2.07219273E-03,  8.91741365E-04) ( -4.14438546E-03,  1.78348273E-03)
   0.00000000      -1.00000000       0.00000000     ( -1.86730176E-03, -1.19954348E-02) (  0.00000000    ,  0.00000000    ) (  2.22586095E-03,  3.11993062E-03)
   0.00000000      -1.00000000       1.00000000     (  9.57399607E-03, -1.24052167E-02) ( -2.70083547E-03, -2.84984708E-03) ( -2.70083547E-03, -2.84984708E-03)
   0.00000000      -1.00000000       2.00000000     ( -4.93600965E-03,  6.70552254E-04) (  2.77650543E-04,  4.07919288E-03) (  1.38825271E-04,  2.03959644E-03)
   1.00000000       0.00000000       0.00000000     (  0.00000000    ,  0.00000000    ) ( -2.18302011E-02,  5.19677997E-03) (  2.36183405E-02,  1.97440386E-02)
   1.00000000       0.00000000       1.00000000     (  1.35973096E-03, -4.52622771E-03) ( -2.49594450E-02,  1.60187483E-02) ( -1.35973096E-03,  4.52622771E-03)
   1.00000000       0.00000000       2.00000000     (  1.06636435E-03,  1.89989805E-03) (  4.76837158E-03,  5.94183803E-03) ( -5.33182174E-04, -9.49949026E-04)
   1.00000000       1.00000000       0.00000000     (  5.25265932E-03,  4.93600965E-04) ( -5.25265932E-03, -4.93600965E-04) ( -6.40749931E-03,  2.67289579E-03)
   1.00000000       1.00000000       1.00000000     ( -2.95229256E-03,  1.39698386E-03) (  1.99303031E-03, -8.00937414E-04) (  9.54605639E-04, -5.93718141E-04)
   1.00000000       1.00000000       2.00000000     ( -2.30036676E-03, -2.27242708E-03) ( -3.91155481E-03, -4.18163836E-03) (  3.10130417E-03,  3.22237611E-03)
   1.00000000       2.00000000       0.00000000     ( -1.58324838E-03,  4.97326255E-03) (  7.91624188E-04, -2.48663127E-03) (  4.33647074E-05,  9.49949026E-03)
   1.00000000       2.00000000       1.00000000     (  6.12810254E-03,  2.90572643E-03) ( -1.85798854E-03, -1.95577741E-03) ( -2.41212547E-03,  1.00117177E-03)
   1.00000000      -2.00000000       0.00000000     ( -7.68341124E-04, -1.89756975E-04) ( -3.84170562E-04, -9.48784873E-05) ( -3.31550837E-03,  1.83354132E-04)
   1.00000000      -2.00000000       1.00000000     ( -1.92318112E-03,  9.08039510E-04) ( -1.65775418E-03,  1.58790499E-03) ( -1.39232725E-03,  2.27242708E-03)
   1.00000000      -1.00000000       0.00000000     ( -5.25265932E-03, -2.99885869E-03) ( -5.25265932E-03, -2.99885869E-03) ( -4.39584255E-03,  4.28408384E-03)
   1.00000000      -1.00000000       1.00000000     (  8.75443220E-03,  7.84173608E-03) (  2.47731805E-03,  7.33882189E-03) ( -6.27711415E-03, -4.97093424E-04)
   1.00000000      -1.00000000       2.00000000     (  3.11061740E-03,  5.60656190E-03) (  4.52622771E-03,  1.06170774E-03) (  7.10133463E-04, -2.27242708E-03)
   2.00000000       0.00000000       0.00000000     (  0.00000000    ,  0.00000000    ) (  1.14366412E-02, -6.57513738E-03) ( -3.05473804E-03,  4.41446900E-03)
   2.00000000       0.00000000       1.00000000     ( -4.48897481E-03,  1.99070200E-04) (  4.00468707E-03,  1.11013651E-02) (  8.97794962E-03, -3.98140401E-04)
   2.00000000       1.00000000       0.00000000     ( -1.76019967E-03,  3.10828909E-04) (  3.52039933E-03, -6.21657819E-04) ( -1.82073563E-03, -5.40167093E-03)
   2.00000000       1.00000000       1.00000000     (  2.42143869E-03,  4.69386578E-03) ( -5.25265932E-03, -8.45640898E-03) (  4.05125320E-04, -9.26665962E-04)
   2.00000000      -1.00000000       0.00000000     (  1.01746991E-03, -1.07334927E-03) (  2.03493983E-03, -2.14669853E-03) (  7.45058060E-04,  2.37487257E-03)
   2.00000000      -1.00000000       1.00000000     ( -4.24683094E-03,  4.23751771E-04) ( -4.29339707E-03, -1.45286322E-03) (  4.20026481E-03, -2.30036676E-03)
