   0.00000000       0.00000000       1.00000000     (  1.33365393E-02, -9.51811671E-03) (  4.23192978E-02, -1.24797225E-02) (  0.00000000    ,  0.00000000    )
   0.00000000       0.00000000       2.00000000     (  3.72529030E-05, -1.86264515E-05) ( -3.72529030E-05, -1.16415322E-06) (  0.00000000    ,  0.00000000    )
   0.00000000       1.00000000       0.00000000     ( -2.56113708E-03, -4.43309546E-03) (  0.00000000    ,  0.00000000    ) (  1.38580799E-02,  8.41915607E-03)
   0.00000000       1.00000000       1.00000000     (  8.97794962E-03,  7.99074769E-03) (  1.15483999E-03, -1.42026693E-03) ( -1.15483999E-03,  1.42026693E-03)
   0.00000000       1.00000000       2.00000000     (  9.31322575E-06, -9.31322575E-06) ( -9.31322575E-06,  9.31322575E-06) (  4.65661287E-06, -4.65661287E-06)
   0.00000000       2.00000000       0.00000000     (  1.86264515E-05,  1.86264515E-05) (  0.00000000    ,  0.00000000    ) ( -1.86264515E-05,  4.65661287E-06)
   0.00000000       2.00000000       1.00000000     (  3.72529030E-05, -4.65661287E-06) ( -4.65661287E-06, -4.65661287E-06) (  9.31322575E-06,  9.31322575E-06)
   0.00000000      -2.00000000       0.00000000     (  1.86264515E-05, -1.86264515E-05) (  0.00000000    ,  0.00000000    ) ( -1.86264515E-05, -4.65661287E-06)
   0.00000000      -2.00000000       1.00000000     ( -9.31322575E-06, -2.32830644E-06) ( -9.31322575E-06, -1.86264515E-05) ( -1.86264515E-05, -3.72529030E-05)
   0.00000000      -1.00000000       0.00000000     ( -2.56113708E-03,  4.43309546E-03) (  0.00000000    ,  0.00000000    ) (  1.38580799E-02, -8.41915607E-03)
   0.00000000      -1.00000000       1.00000000     ( -6.46337867E-03, -2.86847353E-02) ( -9.55536962E-03,  3.25962901E-03) ( -9.55536962E-03,  3.25962901E-03)
   0.00000000      -1.00000000       2.00000000     (  1.86264515E-05, -4.65661287E-06) (  9.31322575E-06, -4.65661287E-06) (  4.65661287E-06, -2.32830644E-06)
   1.00000000       0.00000000       0.00000000     (  0.00000000    ,  0.00000000    ) ( -3.06963921E-02,  2.28732824E-02) (  1.95950270E-02,  1.96043402E-03)
   1.00000000       0.00000000       1.00000000     ( -3.78116965E-03,  6.27478585E-04) ( -1.73225999E-02, -1.77323818E-02) (  3.78116965E-03, -6.27478585E-04)
   1.00000000       0.00000000       2.00000000     ( -1.86264515E-05, -9.31322575E-06) (  1.86264515E-05,  9.31322575E-06) (  9.31322575E-06,  4.65661287E-06)
   1.00000000       1.00000000       0.00000000     (  2.16532499E-03,  4.80562449E-03) ( -2.16532499E-03, -4.80562449E-03) ( -5.32716513E-03,  1.19209290E-02)
   1.00000000       1.00000000       1.00000000     (  9.31322575E-06,  9.31322575E-06) ( -3.72529030E-05, -2.91038305E-07) (  1.86264515E-05, -9.31322575E-06)
   1.00000000       1.00000000       2.00000000     ( -3.72529030E-05,  9.31322575E-06) (  1.86264515E-05,  1.86264515E-05) (  1.86264515E-05, -1.86264515E-05)
   1.00000000       2.00000000       0.00000000     ( -1.16415322E-06,  4.65661287E-06) (  5.82076609E-07, -2.32830644E-06) ( -1.86264515E-05,  2.32830644E-06)
   1.00000000       2.00000000       1.00000000     ( -4.65661287E-06,  4.65661287E-06) ( -9.31322575E-06,  2.32830644E-06) (  1.86264515E-05, -9.31322575E-06)
   1.00000000      -2.00000000       0.00000000     ( -4.65661287E-06,  9.31322575E-06) ( -2.32830644E-06,  4.65661287E-06) ( -9.31322575E-06, -1.86264515E-05)
   1.00000000      -2.00000000       1.00000000     ( -1.86264515E-05, -9.31322575E-06) ( -4.65661287E-06, -4.65661287E-06) (  1.86264515E-05,  5.82076609E-07)
   1.00000000      -1.00000000       0.00000000     (  6.61239028E-04, -5.19677997E-03) (  6.61239028E-04, -5.19677997E-03) ( -8.75443220E-03,  3.40491533E-02)
   1.00000000      -1.00000000       1.00000000     (  3.72529030E-05,  1.86264515E-05) (  5.82076609E-07, -3.72529030E-05) ( -3.72529030E-05, -7.45058060E-05)
   1.00000000      -1.00000000       2.00000000     ( -1.86264515E-05,  5.82076609E-07) ( -9.31322575E-06,  1.86264515E-05) (  4.65661287E-06,  9.31322575E-06)
   2.00000000       0.00000000       0.00000000     (  0.00000000    ,  0.00000000    ) (  9.31322575E-06,  3.72529030E-05) ( -1.86264515E-05,  5.82076609E-07)
   2.00000000       0.00000000       1.00000000     ( -2.32830644E-06,  5.82076609E-07) (  2.32830644E-06,  9.31322575E-06) (  4.65661287E-06, -1.16415322E-06)
   2.00000000       1.00000000       0.00000000     (  4.65661287E-06,  4.65661287E-06) ( -9.31322575E-06, -9.31322575E-06) (  1.16415322E-06,  1.86264515E-05)
   2.00000000       1.00000000       1.00000000     (  1.16415322E-06, -4.65661287E-06) ( -1.86264515E-05,  9.31322575E-06) (  9.31322575E-06,  1.16415322E-06)
   2.00000000      -1.00000000       0.00000000     ( -9.31322575E-06, -2.32830644E-06) ( -1.86264515E-05, -4.65661287E-06) ( -4.65661287E-06, -4.65661287E-06)
   2.00000000      -1.00000000       1.00000000     ( -4.65661287E-06, -1.86264515E-05) ( -9.31322575E-06, -9.31322575E-06) ( -4.65661287E-06,  1.86264515E-05)
