    0.000000        0.000000        1.000000      (2.1755695E-02,1.1920929E-02)
   (-7.3015690E-03,-1.7508864E-02)  (0.000000,0.000000)
    0.000000        0.000000        2.000000      
 (7.8044832E-03,-1.7881393E-03)  (6.0163438E-03,4.3027103E-03)  
 (0.000000,0.000000)
    0.000000        1.000000        0.000000      (7.8929588E-04,9.7230077E-03)
   (0.000000,0.000000)  (3.3713877E-03,-2.8591603E-03)
    0.000000        1.000000        1.000000      (4.1350722E-03,1.3830140E-03)
   (6.6496432E-03,-5.0850213E-03)  (-6.6496432E-03,5.0850213E-03)
    0.000000        1.000000        2.000000      
 (-8.2887709E-03,-2.5751069E-03)  (-6.4447522E-03,-7.4040145E-04)  
 (3.2223761E-03,3.7020072E-04)
    0.000000        2.000000        0.000000      
 (-2.5145710E-03,-2.1094456E-03)  (0.000000,0.000000)  
 (-1.6065314E-03,2.9802322E-03)
    0.000000        2.000000        1.000000      
 (1.1287630E-02,-3.2689422E-03)  (-1.2048986E-04,-2.2212043E-03)  
 (2.4097972E-04,4.4424087E-03)
    0.000000       -2.000000        0.000000      
 (-2.5145710E-03,2.1094456E-03)  (0.000000,0.000000)  
 (-1.6065314E-03,-2.9802322E-03)
    0.000000       -2.000000        1.000000      
 (-1.3038516E-02,-1.1138618E-02)  (-4.1257590E-03,1.1548400E-03)  
 (-8.2515180E-03,2.3096800E-03)
    0.000000       -1.000000        0.000000      
 (7.8929588E-04,-9.7230077E-03)  (0.000000,0.000000)  
 (3.3713877E-03,2.8591603E-03)
    0.000000       -1.000000        1.000000      
 (6.4447522E-03,-7.2643161E-03)  (-2.2631139E-03,-4.1350722E-03)  
 (-2.2631139E-03,-4.1350722E-03)
    0.000000       -1.000000        2.000000      
 (-1.3113022E-02,2.7986243E-03)  (-1.9790605E-03,2.9895455E-03)  
 (-9.8953024E-04,1.4947727E-03)
    1.000000        0.000000        0.000000      (0.000000,0.000000)  
 (-2.5182962E-02,4.8801303E-03)  (1.8477440E-02,1.8030405E-02)
    1.000000        0.000000        1.000000      
 (-1.4994293E-03,-3.7439167E-03)  (-2.0489097E-02,1.5050173E-02)  
 (1.4994293E-03,3.7439167E-03)
    1.000000        0.000000        2.000000      (9.4762072E-04,1.3015233E-03)
   (4.9546361E-03,1.0784715E-02)  (-4.7381036E-04,-6.5076165E-04)
    1.000000        1.000000        0.000000      
 (3.9674342E-03,-1.4062971E-03)  (-3.9674342E-03,1.4062971E-03)  
 (-3.2130629E-03,2.0954758E-03)
    1.000000        1.000000        1.000000      (6.1481842E-06,3.9022416E-03)
   (-1.3643876E-03,-2.6263297E-03)  (1.3597310E-03,-1.2759119E-03)
    1.000000        1.000000        2.000000      
 (-3.9208680E-03,3.3294782E-04)  (-9.5693395E-04,-5.7742000E-03)  
 (2.4400651E-03,2.7194619E-03)
    1.000000        2.000000        0.000000      (1.6205013E-03,2.6123598E-03)
   (-8.1025064E-04,-1.3061799E-03)  (3.7159771E-03,9.6671283E-03)
    1.000000        2.000000        1.000000      (4.4237822E-03,4.0046871E-03)
   (-1.7089769E-03,-1.9441359E-04)  (-1.0104850E-03,-3.6135316E-03)
    1.000000       -2.000000        0.000000      (2.0023435E-04,7.3388219E-03)
   (1.0011718E-04,3.6694109E-03)  (-6.7427754E-03,-1.1012889E-03)
    1.000000       -2.000000        1.000000      
 (-1.6251579E-03,2.3283064E-04)  (-7.7852746E-06,6.7520887E-04)  
 (1.6111881E-03,1.1175871E-03)
    1.000000       -1.000000        0.000000      
 (-2.3096800E-03,2.9103830E-04)  (-2.3096800E-03,2.9103830E-04)  
 (-5.1967800E-03,3.8184226E-03)
    1.000000       -1.000000        1.000000      (1.4528632E-02,2.1932647E-03)
   (5.1222742E-03,2.8964132E-03)  (-9.4063580E-03,7.0198439E-04)
    1.000000       -1.000000        2.000000      
 (-2.3283064E-03,1.0128133E-03)  (-4.9825758E-03,-3.8929284E-03)  
 (-1.3294630E-03,-2.4540350E-03)
    2.000000        0.000000        0.000000      (0.000000,0.000000)  
 (1.3932586E-02,-5.2712858E-03)  (-7.5204298E-04,2.5611371E-03)
    2.000000        0.000000        1.000000      
 (-3.8929284E-03,4.6286732E-03)  (5.1502138E-03,1.1250377E-02)  
 (7.7858567E-03,-9.2573464E-03)
    2.000000        1.000000        0.000000      
 (-1.8440187E-03,-2.2677705E-03)  (3.6880374E-03,4.5355409E-03)  
 (-6.9290400E-03,2.0209700E-03)
    2.000000        1.000000        1.000000      (3.5576522E-03,5.2805990E-03)
   (-5.5972487E-03,-1.3820827E-02)  (-1.5133992E-03,3.2596290E-03)
    2.000000       -1.000000        0.000000      
 (-1.9185245E-03,-3.2782555E-03)  (-3.8370490E-03,-6.5565109E-03)  
 (2.2491440E-03,4.2840838E-03)
    2.000000       -1.000000        1.000000      
 (-5.2060932E-03,2.0815060E-03)  (-4.9825758E-03,4.9453229E-03)  
 (5.4296106E-03,7.8463927E-04)
