   0.00000000       0.00000000      -2.00000000     (  1.41561031E-03,  2.92435288E-03) ( -2.08616257E-03,  3.07336450E-04) (  0.00000000    ,  0.00000000    )
   0.00000000       0.00000000      -1.00000000     (  2.76416540E-02, -1.07660890E-02) (  1.65775418E-02,  3.34531069E-02) (  0.00000000    ,  0.00000000    )
   0.00000000       1.00000000      -2.00000000     (  1.08266249E-04,  1.16415322E-03) (  6.14672899E-04,  1.53668225E-03) (  3.07336450E-04,  7.68341124E-04)
   0.00000000       1.00000000      -1.00000000     (  1.57207251E-02,  2.10106373E-02) (  9.68575478E-04,  5.90225682E-04) (  9.68575478E-04,  5.90225682E-04)
   0.00000000       2.00000000      -1.00000000     ( -5.55068254E-03, -1.46217644E-03) ( -1.08033419E-03, -7.96280801E-04) ( -2.16066837E-03, -1.59256160E-03)
   0.00000000      -2.00000000      -1.00000000     (  1.15483999E-03, -2.64495611E-03) ( -1.02445483E-03,  4.93600965E-04) (  2.04890966E-03, -9.87201929E-04)
   0.00000000      -1.00000000      -2.00000000     ( -3.12924385E-03, -1.16415322E-03) ( -8.42846930E-04, -1.53668225E-04) (  4.21423465E-04,  7.68341124E-05)
   0.00000000      -1.00000000      -1.00000000     (  6.61239028E-03,  3.56696546E-03) (  1.96974725E-03,  1.09523535E-02) ( -1.96974725E-03, -1.09523535E-02)
   1.00000000       0.00000000      -2.00000000     ( -1.29453838E-03,  2.29105353E-03) ( -1.99303031E-03,  2.96160579E-03) ( -6.47269189E-04,  1.14552677E-03)
   1.00000000       0.00000000      -1.00000000     (  5.84870577E-03, -2.77650543E-04) ( -1.22701749E-03, -2.98954546E-03) (  5.84870577E-03, -2.77650543E-04)
   1.00000000       1.00000000      -2.00000000     ( -2.47731805E-03,  1.05239451E-03) (  1.76951289E-03, -2.60770321E-03) ( -3.53902578E-04, -7.72997737E-04)
   1.00000000       1.00000000      -1.00000000     ( -2.66358256E-03, -9.12696123E-04) (  2.44006515E-03,  6.42612576E-04) ( -2.18860805E-04, -2.67755240E-04)
   1.00000000       2.00000000      -1.00000000     ( -2.88709998E-04,  8.56816769E-04) ( -4.47034836E-04,  1.06170774E-03) ( -1.18277967E-03,  2.98023224E-03)
   1.00000000      -2.00000000      -1.00000000     (  3.44589353E-04, -2.53785402E-04) (  9.59262252E-04,  5.21540642E-04) ( -1.58324838E-03, -1.29453838E-03)
   1.00000000      -1.00000000      -2.00000000     ( -5.77419996E-04, -1.71363354E-03) ( -5.82076609E-04, -1.16415322E-03) (  2.09183781E-06, -2.77068466E-04)
   1.00000000      -1.00000000      -1.00000000     ( -8.94069672E-04,  4.70317900E-04) ( -1.91852450E-03,  3.49245965E-04) (  1.02445483E-03,  1.19907781E-04)
   2.00000000       0.00000000      -1.00000000     ( -8.19563866E-04, -5.21540642E-04) ( -1.64844096E-03,  2.08383426E-04) ( -1.63912773E-03, -1.04308128E-03)
   2.00000000       1.00000000      -1.00000000     ( -3.30619514E-04, -6.11180440E-05) (  7.96280801E-04, -7.35744834E-04) (  1.30385160E-04, -8.56816769E-04)
   2.00000000      -1.00000000      -1.00000000     ( -2.18860805E-04, -2.63098627E-04) (  1.87428668E-04, -2.29105353E-03) ( -6.23986125E-04,  1.76951289E-03)
