   0.00000000       0.00000000       1.00000000     (  2.73436308E-02,  6.72414899E-03) (  3.00258398E-02, -3.33786011E-02) (  0.00000000    ,  0.00000000    )
   0.00000000       0.00000000       2.00000000     ( -2.53785402E-04,  2.45869160E-03) (  1.95577741E-03,  9.12696123E-04) (  0.00000000    ,  0.00000000    )
   0.00000000       1.00000000       0.00000000     ( -1.99303031E-02,  3.71364877E-04) (  0.00000000    ,  0.00000000    ) (  4.08850610E-03,  1.51246786E-02)
   0.00000000       1.00000000       1.00000000     (  8.41915607E-03,  5.50411642E-03) ( -2.03959644E-03, -9.61124897E-03) (  2.03959644E-03,  9.61124897E-03)
   0.00000000       1.00000000       2.00000000     (  2.10478902E-03, -1.76951289E-04) (  7.45058060E-04, -5.40167093E-04) ( -3.72529030E-04,  2.70083547E-04)
   0.00000000       2.00000000       0.00000000     (  2.67755240E-05, -1.41561031E-03) (  0.00000000    ,  0.00000000    ) (  1.84401870E-03, -2.49594450E-03)
   0.00000000       2.00000000       1.00000000     ( -1.01514161E-03, -9.31322575E-04) (  8.38190317E-04, -2.44472176E-04) ( -1.67638063E-03,  4.88944352E-04)
   0.00000000      -2.00000000       0.00000000     (  2.67755240E-05,  1.41561031E-03) (  0.00000000    ,  0.00000000    ) (  1.84401870E-03,  2.49594450E-03)
   0.00000000      -2.00000000       1.00000000     (  3.57627869E-03, -5.40167093E-04) (  6.79865479E-04, -4.37721610E-04) (  1.35973096E-03, -8.75443220E-04)
   0.00000000      -1.00000000       0.00000000     ( -1.99303031E-02, -3.71364877E-04) (  0.00000000    ,  0.00000000    ) (  4.08850610E-03, -1.51246786E-02)
   0.00000000      -1.00000000       1.00000000     (  7.22706318E-03, -2.98023224E-02) ( -1.17346644E-03,  2.77068466E-03) ( -1.17346644E-03,  2.77068466E-03)
   0.00000000      -1.00000000       2.00000000     (  2.84053385E-04,  4.79631126E-04) ( -6.17001206E-05,  9.40635800E-04) ( -3.08500603E-05,  4.70317900E-04)
   1.00000000       0.00000000       0.00000000     (  0.00000000    ,  0.00000000    ) ( -1.38208270E-02,  1.50874257E-02) (  3.54647636E-02,  2.59280205E-02)
   1.00000000       0.00000000       1.00000000     (  3.51108611E-03, -3.93018126E-03) ( -3.68058681E-02,  4.30271029E-03) ( -3.51108611E-03,  3.93018126E-03)
   1.00000000       0.00000000       2.00000000     ( -3.77185643E-04, -1.43423676E-03) ( -2.06753612E-03, -1.50874257E-03) (  1.88592821E-04,  7.17118382E-04)
   1.00000000       1.00000000       0.00000000     (  4.98257577E-03,  5.97909093E-03) ( -4.98257577E-03, -5.97909093E-03) ( -1.07660890E-02,  1.23679638E-02)
   1.00000000       1.00000000       1.00000000     ( -9.22009349E-04,  1.49011612E-03) (  1.63912773E-03, -9.08039510E-05) ( -7.17118382E-04, -1.39698386E-03)
   1.00000000       1.00000000       2.00000000     (  7.82310963E-04,  2.30502337E-04) (  1.03609636E-04, -1.33877620E-04) ( -4.42378223E-04, -4.83123586E-05)
   1.00000000       2.00000000       0.00000000     (  8.66129994E-04, -1.12690032E-03) ( -4.33064997E-04,  5.63450158E-04) ( -1.60187483E-03,  4.70317900E-04)
   1.00000000       2.00000000       1.00000000     ( -2.34693289E-03, -1.95577741E-04) (  1.75088644E-03,  4.98257577E-04) ( -1.14552677E-03, -8.00937414E-04)
   1.00000000      -2.00000000       0.00000000     (  4.42378223E-04,  1.34110451E-03) (  2.21189111E-04,  6.70552254E-04) (  1.27591193E-03,  1.00582838E-03)
   1.00000000      -2.00000000       1.00000000     (  4.98257577E-04, -1.63912773E-03) (  3.09664756E-04, -1.23865902E-03) (  1.21071935E-04, -8.56816769E-04)
   1.00000000      -1.00000000       0.00000000     ( -2.10013241E-03, -1.57952309E-02) ( -2.10013241E-03, -1.57952309E-02) ( -1.39698386E-02,  1.88127160E-02)
   1.00000000      -1.00000000       1.00000000     ( -1.32247806E-03, -3.30619514E-04) (  1.11758709E-03,  2.68220901E-03) (  2.44006515E-03,  3.01748514E-03)
   1.00000000      -1.00000000       2.00000000     (  1.56462193E-03, -1.89989805E-03) (  4.65661287E-04, -5.21540642E-04) ( -5.44823706E-04,  6.89178705E-04)
   2.00000000       0.00000000       0.00000000     (  0.00000000    ,  0.00000000    ) ( -2.27242708E-03, -1.76951289E-03) (  1.22934580E-03, -1.35973096E-03)
   2.00000000       0.00000000       1.00000000     ( -7.07805157E-04,  1.13621354E-03) ( -2.91038305E-04, -1.20140612E-03) (  1.41561031E-03, -2.27242708E-03)
   2.00000000       1.00000000       0.00000000     (  7.45058060E-04, -5.82076609E-04) ( -1.49011612E-03,  1.16415322E-03) (  4.14438546E-04, -1.17579475E-04)
   2.00000000       1.00000000       1.00000000     (  5.99538907E-05, -3.05008143E-04) ( -9.96515155E-04,  2.23517418E-03) (  8.75443220E-04, -1.63912773E-03)
   2.00000000      -1.00000000       0.00000000     (  3.72529030E-04, -1.07102096E-03) (  7.45058060E-04, -2.14204192E-03) (  4.33064997E-04, -9.96515155E-04)
   2.00000000      -1.00000000       1.00000000     (  1.20140612E-03, -2.12457962E-05) (  2.03028321E-03, -2.18860805E-04) ( -3.63215804E-04, -1.74622983E-04)
