   0.00000000       0.00000000       1.00000000     (  2.75671482E-02,  7.13393092E-03) (  2.90572643E-02, -3.37511301E-02) (  0.00000000    ,  0.00000000    )
   0.00000000       0.00000000       2.00000000     ( -2.23517418E-04,  2.03028321E-03) (  1.62050128E-03,  7.45058060E-04) (  0.00000000    ,  0.00000000    )
   0.00000000       1.00000000       0.00000000     ( -1.97812915E-02,  6.35627657E-04) (  0.00000000    ,  0.00000000    ) (  3.94880772E-03,  1.45658851E-02)
   0.00000000       1.00000000       1.00000000     (  8.40052962E-03,  4.75905836E-03) ( -1.79745257E-03, -9.92789865E-03) (  1.79745257E-03,  9.92789865E-03)
   0.00000000       1.00000000       2.00000000     (  1.78813934E-03, -2.28174031E-04) (  5.77419996E-04, -4.23751771E-04) ( -2.88709998E-04,  2.11875886E-04)
   0.00000000       2.00000000       0.00000000     (  1.44354999E-04, -1.03376806E-03) (  0.00000000    ,  0.00000000    ) (  1.43423676E-03, -1.99303031E-03)
   0.00000000       2.00000000       1.00000000     ( -8.19563866E-04, -8.75443220E-04) (  6.79865479E-04, -1.55996531E-04) ( -1.35973096E-03,  3.11993062E-04)
   0.00000000      -2.00000000       0.00000000     (  1.44354999E-04,  1.03376806E-03) (  0.00000000    ,  0.00000000    ) (  1.43423676E-03,  1.99303031E-03)
   0.00000000      -2.00000000       1.00000000     (  3.05473804E-03, -4.70317900E-04) (  5.96046448E-04, -4.05125320E-04) (  1.19209290E-03, -8.10250640E-04)
   0.00000000      -1.00000000       0.00000000     ( -1.97812915E-02, -6.35627657E-04) (  0.00000000    ,  0.00000000    ) (  3.94880772E-03, -1.45658851E-02)
   0.00000000      -1.00000000       1.00000000     (  8.12113285E-03, -2.91317701E-02) ( -8.19563866E-04,  2.52854079E-03) ( -8.19563866E-04,  2.52854079E-03)
   0.00000000      -1.00000000       2.00000000     (  2.79396772E-04,  4.23751771E-04) ( -1.28056854E-04,  8.19563866E-04) ( -6.40284270E-05,  4.09781933E-04)
   1.00000000       0.00000000       0.00000000     (  0.00000000    ,  0.00000000    ) ( -1.36345625E-02,  1.46031380E-02) (  3.55392694E-02,  2.65240669E-02)
   1.00000000       0.00000000       1.00000000     (  3.82773578E-03, -3.84636223E-03) ( -3.68803740E-02,  5.30853868E-03) ( -3.82773578E-03,  3.84636223E-03)
   1.00000000       0.00000000       2.00000000     ( -3.63215804E-04, -1.15483999E-03) ( -1.80676579E-03, -1.26659870E-03) (  1.81607902E-04,  5.77419996E-04)
   1.00000000       1.00000000       0.00000000     (  5.28059900E-03,  6.29574060E-03) ( -5.28059900E-03, -6.29574060E-03) ( -1.06543303E-02,  1.21071935E-02)
   1.00000000       1.00000000       1.00000000     ( -6.79865479E-04,  1.24797225E-03) (  1.26659870E-03, -9.42964107E-05) ( -5.86733222E-04, -1.15483999E-03)
   1.00000000       1.00000000       2.00000000     (  5.86733222E-04,  1.90921128E-04) (  1.58324838E-04, -1.14087015E-04) ( -3.72529030E-04, -3.84170562E-05)
   1.00000000       2.00000000       0.00000000     (  7.82310963E-04, -1.02445483E-03) ( -3.91155481E-04,  5.12227416E-04) ( -1.24797225E-03,  4.84287739E-04)
   1.00000000       2.00000000       1.00000000     ( -1.93715096E-03, -9.54605639E-05) (  1.49011612E-03,  4.09781933E-04) ( -1.03376806E-03, -7.17118382E-04)
   1.00000000      -2.00000000       0.00000000     (  3.21306288E-04,  1.13621354E-03) (  1.60653144E-04,  5.68106771E-04) (  1.08033419E-03,  7.26431608E-04)
   1.00000000      -2.00000000       1.00000000     (  3.86498868E-04, -1.41561031E-03) (  2.65426934E-04, -1.08033419E-03) (  1.44354999E-04, -7.54371285E-04)
   1.00000000      -1.00000000       0.00000000     ( -2.27708369E-03, -1.60932541E-02) ( -2.27708369E-03, -1.60932541E-02) ( -1.37463212E-02,  1.79558992E-02)
   1.00000000      -1.00000000       1.00000000     ( -1.03376806E-03, -2.60770321E-04) (  9.59262252E-04,  2.16066837E-03) (  1.99303031E-03,  2.42143869E-03)
   1.00000000      -1.00000000       2.00000000     (  1.13621354E-03, -1.49011612E-03) (  3.30619514E-04, -4.23751771E-04) ( -4.00468707E-04,  5.35510480E-04)
   2.00000000       0.00000000       0.00000000     (  0.00000000    ,  0.00000000    ) ( -1.89989805E-03, -1.34110451E-03) (  1.04308128E-03, -9.87201929E-04)
   2.00000000       0.00000000       1.00000000     ( -5.68106771E-04,  9.22009349E-04) ( -2.23517418E-04, -9.77888703E-04) (  1.13621354E-03, -1.84401870E-03)
   2.00000000       1.00000000       0.00000000     (  6.51925802E-04, -4.28408384E-04) ( -1.30385160E-03,  8.56816769E-04) (  2.70083547E-04,  1.23400241E-04)
   2.00000000       1.00000000       1.00000000     (  8.96397978E-05, -2.58442014E-04) ( -8.28877091E-04,  1.80676579E-03) (  6.51925802E-04, -1.28522515E-03)
   2.00000000      -1.00000000       0.00000000     (  2.84053385E-04, -8.84756446E-04) (  5.68106771E-04, -1.76951289E-03) (  3.16649675E-04, -8.56816769E-04)
   2.00000000      -1.00000000       1.00000000     (  1.01514161E-03, -8.58562998E-06) (  1.62050128E-03, -1.62981451E-04) ( -4.05125320E-04, -1.46683306E-04)
