    0.000000        0.000000       -2.000000      (7.1153045E-03,3.3807009E-03)
   (3.0547380E-03,-1.7136335E-03)  (0.000000,0.000000)
    0.000000        0.000000       -1.000000      
 (2.3245811E-02,-1.2069941E-02)  (-1.6437843E-03,2.1979213E-02)  
 (0.000000,0.000000)
    0.000000        1.000000       -2.000000      
 (-5.8859587E-03,-1.1734664E-03)  (1.3271347E-04,-4.4330955E-03)  
 (6.6356733E-05,-2.2165477E-03)
    0.000000        1.000000       -1.000000      (9.0897083E-03,1.1920929E-02)
   (-2.7753413E-03,2.9895455E-03)  (-2.7753413E-03,2.9895455E-03)
    0.000000        2.000000       -1.000000      
 (-9.7602606E-03,4.9732625E-03)  (-2.3841858E-03,-8.7777153E-04)  
 (-4.7683716E-03,-1.7555431E-03)
    0.000000       -2.000000       -1.000000      (7.4505806E-03,4.4703484E-04)
   (-8.2189217E-04,2.4493784E-03)  (1.6437843E-03,-4.8987567E-03)
    0.000000       -1.000000       -2.000000      
 (-7.4133277E-03,1.2991950E-03)  (-7.5623393E-03,-4.2142347E-04)  
 (3.7811697E-03,2.1071173E-04)
    0.000000       -1.000000       -1.000000      (3.5110861E-03,2.7101487E-03)
   (7.2643161E-03,6.7986548E-03)  (-7.2643161E-03,-6.7986548E-03)
    1.000000        0.000000       -2.000000      (4.0419400E-03,4.5914203E-03)
   (-2.7753413E-03,7.7672303E-03)  (2.0209700E-03,2.2957101E-03)
    1.000000        0.000000       -1.000000      (3.9115548E-03,2.9918738E-04)
   (9.3504786E-03,-1.2898818E-03)  (3.9115548E-03,2.9918738E-04)
    1.000000        1.000000       -2.000000      
 (-3.5762787E-03,-3.5017729E-03)  (3.6321580E-03,-9.3132257E-03)  
 (2.3792381E-05,-6.4074993E-03)
    1.000000        1.000000       -1.000000      
 (-7.6927245E-03,-4.9918890E-03)  (4.4889748E-03,-3.1897798E-04)  
 (-3.2037497E-03,-5.3085387E-03)
    1.000000        2.000000       -1.000000      
 (-7.2270632E-03,-3.5017729E-03)  (1.2246892E-03,1.4668331E-03)  
 (-4.7869980E-03,-5.7043508E-04)
    1.000000       -2.000000       -1.000000      
 (2.2351742E-04,-4.5821071E-03)  (-5.3085387E-04,-3.5297126E-03)  
 (1.2852252E-03,2.4680048E-03)
    1.000000       -1.000000       -2.000000      (2.3469329E-03,2.0070001E-03)
   (-7.9860911E-04,1.6018748E-03)  (1.5692785E-03,2.0314474E-04)
    1.000000       -1.000000       -1.000000      
 (-5.9790909E-03,1.4808029E-03)  (-7.4133277E-03,1.0291114E-03)  
 (1.4342368E-03,4.5052730E-04)
    2.000000        0.000000       -1.000000      
 (-1.5879050E-03,2.6728958E-03)  (-5.3457916E-03,4.9732625E-03)  
 (-3.1758100E-03,5.3457916E-03)
    2.000000        1.000000       -1.000000      (8.5216016E-04,1.3830140E-03)
   (2.8125942E-03,-5.8114529E-03)  (4.5169145E-03,-3.0454248E-03)
    2.000000       -1.000000       -1.000000      
 (-3.2014214E-04,-1.2945384E-03)  (1.8812716E-03,9.0803951E-04)  
 (-2.5238842E-03,-3.4924597E-03)
