   0.00000000       0.00000000      -2.00000000     (  8.15838575E-03,  2.05822289E-03) ( -1.19209290E-02,  6.37024641E-03) (  0.00000000    ,  0.00000000    )
   0.00000000       0.00000000      -1.00000000     (  7.05476850E-04,  1.08405948E-02) (  2.25007534E-02, -3.32482159E-03) (  0.00000000    ,  0.00000000    )
   0.00000000       1.00000000      -2.00000000     ( -1.68103725E-03,  3.40864062E-03) (  1.72294676E-03, -2.37487257E-03) (  8.61473382E-04, -1.18743628E-03)
   0.00000000       1.00000000      -1.00000000     ( -7.22706318E-03,  1.18091702E-02) ( -5.96046448E-03, -5.56930900E-03) ( -5.96046448E-03, -5.56930900E-03)
   0.00000000       2.00000000      -1.00000000     (  8.66129994E-04, -1.36438757E-03) ( -8.33533704E-04, -2.16532499E-04) ( -1.66706741E-03, -4.33064997E-04)
   0.00000000      -2.00000000      -1.00000000     ( -1.10827386E-03,  5.12227416E-03) ( -1.61118805E-03, -1.72294676E-03) (  3.22237611E-03,  3.44589353E-03)
   0.00000000      -1.00000000      -2.00000000     (  6.05359674E-03,  5.32716513E-03) ( -2.47731805E-03, -2.67289579E-03) (  1.23865902E-03,  1.33644789E-03)
   0.00000000      -1.00000000      -1.00000000     ( -2.84053385E-03,  1.24331564E-03) (  4.07919288E-03,  1.25728548E-03) ( -4.07919288E-03, -1.25728548E-03)
   1.00000000       0.00000000      -2.00000000     ( -2.01165676E-03, -1.27125531E-03) (  8.75443220E-04,  7.04079866E-03) ( -1.00582838E-03, -6.35627657E-04)
   1.00000000       0.00000000      -1.00000000     (  9.42498446E-03, -5.55068254E-03) ( -4.13507223E-03,  2.71201134E-02) (  9.42498446E-03, -5.55068254E-03)
   1.00000000       1.00000000      -2.00000000     (  2.36555934E-03,  3.12924385E-03) ( -6.48200512E-03, -8.52742232E-05) ( -2.05822289E-03,  1.51805580E-03)
   1.00000000       1.00000000      -1.00000000     (  1.54133886E-03,  8.71717930E-03) ( -2.18860805E-03, -5.86733222E-03) ( -6.51925802E-04,  2.84984708E-03)
   1.00000000       2.00000000      -1.00000000     (  2.96160579E-03,  4.58676368E-04) ( -7.45058060E-04, -1.61235221E-04) (  1.47614628E-03,  1.35623850E-04)
   1.00000000      -2.00000000      -1.00000000     (  2.86381692E-04,  5.49480319E-04) ( -1.47265382E-04, -8.55652615E-05) (  5.79748303E-04,  7.19446689E-04)
   1.00000000      -1.00000000      -2.00000000     ( -1.48080289E-03, -4.91738319E-03) ( -1.05239451E-03,  4.19095159E-03) ( -2.14204192E-04, -4.54485416E-03)
   1.00000000      -1.00000000      -1.00000000     ( -1.42026693E-03,  5.07570803E-04) ( -1.70432031E-03, -4.00468707E-03) (  2.79396772E-04,  4.50760126E-03)
   2.00000000       0.00000000      -1.00000000     ( -1.91852450E-03,  5.82076609E-05) ( -2.68220901E-03, -8.40518624E-04) ( -3.83704901E-03,  1.16415322E-04)
   2.00000000       1.00000000      -1.00000000     (  1.00582838E-03,  5.40167093E-04) ( -4.19095159E-03, -2.42143869E-03) ( -2.17929482E-03, -1.34110451E-03)
   2.00000000      -1.00000000      -1.00000000     (  1.20606273E-03, -6.35627657E-04) (  1.99303031E-03,  1.24331564E-03) (  4.19095159E-04, -2.51457095E-03)
