    0.000000        0.000000        1.000000      (2.2947788E-02,1.2777746E-02)
   (-1.5199184E-02,-1.8477440E-02)  (0.000000,0.000000)
    0.000000        0.000000        2.000000      
 (1.9371510E-03,-1.0244548E-04)  (2.5890768E-03,2.3283064E-03)  
 (0.000000,0.000000)
    0.000000        1.000000        0.000000      (4.0046871E-03,3.0640513E-03)
   (0.000000,0.000000)  (5.4202974E-03,-3.6787242E-04)
    0.000000        1.000000        1.000000      (6.8172812E-03,9.4994903E-03)
   (4.7869980E-03,-4.3213367E-03)  (-4.7869980E-03,4.3213367E-03)
    0.000000        1.000000        2.000000      
 (-4.0791929E-03,-7.3108822E-04)  (-3.8184226E-04,-1.9837171E-03)  
 (1.9092113E-04,9.9185854E-04)
    0.000000        2.000000        0.000000      
 (-2.1513551E-03,1.2479722E-03)  (0.000000,0.000000)  
 (1.2805685E-03,1.5832484E-03)
    0.000000        2.000000        1.000000      
 (1.5366822E-03,-1.4714897E-03)  (-8.3819032E-04,-3.1432137E-04)  
 (1.6763806E-03,6.2864274E-04)
    0.000000       -2.000000        0.000000      
 (-2.1513551E-03,-1.2479722E-03)  (0.000000,0.000000)  
 (1.2805685E-03,-1.5832484E-03)
    0.000000       -2.000000        1.000000      
 (-4.3399632E-03,-5.1967800E-03)  (-7.9162419E-04,-2.6193447E-04)  
 (-1.5832484E-03,-5.2386895E-04)
    0.000000       -1.000000        0.000000      
 (4.0046871E-03,-3.0640513E-03)  (0.000000,0.000000)  
 (5.4202974E-03,3.6787242E-04)
    0.000000       -1.000000        1.000000      
 (1.0281801E-02,-3.9301813E-03)  (-7.7299774E-04,-6.4074993E-03)  
 (-7.7299774E-04,-6.4074993E-03)
    0.000000       -1.000000        2.000000      
 (-6.1094761E-03,-9.6391886E-04)  (-2.0023435E-03,-2.6170164E-03)  
 (-1.0011718E-03,-1.3085082E-03)
    1.000000        0.000000        0.000000      (0.000000,0.000000)  
 (-3.1143427E-02,7.2456896E-03)  (1.6465783E-02,2.1308661E-02)
    1.000000        0.000000        1.000000      
 (-4.5821071E-03,-1.9092113E-03)  (-1.5273690E-02,1.3858080E-02)  
 (4.5821071E-03,1.9092113E-03)
    1.000000        0.000000        2.000000      (2.2555469E-05,1.3411045E-03)
   (2.1606684E-03,3.2782555E-03)  (-1.1277734E-05,-6.7055225E-04)
    1.000000        1.000000        0.000000      
 (1.3830140E-03,-1.1548400E-03)  (-1.3830140E-03,1.1548400E-03)  
 (2.1595042E-04,4.5076013E-03)
    1.000000        1.000000        1.000000      (1.3969839E-03,2.5890768E-03)
   (-2.0861626E-03,-2.8312206E-03)  (6.9383532E-04,2.4097972E-04)
    1.000000        1.000000        2.000000      
 (-2.0489097E-03,1.5553087E-03)  (4.9825758E-04,-9.8254532E-04)  
 (7.7765435E-04,-2.8521754E-04)
    1.000000        2.000000        0.000000      (2.6635826E-03,1.3597310E-03)
   (-1.3317913E-03,-6.7986548E-04)  (8.0559403E-04,2.9243529E-03)
    1.000000        2.000000        1.000000      (1.0151416E-03,1.3411045E-03)
   (-1.3178214E-03,4.2608008E-04)  (1.6205013E-03,-2.1886081E-03)
    1.000000       -2.000000        0.000000      (1.1920929E-03,1.6950071E-03)
   (5.9604645E-04,8.4750354E-04)  (-1.9371510E-03,-4.3655746E-05)
    1.000000       -2.000000        1.000000      
 (-2.1420419E-03,-1.3969839E-03)  (-1.1455268E-03,-1.1967495E-03)  
 (-1.4668331E-04,-9.9651515E-04)
    1.000000       -1.000000        0.000000      
 (1.3830140E-03,-4.8661605E-04)  (1.3830140E-03,-4.8661605E-04)  
 (-7.8976154E-03,2.0954758E-03)
    1.000000       -1.000000        1.000000      
 (5.2526593E-03,-4.2468309E-03)  (1.1688098E-03,-2.3934990E-03)  
 (-4.0791929E-03,1.8533319E-03)
    1.000000       -1.000000        2.000000      
 (-3.0919909E-03,-1.5646219E-03)  (-3.8929284E-03,-2.4214387E-03)  
 (-3.9814040E-04,-4.2840838E-04)
    2.000000        0.000000        0.000000      (0.000000,0.000000)  
 (4.2282045E-03,-6.0535967E-05)  (-7.5437129E-04,-1.0849908E-03)
    2.000000        0.000000        1.000000      
 (-4.8894435E-04,2.6822090E-03)  (1.1827797E-03,3.6135316E-03)  
 (9.7788870E-04,-5.3644180E-03)
    2.000000        1.000000        0.000000      
 (-8.7544322E-04,-1.8719584E-03)  (1.7508864E-03,3.7439167E-03)  
 (-4.0419400E-03,4.6752393E-03)
    2.000000        1.000000        1.000000      (1.3597310E-03,1.3411045E-03)
   (-7.5437129E-04,-5.4761767E-03)  (-1.9650906E-03,2.8125942E-03)
    2.000000       -1.000000        0.000000      
 (-2.9243529E-03,-1.0617077E-03)  (-5.8487058E-03,-2.1234155E-03)  
 (-1.1734664E-03,2.0675361E-03)
    2.000000       -1.000000        1.000000      
 (-1.3876706E-03,7.6368451E-04)  (-2.6309863E-04,3.5949051E-03)  
 (2.5052577E-03,2.0675361E-03)
