   0.00000000       0.00000000       1.00000000     (  2.31713057E-02,  1.16974115E-02) (  2.75904313E-04, -2.30967999E-02) (  0.00000000    ,  0.00000000    )
   0.00000000       0.00000000       2.00000000     (  6.66826963E-03, -4.04193997E-03) (  1.72760338E-03,  1.47148967E-03) (  0.00000000    ,  0.00000000    )
   0.00000000       1.00000000       0.00000000     ( -2.51457095E-03,  1.16974115E-02) (  0.00000000    ,  0.00000000    ) (  2.01165676E-03, -2.70083547E-03)
   0.00000000       1.00000000       1.00000000     (  3.22237611E-03, -3.64147127E-03) (  6.81728125E-03, -7.20843673E-03) ( -6.81728125E-03,  7.20843673E-03)
   0.00000000       1.00000000       2.00000000     ( -7.28294253E-03, -9.15024430E-04) ( -6.96629286E-03,  5.32018021E-04) (  3.48314643E-03, -2.66009010E-04)
   0.00000000       2.00000000       0.00000000     ( -3.29455361E-04, -6.42612576E-03) (  0.00000000    ,  0.00000000    ) ( -4.71249223E-03,  4.09781933E-04)
   0.00000000       2.00000000       1.00000000     (  5.79282641E-03,  1.27125531E-03) ( -1.32247806E-03, -2.45869160E-03) (  2.64495611E-03,  4.91738319E-03)
   0.00000000      -2.00000000       0.00000000     ( -3.29455361E-04,  6.42612576E-03) (  0.00000000    ,  0.00000000    ) ( -4.71249223E-03, -4.09781933E-04)
   0.00000000      -2.00000000       1.00000000     ( -9.20146704E-03, -2.82190740E-03) ( -1.71363354E-03,  1.01281330E-03) ( -3.42726707E-03,  2.02562660E-03)
   0.00000000      -1.00000000       0.00000000     ( -2.51457095E-03, -1.16974115E-02) (  0.00000000    ,  0.00000000    ) (  2.01165676E-03,  2.70083547E-03)
   0.00000000      -1.00000000       1.00000000     (  1.03190541E-02, -1.29640102E-02) ( -2.46800482E-03, -2.58907676E-03) ( -2.46800482E-03, -2.58907676E-03)
   0.00000000      -1.00000000       2.00000000     ( -3.67872417E-03, -2.30502337E-04) (  5.16884029E-04,  3.54833901E-03) (  2.58442014E-04,  1.77416950E-03)
   1.00000000       0.00000000       0.00000000     (  0.00000000    ,  0.00000000    ) ( -2.05636024E-02,  5.27128577E-03) (  2.39908695E-02,  1.98930502E-02)
   1.00000000       0.00000000       1.00000000     (  1.87195837E-03, -4.30271029E-03) ( -2.50339508E-02,  1.57207251E-02) ( -1.87195837E-03,  4.30271029E-03)
   1.00000000       0.00000000       2.00000000     (  1.05472282E-03,  2.19792128E-03) (  5.06639481E-03,  5.17815351E-03) ( -5.27361408E-04, -1.09896064E-03)
   1.00000000       1.00000000       0.00000000     (  5.27128577E-03,  1.03842467E-03) ( -5.27128577E-03, -1.03842467E-03) ( -6.76140189E-03,  2.97091901E-03)
   1.00000000       1.00000000       1.00000000     ( -3.25031579E-03,  1.05239451E-03) (  2.29105353E-03, -6.07687980E-04) (  9.59262252E-04, -4.43542376E-04)
   1.00000000       1.00000000       2.00000000     ( -2.18860805E-03, -2.46800482E-03) ( -4.45172191E-03, -3.76254320E-03) (  3.32482159E-03,  3.11993062E-03)
   1.00000000       2.00000000       0.00000000     ( -1.82539225E-03,  5.34579158E-03) (  9.12696123E-04, -2.67289579E-03) ( -4.78466973E-04,  9.42498446E-03)
   1.00000000       2.00000000       1.00000000     (  6.46337867E-03,  2.73808837E-03) ( -2.25380063E-03, -2.17463821E-03) ( -1.96043402E-03,  1.61118805E-03)
   1.00000000      -2.00000000       0.00000000     ( -4.90108505E-04, -1.39232725E-03) ( -2.45054252E-04, -6.96163625E-04) ( -2.55182385E-03,  7.40401447E-04)
   1.00000000      -2.00000000       1.00000000     ( -2.07684934E-03,  7.61356205E-04) ( -1.99303031E-03,  1.46217644E-03) ( -1.91386789E-03,  2.16532499E-03)
   1.00000000      -1.00000000       0.00000000     ( -5.58793545E-03, -3.91155481E-03) ( -5.58793545E-03, -3.91155481E-03) ( -4.32133675E-03,  4.37721610E-03)
   1.00000000      -1.00000000       1.00000000     (  7.76723027E-03,  8.19563866E-03) (  1.78348273E-03,  7.45058060E-03) ( -5.97909093E-03, -7.40401447E-04)
   1.00000000      -1.00000000       2.00000000     (  3.68803740E-03,  6.01634383E-03) (  5.73694706E-03,  1.93249434E-03) (  1.02911144E-03, -2.03959644E-03)
   2.00000000       0.00000000       0.00000000     (  0.00000000    ,  0.00000000    ) (  1.11386180E-02, -6.38887286E-03) ( -3.66009772E-03,  4.22820449E-03)
   2.00000000       0.00000000       1.00000000     ( -4.43309546E-03, -5.09899110E-04) (  3.60421836E-03,  1.09896064E-02) (  8.86619091E-03,  1.01979822E-03)
   2.00000000       1.00000000       0.00000000     ( -1.96509063E-03,  5.93718141E-04) (  3.93018126E-03, -1.18743628E-03) ( -1.37370080E-03, -6.59376383E-03)
   2.00000000       1.00000000       1.00000000     (  2.19792128E-03,  4.54485416E-03) ( -5.12227416E-03, -7.91624188E-03) (  7.24103302E-04, -1.17346644E-03)
   2.00000000      -1.00000000       0.00000000     (  1.30385160E-03, -6.19329512E-04) (  2.60770321E-03, -1.23865902E-03) (  5.09899110E-04,  2.03959644E-03)
   2.00000000      -1.00000000       1.00000000     ( -3.98606062E-03,  4.84287739E-04) ( -3.76254320E-03, -1.80676579E-03) (  4.20026481E-03, -2.77534127E-03)
