   0.00000000       0.00000000      -2.00000000     (  6.18398190E-03,  1.23865902E-03) ( -8.64267349E-03,  4.89875674E-03) (  0.00000000    ,  0.00000000    )
   0.00000000       0.00000000      -1.00000000     (  1.65775418E-03,  1.10268593E-02) (  2.47359276E-02, -1.82539225E-03) (  0.00000000    ,  0.00000000    )
   0.00000000       1.00000000      -2.00000000     ( -7.77654350E-04,  2.75671482E-03) (  1.95577741E-03, -1.18743628E-03) (  9.77888703E-04, -5.93718141E-04)
   0.00000000       1.00000000      -1.00000000     ( -6.92903996E-03,  1.30385160E-02) ( -6.61239028E-03, -5.28991222E-03) ( -6.61239028E-03, -5.28991222E-03)
   0.00000000       2.00000000      -1.00000000     ( -5.70435077E-04, -1.62981451E-03) ( -9.82545316E-04,  5.12227416E-05) ( -1.96509063E-03,  1.02445483E-04)
   0.00000000      -2.00000000      -1.00000000     ( -9.96515155E-04,  4.39584255E-03) ( -8.98726285E-04, -1.39698386E-03) (  1.79745257E-03,  2.79396772E-03)
   0.00000000      -1.00000000      -2.00000000     (  4.52622771E-03,  4.37721610E-03) ( -1.22934580E-03, -2.35624611E-03) (  6.14672899E-04,  1.17812306E-03)
   0.00000000      -1.00000000      -1.00000000     ( -1.03376806E-03,  3.18977982E-04) (  4.07919288E-03,  1.24331564E-03) ( -4.07919288E-03, -1.24331564E-03)
   1.00000000       0.00000000      -2.00000000     ( -1.63912773E-03, -8.70786607E-04) (  1.35041773E-03,  5.84870577E-03) ( -8.19563866E-04, -4.35393304E-04)
   1.00000000       0.00000000      -1.00000000     (  9.57399607E-03, -5.51342964E-03) ( -4.58210707E-03,  2.63750553E-02) (  9.57399607E-03, -5.51342964E-03)
   1.00000000       1.00000000      -2.00000000     (  2.16998160E-03,  2.63564289E-03) ( -5.58793545E-03,  2.94530764E-04) ( -1.70432031E-03,  1.46217644E-03)
   1.00000000       1.00000000      -1.00000000     (  1.92812877E-05,  7.93486834E-03) ( -2.29105353E-03, -5.19677997E-03) ( -2.27242708E-03,  2.73808837E-03)
   1.00000000       2.00000000      -1.00000000     (  2.44006515E-03, -2.45636329E-04) ( -1.15018338E-03, -3.51574272E-04) (  1.36205927E-04, -9.49949026E-04)
   1.00000000      -2.00000000      -1.00000000     ( -1.07684173E-04, -7.40401447E-04) ( -1.59488991E-04, -3.56230885E-04) (  2.09547579E-04, -2.86672730E-05)
   1.00000000      -1.00000000      -2.00000000     ( -9.91858542E-04, -3.42726707E-03) ( -9.82545316E-04,  3.37138772E-03) ( -4.51109372E-06, -3.40864062E-03)
   1.00000000      -1.00000000      -1.00000000     ( -5.68106771E-04,  5.23868948E-04) ( -9.35979187E-04, -2.44937837E-03) (  3.70200723E-04,  2.98023224E-03)
   2.00000000       0.00000000      -1.00000000     ( -1.63912773E-03,  1.76951289E-04) ( -9.82545316E-04, -1.33179128E-03) ( -3.27825546E-03,  3.53902578E-04)
   2.00000000       1.00000000      -1.00000000     (  3.17813829E-04, -1.69966370E-04) ( -3.27825546E-03, -1.13621354E-03) ( -2.63564289E-03, -1.47148967E-03)
   2.00000000      -1.00000000      -1.00000000     (  1.30385160E-03, -3.65544111E-04) (  1.45286322E-03,  1.45286322E-03) (  1.15018338E-03, -2.17929482E-03)
