   0.00000000       0.00000000       1.00000000     (  1.55717134E-02, -6.14672899E-03) (  4.08291817E-02, -1.60187483E-02) (  0.00000000    ,  0.00000000    )
   0.00000000       0.00000000       2.00000000     ( -2.04890966E-04,  1.67638063E-04) (  2.04890966E-04, -2.09547579E-05) (  0.00000000    ,  0.00000000    )
   0.00000000       1.00000000       0.00000000     ( -5.99771738E-03, -3.80910933E-03) (  0.00000000    ,  0.00000000    ) (  1.13248825E-02,  1.15111470E-02)
   0.00000000       1.00000000       1.00000000     (  9.16421413E-03,  1.00582838E-02) ( -4.61004674E-04, -1.81142241E-03) (  4.61004674E-04,  1.81142241E-03)
   0.00000000       1.00000000       2.00000000     (  4.36557457E-07,  8.38190317E-05) (  7.45058060E-05, -5.12227416E-05) ( -3.72529030E-05,  2.56113708E-05)
   0.00000000       2.00000000       0.00000000     ( -6.05359674E-05, -1.86264515E-04) (  0.00000000    ,  0.00000000    ) (  2.42143869E-04, -5.58793545E-05)
   0.00000000       2.00000000       1.00000000     ( -2.60770321E-04,  5.58793545E-05) (  7.45058060E-05,  2.79396772E-05) ( -1.49011612E-04, -5.58793545E-05)
   0.00000000      -2.00000000       0.00000000     ( -6.05359674E-05,  1.86264515E-04) (  0.00000000    ,  0.00000000    ) (  2.42143869E-04,  5.58793545E-05)
   0.00000000      -2.00000000       1.00000000     (  6.51925802E-05,  3.72529030E-05) (  3.72529030E-05,  1.02445483E-04) (  7.45058060E-05,  2.04890966E-04)
   0.00000000      -1.00000000       0.00000000     ( -5.99771738E-03,  3.80910933E-03) (  0.00000000    ,  0.00000000    ) (  1.13248825E-02, -1.15111470E-02)
   0.00000000      -1.00000000       1.00000000     ( -5.27128577E-03, -3.05473804E-02) ( -8.45640898E-03,  2.49128789E-03) ( -8.45640898E-03,  2.49128789E-03)
   0.00000000      -1.00000000       2.00000000     ( -1.49011612E-04,  1.16415322E-05) ( -2.32830644E-05,  6.05359674E-05) ( -1.16415322E-05,  3.02679837E-05)
   1.00000000       0.00000000       0.00000000     (  0.00000000    ,  0.00000000    ) ( -2.65240669E-02,  2.16811895E-02) (  2.13086605E-02,  5.64381480E-03)
   1.00000000       0.00000000       1.00000000     ( -3.94880772E-03,  3.79513949E-04) ( -2.07126141E-02, -1.50874257E-02) (  3.94880772E-03, -3.79513949E-04)
   1.00000000       0.00000000       2.00000000     (  1.67638063E-04,  2.56113708E-05) ( -1.11758709E-04, -9.31322575E-05) ( -8.38190317E-05, -1.28056854E-05)
   1.00000000       1.00000000       0.00000000     (  7.17118382E-04,  3.83704901E-03) ( -7.17118382E-04, -3.83704901E-03) ( -7.82310963E-03,  1.19954348E-02)
   1.00000000       1.00000000       1.00000000     ( -6.98491931E-05, -5.58793545E-05) (  2.98023224E-04,  1.62981451E-05) ( -2.23517418E-04,  3.72529030E-05)
   1.00000000       1.00000000       2.00000000     (  3.35276127E-04, -3.72529030E-05) ( -7.45058060E-05, -1.49011612E-04) ( -1.39698386E-04,  1.02445483E-04)
   1.00000000       2.00000000       0.00000000     ( -8.38190317E-05,  2.32830644E-05) (  4.19095159E-05, -1.16415322E-05) (  1.21071935E-04, -1.02445483E-04)
   1.00000000       2.00000000       1.00000000     (  2.32830644E-05, -3.72529030E-05) (  8.38190317E-05, -3.25962901E-05) ( -1.86264515E-04,  1.02445483E-04)
   1.00000000      -2.00000000       0.00000000     (  1.02445483E-04, -3.72529030E-05) (  5.12227416E-05, -1.86264515E-05) (  1.11758709E-04,  2.04890966E-04)
   1.00000000      -2.00000000       1.00000000     (  1.49011612E-04,  1.02445483E-04) (  2.79396772E-05,  7.45058060E-05) ( -1.02445483E-04,  3.72529030E-05)
   1.00000000      -1.00000000       0.00000000     (  3.96539690E-05, -5.96046448E-03) (  3.96539690E-05, -5.96046448E-03) ( -9.57399607E-03,  3.31550837E-02)
   1.00000000      -1.00000000       1.00000000     ( -3.35276127E-04, -1.30385160E-04) (  1.51339918E-05,  2.98023224E-04) (  3.72529030E-04,  4.09781933E-04)
   1.00000000      -1.00000000       2.00000000     (  1.67638063E-04, -6.05359674E-05) (  1.39698386E-04, -1.21071935E-04) ( -1.62981451E-05, -3.25962901E-05)
   2.00000000       0.00000000       0.00000000     (  0.00000000    ,  0.00000000    ) ( -1.02445483E-04, -2.79396772E-04) (  9.31322575E-05, -8.38190317E-05)
   2.00000000       0.00000000       1.00000000     (  1.28056854E-05,  1.28056854E-05) ( -6.05359674E-05, -1.21071935E-04) ( -2.56113708E-05, -2.56113708E-05)
   2.00000000       1.00000000       0.00000000     ( -6.98491931E-05, -6.51925802E-05) (  1.39698386E-04,  1.30385160E-04) (  7.45058060E-05, -1.86264515E-04)
   2.00000000       1.00000000       1.00000000     ( -3.72529030E-05,  3.02679837E-05) (  1.30385160E-04, -1.39698386E-05) ( -5.58793545E-05, -4.65661287E-05)
   2.00000000      -1.00000000       0.00000000     (  4.19095159E-05, -3.63797881E-07) (  8.38190317E-05, -7.27595761E-07) (  1.02445483E-04,  3.72529030E-05)
   2.00000000      -1.00000000       1.00000000     (  5.12227416E-05,  8.38190317E-05) (  1.49011612E-04,  8.38190317E-05) (  5.12227416E-05, -7.45058060E-05)
