    0.000000        0.000000       -2.000000      (7.6554716E-03,1.7369166E-03)
   (6.0535967E-03,-4.4144690E-03)  (0.000000,0.000000)
    0.000000        0.000000       -1.000000      
 (2.1681190E-02,-1.1920929E-02)  (-7.5995922E-03,1.7359853E-02)  
 (0.000000,0.000000)
    0.000000        1.000000       -2.000000      
 (-1.3224781E-02,-2.6589260E-03)  (-2.1001324E-03,-2.6496127E-03)  
 (-1.0500662E-03,-1.3248064E-03)
    0.000000        1.000000       -1.000000      (6.4261258E-03,7.0035458E-03)
   (-2.1979213E-03,4.2095780E-03)  (-2.1979213E-03,4.2095780E-03)
    0.000000        2.000000       -1.000000      
 (-1.3001263E-02,1.1231750E-02)  (-4.0791929E-03,-1.1594966E-03)  
 (-8.1583858E-03,-2.3189932E-03)
    0.000000       -2.000000       -1.000000      (1.1138618E-02,3.2316893E-03)
   (-1.4872057E-04,2.1699816E-03)  (2.9744115E-04,-4.3399632E-03)
    0.000000       -1.000000       -2.000000      
 (-8.2701445E-03,2.5751069E-03)  (-6.1653554E-03,8.6147338E-04)  
 (3.0826777E-03,-4.3073669E-04)
    0.000000       -1.000000       -1.000000      
 (4.1723251E-03,-1.6437843E-03)  (6.5751374E-03,4.9918890E-03)  
 (-6.5751374E-03,-4.9918890E-03)
    1.000000        0.000000       -2.000000      (8.5122883E-03,3.1851232E-03)
   (-2.8824434E-03,5.7928264E-03)  (4.2561442E-03,1.5925616E-03)
    1.000000        0.000000       -1.000000      
 (3.9860606E-03,-5.0989911E-04)  (8.1956387E-03,-3.6135316E-03)  
 (3.9860606E-03,-5.0989911E-04)
    1.000000        1.000000       -2.000000      
 (-3.0919909E-03,-1.2479722E-03)  (-1.4994293E-03,-1.3709068E-02)  
 (-2.2957101E-03,-7.4878335E-03)
    1.000000        1.000000       -1.000000      
 (-8.3632767E-03,-2.5937334E-03)  (2.4400651E-03,-1.1269003E-03)  
 (-5.9232116E-03,-3.7159771E-03)
    1.000000        2.000000       -1.000000      
 (-9.6857548E-03,-1.4528632E-03)  (1.8533319E-03,2.8545037E-03)  
 (-5.9604645E-03,4.2561442E-03)
    1.000000       -2.000000       -1.000000      
 (-4.1094609E-04,-5.6717545E-03)  (-1.2270175E-03,-2.4866313E-03)  
 (2.0442531E-03,-7.0431270E-04)
    1.000000       -1.000000       -2.000000      (5.0198287E-03,1.2759119E-03)
   (-4.2282045E-03,2.1327287E-03)  (4.6286732E-03,-4.2957254E-04)
    1.000000       -1.000000       -1.000000      
 (-1.0095537E-02,3.8091093E-03)  (-7.3574483E-03,5.9953891E-04)  
 (-2.7474016E-03,3.2130629E-03)
    2.000000        0.000000       -1.000000      (1.1152588E-03,4.6566129E-03)
   (5.0570816E-03,7.6554716E-03)  (2.2305176E-03,9.3132257E-03)
    2.000000        1.000000       -1.000000      
 (-5.5297278E-04,-1.2619421E-03)  (4.2561442E-03,-6.0349703E-03)  
 (3.1571835E-03,-8.5681677E-03)
    2.000000       -1.000000       -1.000000      
 (-1.8440187E-03,1.9744039E-03)  (3.5099220E-04,6.1281025E-03)  
 (-4.0326267E-03,-2.1792948E-03)
