   0.00000000       0.00000000      -2.00000000     (  5.36441803E-03,  1.01514161E-03) ( -7.33882189E-03,  4.15369868E-03) (  0.00000000    ,  0.00000000    )
   0.00000000       0.00000000      -1.00000000     (  2.09547579E-03,  1.12131238E-02) (  2.59280205E-02, -1.24331564E-03) (  0.00000000    ,  0.00000000    )
   0.00000000       1.00000000      -2.00000000     ( -4.54019755E-04,  2.40281224E-03) (  1.87195837E-03, -8.47503543E-04) (  9.35979187E-04, -4.23751771E-04)
   0.00000000       1.00000000      -1.00000000     ( -6.89178705E-03,  1.37090683E-02) ( -6.91041350E-03, -5.21540642E-03) ( -6.91041350E-03, -5.21540642E-03)
   0.00000000       2.00000000      -1.00000000     ( -8.80099833E-04, -1.60187483E-03) ( -9.91858542E-04,  1.67638063E-04) ( -1.98371708E-03,  3.35276127E-04)
   0.00000000      -2.00000000      -1.00000000     ( -8.05594027E-04,  3.79979610E-03) ( -6.47269189E-04, -1.15949661E-03) (  1.29453838E-03,  2.31899321E-03)
   0.00000000      -1.00000000      -2.00000000     (  3.83704901E-03,  3.83704901E-03) ( -8.89413059E-04, -2.08616257E-03) (  4.44706529E-04,  1.04308128E-03)
   0.00000000      -1.00000000      -1.00000000     ( -3.95812094E-04, -3.44880391E-05) (  4.09781933E-03,  1.23865902E-03) ( -4.09781933E-03, -1.23865902E-03)
   1.00000000       0.00000000      -2.00000000     ( -1.48080289E-03, -7.31088221E-04) (  1.38767064E-03,  5.21540642E-03) ( -7.40401447E-04, -3.65544111E-04)
   1.00000000       0.00000000      -1.00000000     (  9.76026058E-03, -5.55068254E-03) ( -4.80562449E-03,  2.63005495E-02) (  9.76026058E-03, -5.55068254E-03)
   1.00000000       1.00000000      -2.00000000     (  1.95577741E-03,  2.32830644E-03) ( -4.88013029E-03,  3.18977982E-04) ( -1.46217644E-03,  1.32247806E-03)
   1.00000000       1.00000000      -1.00000000     ( -4.05125320E-04,  7.22706318E-03) ( -2.14204192E-03, -4.67523932E-03) ( -2.55182385E-03,  2.57045031E-03)
   1.00000000       2.00000000      -1.00000000     (  2.11410224E-03, -3.30619514E-04) ( -1.16880983E-03, -3.65544111E-04) ( -2.18860805E-04, -1.06170774E-03)
   1.00000000      -2.00000000      -1.00000000     ( -1.94413587E-04, -9.31322575E-04) ( -1.23400241E-04, -3.67872417E-04) (  5.12227416E-05, -1.92085281E-04)
   1.00000000      -1.00000000      -2.00000000     ( -7.45058060E-04, -2.88709998E-03) ( -9.35979187E-04,  2.92435288E-03) (  9.42964107E-05, -2.90572643E-03)
   1.00000000      -1.00000000      -1.00000000     ( -3.56230885E-04,  5.12227416E-04) ( -7.31088221E-04, -1.90921128E-03) (  3.74857336E-04,  2.42143869E-03)
   2.00000000       0.00000000      -1.00000000     ( -1.48080289E-03,  1.86264515E-04) ( -5.44823706E-04, -1.40629709E-03) ( -2.96160579E-03,  3.72529030E-04)
   2.00000000       1.00000000      -1.00000000     (  1.72294676E-04, -2.94530764E-04) ( -2.81259418E-03, -7.12461770E-04) ( -2.47731805E-03, -1.30385160E-03)
   2.00000000      -1.00000000      -1.00000000     (  1.22003257E-03, -2.79396772E-04) (  1.17346644E-03,  1.39698386E-03) (  1.25728548E-03, -1.95577741E-03)
