   0.00000000       0.00000000      -2.00000000     (  8.23289156E-03,  2.76602805E-03) ( -1.21071935E-02,  5.75557351E-03) (  0.00000000    ,  0.00000000    )
   0.00000000       0.00000000      -1.00000000     ( -1.12922862E-04,  1.11758709E-02) (  2.14576721E-02, -4.99188900E-03) (  0.00000000    ,  0.00000000    )
   0.00000000       1.00000000      -2.00000000     ( -1.94646418E-03,  2.92435288E-03) (  7.54371285E-04, -3.00817192E-03) (  3.77185643E-04, -1.50408596E-03)
   0.00000000       1.00000000      -1.00000000     ( -7.97212124E-03,  1.13993883E-02) ( -5.62518835E-03, -5.94183803E-03) ( -5.62518835E-03, -5.94183803E-03)
   0.00000000       2.00000000      -1.00000000     (  2.03959644E-03, -3.84170562E-04) ( -6.98491931E-04, -1.82189979E-04) ( -1.39698386E-03, -3.64379957E-04)
   0.00000000      -2.00000000      -1.00000000     ( -4.05125320E-04,  3.33413482E-03) ( -1.57859176E-03, -1.23865902E-03) (  3.15718353E-03,  2.47731805E-03)
   0.00000000      -1.00000000      -2.00000000     (  5.73694706E-03,  4.43309546E-03) ( -3.37138772E-03, -2.13272870E-03) (  1.68569386E-03,  1.06636435E-03)
   0.00000000      -1.00000000      -1.00000000     ( -5.08502126E-03,  2.38418579E-03) (  4.07919288E-03,  1.27125531E-03) ( -4.07919288E-03, -1.27125531E-03)
   1.00000000       0.00000000      -2.00000000     ( -1.86264515E-03, -1.31782144E-03) (  1.03027560E-04,  6.18398190E-03) ( -9.31322575E-04, -6.58910722E-04)
   1.00000000       0.00000000      -1.00000000     (  9.94652510E-03, -5.75557351E-03) ( -3.85567546E-03,  2.92062759E-02) (  9.94652510E-03, -5.75557351E-03)
   1.00000000       1.00000000      -2.00000000     (  1.54599547E-03,  2.54251063E-03) ( -4.61935997E-03, -6.28642738E-04) ( -1.54133886E-03,  9.54605639E-04)
   1.00000000       1.00000000      -1.00000000     (  2.64495611E-03,  6.92903996E-03) ( -1.14552677E-03, -4.63798642E-03) (  1.49477273E-03,  2.28174031E-03)
   1.00000000       2.00000000      -1.00000000     (  2.50525773E-03,  1.45286322E-03) ( -1.14669092E-04,  9.63336788E-05) (  2.27242708E-03,  1.64844096E-03)
   1.00000000      -2.00000000      -1.00000000     (  7.45058060E-04,  2.25380063E-03) (  5.18048182E-05,  5.14555722E-04) (  6.40284270E-04,  1.22934580E-03)
   1.00000000      -1.00000000      -2.00000000     ( -1.09896064E-03, -5.51342964E-03) ( -9.63918865E-04,  3.63215804E-03) ( -6.78119250E-05, -4.56348062E-03)
   1.00000000      -1.00000000      -1.00000000     ( -2.21654773E-03,  5.14555722E-04) ( -2.33761966E-03, -4.78699803E-03) (  1.25728548E-04,  5.28991222E-03)
   2.00000000       0.00000000      -1.00000000     ( -1.66706741E-03, -2.38651410E-04) ( -4.20957804E-03, -5.87897375E-05) ( -3.33413482E-03, -4.77302819E-04)
   2.00000000       1.00000000      -1.00000000     (  1.75088644E-03,  1.50408596E-03) ( -3.83704901E-03, -3.01748514E-03) ( -3.50410119E-04, -1.22236088E-05)
   2.00000000      -1.00000000      -1.00000000     (  5.16884029E-04, -9.08039510E-04) (  1.43889338E-03,  4.09781933E-04) ( -4.09781933E-04, -2.22586095E-03)
