   0.00000000       0.00000000      -2.00000000     (  4.00468707E-04,  1.24797225E-03) ( -9.87201929E-04,  1.90921128E-04) (  0.00000000    ,  0.00000000    )
   0.00000000       0.00000000      -1.00000000     (  2.03400850E-02, -1.62981451E-03) (  3.35276127E-02,  2.43633986E-02) (  0.00000000    ,  0.00000000    )
   0.00000000       1.00000000      -2.00000000     (  3.81842256E-04, -1.70985004E-06) ( -4.00468707E-04,  3.63215804E-04) ( -2.00234354E-04,  1.81607902E-04)
   0.00000000       1.00000000      -1.00000000     ( -3.14321369E-04,  3.03238630E-02) ( -4.50760126E-03, -3.02679837E-03) ( -4.50760126E-03, -3.02679837E-03)
   0.00000000       2.00000000      -1.00000000     ( -1.15483999E-03,  1.07684173E-05) ( -2.03726813E-05,  1.90921128E-04) ( -4.07453626E-05,  3.81842256E-04)
   0.00000000      -2.00000000      -1.00000000     (  8.00937414E-04,  2.70083547E-04) ( -3.72529030E-04, -1.81607902E-04) (  7.45058060E-04,  3.63215804E-04)
   0.00000000      -1.00000000      -2.00000000     ( -6.33299351E-04,  3.21306288E-04) ( -4.93600965E-04, -1.76951289E-04) (  2.46800482E-04,  8.84756446E-05)
   0.00000000      -1.00000000      -1.00000000     (  7.78585672E-03, -9.57399607E-03) ( -2.72877514E-03,  4.68455255E-03) (  2.72877514E-03, -4.68455255E-03)
   1.00000000       0.00000000      -2.00000000     ( -4.28408384E-04,  1.65309757E-04) ( -6.05359674E-04,  4.00468707E-04) ( -2.14204192E-04,  8.26548785E-05)
   1.00000000       0.00000000      -1.00000000     (  9.12696123E-03, -4.82425094E-03) ( -9.77888703E-03, -1.19209290E-03) (  9.12696123E-03, -4.82425094E-03)
   1.00000000       1.00000000      -2.00000000     ( -3.63215804E-04, -1.95577741E-04) (  3.25962901E-04, -9.49949026E-04) ( -1.94995664E-05, -5.77419996E-04)
   1.00000000       1.00000000      -1.00000000     ( -5.86733222E-04,  3.91155481E-04) (  1.09896064E-03,  4.47034836E-04) (  5.21540642E-04,  8.38190317E-04)
   1.00000000       2.00000000      -1.00000000     (  1.28056854E-04,  3.44589353E-04) ( -3.07336450E-04, -4.00468707E-04) ( -4.84287739E-04, -4.56348062E-04)
   1.00000000      -2.00000000      -1.00000000     (  8.19563866E-04,  3.35276127E-04) (  5.02914190E-04,  3.53902578E-04) ( -1.86264515E-04, -3.72529030E-04)
   1.00000000      -1.00000000      -2.00000000     (  4.09781933E-04, -4.00468707E-04) (  6.61239028E-04, -1.65309757E-04) ( -1.28056854E-04, -1.18743628E-04)
   1.00000000      -1.00000000      -1.00000000     ( -1.25728548E-04,  8.75443220E-04) ( -7.82310963E-04,  3.53902578E-04) (  6.61239028E-04,  5.12227416E-04)
   2.00000000       0.00000000      -1.00000000     ( -2.70083547E-04, -1.14087015E-04) (  2.61934474E-05,  3.14321369E-05) ( -5.40167093E-04, -2.28174031E-04)
   2.00000000       1.00000000      -1.00000000     ( -1.16415322E-04,  3.14321369E-05) (  2.18860805E-04, -1.23400241E-04) ( -1.10594556E-05, -6.05359674E-05)
   2.00000000      -1.00000000      -1.00000000     (  1.16415322E-04,  3.84170562E-05) (  6.89178705E-04, -5.77419996E-04) ( -4.56348062E-04,  6.61239028E-04)
