   0.00000000       0.00000000       1.00000000     (  1.91852450E-02,  8.77771527E-04) (  3.36021185E-02, -2.28732824E-02) (  0.00000000    ,  0.00000000    )
   0.00000000       0.00000000       2.00000000     (  8.10250640E-04, -2.12341547E-03) ( -1.67638063E-03, -2.02562660E-04) (  0.00000000    ,  0.00000000    )
   0.00000000       1.00000000       0.00000000     ( -1.38580799E-02, -1.31782144E-03) (  0.00000000    ,  0.00000000    ) (  6.01634383E-03,  1.47894025E-02)
   0.00000000       1.00000000       1.00000000     (  7.76723027E-03,  9.76026058E-03) ( -2.61701643E-03, -4.03262675E-03) (  2.61701643E-03,  4.03262675E-03)
   0.00000000       1.00000000       2.00000000     ( -9.87201929E-04, -6.14672899E-04) ( -8.10250640E-04,  2.37487257E-04) (  4.05125320E-04, -1.18743628E-04)
   0.00000000       2.00000000       0.00000000     (  6.61239028E-04,  2.21654773E-03) (  0.00000000    ,  0.00000000    ) ( -2.53319740E-03,  1.99303031E-03)
   0.00000000       2.00000000       1.00000000     (  1.49011612E-03, -5.96046448E-04) ( -6.05359674E-04,  2.67755240E-04) (  1.21071935E-03, -5.35510480E-04)
   0.00000000      -2.00000000       0.00000000     (  6.61239028E-04, -2.21654773E-03) (  0.00000000    ,  0.00000000    ) ( -2.53319740E-03, -1.99303031E-03)
   0.00000000      -2.00000000       1.00000000     ( -1.76951289E-03, -9.89530236E-05) (  4.24915925E-05, -4.19095159E-04) (  8.49831849E-05, -8.38190317E-04)
   0.00000000      -1.00000000       0.00000000     ( -1.38580799E-02,  1.31782144E-03) (  0.00000000    ,  0.00000000    ) (  6.01634383E-03, -1.47894025E-02)
   0.00000000      -1.00000000       1.00000000     ( -1.03609636E-03, -2.98768282E-02) ( -4.89875674E-03,  2.81259418E-03) ( -4.89875674E-03,  2.81259418E-03)
   0.00000000      -1.00000000       2.00000000     (  7.54371285E-04,  1.52795110E-05) ( -6.79865479E-04, -6.51925802E-04) ( -3.39932740E-04, -3.25962901E-04)
   1.00000000       0.00000000       0.00000000     (  0.00000000    ,  0.00000000    ) ( -1.66147947E-02,  1.69128180E-02) (  2.63005495E-02,  1.40070915E-02)
   1.00000000       0.00000000       1.00000000     ( -1.05705112E-03, -2.26777047E-03) ( -2.68220901E-02, -6.09084964E-03) (  1.05705112E-03,  2.26777047E-03)
   1.00000000       0.00000000       2.00000000     ( -6.79865479E-04,  1.19209290E-03) (  8.19563866E-04,  1.03376806E-03) (  3.39932740E-04, -5.96046448E-04)
   1.00000000       1.00000000       0.00000000     (  9.15024430E-04,  1.92318112E-03) ( -9.15024430E-04, -1.92318112E-03) ( -1.00955367E-02,  1.18836761E-02)
   1.00000000       1.00000000       1.00000000     (  9.40635800E-04, -6.33299351E-04) ( -2.10478902E-03, -1.18743628E-04) (  1.16415322E-03,  7.54371285E-04)
   1.00000000       1.00000000       2.00000000     ( -1.50874257E-03, -1.86264515E-04) (  2.46800482E-04,  7.45058060E-04) (  6.33299351E-04, -2.81725079E-04)
   1.00000000       2.00000000       0.00000000     (  8.94069672E-04, -9.77888703E-05) ( -4.47034836E-04,  4.88944352E-05) (  7.45058060E-04,  1.21071935E-03)
   1.00000000       2.00000000       1.00000000     (  1.17346644E-03,  9.03382897E-04) ( -9.40635800E-04, -1.79279596E-04) (  7.17118382E-04, -5.44823706E-04)
   1.00000000      -2.00000000       0.00000000     ( -1.10827386E-03, -4.79631126E-04) ( -5.54136932E-04, -2.39815563E-04) ( -9.87201929E-04, -1.45286322E-03)
   1.00000000      -2.00000000       1.00000000     ( -6.89178705E-04,  1.53668225E-04) ( -2.56113708E-04,  1.51339918E-04) (  1.76951289E-04,  1.51339918E-04)
   1.00000000      -1.00000000       0.00000000     ( -7.79982656E-04, -9.16421413E-03) ( -7.79982656E-04, -9.16421413E-03) ( -1.15111470E-02,  2.47359276E-02)
   1.00000000      -1.00000000       1.00000000     (  1.97440386E-03,  5.86733222E-04) ( -5.35510480E-04, -2.60770321E-03) ( -2.53319740E-03, -3.16649675E-03)
   1.00000000      -1.00000000       2.00000000     ( -2.03028321E-03,  1.89989805E-03) ( -8.66129994E-04,  9.96515155E-04) (  5.82076609E-04, -4.56348062E-04)
   2.00000000       0.00000000       0.00000000     (  0.00000000    ,  0.00000000    ) (  1.41561031E-03,  2.64495611E-03) ( -6.51925802E-04,  1.84401870E-03)
   2.00000000       0.00000000       1.00000000     (  4.19095159E-04, -8.00937414E-04) (  6.98491931E-04,  1.39698386E-03) ( -8.38190317E-04,  1.60187483E-03)
   2.00000000       1.00000000       0.00000000     (  3.11410986E-05,  9.96515155E-04) ( -6.22821972E-05, -1.99303031E-03) ( -1.32247806E-03,  2.12341547E-03)
   2.00000000       1.00000000       1.00000000     (  5.40167093E-04,  3.02679837E-04) ( -9.31322575E-05, -1.82539225E-03) ( -9.87201929E-04,  1.21071935E-03)
   2.00000000      -1.00000000       0.00000000     ( -4.70317900E-04,  5.35510480E-04) ( -9.40635800E-04,  1.07102096E-03) ( -7.72997737E-04,  6.28642738E-05)
   2.00000000      -1.00000000       1.00000000     ( -7.35744834E-04,  1.33877620E-04) ( -2.16066837E-03, -1.44063961E-05) ( -6.79865479E-04, -2.81725079E-04)
