   0.00000000       0.00000000       1.00000000     ( -1.18743628E-03, -1.23679638E-02) (  2.14576721E-02,  7.63684511E-03) (  0.00000000    ,  0.00000000    )
   0.00000000       0.00000000       2.00000000     (  6.07222319E-03, -2.83122063E-03) ( -8.60542059E-03, -3.27825546E-03) (  0.00000000    ,  0.00000000    )
   0.00000000       1.00000000       0.00000000     (  7.78585672E-03,  1.52271241E-03) (  0.00000000    ,  0.00000000    ) (  1.50129199E-02, -7.80448318E-03)
   0.00000000       1.00000000       1.00000000     ( -8.79168510E-03, -4.26545739E-03) (  3.95812094E-03, -1.40629709E-03) ( -3.95812094E-03,  1.40629709E-03)
   0.00000000       1.00000000       2.00000000     (  3.44589353E-03, -2.11410224E-03) ( -3.16649675E-03,  1.45286322E-03) (  1.58324838E-03, -7.26431608E-04)
   0.00000000       2.00000000       0.00000000     ( -1.27591193E-03,  3.35276127E-03) (  0.00000000    ,  0.00000000    ) (  1.31549314E-04, -7.35744834E-04)
   0.00000000       2.00000000       1.00000000     (  4.02797014E-04, -1.36205927E-04) ( -5.58793545E-04,  5.58793545E-04) (  1.11758709E-03, -1.11758709E-03)
   0.00000000      -2.00000000       0.00000000     ( -1.27591193E-03, -3.35276127E-03) (  0.00000000    ,  0.00000000    ) (  1.31549314E-04,  7.35744834E-04)
   0.00000000      -2.00000000       1.00000000     (  1.46217644E-03, -6.65895641E-04) ( -8.66129994E-04,  3.24507710E-05) ( -1.73225999E-03,  6.49015419E-05)
   0.00000000      -1.00000000       0.00000000     (  7.78585672E-03, -1.52271241E-03) (  0.00000000    ,  0.00000000    ) (  1.50129199E-02,  7.80448318E-03)
   0.00000000      -1.00000000       1.00000000     ( -9.87201929E-03, -1.16229057E-02) ( -6.18398190E-03,  6.42612576E-03) ( -6.18398190E-03,  6.42612576E-03)
   0.00000000      -1.00000000       2.00000000     ( -1.27591193E-03, -1.79745257E-03) ( -2.86381692E-04,  2.20723450E-03) ( -1.43190846E-04,  1.10361725E-03)
   1.00000000       0.00000000       0.00000000     (  0.00000000    ,  0.00000000    ) ( -2.86102295E-02,  5.83007932E-03) (  1.92224979E-02, -5.58793545E-03)
   1.00000000       0.00000000       1.00000000     ( -1.70432031E-03, -2.55182385E-03) (  5.21540642E-03, -5.68106771E-03) (  1.70432031E-03,  2.55182385E-03)
   1.00000000       0.00000000       2.00000000     ( -2.84984708E-03, -1.25728548E-03) ( -9.91858542E-04,  3.12924385E-03) (  1.42492354E-03,  6.28642738E-04)
   1.00000000       1.00000000       0.00000000     (  6.69388101E-05, -4.48198989E-04) ( -6.69388101E-05,  4.48198989E-04) (  7.63684511E-03,  1.59069896E-02)
   1.00000000       1.00000000       1.00000000     ( -4.15369868E-03, -7.40401447E-04) (  2.15135515E-03,  2.42143869E-03) (  2.00234354E-03, -1.68569386E-03)
   1.00000000       1.00000000       2.00000000     (  2.60770321E-04,  9.87201929E-04) (  1.51805580E-03,  8.05594027E-04) ( -8.94069672E-04, -8.98726285E-04)
   1.00000000       2.00000000       0.00000000     ( -8.28877091E-04, -6.19329512E-04) (  4.14438546E-04,  3.09664756E-04) (  3.49245965E-04, -1.56462193E-03)
   1.00000000       2.00000000       1.00000000     (  1.41561031E-03, -9.31322575E-05) ( -5.68106771E-04, -7.39237294E-05) ( -2.81725079E-04,  2.40979716E-04)
   1.00000000      -2.00000000       0.00000000     ( -1.60187483E-03, -2.52621248E-04) ( -8.00937414E-04, -1.26310624E-04) ( -5.63450158E-04,  1.87195837E-03)
   1.00000000      -2.00000000       1.00000000     (  3.78349796E-05, -8.56816769E-04) (  8.00937414E-04, -3.49245965E-04) (  1.56462193E-03,  1.57160684E-04)
   1.00000000      -1.00000000       0.00000000     (  8.38190317E-03,  2.58907676E-03) (  8.38190317E-03,  2.58907676E-03) ( -2.49594450E-03, -1.00582838E-03)
   1.00000000      -1.00000000       1.00000000     ( -2.03028321E-03,  2.36555934E-03) ( -1.10827386E-03, -2.05822289E-03) (  9.22009349E-04, -4.43309546E-03)
   1.00000000      -1.00000000       2.00000000     ( -2.00234354E-03, -7.82310963E-04) (  1.83470547E-03,  1.79745257E-03) (  1.91852450E-03,  1.28522515E-03)
   2.00000000       0.00000000       0.00000000     (  0.00000000    ,  0.00000000    ) ( -2.03028321E-03,  1.81607902E-03) (  1.96509063E-03, -2.14204192E-03)
   2.00000000       0.00000000       1.00000000     ( -8.61473382E-04,  9.12696123E-04) (  2.09547579E-04, -3.25962901E-03) (  1.72294676E-03, -1.82539225E-03)
   2.00000000       1.00000000       0.00000000     ( -1.14552677E-03, -1.02911144E-03) (  2.29105353E-03,  2.05822289E-03) ( -5.14555722E-04,  3.12924385E-03)
   2.00000000       1.00000000       1.00000000     ( -7.21774995E-04,  2.70083547E-04) (  5.23868948E-04,  7.31088221E-04) (  9.22009349E-04, -1.27591193E-03)
   2.00000000      -1.00000000       0.00000000     ( -1.36904418E-03, -7.77654350E-04) ( -2.73808837E-03, -1.55530870E-03) (  2.70083547E-04,  3.05473804E-03)
   2.00000000      -1.00000000       1.00000000     (  1.83470547E-03,  5.12227416E-04) ( -3.16649675E-04,  8.75443220E-04) ( -3.98606062E-03, -1.46683306E-04)
