   0.00000000       0.00000000       1.00000000     (  7.91624188E-03, -1.23307109E-02) (  3.79234552E-02, -5.84870577E-03) (  0.00000000    ,  0.00000000    )
   0.00000000       0.00000000       2.00000000     (  1.15483999E-03, -2.70083547E-04) ( -1.11758709E-03, -3.91155481E-04) (  0.00000000    ,  0.00000000    )
   0.00000000       1.00000000       0.00000000     (  1.62981451E-03, -4.36790287E-03) (  0.00000000    ,  0.00000000    ) (  1.60932541E-02,  2.59838998E-03)
   0.00000000       1.00000000       1.00000000     (  5.62518835E-03,  4.06987965E-03) (  3.21306288E-03, -1.17346644E-03) ( -3.21306288E-03,  1.17346644E-03)
   0.00000000       1.00000000       2.00000000     (  5.21540642E-04, -6.33299351E-04) ( -1.62981451E-04,  2.79396772E-04) (  8.14907253E-05, -1.39698386E-04)
   0.00000000       2.00000000       0.00000000     (  7.63684511E-04,  3.07336450E-04) (  0.00000000    ,  0.00000000    ) ( -1.02445483E-04,  2.51457095E-04)
   0.00000000       2.00000000       1.00000000     (  3.72529030E-04, -3.81842256E-04) ( -3.95812094E-05, -6.98491931E-05) (  7.91624188E-05,  1.39698386E-04)
   0.00000000      -2.00000000       0.00000000     (  7.63684511E-04, -3.07336450E-04) (  0.00000000    ,  0.00000000    ) ( -1.02445483E-04, -2.51457095E-04)
   0.00000000      -2.00000000       1.00000000     ( -4.37721610E-04,  3.44589353E-04) ( -3.63215804E-04, -3.35276127E-04) ( -7.26431608E-04, -6.70552254E-04)
   0.00000000      -1.00000000       0.00000000     (  1.62981451E-03,  4.36790287E-03) (  0.00000000    ,  0.00000000    ) (  1.60932541E-02, -2.59838998E-03)
   0.00000000      -1.00000000       1.00000000     ( -6.96629286E-03, -2.26497650E-02) ( -9.40635800E-03,  4.15369868E-03) ( -9.40635800E-03,  4.15369868E-03)
   0.00000000      -1.00000000       2.00000000     (  3.07336450E-04, -3.53902578E-04) (  4.74974513E-04, -2.61934474E-05) (  2.37487257E-04, -1.30967237E-05)
   1.00000000       0.00000000       0.00000000     (  0.00000000    ,  0.00000000    ) ( -3.21120024E-02,  1.97440386E-02) (  1.72108412E-02, -2.54251063E-03)
   1.00000000       0.00000000       1.00000000     ( -2.90572643E-03,  6.73753675E-05) ( -1.03935599E-02, -1.72480941E-02) (  2.90572643E-03, -6.73753675E-05)
   1.00000000       0.00000000       2.00000000     ( -7.26431608E-04, -5.12227416E-04) (  3.16649675E-04,  2.88709998E-04) (  3.63215804E-04,  2.56113708E-04)
   1.00000000       1.00000000       0.00000000     (  3.70666385E-03,  4.11644578E-03) ( -3.70666385E-03, -4.11644578E-03) ( -4.56348062E-04,  1.10641122E-02)
   1.00000000       1.00000000       1.00000000     (  2.70083547E-04,  3.16649675E-04) ( -8.94069672E-04,  1.95577741E-04) (  6.33299351E-04, -5.12227416E-04)
   1.00000000       1.00000000       2.00000000     ( -1.00582838E-03,  1.58324838E-04) (  5.30853868E-04,  6.89178705E-04) (  2.32830644E-04, -4.19095159E-04)
   1.00000000       2.00000000       0.00000000     ( -1.67638063E-04,  5.77419996E-04) (  8.38190317E-05, -2.88709998E-04) ( -3.44589353E-04, -6.98491931E-05)
   1.00000000       2.00000000       1.00000000     (  1.62981451E-04,  3.16649675E-04) ( -2.42143869E-04, -8.84756446E-05) (  3.16649675E-04, -1.32713467E-04)
   1.00000000      -2.00000000       0.00000000     (  1.76951289E-04,  4.37721610E-04) (  8.84756446E-05,  2.18860805E-04) ( -3.53902578E-04, -5.21540642E-04)
   1.00000000      -2.00000000       1.00000000     ( -6.51925802E-04, -1.39698386E-05) ( -2.23517418E-04,  8.61473382E-05) (  2.04890966E-04,  1.86264515E-04)
   1.00000000      -1.00000000       0.00000000     (  1.83470547E-03, -3.33413482E-03) (  1.83470547E-03, -3.33413482E-03) ( -7.30156898E-03,  2.77161598E-02)
   1.00000000      -1.00000000       1.00000000     (  1.26659870E-03,  6.33299351E-04) (  3.84170562E-05, -1.11758709E-03) ( -1.19209290E-03, -1.75088644E-03)
   1.00000000      -1.00000000       2.00000000     ( -6.14672899E-04, -5.70435077E-05) ( -2.96859071E-05,  3.53902578E-04) (  2.98023224E-04,  2.04890966E-04)
   2.00000000       0.00000000       0.00000000     (  0.00000000    ,  0.00000000    ) (  1.23400241E-04,  9.12696123E-04) ( -3.91155481E-04, -2.65426934E-04)
   2.00000000       0.00000000       1.00000000     ( -1.04773790E-04,  5.47152013E-05) ( -2.79396772E-04,  8.73114914E-06) (  2.09547579E-04, -1.09430403E-04)
   2.00000000       1.00000000       0.00000000     (  2.44472176E-05,  1.80443749E-05) ( -4.88944352E-05, -3.60887498E-05) (  1.86264515E-04,  2.09547579E-04)
   2.00000000       1.00000000       1.00000000     ( -5.58793545E-05, -5.93718141E-05) ( -3.81842256E-04,  3.35276127E-04) (  4.93600965E-04, -2.14204192E-04)
   2.00000000      -1.00000000       0.00000000     ( -3.25962901E-04, -2.46800482E-04) ( -6.51925802E-04, -4.93600965E-04) (  2.46800482E-04,  1.35041773E-04)
   2.00000000      -1.00000000       1.00000000     ( -3.08500603E-05, -6.14672899E-04) ( -2.51457095E-04, -3.25962901E-04) ( -1.86264515E-04,  8.94069672E-04)
