   0.00000000       0.00000000      -2.00000000     (  1.52736902E-03,  3.07336450E-04) ( -1.63912773E-03,  7.07805157E-04) (  0.00000000    ,  0.00000000    )
   0.00000000       0.00000000      -1.00000000     (  6.05359674E-03,  1.22934580E-02) (  3.47942114E-02,  3.66009772E-03) (  0.00000000    ,  0.00000000    )
   0.00000000       1.00000000      -2.00000000     (  2.98023224E-04,  5.40167093E-04) (  6.79865479E-04, -3.08500603E-05) (  3.39932740E-04, -1.54250301E-05)
   0.00000000       1.00000000      -1.00000000     ( -6.89178705E-03,  2.00420618E-02) ( -8.84756446E-03, -4.43309546E-03) ( -8.84756446E-03, -4.43309546E-03)
   0.00000000       2.00000000      -1.00000000     ( -5.68106771E-04, -5.86733222E-04) ( -4.56348062E-04,  3.44589353E-04) ( -9.12696123E-04,  6.89178705E-04)
   0.00000000      -2.00000000      -1.00000000     (  2.42143869E-04,  6.70552254E-04) ( -3.14321369E-05, -1.92085281E-05) (  6.28642738E-05,  3.84170562E-05)
   0.00000000      -1.00000000      -2.00000000     (  8.00937414E-04,  9.49949026E-04) ( -1.62981451E-04, -4.47034836E-04) (  8.14907253E-05,  2.23517418E-04)
   0.00000000      -1.00000000      -1.00000000     (  3.98606062E-03, -2.85916030E-03) (  3.65078449E-03,  1.18743628E-03) ( -3.65078449E-03, -1.18743628E-03)
   1.00000000       0.00000000      -2.00000000     ( -5.30853868E-04, -2.00234354E-04) (  6.70552254E-04,  1.52736902E-03) ( -2.65426934E-04, -1.00117177E-04)
   1.00000000       0.00000000      -1.00000000     (  1.12876296E-02, -5.75557351E-03) ( -6.44475222E-03,  2.47359276E-02) (  1.12876296E-02, -5.75557351E-03)
   1.00000000       1.00000000      -2.00000000     (  4.37721610E-04,  5.96046448E-04) ( -1.02445483E-03, -1.37370080E-04) ( -2.93366611E-04,  2.32830644E-04)
   1.00000000       1.00000000      -1.00000000     ( -8.56816769E-04,  2.34693289E-03) ( -5.49480319E-04, -1.41561031E-03) ( -1.41561031E-03,  9.31322575E-04)
   1.00000000       2.00000000      -1.00000000     (  2.84053385E-04, -1.46683306E-04) ( -3.63215804E-04, -1.09430403E-04) ( -4.37721610E-04, -3.63215804E-04)
   1.00000000      -2.00000000      -1.00000000     ( -1.81607902E-04, -4.37721610E-04) (  8.14907253E-05, -1.67638063E-04) ( -3.39932740E-04, -1.00117177E-04)
   1.00000000      -1.00000000      -2.00000000     (  6.51925802E-05, -6.42612576E-04) ( -4.00468707E-04,  4.28408384E-04) (  2.32830644E-04, -5.30853868E-04)
   1.00000000      -1.00000000      -1.00000000     (  6.11180440E-06,  2.60770321E-04) ( -1.95577741E-04, -5.12227416E-05) (  2.00234354E-04,  3.11993062E-04)
   2.00000000       0.00000000      -1.00000000     ( -4.74974513E-04,  6.40284270E-05) (  2.09547579E-04, -7.45058060E-04) ( -9.49949026E-04,  1.28056854E-04)
   2.00000000       1.00000000      -1.00000000     (  1.36788003E-05, -2.14204192E-04) ( -6.33299351E-04,  3.63215804E-04) ( -6.05359674E-04, -6.17001206E-05)
   2.00000000      -1.00000000      -1.00000000     (  4.09781933E-04,  2.27009878E-05) (  2.00234354E-04,  4.84287739E-04) (  6.14672899E-04, -4.37721610E-04)
