   0.00000000       0.00000000       1.00000000     (  2.08616257E-03, -1.11758709E-02) (  2.57790089E-02,  1.22468919E-03) (  0.00000000    ,  0.00000000    )
   0.00000000       0.00000000       2.00000000     (  5.32716513E-03, -1.00582838E-03) ( -7.26431608E-03, -4.11644578E-03) (  0.00000000    ,  0.00000000    )
   0.00000000       1.00000000       0.00000000     (  4.41446900E-03, -3.10130417E-03) (  0.00000000    ,  0.00000000    ) (  1.47521496E-02, -2.40281224E-03)
   0.00000000       1.00000000       1.00000000     ( -3.83006409E-04,  4.07453626E-05) (  4.07919288E-03, -1.23400241E-03) ( -4.07919288E-03,  1.23400241E-03)
   0.00000000       1.00000000       2.00000000     (  3.79979610E-03, -3.79979610E-03) ( -8.80099833E-04,  2.06753612E-03) (  4.40049917E-04, -1.03376806E-03)
   0.00000000       2.00000000       0.00000000     (  1.52736902E-03,  4.00468707E-03) (  0.00000000    ,  0.00000000    ) ( -4.05125320E-04,  2.08616257E-03)
   0.00000000       2.00000000       1.00000000     ( -8.00937414E-04, -3.78116965E-03) ( -6.37955964E-04,  1.15018338E-03) (  1.27591193E-03, -2.30036676E-03)
   0.00000000      -2.00000000       0.00000000     (  1.52736902E-03, -4.00468707E-03) (  0.00000000    ,  0.00000000    ) ( -4.05125320E-04, -2.08616257E-03)
   0.00000000      -2.00000000       1.00000000     ( -8.80099833E-04,  1.59256160E-03) ( -9.87201929E-04, -1.68802217E-04) ( -1.97440386E-03, -3.37604433E-04)
   0.00000000      -1.00000000       0.00000000     (  4.41446900E-03,  3.10130417E-03) (  0.00000000    ,  0.00000000    ) (  1.47521496E-02,  2.40281224E-03)
   0.00000000      -1.00000000       1.00000000     ( -6.85453415E-03, -1.36718154E-02) ( -6.89178705E-03,  5.17815351E-03) ( -6.89178705E-03,  5.17815351E-03)
   0.00000000      -1.00000000       2.00000000     ( -4.47034836E-04, -2.38418579E-03) (  1.86264515E-03,  8.38190317E-04) (  9.31322575E-04,  4.19095159E-04)
   1.00000000       0.00000000       0.00000000     (  0.00000000    ,  0.00000000    ) ( -2.59280205E-02,  1.07660890E-02) (  1.43051147E-02, -4.22820449E-03)
   1.00000000       0.00000000       1.00000000     ( -1.72294676E-03, -1.25728548E-03) ( -2.23517418E-03, -1.08033419E-02) (  1.72294676E-03,  1.25728548E-03)
   1.00000000       0.00000000       2.00000000     ( -3.12924385E-03, -1.67638063E-03) (  5.50062396E-05,  1.45286322E-03) (  1.56462193E-03,  8.38190317E-04)
   1.00000000       1.00000000       0.00000000     (  2.50525773E-03,  1.76485628E-03) ( -2.50525773E-03, -1.76485628E-03) (  4.84287739E-03,  1.09151006E-02)
   1.00000000       1.00000000       1.00000000     ( -9.26665962E-04, -5.09317033E-05) ( -7.45058060E-04,  2.51457095E-03) (  1.67638063E-03, -2.47731805E-03)
   1.00000000       1.00000000       2.00000000     ( -2.79396772E-03,  5.35510480E-04) (  2.13272870E-03,  1.79745257E-03) (  3.30619514E-04, -1.16415322E-03)
   1.00000000       2.00000000       0.00000000     (  3.86498868E-04,  2.35624611E-03) ( -1.93249434E-04, -1.17812306E-03) ( -2.23517418E-03,  6.65895641E-04)
   1.00000000       2.00000000       1.00000000     (  2.19792128E-03,  1.34110451E-03) ( -7.54371285E-04, -4.91272658E-04) ( -6.93835318E-04, -3.63215804E-04)
   1.00000000      -2.00000000       0.00000000     (  8.84756446E-04,  8.24220479E-04) (  4.42378223E-04,  4.12110239E-04) ( -1.90921128E-03,  6.93835318E-04)
   1.00000000      -2.00000000       1.00000000     ( -1.66706741E-03,  4.00468707E-04) ( -3.74857336E-04,  6.70552254E-04) (  9.12696123E-04,  9.40635800E-04)
   1.00000000      -1.00000000       0.00000000     (  3.39001417E-03, -1.60071068E-04) (  3.39001417E-03, -1.60071068E-04) ( -4.61935997E-03,  1.25542283E-02)
   1.00000000      -1.00000000       1.00000000     (  2.57045031E-03,  2.92435288E-03) ( -3.14321369E-04, -4.15369868E-03) ( -2.88709998E-03, -7.07805157E-03)
   1.00000000      -1.00000000       2.00000000     ( -3.96743417E-03, -1.12224370E-03) (  1.31316483E-03,  3.32947820E-04) (  2.64495611E-03,  7.26431608E-04)
   2.00000000       0.00000000       0.00000000     (  0.00000000    ,  0.00000000    ) ( -1.13621354E-03,  3.48314643E-03) ( -1.00117177E-03, -1.66706741E-03)
   2.00000000       0.00000000       1.00000000     ( -6.23986125E-04,  6.10016286E-04) ( -2.25380063E-03, -1.57393515E-03) (  1.24797225E-03, -1.22003257E-03)
   2.00000000       1.00000000       0.00000000     ( -3.98140401E-04, -6.47269189E-04) (  7.96280801E-04,  1.29453838E-03) (  6.51925802E-04,  1.60187483E-03)
   2.00000000       1.00000000       1.00000000     ( -3.74857336E-04,  1.24564394E-04) ( -8.84756446E-04,  9.31322575E-04) (  1.63912773E-03, -1.18277967E-03)
   2.00000000      -1.00000000       0.00000000     ( -1.96509063E-03, -1.18277967E-03) ( -3.93018126E-03, -2.36555934E-03) (  1.50874257E-03,  3.74391675E-03)
   2.00000000      -1.00000000       1.00000000     (  1.03376806E-03, -1.83470547E-03) ( -8.75443220E-04,  1.62981451E-04) ( -2.94297934E-03,  3.83704901E-03)
