   0.00000000       0.00000000      -2.00000000     (  7.00354576E-03,  1.51805580E-03) ( -1.00210309E-02,  5.58793545E-03) (  0.00000000    ,  0.00000000    )
   0.00000000       0.00000000      -1.00000000     (  1.26659870E-03,  1.09523535E-02) (  2.38418579E-02, -2.41212547E-03) (  0.00000000    ,  0.00000000    )
   0.00000000       1.00000000      -2.00000000     ( -1.14087015E-03,  3.07336450E-03) (  1.94646418E-03, -1.61118805E-03) (  9.73232090E-04, -8.05594027E-04)
   0.00000000       1.00000000      -1.00000000     ( -7.00354576E-03,  1.24797225E-02) ( -6.35161996E-03, -5.40167093E-03) ( -6.35161996E-03, -5.40167093E-03)
   0.00000000       2.00000000      -1.00000000     ( -1.03027560E-04, -1.59256160E-03) ( -9.45292413E-04, -7.07223080E-05) ( -1.89058483E-03, -1.41444616E-04)
   0.00000000      -2.00000000      -1.00000000     ( -1.12690032E-03,  4.88013029E-03) ( -1.18743628E-03, -1.59256160E-03) (  2.37487257E-03,  3.18512321E-03)
   0.00000000      -1.00000000      -2.00000000     (  5.19677997E-03,  4.86150384E-03) ( -1.66706741E-03, -2.57045031E-03) (  8.33533704E-04,  1.28522515E-03)
   0.00000000      -1.00000000      -1.00000000     ( -1.70432031E-03,  6.70552254E-04) (  4.09781933E-03,  1.25262886E-03) ( -4.09781933E-03, -1.25262886E-03)
   1.00000000       0.00000000      -2.00000000     ( -1.80676579E-03, -1.02445483E-03) (  1.22934580E-03,  6.44475222E-03) ( -9.03382897E-04, -5.12227416E-04)
   1.00000000       0.00000000      -1.00000000     (  9.49949026E-03, -5.53205609E-03) ( -4.41446900E-03,  2.65985727E-02) (  9.49949026E-03, -5.53205609E-03)
   1.00000000       1.00000000      -2.00000000     (  2.32830644E-03,  2.90572643E-03) ( -6.14672899E-03,  2.01398507E-04) ( -1.90921128E-03,  1.55530870E-03)
   1.00000000       1.00000000      -1.00000000     (  5.56465238E-04,  8.45640898E-03) ( -2.35624611E-03, -5.60656190E-03) ( -1.79745257E-03,  2.84984708E-03)
   1.00000000       2.00000000      -1.00000000     (  2.71014869E-03, -6.14090823E-05) ( -1.05239451E-03, -3.05008143E-04) (  6.07687980E-04, -6.72880560E-04)
   1.00000000      -2.00000000      -1.00000000     (  1.59343472E-05, -3.79513949E-04) ( -1.78115442E-04, -3.00351530E-04) (  3.71364877E-04,  2.18860805E-04)
   1.00000000      -1.00000000      -2.00000000     ( -1.23400241E-03, -4.00468707E-03) ( -1.02445483E-03,  3.78116965E-03) ( -1.05355866E-04, -3.89292836E-03)
   1.00000000      -1.00000000      -1.00000000     ( -8.47503543E-04,  5.23868948E-04) ( -1.19674951E-03, -3.03611159E-03) (  3.48081812E-04,  3.55765224E-03)
   2.00000000       0.00000000      -1.00000000     ( -1.77882612E-03,  1.49593689E-04) ( -1.55530870E-03, -1.18743628E-03) ( -3.55765224E-03,  2.99187377E-04)
   2.00000000       1.00000000      -1.00000000     (  5.30853868E-04,  3.65253072E-05) ( -3.70666385E-03, -1.62981451E-03) ( -2.63564289E-03, -1.55530870E-03)
   2.00000000      -1.00000000      -1.00000000     (  1.33179128E-03, -4.61004674E-04) (  1.72294676E-03,  1.43889338E-03) (  9.35979187E-04, -2.36555934E-03)
