    0.000000        0.000000       -2.000000      (8.3260238E-03,2.1047890E-03)
   (5.7369471E-03,-3.6787242E-03)  (0.000000,0.000000)
    0.000000        0.000000       -1.000000      
 (2.2426248E-02,-1.2181699E-02)  (-6.0163438E-03,1.8626451E-02)  
 (0.000000,0.000000)
    0.000000        1.000000       -2.000000      
 (-1.2144446E-02,-3.1664968E-03)  (-1.3899989E-03,-4.2375177E-03)  
 (-6.9499947E-04,-2.1187589E-03)
    0.000000        1.000000       -1.000000      (6.7800283E-03,8.4936619E-03)
   (-2.5704503E-03,3.8743019E-03)  (-2.5704503E-03,3.8743019E-03)
    0.000000        2.000000       -1.000000      
 (-1.2964010E-02,1.0449439E-02)  (-4.1350722E-03,-1.0710210E-03)  
 (-8.2701445E-03,-2.1420419E-03)
    0.000000       -2.000000       -1.000000      (1.1418015E-02,3.2130629E-03)
   (-8.7602530E-05,2.4121255E-03)  (1.7520506E-04,-4.8242509E-03)
    0.000000       -1.000000       -2.000000      
 (-8.3819032E-03,2.4680048E-03)  (-7.4878335E-03,2.8871000E-04)  
 (3.7439167E-03,-1.4435500E-04)
    0.000000       -1.000000       -1.000000      
 (4.0419400E-03,-2.8172508E-04)  (7.0594251E-03,5.5134296E-03)  
 (-7.0594251E-03,-5.5134296E-03)
    1.000000        0.000000       -2.000000      (7.8603625E-03,3.8184226E-03)
   (-2.3236498E-03,7.0780516E-03)  (3.9301813E-03,1.9092113E-03)
    1.000000        0.000000       -1.000000      
 (4.1164458E-03,-2.4330802E-04)  (9.0152025E-03,-2.8312206E-03)  
 (4.1164458E-03,-2.4330802E-04)
    1.000000        1.000000       -2.000000      
 (-2.9988587E-03,-2.1979213E-03)  (1.9150320E-04,-1.3634562E-02)  
 (-1.4062971E-03,-7.8976154E-03)
    1.000000        1.000000       -1.000000      
 (-8.5122883E-03,-4.2002648E-03)  (3.0454248E-03,-8.3819032E-04)  
 (-5.4575503E-03,-5.0384551E-03)
    1.000000        2.000000       -1.000000      
 (-1.0039657E-02,-2.9150397E-03)  (1.9604340E-03,2.6775524E-03)  
 (-6.1094761E-03,2.4400651E-03)
    1.000000       -2.000000       -1.000000      
 (-9.1036782E-04,-6.4074993E-03)  (-1.5785918E-03,-3.3155084E-03)  
 (2.2444874E-03,2.1129381E-04)
    1.000000       -1.000000       -2.000000      (4.8801303E-03,2.1327287E-03)
   (-3.8277358E-03,2.6542693E-03)  (4.3492764E-03,-2.6251655E-04)
    1.000000       -1.000000       -1.000000      
 (-9.5367432E-03,3.1571835E-03)  (-8.1770122E-03,8.5914508E-04)  
 (-1.3667159E-03,2.2957101E-03)
    2.000000        0.000000       -1.000000      (1.3125828E-04,4.7031790E-03)
   (1.8160790E-03,7.4319541E-03)  (2.6251655E-04,9.4063580E-03)
    2.000000        1.000000       -1.000000      
 (3.6834535E-06,-4.0512532E-04)  (4.3213367E-03,-6.7427754E-03)  
 (4.3306500E-03,-7.5623393E-03)
    2.000000       -1.000000       -1.000000      
 (-1.8905848E-03,1.0547228E-03)  (6.3912012E-04,5.3364784E-03)  
 (-4.4144690E-03,-3.2223761E-03)
