   0.00000000       0.00000000       1.00000000     (  8.41915607E-03, -1.22562051E-02) (  3.85940075E-02, -6.44475222E-03) (  0.00000000    ,  0.00000000    )
   0.00000000       0.00000000       2.00000000     (  1.08033419E-03, -2.60770321E-04) ( -1.04308128E-03, -3.25962901E-04) (  0.00000000    ,  0.00000000    )
   0.00000000       1.00000000       0.00000000     (  1.33179128E-03, -4.42378223E-03) (  0.00000000    ,  0.00000000    ) (  1.60187483E-02,  3.08267772E-03)
   0.00000000       1.00000000       1.00000000     (  6.03497028E-03,  4.39584255E-03) (  3.07336450E-03, -1.17812306E-03) ( -3.07336450E-03,  1.17812306E-03)
   0.00000000       1.00000000       2.00000000     (  4.65661287E-04, -5.58793545E-04) ( -1.62981451E-04,  2.42143869E-04) (  8.14907253E-05, -1.21071935E-04)
   0.00000000       2.00000000       0.00000000     (  7.07805157E-04,  2.70083547E-04) (  0.00000000    ,  0.00000000    ) ( -1.18743628E-04,  2.18860805E-04)
   0.00000000       2.00000000       1.00000000     (  4.00468707E-04, -3.25962901E-04) ( -4.42378223E-05, -8.38190317E-05) (  8.84756446E-05,  1.67638063E-04)
   0.00000000      -2.00000000       0.00000000     (  7.07805157E-04, -2.70083547E-04) (  0.00000000    ,  0.00000000    ) ( -1.18743628E-04, -2.18860805E-04)
   0.00000000      -2.00000000       1.00000000     ( -4.00468707E-04,  2.88709998E-04) ( -3.44589353E-04, -3.25962901E-04) ( -6.89178705E-04, -6.51925802E-04)
   0.00000000      -1.00000000       0.00000000     (  1.33179128E-03,  4.42378223E-03) (  0.00000000    ,  0.00000000    ) (  1.60187483E-02, -3.08267772E-03)
   0.00000000      -1.00000000       1.00000000     ( -6.98491931E-03, -2.32458115E-02) ( -9.53674316E-03,  4.08850610E-03) ( -9.53674316E-03,  4.08850610E-03)
   0.00000000      -1.00000000       2.00000000     (  2.98023224E-04, -3.16649675E-04) (  4.28408384E-04, -3.72529030E-05) (  2.14204192E-04, -1.86264515E-05)
   1.00000000       0.00000000       0.00000000     (  0.00000000    ,  0.00000000    ) ( -3.23355198E-02,  2.02655792E-02) (  1.74343586E-02, -2.26311386E-03)
   1.00000000       0.00000000       1.00000000     ( -2.98954546E-03,  1.45228114E-04) ( -1.10268593E-02, -1.75461173E-02) (  2.98954546E-03, -1.45228114E-04)
   1.00000000       0.00000000       2.00000000     ( -6.70552254E-04, -4.65661287E-04) (  3.07336450E-04,  2.60770321E-04) (  3.35276127E-04,  2.32830644E-04)
   1.00000000       1.00000000       0.00000000     (  3.66009772E-03,  4.27477062E-03) ( -3.66009772E-03, -4.27477062E-03) ( -9.17352736E-04,  1.11386180E-02)
   1.00000000       1.00000000       1.00000000     (  2.70083547E-04,  3.16649675E-04) ( -8.75443220E-04,  1.62981451E-04) (  5.96046448E-04, -4.74974513E-04)
   1.00000000       1.00000000       2.00000000     ( -9.49949026E-04,  1.58324838E-04) (  4.93600965E-04,  6.51925802E-04) (  2.32830644E-04, -4.00468707E-04)
   1.00000000       2.00000000       0.00000000     ( -1.62981451E-04,  5.02914190E-04) (  8.14907253E-05, -2.51457095E-04) ( -3.25962901E-04, -7.68341124E-05)
   1.00000000       2.00000000       1.00000000     (  1.21071935E-04,  2.79396772E-04) ( -2.32830644E-04, -7.45058060E-05) (  3.44589353E-04, -1.25728548E-04)
   1.00000000      -2.00000000       0.00000000     (  1.49011612E-04,  4.09781933E-04) (  7.45058060E-05,  2.04890966E-04) ( -3.25962901E-04, -5.02914190E-04)
   1.00000000      -2.00000000       1.00000000     ( -6.14672899E-04, -3.08500603E-05) ( -2.04890966E-04,  6.51925802E-05) (  2.14204192E-04,  1.62981451E-04)
   1.00000000      -1.00000000       0.00000000     (  1.73691660E-03, -3.54833901E-03) (  1.73691660E-03, -3.54833901E-03) ( -7.46920705E-03,  2.86102295E-02)
   1.00000000      -1.00000000       1.00000000     (  1.19209290E-03,  5.77419996E-04) (  4.19095159E-05, -1.04308128E-03) ( -1.15483999E-03, -1.60187483E-03)
   1.00000000      -1.00000000       2.00000000     ( -5.77419996E-04, -4.65661287E-05) ( -5.47152013E-05,  3.53902578E-04) (  2.60770321E-04,  2.00234354E-04)
   2.00000000       0.00000000       0.00000000     (  0.00000000    ,  0.00000000    ) (  1.35041773E-04,  8.38190317E-04) ( -3.63215804E-04, -2.32830644E-04)
   2.00000000       0.00000000       1.00000000     ( -9.54605639E-05,  4.88944352E-05) ( -2.32830644E-04,  2.85217538E-05) (  1.90921128E-04, -9.77888703E-05)
   2.00000000       1.00000000       0.00000000     (  3.37604433E-05,  2.61934474E-05) ( -6.75208867E-05, -5.23868948E-05) (  1.72294676E-04,  2.04890966E-04)
   2.00000000       1.00000000       1.00000000     ( -5.00585884E-05, -6.28642738E-05) ( -3.63215804E-04,  3.16649675E-04) (  4.56348062E-04, -1.86264515E-04)
   2.00000000      -1.00000000       0.00000000     ( -2.88709998E-04, -2.18860805E-04) ( -5.77419996E-04, -4.37721610E-04) (  2.00234354E-04,  9.31322575E-05)
   2.00000000      -1.00000000       1.00000000     ( -3.84170562E-05, -5.58793545E-04) ( -2.37487257E-04, -3.16649675E-04) ( -1.58324838E-04,  8.19563866E-04)
