   0.00000000       0.00000000       1.00000000     (  2.77906656E-02,  1.06543303E-02) (  1.74716115E-02, -3.38256359E-02) (  0.00000000    ,  0.00000000    )
   0.00000000       0.00000000       2.00000000     (  1.26659870E-03, -2.84984708E-03) ( -2.04890966E-03, -3.65544111E-04) (  0.00000000    ,  0.00000000    )
   0.00000000       1.00000000       0.00000000     ( -1.39698386E-02,  5.15021384E-03) (  0.00000000    ,  0.00000000    ) (  2.98023224E-03,  6.63101673E-03)
   0.00000000       1.00000000       1.00000000     (  6.85453415E-03, -3.16649675E-03) (  1.69500709E-03, -1.10641122E-02) ( -1.69500709E-03,  1.10641122E-02)
   0.00000000       1.00000000       2.00000000     ( -2.99885869E-03,  1.13621354E-03) ( -7.72997737E-04,  1.69966370E-04) (  3.86498868E-04, -8.49831849E-05)
   0.00000000       2.00000000       0.00000000     ( -2.03028321E-03, -5.21540642E-04) (  0.00000000    ,  0.00000000    ) ( -1.97440386E-03,  1.22934580E-03)
   0.00000000       2.00000000       1.00000000     (  1.12690032E-03,  2.49594450E-03) ( -9.77888703E-04, -4.37721610E-04) (  1.95577741E-03,  8.75443220E-04)
   0.00000000      -2.00000000       0.00000000     ( -2.03028321E-03,  5.21540642E-04) (  0.00000000    ,  0.00000000    ) ( -1.97440386E-03, -1.22934580E-03)
   0.00000000      -2.00000000       1.00000000     ( -5.32716513E-03,  1.37835741E-03) ( -1.06170774E-03,  7.72997737E-04) ( -2.12341547E-03,  1.54599547E-03)
   0.00000000      -1.00000000       0.00000000     ( -1.39698386E-02, -5.15021384E-03) (  0.00000000    ,  0.00000000    ) (  2.98023224E-03, -6.63101673E-03)
   0.00000000      -1.00000000       1.00000000     (  1.55344605E-02, -2.15321779E-02) (  1.01514161E-03, -4.02797014E-04) (  1.01514161E-03, -4.02797014E-04)
   0.00000000      -1.00000000       2.00000000     (  5.35510480E-05, -1.07102096E-03) (  6.19329512E-04, -1.49942935E-03) (  3.09664756E-04, -7.49714673E-04)
   1.00000000       0.00000000       0.00000000     (  0.00000000    ,  0.00000000    ) ( -1.40815973E-02,  9.87201929E-03) (  3.30805779E-02,  2.77906656E-02)
   1.00000000       0.00000000       1.00000000     (  5.42029738E-03, -2.57045031E-03) ( -3.44961882E-02,  1.34482980E-02) ( -5.42029738E-03,  2.57045031E-03)
   1.00000000       0.00000000       2.00000000     (  8.75443220E-04,  1.58324838E-03) (  3.94880772E-03,  1.78813934E-03) ( -4.37721610E-04, -7.91624188E-04)
   1.00000000       1.00000000       0.00000000     (  6.50063157E-03,  6.74277544E-03) ( -6.50063157E-03, -6.74277544E-03) ( -1.00582838E-02,  9.18284059E-03)
   1.00000000       1.00000000       1.00000000     ( -6.84522092E-04, -1.48080289E-03) ( -2.23517418E-04,  3.00351530E-04) (  9.03382897E-04,  1.18277967E-03)
   1.00000000       1.00000000       2.00000000     ( -1.35041773E-04, -6.75208867E-04) ( -1.55530870E-03,  2.60770321E-04) (  8.47503543E-04,  2.07219273E-04)
   1.00000000       2.00000000       0.00000000     ( -1.05239451E-03,  2.81259418E-03) (  5.26197255E-04, -1.40629709E-03) (  4.51691449E-04, -7.21774995E-05)
   1.00000000       2.00000000       1.00000000     (  2.75671482E-03,  2.37487257E-04) ( -2.45869160E-03, -8.47503543E-04) (  2.14204192E-03,  1.45286322E-03)
   1.00000000      -2.00000000       0.00000000     (  1.08266249E-04, -1.58324838E-03) (  5.41331246E-05, -7.91624188E-04) ( -1.16415322E-03,  7.17118382E-04)
   1.00000000      -2.00000000       1.00000000     ( -2.86381692E-04,  2.06753612E-03) ( -5.68106771E-04,  1.91852450E-03) ( -8.47503543E-04,  1.78813934E-03)
   1.00000000      -1.00000000       0.00000000     ( -4.79631126E-03, -1.55717134E-02) ( -4.79631126E-03, -1.55717134E-02) ( -9.62987542E-03,  1.05425715E-02)
   1.00000000      -1.00000000       1.00000000     (  8.94069672E-04,  9.96515155E-04) ( -1.57393515E-03, -1.12690032E-03) ( -2.45869160E-03, -2.12341547E-03)
   1.00000000      -1.00000000       2.00000000     (  4.23751771E-04,  1.45286322E-03) (  8.28877091E-04,  1.23865902E-03) (  2.04890966E-04, -1.08266249E-04)
   2.00000000       0.00000000       0.00000000     (  0.00000000    ,  0.00000000    ) (  3.05473804E-03,  1.54832378E-04) ( -2.01165676E-03, -5.35510480E-05)
   2.00000000       0.00000000       1.00000000     (  7.45058060E-05, -1.14552677E-03) (  4.02797014E-04,  2.04890966E-03) ( -1.49011612E-04,  2.29105353E-03)
   2.00000000       1.00000000       0.00000000     ( -1.34110451E-03,  8.96397978E-05) (  2.68220901E-03, -1.79279596E-04) (  1.05937943E-04, -3.12924385E-03)
   2.00000000       1.00000000       1.00000000     ( -3.49245965E-04,  7.54371285E-04) (  6.93835318E-04, -2.06753612E-03) (  4.94765118E-06,  5.58793545E-04)
   2.00000000      -1.00000000       0.00000000     (  2.46800482E-04,  1.10827386E-03) (  4.93600965E-04,  2.21654773E-03) ( -1.24564394E-04,  1.20140612E-03)
   2.00000000      -1.00000000       1.00000000     ( -1.59256160E-03,  1.92085281E-04) ( -1.49942935E-03, -1.31549314E-04) (  1.67638063E-03, -5.16884029E-04)
