   0.00000000       0.00000000      -2.00000000     (  9.96515155E-04,  2.66358256E-03) ( -1.97440386E-03,  4.61004674E-04) (  0.00000000    ,  0.00000000    )
   0.00000000       0.00000000      -1.00000000     (  2.80141830E-02, -1.02818012E-02) (  1.92224979E-02,  3.42726707E-02) (  0.00000000    ,  0.00000000    )
   0.00000000       1.00000000      -2.00000000     ( -5.70435077E-05,  8.94069672E-04) (  6.00703061E-04,  1.38767064E-03) (  3.00351530E-04,  6.93835318E-04)
   0.00000000       1.00000000      -1.00000000     (  1.49384141E-02,  2.25007534E-02) (  1.02911144E-03, -1.18689059E-06) (  1.02911144E-03, -1.18689059E-06)
   0.00000000       2.00000000      -1.00000000     ( -4.91738319E-03, -1.18277967E-03) ( -9.96515155E-04, -7.21774995E-04) ( -1.99303031E-03, -1.44354999E-03)
   0.00000000      -2.00000000      -1.00000000     (  1.06170774E-03, -2.21654773E-03) ( -8.75443220E-04,  3.30619514E-04) (  1.75088644E-03, -6.61239028E-04)
   0.00000000      -1.00000000      -2.00000000     ( -2.75671482E-03, -1.03376806E-03) ( -6.51925802E-04, -2.04890966E-04) (  3.25962901E-04,  1.02445483E-04)
   0.00000000      -1.00000000      -1.00000000     (  7.28294253E-03,  2.22120434E-03) (  1.14087015E-03,  1.11386180E-02) ( -1.14087015E-03, -1.11386180E-02)
   1.00000000       0.00000000      -2.00000000     ( -1.30385160E-03,  1.88127160E-03) ( -1.67638063E-03,  2.40281224E-03) ( -6.51925802E-04,  9.40635800E-04)
   1.00000000       0.00000000      -1.00000000     (  6.64964318E-03, -7.03148544E-04) ( -2.99885869E-03, -3.20374966E-03) (  6.64964318E-03, -7.03148544E-04)
   1.00000000       1.00000000      -2.00000000     ( -2.10478902E-03,  1.05239451E-03) (  1.22003257E-03, -2.27242708E-03) ( -4.42378223E-04, -6.05359674E-04)
   1.00000000       1.00000000      -1.00000000     ( -2.01165676E-03, -6.05359674E-04) (  1.99303031E-03,  6.47269189E-04) ( -2.12457962E-05,  3.78349796E-05)
   1.00000000       2.00000000      -1.00000000     ( -3.49245965E-05,  7.21774995E-04) ( -4.79631126E-04,  8.75443220E-04) ( -9.87201929E-04,  2.47731805E-03)
   1.00000000      -2.00000000      -1.00000000     (  5.21540642E-04, -1.03609636E-04) (  8.84756446E-04,  6.65895641E-04) ( -1.24797225E-03, -1.43423676E-03)
   1.00000000      -1.00000000      -2.00000000     ( -3.21306288E-04, -1.49011612E-03) ( -6.42612576E-04, -8.94069672E-04) (  1.59488991E-04, -2.95694917E-04)
   1.00000000      -1.00000000      -1.00000000     ( -8.19563866E-04,  5.40167093E-04) ( -1.67638063E-03,  3.00351530E-04) (  8.66129994E-04,  2.39815563E-04)
   2.00000000       0.00000000      -1.00000000     ( -7.26431608E-04, -4.37721610E-04) ( -1.00582838E-03,  1.25728548E-04) ( -1.45286322E-03, -8.75443220E-04)
   2.00000000       1.00000000      -1.00000000     ( -4.19095159E-04, -1.72294676E-04) (  8.66129994E-04, -6.23986125E-04) (  3.23052518E-05, -9.68575478E-04)
   2.00000000      -1.00000000      -1.00000000     ( -2.37487257E-04, -3.57977115E-05) (  2.04890966E-04, -1.80676579E-03) ( -6.79865479E-04,  1.73225999E-03)
