   0.00000000       0.00000000       1.00000000     (  2.33203173E-02,  3.30619514E-03) (  3.38256359E-02, -2.80886889E-02) (  0.00000000    ,  0.00000000    )
   0.00000000       0.00000000       2.00000000     ( -2.18860805E-04,  1.02445483E-03) (  8.00937414E-04,  2.74740160E-04) (  0.00000000    ,  0.00000000    )
   0.00000000       1.00000000       0.00000000     ( -1.76951289E-02, -7.63684511E-04) (  0.00000000    ,  0.00000000    ) (  5.13158739E-03,  1.63540244E-02)
   0.00000000       1.00000000       1.00000000     (  8.10250640E-03,  9.07108188E-03) ( -2.85916030E-03, -6.37024641E-03) (  2.85916030E-03,  6.37024641E-03)
   0.00000000       1.00000000       2.00000000     (  6.33299351E-04,  1.76951289E-04) (  4.09781933E-04, -2.09547579E-04) ( -2.04890966E-04,  1.04773790E-04)
   0.00000000       2.00000000       0.00000000     ( -2.88709998E-04, -9.68575478E-04) (  0.00000000    ,  0.00000000    ) (  1.08033419E-03, -1.11758709E-03)
   0.00000000       2.00000000       1.00000000     ( -5.77419996E-04,  4.07453626E-05) (  3.44589353E-04, -1.76951289E-04) ( -6.89178705E-04,  3.53902578E-04)
   0.00000000      -2.00000000       0.00000000     ( -2.88709998E-04,  9.68575478E-04) (  0.00000000    ,  0.00000000    ) (  1.08033419E-03,  1.11758709E-03)
   0.00000000      -2.00000000       1.00000000     (  1.15483999E-03, -8.14907253E-05) (  1.14087015E-04,  4.30736691E-05) (  2.28174031E-04,  8.61473382E-05)
   0.00000000      -1.00000000       0.00000000     ( -1.76951289E-02,  7.63684511E-04) (  0.00000000    ,  0.00000000    ) (  5.13158739E-03, -1.63540244E-02)
   0.00000000      -1.00000000       1.00000000     (  1.60187483E-03, -3.15904617E-02) ( -3.63215804E-03,  3.41795385E-03) ( -3.63215804E-03,  3.41795385E-03)
   0.00000000      -1.00000000       2.00000000     ( -1.81607902E-04,  4.65661287E-05) (  2.65426934E-04,  2.98023224E-04) (  1.32713467E-04,  1.49011612E-04)
   1.00000000       0.00000000       0.00000000     (  0.00000000    ,  0.00000000    ) ( -1.54227018E-02,  1.69500709E-02) (  3.12924385E-02,  1.93715096E-02)
   1.00000000       0.00000000       1.00000000     (  7.91624188E-04, -3.43658030E-03) ( -3.21865082E-02, -2.50060111E-03) ( -7.91624188E-04,  3.43658030E-03)
   1.00000000       0.00000000       2.00000000     (  9.31322575E-05, -6.70552254E-04) ( -5.30853868E-04, -5.49480319E-04) ( -4.65661287E-05,  3.35276127E-04)
   1.00000000       1.00000000       0.00000000     (  2.43540853E-03,  3.17580998E-03) ( -2.43540853E-03, -3.17580998E-03) ( -1.08778477E-02,  1.27777457E-02)
   1.00000000       1.00000000       1.00000000     ( -5.21540642E-04,  4.65661287E-04) (  9.31322575E-04,  3.37604433E-05) ( -4.00468707E-04, -5.02914190E-04)
   1.00000000       1.00000000       2.00000000     (  5.30853868E-04,  1.21071935E-04) ( -8.84756446E-05, -1.81607902E-04) ( -2.23517418E-04,  3.08500603E-05)
   1.00000000       2.00000000       0.00000000     ( -7.68341124E-05, -1.44354999E-04) (  3.84170562E-05,  7.21774995E-05) ( -6.70552254E-04, -2.98023224E-04)
   1.00000000       2.00000000       1.00000000     ( -8.19563866E-04, -3.72529030E-04) (  5.68106771E-04,  1.72294676E-04) ( -2.98023224E-04,  2.09547579E-05)
   1.00000000      -2.00000000       0.00000000     (  4.00468707E-04,  4.09781933E-04) (  2.00234354E-04,  2.04890966E-04) (  4.37721610E-04,  6.51925802E-04)
   1.00000000      -2.00000000       1.00000000     (  2.74740160E-04, -3.44589353E-04) (  1.16415322E-04, -2.74740160E-04) ( -4.07453626E-05, -2.04890966E-04)
   1.00000000      -1.00000000       0.00000000     ( -1.20606273E-03, -1.21444464E-02) ( -1.20606273E-03, -1.21444464E-02) ( -1.33365393E-02,  2.33203173E-02)
   1.00000000      -1.00000000       1.00000000     ( -8.00937414E-04, -2.14204192E-04) (  3.35276127E-04,  1.26659870E-03) (  1.13621354E-03,  1.49011612E-03)
   1.00000000      -1.00000000       2.00000000     (  1.00582838E-03, -9.68575478E-04) (  3.35276127E-04, -3.44589353E-04) ( -3.35276127E-04,  3.16649675E-04)
   2.00000000       0.00000000       0.00000000     (  0.00000000    ,  0.00000000    ) ( -8.19563866E-04, -1.15483999E-03) (  4.09781933E-04, -8.94069672E-04)
   2.00000000       0.00000000       1.00000000     ( -2.88709998E-04,  4.84287739E-04) ( -2.46800482E-04, -6.14672899E-04) (  5.77419996E-04, -9.68575478E-04)
   2.00000000       1.00000000       0.00000000     (  1.49011612E-04, -4.09781933E-04) ( -2.98023224E-04,  8.19563866E-04) (  4.74974513E-04, -7.26431608E-04)
   2.00000000       1.00000000       1.00000000     ( -1.53668225E-04, -1.44354999E-04) ( -2.23517418E-04,  1.04308128E-03) (  5.30853868E-04, -7.45058060E-04)
   2.00000000      -1.00000000       0.00000000     (  2.18860805E-04, -3.72529030E-04) (  4.37721610E-04, -7.45058060E-04) (  3.16649675E-04, -1.95577741E-04)
   2.00000000      -1.00000000       1.00000000     (  4.00468707E-04, -7.10133463E-05) (  1.00582838E-03, -8.61473382E-05) (  2.00234354E-04,  5.58793545E-05)
