   0.00000000       0.00000000      -2.00000000     (  3.96743417E-03,  4.47034836E-03) ( -2.41212547E-03, -5.49480319E-04) (  0.00000000    ,  0.00000000    )
   0.00000000       0.00000000      -1.00000000     (  2.50339508E-02, -1.11013651E-02) (  9.16421413E-03,  2.91317701E-02) (  0.00000000    ,  0.00000000    )
   0.00000000       1.00000000      -2.00000000     (  4.21423465E-04,  2.65426934E-03) (  6.07687980E-04,  1.56462193E-03) (  3.03843990E-04,  7.82310963E-04)
   0.00000000       1.00000000      -1.00000000     (  1.50129199E-02,  1.72480941E-02) ( -1.60071068E-04,  1.69500709E-03) ( -1.60071068E-04,  1.69500709E-03)
   0.00000000       2.00000000      -1.00000000     ( -8.75443220E-03, -2.08616257E-03) ( -1.44820660E-03, -1.27591193E-03) ( -2.89641321E-03, -2.55182385E-03)
   0.00000000      -2.00000000      -1.00000000     (  1.76019967E-03, -4.48897481E-03) ( -2.00234354E-03,  1.28988177E-03) (  4.00468707E-03, -2.57976353E-03)
   0.00000000      -1.00000000      -2.00000000     ( -5.43892384E-03, -1.07567757E-03) ( -2.58907676E-03, -9.28412192E-05) (  1.29453838E-03,  4.64206096E-05)
   0.00000000      -1.00000000      -1.00000000     (  4.34927642E-03,  5.19677997E-03) (  4.02331352E-03,  9.42498446E-03) ( -4.02331352E-03, -9.42498446E-03)
   1.00000000       0.00000000      -2.00000000     ( -7.26431608E-04,  4.26545739E-03) ( -3.74391675E-03,  6.01634383E-03) ( -3.63215804E-04,  2.13272870E-03)
   1.00000000       0.00000000      -1.00000000     (  3.93949449E-03,  2.38069333E-04) (  3.30619514E-03, -1.99303031E-03) (  3.93949449E-03,  2.38069333E-04)
   1.00000000       1.00000000      -2.00000000     ( -4.41446900E-03, -7.01402314E-05) (  4.58210707E-03, -4.11644578E-03) (  8.73114914E-05, -2.09547579E-03)
   1.00000000       1.00000000      -1.00000000     ( -5.99771738E-03, -2.43075192E-03) (  5.10364771E-03,  5.65778464E-04) ( -9.03382897E-04, -1.86264515E-03)
   1.00000000       2.00000000      -1.00000000     ( -1.88127160E-03,  1.28522515E-03) ( -2.49128789E-04,  1.76019967E-03) ( -2.37487257E-03,  4.80562449E-03)
   1.00000000      -2.00000000      -1.00000000     ( -2.29338184E-04, -1.14552677E-03) (  1.23865902E-03, -5.09899110E-04) ( -2.70083547E-03, -1.22818165E-04)
   1.00000000      -1.00000000      -2.00000000     ( -1.40629709E-03, -2.50525773E-03) (  1.04191713E-04, -2.07684934E-03) ( -7.54371285E-04, -2.15368345E-04)
   1.00000000      -1.00000000      -1.00000000     ( -1.64844096E-03,  3.71364877E-04) ( -3.76254320E-03,  6.03031367E-04) (  2.12341547E-03, -2.31666490E-04)
   2.00000000       0.00000000      -1.00000000     ( -1.59256160E-03, -7.03148544E-04) ( -5.77419996E-03,  1.29919499E-03) ( -3.18512321E-03, -1.40629709E-03)
   2.00000000       1.00000000      -1.00000000     ( -6.46105036E-05,  8.05594027E-04) (  9.08039510E-04, -2.03959644E-03) (  7.79982656E-04, -4.30736691E-04)
   2.00000000      -1.00000000      -1.00000000     (  3.36440280E-04, -1.33644789E-03) (  1.06170774E-03, -4.11644578E-03) ( -3.89991328E-04,  1.43889338E-03)
