   0.00000000       0.00000000      -2.00000000     (  7.11530447E-03,  2.96160579E-03) ( -1.03190541E-02,  4.30271029E-03) (  0.00000000    ,  0.00000000    )
   0.00000000       0.00000000      -1.00000000     ( -7.70669430E-04,  1.19581819E-02) (  2.16066837E-02, -6.61239028E-03) (  0.00000000    ,  0.00000000    )
   0.00000000       1.00000000      -2.00000000     ( -1.63912773E-03,  2.17929482E-03) (  1.37515599E-05, -2.71946192E-03) (  6.87577995E-06, -1.35973096E-03)
   0.00000000       1.00000000      -1.00000000     ( -9.12696123E-03,  1.16601586E-02) ( -5.86733222E-03, -6.31436706E-03) ( -5.86733222E-03, -6.31436706E-03)
   0.00000000       2.00000000      -1.00000000     (  1.89058483E-03,  3.84170562E-04) ( -8.10250640E-04, -6.28642738E-05) ( -1.62050128E-03, -1.25728548E-04)
   0.00000000      -2.00000000      -1.00000000     (  2.00234354E-04,  1.23400241E-03) ( -9.91858542E-04, -7.49714673E-04) (  1.98371708E-03,  1.49942935E-03)
   0.00000000      -1.00000000      -2.00000000     (  4.47034836E-03,  3.01748514E-03) ( -3.40864062E-03, -1.66706741E-03) (  1.70432031E-03,  8.33533704E-04)
   0.00000000      -1.00000000      -1.00000000     ( -7.32019544E-03,  3.53902578E-03) (  4.07919288E-03,  1.33179128E-03) ( -4.07919288E-03, -1.33179128E-03)
   1.00000000       0.00000000      -2.00000000     ( -1.45286322E-03, -1.02445483E-03) ( -2.37487257E-04,  4.84287739E-03) ( -7.26431608E-04, -5.12227416E-04)
   1.00000000       0.00000000      -1.00000000     (  1.09151006E-02, -5.97909093E-03) ( -3.89292836E-03,  3.24845314E-02) (  1.09151006E-02, -5.97909093E-03)
   1.00000000       1.00000000      -2.00000000     (  7.03148544E-04,  1.69500709E-03) ( -2.49594450E-03, -7.96280801E-04) ( -8.98726285E-04,  4.47034836E-04)
   1.00000000       1.00000000      -1.00000000     (  2.62632966E-03,  4.89875674E-03) ( -1.87428668E-04, -3.05473804E-03) (  2.44006515E-03,  1.84401870E-03)
   1.00000000       2.00000000      -1.00000000     (  1.78813934E-03,  1.74157321E-03) (  1.51339918E-04,  6.78119250E-05) (  2.09547579E-03,  1.87195837E-03)
   1.00000000      -2.00000000      -1.00000000     (  8.80099833E-04,  2.83122063E-03) (  1.78115442E-04,  9.03382897E-04) (  5.21540642E-04,  1.01979822E-03)
   1.00000000      -1.00000000      -2.00000000     ( -3.51574272E-04, -5.14090061E-03) ( -8.24220479E-04,  2.61701643E-03) (  2.36323103E-04, -3.87430191E-03)
   1.00000000      -1.00000000      -1.00000000     ( -2.46800482E-03,  6.23986125E-04) ( -2.48663127E-03, -4.65661287E-03) (  1.22963684E-05,  5.25265932E-03)
   2.00000000       0.00000000      -1.00000000     ( -1.28056854E-03, -5.09899110E-04) ( -4.65661287E-03,  5.47152013E-04) ( -2.56113708E-03, -1.01979822E-03)
   2.00000000       1.00000000      -1.00000000     (  1.99303031E-03,  1.98371708E-03) ( -3.07336450E-03, -2.81259418E-03) (  9.12696123E-04,  1.15018338E-03)
   2.00000000      -1.00000000      -1.00000000     ( -1.06520019E-04, -1.04308128E-03) (  4.23751771E-04, -2.56113708E-04) ( -6.37955964E-04, -1.83470547E-03)
