   0.00000000       0.00000000       1.00000000     (  2.71946192E-02,  1.10641122E-02) (  1.45658851E-02, -3.27080488E-02) (  0.00000000    ,  0.00000000    )
   0.00000000       0.00000000       2.00000000     (  1.84401870E-03, -3.16649675E-03) ( -2.16066837E-03, -1.50175765E-04) (  0.00000000    ,  0.00000000    )
   0.00000000       1.00000000       0.00000000     ( -1.19581819E-02,  6.40749931E-03) (  0.00000000    ,  0.00000000    ) (  2.74740160E-03,  4.71249223E-03)
   0.00000000       1.00000000       1.00000000     (  6.03497028E-03, -4.33996320E-03) (  2.58907676E-03, -1.07288361E-02) ( -2.58907676E-03,  1.07288361E-02)
   0.00000000       1.00000000       2.00000000     ( -3.48314643E-03,  1.21071935E-03) ( -1.07102096E-03,  1.18161552E-04) (  5.35510480E-04, -5.90807758E-05)
   0.00000000       2.00000000       0.00000000     ( -2.51457095E-03, -1.20140612E-03) (  0.00000000    ,  0.00000000    ) ( -2.47731805E-03,  9.68575478E-04)
   0.00000000       2.00000000       1.00000000     (  1.22934580E-03,  2.99885869E-03) ( -1.18277967E-03, -6.37955964E-04) (  2.36555934E-03,  1.27591193E-03)
   0.00000000      -2.00000000       0.00000000     ( -2.51457095E-03,  1.20140612E-03) (  0.00000000    ,  0.00000000    ) ( -2.47731805E-03, -9.68575478E-04)
   0.00000000      -2.00000000       1.00000000     ( -6.10947609E-03,  1.65775418E-03) ( -1.14552677E-03,  8.66129994E-04) ( -2.29105353E-03,  1.73225999E-03)
   0.00000000      -1.00000000       0.00000000     ( -1.19581819E-02, -6.40749931E-03) (  0.00000000    ,  0.00000000    ) (  2.74740160E-03, -4.71249223E-03)
   0.00000000      -1.00000000       1.00000000     (  1.59814954E-02, -2.00420618E-02) (  7.79982656E-04, -9.84873623E-04) (  7.79982656E-04, -9.84873623E-04)
   0.00000000      -1.00000000       2.00000000     (  2.30502337E-04, -1.43423676E-03) (  6.00703061E-04, -1.62050128E-03) (  3.00351530E-04, -8.10250640E-04)
   1.00000000       0.00000000       0.00000000     (  0.00000000    ,  0.00000000    ) ( -1.47148967E-02,  8.84756446E-03) (  3.17394733E-02,  2.68220901E-02)
   1.00000000       0.00000000       1.00000000     (  5.25265932E-03, -2.46334821E-03) ( -3.30060720E-02,  1.44168735E-02) ( -5.25265932E-03,  2.46334821E-03)
   1.00000000       0.00000000       2.00000000     (  9.87201929E-04,  1.82539225E-03) (  4.65661287E-03,  2.01165676E-03) ( -4.93600965E-04, -9.12696123E-04)
   1.00000000       1.00000000       0.00000000     (  6.29574060E-03,  6.10947609E-03) ( -6.29574060E-03, -6.10947609E-03) ( -9.79751348E-03,  8.28877091E-03)
   1.00000000       1.00000000       1.00000000     ( -1.20140612E-03, -1.44354999E-03) (  2.15368345E-04,  3.51574272E-04) (  9.87201929E-04,  1.08964741E-03)
   1.00000000       1.00000000       2.00000000     ( -1.59488991E-04, -9.49949026E-04) ( -2.12341547E-03,  1.94413587E-04) (  1.13621354E-03,  3.77185643E-04)
   1.00000000       2.00000000       0.00000000     ( -1.09896064E-03,  3.42726707E-03) (  5.49480319E-04, -1.71363354E-03) (  1.36205927E-04,  6.05359674E-04)
   1.00000000       2.00000000       1.00000000     (  3.24100256E-03,  5.44823706E-04) ( -2.75671482E-03, -1.11758709E-03) (  2.29105353E-03,  1.69500709E-03)
   1.00000000      -2.00000000       0.00000000     (  1.97906047E-04, -1.76019967E-03) (  9.89530236E-05, -8.80099833E-04) ( -1.10827386E-03,  1.21071935E-03)
   1.00000000      -2.00000000       1.00000000     ( -3.86498868E-04,  2.01165676E-03) ( -7.07805157E-04,  2.04890966E-03) ( -1.02445483E-03,  2.10478902E-03)
   1.00000000      -1.00000000       0.00000000     ( -5.38304448E-03, -1.43423676E-02) ( -5.38304448E-03, -1.43423676E-02) ( -8.53091478E-03,  9.14558768E-03)
   1.00000000      -1.00000000       1.00000000     (  1.04308128E-03,  1.62050128E-03) ( -1.70432031E-03, -4.88944352E-04) ( -2.75671482E-03, -2.10478902E-03)
   1.00000000      -1.00000000       2.00000000     (  9.40635800E-04,  1.75088644E-03) (  1.58324838E-03,  1.73225999E-03) (  3.23634595E-04, -1.04773790E-05)
   2.00000000       0.00000000       0.00000000     (  0.00000000    ,  0.00000000    ) (  3.79979610E-03, -2.95694917E-04) ( -2.45869160E-03, -1.04191713E-04)
   2.00000000       0.00000000       1.00000000     ( -2.58442014E-04, -1.34110451E-03) (  5.07570803E-04,  2.77534127E-03) (  5.16884029E-04,  2.68220901E-03)
   2.00000000       1.00000000       0.00000000     ( -1.55530870E-03,  7.68341124E-05) (  3.11061740E-03, -1.53668225E-04) (  1.09430403E-04, -4.17232513E-03)
   2.00000000       1.00000000       1.00000000     ( -2.46800482E-04,  1.06170774E-03) (  2.79396772E-04, -2.44006515E-03) (  2.15368345E-04,  3.02679837E-04)
   2.00000000      -1.00000000       0.00000000     (  5.30853868E-04,  1.20140612E-03) (  1.06170774E-03,  2.40281224E-03) ( -1.29221007E-04,  1.28522515E-03)
   2.00000000      -1.00000000       1.00000000     ( -1.75088644E-03,  3.14321369E-04) ( -1.49011612E-03, -2.95694917E-04) (  2.01165676E-03, -9.26665962E-04)
