   0.00000000       0.00000000       1.00000000     (  7.65547156E-03, -1.24052167E-02) (  3.76999378E-02, -5.53205609E-03) (  0.00000000    ,  0.00000000    )
   0.00000000       0.00000000       2.00000000     (  1.19209290E-03, -2.70083547E-04) ( -1.19209290E-03, -4.28408384E-04) (  0.00000000    ,  0.00000000    )
   0.00000000       1.00000000       0.00000000     (  1.81142241E-03, -4.35858965E-03) (  0.00000000    ,  0.00000000    ) (  1.62050128E-02,  2.33296305E-03)
   0.00000000       1.00000000       1.00000000     (  5.40167093E-03,  3.90224159E-03) (  3.30619514E-03, -1.18045136E-03) ( -3.30619514E-03,  1.18045136E-03)
   0.00000000       1.00000000       2.00000000     (  5.58793545E-04, -6.70552254E-04) ( -1.58324838E-04,  2.98023224E-04) (  7.91624188E-05, -1.49011612E-04)
   0.00000000       2.00000000       0.00000000     (  8.00937414E-04,  3.25962901E-04) (  0.00000000    ,  0.00000000    ) ( -9.31322575E-05,  2.70083547E-04)
   0.00000000       2.00000000       1.00000000     (  3.63215804E-04, -4.19095159E-04) ( -3.60887498E-05, -6.05359674E-05) (  7.21774995E-05,  1.21071935E-04)
   0.00000000      -2.00000000       0.00000000     (  8.00937414E-04, -3.25962901E-04) (  0.00000000    ,  0.00000000    ) ( -9.31322575E-05, -2.70083547E-04)
   0.00000000      -2.00000000       1.00000000     ( -4.47034836E-04,  3.81842256E-04) ( -3.72529030E-04, -3.35276127E-04) ( -7.45058060E-04, -6.70552254E-04)
   0.00000000      -1.00000000       0.00000000     (  1.81142241E-03,  4.35858965E-03) (  0.00000000    ,  0.00000000    ) (  1.62050128E-02, -2.33296305E-03)
   0.00000000      -1.00000000       1.00000000     ( -6.98491931E-03, -2.23517418E-02) ( -9.38773155E-03,  4.21889126E-03) ( -9.38773155E-03,  4.21889126E-03)
   0.00000000      -1.00000000       2.00000000     (  3.07336450E-04, -3.81842256E-04) (  5.02914190E-04, -1.86264515E-05) (  2.51457095E-04, -9.31322575E-06)
   1.00000000       0.00000000       0.00000000     (  0.00000000    ,  0.00000000    ) ( -3.21120024E-02,  1.95205212E-02) (  1.71735883E-02, -2.70083547E-03)
   1.00000000       0.00000000       1.00000000     ( -2.87778676E-03,  2.01544026E-05) ( -1.00582838E-02, -1.71735883E-02) (  2.87778676E-03, -2.01544026E-05)
   1.00000000       0.00000000       2.00000000     ( -7.45058060E-04, -5.30853868E-04) (  3.16649675E-04,  2.98023224E-04) (  3.72529030E-04,  2.65426934E-04)
   1.00000000       1.00000000       0.00000000     (  3.74391675E-03,  4.05125320E-03) ( -3.74391675E-03, -4.05125320E-03) ( -1.88592821E-04,  1.10641122E-02)
   1.00000000       1.00000000       1.00000000     (  2.70083547E-04,  3.16649675E-04) ( -9.12696123E-04,  2.14204192E-04) (  6.33299351E-04, -5.30853868E-04)
   1.00000000       1.00000000       2.00000000     ( -1.02445483E-03,  1.58324838E-04) (  5.49480319E-04,  7.07805157E-04) (  2.32830644E-04, -4.28408384E-04)
   1.00000000       2.00000000       0.00000000     ( -1.62981451E-04,  6.14672899E-04) (  8.14907253E-05, -3.07336450E-04) ( -3.63215804E-04, -6.40284270E-05)
   1.00000000       2.00000000       1.00000000     (  1.86264515E-04,  3.35276127E-04) ( -2.46800482E-04, -9.77888703E-05) (  3.07336450E-04, -1.37370080E-04)
   1.00000000      -2.00000000       0.00000000     (  1.90921128E-04,  4.47034836E-04) (  9.54605639E-05,  2.23517418E-04) ( -3.72529030E-04, -5.21540642E-04)
   1.00000000      -2.00000000       1.00000000     ( -6.70552254E-04, -4.14729584E-06) ( -2.37487257E-04,  9.77888703E-05) (  2.00234354E-04,  2.00234354E-04)
   1.00000000      -1.00000000       0.00000000     (  1.90455467E-03, -3.22237611E-03) (  1.90455467E-03, -3.22237611E-03) ( -7.24568963E-03,  2.73436308E-02)
   1.00000000      -1.00000000       1.00000000     (  1.26659870E-03,  6.51925802E-04) (  3.60887498E-05, -1.15483999E-03) ( -1.22934580E-03, -1.78813934E-03)
   1.00000000      -1.00000000       2.00000000     ( -6.51925802E-04, -6.40284270E-05) ( -1.30967237E-05,  3.44589353E-04) (  3.16649675E-04,  2.04890966E-04)
   2.00000000       0.00000000       0.00000000     (  0.00000000    ,  0.00000000    ) (  1.14087015E-04,  9.31322575E-04) ( -4.00468707E-04, -2.79396772E-04)
   2.00000000       0.00000000       1.00000000     ( -1.07102096E-04,  5.93718141E-05) ( -3.07336450E-04, -4.07453626E-06) (  2.14204192E-04, -1.18743628E-04)
   2.00000000       1.00000000       0.00000000     (  1.80443749E-05,  1.25146471E-05) ( -3.60887498E-05, -2.50292942E-05) (  1.90921128E-04,  2.09547579E-04)
   2.00000000       1.00000000       1.00000000     ( -5.93718141E-05, -5.70435077E-05) ( -3.91155481E-04,  3.44589353E-04) (  5.02914190E-04, -2.28174031E-04)
   2.00000000      -1.00000000       0.00000000     ( -3.35276127E-04, -2.60770321E-04) ( -6.70552254E-04, -5.21540642E-04) (  2.70083547E-04,  1.62981451E-04)
   2.00000000      -1.00000000       1.00000000     ( -2.50292942E-05, -6.33299351E-04) ( -2.56113708E-04, -3.25962901E-04) ( -2.04890966E-04,  9.31322575E-04)
