   0.00000000       0.00000000      -2.00000000     (  9.68575478E-04,  2.51457095E-04) ( -9.31322575E-04,  2.79396772E-04) (  0.00000000    ,  0.00000000    )
   0.00000000       0.00000000      -1.00000000     (  8.77305865E-03,  1.21444464E-02) (  3.90410423E-02,  6.85453415E-03) (  0.00000000    ,  0.00000000    )
   0.00000000       1.00000000      -2.00000000     (  2.88709998E-04,  2.79396772E-04) (  3.81842256E-04,  4.30736691E-05) (  1.90921128E-04,  2.15368345E-05)
   0.00000000       1.00000000      -1.00000000     ( -6.96629286E-03,  2.36928463E-02) ( -9.57399607E-03, -4.02331352E-03) ( -9.57399607E-03, -4.02331352E-03)
   0.00000000       2.00000000      -1.00000000     ( -3.72529030E-04, -2.42143869E-04) ( -3.16649675E-04,  3.07336450E-04) ( -6.33299351E-04,  6.14672899E-04)
   0.00000000      -2.00000000      -1.00000000     (  4.00468707E-04,  2.88709998E-04) ( -4.77302819E-05,  8.84756446E-05) (  9.54605639E-05, -1.76951289E-04)
   0.00000000      -1.00000000      -2.00000000     (  4.19095159E-04,  5.02914190E-04) ( -1.58324838E-04, -2.18860805E-04) (  7.91624188E-05,  1.09430403E-04)
   0.00000000      -1.00000000      -1.00000000     (  6.31436706E-03, -4.62867320E-03) (  2.95229256E-03,  1.17812306E-03) ( -2.95229256E-03, -1.17812306E-03)
   1.00000000       0.00000000      -2.00000000     ( -3.81842256E-04, -1.53668225E-04) (  4.00468707E-04,  9.68575478E-04) ( -1.90921128E-04, -7.68341124E-05)
   1.00000000       0.00000000      -1.00000000     (  1.17346644E-02, -5.81145287E-03) ( -7.28294253E-03,  2.23517418E-02) (  1.17346644E-02, -5.81145287E-03)
   1.00000000       1.00000000      -2.00000000     (  2.09547579E-04,  3.72529030E-04) ( -4.37721610E-04, -2.60770321E-04) ( -1.14087015E-04,  5.47152013E-05)
   1.00000000       1.00000000      -1.00000000     ( -7.63684511E-04,  1.52736902E-03) ( -2.00234354E-04, -8.75443220E-04) ( -9.68575478E-04,  6.51925802E-04)
   1.00000000       2.00000000      -1.00000000     (  5.70435077E-05, -1.49011612E-04) ( -1.76951289E-04, -9.02218744E-06) ( -2.88709998E-04, -1.67638063E-04)
   1.00000000      -2.00000000      -1.00000000     ( -6.98491931E-05, -2.51457095E-04) (  1.30385160E-04, -1.11758709E-04) ( -3.25962901E-04, -2.91038305E-05)
   1.00000000      -1.00000000      -2.00000000     (  1.25728548E-04, -3.81842256E-04) ( -2.18860805E-04,  8.84756446E-05) (  1.72294676E-04, -2.32830644E-04)
   1.00000000      -1.00000000      -1.00000000     ( -1.39698386E-05,  2.18860805E-04) ( -1.90921128E-04,  1.25728548E-04) (  1.76951289E-04,  9.08039510E-05)
   2.00000000       0.00000000      -1.00000000     ( -3.16649675E-04,  2.50292942E-05) (  2.09547579E-04, -5.40167093E-04) ( -6.33299351E-04,  5.00585884E-05)
   2.00000000       1.00000000      -1.00000000     (  5.70435077E-05, -1.25728548E-04) ( -3.91155481E-04,  4.19095159E-04) ( -2.79396772E-04,  1.67638063E-04)
   2.00000000      -1.00000000      -1.00000000     (  2.79396772E-04,  4.42378223E-05) (  1.49011612E-04,  2.60770321E-04) (  4.19095159E-04, -1.72294676E-04)
