    0.000000        0.000000        1.000000      (2.0712614E-02,1.1436641E-02)
   (-1.0840595E-02,-1.6018748E-02)  (0.000000,0.000000)
    0.000000        0.000000        2.000000      
 (5.1222742E-03,-1.1781231E-03)  (5.5134296E-03,4.6286732E-03)  
 (0.000000,0.000000)
    0.000000        1.000000        0.000000      (2.1420419E-03,6.3143671E-03)
   (0.000000,0.000000)  (4.0233135E-03,-1.5320256E-03)
    0.000000        1.000000        1.000000      (4.8615038E-03,4.9360096E-03)
   (5.3830445E-03,-4.1909516E-03)  (-5.3830445E-03,4.1909516E-03)
    0.000000        1.000000        2.000000      
 (-7.6554716E-03,-2.0163134E-03)  (-3.0826777E-03,-2.3934990E-03)  
 (1.5413389E-03,1.1967495E-03)
    0.000000        2.000000        0.000000      
 (-4.3865293E-03,8.1257895E-04)  (0.000000,0.000000)  
 (3.3527613E-04,2.6263297E-03)
    0.000000        2.000000        1.000000      
 (6.9290400E-03,-2.6728958E-03)  (-7.5902790E-04,-1.2642704E-03)  
 (1.5180558E-03,2.5285408E-03)
    0.000000       -2.000000        0.000000      
 (-4.3865293E-03,-8.1257895E-04)  (0.000000,0.000000)  
 (3.3527613E-04,-2.6263297E-03)
    0.000000       -2.000000        1.000000      
 (-1.0803342E-02,-1.0579824E-02)  (-2.8405339E-03,5.3434633E-04)  
 (-5.6810677E-03,1.0686927E-03)
    0.000000       -1.000000        0.000000      
 (2.1420419E-03,-6.3143671E-03)  (0.000000,0.000000)  
 (4.0233135E-03,1.5320256E-03)
    0.000000       -1.000000        1.000000      
 (7.1525574E-03,-4.5634806E-03)  (-1.3690442E-03,-5.0291419E-03)  
 (-1.3690442E-03,-5.0291419E-03)
    0.000000       -1.000000        2.000000      
 (-1.2293458E-02,1.3475074E-04)  (-3.0267984E-03,-1.6950071E-03)  
 (-1.5133992E-03,-8.4750354E-04)
    1.000000        0.000000        0.000000      (0.000000,0.000000)  
 (-2.6375055E-02,5.4389238E-03)  (1.5869737E-02,1.7955899E-02)
    1.000000        0.000000        1.000000      
 (-2.9988587E-03,-2.6170164E-03)  (-1.6763806E-02,1.3411045E-02)  
 (2.9988587E-03,2.6170164E-03)
    1.000000        0.000000        2.000000      (2.3690518E-04,1.9464642E-03)
   (4.1257590E-03,8.4191561E-03)  (-1.1845259E-04,-9.7323209E-04)
    1.000000        1.000000        0.000000      
 (2.6077032E-03,-1.4202669E-03)  (-2.6077032E-03,1.4202669E-03)  
 (-1.1967495E-03,2.8777868E-03)
    1.000000        1.000000        1.000000      (2.0954758E-03,4.2840838E-03)
   (-3.4738332E-03,-3.7252903E-03)  (1.3830140E-03,-5.6461431E-04)
    1.000000        1.000000        2.000000      
 (-4.0233135E-03,2.0070001E-03)  (2.8405339E-04,-3.9488077E-03)  
 (1.8673018E-03,9.7090378E-04)
    1.000000        2.000000        0.000000      (3.6973506E-03,2.1141022E-03)
   (-1.8486753E-03,-1.0570511E-03)  (3.1851232E-03,7.0966780E-03)
    1.000000        2.000000        1.000000      (2.3236498E-03,2.5797635E-03)
   (-2.2491440E-03,1.0291114E-03)  (2.1746382E-03,-4.6472996E-03)
    1.000000       -2.000000        0.000000      (1.5553087E-03,6.2957406E-03)
   (7.7765435E-04,3.1478703E-03)  (-4.6100467E-03,-7.0780516E-04)
    1.000000       -2.000000        1.000000      
 (-3.3155084E-03,-1.5785918E-03)  (-1.2596138E-03,-1.2060627E-03)  
 (7.9628080E-04,-8.3120540E-04)
    1.000000       -1.000000        0.000000      
 (-4.6100467E-04,3.4458935E-04)  (-4.6100467E-04,3.4458935E-04)  
 (-6.0349703E-03,3.0640513E-03)
    1.000000       -1.000000        1.000000      
 (1.1585653E-02,-4.0140003E-03)  (3.2130629E-03,-1.7927960E-03)  
 (-8.3632767E-03,2.2212043E-03)
    1.000000       -1.000000        2.000000      
 (-4.6659261E-03,-1.7089769E-03)  (-7.7486038E-03,-4.4144690E-03)  
 (-1.5459955E-03,-1.3550743E-03)
    2.000000        0.000000        0.000000      (0.000000,0.000000)  
 (1.0151416E-02,-2.1466985E-03)  (-4.8894435E-04,-3.7369318E-04)
    2.000000        0.000000        1.000000      
 (-1.8719584E-03,5.2526593E-03)  (2.8964132E-03,7.4319541E-03)  
 (3.7439167E-03,-1.0505319E-02)
    2.000000        1.000000        0.000000      
 (-1.8766150E-03,-3.1664968E-03)  (3.7532300E-03,6.3329935E-03)  
 (-7.5064600E-03,6.2398612E-03)
    2.000000        1.000000        1.000000      (2.7101487E-03,3.3713877E-03)
   (-2.8871000E-03,-1.1771917E-02)  (-2.5331974E-03,5.0198287E-03)
    2.000000       -1.000000        0.000000      
 (-4.1164458E-03,-2.8032809E-03)  (-8.2328916E-03,-5.6065619E-03)  
 (2.3632310E-04,3.7159771E-03)
    2.000000       -1.000000        1.000000      
 (-3.5669655E-03,2.4493784E-03)  (-2.3189932E-03,7.6368451E-03)  
 (4.8149377E-03,2.7287751E-03)
