   0.00000000       0.00000000      -2.00000000     (  3.16649675E-04,  1.00582838E-03) ( -8.00937414E-04,  1.67638063E-04) (  0.00000000    ,  0.00000000    )
   0.00000000       0.00000000      -1.00000000     (  2.07126141E-02, -1.81607902E-03) (  3.36766243E-02,  2.48104334E-02) (  0.00000000    ,  0.00000000    )
   0.00000000       1.00000000      -2.00000000     (  2.98023224E-04,  1.49157131E-06) ( -3.25962901E-04,  2.98023224E-04) ( -1.62981451E-04,  1.49011612E-04)
   0.00000000       1.00000000      -1.00000000     ( -1.27474777E-04,  3.05473804E-02) ( -4.42378223E-03, -3.09199095E-03) ( -4.42378223E-03, -3.09199095E-03)
   0.00000000       2.00000000      -1.00000000     ( -9.68575478E-04, -1.03682396E-06) ( -2.61934474E-05,  1.44354999E-04) ( -5.23868948E-05,  2.88709998E-04)
   0.00000000      -2.00000000      -1.00000000     (  6.33299351E-04,  2.00234354E-04) ( -3.07336450E-04, -1.49011612E-04) (  6.14672899E-04,  2.98023224E-04)
   0.00000000      -1.00000000      -2.00000000     ( -5.21540642E-04,  2.51457095E-04) ( -4.00468707E-04, -1.49011612E-04) (  2.00234354E-04,  7.45058060E-05)
   0.00000000      -1.00000000      -1.00000000     (  7.84173608E-03, -9.57399607E-03) ( -2.75671482E-03,  4.86150384E-03) (  2.75671482E-03, -4.86150384E-03)
   1.00000000       0.00000000      -2.00000000     ( -3.44589353E-04,  1.44354999E-04) ( -5.02914190E-04,  3.16649675E-04) ( -1.72294676E-04,  7.21774995E-05)
   1.00000000       0.00000000      -1.00000000     (  9.22009349E-03, -4.84287739E-03) ( -9.87201929E-03, -1.33179128E-03) (  9.22009349E-03, -4.84287739E-03)
   1.00000000       1.00000000      -2.00000000     ( -2.98023224E-04, -1.62981451E-04) (  2.56113708E-04, -7.63684511E-04) ( -2.27009878E-05, -4.65661287E-04)
   1.00000000       1.00000000      -1.00000000     ( -4.56348062E-04,  2.98023224E-04) (  8.94069672E-04,  3.72529030E-04) (  4.28408384E-04,  6.70552254E-04)
   1.00000000       2.00000000      -1.00000000     (  9.54605639E-05,  3.07336450E-04) ( -2.42143869E-04, -3.25962901E-04) ( -3.91155481E-04, -3.53902578E-04)
   1.00000000      -2.00000000      -1.00000000     (  6.70552254E-04,  2.79396772E-04) (  4.09781933E-04,  2.98023224E-04) ( -1.53668225E-04, -3.07336450E-04)
   1.00000000      -1.00000000      -2.00000000     (  3.25962901E-04, -3.25962901E-04) (  5.30853868E-04, -1.21071935E-04) ( -1.02445483E-04, -1.02445483E-04)
   1.00000000      -1.00000000      -1.00000000     ( -1.09430403E-04,  7.07805157E-04) ( -6.51925802E-04,  2.79396772E-04) (  5.40167093E-04,  4.19095159E-04)
   2.00000000       0.00000000      -1.00000000     ( -2.18860805E-04, -8.84756446E-05) (  1.19325705E-05,  3.31783667E-05) ( -4.37721610E-04, -1.76951289E-04)
   2.00000000       1.00000000      -1.00000000     ( -1.09430403E-04,  1.57160684E-05) (  2.00234354E-04, -1.14087015E-04) ( -1.92085281E-05, -8.14907253E-05)
   2.00000000      -1.00000000      -1.00000000     (  9.08039510E-05,  3.31783667E-05) (  5.58793545E-04, -4.65661287E-04) ( -3.81842256E-04,  5.30853868E-04)
