   0.00000000       0.00000000       1.00000000     (  1.81421638E-02,  8.27640179E-06) (  3.39746475E-02, -2.14576721E-02) (  0.00000000    ,  0.00000000    )
   0.00000000       0.00000000       2.00000000     (  1.16415322E-03, -2.60770321E-03) ( -2.08616257E-03, -7.74161890E-05) (  0.00000000    ,  0.00000000    )
   0.00000000       1.00000000       0.00000000     ( -1.25542283E-02, -1.60653144E-03) (  0.00000000    ,  0.00000000    ) (  6.51925802E-03,  1.42678618E-02)
   0.00000000       1.00000000       1.00000000     (  7.82310963E-03,  9.94652510E-03) ( -2.44937837E-03, -3.41795385E-03) (  2.44937837E-03,  3.41795385E-03)
   0.00000000       1.00000000       2.00000000     ( -1.09896064E-03, -8.56816769E-04) ( -9.49949026E-04,  2.37487257E-04) (  4.74974513E-04, -1.18743628E-04)
   0.00000000       2.00000000       0.00000000     (  7.63684511E-04,  2.73808837E-03) (  0.00000000    ,  0.00000000    ) ( -3.20374966E-03,  2.21654773E-03)
   0.00000000       2.00000000       1.00000000     (  2.01165676E-03, -8.66129994E-04) ( -7.35744834E-04,  2.65426934E-04) (  1.47148967E-03, -5.30853868E-04)
   0.00000000      -2.00000000       0.00000000     (  7.63684511E-04, -2.73808837E-03) (  0.00000000    ,  0.00000000    ) ( -3.20374966E-03, -2.21654773E-03)
   0.00000000      -2.00000000       1.00000000     ( -1.86264515E-03, -2.18860805E-04) (  1.30385160E-04, -6.42612576E-04) (  2.60770321E-04, -1.28522515E-03)
   0.00000000      -1.00000000       0.00000000     ( -1.25542283E-02,  1.60653144E-03) (  0.00000000    ,  0.00000000    ) (  6.51925802E-03, -1.42678618E-02)
   0.00000000      -1.00000000       1.00000000     ( -1.76019967E-03, -2.96533108E-02) ( -5.38304448E-03,  2.56113708E-03) ( -5.38304448E-03,  2.56113708E-03)
   0.00000000      -1.00000000       2.00000000     (  1.07102096E-03,  1.20780896E-05) ( -7.63684511E-04, -8.38190317E-04) ( -3.81842256E-04, -4.19095159E-04)
   1.00000000       0.00000000       0.00000000     (  0.00000000    ,  0.00000000    ) ( -1.74716115E-02,  1.71735883E-02) (  2.49594450E-02,  1.24424696E-02)
   1.00000000       0.00000000       1.00000000     ( -1.65775418E-03, -1.80210918E-03) ( -2.54064798E-02, -7.33882189E-03) (  1.65775418E-03,  1.80210918E-03)
   1.00000000       0.00000000       2.00000000     ( -1.07102096E-03,  1.28522515E-03) (  9.68575478E-04,  1.23865902E-03) (  5.35510480E-04, -6.42612576E-04)
   1.00000000       1.00000000       0.00000000     (  5.37838787E-04,  1.80676579E-03) ( -5.37838787E-04, -1.80676579E-03) ( -9.87201929E-03,  1.16601586E-02)
   1.00000000       1.00000000       1.00000000     (  1.06170774E-03, -6.19329512E-04) ( -2.66358256E-03, -1.47847459E-04) (  1.62050128E-03,  7.63684511E-04)
   1.00000000       1.00000000       2.00000000     ( -2.14204192E-03, -1.46683306E-04) (  3.37604433E-04,  1.09896064E-03) (  9.03382897E-04, -4.74974513E-04)
   1.00000000       2.00000000       0.00000000     (  1.35973096E-03, -2.70083547E-04) ( -6.79865479E-04,  1.35041773E-04) (  5.44823706E-04,  1.69500709E-03)
   1.00000000       2.00000000       1.00000000     (  1.18277967E-03,  1.08033419E-03) ( -1.08033419E-03, -1.16415322E-04) (  9.87201929E-04, -8.47503543E-04)
   1.00000000      -2.00000000       0.00000000     ( -1.45286322E-03, -4.23751771E-04) ( -7.26431608E-04, -2.11875886E-04) ( -1.28522515E-03, -1.84401870E-03)
   1.00000000      -2.00000000       1.00000000     ( -9.68575478E-04, -7.27595761E-05) ( -3.35276127E-04, -1.89174898E-05) (  3.02679837E-04,  3.46335582E-05)
   1.00000000      -1.00000000       0.00000000     ( -6.56582415E-04, -8.40052962E-03) ( -6.56582415E-04, -8.40052962E-03) ( -1.10268593E-02,  2.55554914E-02)
   1.00000000      -1.00000000       1.00000000     (  2.62632966E-03,  8.19563866E-04) ( -5.96046448E-04, -3.16649675E-03) ( -3.24100256E-03, -3.98606062E-03)
   1.00000000      -1.00000000       2.00000000     ( -2.40281224E-03,  2.19792128E-03) ( -1.17346644E-03,  1.32247806E-03) (  6.19329512E-04, -4.37721610E-04)
   2.00000000       0.00000000       0.00000000     (  0.00000000    ,  0.00000000    ) (  1.62050128E-03,  3.31550837E-03) ( -7.45058060E-04,  2.16066837E-03)
   2.00000000       0.00000000       1.00000000     (  4.14438546E-04, -8.75443220E-04) (  9.22009349E-04,  1.75088644E-03) ( -8.28877091E-04,  1.75088644E-03)
   2.00000000       1.00000000       0.00000000     (  2.02562660E-04,  1.23865902E-03) ( -4.05125320E-04, -2.47731805E-03) ( -1.69500709E-03,  2.79396772E-03)
   2.00000000       1.00000000       1.00000000     (  7.21774995E-04,  3.28291208E-04) ( -4.09781933E-04, -1.95577741E-03) ( -1.03376806E-03,  1.30385160E-03)
   2.00000000      -1.00000000       0.00000000     ( -5.63450158E-04,  5.49480319E-04) ( -1.12690032E-03,  1.09896064E-03) ( -1.02445483E-03, -3.84170562E-05)
   2.00000000      -1.00000000       1.00000000     ( -8.75443220E-04,  8.32369551E-05) ( -2.62632966E-03, -1.55996531E-04) ( -8.84756446E-04, -3.21306288E-04)
