    0.000000        0.000000       -2.000000      (2.0861626E-03,1.4784746E-04)
   (2.7567148E-03,-2.4586916E-03)  (0.000000,0.000000)
    0.000000        0.000000       -1.000000      
 (2.2798777E-02,-1.2665987E-02)  (-1.4975667E-02,1.8253922E-02)  
 (0.000000,0.000000)
    0.000000        1.000000       -2.000000      
 (-6.4820051E-03,9.7788870E-04)  (-2.0954758E-03,2.6915222E-03)  
 (-1.0477379E-03,1.3457611E-03)
    0.000000        1.000000       -1.000000      (1.0095537E-02,3.9488077E-03)
   (-8.0792233E-04,6.3143671E-03)  (-8.0792233E-04,6.3143671E-03)
    0.000000        2.000000       -1.000000      
 (-4.6566129E-03,5.5320561E-03)  (-8.8009983E-04,2.4912879E-04)  
 (-1.7601997E-03,4.9825758E-04)
    0.000000       -2.000000       -1.000000      (1.7229468E-03,1.5459955E-03)
   (-8.5681677E-04,3.4924597E-04)  (1.7136335E-03,-6.9849193E-04)
    0.000000       -1.000000       -2.000000      
 (-4.3027103E-03,7.9162419E-04)  (-4.7963113E-04,2.0675361E-03)  
 (2.3981556E-04,-1.0337681E-03)
    0.000000       -1.000000       -1.000000      
 (6.6868961E-03,-9.2014670E-03)  (4.8056245E-03,4.2840838E-03)  
 (-4.8056245E-03,-4.2840838E-03)
    1.000000        0.000000       -2.000000      (3.7997961E-03,7.9162419E-04)
   (-3.2596290E-03,8.8941306E-04)  (1.8998981E-03,3.9581209E-04)
    1.000000        0.000000       -1.000000      
 (3.2223761E-03,-1.7648563E-03)  (4.3772161E-03,-8.1956387E-03)  
 (3.2223761E-03,-1.7648563E-03)
    1.000000        1.000000       -2.000000      
 (-2.3096800E-03,1.9837171E-03)  (-2.0768493E-03,-5.7742000E-03)  
 (-2.1979213E-03,-1.8905848E-03)
    1.000000        1.000000       -1.000000      
 (-4.2468309E-03,2.0582229E-03)  (2.1141022E-03,-1.1175871E-03)  
 (-2.1327287E-03,9.4063580E-04)
    1.000000        2.000000       -1.000000      
 (-2.8684735E-03,1.3457611E-03)  (8.6147338E-05,1.4062971E-03)  
 (-2.6915222E-03,4.1536987E-03)
    1.000000       -2.000000       -1.000000      
 (1.0151416E-03,-4.5634806E-04)  (-1.7971615E-05,-6.1001629E-04)  
 (1.0523945E-03,7.6368451E-04)
    1.000000       -1.000000       -2.000000      
 (1.6763806E-03,-9.5926225E-04)  (-3.1478703E-03,8.6612999E-04)  
 (2.4121255E-03,-9.1269612E-04)
    1.000000       -1.000000       -1.000000      
 (-4.7497451E-03,3.4831464E-03)  (-1.5832484E-03,-1.5774276E-04)  
 (-3.1664968E-03,3.6507845E-03)
    2.000000        0.000000       -1.000000      (1.9557774E-03,9.3132257E-04)
   (6.9662929E-03,3.3527613E-03)  (3.9115548E-03,1.8626451E-03)
    2.000000        1.000000       -1.000000      
 (-1.0430813E-03,-1.6205013E-03)  (6.7055225E-04,8.1490725E-04)  
 (-1.4156103E-03,-2.4307519E-03)
    2.000000       -1.000000       -1.000000      
 (-9.0803951E-04,1.0710210E-03)  (-6.8685040E-04,2.3748726E-03)  
 (-1.1315569E-03,-2.3865141E-04)
