   0.00000000       0.00000000      -2.00000000     ( -2.74740160E-04, -1.37835741E-03) (  1.09896064E-03, -4.00468707E-04) (  0.00000000    ,  0.00000000    )
   0.00000000       0.00000000      -1.00000000     (  2.36928463E-02, -3.58559191E-03) (  3.36766243E-02,  2.86102295E-02) (  0.00000000    ,  0.00000000    )
   0.00000000       1.00000000      -2.00000000     ( -2.09547579E-04, -7.91624188E-05) (  3.30619514E-04, -4.09781933E-04) (  1.65309757E-04, -2.04890966E-04)
   0.00000000       1.00000000      -1.00000000     (  1.98837370E-03,  3.15159559E-02) ( -3.43658030E-03, -3.43658030E-03) ( -3.43658030E-03, -3.43658030E-03)
   0.00000000       2.00000000      -1.00000000     (  1.60187483E-03,  1.32713467E-04) (  1.74622983E-04, -2.91038305E-05) (  3.49245965E-04, -5.82076609E-05)
   0.00000000      -2.00000000      -1.00000000     ( -7.45058060E-04, -6.11180440E-06) (  4.65661287E-04,  2.37487257E-04) ( -9.31322575E-04, -4.74974513E-04)
   0.00000000      -1.00000000      -2.00000000     (  8.75443220E-04, -2.14204192E-04) (  5.40167093E-04,  2.93366611E-04) ( -2.70083547E-04, -1.46683306E-04)
   0.00000000      -1.00000000      -1.00000000     (  8.12113285E-03, -8.86619091E-03) ( -2.83122063E-03,  6.64964318E-03) (  2.83122063E-03, -6.64964318E-03)
   1.00000000       0.00000000      -2.00000000     (  5.12227416E-04, -2.98023224E-04) (  7.26431608E-04, -4.09781933E-04) (  2.56113708E-04, -1.49011612E-04)
   1.00000000       0.00000000      -1.00000000     (  9.79751348E-03, -4.73111868E-03) ( -1.03190541E-02, -2.41212547E-03) (  9.79751348E-03, -4.73111868E-03)
   1.00000000       1.00000000      -2.00000000     (  4.74974513E-04,  2.32830644E-04) ( -1.65309757E-04,  9.31322575E-04) (  1.55996531E-04,  5.77419996E-04)
   1.00000000       1.00000000      -1.00000000     (  4.84287739E-04, -2.46800482E-04) ( -1.13621354E-03, -5.86733222E-04) ( -6.42612576E-04, -8.38190317E-04)
   1.00000000       2.00000000      -1.00000000     ( -5.47152013E-05, -5.86733222E-04) (  2.74740160E-04,  3.77185643E-04) (  4.93600965E-04,  1.67638063E-04)
   1.00000000      -2.00000000      -1.00000000     ( -9.12696123E-04, -4.19095159E-04) ( -5.68106771E-04, -5.02914190E-04) (  2.28174031E-04,  5.86733222E-04)
   1.00000000      -1.00000000      -2.00000000     ( -4.37721610E-04,  5.21540642E-04) ( -6.05359674E-04,  2.03726813E-05) (  8.49831849E-05,  2.51457095E-04)
   1.00000000      -1.00000000      -1.00000000     (  2.56113708E-04, -8.94069672E-04) (  9.68575478E-04, -3.07336450E-04) ( -7.26431608E-04, -5.86733222E-04)
   2.00000000       0.00000000      -1.00000000     (  3.58559191E-04,  9.19681042E-05) (  5.58793545E-05, -1.09430403E-04) (  7.17118382E-04,  1.83936208E-04)
   2.00000000       1.00000000      -1.00000000     (  3.25962901E-04,  9.08039510E-05) ( -5.30853868E-04,  2.98023224E-04) (  1.18743628E-04,  4.84287739E-04)
   2.00000000      -1.00000000      -1.00000000     ( -7.79982656E-05, -9.19681042E-05) ( -7.35744834E-04,  5.86733222E-04) (  5.77419996E-04, -7.82310963E-04)
