   0.00000000       0.00000000      -2.00000000     ( -1.11758709E-04, -6.51925802E-05) (  9.31322575E-05,  4.36557457E-07) (  0.00000000    ,  0.00000000    )
   0.00000000       0.00000000      -1.00000000     (  1.41188502E-02,  8.67992640E-03) (  4.23192978E-02,  1.35600567E-02) (  0.00000000    ,  0.00000000    )
   0.00000000       1.00000000      -2.00000000     ( -5.58793545E-05, -1.39698386E-05) ( -2.32830644E-05, -2.32830644E-05) ( -1.16415322E-05, -1.16415322E-05)
   0.00000000       1.00000000      -1.00000000     ( -6.22123480E-03,  2.95042992E-02) ( -9.35047865E-03, -3.06405127E-03) ( -9.35047865E-03, -3.06405127E-03)
   0.00000000       2.00000000      -1.00000000     (  3.72529030E-05, -1.16415322E-05) (  3.72529030E-05, -5.58793545E-05) (  7.45058060E-05, -1.11758709E-04)
   0.00000000      -2.00000000      -1.00000000     ( -1.11758709E-04, -2.32830644E-05) (  2.79396772E-05, -1.86264515E-05) ( -5.58793545E-05,  3.72529030E-05)
   0.00000000      -1.00000000      -2.00000000     ( -2.32830644E-05, -4.65661287E-05) (  3.72529030E-05,  2.32830644E-05) ( -1.86264515E-05, -1.16415322E-05)
   0.00000000      -1.00000000      -1.00000000     (  9.18284059E-03, -8.69855285E-03) (  7.12461770E-04,  1.51339918E-03) ( -7.12461770E-04, -1.51339918E-03)
   1.00000000       0.00000000      -2.00000000     (  5.58793545E-05,  3.25962901E-05) ( -9.31322575E-06, -1.11758709E-04) (  2.79396772E-05,  1.62981451E-05)
   1.00000000       0.00000000      -1.00000000     (  1.11013651E-02, -5.66244125E-03) ( -9.14558768E-03,  1.32992864E-02) (  1.11013651E-02, -5.66244125E-03)
   1.00000000       1.00000000      -2.00000000     ( -2.91038305E-06, -3.72529030E-05) ( -2.91038305E-06,  7.45058060E-05) ( -2.91038305E-06,  1.86264515E-05)
   1.00000000       1.00000000      -1.00000000     (  1.49011612E-04, -1.86264515E-04) ( -4.65661287E-05,  7.45058060E-05) (  9.31322575E-05, -9.31322575E-05)
   1.00000000       2.00000000      -1.00000000     ( -6.98491931E-06,  5.58793545E-05) (  1.16415322E-05, -2.32830644E-05) (  1.62981451E-05,  9.31322575E-06)
   1.00000000      -2.00000000      -1.00000000     ( -2.79396772E-05,  9.31322575E-06) ( -4.65661287E-05, -5.09317033E-07) (  5.58793545E-05,  1.16415322E-05)
   1.00000000      -1.00000000      -2.00000000     ( -3.72529030E-05,  5.58793545E-05) ( -5.82076609E-06,  1.39698386E-05) ( -1.86264515E-05,  1.86264515E-05)
   1.00000000      -1.00000000      -1.00000000     (  4.65661287E-06, -5.58793545E-05) (  4.65661287E-05, -4.65661287E-05) ( -3.72529030E-05, -5.82076609E-06)
   2.00000000       0.00000000      -1.00000000     (  4.65661287E-05,  5.82076609E-06) ( -4.65661287E-05,  7.45058060E-05) (  9.31322575E-05,  1.16415322E-05)
   2.00000000       1.00000000      -1.00000000     ( -2.79396772E-05, -1.45519152E-06) (  5.58793545E-05, -9.31322575E-05) ( -2.32830644E-06, -9.31322575E-05)
   2.00000000      -1.00000000      -1.00000000     ( -3.72529030E-05, -9.31322575E-06) ( -3.25962901E-05, -2.32830644E-06) ( -4.65661287E-05, -1.86264515E-05)
