   0.00000000       0.00000000      -2.00000000     (  7.48783350E-03,  2.92435288E-03) ( -1.09151006E-02,  4.78699803E-03) (  0.00000000    ,  0.00000000    )
   0.00000000       0.00000000      -1.00000000     ( -5.51808625E-04,  1.16229057E-02) (  2.13831663E-02, -6.03497028E-03) (  0.00000000    ,  0.00000000    )
   0.00000000       1.00000000      -2.00000000     ( -1.76019967E-03,  2.38418579E-03) (  2.18860805E-04, -2.84984708E-03) (  1.09430403E-04, -1.42492354E-03)
   0.00000000       1.00000000      -1.00000000     ( -8.67992640E-03,  1.14738941E-02) ( -5.71832061E-03, -6.16535544E-03) ( -5.71832061E-03, -6.16535544E-03)
   0.00000000       2.00000000      -1.00000000     (  2.01165676E-03,  1.68802217E-04) ( -7.59027898E-04, -9.42964107E-05) ( -1.51805580E-03, -1.88592821E-04)
   0.00000000      -2.00000000      -1.00000000     (  3.34694050E-05,  1.87195837E-03) ( -1.19674951E-03, -8.80099833E-04) (  2.39349902E-03,  1.76019967E-03)
   0.00000000      -1.00000000      -2.00000000     (  4.89875674E-03,  3.46451998E-03) ( -3.42726707E-03, -1.77882612E-03) (  1.71363354E-03,  8.89413059E-04)
   0.00000000      -1.00000000      -1.00000000     ( -6.51925802E-03,  3.12924385E-03) (  4.07919288E-03,  1.29453838E-03) ( -4.07919288E-03, -1.29453838E-03)
   1.00000000       0.00000000      -2.00000000     ( -1.58324838E-03, -1.13155693E-03) ( -1.61235221E-04,  5.25265932E-03) ( -7.91624188E-04, -5.65778464E-04)
   1.00000000       0.00000000      -1.00000000     (  1.05053186E-02, -5.88595867E-03) ( -3.83704901E-03,  3.11434269E-02) (  1.05053186E-02, -5.88595867E-03)
   1.00000000       1.00000000      -2.00000000     (  9.45292413E-04,  1.95577741E-03) ( -3.12924385E-03, -7.68341124E-04) ( -1.08964741E-03,  5.96046448E-04)
   1.00000000       1.00000000      -1.00000000     (  2.69152224E-03,  5.47617674E-03) ( -4.74974513E-04, -3.53902578E-03) (  2.21654773E-03,  1.94646418E-03)
   1.00000000       2.00000000      -1.00000000     (  2.00234354E-03,  1.71363354E-03) (  9.48784873E-05,  9.83709469E-05) (  2.18860805E-03,  1.90921128E-03)
   1.00000000      -2.00000000      -1.00000000     (  8.66129994E-04,  2.72877514E-03) (  1.49011612E-04,  8.00937414E-04) (  5.68106771E-04,  1.12690032E-03)
   1.00000000      -1.00000000      -2.00000000     ( -5.98374754E-04, -5.28991222E-03) ( -8.66129994E-04,  2.94297934E-03) (  1.33295543E-04, -4.11644578E-03)
   1.00000000      -1.00000000      -1.00000000     ( -2.40281224E-03,  5.75091690E-04) ( -2.45869160E-03, -4.71249223E-03) (  5.09317033E-05,  5.28991222E-03)
   2.00000000       0.00000000      -1.00000000     ( -1.39698386E-03, -4.21423465E-04) ( -4.56348062E-03,  3.58559191E-04) ( -2.79396772E-03, -8.42846930E-04)
   2.00000000       1.00000000      -1.00000000     (  1.93715096E-03,  1.86264515E-03) ( -3.31550837E-03, -2.90572643E-03) (  5.72763383E-04,  8.00937414E-04)
   2.00000000      -1.00000000      -1.00000000     (  8.14907253E-05, -1.00582838E-03) (  7.63684511E-04, -6.34463504E-05) ( -6.03031367E-04, -1.94646418E-03)
