   0.00000000       0.00000000      -2.00000000     (  1.47148967E-03,  2.94297934E-03) ( -2.08616257E-03,  2.81725079E-04) (  0.00000000    ,  0.00000000    )
   0.00000000       0.00000000      -1.00000000     (  2.75671482E-02, -1.08405948E-02) (  1.62795186E-02,  3.33786011E-02) (  0.00000000    ,  0.00000000    )
   0.00000000       1.00000000      -2.00000000     (  1.26892701E-04,  1.19209290E-03) (  6.10016286E-04,  1.53668225E-03) (  3.05008143E-04,  7.68341124E-04)
   0.00000000       1.00000000      -1.00000000     (  1.57952309E-02,  2.08616257E-02) (  9.45292413E-04,  6.58910722E-04) (  9.45292413E-04,  6.58910722E-04)
   0.00000000       2.00000000      -1.00000000     ( -5.58793545E-03, -1.48080289E-03) ( -1.08964741E-03, -8.00937414E-04) ( -2.17929482E-03, -1.60187483E-03)
   0.00000000      -2.00000000      -1.00000000     (  1.15483999E-03, -2.66358256E-03) ( -1.04308128E-03,  5.07570803E-04) (  2.08616257E-03, -1.01514161E-03)
   0.00000000      -1.00000000      -2.00000000     ( -3.14787030E-03, -1.16415322E-03) ( -8.66129994E-04, -1.46683306E-04) (  4.33064997E-04,  7.33416528E-05)
   0.00000000      -1.00000000      -1.00000000     (  6.51925802E-03,  3.70666385E-03) (  2.07219273E-03,  1.09523535E-02) ( -2.07219273E-03, -1.09523535E-02)
   1.00000000       0.00000000      -2.00000000     ( -1.27591193E-03,  2.32830644E-03) ( -2.01165676E-03,  3.01748514E-03) ( -6.37955964E-04,  1.16415322E-03)
   1.00000000       0.00000000      -1.00000000     (  5.77419996E-03, -2.37487257E-04) ( -1.01514161E-03, -2.96160579E-03) (  5.77419996E-03, -2.37487257E-04)
   1.00000000       1.00000000      -2.00000000     ( -2.51457095E-03,  1.03376806E-03) (  1.82539225E-03, -2.62632966E-03) ( -3.39932740E-04, -7.96280801E-04)
   1.00000000       1.00000000      -1.00000000     ( -2.73808837E-03, -9.40635800E-04) (  2.49594450E-03,  6.37955964E-04) ( -2.42143869E-04, -3.07336450E-04)
   1.00000000       2.00000000      -1.00000000     ( -3.23634595E-04,  8.66129994E-04) ( -4.37721610E-04,  1.07102096E-03) ( -1.20140612E-03,  3.01748514E-03)
   1.00000000      -2.00000000      -1.00000000     (  3.18977982E-04, -2.72411853E-04) (  9.68575478E-04,  4.93600965E-04) ( -1.61118805E-03, -1.26659870E-03)
   1.00000000      -1.00000000      -2.00000000     ( -6.05359674E-04, -1.73225999E-03) ( -5.63450158E-04, -1.19209290E-03) ( -2.05182005E-05, -2.72411853E-04)
   1.00000000      -1.00000000      -1.00000000     ( -9.03382897E-04,  4.56348062E-04) ( -1.93715096E-03,  3.53902578E-04) (  1.03376806E-03,  1.04773790E-04)
   2.00000000       0.00000000      -1.00000000     ( -8.24220479E-04, -5.26197255E-04) ( -1.73225999E-03,  2.23517418E-04) ( -1.64844096E-03, -1.05239451E-03)
   2.00000000       1.00000000      -1.00000000     ( -3.18977982E-04, -4.33647074E-05) (  7.82310963E-04, -7.49714673E-04) (  1.43190846E-04, -8.33533704E-04)
   2.00000000      -1.00000000      -1.00000000     ( -2.10711733E-04, -2.93366611E-04) (  1.90921128E-04, -2.32830644E-03) ( -6.10016286E-04,  1.75088644E-03)
