   0.00000000       0.00000000      -2.00000000     (  3.79979610E-03,  6.79865479E-04) ( -4.91738319E-03,  2.73808837E-03) (  0.00000000    ,  0.00000000    )
   0.00000000       0.00000000      -1.00000000     (  3.03611159E-03,  1.15111470E-02) (  2.81631947E-02, -7.42147677E-06) (  0.00000000    ,  0.00000000    )
   0.00000000       1.00000000      -2.00000000     (  1.70257408E-05,  1.66706741E-03) (  1.54599547E-03, -3.98140401E-04) (  7.72997737E-04, -1.99070200E-04)
   0.00000000       1.00000000      -1.00000000     ( -6.79865479E-03,  1.51991844E-02) ( -7.45058060E-03, -4.99188900E-03) ( -7.45058060E-03, -4.99188900E-03)
   0.00000000       2.00000000      -1.00000000     ( -1.06170774E-03, -1.37835741E-03) ( -8.84756446E-04,  3.30619514E-04) ( -1.76951289E-03,  6.61239028E-04)
   0.00000000      -2.00000000      -1.00000000     ( -3.70200723E-04,  2.53319740E-03) ( -2.84053385E-04, -6.61239028E-04) (  5.68106771E-04,  1.32247806E-03)
   0.00000000      -1.00000000      -2.00000000     (  2.55182385E-03,  2.71946192E-03) ( -4.61004674E-04, -1.46217644E-03) (  2.30502337E-04,  7.31088221E-04)
   0.00000000      -1.00000000      -1.00000000     (  8.40518624E-04, -7.68341124E-04) (  4.04193997E-03,  1.21537596E-03) ( -4.04193997E-03, -1.21537596E-03)
   1.00000000       0.00000000      -2.00000000     ( -1.12690032E-03, -4.98257577E-04) (  1.27591193E-03,  3.79979610E-03) ( -5.63450158E-04, -2.49128789E-04)
   1.00000000       0.00000000      -1.00000000     (  1.01327896E-02, -5.56930900E-03) ( -5.19677997E-03,  2.59280205E-02) (  1.01327896E-02, -5.56930900E-03)
   1.00000000       1.00000000      -2.00000000     (  1.39698386E-03,  1.65775418E-03) ( -3.37138772E-03,  2.10711733E-04) ( -9.87201929E-04,  9.31322575E-04)
   1.00000000       1.00000000      -1.00000000     ( -8.84756446E-04,  5.55068254E-03) ( -1.63912773E-03, -3.50177288E-03) ( -2.51457095E-03,  2.04890966E-03)
   1.00000000       2.00000000      -1.00000000     (  1.40629709E-03, -3.18977982E-04) ( -9.87201929E-04, -3.18977982E-04) ( -5.68106771E-04, -9.59262252E-04)
   1.00000000      -2.00000000      -1.00000000     ( -2.70083547E-04, -9.40635800E-04) ( -3.60887498E-05, -3.23634595E-04) ( -1.97906047E-04, -2.93366611E-04)
   1.00000000      -1.00000000      -2.00000000     ( -3.32947820E-04, -1.91852450E-03) ( -7.96280801E-04,  1.95577741E-03) (  2.30502337E-04, -1.93715096E-03)
   1.00000000      -1.00000000      -1.00000000     ( -1.04773790E-04,  4.42378223E-04) ( -4.47034836E-04, -1.03376806E-03) (  3.39932740E-04,  1.48080289E-03)
   2.00000000       0.00000000      -1.00000000     ( -1.10827386E-03,  1.65309757E-04) ( -2.73576006E-05, -1.33179128E-03) ( -2.21654773E-03,  3.30619514E-04)
   2.00000000       1.00000000      -1.00000000     (  2.45927367E-05, -3.67872417E-04) ( -1.89989805E-03, -9.37143341E-05) ( -1.86264515E-03, -8.28877091E-04)
   2.00000000      -1.00000000      -1.00000000     (  9.40635800E-04, -1.29221007E-04) (  6.89178705E-04,  1.14552677E-03) (  1.19209290E-03, -1.40629709E-03)
