   0.00000000       0.00000000      -2.00000000     (  6.85453415E-03,  5.55068254E-03) ( -7.21774995E-04, -1.53202564E-03) (  0.00000000    ,  0.00000000    )
   0.00000000       0.00000000      -1.00000000     (  2.31713057E-02, -1.10268593E-02) (  3.87430191E-03,  2.51829624E-02) (  0.00000000    ,  0.00000000    )
   0.00000000       1.00000000      -2.00000000     ( -1.00582838E-03,  2.83122063E-03) (  8.38190317E-04, -1.13854185E-03) (  4.19095159E-04, -5.69270924E-04)
   0.00000000       1.00000000      -1.00000000     (  1.25169754E-02,  1.46031380E-02) ( -1.49011612E-03,  2.08616257E-03) ( -1.49011612E-03,  2.08616257E-03)
   0.00000000       2.00000000      -1.00000000     ( -1.06915832E-02, -3.58559191E-04) ( -1.52271241E-03, -1.55996531E-03) ( -3.04542482E-03, -3.11993062E-03)
   0.00000000      -2.00000000      -1.00000000     (  3.82773578E-03, -4.44240868E-03) ( -2.42143869E-03,  2.39349902E-03) (  4.84287739E-03, -4.78699803E-03)
   0.00000000      -1.00000000      -2.00000000     ( -7.95349479E-03,  1.75205059E-04) ( -6.03497028E-03, -4.37721610E-04) (  3.01748514E-03,  2.18860805E-04)
   0.00000000      -1.00000000      -1.00000000     (  3.14787030E-03,  4.74974513E-03) (  5.55068254E-03,  7.93486834E-03) ( -5.55068254E-03, -7.93486834E-03)
   1.00000000       0.00000000      -2.00000000     (  1.28522515E-03,  5.75557351E-03) ( -4.74974513E-03,  8.84756446E-03) (  6.42612576E-04,  2.87778676E-03)
   1.00000000       0.00000000      -1.00000000     (  3.33413482E-03,  3.76021490E-04) (  6.48200512E-03, -1.12690032E-03) (  3.33413482E-03,  3.76021490E-04)
   1.00000000       1.00000000      -2.00000000     ( -5.60656190E-03, -3.07336450E-03) (  6.78002834E-03, -6.20260835E-03) (  5.84404916E-04, -4.63798642E-03)
   1.00000000       1.00000000      -1.00000000     ( -8.73580575E-03, -4.29339707E-03) (  7.11530447E-03,  9.51695256E-05) ( -1.62050128E-03, -4.20026481E-03)
   1.00000000       2.00000000      -1.00000000     ( -4.22820449E-03, -1.96159817E-04) (  1.89174898E-04,  1.76485628E-03) ( -3.84636223E-03,  3.33413482E-03)
   1.00000000      -2.00000000      -1.00000000     (  1.30385160E-04, -2.52388418E-03) (  1.00117177E-03, -2.61701643E-03) ( -1.87195837E-03,  2.71014869E-03)
   1.00000000      -1.00000000      -2.00000000     ( -5.44823706E-04, -1.01979822E-03) (  1.17812306E-03, -1.31782144E-03) ( -8.61473382E-04,  1.48429535E-04)
   1.00000000      -1.00000000      -1.00000000     ( -3.40864062E-03,  6.17001206E-04) ( -6.57513738E-03,  8.61473382E-04) (  3.16649675E-03, -2.45636329E-04)
   2.00000000       0.00000000      -1.00000000     ( -2.41212547E-03,  2.14786269E-04) ( -1.02818012E-02,  3.28756869E-03) ( -4.82425094E-03,  4.29572538E-04)
   2.00000000       1.00000000      -1.00000000     (  6.42612576E-04,  2.09081918E-03) (  1.39232725E-03, -4.63798642E-03) (  2.68220901E-03, -4.63332981E-04)
   2.00000000      -1.00000000      -1.00000000     (  1.02911144E-03, -2.34693289E-03) (  2.70083547E-03, -3.66009772E-03) ( -6.44940883E-04, -1.02911144E-03)
