    0.000000        0.000000        1.000000      (2.1755695E-02,1.1920929E-02)
   (-7.2270632E-03,-1.7508864E-02)  (0.000000,0.000000)
    0.000000        0.000000        2.000000      
 (7.8044832E-03,-1.7881393E-03)  (5.9790909E-03,4.2747706E-03)  
 (0.000000,0.000000)
    0.000000        1.000000        0.000000      (7.7532604E-04,9.7230077E-03)
   (0.000000,0.000000)  (3.3620745E-03,-2.8684735E-03)
    0.000000        1.000000        1.000000      (4.1350722E-03,1.3504177E-03)
   (6.6496432E-03,-5.0850213E-03)  (-6.6496432E-03,5.0850213E-03)
    0.000000        1.000000        2.000000      
 (-8.2515180E-03,-2.5657937E-03)  (-6.4447522E-03,-7.2293915E-04)  
 (3.2223761E-03,3.6146957E-04)
    0.000000        2.000000        0.000000      
 (-2.4726614E-03,-2.1420419E-03)  (0.000000,0.000000)  
 (-1.6205013E-03,2.9709190E-03)
    0.000000        2.000000        1.000000      
 (1.1250377E-02,-3.2596290E-03)  (-1.1670636E-04,-2.2212043E-03)  
 (2.3341272E-04,4.4424087E-03)
    0.000000       -2.000000        0.000000      
 (-2.4726614E-03,2.1420419E-03)  (0.000000,0.000000)  
 (-1.6205013E-03,-2.9709190E-03)
    0.000000       -2.000000        1.000000      
 (-1.3001263E-02,-1.1101365E-02)  (-4.1164458E-03,1.1478551E-03)  
 (-8.2328916E-03,2.2957101E-03)
    0.000000       -1.000000        0.000000      
 (7.7532604E-04,-9.7230077E-03)  (0.000000,0.000000)  
 (3.3620745E-03,2.8684735E-03)
    0.000000       -1.000000        1.000000      
 (6.4447522E-03,-7.2643161E-03)  (-2.2724271E-03,-4.1164458E-03)  
 (-2.2724271E-03,-4.1164458E-03)
    0.000000       -1.000000        2.000000      
 (-1.3038516E-02,2.8079376E-03)  (-1.9557774E-03,3.0267984E-03)  
 (-9.7788870E-04,1.5133992E-03)
    1.000000        0.000000        0.000000      (0.000000,0.000000)  
 (-2.5108457E-02,4.8801303E-03)  (1.8551946E-02,1.8030405E-02)
    1.000000        0.000000        1.000000      
 (-1.4808029E-03,-3.7439167E-03)  (-2.0563602E-02,1.5050173E-02)  
 (1.4808029E-03,3.7439167E-03)
    1.000000        0.000000        2.000000      (9.5227733E-04,1.2968667E-03)
   (4.9453229E-03,1.0747463E-02)  (-4.7613867E-04,-6.4843334E-04)
    1.000000        1.000000        0.000000      
 (3.9674342E-03,-1.4016405E-03)  (-3.9674342E-03,1.4016405E-03)  
 (-3.2316893E-03,2.0954758E-03)
    1.000000        1.000000        1.000000      
 (-2.3646862E-05,3.8743019E-03)  (-1.3294630E-03,-2.6030466E-03)  
 (1.3527460E-03,-1.2759119E-03)
    1.000000        1.000000        2.000000      
 (-3.9022416E-03,3.0733645E-04)  (-9.7556040E-04,-5.7648867E-03)  
 (2.4400651E-03,2.7287751E-03)
    1.000000        2.000000        0.000000      (1.5879050E-03,2.6216730E-03)
   (-7.9395249E-04,-1.3108365E-03)  (3.6880374E-03,9.6671283E-03)
    1.000000        2.000000        1.000000      (4.4330955E-03,4.0046871E-03)
   (-1.6950071E-03,-2.1304004E-04)  (-1.0430813E-03,-3.5762787E-03)
    1.000000       -2.000000        0.000000      (1.7898856E-04,7.3015690E-03)
   (8.9494279E-05,3.6507845E-03)  (-6.7241490E-03,-1.0966323E-03)
    1.000000       -2.000000        1.000000      
 (-1.6065314E-03,2.4563633E-04)  (-3.5561243E-06,6.9150701E-04)  
 (1.5972182E-03,1.1385418E-03)
    1.000000       -1.000000        0.000000      
 (-2.3283064E-03,2.8288923E-04)  (-2.3283064E-03,2.8288923E-04)  
 (-5.1967800E-03,3.8184226E-03)
    1.000000       -1.000000        1.000000      (1.4491379E-02,2.2584572E-03)
   (5.1129609E-03,2.9429793E-03)  (-9.3691051E-03,6.8452209E-04)
    1.000000       -1.000000        2.000000      
 (-2.2863969E-03,1.0477379E-03)  (-4.9080700E-03,-3.8649887E-03)  
 (-1.3131648E-03,-2.4540350E-03)
    2.000000        0.000000        0.000000      (0.000000,0.000000)  
 (1.3932586E-02,-5.2805990E-03)  (-7.5902790E-04,2.5844201E-03)
    2.000000        0.000000        1.000000      
 (-3.8929284E-03,4.5914203E-03)  (5.1502138E-03,1.1250377E-02)  
 (7.7858567E-03,-9.1828406E-03)
    2.000000        1.000000        0.000000      
 (-1.8347055E-03,-2.2444874E-03)  (3.6694109E-03,4.4889748E-03)  
 (-6.8731606E-03,1.9604340E-03)
    2.000000        1.000000        1.000000      (3.5483390E-03,5.2712858E-03)
   (-5.5972487E-03,-1.3783574E-02)  (-1.4947727E-03,3.2130629E-03)
    2.000000       -1.000000        0.000000      
 (-1.8812716E-03,-3.2596290E-03)  (-3.7625432E-03,-6.5192580E-03)  
 (2.2491440E-03,4.2747706E-03)
    2.000000       -1.000000        1.000000      
 (-5.2060932E-03,2.0582229E-03)  (-4.9918890E-03,4.8708171E-03)  
 (5.4202974E-03,7.5669959E-04)
