   0.00000000       0.00000000      -2.00000000     ( -2.67755240E-04, -2.64495611E-03) (  2.10478902E-03, -9.77888703E-04) (  0.00000000    ,  0.00000000    )
   0.00000000       0.00000000      -1.00000000     (  2.73436308E-02, -6.59376383E-03) (  3.03983688E-02,  3.33786011E-02) (  0.00000000    ,  0.00000000    )
   0.00000000       1.00000000      -2.00000000     (  2.79396772E-04, -5.02914190E-04) ( -3.28873284E-05, -9.96515155E-04) ( -1.64436642E-05, -4.98257577E-04)
   0.00000000       1.00000000      -1.00000000     (  6.96629286E-03,  3.01003456E-02) ( -1.29453838E-03, -2.84984708E-03) ( -1.29453838E-03, -2.84984708E-03)
   0.00000000       2.00000000      -1.00000000     (  3.76254320E-03,  5.68106771E-04) (  7.17118382E-04,  4.51691449E-04) (  1.43423676E-03,  9.03382897E-04)
   0.00000000      -2.00000000      -1.00000000     ( -1.08964741E-03,  9.49949026E-04) (  9.03382897E-04,  2.77068466E-04) ( -1.80676579E-03, -5.54136932E-04)
   0.00000000      -1.00000000      -2.00000000     (  2.21654773E-03,  1.54832378E-04) (  8.10250640E-04,  5.86733222E-04) ( -4.05125320E-04, -2.93366611E-04)
   0.00000000      -1.00000000      -1.00000000     (  8.43778253E-03, -5.74626029E-03) ( -2.11875886E-03,  9.53674316E-03) (  2.11875886E-03, -9.53674316E-03)
   1.00000000       0.00000000      -2.00000000     (  1.24797225E-03, -9.68575478E-04) (  1.32247806E-03, -1.13621354E-03) (  6.23986125E-04, -4.84287739E-04)
   1.00000000       0.00000000      -1.00000000     (  9.64850187E-03, -3.79048288E-03) ( -9.64850187E-03, -3.25962901E-03) (  9.64850187E-03, -3.79048288E-03)
   1.00000000       1.00000000      -2.00000000     (  1.35041773E-03, -4.01632860E-05) (  7.05767889E-06,  1.60187483E-03) (  6.79865479E-04,  7.82310963E-04)
   1.00000000       1.00000000      -1.00000000     (  8.28877091E-04, -9.54605639E-05) ( -1.78813934E-03, -1.00582838E-03) ( -9.59262252E-04, -1.09896064E-03)
   1.00000000       2.00000000      -1.00000000     ( -9.08039510E-05, -9.40635800E-04) (  4.70317900E-04, -7.05767889E-06) (  8.47503543E-04, -9.59262252E-04)
   1.00000000      -2.00000000      -1.00000000     ( -1.47148967E-03, -5.02914190E-04) ( -1.01514161E-03, -1.08964741E-03) (  5.63450158E-04,  1.67638063E-03)
   1.00000000      -1.00000000      -2.00000000     ( -5.72763383E-04,  1.25728548E-03) ( -1.62981451E-04,  2.98314262E-06) ( -2.04890966E-04,  6.28642738E-04)
   1.00000000      -1.00000000      -1.00000000     (  7.45058060E-04, -1.32247806E-03) (  1.84401870E-03, -4.19095159E-04) ( -1.09896064E-03, -9.03382897E-04)
   2.00000000       0.00000000      -1.00000000     (  7.72997737E-04,  2.07219273E-04) (  1.21071935E-04, -2.21189111E-04) (  1.54599547E-03,  4.14438546E-04)
   2.00000000       1.00000000      -1.00000000     (  8.38190317E-04,  3.53902578E-04) ( -1.36904418E-03,  7.26431608E-04) (  3.02679837E-04,  1.43423676E-03)
   2.00000000      -1.00000000      -1.00000000     (  3.52156349E-05, -3.67872417E-04) ( -9.77888703E-04,  9.77888703E-04) (  1.04308128E-03, -1.71363354E-03)
