   0.00000000       0.00000000       1.00000000     (  1.59814954E-02, -5.02914190E-03) (  3.98606062E-02, -1.69128180E-02) (  0.00000000    ,  0.00000000    )
   0.00000000       0.00000000       2.00000000     (  5.58793545E-05, -5.58793545E-05) ( -5.58793545E-05,  6.98491931E-06) (  0.00000000    ,  0.00000000    )
   0.00000000       1.00000000       0.00000000     ( -7.09667802E-03, -3.50177288E-03) (  0.00000000    ,  0.00000000    ) (  1.04680657E-02,  1.22189522E-02)
   0.00000000       1.00000000       1.00000000     (  8.99657607E-03,  1.03563070E-02) ( -9.12696123E-04, -1.96043402E-03) (  9.12696123E-04,  1.96043402E-03)
   0.00000000       1.00000000       2.00000000     ( -4.65661287E-06, -2.79396772E-05) ( -1.86264515E-05,  1.39698386E-05) (  9.31322575E-06, -6.98491931E-06)
   0.00000000       2.00000000       0.00000000     (  1.39698386E-05,  5.58793545E-05) (  0.00000000    ,  0.00000000    ) ( -7.45058060E-05,  1.86264515E-05)
   0.00000000       2.00000000       1.00000000     (  7.45058060E-05, -1.86264515E-05) ( -1.86264515E-05, -4.65661287E-06) (  3.72529030E-05,  9.31322575E-06)
   0.00000000      -2.00000000       0.00000000     (  1.39698386E-05, -5.58793545E-05) (  0.00000000    ,  0.00000000    ) ( -7.45058060E-05, -1.86264515E-05)
   0.00000000      -2.00000000       1.00000000     ( -1.86264515E-05, -9.31322575E-06) ( -4.65661287E-06, -2.79396772E-05) ( -9.31322575E-06, -5.58793545E-05)
   0.00000000      -1.00000000       0.00000000     ( -7.09667802E-03,  3.50177288E-03) (  0.00000000    ,  0.00000000    ) (  1.04680657E-02, -1.22189522E-02)
   0.00000000      -1.00000000       1.00000000     ( -4.76837158E-03, -3.06218863E-02) ( -8.00937414E-03,  2.29571015E-03) ( -8.00937414E-03,  2.29571015E-03)
   0.00000000      -1.00000000       2.00000000     (  3.72529030E-05, -2.32830644E-06) (  3.49245965E-06, -1.86264515E-05) (  1.74622983E-06, -9.31322575E-06)
   1.00000000       0.00000000       0.00000000     (  0.00000000    ,  0.00000000    ) ( -2.49594450E-02,  2.09361315E-02) (  2.17556953E-02,  6.74277544E-03)
   1.00000000       0.00000000       1.00000000     ( -3.79048288E-03,  1.52504072E-04) ( -2.14576721E-02, -1.39325857E-02) (  3.79048288E-03, -1.52504072E-04)
   1.00000000       0.00000000       2.00000000     ( -3.72529030E-05, -1.16415322E-06) (  2.79396772E-05,  2.79396772E-05) (  1.86264515E-05,  5.82076609E-07)
   1.00000000       1.00000000       0.00000000     (  3.88827175E-04,  3.39932740E-03) ( -3.88827175E-04, -3.39932740E-03) ( -8.40052962E-03,  1.19209290E-02)
   1.00000000       1.00000000       1.00000000     (  1.86264515E-05,  9.31322575E-06) ( -7.45058060E-05, -4.65661287E-06) (  5.58793545E-05, -4.65661287E-06)
   1.00000000       1.00000000       2.00000000     ( -7.45058060E-05,  9.31322575E-06) (  1.86264515E-05,  3.72529030E-05) (  3.72529030E-05, -2.79396772E-05)
   1.00000000       2.00000000       0.00000000     (  2.79396772E-05, -9.31322575E-06) ( -1.39698386E-05,  4.65661287E-06) ( -2.79396772E-05,  3.72529030E-05)
   1.00000000       2.00000000       1.00000000     ( -1.74622983E-06,  1.39698386E-05) ( -1.86264515E-05,  9.31322575E-06) (  3.72529030E-05, -2.79396772E-05)
   1.00000000      -2.00000000       0.00000000     ( -2.79396772E-05,  6.98491931E-06) ( -1.39698386E-05,  3.49245965E-06) ( -2.79396772E-05, -5.58793545E-05)
   1.00000000      -2.00000000       1.00000000     ( -3.72529030E-05, -2.79396772E-05) ( -9.31322575E-06, -1.86264515E-05) (  2.79396772E-05, -9.31322575E-06)
   1.00000000      -1.00000000       0.00000000     ( -1.04482751E-04, -6.23986125E-03) ( -1.04482751E-04, -6.23986125E-03) ( -9.79751348E-03,  3.21865082E-02)
   1.00000000      -1.00000000       1.00000000     (  7.45058060E-05,  3.72529030E-05) ( -6.98491931E-06, -7.45058060E-05) ( -1.11758709E-04, -1.11758709E-04)
   1.00000000      -1.00000000       2.00000000     ( -5.58793545E-05,  1.86264515E-05) ( -3.72529030E-05,  3.72529030E-05) (  4.65661287E-06,  4.65661287E-06)
   2.00000000       0.00000000       0.00000000     (  0.00000000    ,  0.00000000    ) (  2.79396772E-05,  7.45058060E-05) ( -1.86264515E-05,  2.79396772E-05)
   2.00000000       0.00000000       1.00000000     ( -1.74622983E-06, -6.98491931E-06) (  1.86264515E-05,  3.72529030E-05) (  3.49245965E-06,  1.39698386E-05)
   2.00000000       1.00000000       0.00000000     (  1.86264515E-05,  1.86264515E-05) ( -3.72529030E-05, -3.72529030E-05) ( -2.79396772E-05,  5.58793545E-05)
   2.00000000       1.00000000       1.00000000     (  1.39698386E-05, -4.65661287E-06) ( -3.72529030E-05, -3.49245965E-06) (  9.31322575E-06,  1.39698386E-05)
   2.00000000      -1.00000000       0.00000000     ( -9.31322575E-06,  2.32830644E-06) ( -1.86264515E-05,  4.65661287E-06) ( -2.79396772E-05, -9.31322575E-06)
   2.00000000      -1.00000000       1.00000000     ( -1.39698386E-05, -1.86264515E-05) ( -3.72529030E-05, -1.86264515E-05) ( -1.39698386E-05,  1.39698386E-05)
