    0.000000        0.000000       -2.000000      (8.2515180E-03,2.9243529E-03)
   (4.6193600E-03,-2.4493784E-03)  (0.000000,0.000000)
    0.000000        0.000000       -1.000000      
 (2.3171306E-02,-1.2293458E-02)  (-3.5949051E-03,2.0638108E-02)  
 (0.000000,0.000000)
    0.000000        1.000000       -2.000000      
 (-9.1083348E-03,-2.5564805E-03)  (-4.0978193E-04,-5.1409006E-03)  
 (-2.0489097E-04,-2.5704503E-03)
    0.000000        1.000000       -1.000000      (7.9348683E-03,1.0617077E-02)
   (-2.8498471E-03,3.4086406E-03)  (-2.8498471E-03,3.4086406E-03)
    0.000000        2.000000       -1.000000      
 (-1.1771917E-02,7.8789890E-03)  (-3.4645200E-03,-9.4994903E-04)  
 (-6.9290400E-03,-1.8998981E-03)
    0.000000       -2.000000       -1.000000      (9.9278986E-03,2.1187589E-03)
   (-4.0628947E-04,2.5751069E-03)  (8.1257895E-04,-5.1502138E-03)
    0.000000       -1.000000       -2.000000      
 (-8.2701445E-03,1.9185245E-03)  (-8.4377825E-03,-2.4447218E-04)  
 (4.2188913E-03,1.2223609E-04)
    0.000000       -1.000000       -1.000000      (3.7997961E-03,1.5366822E-03)
   (7.3947012E-03,6.2957406E-03)  (-7.3947012E-03,-6.2957406E-03)
    1.000000        0.000000       -2.000000      (5.9977174E-03,4.6193600E-03)
   (-2.4400651E-03,8.1025064E-03)  (2.9988587E-03,2.3096800E-03)
    1.000000        0.000000       -1.000000      (4.0978193E-03,1.1379598E-04)
   (9.6112490E-03,-1.8486753E-03)  (4.0978193E-03,1.1379598E-04)
    1.000000        1.000000       -2.000000      
 (-3.3620745E-03,-3.3061951E-03)  (2.4726614E-03,-1.1958182E-02)  
 (-4.4354238E-04,-7.6182187E-03)
    1.000000        1.000000       -1.000000      
 (-8.4377825E-03,-5.3830445E-03)  (4.0605664E-03,-5.2503310E-04)  
 (-4.3772161E-03,-5.9045851E-03)
    1.000000        2.000000       -1.000000      
 (-9.2573464E-03,-4.1164458E-03)  (1.6996637E-03,2.0582229E-03)  
 (-5.8487058E-03,1.8644641E-06)
    1.000000       -2.000000       -1.000000      
 (-4.7264621E-04,-5.8859587E-03)  (-1.2945384E-03,-3.8184226E-03)  
 (2.1141022E-03,1.7415732E-03)
    1.000000       -1.000000       -2.000000      (3.8091093E-03,2.5564805E-03)
   (-2.2910535E-03,2.5611371E-03)  (3.0454248E-03,-3.1775471E-07)
    1.000000       -1.000000       -1.000000      
 (-7.9162419E-03,2.2258610E-03)  (-8.4191561E-03,1.1362135E-03)  
 (5.1339157E-04,1.0896474E-03)
    2.000000        0.000000       -1.000000      
 (-1.0966323E-03,3.8743019E-03)  (-2.8684735E-03,6.4261258E-03)  
 (-2.1932647E-03,7.7486038E-03)
    2.000000        1.000000       -1.000000      (6.2165782E-04,8.6612999E-04)
   (3.7997961E-03,-6.7986548E-03)  (5.0477684E-03,-5.0663948E-03)
    2.000000       -1.000000       -1.000000      
 (-1.1734664E-03,-4.9825758E-04)  (1.4575198E-03,2.9802322E-03)  
 (-3.8091093E-03,-3.9767474E-03)
