    0.000000        0.000000       -2.000000      (7.1153045E-03,1.6205013E-03)
   (6.1281025E-03,-4.7218055E-03)  (0.000000,0.000000)
    0.000000        0.000000       -1.000000      
 (2.1308661E-02,-1.1734664E-02)  (-8.4564090E-03,1.6763806E-02)  
 (0.000000,0.000000)
    0.000000        1.000000       -2.000000      
 (-1.3485551E-02,-2.1187589E-03)  (-2.4586916E-03,-1.4947727E-03)  
 (-1.2293458E-03,-7.4738637E-04)
    0.000000        1.000000       -1.000000      (6.4074993E-03,6.2026083E-03)
   (-1.9650906E-03,4.3958426E-03)  (-1.9650906E-03,4.3958426E-03)
    0.000000        2.000000       -1.000000      
 (-1.2852252E-02,1.1455268E-02)  (-3.9022416E-03,-1.1269003E-03)  
 (-7.8044832E-03,-2.2538006E-03)
    0.000000       -2.000000       -1.000000      (1.0523945E-02,3.1013042E-03)
   (-2.7590431E-04,1.9930303E-03)  (5.5180863E-04,-3.9860606E-03)
    0.000000       -1.000000       -2.000000      
 (-8.2515180E-03,2.5285408E-03)  (-5.3364784E-03,1.2782402E-03)  
 (2.6682392E-03,-6.3912012E-04)
    0.000000       -1.000000       -1.000000      
 (4.2840838E-03,-2.4680048E-03)  (6.2398612E-03,4.7311187E-03)  
 (-6.2398612E-03,-4.7311187E-03)
    1.000000        0.000000       -2.000000      (8.6426735E-03,2.8684735E-03)
   (-3.4179538E-03,4.9732625E-03)  (4.3213367E-03,1.4342368E-03)
    1.000000        0.000000       -1.000000      
 (3.8743019E-03,-6.7055225E-04)  (7.6740980E-03,-4.1164458E-03)  
 (3.8743019E-03,-6.7055225E-04)
    1.000000        1.000000       -2.000000      
 (-3.2689422E-03,-6.2049367E-04)  (-2.3934990E-03,-1.3597310E-02)  
 (-2.8312206E-03,-7.0966780E-03)
    1.000000        1.000000       -1.000000      
 (-8.2887709E-03,-1.4994293E-03)  (2.2165477E-03,-1.3294630E-03)  
 (-6.0722232E-03,-2.8312206E-03)
    1.000000        2.000000       -1.000000      
 (-9.2387199E-03,-5.9255399E-04)  (1.6670674E-03,2.8684735E-03)  
 (-5.9045851E-03,5.1409006E-03)
    1.000000       -2.000000       -1.000000      
 (1.2631062E-04,-4.8428774E-03)  (-9.1502443E-04,-1.9045547E-03)  
 (1.9557774E-03,-1.0291114E-03)
    1.000000       -1.000000       -2.000000      (4.9546361E-03,6.9383532E-04)
   (-4.3027103E-03,1.7834827E-03)  (4.6286732E-03,-5.4598786E-04)
    1.000000       -1.000000       -1.000000      
 (-1.0225922E-02,4.2188913E-03)  (-6.7614019E-03,4.7031790E-04)  
 (-3.4738332E-03,3.7439167E-03)
    2.000000        0.000000       -1.000000      (1.6903505E-03,4.4330955E-03)
   (6.7614019E-03,7.6554716E-03)  (3.3807009E-03,8.8661909E-03)
    2.000000        1.000000       -1.000000      
 (-8.9174137E-04,-1.6903505E-03)  (4.0605664E-03,-5.3551048E-03)  
 (2.2770837E-03,-8.7358057E-03)
    2.000000       -1.000000       -1.000000      
 (-1.7043203E-03,2.3655593E-03)  (2.7532224E-04,6.2957406E-03)  
 (-3.6787242E-03,-1.5692785E-03)
