   0.00000000       0.00000000       1.00000000     (  2.78651714E-02,  1.05798244E-02) (  1.78068876E-02, -3.39001417E-02) (  0.00000000    ,  0.00000000    )
   0.00000000       0.00000000       2.00000000     (  1.21071935E-03, -2.81259418E-03) ( -2.03028321E-03, -3.81842256E-04) (  0.00000000    ,  0.00000000    )
   0.00000000       1.00000000       0.00000000     ( -1.41561031E-02,  5.00120223E-03) (  0.00000000    ,  0.00000000    ) (  3.00817192E-03,  6.83590770E-03)
   0.00000000       1.00000000       1.00000000     (  6.92903996E-03, -2.99885869E-03) (  1.59256160E-03, -1.10641122E-02) ( -1.59256160E-03,  1.10641122E-02)
   0.00000000       1.00000000       2.00000000     ( -2.94297934E-03,  1.10827386E-03) ( -7.45058060E-04,  1.75787136E-04) (  3.72529030E-04, -8.78935680E-05)
   0.00000000       2.00000000       0.00000000     ( -1.95577741E-03, -4.56348062E-04) (  0.00000000    ,  0.00000000    ) ( -1.91852450E-03,  1.24797225E-03)
   0.00000000       2.00000000       1.00000000     (  1.10827386E-03,  2.44006515E-03) ( -9.49949026E-04, -4.14438546E-04) (  1.89989805E-03,  8.28877091E-04)
   0.00000000      -2.00000000       0.00000000     ( -1.95577741E-03,  4.56348062E-04) (  0.00000000    ,  0.00000000    ) ( -1.91852450E-03, -1.24797225E-03)
   0.00000000      -2.00000000       1.00000000     ( -5.25265932E-03,  1.33179128E-03) ( -1.04308128E-03,  7.59027898E-04) ( -2.08616257E-03,  1.51805580E-03)
   0.00000000      -1.00000000       0.00000000     ( -1.41561031E-02, -5.00120223E-03) (  0.00000000    ,  0.00000000    ) (  3.00817192E-03, -6.83590770E-03)
   0.00000000      -1.00000000       1.00000000     (  1.54227018E-02, -2.16811895E-02) (  1.02445483E-03, -3.30619514E-04) (  1.02445483E-03, -3.30619514E-04)
   0.00000000      -1.00000000       2.00000000     (  3.28873284E-05, -1.03376806E-03) (  6.14672899E-04, -1.47148967E-03) (  3.07336450E-04, -7.35744834E-04)
   1.00000000       0.00000000       0.00000000     (  0.00000000    ,  0.00000000    ) ( -1.40443444E-02,  9.98377800E-03) (  3.31550837E-02,  2.78651714E-02)
   1.00000000       0.00000000       1.00000000     (  5.42029738E-03, -2.58907676E-03) ( -3.46451998E-02,  1.32992864E-02) ( -5.42029738E-03,  2.58907676E-03)
   1.00000000       0.00000000       2.00000000     (  8.47503543E-04,  1.55530870E-03) (  3.83704901E-03,  1.75088644E-03) ( -4.23751771E-04, -7.77654350E-04)
   1.00000000       1.00000000       0.00000000     (  6.50063157E-03,  6.78002834E-03) ( -6.50063157E-03, -6.78002834E-03) ( -1.00769103E-02,  9.25734639E-03)
   1.00000000       1.00000000       1.00000000     ( -6.23986125E-04, -1.47148967E-03) ( -2.63098627E-04,  2.91038305E-04) (  8.94069672E-04,  1.18277967E-03)
   1.00000000       1.00000000       2.00000000     ( -1.36205927E-04, -6.42612576E-04) ( -1.49942935E-03,  2.60770321E-04) (  8.19563866E-04,  1.90921128E-04)
   1.00000000       2.00000000       0.00000000     ( -1.04308128E-03,  2.73808837E-03) (  5.21540642E-04, -1.36904418E-03) (  4.79631126E-04, -1.29221007E-04)
   1.00000000       2.00000000       1.00000000     (  2.70083547E-03,  2.07219273E-04) ( -2.40281224E-03, -8.10250640E-04) (  2.10478902E-03,  1.41561031E-03)
   1.00000000      -2.00000000       0.00000000     (  9.72067937E-05, -1.56462193E-03) (  4.86033969E-05, -7.82310963E-04) ( -1.16415322E-03,  6.65895641E-04)
   1.00000000      -2.00000000       1.00000000     ( -2.77068466E-04,  2.04890966E-03) ( -5.49480319E-04,  1.89989805E-03) ( -8.19563866E-04,  1.75088644E-03)
   1.00000000      -1.00000000       0.00000000     ( -4.72180545E-03, -1.56834722E-02) ( -4.72180545E-03, -1.56834722E-02) ( -9.74163413E-03,  1.06915832E-02)
   1.00000000      -1.00000000       1.00000000     (  8.75443220E-04,  9.40635800E-04) ( -1.54599547E-03, -1.17346644E-03) ( -2.42143869E-03, -2.12341547E-03)
   1.00000000      -1.00000000       2.00000000     (  3.70200723E-04,  1.42492354E-03) (  7.59027898E-04,  1.18277967E-03) (  1.94413587E-04, -1.19907781E-04)
   2.00000000       0.00000000       0.00000000     (  0.00000000    ,  0.00000000    ) (  2.98023224E-03,  1.95577741E-04) ( -1.95577741E-03, -3.87080945E-05)
   2.00000000       0.00000000       1.00000000     (  1.02445483E-04, -1.12690032E-03) (  3.91155481E-04,  1.97440386E-03) ( -2.04890966E-04,  2.25380063E-03)
   2.00000000       1.00000000       0.00000000     ( -1.31316483E-03,  9.37143341E-05) (  2.62632966E-03, -1.87428668E-04) (  1.03609636E-04, -2.99885869E-03)
   2.00000000       1.00000000       1.00000000     ( -3.51574272E-04,  7.21774995E-04) (  7.17118382E-04, -2.03028321E-03) ( -1.60071068E-05,  5.82076609E-04)
   2.00000000      -1.00000000       0.00000000     (  2.18860805E-04,  1.08964741E-03) (  4.37721610E-04,  2.17929482E-03) ( -1.23400241E-04,  1.18277967E-03)
   2.00000000      -1.00000000       1.00000000     ( -1.56462193E-03,  1.80443749E-04) ( -1.49011612E-03, -1.16415322E-04) (  1.63912773E-03, -4.79631126E-04)
