   0.00000000       0.00000000       1.00000000     (  2.79396772E-02,  9.90927219E-03) (  2.04890966E-02, -3.43471766E-02) (  0.00000000    ,  0.00000000    )
   0.00000000       0.00000000       2.00000000     (  8.00937414E-04, -2.47731805E-03) ( -1.86264515E-03, -5.07570803E-04) (  0.00000000    ,  0.00000000    )
   0.00000000       1.00000000       0.00000000     ( -1.58697367E-02,  3.73460352E-03) (  0.00000000    ,  0.00000000    ) (  3.18512321E-03,  8.75443220E-03)
   0.00000000       1.00000000       1.00000000     (  7.52508640E-03, -1.38301402E-03) (  7.03148544E-04, -1.11386180E-02) ( -7.03148544E-04,  1.11386180E-02)
   0.00000000       1.00000000       2.00000000     ( -2.51457095E-03,  9.12696123E-04) ( -5.68106771E-04,  2.25845724E-04) (  2.84053385E-04, -1.12922862E-04)
   0.00000000       2.00000000       0.00000000     ( -1.43423676E-03,  1.33877620E-05) (  0.00000000    ,  0.00000000    ) ( -1.56462193E-03,  1.43423676E-03)
   0.00000000       2.00000000       1.00000000     (  9.77888703E-04,  1.95577741E-03) ( -8.00937414E-04, -2.46800482E-04) (  1.60187483E-03,  4.93600965E-04)
   0.00000000      -2.00000000       0.00000000     ( -1.43423676E-03, -1.33877620E-05) (  0.00000000    ,  0.00000000    ) ( -1.56462193E-03, -1.43423676E-03)
   0.00000000      -2.00000000       1.00000000     ( -4.47034836E-03,  1.01514161E-03) ( -9.22009349E-04,  6.61239028E-04) ( -1.84401870E-03,  1.32247806E-03)
   0.00000000      -1.00000000       0.00000000     ( -1.58697367E-02, -3.73460352E-03) (  0.00000000    ,  0.00000000    ) (  3.18512321E-03, -8.75443220E-03)
   0.00000000      -1.00000000       1.00000000     (  1.42306089E-02, -2.31713057E-02) (  9.61590558E-04,  3.31201591E-04) (  9.61590558E-04,  3.31201591E-04)
   0.00000000      -1.00000000       2.00000000     ( -1.35041773E-04, -7.63684511E-04) (  5.58793545E-04, -1.27591193E-03) (  2.79396772E-04, -6.37955964E-04)
   1.00000000       0.00000000       0.00000000     (  0.00000000    ,  0.00000000    ) ( -1.34855509E-02,  1.09896064E-02) (  3.40491533E-02,  2.81631947E-02)
   1.00000000       0.00000000       1.00000000     (  5.29922545E-03, -2.80328095E-03) ( -3.55392694E-02,  1.18464231E-02) ( -5.29922545E-03,  2.80328095E-03)
   1.00000000       0.00000000       2.00000000     (  7.07805157E-04,  1.32247806E-03) (  3.16649675E-03,  1.56462193E-03) ( -3.53902578E-04, -6.61239028E-04)
   1.00000000       1.00000000       0.00000000     (  6.53788447E-03,  7.09667802E-03) ( -6.53788447E-03, -7.09667802E-03) ( -1.01886690E-02,  9.96515155E-03)
   1.00000000       1.00000000       1.00000000     ( -2.04890966E-04, -1.41561031E-03) ( -5.68106771E-04,  2.32830644E-04) (  7.72997737E-04,  1.19209290E-03)
   1.00000000       1.00000000       2.00000000     ( -1.86264515E-04, -4.47034836E-04) ( -1.04308128E-03,  2.58442014E-04) (  6.14672899E-04,  9.31322575E-05)
   1.00000000       2.00000000       0.00000000     ( -9.96515155E-04,  2.14204192E-03) (  4.98257577E-04, -1.07102096E-03) (  6.89178705E-04, -4.93600965E-04)
   1.00000000       2.00000000       1.00000000     (  2.30967999E-03,  2.85217538E-05) ( -2.06753612E-03, -6.14672899E-04) (  1.82539225E-03,  1.20140612E-03)
   1.00000000      -2.00000000       0.00000000     ( -7.13043846E-06, -1.37835741E-03) ( -3.56521923E-06, -6.89178705E-04) ( -1.16415322E-03,  2.39815563E-04)
   1.00000000      -2.00000000       1.00000000     ( -2.37487257E-04,  1.93715096E-03) ( -4.33064997E-04,  1.67638063E-03) ( -6.28642738E-04,  1.43423676E-03)
   1.00000000      -1.00000000       0.00000000     ( -4.05125320E-03, -1.63540244E-02) ( -4.05125320E-03, -1.63540244E-02) ( -1.07847154E-02,  1.21071935E-02)
   1.00000000      -1.00000000       1.00000000     (  8.19563866E-04,  5.68106771E-04) ( -1.35973096E-03, -1.52736902E-03) ( -2.17929482E-03, -2.08616257E-03)
   1.00000000      -1.00000000       2.00000000     ( -3.52156349E-05,  1.27591193E-03) (  2.84053385E-04,  8.19563866E-04) (  1.59488991E-04, -2.25845724E-04)
   2.00000000       0.00000000       0.00000000     (  0.00000000    ,  0.00000000    ) (  2.45869160E-03,  4.88944352E-04) ( -1.58324838E-03,  1.32713467E-04)
   2.00000000       0.00000000       1.00000000     (  2.95694917E-04, -9.77888703E-04) (  3.02679837E-04,  1.47148967E-03) ( -5.91389835E-04,  1.95577741E-03)
   2.00000000       1.00000000       0.00000000     ( -1.09896064E-03,  1.47847459E-04) (  2.19792128E-03, -2.95694917E-04) (  7.27595761E-05, -2.10478902E-03)
   2.00000000       1.00000000       1.00000000     ( -3.35276127E-04,  5.12227416E-04) (  8.47503543E-04, -1.78813934E-03) ( -1.79279596E-04,  7.63684511E-04)
   2.00000000      -1.00000000       0.00000000     (  2.03726813E-05,  9.77888703E-04) (  4.07453626E-05,  1.95577741E-03) ( -1.31549314E-04,  1.08033419E-03)
   2.00000000      -1.00000000       1.00000000     ( -1.37835741E-03,  9.66247171E-05) ( -1.47148967E-03, -1.26601662E-05) (  1.28522515E-03, -2.07219273E-04)
