   0.00000000       0.00000000       1.00000000     (  1.86264515E-02,  5.26197255E-04) (  3.35276127E-02, -2.21282244E-02) (  0.00000000    ,  0.00000000    )
   0.00000000       0.00000000       2.00000000     (  9.68575478E-04, -2.38418579E-03) ( -1.89989805E-03, -1.64145604E-04) (  0.00000000    ,  0.00000000    )
   0.00000000       1.00000000       0.00000000     ( -1.32620335E-02, -1.42026693E-03) (  0.00000000    ,  0.00000000    ) (  6.16535544E-03,  1.44913793E-02)
   0.00000000       1.00000000       1.00000000     (  7.72997737E-03,  9.76026058E-03) ( -2.54251063E-03, -3.75322998E-03) (  2.54251063E-03,  3.75322998E-03)
   0.00000000       1.00000000       2.00000000     ( -1.07102096E-03, -7.35744834E-04) ( -8.94069672E-04,  2.42143869E-04) (  4.47034836E-04, -1.21071935E-04)
   0.00000000       2.00000000       0.00000000     (  7.26431608E-04,  2.49594450E-03) (  0.00000000    ,  0.00000000    ) ( -2.86847353E-03,  2.16066837E-03)
   0.00000000       2.00000000       1.00000000     (  1.73225999E-03, -7.26431608E-04) ( -6.79865479E-04,  2.79396772E-04) (  1.35973096E-03, -5.58793545E-04)
   0.00000000      -2.00000000       0.00000000     (  7.26431608E-04, -2.49594450E-03) (  0.00000000    ,  0.00000000    ) ( -2.86847353E-03, -2.16066837E-03)
   0.00000000      -2.00000000       1.00000000     ( -1.88127160E-03, -1.49011612E-04) (  8.09086487E-05, -5.21540642E-04) (  1.61817297E-04, -1.04308128E-03)
   0.00000000      -1.00000000       0.00000000     ( -1.32620335E-02,  1.42026693E-03) (  0.00000000    ,  0.00000000    ) (  6.16535544E-03, -1.44913793E-02)
   0.00000000      -1.00000000       1.00000000     ( -1.33179128E-03, -2.95788050E-02) ( -5.06639481E-03,  2.69152224E-03) ( -5.06639481E-03,  2.69152224E-03)
   0.00000000      -1.00000000       2.00000000     (  9.03382897E-04,  1.68802217E-05) ( -7.45058060E-04, -7.45058060E-04) ( -3.72529030E-04, -3.72529030E-04)
   1.00000000       0.00000000       0.00000000     (  0.00000000    ,  0.00000000    ) ( -1.68383121E-02,  1.68755651E-02) (  2.56299973E-02,  1.32620335E-02)
   1.00000000       0.00000000       1.00000000     ( -1.29453838E-03, -2.07219273E-03) ( -2.60025263E-02, -6.55651093E-03) (  1.29453838E-03,  2.07219273E-03)
   1.00000000       0.00000000       2.00000000     ( -8.47503543E-04,  1.27591193E-03) (  9.03382897E-04,  1.14552677E-03) (  4.23751771E-04, -6.37955964E-04)
   1.00000000       1.00000000       0.00000000     (  7.47386366E-04,  1.83936208E-03) ( -7.47386366E-04, -1.83936208E-03) ( -9.94652510E-03,  1.16974115E-02)
   1.00000000       1.00000000       1.00000000     (  1.02445483E-03, -6.51925802E-04) ( -2.40281224E-03, -1.35041773E-04) (  1.37835741E-03,  7.91624188E-04)
   1.00000000       1.00000000       2.00000000     ( -1.80676579E-03, -1.81607902E-04) (  2.88709998E-04,  9.12696123E-04) (  7.54371285E-04, -3.63215804E-04)
   1.00000000       2.00000000       0.00000000     (  1.10827386E-03, -1.67638063E-04) ( -5.54136932E-04,  8.38190317E-05) (  7.07805157E-04,  1.45286322E-03)
   1.00000000       2.00000000       1.00000000     (  1.22003257E-03,  1.01514161E-03) ( -1.03376806E-03, -1.65309757E-04) (  8.38190317E-04, -6.79865479E-04)
   1.00000000      -2.00000000       0.00000000     ( -1.28522515E-03, -4.74974513E-04) ( -6.42612576E-04, -2.37487257E-04) ( -1.13621354E-03, -1.63912773E-03)
   1.00000000      -2.00000000       1.00000000     ( -8.19563866E-04,  7.62520358E-05) ( -2.95694917E-04,  9.54605639E-05) (  2.28174031E-04,  1.15251169E-04)
   1.00000000      -1.00000000       0.00000000     ( -7.24103302E-04, -8.79168510E-03) ( -7.24103302E-04, -8.79168510E-03) ( -1.12503767E-02,  2.48849392E-02)
   1.00000000      -1.00000000       1.00000000     (  2.29105353E-03,  6.98491931E-04) ( -5.77419996E-04, -2.90572643E-03) ( -2.86847353E-03, -3.61353159E-03)
   1.00000000      -1.00000000       2.00000000     ( -2.25380063E-03,  2.08616257E-03) ( -1.00582838E-03,  1.15483999E-03) (  6.23986125E-04, -4.70317900E-04)
   2.00000000       0.00000000       0.00000000     (  0.00000000    ,  0.00000000    ) (  1.54599547E-03,  2.98023224E-03) ( -7.07805157E-04,  2.03028321E-03)
   2.00000000       0.00000000       1.00000000     (  4.33064997E-04, -8.66129994E-04) (  8.10250640E-04,  1.58324838E-03) ( -8.66129994E-04,  1.73225999E-03)
   2.00000000       1.00000000       0.00000000     (  9.54605639E-05,  1.12690032E-03) ( -1.90921128E-04, -2.25380063E-03) ( -1.50874257E-03,  2.45869160E-03)
   2.00000000       1.00000000       1.00000000     (  6.28642738E-04,  3.25962901E-04) ( -2.11875886E-04, -1.95577741E-03) ( -1.05239451E-03,  1.29453838E-03)
   2.00000000      -1.00000000       0.00000000     ( -5.21540642E-04,  5.63450158E-04) ( -1.04308128E-03,  1.12690032E-03) ( -9.03382897E-04,  2.59024091E-05)
   2.00000000      -1.00000000       1.00000000     ( -8.19563866E-04,  1.25728548E-04) ( -2.42143869E-03, -6.40284270E-05) ( -7.82310963E-04, -3.14321369E-04)
