   0.00000000       0.00000000      -2.00000000     (  9.31322575E-04,  2.62632966E-03) ( -1.95577741E-03,  4.84287739E-04) (  0.00000000    ,  0.00000000    )
   0.00000000       0.00000000      -1.00000000     (  2.79396772E-02, -1.01327896E-02) (  1.97067857E-02,  3.42726707E-02) (  0.00000000    ,  0.00000000    )
   0.00000000       1.00000000      -2.00000000     ( -8.90577212E-05,  8.56816769E-04) (  5.91389835E-04,  1.35973096E-03) (  2.95694917E-04,  6.79865479E-04)
   0.00000000       1.00000000      -1.00000000     (  1.46776438E-02,  2.27242708E-02) (  1.00815669E-03, -1.26892701E-04) (  1.00815669E-03, -1.26892701E-04)
   0.00000000       2.00000000      -1.00000000     ( -4.76837158E-03, -1.12690032E-03) ( -9.77888703E-04, -7.03148544E-04) ( -1.95577741E-03, -1.40629709E-03)
   0.00000000      -2.00000000      -1.00000000     (  1.04308128E-03, -2.12341547E-03) ( -8.56816769E-04,  3.00351530E-04) (  1.71363354E-03, -6.00703061E-04)
   0.00000000      -1.00000000      -2.00000000     ( -2.68220901E-03, -9.96515155E-04) ( -6.23986125E-04, -2.14204192E-04) (  3.11993062E-04,  1.07102096E-04)
   0.00000000      -1.00000000      -1.00000000     (  7.37607479E-03,  1.90455467E-03) (  9.73232090E-04,  1.11386180E-02) ( -9.73232090E-04, -1.11386180E-02)
   1.00000000       0.00000000      -2.00000000     ( -1.29453838E-03,  1.80676579E-03) ( -1.62050128E-03,  2.30967999E-03) ( -6.47269189E-04,  9.03382897E-04)
   1.00000000       0.00000000      -1.00000000     (  6.79865479E-03, -8.05594027E-04) ( -3.34344804E-03, -3.23168933E-03) (  6.79865479E-03, -8.05594027E-04)
   1.00000000       1.00000000      -2.00000000     ( -2.03028321E-03,  1.03376806E-03) (  1.11758709E-03, -2.19792128E-03) ( -4.61004674E-04, -5.82076609E-04)
   1.00000000       1.00000000      -1.00000000     ( -1.89989805E-03, -5.54136932E-04) (  1.91852450E-03,  6.47269189E-04) (  1.81898940E-05,  9.08039510E-05)
   1.00000000       2.00000000      -1.00000000     (  8.91304808E-07,  6.98491931E-04) ( -4.79631126E-04,  8.47503543E-04) ( -9.59262252E-04,  2.38418579E-03)
   1.00000000      -2.00000000      -1.00000000     (  5.54136932E-04, -7.79982656E-05) (  8.66129994E-04,  6.89178705E-04) ( -1.18277967E-03, -1.45286322E-03)
   1.00000000      -1.00000000      -2.00000000     ( -2.72411853E-04, -1.43423676E-03) ( -6.42612576E-04, -8.38190317E-04) (  1.83936208E-04, -3.00351530E-04)
   1.00000000      -1.00000000      -1.00000000     ( -8.00937414E-04,  5.54136932E-04) ( -1.63912773E-03,  2.93366611E-04) (  8.38190317E-04,  2.63098627E-04)
   2.00000000       0.00000000      -1.00000000     ( -7.12461770E-04, -4.19095159E-04) ( -9.12696123E-04,  1.17579475E-04) ( -1.42492354E-03, -8.38190317E-04)
   2.00000000       1.00000000      -1.00000000     ( -4.33064997E-04, -1.88592821E-04) (  8.84756446E-04, -6.10016286E-04) (  1.45519152E-05, -9.87201929E-04)
   2.00000000      -1.00000000      -1.00000000     ( -2.37487257E-04,  3.27418093E-06) (  2.16532499E-04, -1.71363354E-03) ( -6.89178705E-04,  1.71363354E-03)
