   0.00000000       0.00000000       1.00000000     (  2.37673521E-02,  1.10268593E-02) (  5.83007932E-03, -2.67475843E-02) (  0.00000000    ,  0.00000000    )
   0.00000000       0.00000000       2.00000000     (  5.94183803E-03, -5.36441803E-03) ( -1.74157321E-03,  1.25262886E-03) (  0.00000000    ,  0.00000000    )
   0.00000000       1.00000000       0.00000000     ( -5.94183803E-03,  9.64850187E-03) (  0.00000000    ,  0.00000000    ) (  1.83470547E-03, -9.45874490E-05)
   0.00000000       1.00000000       1.00000000     (  3.48314643E-03, -5.08502126E-03) (  4.97326255E-03, -8.53091478E-03) ( -4.97326255E-03,  8.53091478E-03)
   0.00000000       1.00000000       2.00000000     ( -7.15255737E-03,  4.08617780E-04) ( -4.61935997E-03,  2.54367478E-04) (  2.30967999E-03, -1.27183739E-04)
   0.00000000       2.00000000       0.00000000     ( -3.46451998E-03, -5.88595867E-03) (  0.00000000    ,  0.00000000    ) ( -6.25848770E-03,  3.71364877E-04)
   0.00000000       2.00000000       1.00000000     (  2.76602805E-03,  4.97326255E-03) ( -2.47731805E-03, -1.96043402E-03) (  4.95463610E-03,  3.92086804E-03)
   0.00000000      -2.00000000       0.00000000     ( -3.46451998E-03,  5.88595867E-03) (  0.00000000    ,  0.00000000    ) ( -6.25848770E-03, -3.71364877E-04)
   0.00000000      -2.00000000       1.00000000     ( -1.03563070E-02,  1.48545951E-03) ( -1.53202564E-03,  1.55530870E-03) ( -3.06405127E-03,  3.11061740E-03)
   0.00000000      -1.00000000       0.00000000     ( -5.94183803E-03, -9.64850187E-03) (  0.00000000    ,  0.00000000    ) (  1.83470547E-03,  9.45874490E-05)
   0.00000000      -1.00000000       1.00000000     (  1.36345625E-02, -1.56462193E-02) ( -9.75560397E-04, -1.96509063E-03) ( -9.75560397E-04, -1.96509063E-03)
   0.00000000      -1.00000000       2.00000000     ( -1.15251169E-04, -3.22237611E-03) (  7.26431608E-04, -3.08500603E-04) (  3.63215804E-04, -1.54250301E-04)
   1.00000000       0.00000000       0.00000000     (  0.00000000    ,  0.00000000    ) ( -1.67638063E-02,  6.23986125E-03) (  2.64495611E-02,  2.19047070E-02)
   1.00000000       0.00000000       1.00000000     (  3.62284482E-03, -3.02679837E-03) ( -2.70456076E-02,  1.50874257E-02) ( -3.62284482E-03,  3.02679837E-03)
   1.00000000       0.00000000       2.00000000     (  1.22468919E-03,  3.22237611E-03) (  7.76723027E-03,  3.55765224E-03) ( -6.12344593E-04, -1.61118805E-03)
   1.00000000       1.00000000       0.00000000     (  5.45755029E-03,  3.26894224E-03) ( -5.45755029E-03, -3.26894224E-03) ( -8.21426511E-03,  4.91738319E-03)
   1.00000000       1.00000000       1.00000000     ( -3.87430191E-03, -6.12344593E-04) (  2.51457095E-03,  1.86846592E-04) (  1.35041773E-03,  4.24915925E-04)
   1.00000000       1.00000000       2.00000000     ( -1.35973096E-03, -2.86847353E-03) ( -5.51342964E-03, -1.28988177E-03) (  3.43658030E-03,  2.08150595E-03)
   1.00000000       2.00000000       0.00000000     ( -1.84867531E-03,  6.46337867E-03) (  9.24337655E-04, -3.23168933E-03) ( -1.51339918E-03,  6.55651093E-03)
   1.00000000       2.00000000       1.00000000     (  6.85453415E-03,  2.55182385E-03) ( -3.97674739E-03, -2.85916030E-03) (  1.09430403E-03,  3.15718353E-03)
   1.00000000      -2.00000000       0.00000000     (  4.13274392E-04, -3.37138772E-03) (  2.06637196E-04, -1.68569386E-03) ( -9.26665962E-04,  3.08267772E-03)
   1.00000000      -2.00000000       1.00000000     ( -1.58790499E-03,  1.22003257E-03) ( -1.88127160E-03,  2.10478902E-03) ( -2.17929482E-03,  2.98023224E-03)
   1.00000000      -1.00000000       0.00000000     ( -6.20260835E-03, -8.53091478E-03) ( -6.20260835E-03, -8.53091478E-03) ( -5.30853868E-03,  5.60656190E-03)
   1.00000000      -1.00000000       1.00000000     (  3.99537385E-03,  7.05942512E-03) ( -1.30385160E-03,  4.86150384E-03) ( -5.28991222E-03, -2.21654773E-03)
   1.00000000      -1.00000000       2.00000000     (  4.02331352E-03,  5.34579158E-03) (  6.85453415E-03,  3.94880772E-03) (  1.42026693E-03, -7.03148544E-04)
   2.00000000       0.00000000       0.00000000     (  0.00000000    ,  0.00000000    ) (  9.79751348E-03, -3.95812094E-03) ( -5.17815351E-03,  1.72294676E-03)
   2.00000000       0.00000000       1.00000000     ( -3.00817192E-03, -2.49594450E-03) (  1.96509063E-03,  9.20146704E-03) (  6.01634383E-03,  4.99188900E-03)
   2.00000000       1.00000000       0.00000000     ( -2.73808837E-03,  6.84522092E-04) (  5.47617674E-03, -1.36904418E-03) ( -1.77533366E-04, -9.35047865E-03)
   2.00000000       1.00000000       1.00000000     (  1.03609636E-03,  3.60421836E-03) ( -3.39932740E-03, -6.29574060E-03) (  1.32247806E-03, -9.03382897E-04)
   2.00000000      -1.00000000       0.00000000     (  1.88592821E-03,  1.21537596E-03) (  3.77185643E-03,  2.43075192E-03) ( -1.16124284E-04,  1.58790499E-03)
   2.00000000      -1.00000000       1.00000000     ( -3.13855708E-03,  9.40635800E-04) ( -2.15135515E-03, -1.66241080E-03) (  4.13507223E-03, -3.54833901E-03)
