   0.00000000       0.00000000      -2.00000000     (  6.74277544E-03,  1.41561031E-03) ( -9.57399607E-03,  5.36441803E-03) (  0.00000000    ,  0.00000000    )
   0.00000000       0.00000000      -1.00000000     (  1.40629709E-03,  1.09896064E-02) (  2.41398811E-02, -2.19792128E-03) (  0.00000000    ,  0.00000000    )
   0.00000000       1.00000000      -2.00000000     ( -1.01048499E-03,  2.98023224E-03) (  1.97440386E-03, -1.45286322E-03) (  9.87201929E-04, -7.26431608E-04)
   0.00000000       1.00000000      -1.00000000     ( -6.96629286E-03,  1.26659870E-02) ( -6.44475222E-03, -5.36441803E-03) ( -6.44475222E-03, -5.36441803E-03)
   0.00000000       2.00000000      -1.00000000     ( -2.93366611E-04, -1.62050128E-03) ( -9.63918865E-04, -2.67755240E-05) ( -1.92783773E-03, -5.35510480E-05)
   0.00000000      -2.00000000      -1.00000000     ( -1.08964741E-03,  4.74974513E-03) ( -1.08499080E-03, -1.53668225E-03) (  2.16998160E-03,  3.07336450E-03)
   0.00000000      -1.00000000      -2.00000000     (  4.97326255E-03,  4.71249223E-03) ( -1.49942935E-03, -2.51457095E-03) (  7.49714673E-04,  1.25728548E-03)
   0.00000000      -1.00000000      -1.00000000     ( -1.45286322E-03,  5.42495400E-04) (  4.07919288E-03,  1.24797225E-03) ( -4.07919288E-03, -1.24797225E-03)
   1.00000000       0.00000000      -2.00000000     ( -1.75088644E-03, -9.73232090E-04) (  1.28988177E-03,  6.25848770E-03) ( -8.75443220E-04, -4.86616045E-04)
   1.00000000       0.00000000      -1.00000000     (  9.53674316E-03, -5.53205609E-03) ( -4.47034836E-03,  2.65240669E-02) (  9.53674316E-03, -5.53205609E-03)
   1.00000000       1.00000000      -2.00000000     (  2.29105353E-03,  2.82190740E-03) ( -5.99771738E-03,  2.44472176E-04) ( -1.84401870E-03,  1.53668225E-03)
   1.00000000       1.00000000      -1.00000000     (  3.49245965E-04,  8.30739737E-03) ( -2.35624611E-03, -5.49480319E-03) ( -2.01165676E-03,  2.83122063E-03)
   1.00000000       2.00000000      -1.00000000     (  2.62632966E-03, -1.42608769E-04) ( -1.10361725E-03, -3.28291208E-04) (  4.23751771E-04, -8.00937414E-04)
   1.00000000      -2.00000000      -1.00000000     ( -3.40514816E-05, -5.35510480E-04) ( -1.74622983E-04, -3.28291208E-04) (  3.14321369E-04,  1.19325705E-04)
   1.00000000      -1.00000000      -2.00000000     ( -1.15483999E-03, -3.79979610E-03) ( -1.01514161E-03,  3.66941094E-03) ( -6.95581548E-05, -3.72529030E-03)
   1.00000000      -1.00000000      -1.00000000     ( -7.40401447E-04,  5.28525561E-04) ( -1.09896064E-03, -2.83122063E-03) (  3.59723344E-04,  3.35276127E-03)
   2.00000000       0.00000000      -1.00000000     ( -1.74157321E-03,  1.62399374E-04) ( -1.33179128E-03, -1.25728548E-03) ( -3.48314643E-03,  3.24798748E-04)
   2.00000000       1.00000000      -1.00000000     (  4.47034836E-04, -5.00585884E-05) ( -3.55765224E-03, -1.44820660E-03) ( -2.67289579E-03, -1.54599547E-03)
   2.00000000      -1.00000000      -1.00000000     (  1.33644789E-03, -4.26080078E-04) (  1.63912773E-03,  1.45751983E-03) (  1.03376806E-03, -2.30967999E-03)
