   0.00000000       0.00000000       1.00000000     (  2.30967999E-02,  1.16601586E-02) (  3.50410119E-04, -2.31713057E-02) (  0.00000000    ,  0.00000000    )
   0.00000000       0.00000000       2.00000000     (  6.63101673E-03, -4.05125320E-03) (  1.67172402E-03,  1.46217644E-03) (  0.00000000    ,  0.00000000    )
   0.00000000       1.00000000       0.00000000     ( -2.55182385E-03,  1.16601586E-02) (  0.00000000    ,  0.00000000    ) (  2.00234354E-03, -2.67289579E-03)
   0.00000000       1.00000000       1.00000000     (  3.21306288E-03, -3.66941094E-03) (  6.79865479E-03, -7.20843673E-03) ( -6.79865479E-03,  7.20843673E-03)
   0.00000000       1.00000000       2.00000000     ( -7.26431608E-03, -8.98726285E-04) ( -6.92903996E-03,  5.32018021E-04) (  3.46451998E-03, -2.66009010E-04)
   0.00000000       2.00000000       0.00000000     ( -3.57395038E-04, -6.42612576E-03) (  0.00000000    ,  0.00000000    ) ( -4.73111868E-03,  3.99304554E-04)
   0.00000000       2.00000000       1.00000000     (  5.71832061E-03,  1.33179128E-03) ( -1.34110451E-03, -2.44937837E-03) (  2.68220901E-03,  4.89875674E-03)
   0.00000000      -2.00000000       0.00000000     ( -3.57395038E-04,  6.42612576E-03) (  0.00000000    ,  0.00000000    ) ( -4.73111868E-03, -3.99304554E-04)
   0.00000000      -2.00000000       1.00000000     ( -9.16421413E-03, -2.73808837E-03) ( -1.68569386E-03,  1.01746991E-03) ( -3.37138772E-03,  2.03493983E-03)
   0.00000000      -1.00000000       0.00000000     ( -2.55182385E-03, -1.16601586E-02) (  0.00000000    ,  0.00000000    ) (  2.00234354E-03,  2.67289579E-03)
   0.00000000      -1.00000000       1.00000000     (  1.03563070E-02, -1.30012631E-02) ( -2.44937837E-03, -2.57045031E-03) ( -2.44937837E-03, -2.57045031E-03)
   0.00000000      -1.00000000       2.00000000     ( -3.59490514E-03, -2.85217538E-04) (  5.28525561E-04,  3.50177288E-03) (  2.64262781E-04,  1.75088644E-03)
   1.00000000       0.00000000       0.00000000     (  0.00000000    ,  0.00000000    ) ( -2.04890966E-02,  5.28991222E-03) (  2.40653753E-02,  1.98930502E-02)
   1.00000000       0.00000000       1.00000000     (  1.89989805E-03, -4.28408384E-03) ( -2.50339508E-02,  1.56462193E-02) ( -1.89989805E-03,  4.28408384E-03)
   1.00000000       0.00000000       2.00000000     (  1.05006620E-03,  2.20723450E-03) (  5.06639481E-03,  5.12227416E-03) ( -5.25033101E-04, -1.10361725E-03)
   1.00000000       1.00000000       0.00000000     (  5.27128577E-03,  1.07567757E-03) ( -5.27128577E-03, -1.07567757E-03) ( -6.78002834E-03,  2.98954546E-03)
   1.00000000       1.00000000       1.00000000     ( -3.25962901E-03,  1.02678314E-03) (  2.30036676E-03, -5.93718141E-04) (  9.56933945E-04, -4.33064997E-04)
   1.00000000       1.00000000       2.00000000     ( -2.17463821E-03, -2.46800482E-03) ( -4.47034836E-03, -3.72529030E-03) (  3.32482159E-03,  3.09199095E-03)
   1.00000000       2.00000000       0.00000000     ( -1.83004886E-03,  5.34579158E-03) (  9.15024430E-04, -2.67289579E-03) ( -5.06406650E-04,  9.35047865E-03)
   1.00000000       2.00000000       1.00000000     (  6.46337867E-03,  2.71946192E-03) ( -2.26311386E-03, -2.17929482E-03) ( -1.92318112E-03,  1.63912773E-03)
   1.00000000      -2.00000000       0.00000000     ( -4.70317900E-04, -1.45286322E-03) ( -2.35158950E-04, -7.26431608E-04) ( -2.49594450E-03,  7.75326043E-04)
   1.00000000      -2.00000000       1.00000000     ( -2.07684934E-03,  7.49714673E-04) ( -2.00234354E-03,  1.44820660E-03) ( -1.93249434E-03,  2.15135515E-03)
   1.00000000      -1.00000000       0.00000000     ( -5.60656190E-03, -3.98606062E-03) ( -5.60656190E-03, -3.98606062E-03) ( -4.32133675E-03,  4.37721610E-03)
   1.00000000      -1.00000000       1.00000000     (  7.67409801E-03,  8.17701221E-03) (  1.73225999E-03,  7.43195415E-03) ( -5.94183803E-03, -7.54371285E-04)
   1.00000000      -1.00000000       2.00000000     (  3.69735062E-03,  5.99771738E-03) (  5.77419996E-03,  1.97440386E-03) (  1.04075298E-03, -2.01631337E-03)
   2.00000000       0.00000000       0.00000000     (  0.00000000    ,  0.00000000    ) (  1.11013651E-02, -6.35161996E-03) ( -3.67872417E-03,  4.19095159E-03)
   2.00000000       0.00000000       1.00000000     ( -4.39584255E-03, -5.49480319E-04) (  3.56696546E-03,  1.09523535E-02) (  8.79168510E-03,  1.09896064E-03)
   2.00000000       1.00000000       0.00000000     ( -1.97440386E-03,  6.05359674E-04) (  3.94880772E-03, -1.21071935E-03) ( -1.34110451E-03, -6.63101673E-03)
   2.00000000       1.00000000       1.00000000     (  2.17929482E-03,  4.50760126E-03) ( -5.10364771E-03, -7.86036253E-03) (  7.40401447E-04, -1.17812306E-03)
   2.00000000      -1.00000000       0.00000000     (  1.31316483E-03, -5.89061528E-04) (  2.62632966E-03, -1.17812306E-03) (  4.95929271E-04,  2.01631337E-03)
   2.00000000      -1.00000000       1.00000000     ( -3.94880772E-03,  4.88944352E-04) ( -3.71597707E-03, -1.81142241E-03) (  4.19095159E-03, -2.79396772E-03)
