   0.00000000       0.00000000      -2.00000000     (  1.93715096E-03,  3.24100256E-03) ( -2.19792128E-03,  1.23400241E-04) (  0.00000000    ,  0.00000000    )
   0.00000000       0.00000000      -1.00000000     (  2.70456076E-02, -1.10641122E-02) (  1.42306089E-02,  3.24845314E-02) (  0.00000000    ,  0.00000000    )
   0.00000000       1.00000000      -2.00000000     (  2.51457095E-04,  1.49011612E-03) (  6.05359674E-04,  1.64844096E-03) (  3.02679837E-04,  8.24220479E-04)
   0.00000000       1.00000000      -1.00000000     (  1.59442425E-02,  1.98557973E-02) (  7.38073140E-04,  1.03842467E-03) (  7.38073140E-04,  1.03842467E-03)
   0.00000000       2.00000000      -1.00000000     ( -6.22123480E-03, -1.69500709E-03) ( -1.17346644E-03, -8.84756446E-04) ( -2.34693289E-03, -1.76951289E-03)
   0.00000000      -2.00000000      -1.00000000     (  1.25728548E-03, -3.09199095E-03) ( -1.22003257E-03,  6.65895641E-04) (  2.44006515E-03, -1.33179128E-03)
   0.00000000      -1.00000000      -2.00000000     ( -3.57627869E-03, -1.22003257E-03) ( -1.12690032E-03, -1.14087015E-04) (  5.63450158E-04,  5.70435077E-05)
   0.00000000      -1.00000000      -1.00000000     (  5.92321157E-03,  4.42378223E-03) (  2.68220901E-03,  1.06543303E-02) ( -2.68220901E-03, -1.06543303E-02)
   1.00000000       0.00000000      -2.00000000     ( -1.22934580E-03,  2.73808837E-03) ( -2.36555934E-03,  3.59490514E-03) ( -6.14672899E-04,  1.36904418E-03)
   1.00000000       0.00000000      -1.00000000     (  5.17815351E-03, -3.28873284E-05) (  3.01515684E-04, -2.72877514E-03) (  5.17815351E-03, -3.28873284E-05)
   1.00000000       1.00000000      -2.00000000     ( -2.90572643E-03,  9.31322575E-04) (  2.38418579E-03, -2.94297934E-03) ( -2.58442014E-04, -1.00582838E-03)
   1.00000000       1.00000000      -1.00000000     ( -3.39001417E-03, -1.24797225E-03) (  2.99885869E-03,  6.37955964E-04) ( -3.98140401E-04, -6.10016286E-04)
   1.00000000       2.00000000      -1.00000000     ( -6.23986125E-04,  9.96515155E-04) ( -3.98140401E-04,  1.23865902E-03) ( -1.41561031E-03,  3.48314643E-03)
   1.00000000      -2.00000000      -1.00000000     (  1.78115442E-04, -4.44706529E-04) (  1.04308128E-03,  3.28291208E-04) ( -1.90921128E-03, -1.09896064E-03)
   1.00000000      -1.00000000      -2.00000000     ( -8.28877091E-04, -1.96509063E-03) ( -4.65661287E-04, -1.42492354E-03) ( -1.80443749E-04, -2.70083547E-04)
   1.00000000      -1.00000000      -1.00000000     ( -1.01514161E-03,  4.19095159E-04) ( -2.25380063E-03,  4.07453626E-04) (  1.22934580E-03,  1.22236088E-05)
   2.00000000       0.00000000      -1.00000000     ( -9.54605639E-04, -5.96046448E-04) ( -2.45869160E-03,  3.81842256E-04) ( -1.90921128E-03, -1.19209290E-03)
   2.00000000       1.00000000      -1.00000000     ( -2.63098627E-04,  9.37143341E-05) (  7.68341124E-04, -9.31322575E-04) (  2.43308023E-04, -7.40401447E-04)
   2.00000000      -1.00000000      -1.00000000     ( -1.45519152E-04, -5.12227416E-04) (  2.70083547E-04, -2.77534127E-03) ( -5.58793545E-04,  1.75088644E-03)
