   0.00000000       0.00000000      -2.00000000     (  9.96515155E-04,  2.66358256E-03) ( -1.97440386E-03,  4.65661287E-04) (  0.00000000    ,  0.00000000    )
   0.00000000       0.00000000      -1.00000000     (  2.80141830E-02, -1.02631748E-02) (  1.92597508E-02,  3.42726707E-02) (  0.00000000    ,  0.00000000    )
   0.00000000       1.00000000      -2.00000000     ( -6.05359674E-05,  8.94069672E-04) (  6.00703061E-04,  1.38767064E-03) (  3.00351530E-04,  6.93835318E-04)
   0.00000000       1.00000000      -1.00000000     (  1.49011612E-02,  2.25007534E-02) (  1.02678314E-03, -1.50612323E-05) (  1.02678314E-03, -1.50612323E-05)
   0.00000000       2.00000000      -1.00000000     ( -4.91738319E-03, -1.18277967E-03) ( -9.96515155E-04, -7.21774995E-04) ( -1.99303031E-03, -1.44354999E-03)
   0.00000000      -2.00000000      -1.00000000     (  1.06170774E-03, -2.21654773E-03) ( -8.75443220E-04,  3.28291208E-04) (  1.75088644E-03, -6.56582415E-04)
   0.00000000      -1.00000000      -2.00000000     ( -2.75671482E-03, -1.03376806E-03) ( -6.51925802E-04, -2.04890966E-04) (  3.25962901E-04,  1.02445483E-04)
   0.00000000      -1.00000000      -1.00000000     (  7.28294253E-03,  2.18395144E-03) (  1.12224370E-03,  1.11386180E-02) ( -1.12224370E-03, -1.11386180E-02)
   1.00000000       0.00000000      -2.00000000     ( -1.30385160E-03,  1.88127160E-03) ( -1.65775418E-03,  2.40281224E-03) ( -6.51925802E-04,  9.40635800E-04)
   1.00000000       0.00000000      -1.00000000     (  6.66826963E-03, -7.12461770E-04) ( -3.03611159E-03, -3.20374966E-03) (  6.66826963E-03, -7.12461770E-04)
   1.00000000       1.00000000      -2.00000000     ( -2.10478902E-03,  1.05239451E-03) (  1.21071935E-03, -2.27242708E-03) ( -4.47034836E-04, -6.05359674E-04)
   1.00000000       1.00000000      -1.00000000     ( -2.01165676E-03, -6.05359674E-04) (  1.99303031E-03,  6.47269189E-04) ( -1.70257408E-05,  4.39467840E-05)
   1.00000000       2.00000000      -1.00000000     ( -3.08500603E-05,  7.21774995E-04) ( -4.79631126E-04,  8.75443220E-04) ( -9.87201929E-04,  2.47731805E-03)
   1.00000000      -2.00000000      -1.00000000     (  5.26197255E-04, -1.00117177E-04) (  8.84756446E-04,  6.70552254E-04) ( -1.24797225E-03, -1.44354999E-03)
   1.00000000      -1.00000000      -2.00000000     ( -3.16649675E-04, -1.49011612E-03) ( -6.42612576E-04, -8.94069672E-04) (  1.62981451E-04, -2.95694917E-04)
   1.00000000      -1.00000000      -1.00000000     ( -8.19563866E-04,  5.44823706E-04) ( -1.67638063E-03,  3.00351530E-04) (  8.66129994E-04,  2.42143869E-04)
   2.00000000       0.00000000      -1.00000000     ( -7.26431608E-04, -4.37721610E-04) ( -9.96515155E-04,  1.24564394E-04) ( -1.45286322E-03, -8.75443220E-04)
   2.00000000       1.00000000      -1.00000000     ( -4.19095159E-04, -1.74622983E-04) (  8.66129994E-04, -6.23986125E-04) (  3.02679837E-05, -9.68575478E-04)
   2.00000000      -1.00000000      -1.00000000     ( -2.39815563E-04, -3.14321369E-05) (  2.04890966E-04, -1.80676579E-03) ( -6.84522092E-04,  1.73225999E-03)
