   0.00000000       0.00000000      -2.00000000     (  4.84287739E-04,  1.58324838E-04) ( -4.28408384E-04,  7.91624188E-05) (  0.00000000    ,  0.00000000    )
   0.00000000       0.00000000      -1.00000000     (  1.08778477E-02,  1.13248825E-02) (  4.09781933E-02,  9.35047865E-03) (  0.00000000    ,  0.00000000    )
   0.00000000       1.00000000      -2.00000000     (  1.76951289E-04,  1.11758709E-04) (  1.58324838E-04,  4.88944352E-05) (  7.91624188E-05,  2.44472176E-05)
   0.00000000       1.00000000      -1.00000000     ( -6.85453415E-03,  2.60770321E-02) ( -9.76026058E-03, -3.70666385E-03) ( -9.76026058E-03, -3.70666385E-03)
   0.00000000       2.00000000      -1.00000000     ( -1.76951289E-04, -4.88944352E-05) ( -1.58324838E-04,  1.86264515E-04) ( -3.16649675E-04,  3.72529030E-04)
   0.00000000      -2.00000000      -1.00000000     (  2.98023224E-04,  1.07102096E-04) ( -4.88944352E-05,  6.98491931E-05) (  9.77888703E-05, -1.39698386E-04)
   0.00000000      -1.00000000      -2.00000000     (  1.67638063E-04,  2.14204192E-04) ( -1.11758709E-04, -9.77888703E-05) (  5.58793545E-05,  4.88944352E-05)
   0.00000000      -1.00000000      -1.00000000     (  7.78585672E-03, -6.05359674E-03) (  2.23517418E-03,  1.23633072E-03) ( -2.23517418E-03, -1.23633072E-03)
   1.00000000       0.00000000      -2.00000000     ( -2.04890966E-04, -9.31322575E-05) (  1.58324838E-04,  4.84287739E-04) ( -1.02445483E-04, -4.65661287E-05)
   1.00000000       0.00000000      -1.00000000     (  1.16974115E-02, -5.77419996E-03) ( -7.91624188E-03,  1.93715096E-02) (  1.16974115E-02, -5.77419996E-03)
   1.00000000       1.00000000      -2.00000000     (  7.45058060E-05,  1.86264515E-04) ( -1.21071935E-04, -2.04890966E-04) ( -2.44472176E-05, -7.56699592E-06)
   1.00000000       1.00000000      -1.00000000     ( -4.65661287E-04,  7.82310963E-04) ( -1.22236088E-05, -4.09781933E-04) ( -4.84287739E-04,  3.53902578E-04)
   1.00000000       2.00000000      -1.00000000     (  9.89530236E-06, -1.21071935E-04) ( -6.98491931E-05,  3.25962901E-05) ( -1.21071935E-04, -5.35510480E-05)
   1.00000000      -2.00000000      -1.00000000     (  4.36557457E-06, -1.07102096E-04) (  1.02445483E-04, -4.88944352E-05) ( -1.95577741E-04, -9.89530236E-06)
   1.00000000      -1.00000000      -2.00000000     (  9.77888703E-05, -1.95577741E-04) ( -6.98491931E-05, -1.10594556E-05) (  8.38190317E-05, -9.31322575E-05)
   1.00000000      -1.00000000      -1.00000000     ( -1.62981451E-05,  1.39698386E-04) ( -1.30385160E-04,  1.16415322E-04) (  1.11758709E-04,  2.21189111E-05)
   2.00000000       0.00000000      -1.00000000     ( -1.67638063E-04,  3.49245965E-06) (  1.30385160E-04, -2.79396772E-04) ( -3.35276127E-04,  6.98491931E-06)
   2.00000000       1.00000000      -1.00000000     (  5.35510480E-05, -4.88944352E-05) ( -1.95577741E-04,  2.79396772E-04) ( -9.31322575E-05,  1.76951289E-04)
   2.00000000      -1.00000000      -1.00000000     (  1.49011612E-04,  2.91038305E-05) (  8.84756446E-05,  1.02445483E-04) (  2.14204192E-04, -4.42378223E-05)
