   0.00000000       0.00000000       1.00000000     (  2.31713057E-02,  1.11758709E-02) (  3.16649675E-03, -2.48104334E-02) (  0.00000000    ,  0.00000000    )
   0.00000000       0.00000000       2.00000000     (  6.87316060E-03, -5.34579158E-03) ( -2.15950422E-04,  1.53668225E-03) (  0.00000000    ,  0.00000000    )
   0.00000000       1.00000000       0.00000000     ( -4.24683094E-03,  1.06915832E-02) (  0.00000000    ,  0.00000000    ) (  1.75554305E-03, -1.40629709E-03)
   0.00000000       1.00000000       1.00000000     (  3.11061740E-03, -4.60073352E-03) (  5.83007932E-03, -7.82310963E-03) ( -5.83007932E-03,  7.82310963E-03)
   0.00000000       1.00000000       2.00000000     ( -7.91624188E-03, -3.79513949E-04) ( -6.35161996E-03,  4.95929271E-04) (  3.17580998E-03, -2.47964635E-04)
   0.00000000       2.00000000       0.00000000     ( -2.08616257E-03, -7.07805157E-03) (  0.00000000    ,  0.00000000    ) ( -6.44475222E-03,  3.23634595E-04)
   0.00000000       2.00000000       1.00000000     (  4.20026481E-03,  3.91155481E-03) ( -2.23517418E-03, -2.46800482E-03) (  4.47034836E-03,  4.93600965E-03)
   0.00000000      -2.00000000       0.00000000     ( -2.08616257E-03,  7.07805157E-03) (  0.00000000    ,  0.00000000    ) ( -6.44475222E-03, -3.23634595E-04)
   0.00000000      -2.00000000       1.00000000     ( -1.03935599E-02, -2.32830644E-04) ( -1.48545951E-03,  1.47148967E-03) ( -2.97091901E-03,  2.94297934E-03)
   0.00000000      -1.00000000       0.00000000     ( -4.24683094E-03, -1.06915832E-02) (  0.00000000    ,  0.00000000    ) (  1.75554305E-03,  1.40629709E-03)
   0.00000000      -1.00000000       1.00000000     (  1.21444464E-02, -1.43423676E-02) ( -1.70897692E-03, -2.16066837E-03) ( -1.70897692E-03, -2.16066837E-03)
   0.00000000      -1.00000000       2.00000000     ( -1.44354999E-03, -2.41212547E-03) (  8.33533704E-04,  1.71829015E-03) (  4.16766852E-04,  8.59145075E-04)
   1.00000000       0.00000000       0.00000000     (  0.00000000    ,  0.00000000    ) ( -1.81794167E-02,  5.69969416E-03) (  2.51829624E-02,  2.07126141E-02)
   1.00000000       0.00000000       1.00000000     (  2.89641321E-03, -3.60421836E-03) ( -2.57790089E-02,  1.52364373E-02) ( -2.89641321E-03,  3.60421836E-03)
   1.00000000       0.00000000       2.00000000     (  1.08964741E-03,  3.09199095E-03) (  6.92903996E-03,  4.20957804E-03) ( -5.44823706E-04, -1.54599547E-03)
   1.00000000       1.00000000       0.00000000     (  5.32716513E-03,  2.27242708E-03) ( -5.32716513E-03, -2.27242708E-03) ( -7.56233931E-03,  3.91155481E-03)
   1.00000000       1.00000000       1.00000000     ( -4.06056643E-03,  2.46800482E-04) (  2.85916030E-03, -1.95577741E-04) (  1.19209290E-03, -5.12227416E-05)
   1.00000000       1.00000000       2.00000000     ( -2.01631337E-03, -2.98954546E-03) ( -5.81145287E-03, -2.60770321E-03) (  3.91155481E-03,  2.80328095E-03)
   1.00000000       2.00000000       0.00000000     ( -2.13272870E-03,  6.50063157E-03) (  1.06636435E-03, -3.25031579E-03) ( -1.46217644E-03,  9.01520252E-03)
   1.00000000       2.00000000       1.00000000     (  7.48783350E-03,  2.89641321E-03) ( -3.47383320E-03, -2.89641321E-03) ( -5.32018021E-04,  2.90572643E-03)
   1.00000000      -2.00000000       0.00000000     (  1.56578608E-04, -3.31550837E-03) (  7.82893039E-05, -1.65775418E-03) ( -1.32247806E-03,  2.44937837E-03)
   1.00000000      -2.00000000       1.00000000     ( -2.15601176E-03,  7.63684511E-04) ( -2.35624611E-03,  1.60187483E-03) ( -2.55182385E-03,  2.44937837E-03)
   1.00000000      -1.00000000       0.00000000     ( -6.07222319E-03, -6.31436706E-03) ( -6.07222319E-03, -6.31436706E-03) ( -4.60073352E-03,  4.88013029E-03)
   1.00000000      -1.00000000       1.00000000     (  6.01634383E-03,  8.75443220E-03) (  8.64383765E-05,  7.13393092E-03) ( -5.94183803E-03, -1.62050128E-03)
   1.00000000      -1.00000000       2.00000000     (  4.61935997E-03,  6.48200512E-03) (  7.72997737E-03,  3.64147127E-03) (  1.55530870E-03, -1.42026693E-03)
   2.00000000       0.00000000       0.00000000     (  0.00000000    ,  0.00000000    ) (  1.13621354E-02, -5.68106771E-03) ( -5.17815351E-03,  3.29688191E-03)
   2.00000000       0.00000000       1.00000000     ( -4.17232513E-03, -2.02096999E-03) (  2.89641321E-03,  1.11386180E-02) (  8.34465027E-03,  4.04193997E-03)
   2.00000000       1.00000000       0.00000000     ( -2.64495611E-03,  9.22009349E-04) (  5.28991222E-03, -1.84401870E-03) ( -6.58910722E-04, -9.29459929E-03)
   2.00000000       1.00000000       1.00000000     (  1.71829015E-03,  4.41446900E-03) ( -4.80562449E-03, -7.58096576E-03) (  1.36904418E-03, -1.25728548E-03)
   2.00000000      -1.00000000       0.00000000     (  1.89989805E-03,  4.83123586E-04) (  3.79979610E-03,  9.66247171E-04) (  1.39407348E-04,  1.68569386E-03)
   2.00000000      -1.00000000       1.00000000     ( -3.69735062E-03,  8.38190317E-04) ( -2.81259418E-03, -2.12807208E-03) (  4.57279384E-03, -3.79979610E-03)
