    0.000000        0.000000       -2.000000      (5.1967800E-03,1.1990778E-03)
   (5.5506825E-03,-4.6566129E-03)  (0.000000,0.000000)
    0.000000        0.000000       -1.000000      
 (2.0712614E-02,-1.1436641E-02)  (-1.0766089E-02,1.6018748E-02)  
 (0.000000,0.000000)
    0.000000        1.000000       -2.000000      
 (-1.2405217E-02,-1.8393621E-04)  (-3.0267984E-03,1.6298145E-03)  
 (-1.5133992E-03,8.1490725E-04)
    0.000000        1.000000       -1.000000      (7.1525574E-03,4.6007335E-03)
   (-1.3783574E-03,5.0105155E-03)  (-1.3783574E-03,5.0105155E-03)
    0.000000        2.000000       -1.000000      
 (-1.0915101E-02,1.0654330E-02)  (-2.8777868E-03,-5.5646524E-04)  
 (-5.7555735E-03,-1.1129305E-03)
    0.000000       -2.000000       -1.000000      (7.0594251E-03,2.6915222E-03)
   (-7.4971467E-04,1.2852252E-03)  (1.4994293E-03,-2.5704503E-03)
    0.000000       -1.000000       -2.000000      
 (-7.7113509E-03,2.0395964E-03)  (-3.1478703E-03,2.3748726E-03)  
 (1.5739352E-03,-1.1874363E-03)
    0.000000       -1.000000       -1.000000      
 (4.8428774E-03,-4.8801303E-03)  (5.4016709E-03,4.2095780E-03)  
 (-5.4016709E-03,-4.2095780E-03)
    1.000000        0.000000       -2.000000      (7.7299774E-03,2.1513551E-03)
   (-4.6938658E-03,2.8125942E-03)  (3.8649887E-03,1.0756776E-03)
    1.000000        0.000000       -1.000000      
 (3.5017729E-03,-1.0803342E-03)  (6.1653554E-03,-5.4948032E-03)  
 (3.5017729E-03,-1.0803342E-03)
    1.000000        1.000000       -2.000000      
 (-3.5390258E-03,1.2107193E-03)  (-3.6042184E-03,-1.2107193E-02)  
 (-3.5762787E-03,-5.4389238E-03)
    1.000000        1.000000       -1.000000      
 (-7.6182187E-03,1.2759119E-03)  (2.2212043E-03,-1.7788261E-03)  
 (-5.4016709E-03,-5.0407834E-04)
    1.000000        2.000000       -1.000000      
 (-7.2270632E-03,1.2805685E-03)  (8.3819032E-04,2.5890768E-03)  
 (-5.5506825E-03,6.4633787E-03)
    1.000000       -2.000000       -1.000000      
 (1.4482066E-03,-2.2584572E-03)  (-2.4389010E-04,-7.3341653E-04)  
 (1.9371510E-03,-7.8929588E-04)
    1.000000       -1.000000       -2.000000      
 (4.0698797E-03,-7.4272975E-04)  (-4.3306500E-03,1.1594966E-03)  
 (4.2002648E-03,-9.5227733E-04)
    1.000000       -1.000000       -1.000000      
 (-9.4249845E-03,5.0012022E-03)  (-4.7590584E-03,2.1478627E-04)  
 (-4.6566129E-03,4.7869980E-03)
    2.000000        0.000000       -1.000000      (2.7567148E-03,3.1385571E-03)
   (9.7602606E-03,6.7800283E-03)  (5.5134296E-03,6.2771142E-03)
    2.000000        1.000000       -1.000000      
 (-1.4854595E-03,-2.3702160E-03)  (2.8125942E-03,-2.4493784E-03)  
 (-1.5483238E-04,-7.1898103E-03)
    2.000000       -1.000000       -1.000000      
 (-1.2503006E-03,2.5797635E-03)  (7.7270670E-05,5.5320561E-03)  
 (-2.5797635E-03,-3.8184226E-04)
