    0.000000        0.000000        1.000000      (2.3394823E-02,1.2107193E-02)
   (-1.6344711E-03,-2.2128224E-02)  (0.000000,0.000000)
    0.000000        0.000000        2.000000      
 (7.0966780E-03,-3.3713877E-03)  (3.0361116E-03,1.7089769E-03)  
 (0.000000,0.000000)
    0.000000        1.000000        0.000000      
 (-1.5320256E-03,1.2032688E-02)  (0.000000,0.000000)  
 (2.3469329E-03,-3.2782555E-03)
    0.000000        1.000000        1.000000      
 (3.5203993E-03,-2.7287751E-03)  (7.2829425E-03,-6.8359077E-03)  
 (-7.2829425E-03,6.8359077E-03)
    0.000000        1.000000        2.000000      
 (-7.3760748E-03,-1.2898818E-03)  (-7.5437129E-03,4.2025931E-04)  
 (3.7718564E-03,-2.1012966E-04)
    0.000000        2.000000        0.000000      
 (1.2689270E-04,-5.9418380E-03)  (0.000000,0.000000)  
 (-3.8184226E-03,7.8463927E-04)
    0.000000        2.000000        1.000000      
 (7.4133277E-03,-4.3306500E-04)  (-8.2189217E-04,-2.4400651E-03)  
 (1.6437843E-03,4.8801303E-03)
    0.000000       -2.000000        0.000000      (1.2689270E-04,5.9418380E-03)
   (0.000000,0.000000)  (-3.8184226E-03,-7.8463927E-04)
    0.000000       -2.000000        1.000000      
 (-9.7230077E-03,-4.9360096E-03)  (-2.3748726E-03,8.7544322E-04)  
 (-4.7497451E-03,1.7508864E-03)
    0.000000       -1.000000        0.000000      
 (-1.5320256E-03,-1.2032688E-02)  (0.000000,0.000000)  
 (2.3469329E-03,3.2782555E-03)
    0.000000       -1.000000        1.000000      
 (9.1642141E-03,-1.1995435E-02)  (-2.7846545E-03,-2.9988587E-03)  
 (-2.7846545E-03,-2.9988587E-03)
    0.000000       -1.000000        2.000000      
 (-5.8487058E-03,1.1594966E-03)  (1.3591489E-04,4.4144690E-03)  
 (6.7957444E-05,2.2072345E-03)
    1.000000        0.000000        0.000000      (0.000000,0.000000)  
 (-2.2426248E-02,5.1409006E-03)  (2.3245811E-02,1.9669533E-02)
    1.000000        0.000000        1.000000      
 (1.0617077E-03,-4.5821071E-03)  (-2.4735928E-02,1.6167760E-02)  
 (-1.0617077E-03,4.5821071E-03)
    1.000000        0.000000        2.000000      (1.0919757E-03,1.8021092E-03)
   (4.8242509E-03,6.5937638E-03)  (-5.4598786E-04,-9.0105459E-04)
    1.000000        1.000000        0.000000      (5.2154064E-03,1.9965228E-04)
   (-5.2154064E-03,-1.9965228E-04)  (-6.1653554E-03,2.5238842E-03)
    1.000000        1.000000        1.000000      
 (-2.8498471E-03,1.6391277E-03)  (1.8533319E-03,-9.4529241E-04)  
 (9.9651515E-04,-6.9616362E-04)
    1.000000        1.000000        2.000000      
 (-2.4307519E-03,-2.1979213E-03)  (-3.7159771E-03,-4.4982880E-03)  
 (3.0733645E-03,3.3527613E-03)
    1.000000        2.000000        0.000000      
 (-1.4482066E-03,4.8801303E-03)  (7.2410330E-04,-2.4400651E-03)  
 (3.5972334E-04,9.7975135E-03)
    1.000000        2.000000        1.000000      (6.1281025E-03,3.1385571E-03)
   (-1.7229468E-03,-1.8998981E-03)  (-2.6728958E-03,6.6123903E-04)
    1.000000       -2.000000        0.000000      
 (-9.1036782E-04,5.5530109E-04)  (-4.5518391E-04,2.7765054E-04)  
 (-3.8556755E-03,-5.9808372E-05)
    1.000000       -2.000000        1.000000      
 (-1.8579885E-03,1.0035001E-03)  (-1.4714897E-03,1.6996637E-03)  
 (-1.0873191E-03,2.3934990E-03)
    1.000000       -1.000000        0.000000      
 (-5.0291419E-03,-2.5238842E-03)  (-5.0291419E-03,-2.5238842E-03)  
 (-4.4517219E-03,4.2282045E-03)
    1.000000       -1.000000        1.000000      (9.6112490E-03,7.8044832E-03)
   (2.9243529E-03,7.3947012E-03)  (-6.6682696E-03,-4.0978193E-04)
    1.000000       -1.000000        2.000000      (2.8032809E-03,5.4575503E-03)
   (3.8743019E-03,5.6810677E-04)  (5.3667463E-04,-2.4493784E-03)
    2.000000        0.000000        0.000000      (0.000000,0.000000)  
 (1.1958182E-02,-6.8172812E-03)  (-2.8219074E-03,4.5634806E-03)
    2.000000        0.000000        1.000000      
 (-4.6286732E-03,6.1234459E-04)  (4.3306500E-03,1.1511147E-02)  
 (9.2573464E-03,-1.2246892E-03)
    2.000000        1.000000        0.000000      
 (-1.7136335E-03,1.2514647E-04)  (3.4272671E-03,-2.5029294E-04)  
 (-2.1979213E-03,-4.8615038E-03)
    2.000000        1.000000        1.000000      (2.6170164E-03,4.8987567E-03)
   (-5.4761767E-03,-9.0710819E-03)  (2.4389010E-04,-7.3574483E-04)
    2.000000       -1.000000        0.000000      
 (8.6845830E-04,-1.3504177E-03)  (1.7369166E-03,-2.7008355E-03)  
 (9.3365088E-04,2.6449561E-03)
    2.000000       -1.000000        1.000000      
 (-4.5169145E-03,4.4354238E-04)  (-4.6938658E-03,-1.2107193E-03)  
 (4.3399632E-03,-2.1001324E-03)
