    0.000000        0.000000       -2.000000      (8.0093741E-03,1.8719584E-03)
   (5.9604645E-03,-4.1257590E-03)  (0.000000,0.000000)
    0.000000        0.000000       -1.000000      
 (2.1979213E-02,-1.1995435E-02)  (-6.8731606E-03,1.7806888E-02)  
 (0.000000,0.000000)
    0.000000        1.000000       -2.000000      
 (-1.2852252E-02,-2.9616058E-03)  (-1.8021092E-03,-3.4365803E-03)  
 (-9.0105459E-04,-1.7182902E-03)
    0.000000        1.000000       -1.000000      (6.5192580E-03,7.6368451E-03)
   (-2.3655593E-03,4.0419400E-03)  (-2.3655593E-03,4.0419400E-03)
    0.000000        2.000000       -1.000000      
 (-1.3075769E-02,1.0989606E-02)  (-4.1630119E-03,-1.1362135E-03)  
 (-8.3260238E-03,-2.2724271E-03)
    0.000000       -2.000000       -1.000000      (1.1418015E-02,3.2875687E-03)
   (-9.2841219E-05,2.2910535E-03)  (1.8568244E-04,-4.5821071E-03)
    0.000000       -1.000000       -2.000000      
 (-8.3260238E-03,2.5657937E-03)  (-6.7986548E-03,5.8324076E-04)  
 (3.3993274E-03,-2.9162038E-04)
    0.000000       -1.000000       -1.000000      
 (4.0978193E-03,-1.0291114E-03)  (6.7800283E-03,5.2154064E-03)  
 (-6.7800283E-03,-5.2154064E-03)
    1.000000        0.000000       -2.000000      (8.3073974E-03,3.4645200E-03)
   (-2.5751069E-03,6.4261258E-03)  (4.1536987E-03,1.7322600E-03)
    1.000000        0.000000       -1.000000      
 (4.0419400E-03,-3.8999133E-04)  (8.5681677E-03,-3.2410026E-03)  
 (4.0419400E-03,-3.8999133E-04)
    1.000000        1.000000       -2.000000      
 (-3.0174851E-03,-1.6903505E-03)  (-7.5437129E-04,-1.3783574E-02)  
 (-1.8859282E-03,-7.7299774E-03)
    1.000000        1.000000       -1.000000      
 (-8.4564090E-03,-3.3713877E-03)  (2.6915222E-03,-9.8953024E-04)  
 (-5.7555735E-03,-4.3585896E-03)
    1.000000        2.000000       -1.000000      
 (-9.9278986E-03,-2.1280721E-03)  (1.9371510E-03,2.8079376E-03)  
 (-6.0535967E-03,3.4831464E-03)
    1.000000       -2.000000       -1.000000      
 (-7.1595423E-04,-6.1467290E-03)  (-1.4272518E-03,-2.9010698E-03)  
 (2.1373853E-03,-3.3702236E-04)
    1.000000       -1.000000       -2.000000      (5.0105155E-03,1.6950071E-03)
   (-4.1164458E-03,2.3981556E-03)  (4.5634806E-03,-3.5273843E-04)
    1.000000       -1.000000       -1.000000      
 (-9.9278986E-03,3.5203993E-03)  (-7.7858567E-03,7.1479008E-04)  
 (-2.1513551E-03,2.8032809E-03)
    2.000000        0.000000       -1.000000      (6.7171641E-04,4.7497451E-03)
   (3.6600977E-03,7.6182187E-03)  (1.3434328E-03,9.4994903E-03)
    2.000000        1.000000       -1.000000      
 (-2.9511284E-04,-8.9872628E-04)  (4.3399632E-03,-6.4261258E-03)  
 (3.7439167E-03,-8.2328916E-03)
    2.000000       -1.000000       -1.000000      
 (-1.9092113E-03,1.6018748E-03)  (4.4819899E-04,5.8673322E-03)  
 (-4.2654574E-03,-2.6728958E-03)
