    0.000000        0.000000       -2.000000      (7.0221722E-03,1.6018748E-03)
   (6.1281025E-03,-4.7497451E-03)  (0.000000,0.000000)
    0.000000        0.000000       -1.000000      
 (2.1234155E-02,-1.1697412E-02)  (-8.5681677E-03,1.6614795E-02)  
 (0.000000,0.000000)
    0.000000        1.000000       -2.000000      
 (-1.3485551E-02,-2.0302832E-03)  (-2.5052577E-03,-1.3271347E-03)  
 (-1.2526289E-03,-6.6356733E-04)
    0.000000        1.000000       -1.000000      (6.3888729E-03,6.0908496E-03)
   (-1.9278377E-03,4.4144690E-03)  (-1.9278377E-03,4.4144690E-03)
    0.000000        2.000000       -1.000000      
 (-1.2777746E-02,1.1436641E-02)  (-3.8556755E-03,-1.1129305E-03)  
 (-7.7113509E-03,-2.2258610E-03)
    0.000000       -2.000000       -1.000000      (1.0393560E-02,3.0826777E-03)
   (-2.9627699E-04,1.9604340E-03)  (5.9255399E-04,-3.9208680E-03)
    0.000000       -1.000000       -2.000000      
 (-8.2328916E-03,2.5145710E-03)  (-5.2247196E-03,1.3364479E-03)  
 (2.6123598E-03,-6.6822395E-04)
    0.000000       -1.000000       -1.000000      
 (4.2840838E-03,-2.5704503E-03)  (6.1839819E-03,4.6752393E-03)  
 (-6.1839819E-03,-4.6752393E-03)
    1.000000        0.000000       -2.000000      (8.6426735E-03,2.8219074E-03)
   (-3.4924597E-03,4.8521906E-03)  (4.3213367E-03,1.4109537E-03)
    1.000000        0.000000       -1.000000      
 (3.8370490E-03,-6.8917871E-04)  (7.5623393E-03,-4.1723251E-03)  
 (3.8370490E-03,-6.8917871E-04)
    1.000000        1.000000       -2.000000      
 (-3.2875687E-03,-5.2968971E-04)  (-2.5006011E-03,-1.3522804E-02)  
 (-2.8964132E-03,-7.0221722E-03)
    1.000000        1.000000       -1.000000      
 (-8.2701445E-03,-1.3434328E-03)  (2.1932647E-03,-1.3574027E-03)  
 (-6.0722232E-03,-2.7008355E-03)
    1.000000        2.000000       -1.000000      
 (-9.1642141E-03,-4.7730282E-04)  (1.6344711E-03,2.8591603E-03)  
 (-5.8859587E-03,5.2433461E-03)
    1.000000       -2.000000       -1.000000      
 (2.0605512E-04,-4.7031790E-03)  (-8.7078661E-04,-1.8253922E-03)  
 (1.9464642E-03,-1.0570511E-03)
    1.000000       -1.000000       -2.000000      (4.9266964E-03,6.1234459E-04)
   (-4.3027103E-03,1.7369166E-03)  (4.6193600E-03,-5.6228600E-04)
    1.000000       -1.000000       -1.000000      
 (-1.0225922E-02,4.2654574E-03)  (-6.6682696E-03,4.5401976E-04)  
 (-3.5576522E-03,3.8091093E-03)
    2.000000        0.000000       -1.000000      (1.7601997E-03,4.3865293E-03)
   (6.9662929E-03,7.6182187E-03)  (3.5203993E-03,8.7730587E-03)
    2.000000        1.000000       -1.000000      
 (-9.3597919E-04,-1.7415732E-03)  (4.0233135E-03,-5.2340329E-03)  
 (2.1513551E-03,-8.7171793E-03)
    2.000000       -1.000000       -1.000000      
 (-1.6763806E-03,2.4074689E-03)  (2.6775524E-04,6.2957406E-03)  
 (-3.6228448E-03,-1.4854595E-03)
