    0.000000        0.000000       -2.000000      (8.1583858E-03,2.9709190E-03)
   (4.4796616E-03,-2.3609027E-03)  (0.000000,0.000000)
    0.000000        0.000000       -1.000000      
 (2.3245811E-02,-1.2293458E-02)  (-3.4272671E-03,2.0861626E-02)  
 (0.000000,0.000000)
    0.000000        1.000000       -2.000000      
 (-8.7916851E-03,-2.4447218E-03)  (-3.5041012E-04,-5.1129609E-03)  
 (-1.7520506E-04,-2.5564805E-03)
    0.000000        1.000000       -1.000000      (8.0838799E-03,1.0766089E-02)
   (-2.8591603E-03,3.3807009E-03)  (-2.8591603E-03,3.3807009E-03)
    0.000000        2.000000       -1.000000      
 (-1.1548400E-02,7.5995922E-03)  (-3.3620745E-03,-9.3830749E-04)  
 (-6.7241490E-03,-1.8766150E-03)
    0.000000       -2.000000       -1.000000      (9.6857548E-03,1.9790605E-03)
   (-4.4237822E-04,2.5657937E-03)  (8.8475645E-04,-5.1315874E-03)
    0.000000       -1.000000       -2.000000      
 (-8.1770122E-03,1.8579885E-03)  (-8.3819032E-03,-2.6717316E-04)  
 (4.1909516E-03,1.3358658E-04)
    0.000000       -1.000000       -1.000000      (3.7997961E-03,1.6530976E-03)
   (7.4133277E-03,6.3702464E-03)  (-7.4133277E-03,-6.3702464E-03)
    1.000000        0.000000       -2.000000      (5.7928264E-03,4.6286732E-03)
   (-2.4680048E-03,8.0838799E-03)  (2.8964132E-03,2.3143366E-03)
    1.000000        0.000000       -1.000000      (4.0978193E-03,1.3562385E-04)
   (9.6485019E-03,-1.7927960E-03)  (4.0978193E-03,1.3562385E-04)
    1.000000        1.000000       -2.000000      
 (-3.3807009E-03,-3.3434480E-03)  (2.5983900E-03,-1.1697412E-02)  
 (-3.8999133E-04,-7.5250864E-03)
    1.000000        1.000000       -1.000000      
 (-8.3819032E-03,-5.3644180E-03)  (4.1071326E-03,-5.0291419E-04)  
 (-4.2654574E-03,-5.8673322E-03)
    1.000000        2.000000       -1.000000      
 (-9.0710819E-03,-4.0978193E-03)  (1.6577542E-03,1.9930303E-03)  
 (-5.7555735E-03,-1.1175871E-04)
    1.000000       -2.000000       -1.000000      
 (-4.0512532E-04,-5.7742000E-03)  (-1.2316741E-03,-3.7997961E-03)  
 (2.0582229E-03,1.8300489E-03)
    1.000000       -1.000000       -2.000000      (3.6787242E-03,2.5285408E-03)
   (-2.1420419E-03,2.4866313E-03)  (2.9057264E-03,2.0372681E-05)
    1.000000       -1.000000       -1.000000      
 (-7.7299774E-03,2.1466985E-03)  (-8.3446503E-03,1.1338852E-03)  
 (6.2049367E-04,1.0128133E-03)
    2.000000        0.000000       -1.000000      
 (-1.1594966E-03,3.7625432E-03)  (-3.1478703E-03,6.2957406E-03)  
 (-2.3189932E-03,7.5250864E-03)
    2.000000        1.000000       -1.000000      (6.5192580E-04,9.3365088E-04)
   (3.7159771E-03,-6.7241490E-03)  (5.0198287E-03,-4.8615038E-03)
    2.000000       -1.000000       -1.000000      
 (-1.0896474E-03,-5.9371814E-04)  (1.5087426E-03,2.7753413E-03)  
 (-3.6880374E-03,-3.9581209E-03)
