   0.00000000       0.00000000      -2.00000000     (  1.10827386E-03,  2.58907676E-03) ( -2.06753612E-03,  1.14087015E-04) (  0.00000000    ,  0.00000000    )
   0.00000000       0.00000000      -1.00000000     (  1.83656812E-02, -2.05473043E-04) (  3.39001417E-02,  2.17556953E-02) (  0.00000000    ,  0.00000000    )
   0.00000000       1.00000000      -2.00000000     (  1.02445483E-03, -1.51339918E-05) ( -7.72997737E-04,  8.19563866E-04) ( -3.86498868E-04,  4.09781933E-04)
   0.00000000       1.00000000      -1.00000000     ( -1.60653144E-03,  2.97278166E-02) ( -5.27128577E-03, -2.61701643E-03) ( -5.27128577E-03, -2.61701643E-03)
   0.00000000       2.00000000      -1.00000000     ( -1.91852450E-03,  1.95577741E-04) (  1.15251169E-04,  6.05359674E-04) (  2.30502337E-04,  1.21071935E-03)
   0.00000000      -2.00000000      -1.00000000     (  1.93715096E-03,  8.28877091E-04) ( -7.26431608E-04, -2.77068466E-04) (  1.45286322E-03,  5.54136932E-04)
   0.00000000      -1.00000000      -2.00000000     ( -1.11758709E-03,  8.28877091E-04) ( -9.49949026E-04, -2.44472176E-04) (  4.74974513E-04,  1.22236088E-04)
   0.00000000      -1.00000000      -1.00000000     (  7.80448318E-03, -9.90927219E-03) ( -2.49594450E-03,  3.54833901E-03) (  2.49594450E-03, -3.54833901E-03)
   1.00000000       0.00000000      -2.00000000     ( -9.40635800E-04,  1.43190846E-04) ( -1.11758709E-03,  1.02445483E-03) ( -4.70317900E-04,  7.15954229E-05)
   1.00000000       0.00000000      -1.00000000     (  8.79168510E-03, -4.89875674E-03) ( -9.59262252E-03,  8.93487595E-05) (  8.79168510E-03, -4.89875674E-03)
   1.00000000       1.00000000      -2.00000000     ( -7.54371285E-04, -3.14321369E-04) (  8.47503543E-04, -2.17929482E-03) (  4.45288606E-05, -1.23865902E-03)
   1.00000000       1.00000000      -1.00000000     ( -1.58324838E-03,  1.20140612E-03) (  2.38418579E-03,  6.23986125E-04) (  7.91624188E-04,  1.82539225E-03)
   1.00000000       2.00000000      -1.00000000     (  4.00468707E-04,  1.69966370E-04) ( -6.98491931E-04, -6.75208867E-04) ( -9.87201929E-04, -1.17346644E-03)
   1.00000000      -2.00000000      -1.00000000     (  1.63912773E-03,  5.49480319E-04) (  1.02445483E-03,  6.33299351E-04) ( -4.05125320E-04, -7.17118382E-04)
   1.00000000      -1.00000000      -2.00000000     (  8.47503543E-04, -8.47503543E-04) (  1.29453838E-03, -5.72763383E-04) ( -2.18860805E-04, -1.36205927E-04)
   1.00000000      -1.00000000      -1.00000000     ( -1.02445483E-04,  1.86264515E-03) ( -1.42492354E-03,  9.03382897E-04) (  1.32247806E-03,  9.59262252E-04)
   2.00000000       0.00000000      -1.00000000     ( -5.07570803E-04, -3.02679837E-04) (  3.16649675E-04, -1.59488991E-04) ( -1.01514161E-03, -6.05359674E-04)
   2.00000000       1.00000000      -1.00000000     (  1.31549314E-04,  2.49128789E-04) ( -3.69618647E-05,  1.11758709E-04) (  2.28174031E-04,  6.10016286E-04)
   2.00000000      -1.00000000      -1.00000000     (  3.25962901E-04,  7.10133463E-05) (  1.35973096E-03, -1.21071935E-03) ( -7.03148544E-04,  1.35041773E-03)
