   0.00000000       0.00000000      -2.00000000     (  5.06639481E-03,  9.35979187E-04) ( -6.81728125E-03,  3.87430191E-03) (  0.00000000    ,  0.00000000    )
   0.00000000       0.00000000      -1.00000000     (  2.24448740E-03,  1.12503767E-02) (  2.62260437E-02, -1.01979822E-03) (  0.00000000    ,  0.00000000    )
   0.00000000       1.00000000      -2.00000000     ( -3.46917659E-04,  2.26311386E-03) (  1.82539225E-03, -7.40401447E-04) (  9.12696123E-04, -3.70200723E-04)
   0.00000000       1.00000000      -1.00000000     ( -6.83590770E-03,  1.39325857E-02) ( -6.98491931E-03, -5.15952706E-03) ( -6.98491931E-03, -5.15952706E-03)
   0.00000000       2.00000000      -1.00000000     ( -9.49949026E-04, -1.56462193E-03) ( -9.77888703E-04,  2.06055120E-04) ( -1.95577741E-03,  4.12110239E-04)
   0.00000000      -2.00000000      -1.00000000     ( -7.26431608E-04,  3.55765224E-03) ( -5.63450158E-04, -1.06170774E-03) (  1.12690032E-03,  2.12341547E-03)
   0.00000000      -1.00000000      -2.00000000     (  3.57627869E-03,  3.61353159E-03) ( -7.86967576E-04, -1.96509063E-03) (  3.93483788E-04,  9.82545316E-04)
   0.00000000      -1.00000000      -1.00000000     ( -1.64727680E-04, -1.65891834E-04) (  4.07919288E-03,  1.22934580E-03) ( -4.07919288E-03, -1.22934580E-03)
   1.00000000       0.00000000      -2.00000000     ( -1.40629709E-03, -6.79865479E-04) (  1.37835741E-03,  4.91738319E-03) ( -7.03148544E-04, -3.39932740E-04)
   1.00000000       0.00000000      -1.00000000     (  9.79751348E-03, -5.53205609E-03) ( -4.86150384E-03,  2.61515379E-02) (  9.79751348E-03, -5.53205609E-03)
   1.00000000       1.00000000      -2.00000000     (  1.85333192E-03,  2.18860805E-03) ( -4.58210707E-03,  3.09664756E-04) ( -1.36904418E-03,  1.24797225E-03)
   1.00000000       1.00000000      -1.00000000     ( -5.26197255E-04,  6.92903996E-03) ( -2.05822289E-03, -4.45172191E-03) ( -2.58907676E-03,  2.47731805E-03)
   1.00000000       2.00000000      -1.00000000     (  1.98371708E-03, -3.42261046E-04) ( -1.14552677E-03, -3.63215804E-04) ( -3.16649675E-04, -1.06636435E-03)
   1.00000000      -2.00000000      -1.00000000     ( -2.16532499E-04, -9.59262252E-04) ( -1.06520019E-04, -3.63215804E-04) ( -3.71073838E-06, -2.30502337E-04)
   1.00000000      -1.00000000      -2.00000000     ( -6.56582415E-04, -2.68220901E-03) ( -9.08039510E-04,  2.71946192E-03) (  1.25728548E-04, -2.70083547E-03)
   1.00000000      -1.00000000      -1.00000000     ( -2.93366611E-04,  5.00585884E-04) ( -6.65895641E-04, -1.72294676E-03) (  3.70200723E-04,  2.21654773E-03)
   2.00000000       0.00000000      -1.00000000     ( -1.40629709E-03,  1.85100362E-04) ( -4.14438546E-04, -1.40629709E-03) ( -2.81259418E-03,  3.70200723E-04)
   2.00000000       1.00000000      -1.00000000     (  1.31549314E-04, -3.21306288E-04) ( -2.62632966E-03, -5.72763383E-04) ( -2.36555934E-03, -1.21071935E-03)
   2.00000000      -1.00000000      -1.00000000     (  1.16415322E-03, -2.47964635E-04) (  1.07102096E-03,  1.35041773E-03) (  1.26659870E-03, -1.85333192E-03)
