   0.00000000       0.00000000       1.00000000     (  3.53902578E-03, -1.15483999E-02) (  2.90572643E-02, -6.63567334E-04) (  0.00000000    ,  0.00000000    )
   0.00000000       0.00000000       2.00000000     (  3.24100256E-03, -5.72763383E-04) ( -4.02331352E-03, -2.16066837E-03) (  0.00000000    ,  0.00000000    )
   0.00000000       1.00000000       0.00000000     (  3.74391675E-03, -3.53902578E-03) (  0.00000000    ,  0.00000000    ) (  1.52736902E-02, -1.15018338E-03)
   0.00000000       1.00000000       1.00000000     (  1.45751983E-03,  1.15018338E-03) (  3.94880772E-03, -1.19674951E-03) ( -3.94880772E-03,  1.19674951E-03)
   0.00000000       1.00000000       2.00000000     (  2.06753612E-03, -2.25380063E-03) ( -3.49245965E-04,  1.19209290E-03) (  1.74622983E-04, -5.96046448E-04)
   0.00000000       2.00000000       0.00000000     (  1.58324838E-03,  1.73225999E-03) (  0.00000000    ,  0.00000000    ) ( -7.33416528E-05,  1.16415322E-03)
   0.00000000       2.00000000       1.00000000     ( -1.78115442E-04, -2.01165676E-03) ( -1.76951289E-04,  4.61004674E-04) (  3.53902578E-04, -9.22009349E-04)
   0.00000000      -2.00000000       0.00000000     (  1.58324838E-03, -1.73225999E-03) (  0.00000000    ,  0.00000000    ) ( -7.33416528E-05, -1.16415322E-03)
   0.00000000      -2.00000000       1.00000000     ( -1.02445483E-03,  1.23865902E-03) ( -8.19563866E-04, -3.77185643E-04) ( -1.63912773E-03, -7.54371285E-04)
   0.00000000      -1.00000000       0.00000000     (  3.74391675E-03,  3.53902578E-03) (  0.00000000    ,  0.00000000    ) (  1.52736902E-02,  1.15018338E-03)
   0.00000000      -1.00000000       1.00000000     ( -6.70552254E-03, -1.59442425E-02) ( -7.65547156E-03,  4.82425094E-03) ( -7.65547156E-03,  4.82425094E-03)
   0.00000000      -1.00000000       2.00000000     (  1.60653144E-04, -1.36904418E-03) (  1.36904418E-03,  2.67755240E-04) (  6.84522092E-04,  1.33877620E-04)
   1.00000000       0.00000000       0.00000000     (  0.00000000    ,  0.00000000    ) ( -2.76416540E-02,  1.33365393E-02) (  1.47894025E-02, -4.00468707E-03)
   1.00000000       0.00000000       1.00000000     ( -2.03028321E-03, -8.24220479E-04) ( -4.47034836E-03, -1.28522515E-02) (  2.03028321E-03,  8.24220479E-04)
   1.00000000       0.00000000       2.00000000     ( -1.97440386E-03, -1.27591193E-03) (  3.32947820E-04,  8.75443220E-04) (  9.87201929E-04,  6.37955964E-04)
   1.00000000       1.00000000       0.00000000     (  3.11993062E-03,  2.43075192E-03) ( -3.11993062E-03, -2.43075192E-03) (  3.50177288E-03,  1.05425715E-02)
   1.00000000       1.00000000       1.00000000     ( -3.37604433E-05,  2.65426934E-04) ( -1.17346644E-03,  1.23865902E-03) (  1.21071935E-03, -1.49011612E-03)
   1.00000000       1.00000000       2.00000000     ( -2.06753612E-03,  2.60770321E-04) (  1.35041773E-03,  1.46217644E-03) (  3.56230885E-04, -8.56816769E-04)
   1.00000000       2.00000000       0.00000000     (  9.25501809E-05,  1.76951289E-03) ( -4.62750904E-05, -8.84756446E-04) ( -1.28522515E-03,  3.46917659E-04)
   1.00000000       2.00000000       1.00000000     (  1.16415322E-03,  1.01514161E-03) ( -4.88944352E-04, -3.46917659E-04) ( -1.86264515E-04, -3.21306288E-04)
   1.00000000      -2.00000000       0.00000000     (  6.79865479E-04,  7.17118382E-04) (  3.39932740E-04,  3.58559191E-04) ( -1.17346644E-03, -3.30619514E-04)
   1.00000000      -2.00000000       1.00000000     ( -1.32247806E-03,  2.14204192E-04) ( -5.02914190E-04,  4.74974513E-04) (  3.18977982E-04,  7.35744834E-04)
   1.00000000      -1.00000000       0.00000000     (  2.76602805E-03, -1.08964741E-03) (  2.76602805E-03, -1.08964741E-03) ( -5.45755029E-03,  1.69873238E-02)
   1.00000000      -1.00000000       1.00000000     (  2.32830644E-03,  1.78813934E-03) ( -1.18743628E-04, -2.84984708E-03) ( -2.44006515E-03, -4.65661287E-03)
   1.00000000      -1.00000000       2.00000000     ( -2.25380063E-03, -5.49480319E-04) (  6.33299351E-04,  2.93366611E-04) (  1.44354999E-03,  4.19095159E-04)
   2.00000000       0.00000000       0.00000000     (  0.00000000    ,  0.00000000    ) ( -3.72529030E-04,  2.32830644E-03) ( -8.66129994E-04, -9.68575478E-04)
   2.00000000       0.00000000       1.00000000     ( -3.32947820E-04,  2.86381692E-04) ( -1.34110451E-03, -5.96046448E-04) (  6.65895641E-04, -5.72763383E-04)
   2.00000000       1.00000000       0.00000000     ( -1.52504072E-04, -2.44472176E-04) (  3.05008143E-04,  4.88944352E-04) (  4.09781933E-04,  6.89178705E-04)
   2.00000000       1.00000000       1.00000000     ( -1.97906047E-04,  2.79396772E-05) ( -7.63684511E-04,  6.98491931E-04) (  1.16415322E-03, -7.54371285E-04)
   2.00000000      -1.00000000       0.00000000     ( -1.12690032E-03, -8.19563866E-04) ( -2.25380063E-03, -1.63912773E-03) (  1.02445483E-03,  1.69500709E-03)
   2.00000000      -1.00000000       1.00000000     (  3.77185643E-04, -1.42492354E-03) ( -5.72763383E-04, -1.62981451E-04) ( -1.33179128E-03,  2.68220901E-03)
