   0.00000000       0.00000000       1.00000000     (  2.44937837E-03, -1.12876296E-02) (  2.66730785E-02,  7.45058060E-04) (  0.00000000    ,  0.00000000    )
   0.00000000       0.00000000       2.00000000     (  4.69386578E-03, -8.56816769E-04) ( -6.25848770E-03, -3.53902578E-03) (  0.00000000    ,  0.00000000    )
   0.00000000       1.00000000       0.00000000     (  4.26545739E-03, -3.24100256E-03) (  0.00000000    ,  0.00000000    ) (  1.49011612E-02, -2.08616257E-03)
   0.00000000       1.00000000       1.00000000     (  1.14087015E-04,  3.28291208E-04) (  4.06056643E-03, -1.22468919E-03) ( -4.06056643E-03,  1.22468919E-03)
   0.00000000       1.00000000       2.00000000     (  3.27825546E-03, -3.35276127E-03) ( -6.75208867E-04,  1.82539225E-03) (  3.37604433E-04, -9.12696123E-04)
   0.00000000       2.00000000       0.00000000     (  1.62050128E-03,  3.27825546E-03) (  0.00000000    ,  0.00000000    ) ( -2.77068466E-04,  1.83470547E-03)
   0.00000000       2.00000000       1.00000000     ( -6.23986125E-04, -3.25962901E-03) ( -4.72646207E-04,  9.45292413E-04) (  9.45292413E-04, -1.89058483E-03)
   0.00000000      -2.00000000       0.00000000     (  1.62050128E-03, -3.27825546E-03) (  0.00000000    ,  0.00000000    ) ( -2.77068466E-04, -1.83470547E-03)
   0.00000000      -2.00000000       1.00000000     ( -1.01514161E-03,  1.52736902E-03) ( -9.59262252E-04, -2.47964635E-04) ( -1.91852450E-03, -4.95929271E-04)
   0.00000000      -1.00000000       0.00000000     (  4.26545739E-03,  3.24100256E-03) (  0.00000000    ,  0.00000000    ) (  1.49011612E-02,  2.08616257E-03)
   0.00000000      -1.00000000       1.00000000     ( -6.81728125E-03, -1.42306089E-02) ( -7.11530447E-03,  5.10364771E-03) ( -7.11530447E-03,  5.10364771E-03)
   0.00000000      -1.00000000       2.00000000     ( -2.28174031E-04, -2.09547579E-03) (  1.75088644E-03,  6.28642738E-04) (  8.75443220E-04,  3.14321369E-04)
   1.00000000       0.00000000       0.00000000     (  0.00000000    ,  0.00000000    ) ( -2.64495611E-02,  1.14738941E-02) (  1.44168735E-02, -4.20957804E-03)
   1.00000000       0.00000000       1.00000000     ( -1.79745257E-03, -1.14552677E-03) ( -2.82190740E-03, -1.13621354E-02) (  1.79745257E-03,  1.14552677E-03)
   1.00000000       0.00000000       2.00000000     ( -2.79396772E-03, -1.58324838E-03) (  1.60653144E-04,  1.27591193E-03) (  1.39698386E-03,  7.91624188E-04)
   1.00000000       1.00000000       0.00000000     (  2.69152224E-03,  1.94646418E-03) ( -2.69152224E-03, -1.94646418E-03) (  4.52622771E-03,  1.08033419E-02)
   1.00000000       1.00000000       1.00000000     ( -6.05359674E-04,  6.08270057E-05) ( -9.35979187E-04,  2.12341547E-03) (  1.53668225E-03, -2.17929482E-03)
   1.00000000       1.00000000       2.00000000     ( -2.62632966E-03,  4.35393304E-04) (  1.89989805E-03,  1.73225999E-03) (  3.60887498E-04, -1.08033419E-03)
   1.00000000       2.00000000       0.00000000     (  3.18977982E-04,  2.25380063E-03) ( -1.59488991E-04, -1.12690032E-03) ( -1.96509063E-03,  6.10016286E-04)
   1.00000000       2.00000000       1.00000000     (  1.89058483E-03,  1.29453838E-03) ( -6.70552254E-04, -4.63332981E-04) ( -5.58793545E-04, -3.65544111E-04)
   1.00000000      -2.00000000       0.00000000     (  8.61473382E-04,  8.10250640E-04) (  4.30736691E-04,  4.05125320E-04) ( -1.70432031E-03,  3.11993062E-04)
   1.00000000      -2.00000000       1.00000000     ( -1.59256160E-03,  3.53902578E-04) ( -4.56348062E-04,  6.42612576E-04) (  6.79865479E-04,  9.31322575E-04)
   1.00000000      -1.00000000       0.00000000     (  3.21306288E-03, -4.02797014E-04) (  3.21306288E-03, -4.02797014E-04) ( -4.86150384E-03,  1.37463212E-02)
   1.00000000      -1.00000000       1.00000000     (  2.58907676E-03,  2.60770321E-03) ( -2.54949555E-04, -3.81842256E-03) ( -2.83122063E-03, -6.40749931E-03)
   1.00000000      -1.00000000       2.00000000     ( -3.46451998E-03, -9.59262252E-04) (  1.12690032E-03,  3.05008143E-04) (  2.29105353E-03,  6.33299351E-04)
   2.00000000       0.00000000       0.00000000     (  0.00000000    ,  0.00000000    ) ( -8.89413059E-04,  3.16649675E-03) ( -1.01048499E-03, -1.45286322E-03)
   2.00000000       0.00000000       1.00000000     ( -5.28525561E-04,  5.05242497E-04) ( -2.00234354E-03, -1.23865902E-03) (  1.05705112E-03, -1.01048499E-03)
   2.00000000       1.00000000       0.00000000     ( -3.14321369E-04, -5.14555722E-04) (  6.28642738E-04,  1.02911144E-03) (  5.82076609E-04,  1.29453838E-03)
   2.00000000       1.00000000       1.00000000     ( -3.18977982E-04,  9.37143341E-05) ( -8.75443220E-04,  8.66129994E-04) (  1.50874257E-03, -1.05239451E-03)
   2.00000000      -1.00000000       0.00000000     ( -1.71363354E-03, -1.09896064E-03) ( -3.42726707E-03, -2.19792128E-03) (  1.38767064E-03,  3.11061740E-03)
   2.00000000      -1.00000000       1.00000000     (  8.24220479E-04, -1.75088644E-03) ( -7.77654350E-04,  6.98491931E-05) ( -2.42143869E-03,  3.55765224E-03)
