   0.00000000       0.00000000      -2.00000000     (  1.87195837E-03,  3.18512321E-03) ( -2.17929482E-03,  1.43190846E-04) (  0.00000000    ,  0.00000000    )
   0.00000000       0.00000000      -1.00000000     (  2.72691250E-02, -1.11013651E-02) (  1.45286322E-02,  3.27080488E-02) (  0.00000000    ,  0.00000000    )
   0.00000000       1.00000000      -2.00000000     (  2.37487257E-04,  1.45286322E-03) (  6.05359674E-04,  1.62981451E-03) (  3.02679837E-04,  8.14907253E-04)
   0.00000000       1.00000000      -1.00000000     (  1.60187483E-02,  2.00420618E-02) (  7.70669430E-04,  1.00117177E-03) (  7.70669430E-04,  1.00117177E-03)
   0.00000000       2.00000000      -1.00000000     ( -6.14672899E-03, -1.66706741E-03) ( -1.15483999E-03, -8.70786607E-04) ( -2.30967999E-03, -1.74157321E-03)
   0.00000000      -2.00000000      -1.00000000     (  1.23865902E-03, -3.03611159E-03) ( -1.19209290E-03,  6.47269189E-04) (  2.38418579E-03, -1.29453838E-03)
   0.00000000      -1.00000000      -2.00000000     ( -3.52039933E-03, -1.22003257E-03) ( -1.08964741E-03, -1.17579475E-04) (  5.44823706E-04,  5.87897375E-05)
   0.00000000      -1.00000000      -1.00000000     (  6.01634383E-03,  4.36790287E-03) (  2.61701643E-03,  1.07288361E-02) ( -2.61701643E-03, -1.07288361E-02)
   1.00000000       0.00000000      -2.00000000     ( -1.23865902E-03,  2.68220901E-03) ( -2.30967999E-03,  3.52039933E-03) ( -6.19329512E-04,  1.34110451E-03)
   1.00000000       0.00000000      -1.00000000     (  5.27128577E-03, -5.28234523E-05) (  1.52504072E-04, -2.76602805E-03) (  5.27128577E-03, -5.28234523E-05)
   1.00000000       1.00000000      -2.00000000     ( -2.84984708E-03,  9.49949026E-04) (  2.30967999E-03, -2.88709998E-03) ( -2.67755240E-04, -9.77888703E-04)
   1.00000000       1.00000000      -1.00000000     ( -3.29688191E-03, -1.21071935E-03) (  2.92435288E-03,  6.37955964E-04) ( -3.79513949E-04, -5.68106771E-04)
   1.00000000       2.00000000      -1.00000000     ( -5.82076609E-04,  9.77888703E-04) ( -4.02797014E-04,  1.22003257E-03) ( -1.38767064E-03,  3.40864062E-03)
   1.00000000      -2.00000000      -1.00000000     (  1.94413587E-04, -4.21423465E-04) (  1.03376806E-03,  3.49245965E-04) ( -1.87195837E-03, -1.11758709E-03)
   1.00000000      -1.00000000      -2.00000000     ( -8.00937414E-04, -1.93715096E-03) ( -4.79631126E-04, -1.39698386E-03) ( -1.60653144E-04, -2.70083547E-04)
   1.00000000      -1.00000000      -1.00000000     ( -1.00582838E-03,  4.23751771E-04) ( -2.19792128E-03,  4.00468707E-04) (  1.20140612E-03,  2.28465069E-05)
   2.00000000       0.00000000      -1.00000000     ( -9.35979187E-04, -5.86733222E-04) ( -2.36555934E-03,  3.56230885E-04) ( -1.87195837E-03, -1.17346644E-03)
   2.00000000       1.00000000      -1.00000000     ( -2.70083547E-04,  7.50878826E-05) (  7.68341124E-04, -9.03382897E-04) (  2.29338184E-04, -7.54371285E-04)
   2.00000000      -1.00000000      -1.00000000     ( -1.54832378E-04, -4.81959432E-04) (  2.56113708E-04, -2.71946192E-03) ( -5.68106771E-04,  1.75088644E-03)
