   0.00000000       0.00000000       1.00000000     (  2.30967999E-02,  1.13993883E-02) (  1.77882612E-03, -2.39908695E-02) (  0.00000000    ,  0.00000000    )
   0.00000000       0.00000000       2.00000000     (  6.79865479E-03, -4.78699803E-03) (  7.45058060E-04,  1.49477273E-03) (  0.00000000    ,  0.00000000    )
   0.00000000       1.00000000       0.00000000     ( -3.39001417E-03,  1.12131238E-02) (  0.00000000    ,  0.00000000    ) (  1.83470547E-03, -2.06753612E-03)
   0.00000000       1.00000000       1.00000000     (  3.09199095E-03, -4.20957804E-03) (  6.33299351E-03, -7.50645995E-03) ( -6.33299351E-03,  7.50645995E-03)
   0.00000000       1.00000000       2.00000000     ( -7.67409801E-03, -6.82193786E-04) ( -6.78002834E-03,  5.63450158E-04) (  3.39001417E-03, -2.81725079E-04)
   0.00000000       2.00000000       0.00000000     ( -1.12224370E-03, -6.92903996E-03) (  0.00000000    ,  0.00000000    ) ( -5.69969416E-03,  3.24798748E-04)
   0.00000000       2.00000000       1.00000000     (  4.93600965E-03,  2.70083547E-03) ( -1.81142241E-03, -2.51457095E-03) (  3.62284482E-03,  5.02914190E-03)
   0.00000000      -2.00000000       0.00000000     ( -1.12224370E-03,  6.92903996E-03) (  0.00000000    ,  0.00000000    ) ( -5.69969416E-03, -3.24798748E-04)
   0.00000000      -2.00000000       1.00000000     ( -9.72300768E-03, -1.44820660E-03) ( -1.50408596E-03,  1.25262886E-03) ( -3.00817192E-03,  2.50525773E-03)
   0.00000000      -1.00000000       0.00000000     ( -3.39001417E-03, -1.12131238E-02) (  0.00000000    ,  0.00000000    ) (  1.83470547E-03,  2.06753612E-03)
   0.00000000      -1.00000000       1.00000000     (  1.12876296E-02, -1.37090683E-02) ( -2.09547579E-03, -2.33761966E-03) ( -2.09547579E-03, -2.33761966E-03)
   0.00000000      -1.00000000       2.00000000     ( -2.42143869E-03, -1.41095370E-03) (  7.45058060E-04,  2.72877514E-03) (  3.72529030E-04,  1.36438757E-03)
   1.00000000       0.00000000       0.00000000     (  0.00000000    ,  0.00000000    ) ( -1.92224979E-02,  5.47617674E-03) (  2.45869160E-02,  2.02655792E-02)
   1.00000000       0.00000000       1.00000000     (  2.44006515E-03, -3.94880772E-03) ( -2.53319740E-02,  1.54227018E-02) ( -2.44006515E-03,  3.94880772E-03)
   1.00000000       0.00000000       2.00000000     (  1.05472282E-03,  2.69152224E-03) (  5.92321157E-03,  4.60073352E-03) ( -5.27361408E-04, -1.34576112E-03)
   1.00000000       1.00000000       0.00000000     (  5.30853868E-03,  1.69966370E-03) ( -5.30853868E-03, -1.69966370E-03) ( -7.18981028E-03,  3.42726707E-03)
   1.00000000       1.00000000       1.00000000     ( -3.70666385E-03,  6.63567334E-04) (  2.65426934E-03, -4.02797014E-04) (  1.05239451E-03, -2.60188244E-04)
   1.00000000       1.00000000       2.00000000     ( -2.13272870E-03, -2.76602805E-03) ( -5.25265932E-03, -3.23168933E-03) (  3.69735062E-03,  2.99885869E-03)
   1.00000000       2.00000000       0.00000000     ( -2.05356628E-03,  5.97909093E-03) (  1.02678314E-03, -2.98954546E-03) ( -1.05705112E-03,  9.38773155E-03)
   1.00000000       2.00000000       1.00000000     (  7.07805157E-03,  2.77534127E-03) ( -2.88709998E-03, -2.56113708E-03) ( -1.30385160E-03,  2.34693289E-03)
   1.00000000      -2.00000000       0.00000000     ( -1.37952156E-04, -2.59838998E-03) ( -6.89760782E-05, -1.29919499E-03) ( -1.83004886E-03,  1.62515789E-03)
   1.00000000      -2.00000000       1.00000000     ( -2.19792128E-03,  6.82193786E-04) ( -2.29105353E-03,  1.44354999E-03) ( -2.38418579E-03,  2.20257789E-03)
   1.00000000      -1.00000000       0.00000000     ( -5.90458512E-03, -5.15952706E-03) ( -5.90458512E-03, -5.15952706E-03) ( -4.39584255E-03,  4.60073352E-03)
   1.00000000      -1.00000000       1.00000000     (  6.87316060E-03,  8.67992640E-03) (  9.35979187E-04,  7.52508640E-03) ( -5.94183803E-03, -1.16415322E-03)
   1.00000000      -1.00000000       2.00000000     (  4.31202352E-03,  6.42612576E-03) (  7.04079866E-03,  2.93366611E-03) (  1.36904418E-03, -1.74622983E-03)
   2.00000000       0.00000000       0.00000000     (  0.00000000    ,  0.00000000    ) (  1.13248825E-02, -6.16535544E-03) ( -4.52622771E-03,  3.88361514E-03)
   2.00000000       0.00000000       1.00000000     ( -4.38652933E-03, -1.35041773E-03) (  3.25031579E-03,  1.11758709E-02) (  8.77305865E-03,  2.70083547E-03)
   2.00000000       1.00000000       0.00000000     ( -2.32830644E-03,  8.40518624E-04) (  4.65661287E-03, -1.68103725E-03) ( -9.82545316E-04, -8.13975930E-03)
   2.00000000       1.00000000       1.00000000     (  1.96974725E-03,  4.51691449E-03) ( -5.06639481E-03, -7.72997737E-03) (  1.11758709E-03, -1.30385160E-03)
   2.00000000      -1.00000000       0.00000000     (  1.65309757E-03, -4.70026862E-05) (  3.30619514E-03, -9.40053724E-05) (  3.16649675E-04,  1.79279596E-03)
   2.00000000      -1.00000000       1.00000000     ( -3.83704901E-03,  6.61239028E-04) ( -3.25031579E-03, -2.07219273E-03) (  4.41446900E-03, -3.39932740E-03)
