   0.00000000       0.00000000       1.00000000     (  2.31713057E-02,  1.18091702E-02) ( -4.03961167E-04, -2.26497650E-02) (  0.00000000    ,  0.00000000    )
   0.00000000       0.00000000       2.00000000     (  6.66826963E-03, -3.72529030E-03) (  2.15601176E-03,  1.49942935E-03) (  0.00000000    ,  0.00000000    )
   0.00000000       1.00000000       0.00000000     ( -2.14204192E-03,  1.18464231E-02) (  0.00000000    ,  0.00000000    ) (  2.11410224E-03, -2.93366611E-03)
   0.00000000       1.00000000       1.00000000     (  3.31550837E-03, -3.33413482E-03) (  7.00354576E-03, -7.05942512E-03) ( -7.00354576E-03,  7.05942512E-03)
   0.00000000       1.00000000       2.00000000     ( -7.17118382E-03, -1.01746991E-03) ( -7.04079866E-03,  4.91272658E-04) (  3.52039933E-03, -2.45636329E-04)
   0.00000000       2.00000000       0.00000000     ( -9.72067937E-05, -6.18398190E-03) (  0.00000000    ,  0.00000000    ) ( -4.29339707E-03,  4.98257577E-04)
   0.00000000       2.00000000       1.00000000     (  6.22123480E-03,  6.40284270E-04) ( -1.11758709E-03, -2.41212547E-03) (  2.23517418E-03,  4.82425094E-03)
   0.00000000      -2.00000000       0.00000000     ( -9.72067937E-05,  6.18398190E-03) (  0.00000000    ,  0.00000000    ) ( -4.29339707E-03, -4.98257577E-04)
   0.00000000      -2.00000000       1.00000000     ( -9.12696123E-03, -3.47383320E-03) ( -1.88127160E-03,  9.31322575E-04) ( -3.76254320E-03,  1.86264515E-03)
   0.00000000      -1.00000000       0.00000000     ( -2.14204192E-03, -1.18464231E-02) (  0.00000000    ,  0.00000000    ) (  2.11410224E-03,  2.93366611E-03)
   0.00000000      -1.00000000       1.00000000     (  9.87201929E-03, -1.25914812E-02) ( -2.59838998E-03, -2.71946192E-03) ( -2.59838998E-03, -2.71946192E-03)
   0.00000000      -1.00000000       2.00000000     ( -4.32133675E-03,  2.73576006E-04) (  3.86498868E-04,  3.83704901E-03) (  1.93249434E-04,  1.91852450E-03)
   1.00000000       0.00000000       0.00000000     (  0.00000000    ,  0.00000000    ) ( -2.11596489E-02,  5.19677997E-03) (  2.36928463E-02,  1.97440386E-02)
   1.00000000       0.00000000       1.00000000     (  1.58324838E-03, -4.41446900E-03) ( -2.48849392E-02,  1.57952309E-02) ( -1.58324838E-03,  4.41446900E-03)
   1.00000000       0.00000000       2.00000000     (  1.05472282E-03,  2.00700015E-03) (  4.82425094E-03,  5.53205609E-03) ( -5.27361408E-04, -1.00350007E-03)
   1.00000000       1.00000000       0.00000000     (  5.23403287E-03,  7.33416528E-04) ( -5.23403287E-03, -7.33416528E-04) ( -6.53788447E-03,  2.78465450E-03)
   1.00000000       1.00000000       1.00000000     ( -3.05473804E-03,  1.22468919E-03) (  2.11410224E-03, -7.03148544E-04) (  9.42964107E-04, -5.22704795E-04)
   1.00000000       1.00000000       2.00000000     ( -2.22586095E-03, -2.33761966E-03) ( -4.11644578E-03, -3.96743417E-03) (  3.17580998E-03,  3.15718353E-03)
   1.00000000       2.00000000       0.00000000     ( -1.68569386E-03,  5.08502126E-03) (  8.42846930E-04, -2.54251063E-03) ( -1.94413587E-04,  9.38773155E-03)
   1.00000000       2.00000000       1.00000000     (  6.22123480E-03,  2.78465450E-03) ( -2.00234354E-03, -2.03028321E-03) ( -2.20723450E-03,  1.26659870E-03)
   1.00000000      -2.00000000       0.00000000     ( -6.44940883E-04, -7.45058060E-04) ( -3.22470441E-04, -3.72529030E-04) ( -2.93366611E-03,  4.09781933E-04)
   1.00000000      -2.00000000       1.00000000     ( -1.98371708E-03,  8.33533704E-04) ( -1.80676579E-03,  1.51805580E-03) ( -1.62981451E-03,  2.19792128E-03)
   1.00000000      -1.00000000       0.00000000     ( -5.38304448E-03, -3.38070095E-03) ( -5.38304448E-03, -3.38070095E-03) ( -4.33996320E-03,  4.30271029E-03)
   1.00000000      -1.00000000       1.00000000     (  8.23289156E-03,  7.93486834E-03) (  2.15135515E-03,  7.35744834E-03) ( -6.07222319E-03, -5.89061528E-04)
   1.00000000      -1.00000000       2.00000000     (  3.35276127E-03,  5.75557351E-03) (  5.04776835E-03,  1.44820660E-03) (  8.49831849E-04, -2.15601176E-03)
   2.00000000       0.00000000       0.00000000     (  0.00000000    ,  0.00000000    ) (  1.11758709E-02, -6.44475222E-03) ( -3.29688191E-03,  4.31202352E-03)
   2.00000000       0.00000000       1.00000000     ( -4.43309546E-03, -1.19907781E-04) (  3.79048288E-03,  1.09523535E-02) (  8.86619091E-03,  2.39815563E-04)
   2.00000000       1.00000000       0.00000000     ( -1.83004886E-03,  4.43542376E-04) (  3.66009772E-03, -8.87084752E-04) ( -1.58790499E-03, -5.88595867E-03)
   2.00000000       1.00000000       1.00000000     (  2.30967999E-03,  4.58210707E-03) ( -5.15952706E-03, -8.10250640E-03) (  5.40167093E-04, -1.04773790E-03)
   2.00000000      -1.00000000       0.00000000     (  1.14087015E-03, -8.66129994E-04) (  2.28174031E-03, -1.73225999E-03) (  6.26314431E-04,  2.19792128E-03)
   2.00000000      -1.00000000       1.00000000     ( -4.08850610E-03,  4.36557457E-04) ( -4.02331352E-03, -1.62050128E-03) (  4.15369868E-03, -2.49594450E-03)
