   0.00000000       0.00000000       1.00000000     (  1.64285302E-02, -3.29688191E-03) (  3.77744436E-02, -1.81794167E-02) (  0.00000000    ,  0.00000000    )
   0.00000000       0.00000000       2.00000000     (  7.82310963E-04, -1.06170774E-03) ( -9.87201929E-04,  1.30385160E-04) (  0.00000000    ,  0.00000000    )
   0.00000000       1.00000000       0.00000000     ( -8.75443220E-03, -2.91503966E-03) (  0.00000000    ,  0.00000000    ) (  9.08970833E-03,  1.29640102E-02)
   0.00000000       1.00000000       1.00000000     (  8.58679414E-03,  1.05053186E-02) ( -1.52736902E-03, -2.23517418E-03) (  1.52736902E-03,  2.23517418E-03)
   0.00000000       1.00000000       2.00000000     ( -2.51457095E-04, -4.56348062E-04) ( -3.63215804E-04,  1.58324838E-04) (  1.81607902E-04, -7.91624188E-05)
   0.00000000       2.00000000       0.00000000     (  2.46800482E-04,  1.09896064E-03) (  0.00000000    ,  0.00000000    ) ( -1.41561031E-03,  5.58793545E-04)
   0.00000000       2.00000000       1.00000000     (  1.17346644E-03, -3.72529030E-04) ( -3.53902578E-04, -2.32830644E-05) (  7.07805157E-04,  4.65661287E-05)
   0.00000000      -2.00000000       0.00000000     (  2.46800482E-04, -1.09896064E-03) (  0.00000000    ,  0.00000000    ) ( -1.41561031E-03, -5.58793545E-04)
   0.00000000      -2.00000000       1.00000000     ( -4.19095159E-04, -1.86264515E-04) (  5.09317033E-06, -4.37721610E-04) (  1.01863407E-05, -8.75443220E-04)
   0.00000000      -1.00000000       0.00000000     ( -8.75443220E-03,  2.91503966E-03) (  0.00000000    ,  0.00000000    ) (  9.08970833E-03, -1.29640102E-02)
   0.00000000      -1.00000000       1.00000000     ( -3.87430191E-03, -3.03238630E-02) ( -7.20843673E-03,  2.14669853E-03) ( -7.20843673E-03,  2.14669853E-03)
   0.00000000      -1.00000000       2.00000000     (  6.51925802E-04, -2.44472176E-05) ( -6.51925802E-05, -3.81842256E-04) ( -3.25962901E-05, -1.90921128E-04)
   1.00000000       0.00000000       0.00000000     (  0.00000000    ,  0.00000000    ) ( -2.22772360E-02,  1.95577741E-02) (  2.25007534E-02,  8.40052962E-03)
   1.00000000       0.00000000       1.00000000     ( -3.32482159E-03, -3.45753506E-04) ( -2.25007534E-02, -1.18836761E-02) (  3.32482159E-03,  3.45753506E-04)
   1.00000000       0.00000000       2.00000000     ( -7.63684511E-04,  1.65309757E-04) (  5.02914190E-04,  5.12227416E-04) (  3.81842256E-04, -8.26548785E-05)
   1.00000000       1.00000000       0.00000000     (  9.74978320E-05,  2.68220901E-03) ( -9.74978320E-05, -2.68220901E-03) ( -9.08970833E-03,  1.16974115E-02)
   1.00000000       1.00000000       1.00000000     (  3.44589353E-04,  1.74622983E-05) ( -1.32247806E-03, -7.45058060E-05) (  9.68575478E-04,  5.82076609E-05)
   1.00000000       1.00000000       2.00000000     ( -1.45286322E-03,  9.54605639E-05) (  2.51457095E-04,  6.89178705E-04) (  6.05359674E-04, -3.91155481E-04)
   1.00000000       2.00000000       0.00000000     (  6.89178705E-04, -2.28174031E-04) ( -3.44589353E-04,  1.14087015E-04) ( -3.21306288E-04,  7.82310963E-04)
   1.00000000       2.00000000       1.00000000     (  1.23400241E-04,  3.07336450E-04) ( -4.09781933E-04,  1.18743628E-04) (  7.07805157E-04, -5.49480319E-04)
   1.00000000      -2.00000000       0.00000000     ( -6.51925802E-04,  2.15368345E-05) ( -3.25962901E-04,  1.07684173E-05) ( -6.05359674E-04, -9.12696123E-04)
   1.00000000      -2.00000000       1.00000000     ( -6.61239028E-04, -3.91155481E-04) ( -1.67638063E-04, -2.84053385E-04) (  3.21306288E-04, -1.72294676E-04)
   1.00000000      -1.00000000       0.00000000     ( -2.93366611E-04, -6.72414899E-03) ( -2.93366611E-04, -6.72414899E-03) ( -1.00955367E-02,  3.01003456E-02)
   1.00000000      -1.00000000       1.00000000     (  1.49011612E-03,  5.30853868E-04) ( -1.62981451E-04, -1.37835741E-03) ( -1.63912773E-03, -1.89989805E-03)
   1.00000000      -1.00000000       2.00000000     ( -9.31322575E-04,  6.14672899E-04) ( -6.70552254E-04,  6.23986125E-04) (  1.25728548E-04,  6.40284270E-06)
   2.00000000       0.00000000       0.00000000     (  0.00000000    ,  0.00000000    ) (  5.77419996E-04,  1.45286322E-03) ( -3.63215804E-04,  6.89178705E-04)
   2.00000000       0.00000000       1.00000000     (  3.25962901E-05, -2.00234354E-04) (  4.09781933E-04,  7.26431608E-04) ( -6.51925802E-05,  4.00468707E-04)
   2.00000000       1.00000000       0.00000000     (  2.98023224E-04,  4.56348062E-04) ( -5.96046448E-04, -9.12696123E-04) ( -6.42612576E-04,  1.19209290E-03)
   2.00000000       1.00000000       1.00000000     (  2.98023224E-04, -1.33877620E-05) ( -5.58793545E-04, -3.11993062E-04) ( -4.01632860E-05,  3.35276127E-04)
   2.00000000      -1.00000000       0.00000000     ( -2.04890966E-04,  9.77888703E-05) ( -4.09781933E-04,  1.95577741E-04) ( -5.40167093E-04, -1.42026693E-04)
   2.00000000      -1.00000000       1.00000000     ( -3.07336450E-04, -2.00234354E-04) ( -9.68575478E-04, -3.02679837E-04) ( -3.53902578E-04,  9.31322575E-05)
