   0.00000000       0.00000000       1.00000000     (  1.76206231E-02, -5.82076609E-04) (  3.44961882E-02, -2.06381083E-02) (  0.00000000    ,  0.00000000    )
   0.00000000       0.00000000       2.00000000     (  1.30385160E-03, -2.66358256E-03) ( -2.16066837E-03,  2.76486389E-05) (  0.00000000    ,  0.00000000    )
   0.00000000       1.00000000       0.00000000     ( -1.17719173E-02, -1.83004886E-03) (  0.00000000    ,  0.00000000    ) (  6.94766641E-03,  1.40070915E-02)
   0.00000000       1.00000000       1.00000000     (  7.91624188E-03,  1.00955367E-02) ( -2.31433660E-03, -3.09199095E-03) (  2.31433660E-03,  3.09199095E-03)
   0.00000000       1.00000000       2.00000000     ( -1.04308128E-03, -9.31322575E-04) ( -9.31322575E-04,  2.28174031E-04) (  4.65661287E-04, -1.14087015E-04)
   0.00000000       2.00000000       0.00000000     (  7.35744834E-04,  2.77534127E-03) (  0.00000000    ,  0.00000000    ) ( -3.31550837E-03,  2.08616257E-03)
   0.00000000       2.00000000       1.00000000     (  2.17929482E-03, -9.31322575E-04) ( -7.45058060E-04,  2.18860805E-04) (  1.49011612E-03, -4.37721610E-04)
   0.00000000      -2.00000000       0.00000000     (  7.35744834E-04, -2.77534127E-03) (  0.00000000    ,  0.00000000    ) ( -3.31550837E-03, -2.08616257E-03)
   0.00000000      -2.00000000       1.00000000     ( -1.69500709E-03, -2.77068466E-04) (  1.60653144E-04, -7.31088221E-04) (  3.21306288E-04, -1.46217644E-03)
   0.00000000      -1.00000000       0.00000000     ( -1.17719173E-02,  1.83004886E-03) (  0.00000000    ,  0.00000000    ) (  6.94766641E-03, -1.40070915E-02)
   0.00000000      -1.00000000       1.00000000     ( -2.19326466E-03, -2.96533108E-02) ( -5.71832061E-03,  2.42143869E-03) ( -5.71832061E-03,  2.42143869E-03)
   0.00000000      -1.00000000       2.00000000     (  1.18277967E-03, -1.05501385E-06) ( -6.89178705E-04, -8.84756446E-04) ( -3.44589353E-04, -4.42378223E-04)
   1.00000000       0.00000000       0.00000000     (  0.00000000    ,  0.00000000    ) ( -1.82166696E-02,  1.74716115E-02) (  2.42888927E-02,  1.15483999E-02)
   1.00000000       0.00000000       1.00000000     ( -2.03493983E-03, -1.49942935E-03) ( -2.46614218E-02, -8.19563866E-03) (  2.03493983E-03,  1.49942935E-03)
   1.00000000       0.00000000       2.00000000     ( -1.23865902E-03,  1.15483999E-03) (  9.87201929E-04,  1.23865902E-03) (  6.19329512E-04, -5.77419996E-04)
   1.00000000       1.00000000       0.00000000     (  3.46917659E-04,  1.83936208E-03) ( -3.46917659E-04, -1.83936208E-03) ( -9.76026058E-03,  1.15856528E-02)
   1.00000000       1.00000000       1.00000000     (  1.00582838E-03, -5.16884029E-04) ( -2.77534127E-03, -1.51339918E-04) (  1.76951289E-03,  6.65895641E-04)
   1.00000000       1.00000000       2.00000000     ( -2.40281224E-03, -8.20728019E-05) (  3.77185643E-04,  1.23865902E-03) (  1.01514161E-03, -5.77419996E-04)
   1.00000000       2.00000000       0.00000000     (  1.52736902E-03, -3.60887498E-04) ( -7.63684511E-04,  1.80443749E-04) (  2.95694917E-04,  1.84401870E-03)
   1.00000000       2.00000000       1.00000000     (  1.02445483E-03,  1.05239451E-03) ( -1.06170774E-03, -4.10364009E-05) (  1.09896064E-03, -9.68575478E-04)
   1.00000000      -2.00000000       0.00000000     ( -1.52736902E-03, -3.28291208E-04) ( -7.63684511E-04, -1.64145604E-04) ( -1.35041773E-03, -1.91852450E-03)
   1.00000000      -2.00000000       1.00000000     ( -1.08964741E-03, -2.49128789E-04) ( -3.58559191E-04, -1.58324838E-04) (  3.77185643E-04, -6.81029633E-05)
   1.00000000      -1.00000000       0.00000000     ( -5.82076609E-04, -7.97212124E-03) ( -5.82076609E-04, -7.97212124E-03) ( -1.07660890E-02,  2.63005495E-02)
   1.00000000      -1.00000000       1.00000000     (  2.83122063E-03,  9.12696123E-04) ( -5.63450158E-04, -3.20374966E-03) ( -3.39001417E-03, -4.09781933E-03)
   1.00000000      -1.00000000       2.00000000     ( -2.38418579E-03,  2.12341547E-03) ( -1.26659870E-03,  1.39698386E-03) (  5.58793545E-04, -3.58559191E-04)
   2.00000000       0.00000000       0.00000000     (  0.00000000    ,  0.00000000    ) (  1.58324838E-03,  3.39001417E-03) ( -7.35744834E-04,  2.10478902E-03)
   2.00000000       0.00000000       1.00000000     (  3.56230885E-04, -8.19563866E-04) (  9.68575478E-04,  1.78813934E-03) ( -7.12461770E-04,  1.63912773E-03)
   2.00000000       1.00000000       0.00000000     (  3.16649675E-04,  1.25728548E-03) ( -6.33299351E-04, -2.51457095E-03) ( -1.73225999E-03,  2.90572643E-03)
   2.00000000       1.00000000       1.00000000     (  7.54371285E-04,  2.91038305E-04) ( -6.14672899E-04, -1.76951289E-03) ( -8.94069672E-04,  1.20140612E-03)
   2.00000000      -1.00000000       0.00000000     ( -5.54136932E-04,  4.88944352E-04) ( -1.10827386E-03,  9.77888703E-04) ( -1.09896064E-03, -1.08266249E-04)
   2.00000000      -1.00000000       1.00000000     ( -8.66129994E-04,  5.63886715E-06) ( -2.64495611E-03, -2.63098627E-04) ( -9.12696123E-04, -2.74740160E-04)
