   0.00000000       0.00000000      -2.00000000     (  4.37721610E-03,  4.69386578E-03) ( -2.35624611E-03, -6.96163625E-04) (  0.00000000    ,  0.00000000    )
   0.00000000       0.00000000      -1.00000000     (  2.47359276E-02, -1.10641122E-02) (  8.41915607E-03,  2.86102295E-02) (  0.00000000    ,  0.00000000    )
   0.00000000       1.00000000      -2.00000000     (  3.79513949E-04,  2.84053385E-03) (  6.21657819E-04,  1.42026693E-03) (  3.10828909E-04,  7.10133463E-04)
   0.00000000       1.00000000      -1.00000000     (  1.47521496E-02,  1.68755651E-02) ( -3.27127054E-04,  1.76485628E-03) ( -3.27127054E-04,  1.76485628E-03)
   0.00000000       2.00000000      -1.00000000     ( -9.16421413E-03, -2.05822289E-03) ( -1.48080289E-03, -1.34576112E-03) ( -2.96160579E-03, -2.69152224E-03)
   0.00000000      -2.00000000      -1.00000000     (  1.90921128E-03, -4.67523932E-03) ( -2.13272870E-03,  1.41561031E-03) (  4.26545739E-03, -2.83122063E-03)
   0.00000000      -1.00000000      -2.00000000     ( -5.81145287E-03, -9.77888703E-04) ( -2.95229256E-03, -1.10012479E-04) (  1.47614628E-03,  5.50062396E-05)
   0.00000000      -1.00000000      -1.00000000     (  4.13507223E-03,  5.21540642E-03) (  4.22820449E-03,  9.23871994E-03) ( -4.22820449E-03, -9.23871994E-03)
   1.00000000       0.00000000      -2.00000000     ( -5.49480319E-04,  4.52622771E-03) ( -3.98606062E-03,  6.46337867E-03) ( -2.74740160E-04,  2.26311386E-03)
   1.00000000       0.00000000      -1.00000000     (  3.79979610E-03,  2.64262781E-04) (  3.74391675E-03, -1.87195837E-03) (  3.79979610E-03,  2.64262781E-04)
   1.00000000       1.00000000      -2.00000000     ( -4.65661287E-03, -3.83006409E-04) (  4.99188900E-03, -4.33996320E-03) (  1.67055987E-04, -2.35624611E-03)
   1.00000000       1.00000000      -1.00000000     ( -6.48200512E-03, -2.65426934E-03) (  5.49480319E-03,  5.26197255E-04) ( -9.87201929E-04, -2.13272870E-03)
   1.00000000       2.00000000      -1.00000000     ( -2.14204192E-03,  1.26659870E-03) ( -2.13040039E-04,  1.82539225E-03) ( -2.57045031E-03,  4.89875674E-03)
   1.00000000      -2.00000000      -1.00000000     ( -2.75904313E-04, -1.28522515E-03) (  1.23865902E-03, -7.24103302E-04) ( -2.75671482E-03,  1.62399374E-04)
   1.00000000      -1.00000000      -2.00000000     ( -1.43889338E-03, -2.49594450E-03) (  2.56113708E-04, -2.11410224E-03) ( -8.47503543E-04, -1.89756975E-04)
   1.00000000      -1.00000000      -1.00000000     ( -1.80676579E-03,  3.71364877E-04) ( -4.09781933E-03,  6.37955964E-04) (  2.30036676E-03, -2.66591087E-04)
   2.00000000       0.00000000      -1.00000000     ( -1.72294676E-03, -6.77537173E-04) ( -6.46337867E-03,  1.51339918E-03) ( -3.44589353E-03, -1.35507435E-03)
   2.00000000       1.00000000      -1.00000000     ( -8.11269274E-06,  9.73232090E-04) (  9.45292413E-04, -2.31899321E-03) (  9.26665962E-04, -3.73693183E-04)
   2.00000000      -1.00000000      -1.00000000     (  4.56348062E-04, -1.49011612E-03) (  1.28056854E-03, -4.26545739E-03) ( -3.64379957E-04,  1.27591193E-03)
