   0.00000000       0.00000000       1.00000000     (  1.36345625E-02, -9.25734639E-03) (  4.23192978E-02, -1.28895044E-02) (  0.00000000    ,  0.00000000    )
   0.00000000       0.00000000       2.00000000     (  0.00000000    ,  0.00000000    ) (  0.00000000    ,  0.00000000    ) (  0.00000000    ,  0.00000000    )
   0.00000000       1.00000000       0.00000000     ( -2.86847353E-03, -4.40515578E-03) (  0.00000000    ,  0.00000000    ) (  1.37090683E-02,  8.77305865E-03)
   0.00000000       1.00000000       1.00000000     (  9.07108188E-03,  8.25151801E-03) (  1.00815669E-03, -1.45286322E-03) ( -1.00815669E-03,  1.45286322E-03)
   0.00000000       1.00000000       2.00000000     (  0.00000000    ,  0.00000000    ) (  0.00000000    ,  0.00000000    ) (  0.00000000    ,  0.00000000    )
   0.00000000       2.00000000       0.00000000     (  0.00000000    ,  0.00000000    ) (  0.00000000    ,  0.00000000    ) (  0.00000000    ,  0.00000000    )
   0.00000000       2.00000000       1.00000000     (  0.00000000    ,  0.00000000    ) (  0.00000000    ,  0.00000000    ) (  0.00000000    ,  0.00000000    )
   0.00000000      -2.00000000       0.00000000     (  0.00000000    ,  0.00000000    ) (  0.00000000    ,  0.00000000    ) (  0.00000000    ,  0.00000000    )
   0.00000000      -2.00000000       1.00000000     (  0.00000000    ,  0.00000000    ) (  0.00000000    ,  0.00000000    ) (  0.00000000    ,  0.00000000    )
   0.00000000      -1.00000000       0.00000000     ( -2.86847353E-03,  4.40515578E-03) (  0.00000000    ,  0.00000000    ) (  1.37090683E-02, -8.77305865E-03)
   0.00000000      -1.00000000       1.00000000     ( -6.40749931E-03, -2.90572643E-02) ( -9.51811671E-03,  3.20374966E-03) ( -9.51811671E-03,  3.20374966E-03)
   0.00000000      -1.00000000       2.00000000     (  0.00000000    ,  0.00000000    ) (  0.00000000    ,  0.00000000    ) (  0.00000000    ,  0.00000000    )
   1.00000000       0.00000000       0.00000000     (  0.00000000    ,  0.00000000    ) ( -3.04728746E-02,  2.29477882E-02) (  1.97812915E-02,  2.30502337E-03)
   1.00000000       0.00000000       1.00000000     ( -3.83704901E-03,  6.33299351E-04) ( -1.77323818E-02, -1.76206231E-02) (  3.83704901E-03, -6.33299351E-04)
   1.00000000       0.00000000       2.00000000     (  0.00000000    ,  0.00000000    ) (  0.00000000    ,  0.00000000    ) (  0.00000000    ,  0.00000000    )
   1.00000000       1.00000000       0.00000000     (  2.03028321E-03,  4.77768481E-03) ( -2.03028321E-03, -4.77768481E-03) ( -5.58793545E-03,  1.19954348E-02)
   1.00000000       1.00000000       1.00000000     (  0.00000000    ,  0.00000000    ) (  0.00000000    ,  0.00000000    ) (  0.00000000    ,  0.00000000    )
   1.00000000       1.00000000       2.00000000     (  0.00000000    ,  0.00000000    ) (  0.00000000    ,  0.00000000    ) (  0.00000000    ,  0.00000000    )
   1.00000000       2.00000000       0.00000000     (  0.00000000    ,  0.00000000    ) (  0.00000000    ,  0.00000000    ) (  0.00000000    ,  0.00000000    )
   1.00000000       2.00000000       1.00000000     (  0.00000000    ,  0.00000000    ) (  0.00000000    ,  0.00000000    ) (  0.00000000    ,  0.00000000    )
   1.00000000      -2.00000000       0.00000000     (  0.00000000    ,  0.00000000    ) (  0.00000000    ,  0.00000000    ) (  0.00000000    ,  0.00000000    )
   1.00000000      -2.00000000       1.00000000     (  0.00000000    ,  0.00000000    ) (  0.00000000    ,  0.00000000    ) (  0.00000000    ,  0.00000000    )
   1.00000000      -1.00000000       0.00000000     (  5.96046448E-04, -5.28991222E-03) (  5.96046448E-04, -5.28991222E-03) ( -8.84756446E-03,  3.41981649E-02)
   1.00000000      -1.00000000       1.00000000     (  0.00000000    ,  0.00000000    ) (  0.00000000    ,  0.00000000    ) (  0.00000000    ,  0.00000000    )
   1.00000000      -1.00000000       2.00000000     (  0.00000000    ,  0.00000000    ) (  0.00000000    ,  0.00000000    ) (  0.00000000    ,  0.00000000    )
   2.00000000       0.00000000       0.00000000     (  0.00000000    ,  0.00000000    ) (  0.00000000    ,  0.00000000    ) (  0.00000000    ,  0.00000000    )
   2.00000000       0.00000000       1.00000000     (  0.00000000    ,  0.00000000    ) (  0.00000000    ,  0.00000000    ) (  0.00000000    ,  0.00000000    )
   2.00000000       1.00000000       0.00000000     (  0.00000000    ,  0.00000000    ) (  0.00000000    ,  0.00000000    ) (  0.00000000    ,  0.00000000    )
   2.00000000       1.00000000       1.00000000     (  0.00000000    ,  0.00000000    ) (  0.00000000    ,  0.00000000    ) (  0.00000000    ,  0.00000000    )
   2.00000000      -1.00000000       0.00000000     (  0.00000000    ,  0.00000000    ) (  0.00000000    ,  0.00000000    ) (  0.00000000    ,  0.00000000    )
   2.00000000      -1.00000000       1.00000000     (  0.00000000    ,  0.00000000    ) (  0.00000000    ,  0.00000000    ) (  0.00000000    ,  0.00000000    )
