   0.00000000       0.00000000       1.00000000     (  2.33203173E-02,  1.10268593E-02) (  4.33996320E-03, -2.55554914E-02) (  0.00000000    ,  0.00000000    )
   0.00000000       0.00000000       2.00000000     (  6.70552254E-03, -5.58793545E-03) ( -1.01281330E-03,  1.49011612E-03) (  0.00000000    ,  0.00000000    )
   0.00000000       1.00000000       0.00000000     ( -4.97326255E-03,  1.01700425E-02) (  0.00000000    ,  0.00000000    ) (  1.75088644E-03, -8.19563866E-04)
   0.00000000       1.00000000       1.00000000     (  3.21306288E-03, -4.84287739E-03) (  5.40167093E-03, -8.08387995E-03) ( -5.40167093E-03,  8.08387995E-03)
   0.00000000       1.00000000       2.00000000     ( -7.82310963E-03, -3.44152795E-05) ( -5.73694706E-03,  3.92319635E-04) (  2.86847353E-03, -1.96159817E-04)
   0.00000000       2.00000000       0.00000000     ( -2.88709998E-03, -6.81728125E-03) (  0.00000000    ,  0.00000000    ) ( -6.68689609E-03,  3.42261046E-04)
   0.00000000       2.00000000       1.00000000     (  3.55765224E-03,  4.67523932E-03) ( -2.47731805E-03, -2.30967999E-03) (  4.95463610E-03,  4.61935997E-03)
   0.00000000      -2.00000000       0.00000000     ( -2.88709998E-03,  6.81728125E-03) (  0.00000000    ,  0.00000000    ) ( -6.68689609E-03, -3.42261046E-04)
   0.00000000      -2.00000000       1.00000000     ( -1.07288361E-02,  6.93835318E-04) ( -1.53202564E-03,  1.58324838E-03) ( -3.06405127E-03,  3.16649675E-03)
   0.00000000      -1.00000000       0.00000000     ( -4.97326255E-03, -1.01700425E-02) (  0.00000000    ,  0.00000000    ) (  1.75088644E-03,  8.19563866E-04)
   0.00000000      -1.00000000       1.00000000     (  1.28149986E-02, -1.48639083E-02) ( -1.36438757E-03, -2.05822289E-03) ( -1.36438757E-03, -2.05822289E-03)
   0.00000000      -1.00000000       2.00000000     ( -7.47386366E-04, -3.00817192E-03) (  8.17235559E-04,  7.59027898E-04) (  4.08617780E-04,  3.79513949E-04)
   1.00000000       0.00000000       0.00000000     (  0.00000000    ,  0.00000000    ) ( -1.74343586E-02,  5.88595867E-03) (  2.55554914E-02,  2.10851431E-02)
   1.00000000       0.00000000       1.00000000     (  3.23168933E-03, -3.30619514E-03) ( -2.61515379E-02,  1.50874257E-02) ( -3.23168933E-03,  3.30619514E-03)
   1.00000000       0.00000000       2.00000000     (  1.15483999E-03,  3.28756869E-03) (  7.61821866E-03,  3.94880772E-03) ( -5.77419996E-04, -1.64378434E-03)
   1.00000000       1.00000000       0.00000000     (  5.36441803E-03,  2.71946192E-03) ( -5.36441803E-03, -2.71946192E-03) ( -7.82310963E-03,  4.33996320E-03)
   1.00000000       1.00000000       1.00000000     ( -4.16301191E-03, -1.51339918E-04) (  2.84984708E-03, -1.29148248E-05) (  1.30850822E-03,  1.64145604E-04)
   1.00000000       1.00000000       2.00000000     ( -1.79279596E-03, -3.08267772E-03) ( -5.96046448E-03, -2.01165676E-03) (  3.87430191E-03,  2.54251063E-03)
   1.00000000       2.00000000       0.00000000     ( -2.07684934E-03,  6.72414899E-03) (  1.03842467E-03, -3.36207449E-03) ( -1.62515789E-03,  8.19563866E-03)
   1.00000000       2.00000000       1.00000000     (  7.48783350E-03,  2.87778676E-03) ( -3.85567546E-03, -3.03611159E-03) (  2.25845724E-04,  3.18512321E-03)
   1.00000000      -2.00000000       0.00000000     (  3.31783667E-04, -3.55765224E-03) (  1.65891834E-04, -1.77882612E-03) ( -1.06170774E-03,  2.95229256E-03)
   1.00000000      -2.00000000       1.00000000     ( -1.96974725E-03,  9.52277333E-04) ( -2.22586095E-03,  1.84867531E-03) ( -2.48663127E-03,  2.74740160E-03)
   1.00000000      -1.00000000       0.00000000     ( -6.14672899E-03, -7.28294253E-03) ( -6.14672899E-03, -7.28294253E-03) ( -4.86150384E-03,  5.14090061E-03)
   1.00000000      -1.00000000       1.00000000     (  5.17815351E-03,  8.32602382E-03) ( -6.26314431E-04,  6.35161996E-03) ( -5.81145287E-03, -1.97440386E-03)
   1.00000000      -1.00000000       2.00000000     (  4.57279384E-03,  6.20260835E-03) (  7.72997737E-03,  3.98606062E-03) (  1.57859176E-03, -1.10827386E-03)
   2.00000000       0.00000000       0.00000000     (  0.00000000    ,  0.00000000    ) (  1.10268593E-02, -5.04776835E-03) ( -5.43892384E-03,  2.62632966E-03)
   2.00000000       0.00000000       1.00000000     ( -3.77185643E-03, -2.40281224E-03) (  2.52388418E-03,  1.06543303E-02) (  7.54371285E-03,  4.80562449E-03)
   2.00000000       1.00000000       0.00000000     ( -2.80328095E-03,  8.68458301E-04) (  5.60656190E-03, -1.73691660E-03) ( -4.13274392E-04, -9.76026058E-03)
   2.00000000       1.00000000       1.00000000     (  1.44354999E-03,  4.18163836E-03) ( -4.33064997E-03, -7.22706318E-03) (  1.44354999E-03, -1.13621354E-03)
   2.00000000      -1.00000000       0.00000000     (  1.99768692E-03,  8.87084752E-04) (  3.99537385E-03,  1.77416950E-03) ( -5.09317033E-06,  1.65309757E-03)
   2.00000000      -1.00000000       1.00000000     ( -3.52039933E-03,  9.40635800E-04) ( -2.50525773E-03, -2.00700015E-03) (  4.54485416E-03, -3.88361514E-03)
