   0.00000000       0.00000000       1.00000000     (  1.79186463E-02, -2.01398507E-04) (  3.41236591E-02, -2.10851431E-02) (  0.00000000    ,  0.00000000    )
   0.00000000       0.00000000       2.00000000     (  1.22934580E-03, -2.68220901E-03) ( -2.14204192E-03, -3.98722477E-05) (  0.00000000    ,  0.00000000    )
   0.00000000       1.00000000       0.00000000     ( -1.22562051E-02, -1.68103725E-03) (  0.00000000    ,  0.00000000    ) (  6.64964318E-03,  1.41561031E-02)
   0.00000000       1.00000000       1.00000000     (  7.84173608E-03,  9.98377800E-03) ( -2.39349902E-03, -3.28756869E-03) (  2.39349902E-03,  3.28756869E-03)
   0.00000000       1.00000000       2.00000000     ( -1.09896064E-03, -9.03382897E-04) ( -9.59262252E-04,  2.35158950E-04) (  4.79631126E-04, -1.17579475E-04)
   0.00000000       2.00000000       0.00000000     (  7.63684511E-04,  2.79396772E-03) (  0.00000000    ,  0.00000000    ) ( -3.31550837E-03,  2.21654773E-03)
   0.00000000       2.00000000       1.00000000     (  2.10478902E-03, -9.03382897E-04) ( -7.54371285E-04,  2.53785402E-04) (  1.50874257E-03, -5.07570803E-04)
   0.00000000      -2.00000000       0.00000000     (  7.63684511E-04, -2.79396772E-03) (  0.00000000    ,  0.00000000    ) ( -3.31550837E-03, -2.21654773E-03)
   0.00000000      -2.00000000       1.00000000     ( -1.84401870E-03, -2.44472176E-04) (  1.45519152E-04, -6.84522092E-04) (  2.91038305E-04, -1.36904418E-03)
   0.00000000      -1.00000000       0.00000000     ( -1.22562051E-02,  1.68103725E-03) (  0.00000000    ,  0.00000000    ) (  6.64964318E-03, -1.41561031E-02)
   0.00000000      -1.00000000       1.00000000     ( -1.91386789E-03, -2.95788050E-02) ( -5.49480319E-03,  2.50525773E-03) ( -5.49480319E-03,  2.50525773E-03)
   0.00000000      -1.00000000       2.00000000     (  1.12690032E-03,  8.07631295E-06) ( -7.54371285E-04, -8.66129994E-04) ( -3.77185643E-04, -4.33064997E-04)
   1.00000000       0.00000000       0.00000000     (  0.00000000    ,  0.00000000    ) ( -1.76951289E-02,  1.72480941E-02) (  2.46614218E-02,  1.20699406E-02)
   1.00000000       0.00000000       1.00000000     ( -1.79279596E-03, -1.69035047E-03) ( -2.50339508E-02, -7.63684511E-03) (  1.79279596E-03,  1.69035047E-03)
   1.00000000       0.00000000       2.00000000     ( -1.14552677E-03,  1.25728548E-03) (  9.87201929E-04,  1.25728548E-03) (  5.72763383E-04, -6.28642738E-04)
   1.00000000       1.00000000       0.00000000     (  4.63332981E-04,  1.80676579E-03) ( -4.63332981E-04, -1.80676579E-03) ( -9.83476639E-03,  1.16229057E-02)
   1.00000000       1.00000000       1.00000000     (  1.06170774E-03, -5.91389835E-04) ( -2.75671482E-03, -1.51339918E-04) (  1.69500709E-03,  7.45058060E-04)
   1.00000000       1.00000000       2.00000000     ( -2.27242708E-03, -1.26892701E-04) (  3.56230885E-04,  1.16415322E-03) (  9.59262252E-04, -5.21540642E-04)
   1.00000000       2.00000000       0.00000000     (  1.45286322E-03, -3.09664756E-04) ( -7.26431608E-04,  1.54832378E-04) (  4.65661287E-04,  1.78813934E-03)
   1.00000000       2.00000000       1.00000000     (  1.14552677E-03,  1.08964741E-03) ( -1.08964741E-03, -9.13860276E-05) (  1.04308128E-03, -9.12696123E-04)
   1.00000000      -2.00000000       0.00000000     ( -1.50874257E-03, -3.95812094E-04) ( -7.54371285E-04, -1.97906047E-04) ( -1.33179128E-03, -1.89989805E-03)
   1.00000000      -2.00000000       1.00000000     ( -1.03376806E-03, -1.37370080E-04) ( -3.49245965E-04, -6.98491931E-05) (  3.32947820E-04, -2.20097718E-06)
   1.00000000      -1.00000000       0.00000000     ( -6.26314431E-04, -8.23289156E-03) ( -6.26314431E-04, -8.23289156E-03) ( -1.09151006E-02,  2.57790089E-02)
   1.00000000      -1.00000000       1.00000000     (  2.73808837E-03,  8.66129994E-04) ( -5.91389835E-04, -3.24100256E-03) ( -3.35276127E-03, -4.09781933E-03)
   1.00000000      -1.00000000       2.00000000     ( -2.44006515E-03,  2.21654773E-03) ( -1.22934580E-03,  1.37835741E-03) (  6.10016286E-04, -4.19095159E-04)
   2.00000000       0.00000000       0.00000000     (  0.00000000    ,  0.00000000    ) (  1.63912773E-03,  3.39001417E-03) ( -7.54371285E-04,  2.17929482E-03)
   2.00000000       0.00000000       1.00000000     (  4.00468707E-04, -8.75443220E-04) (  9.49949026E-04,  1.78813934E-03) ( -8.00937414E-04,  1.75088644E-03)
   2.00000000       1.00000000       0.00000000     (  2.46800482E-04,  1.26659870E-03) ( -4.93600965E-04, -2.53319740E-03) ( -1.73225999E-03,  2.88709998E-03)
   2.00000000       1.00000000       1.00000000     (  7.45058060E-04,  3.21306288E-04) ( -4.93600965E-04, -1.93715096E-03) ( -1.00582838E-03,  1.28522515E-03)
   2.00000000      -1.00000000       0.00000000     ( -5.68106771E-04,  5.35510480E-04) ( -1.13621354E-03,  1.07102096E-03) ( -1.07102096E-03, -6.51925802E-05)
   2.00000000      -1.00000000       1.00000000     ( -8.84756446E-04,  5.87897375E-05) ( -2.68220901E-03, -1.95577741E-04) ( -9.12696123E-04, -3.14321369E-04)
