   0.00000000       0.00000000      -2.00000000     ( -3.14321369E-04, -2.94297934E-03) (  2.32830644E-03, -1.08033419E-03) (  0.00000000    ,  0.00000000    )
   0.00000000       0.00000000      -1.00000000     (  2.67475843E-02, -5.84870577E-03) (  3.19629908E-02,  3.25590372E-02) (  0.00000000    ,  0.00000000    )
   0.00000000       1.00000000      -2.00000000     (  1.44354999E-04, -4.65661287E-04) (  1.66473910E-04, -1.02445483E-03) (  8.32369551E-05, -5.12227416E-04)
   0.00000000       1.00000000      -1.00000000     (  5.50411642E-03,  3.11434269E-02) ( -1.91852450E-03, -3.18512321E-03) ( -1.91852450E-03, -3.18512321E-03)
   0.00000000       2.00000000      -1.00000000     (  3.98606062E-03,  5.63450158E-04) (  6.98491931E-04,  3.72529030E-04) (  1.39698386E-03,  7.45058060E-04)
   0.00000000      -2.00000000      -1.00000000     ( -1.28522515E-03,  7.82310963E-04) (  1.01514161E-03,  4.00468707E-04) ( -2.03028321E-03, -8.00937414E-04)
   0.00000000      -1.00000000      -2.00000000     (  2.30967999E-03, -1.73167791E-05) (  9.96515155E-04,  6.84522092E-04) ( -4.98257577E-04, -3.42261046E-04)
   0.00000000      -1.00000000      -1.00000000     (  8.43778253E-03, -6.87316060E-03) ( -2.45403498E-03,  8.88481736E-03) (  2.45403498E-03, -8.88481736E-03)
   1.00000000       0.00000000      -2.00000000     (  1.31316483E-03, -9.31322575E-04) (  1.49011612E-03, -1.10827386E-03) (  6.56582415E-04, -4.65661287E-04)
   1.00000000       0.00000000      -1.00000000     (  9.92789865E-03, -4.19095159E-03) ( -1.01700425E-02, -3.15718353E-03) (  9.92789865E-03, -4.19095159E-03)
   1.00000000       1.00000000      -2.00000000     (  1.35973096E-03,  1.88592821E-04) (  4.72937245E-06,  1.76951289E-03) (  6.84522092E-04,  9.77888703E-04)
   1.00000000       1.00000000      -1.00000000     (  8.84756446E-04, -2.09547579E-04) ( -2.08616257E-03, -1.18277967E-03) ( -1.20140612E-03, -1.38767064E-03)
   1.00000000       2.00000000      -1.00000000     ( -7.45058060E-05, -1.16415322E-03) (  5.12227416E-04,  2.42143869E-04) (  9.49949026E-04, -6.84522092E-04)
   1.00000000      -2.00000000      -1.00000000     ( -1.75088644E-03, -6.84522092E-04) ( -1.15483999E-03, -1.21071935E-03) (  5.72763383E-04,  1.73225999E-03)
   1.00000000      -1.00000000      -2.00000000     ( -7.54371285E-04,  1.34110451E-03) ( -5.16884029E-04, -5.93718141E-05) ( -1.18743628E-04,  6.98491931E-04)
   1.00000000      -1.00000000      -1.00000000     (  7.68341124E-04, -1.62050128E-03) (  2.08616257E-03, -5.16884029E-04) ( -1.32247806E-03, -1.09896064E-03)
   2.00000000       0.00000000      -1.00000000     (  8.56816769E-04,  2.04890966E-04) (  1.32713467E-04, -2.60770321E-04) (  1.71363354E-03,  4.09781933E-04)
   2.00000000       1.00000000      -1.00000000     (  9.12696123E-04,  3.63215804E-04) ( -1.49011612E-03,  7.91624188E-04) (  3.39932740E-04,  1.51805580E-03)
   2.00000000      -1.00000000      -1.00000000     ( -2.59024091E-05, -3.65544111E-04) ( -1.24797225E-03,  1.10827386E-03) (  1.19209290E-03, -1.84401870E-03)
