   0.00000000       0.00000000       1.00000000     (  2.55554914E-02,  1.11013651E-02) (  1.04680657E-02, -3.00258398E-02) (  0.00000000    ,  0.00000000    )
   0.00000000       0.00000000       2.00000000     (  3.31550837E-03, -4.13507223E-03) ( -2.43075192E-03,  3.18977982E-04) (  0.00000000    ,  0.00000000    )
   0.00000000       1.00000000       0.00000000     ( -9.07108188E-03,  7.87898898E-03) (  0.00000000    ,  0.00000000    ) (  2.31899321E-03,  2.32830644E-03)
   0.00000000       1.00000000       1.00000000     (  4.74974513E-03, -5.10364771E-03) (  3.66941094E-03, -9.76026058E-03) ( -3.66941094E-03,  9.76026058E-03)
   0.00000000       1.00000000       2.00000000     ( -4.88013029E-03,  1.19674951E-03) ( -2.06753612E-03,  8.23638402E-05) (  1.03376806E-03, -4.11819201E-05)
   0.00000000       2.00000000       0.00000000     ( -3.37138772E-03, -2.83122063E-03) (  0.00000000    ,  0.00000000    ) ( -3.91155481E-03,  6.91507012E-04)
   0.00000000       2.00000000       1.00000000     (  1.58324838E-03,  4.13507223E-03) ( -1.76951289E-03, -1.08964741E-03) (  3.53902578E-03,  2.17929482E-03)
   0.00000000      -2.00000000       0.00000000     ( -3.37138772E-03,  2.83122063E-03) (  0.00000000    ,  0.00000000    ) ( -3.91155481E-03, -6.91507012E-04)
   0.00000000      -2.00000000       1.00000000     ( -8.08387995E-03,  2.06753612E-03) ( -1.38767064E-03,  1.15949661E-03) ( -2.77534127E-03,  2.31899321E-03)
   0.00000000      -1.00000000       0.00000000     ( -9.07108188E-03, -7.87898898E-03) (  0.00000000    ,  0.00000000    ) (  2.31899321E-03, -2.32830644E-03)
   0.00000000      -1.00000000       1.00000000     (  1.53481960E-02, -1.78813934E-02) (  1.19325705E-04, -1.55065209E-03) (  1.19325705E-04, -1.55065209E-03)
   0.00000000      -1.00000000       2.00000000     (  4.33064997E-04, -2.31899321E-03) (  6.03031367E-04, -1.72294676E-03) (  3.01515684E-04, -8.61473382E-04)
   1.00000000       0.00000000       0.00000000     (  0.00000000    ,  0.00000000    ) ( -1.53854489E-02,  7.45058060E-03) (  2.92062759E-02,  2.45124102E-02)
   1.00000000       0.00000000       1.00000000     (  4.63798642E-03, -2.49594450E-03) ( -3.01003456E-02,  1.49011612E-02) ( -4.63798642E-03,  2.49594450E-03)
   1.00000000       0.00000000       2.00000000     (  1.21071935E-03,  2.45869160E-03) (  6.40749931E-03,  2.65426934E-03) ( -6.05359674E-04, -1.22934580E-03)
   1.00000000       1.00000000       0.00000000     (  5.84870577E-03,  4.88013029E-03) ( -5.84870577E-03, -4.88013029E-03) ( -9.12696123E-03,  6.78002834E-03)
   1.00000000       1.00000000       1.00000000     ( -2.30967999E-03, -1.38767064E-03) (  1.10361725E-03,  4.12110239E-04) (  1.21071935E-03,  9.82545316E-04)
   1.00000000       1.00000000       2.00000000     ( -4.00468707E-04, -1.67638063E-03) ( -3.46451998E-03, -8.03265721E-05) (  1.92783773E-03,  8.80099833E-04)
   1.00000000       2.00000000       0.00000000     ( -1.33179128E-03,  4.82425094E-03) (  6.65895641E-04, -2.41212547E-03) ( -4.88944352E-04,  2.36555934E-03)
   1.00000000       2.00000000       1.00000000     (  4.58210707E-03,  1.27125531E-03) ( -3.50177288E-03, -1.80676579E-03) (  2.41212547E-03,  2.34693289E-03)
   1.00000000      -2.00000000       0.00000000     (  3.29455361E-04, -2.33761966E-03) (  1.64727680E-04, -1.16880983E-03) ( -1.06636435E-03,  2.16066837E-03)
   1.00000000      -2.00000000       1.00000000     ( -7.12461770E-04,  1.89989805E-03) ( -1.06170774E-03,  2.34693289E-03) ( -1.41561031E-03,  2.79396772E-03)
   1.00000000      -1.00000000       0.00000000     ( -5.90458512E-03, -1.19209290E-02) ( -5.90458512E-03, -1.19209290E-02) ( -6.92903996E-03,  7.32019544E-03)
   1.00000000      -1.00000000       1.00000000     (  1.74157321E-03,  3.35276127E-03) ( -1.96509063E-03,  1.04308128E-03) ( -3.70666385E-03, -2.30967999E-03)
   1.00000000      -1.00000000       2.00000000     (  2.04890966E-03,  2.86847353E-03) (  3.46451998E-03,  2.81259418E-03) (  7.03148544E-04, -2.79396772E-05)
   2.00000000       0.00000000       0.00000000     (  0.00000000    ,  0.00000000    ) (  5.92321157E-03, -1.40629709E-03) ( -3.59490514E-03,  1.71712600E-04)
   2.00000000       0.00000000       1.00000000     ( -1.09430403E-03, -1.89989805E-03) (  8.66129994E-04,  4.88013029E-03) (  2.18860805E-03,  3.79979610E-03)
   2.00000000       1.00000000       0.00000000     ( -2.10478902E-03,  2.01398507E-04) (  4.20957804E-03, -4.02797014E-04) (  8.20728019E-05, -6.44475222E-03)
   2.00000000       1.00000000       1.00000000     (  9.95351002E-05,  1.92783773E-03) ( -8.52160156E-04, -3.68803740E-03) (  6.51925802E-04, -1.68220140E-04)
   2.00000000      -1.00000000       0.00000000     (  1.12690032E-03,  1.41561031E-03) (  2.25380063E-03,  2.83122063E-03) ( -1.56578608E-04,  1.49011612E-03)
   2.00000000      -1.00000000       1.00000000     ( -2.25380063E-03,  6.10016286E-04) ( -1.69500709E-03, -7.17118382E-04) (  2.79396772E-03, -1.93715096E-03)
