   0.00000000       0.00000000       1.00000000     ( -1.24797225E-03, -1.24052167E-02) (  2.13831663E-02,  7.76723027E-03) (  0.00000000    ,  0.00000000    )
   0.00000000       0.00000000       2.00000000     (  5.84870577E-03, -2.75671482E-03) ( -8.23289156E-03, -3.07336450E-03) (  0.00000000    ,  0.00000000    )
   0.00000000       1.00000000       0.00000000     (  7.86036253E-03,  1.74622983E-03) (  0.00000000    ,  0.00000000    ) (  1.49756670E-02, -7.99074769E-03)
   0.00000000       1.00000000       1.00000000     ( -8.97794962E-03, -4.35858965E-03) (  3.93018126E-03, -1.41561031E-03) ( -3.93018126E-03,  1.41561031E-03)
   0.00000000       1.00000000       2.00000000     (  3.24100256E-03, -1.95577741E-03) ( -3.07336450E-03,  1.40629709E-03) (  1.53668225E-03, -7.03148544E-04)
   0.00000000       2.00000000       0.00000000     ( -1.22003257E-03,  3.11061740E-03) (  0.00000000    ,  0.00000000    ) (  1.73458830E-04, -7.31088221E-04)
   0.00000000       2.00000000       1.00000000     (  4.09781933E-04, -6.91215973E-06) ( -4.91272658E-04,  5.30853868E-04) (  9.82545316E-04, -1.06170774E-03)
   0.00000000      -2.00000000       0.00000000     ( -1.22003257E-03, -3.11061740E-03) (  0.00000000    ,  0.00000000    ) (  1.73458830E-04,  7.31088221E-04)
   0.00000000      -2.00000000       1.00000000     (  1.37835741E-03, -6.79865479E-04) ( -8.56816769E-04,  3.18686944E-05) ( -1.71363354E-03,  6.37373887E-05)
   0.00000000      -1.00000000       0.00000000     (  7.86036253E-03, -1.74622983E-03) (  0.00000000    ,  0.00000000    ) (  1.49756670E-02,  7.99074769E-03)
   0.00000000      -1.00000000       1.00000000     ( -9.94652510E-03, -1.15856528E-02) ( -6.23986125E-03,  6.40749931E-03) ( -6.23986125E-03,  6.40749931E-03)
   0.00000000      -1.00000000       2.00000000     ( -1.20140612E-03, -1.72294676E-03) ( -3.14321369E-04,  2.08616257E-03) ( -1.57160684E-04,  1.04308128E-03)
   1.00000000       0.00000000       0.00000000     (  0.00000000    ,  0.00000000    ) ( -2.86847353E-02,  5.77419996E-03) (  1.93715096E-02, -5.64381480E-03)
   1.00000000       0.00000000       1.00000000     ( -1.71363354E-03, -2.56113708E-03) (  5.36441803E-03, -5.56930900E-03) (  1.71363354E-03,  2.56113708E-03)
   1.00000000       0.00000000       2.00000000     ( -2.73808837E-03, -1.22003257E-03) ( -9.49949026E-04,  3.03611159E-03) (  1.36904418E-03,  6.10016286E-04)
   1.00000000       1.00000000       0.00000000     (  2.29920261E-05, -4.95929271E-04) ( -2.29920261E-05,  4.95929271E-04) (  7.67409801E-03,  1.59814954E-02)
   1.00000000       1.00000000       1.00000000     ( -4.02331352E-03, -7.21774995E-04) (  2.08616257E-03,  2.29105353E-03) (  1.93715096E-03, -1.56462193E-03)
   1.00000000       1.00000000       2.00000000     (  2.95694917E-04,  9.59262252E-04) (  1.43423676E-03,  7.63684511E-04) ( -8.66129994E-04, -8.61473382E-04)
   1.00000000       2.00000000       0.00000000     ( -8.10250640E-04, -6.42612576E-04) (  4.05125320E-04,  3.21306288E-04) (  4.28408384E-04, -1.50874257E-03)
   1.00000000       2.00000000       1.00000000     (  1.31316483E-03, -8.73114914E-05) ( -5.28525561E-04, -6.46105036E-05) ( -2.58442014E-04,  2.16532499E-04)
   1.00000000      -2.00000000       0.00000000     ( -1.56462193E-03, -2.50292942E-04) ( -7.82310963E-04, -1.25146471E-04) ( -5.12227416E-04,  1.73225999E-03)
   1.00000000      -2.00000000       1.00000000     (  4.24915925E-05, -8.28877091E-04) (  7.63684511E-04, -3.09664756E-04) (  1.49011612E-03,  2.09547579E-04)
   1.00000000      -1.00000000       0.00000000     (  8.53091478E-03,  2.61701643E-03) (  8.53091478E-03,  2.61701643E-03) ( -2.46800482E-03, -1.31782144E-03)
   1.00000000      -1.00000000       1.00000000     ( -2.01165676E-03,  2.25380063E-03) ( -1.08033419E-03, -1.91852450E-03) (  9.31322575E-04, -4.17232513E-03)
   1.00000000      -1.00000000       2.00000000     ( -1.82539225E-03, -7.40401447E-04) (  1.79745257E-03,  1.74157321E-03) (  1.81607902E-03,  1.23865902E-03)
   2.00000000       0.00000000       0.00000000     (  0.00000000    ,  0.00000000    ) ( -1.93715096E-03,  1.69500709E-03) (  1.94646418E-03, -2.04890966E-03)
   2.00000000       0.00000000       1.00000000     ( -8.14907253E-04,  8.75443220E-04) (  3.05008143E-04, -3.12924385E-03) (  1.62981451E-03, -1.75088644E-03)
   2.00000000       1.00000000       0.00000000     ( -1.11758709E-03, -9.82545316E-04) (  2.23517418E-03,  1.96509063E-03) ( -5.12227416E-04,  2.99885869E-03)
   2.00000000       1.00000000       1.00000000     ( -6.93835318E-04,  2.50292942E-04) (  5.23868948E-04,  6.98491931E-04) (  8.66129994E-04, -1.19209290E-03)
   2.00000000      -1.00000000       0.00000000     ( -1.26659870E-03, -7.45058060E-04) ( -2.53319740E-03, -1.49011612E-03) (  2.29338184E-04,  2.86847353E-03)
   2.00000000      -1.00000000       1.00000000     (  1.76951289E-03,  5.30853868E-04) ( -2.56113708E-04,  8.47503543E-04) ( -3.79979610E-03, -2.15368345E-04)
