   0.00000000       0.00000000      -2.00000000     (  4.69386578E-03,  8.56816769E-04) ( -6.25848770E-03,  3.53902578E-03) (  0.00000000    ,  0.00000000    )
   0.00000000       0.00000000      -1.00000000     (  2.44937837E-03,  1.12876296E-02) (  2.66730785E-02, -7.45058060E-04) (  0.00000000    ,  0.00000000    )
   0.00000000       1.00000000      -2.00000000     ( -2.28174031E-04,  2.09547579E-03) (  1.75088644E-03, -6.28642738E-04) (  8.75443220E-04, -3.14321369E-04)
   0.00000000       1.00000000      -1.00000000     ( -6.81728125E-03,  1.42306089E-02) ( -7.11530447E-03, -5.10364771E-03) ( -7.11530447E-03, -5.10364771E-03)
   0.00000000       2.00000000      -1.00000000     ( -1.01514161E-03, -1.52736902E-03) ( -9.59262252E-04,  2.47964635E-04) ( -1.91852450E-03,  4.95929271E-04)
   0.00000000      -2.00000000      -1.00000000     ( -6.23986125E-04,  3.25962901E-03) ( -4.72646207E-04, -9.45292413E-04) (  9.45292413E-04,  1.89058483E-03)
   0.00000000      -1.00000000      -2.00000000     (  3.27825546E-03,  3.35276127E-03) ( -6.75208867E-04, -1.82539225E-03) (  3.37604433E-04,  9.12696123E-04)
   0.00000000      -1.00000000      -1.00000000     (  1.14087015E-04, -3.28291208E-04) (  4.06056643E-03,  1.22468919E-03) ( -4.06056643E-03, -1.22468919E-03)
   1.00000000       0.00000000      -2.00000000     ( -1.33179128E-03, -6.23986125E-04) (  1.36904418E-03,  4.61935997E-03) ( -6.65895641E-04, -3.11993062E-04)
   1.00000000       0.00000000      -1.00000000     (  9.87201929E-03, -5.53205609E-03) ( -4.93600965E-03,  2.60025263E-02) (  9.87201929E-03, -5.53205609E-03)
   1.00000000       1.00000000      -2.00000000     (  1.73225999E-03,  2.03959644E-03) ( -4.24683094E-03,  2.91038305E-04) ( -1.25728548E-03,  1.16415322E-03)
   1.00000000       1.00000000      -1.00000000     ( -6.56582415E-04,  6.55651093E-03) ( -1.94646418E-03, -4.19095159E-03) ( -2.60770321E-03,  2.36555934E-03)
   1.00000000       2.00000000      -1.00000000     (  1.82539225E-03, -3.46917659E-04) ( -1.11758709E-03, -3.53902578E-04) ( -4.14438546E-04, -1.05705112E-03)
   1.00000000      -2.00000000      -1.00000000     ( -2.37487257E-04, -9.77888703E-04) ( -8.67294148E-05, -3.56230885E-04) ( -6.57746568E-05, -2.64262781E-04)
   1.00000000      -1.00000000      -2.00000000     ( -5.58793545E-04, -2.44006515E-03) ( -8.80099833E-04,  2.51457095E-03) (  1.61817297E-04, -2.47731805E-03)
   1.00000000      -1.00000000      -1.00000000     ( -2.27009878E-04,  4.86616045E-04) ( -5.91389835E-04, -1.50874257E-03) (  3.65544111E-04,  1.99303031E-03)
   2.00000000       0.00000000      -1.00000000     ( -1.32247806E-03,  1.81607902E-04) ( -2.79396772E-04, -1.40629709E-03) ( -2.64495611E-03,  3.63215804E-04)
   2.00000000       1.00000000      -1.00000000     (  9.13860276E-05, -3.46917659E-04) ( -2.42143869E-03, -4.16766852E-04) ( -2.23517418E-03, -1.10827386E-03)
   2.00000000      -1.00000000      -1.00000000     (  1.10827386E-03, -2.11875886E-04) (  9.54605639E-04,  1.30385160E-03) (  1.25728548E-03, -1.72294676E-03)
