    0.000000        0.000000        1.000000      (2.1308661E-02,1.1771917E-02)
   (-1.2330711E-02,-1.6614795E-02)  (0.000000,0.000000)
    0.000000        0.000000        2.000000      
 (3.9301813E-03,-7.8929588E-04)  (4.6193600E-03,3.9581209E-03)  
 (0.000000,0.000000)
    0.000000        1.000000        0.000000      (2.7287751E-03,5.2340329E-03)
   (0.000000,0.000000)  (4.4517219E-03,-1.1082739E-03)
    0.000000        1.000000        1.000000      (5.4575503E-03,6.4447522E-03)
   (5.1409006E-03,-4.1536987E-03)  (-5.1409006E-03,4.1536987E-03)
    0.000000        1.000000        2.000000      
 (-6.6868961E-03,-1.5506521E-03)  (-1.9604340E-03,-2.5797635E-03)  
 (9.8021701E-04,1.2898818E-03)
    0.000000        2.000000        0.000000      
 (-3.9208680E-03,1.2852252E-03)  (0.000000,0.000000)  
 (9.3830749E-04,2.2910535E-03)
    0.000000        2.000000        1.000000      
 (4.6379864E-03,-2.3376197E-03)  (-9.0803951E-04,-8.6380169E-04)  
 (1.8160790E-03,1.7276034E-03)
    0.000000       -2.000000        0.000000      
 (-3.9208680E-03,-1.2852252E-03)  (0.000000,0.000000)  
 (9.3830749E-04,-2.2910535E-03)
    0.000000       -2.000000        1.000000      
 (-8.6240470E-03,-9.0524554E-03)  (-2.0721927E-03,1.2427336E-04)  
 (-4.1443855E-03,2.4854671E-04)
    0.000000       -1.000000        0.000000      
 (2.7287751E-03,-5.2340329E-03)  (0.000000,0.000000)  
 (4.4517219E-03,1.1082739E-03)
    0.000000       -1.000000        1.000000      
 (8.1211329E-03,-4.1909516E-03)  (-1.1501834E-03,-5.5134296E-03)  
 (-1.1501834E-03,-5.5134296E-03)
    0.000000       -1.000000        2.000000      
 (-1.0468066E-02,-6.4726919E-04)  (-2.9150397E-03,-2.6542693E-03)  
 (-1.4575198E-03,-1.3271347E-03)
    1.000000        0.000000        0.000000      (0.000000,0.000000)  
 (-2.7865171E-02,5.9790909E-03)  (1.5869737E-02,1.8924475E-02)
    1.000000        0.000000        1.000000      
 (-3.5390258E-03,-2.3562461E-03)  (-1.6093254E-02,1.3411045E-02)  
 (3.5390258E-03,2.3562461E-03)
    1.000000        0.000000        2.000000      (1.0972144E-04,1.9324943E-03)
   (3.5949051E-03,6.6123903E-03)  (-5.4860720E-05,-9.6624717E-04)
    1.000000        1.000000        0.000000      
 (2.1792948E-03,-1.3457611E-03)  (-2.1792948E-03,1.3457611E-03)  
 (-6.5425411E-04,3.3900142E-03)
    1.000000        1.000000        1.000000      (2.0954758E-03,3.9115548E-03)
   (-3.3155084E-03,-3.6973506E-03)  (1.2153760E-03,-2.0954758E-04)
    1.000000        1.000000        2.000000      
 (-3.5017729E-03,2.0861626E-03)  (4.4237822E-04,-2.8032809E-03)  
 (1.5273690E-03,3.5739504E-04)
    1.000000        2.000000        0.000000      (3.6507845E-03,2.0116568E-03)
   (-1.8253922E-03,-1.0058284E-03)  (2.2817403E-03,5.7369471E-03)
    1.000000        2.000000        1.000000      (1.8021092E-03,2.1560118E-03)
   (-2.0582229E-03,9.2433766E-04)  (2.3096800E-03,-4.0046871E-03)
    1.000000       -2.000000        0.000000      (1.5692785E-03,4.5821071E-03)
   (7.8463927E-04,2.2910535E-03)  (-3.6414713E-03,-4.2840838E-04)
    1.000000       -2.000000        1.000000      
 (-3.2596290E-03,-1.8859282E-03)  (-1.4714897E-03,-1.4901161E-03)  
 (3.1432137E-04,-1.1012889E-03)
    1.000000       -1.000000        0.000000      (1.5133992E-04,1.1175871E-04)
   (1.5133992E-04,1.1175871E-04)  (-6.5937638E-03,2.8032809E-03)
    1.000000       -1.000000        1.000000      
 (9.4622374E-03,-4.9546361E-03)  (2.4028122E-03,-2.5704503E-03)  
 (-7.0594251E-03,2.3841858E-03)
    1.000000       -1.000000        2.000000      
 (-4.5821071E-03,-1.9557774E-03)  (-6.8917871E-03,-3.9488077E-03)  
 (-1.1548400E-03,-9.9418685E-04)
    2.000000        0.000000        0.000000      (0.000000,0.000000)  
 (8.1025064E-03,-1.1874363E-03)  (-6.2864274E-04,-9.1036782E-04)
    2.000000        0.000000        1.000000      
 (-1.2386590E-03,4.5821071E-03)  (2.1886081E-03,6.0535967E-03)  
 (2.4773180E-03,-9.1642141E-03)
    2.000000        1.000000        0.000000      
 (-1.5972182E-03,-2.9243529E-03)  (3.1944364E-03,5.8487058E-03)  
 (-6.6123903E-03,6.3702464E-03)
    2.000000        1.000000        1.000000      (2.2538006E-03,2.5890768E-03)
   (-1.9231811E-03,-9.7230077E-03)  (-2.5890768E-03,4.5448542E-03)
    2.000000       -1.000000        0.000000      
 (-4.1164458E-03,-2.2165477E-03)  (-8.2328916E-03,-4.4330955E-03)  
 (-6.2398612E-04,3.1944364E-03)
    2.000000       -1.000000        1.000000      
 (-2.7939677E-03,1.8859282E-03)  (-1.4388934E-03,6.6310167E-03)  
 (4.1443855E-03,2.8591603E-03)
