   0.00000000       0.00000000       1.00000000     (  2.27242708E-02,  2.97091901E-03) (  3.39001417E-02, -2.74181366E-02) (  0.00000000    ,  0.00000000    )
   0.00000000       0.00000000       2.00000000     ( -1.44354999E-04,  6.33299351E-04) (  4.84287739E-04,  1.53668225E-04) (  0.00000000    ,  0.00000000    )
   0.00000000       1.00000000       0.00000000     ( -1.72108412E-02, -8.33533704E-04) (  0.00000000    ,  0.00000000    ) (  5.23403287E-03,  1.62050128E-02)
   0.00000000       1.00000000       1.00000000     (  8.04662704E-03,  9.23871994E-03) ( -2.84984708E-03, -6.01634383E-03) (  2.84984708E-03,  6.01634383E-03)
   0.00000000       1.00000000       2.00000000     (  3.72529030E-04,  1.16415322E-04) (  2.51457095E-04, -1.21071935E-04) ( -1.25728548E-04,  6.05359674E-05)
   0.00000000       2.00000000       0.00000000     ( -1.86264515E-04, -5.96046448E-04) (  0.00000000    ,  0.00000000    ) (  6.70552254E-04, -6.70552254E-04)
   0.00000000       2.00000000       1.00000000     ( -3.53902578E-04,  4.88944352E-05) (  2.04890966E-04, -1.02445483E-04) ( -4.09781933E-04,  2.04890966E-04)
   0.00000000      -2.00000000       0.00000000     ( -1.86264515E-04,  5.96046448E-04) (  0.00000000    ,  0.00000000    ) (  6.70552254E-04,  6.70552254E-04)
   0.00000000      -2.00000000       1.00000000     (  6.70552254E-04, -3.84170562E-05) (  5.58793545E-05,  4.07453626E-05) (  1.11758709E-04,  8.14907253E-05)
   0.00000000      -1.00000000       0.00000000     ( -1.72108412E-02,  8.33533704E-04) (  0.00000000    ,  0.00000000    ) (  5.23403287E-03, -1.62050128E-02)
   0.00000000      -1.00000000       1.00000000     (  1.17812306E-03, -3.13669443E-02) ( -3.82773578E-03,  3.37138772E-03) ( -3.82773578E-03,  3.37138772E-03)
   0.00000000      -1.00000000       2.00000000     ( -1.30385160E-04,  1.97906047E-05) (  1.76951289E-04,  1.76951289E-04) (  8.84756446E-05,  8.84756446E-05)
   1.00000000       0.00000000       0.00000000     (  0.00000000    ,  0.00000000    ) ( -1.55717134E-02,  1.69873238E-02) (  3.06963921E-02,  1.85891986E-02)
   1.00000000       0.00000000       1.00000000     (  5.25033101E-04, -3.30619514E-03) ( -3.14414501E-02, -3.04542482E-03) ( -5.25033101E-04,  3.30619514E-03)
   1.00000000       0.00000000       2.00000000     (  7.45058060E-05, -4.09781933E-04) ( -3.07336450E-04, -3.25962901E-04) ( -3.72529030E-05,  2.04890966E-04)
   1.00000000       1.00000000       0.00000000     (  2.19792128E-03,  2.94297934E-03) ( -2.19792128E-03, -2.94297934E-03) ( -1.08033419E-02,  1.26659870E-02)
   1.00000000       1.00000000       1.00000000     ( -3.16649675E-04,  2.70083547E-04) (  5.77419996E-04,  2.32830644E-05) ( -2.60770321E-04, -2.98023224E-04)
   1.00000000       1.00000000       2.00000000     (  3.35276127E-04,  7.21774995E-05) ( -5.58793545E-05, -1.25728548E-04) ( -1.39698386E-04,  2.56113708E-05)
   1.00000000       2.00000000       0.00000000     ( -7.68341124E-05, -6.98491931E-05) (  3.84170562E-05,  3.49245965E-05) ( -3.91155481E-04, -2.04890966E-04)
   1.00000000       2.00000000       1.00000000     ( -4.84287739E-04, -2.32830644E-04) (  3.35276127E-04,  9.77888703E-05) ( -1.86264515E-04,  3.60887498E-05)
   1.00000000      -2.00000000       0.00000000     (  2.51457095E-04,  2.32830644E-04) (  1.25728548E-04,  1.16415322E-04) (  2.60770321E-04,  3.91155481E-04)
   1.00000000      -2.00000000       1.00000000     (  1.67638063E-04, -1.86264515E-04) (  6.98491931E-05, -1.53668225E-04) ( -2.67755240E-05, -1.16415322E-04)
   1.00000000      -1.00000000       0.00000000     ( -1.14087015E-03, -1.16974115E-02) ( -1.14087015E-03, -1.16974115E-02) ( -1.31130219E-02,  2.35438347E-02)
   1.00000000      -1.00000000       1.00000000     ( -4.84287739E-04, -1.35041773E-04) (  1.95577741E-04,  7.82310963E-04) (  7.07805157E-04,  8.94069672E-04)
   1.00000000      -1.00000000       2.00000000     (  6.14672899E-04, -5.96046448E-04) (  2.04890966E-04, -2.23517418E-04) ( -2.04890966E-04,  1.86264515E-04)
   2.00000000       0.00000000       0.00000000     (  0.00000000    ,  0.00000000    ) ( -4.84287739E-04, -7.07805157E-04) (  2.42143869E-04, -5.40167093E-04)
   2.00000000       0.00000000       1.00000000     ( -1.67638063E-04,  2.88709998E-04) ( -1.58324838E-04, -3.72529030E-04) (  3.35276127E-04, -5.77419996E-04)
   2.00000000       1.00000000       0.00000000     (  7.68341124E-05, -2.60770321E-04) ( -1.53668225E-04,  5.21540642E-04) (  3.07336450E-04, -4.65661287E-04)
   2.00000000       1.00000000       1.00000000     ( -1.02445483E-04, -8.84756446E-05) ( -1.16415322E-04,  6.14672899E-04) (  3.25962901E-04, -4.47034836E-04)
   2.00000000      -1.00000000       0.00000000     (  1.35041773E-04, -2.14204192E-04) (  2.70083547E-04, -4.28408384E-04) (  1.95577741E-04, -1.02445483E-04)
   2.00000000      -1.00000000       1.00000000     (  2.42143869E-04, -4.65661287E-05) (  6.14672899E-04, -4.65661287E-05) (  1.35041773E-04,  4.42378223E-05)
