   0.00000000       0.00000000       1.00000000     (  2.31713057E-02,  1.09523535E-02) (  4.39584255E-03, -2.54809856E-02) (  0.00000000    ,  0.00000000    )
   0.00000000       0.00000000       2.00000000     (  6.66826963E-03, -5.56930900E-03) ( -1.06869265E-03,  1.48080289E-03) (  0.00000000    ,  0.00000000    )
   0.00000000       1.00000000       0.00000000     ( -4.99188900E-03,  1.00582838E-02) (  0.00000000    ,  0.00000000    ) (  1.74157321E-03, -7.70669430E-04)
   0.00000000       1.00000000       1.00000000     (  3.20374966E-03, -4.82425094E-03) (  5.34579158E-03, -8.04662704E-03) ( -5.34579158E-03,  8.04662704E-03)
   0.00000000       1.00000000       2.00000000     ( -7.80448318E-03, -6.38465281E-06) ( -5.66244125E-03,  3.83006409E-04) (  2.83122063E-03, -1.91503204E-04)
   0.00000000       2.00000000       0.00000000     ( -2.93366611E-03, -6.78002834E-03) (  0.00000000    ,  0.00000000    ) ( -6.68689609E-03,  3.43425199E-04)
   0.00000000       2.00000000       1.00000000     (  3.51108611E-03,  4.71249223E-03) ( -2.48663127E-03, -2.28639692E-03) (  4.97326255E-03,  4.57279384E-03)
   0.00000000      -2.00000000       0.00000000     ( -2.93366611E-03,  6.78002834E-03) (  0.00000000    ,  0.00000000    ) ( -6.68689609E-03, -3.43425199E-04)
   0.00000000      -2.00000000       1.00000000     ( -1.07288361E-02,  7.54371285E-04) ( -1.53202564E-03,  1.58790499E-03) ( -3.06405127E-03,  3.17580998E-03)
   0.00000000      -1.00000000       0.00000000     ( -4.99188900E-03, -1.00582838E-02) (  0.00000000    ,  0.00000000    ) (  1.74157321E-03,  7.70669430E-04)
   0.00000000      -1.00000000       1.00000000     (  1.27777457E-02, -1.48266554E-02) ( -1.33179128E-03, -2.03959644E-03) ( -1.33179128E-03, -2.03959644E-03)
   0.00000000      -1.00000000       2.00000000     ( -7.00820237E-04, -3.03611159E-03) (  8.12578946E-04,  6.86850399E-04) (  4.06289473E-04,  3.43425199E-04)
   1.00000000       0.00000000       0.00000000     (  0.00000000    ,  0.00000000    ) ( -1.72108412E-02,  5.86733222E-03) (  2.54809856E-02,  2.10106373E-02)
   1.00000000       0.00000000       1.00000000     (  3.23168933E-03, -3.26894224E-03) ( -2.60025263E-02,  1.50129199E-02) ( -3.23168933E-03,  3.26894224E-03)
   1.00000000       0.00000000       2.00000000     (  1.15949661E-03,  3.29688191E-03) (  7.65547156E-03,  3.92086804E-03) ( -5.79748303E-04, -1.64844096E-03)
   1.00000000       1.00000000       0.00000000     (  5.32716513E-03,  2.72877514E-03) ( -5.32716513E-03, -2.72877514E-03) ( -7.78585672E-03,  4.33996320E-03)
   1.00000000       1.00000000       1.00000000     ( -4.15369868E-03, -1.81607902E-04) (  2.84053385E-03,  6.54836185E-07) (  1.31316483E-03,  1.81025825E-04)
   1.00000000       1.00000000       2.00000000     ( -1.76951289E-03, -3.07336450E-03) ( -5.94183803E-03, -1.96509063E-03) (  3.85567546E-03,  2.52388418E-03)
   1.00000000       2.00000000       0.00000000     ( -2.06753612E-03,  6.72414899E-03) (  1.03376806E-03, -3.36207449E-03) ( -1.62981451E-03,  8.10250640E-03)
   1.00000000       2.00000000       1.00000000     (  7.45058060E-03,  2.85916030E-03) ( -3.87430191E-03, -3.02679837E-03) (  2.83471309E-04,  3.19443643E-03)
   1.00000000      -2.00000000       0.00000000     (  3.41096893E-04, -3.55765224E-03) (  1.70548446E-04, -1.77882612E-03) ( -1.04540959E-03,  2.97091901E-03)
   1.00000000      -2.00000000       1.00000000     ( -1.94646418E-03,  9.66247171E-04) ( -2.21189111E-03,  1.86730176E-03) ( -2.46800482E-03,  2.76602805E-03)
   1.00000000      -1.00000000       0.00000000     ( -6.10947609E-03, -7.32019544E-03) ( -6.10947609E-03, -7.32019544E-03) ( -4.86150384E-03,  5.14090061E-03)
   1.00000000      -1.00000000       1.00000000     (  5.10364771E-03,  8.27014446E-03) ( -6.75208867E-04,  6.25848770E-03) ( -5.77419996E-03, -1.99768692E-03)
   1.00000000      -1.00000000       2.00000000     (  4.54485416E-03,  6.14672899E-03) (  7.69272447E-03,  3.99537385E-03) (  1.57393515E-03, -1.08266249E-03)
   2.00000000       0.00000000       0.00000000     (  0.00000000    ,  0.00000000    ) (  1.09896064E-02, -4.97326255E-03) ( -5.43892384E-03,  2.57045031E-03)
   2.00000000       0.00000000       1.00000000     ( -3.73460352E-03, -2.41212547E-03) (  2.48663127E-03,  1.05798244E-02) (  7.46920705E-03,  4.82425094E-03)
   2.00000000       1.00000000       0.00000000     ( -2.81259418E-03,  8.59145075E-04) (  5.62518835E-03, -1.71829015E-03) ( -3.95812094E-04, -9.76026058E-03)
   2.00000000       1.00000000       1.00000000     (  1.42026693E-03,  4.14438546E-03) ( -4.27477062E-03, -7.17118382E-03) (  1.43889338E-03, -1.12457201E-03)
   2.00000000      -1.00000000       0.00000000     (  1.99303031E-03,  9.12696123E-04) (  3.98606062E-03,  1.82539225E-03) ( -1.45519152E-05,  1.64844096E-03)
   2.00000000      -1.00000000       1.00000000     ( -3.50177288E-03,  9.45292413E-04) ( -2.47731805E-03, -1.98837370E-03) (  4.52622771E-03, -3.87430191E-03)
