   0.00000000       0.00000000       1.00000000     (  6.81728125E-03, -1.24052167E-02) (  3.62843275E-02, -4.54485416E-03) (  0.00000000    ,  0.00000000    )
   0.00000000       0.00000000       2.00000000     (  1.30385160E-03, -2.79396772E-04) ( -1.37835741E-03, -5.49480319E-04) (  0.00000000    ,  0.00000000    )
   0.00000000       1.00000000       0.00000000     (  2.26777047E-03, -4.23751771E-03) (  0.00000000    ,  0.00000000    ) (  1.62050128E-02,  1.56462193E-03)
   0.00000000       1.00000000       1.00000000     (  4.67523932E-03,  3.35276127E-03) (  3.50177288E-03, -1.18277967E-03) ( -3.50177288E-03,  1.18277967E-03)
   0.00000000       1.00000000       2.00000000     (  6.51925802E-04, -7.82310963E-04) ( -1.53668225E-04,  3.53902578E-04) (  7.68341124E-05, -1.76951289E-04)
   0.00000000       2.00000000       0.00000000     (  8.75443220E-04,  3.91155481E-04) (  0.00000000    ,  0.00000000    ) ( -6.51925802E-05,  3.35276127E-04)
   0.00000000       2.00000000       1.00000000     (  2.98023224E-04, -5.21540642E-04) ( -3.02679837E-05, -2.50292942E-05) (  6.05359674E-05,  5.00585884E-05)
   0.00000000      -2.00000000       0.00000000     (  8.75443220E-04, -3.91155481E-04) (  0.00000000    ,  0.00000000    ) ( -6.51925802E-05, -3.35276127E-04)
   0.00000000      -2.00000000       1.00000000     ( -4.93600965E-04,  4.74974513E-04) ( -4.09781933E-04, -3.35276127E-04) ( -8.19563866E-04, -6.70552254E-04)
   0.00000000      -1.00000000       0.00000000     (  2.26777047E-03,  4.23751771E-03) (  0.00000000    ,  0.00000000    ) (  1.62050128E-02, -1.56462193E-03)
   0.00000000      -1.00000000       1.00000000     ( -6.94766641E-03, -2.11596489E-02) ( -9.12696123E-03,  4.33064997E-03) ( -9.12696123E-03,  4.33064997E-03)
   0.00000000      -1.00000000       2.00000000     (  2.98023224E-04, -4.47034836E-04) (  5.77419996E-04,  4.51109372E-06) (  2.88709998E-04,  2.25554686E-06)
   1.00000000       0.00000000       0.00000000     (  0.00000000    ,  0.00000000    ) ( -3.15159559E-02,  1.84774399E-02) (  1.67638063E-02, -3.08267772E-03)
   1.00000000       0.00000000       1.00000000     ( -2.73808837E-03, -1.23400241E-04) ( -8.95932317E-03, -1.65030360E-02) (  2.73808837E-03,  1.23400241E-04)
   1.00000000       0.00000000       2.00000000     ( -8.19563866E-04, -5.96046448E-04) (  3.16649675E-04,  3.35276127E-04) (  4.09781933E-04,  2.98023224E-04)
   1.00000000       1.00000000       0.00000000     (  3.74391675E-03,  3.75322998E-03) ( -3.74391675E-03, -3.75322998E-03) (  5.75091690E-04,  1.09151006E-02)
   1.00000000       1.00000000       1.00000000     (  2.60770321E-04,  3.16649675E-04) ( -9.12696123E-04,  2.79396772E-04) (  6.51925802E-04, -5.96046448E-04)
   1.00000000       1.00000000       2.00000000     ( -1.06170774E-03,  1.53668225E-04) (  5.96046448E-04,  7.63684511E-04) (  2.32830644E-04, -4.56348062E-04)
   1.00000000       2.00000000       0.00000000     ( -1.49011612E-04,  7.07805157E-04) (  7.45058060E-05, -3.53902578E-04) ( -4.09781933E-04, -3.49245965E-05)
   1.00000000       2.00000000       1.00000000     (  2.60770321E-04,  3.91155481E-04) ( -2.56113708E-04, -1.18743628E-04) (  2.46800482E-04, -1.49011612E-04)
   1.00000000      -2.00000000       0.00000000     (  2.37487257E-04,  4.65661287E-04) (  1.18743628E-04,  2.32830644E-04) ( -4.28408384E-04, -5.02914190E-04)
   1.00000000      -2.00000000       1.00000000     ( -7.26431608E-04,  2.21189111E-05) ( -2.65426934E-04,  1.32713467E-04) (  1.81607902E-04,  2.42143869E-04)
   1.00000000      -1.00000000       0.00000000     (  2.05822289E-03, -2.83122063E-03) (  2.05822289E-03, -2.83122063E-03) ( -6.94766641E-03,  2.55554914E-02)
   1.00000000      -1.00000000       1.00000000     (  1.34110451E-03,  7.07805157E-04) (  2.44472176E-05, -1.26659870E-03) ( -1.30385160E-03, -1.97440386E-03)
   1.00000000      -1.00000000       2.00000000     ( -7.45058060E-04, -9.08039510E-05) (  4.07453626E-05,  3.25962901E-04) (  3.91155481E-04,  2.09547579E-04)
   2.00000000       0.00000000       0.00000000     (  0.00000000    ,  0.00000000    ) (  7.68341124E-05,  1.02445483E-03) ( -4.28408384E-04, -3.35276127E-04)
   2.00000000       0.00000000       1.00000000     ( -1.21071935E-04,  7.10133463E-05) ( -3.91155481E-04, -4.54019755E-05) (  2.42143869E-04, -1.42026693E-04)
   2.00000000       1.00000000       0.00000000     (  4.36557457E-07, -5.67524694E-06) ( -8.73114914E-07,  1.13504939E-05) (  2.00234354E-04,  2.18860805E-04)
   2.00000000       1.00000000       1.00000000     ( -6.86850399E-05, -4.54019755E-05) ( -4.09781933E-04,  3.63215804E-04) (  5.49480319E-04, -2.74740160E-04)
   2.00000000      -1.00000000       0.00000000     ( -3.91155481E-04, -3.02679837E-04) ( -7.82310963E-04, -6.05359674E-04) (  3.44589353E-04,  2.56113708E-04)
   2.00000000      -1.00000000       1.00000000     ( -3.27418093E-06, -6.89178705E-04) ( -2.74740160E-04, -3.07336450E-04) ( -2.70083547E-04,  1.06170774E-03)
