   0.00000000       0.00000000       1.00000000     (  4.88013029E-03, -1.21071935E-02) (  3.24100256E-02, -2.24448740E-03) (  0.00000000    ,  0.00000000    )
   0.00000000       0.00000000       2.00000000     (  2.19792128E-03, -4.09781933E-04) ( -2.53319740E-03, -1.24797225E-03) (  0.00000000    ,  0.00000000    )
   0.00000000       1.00000000       0.00000000     (  3.23168933E-03, -3.88361514E-03) (  0.00000000    ,  0.00000000    ) (  1.59069896E-02, -1.06228981E-04)
   0.00000000       1.00000000       1.00000000     (  2.83122063E-03,  2.06753612E-03) (  3.85567546E-03, -1.20140612E-03) ( -3.85567546E-03,  1.20140612E-03)
   0.00000000       1.00000000       2.00000000     (  1.26659870E-03, -1.45286322E-03) ( -2.16532499E-04,  7.26431608E-04) (  1.08266249E-04, -3.63215804E-04)
   0.00000000       2.00000000       0.00000000     (  1.32247806E-03,  8.94069672E-04) (  0.00000000    ,  0.00000000    ) ( -3.08500603E-05,  6.89178705E-04)
   0.00000000       2.00000000       1.00000000     (  1.19907781E-04, -1.17346644E-03) ( -5.99538907E-05,  1.55996531E-04) (  1.19907781E-04, -3.11993062E-04)
   0.00000000      -2.00000000       0.00000000     (  1.32247806E-03, -8.94069672E-04) (  0.00000000    ,  0.00000000    ) ( -3.08500603E-05, -6.89178705E-04)
   0.00000000      -2.00000000       1.00000000     ( -8.00937414E-04,  9.03382897E-04) ( -6.23986125E-04, -3.95812094E-04) ( -1.24797225E-03, -7.91624188E-04)
   0.00000000      -1.00000000       0.00000000     (  3.23168933E-03,  3.88361514E-03) (  0.00000000    ,  0.00000000    ) (  1.59069896E-02,  1.06228981E-04)
   0.00000000      -1.00000000       1.00000000     ( -6.83590770E-03, -1.82539225E-02) ( -8.36327672E-03,  4.63798642E-03) ( -8.36327672E-03,  4.63798642E-03)
   0.00000000      -1.00000000       2.00000000     (  3.02679837E-04, -8.56816769E-04) (  9.87201929E-04,  1.03609636E-04) (  4.93600965E-04,  5.18048182E-05)
   1.00000000       0.00000000       0.00000000     (  0.00000000    ,  0.00000000    ) ( -2.96533108E-02,  1.56462193E-02) (  1.56834722E-02, -3.74391675E-03)
   1.00000000       0.00000000       1.00000000     ( -2.34693289E-03, -5.20376489E-04) ( -6.35161996E-03, -1.46031380E-02) (  2.34693289E-03,  5.20376489E-04)
   1.00000000       0.00000000       2.00000000     ( -1.35973096E-03, -9.59262252E-04) (  3.67872417E-04,  5.86733222E-04) (  6.79865479E-04,  4.79631126E-04)
   1.00000000       1.00000000       0.00000000     (  3.51108611E-03,  2.99885869E-03) ( -3.51108611E-03, -2.99885869E-03) (  2.36555934E-03,  1.06915832E-02)
   1.00000000       1.00000000       1.00000000     (  2.04890966E-04,  3.39932740E-04) ( -1.13621354E-03,  6.79865479E-04) (  9.40635800E-04, -1.01514161E-03)
   1.00000000       1.00000000       2.00000000     ( -1.56462193E-03,  1.90921128E-04) (  9.59262252E-04,  1.13621354E-03) (  3.02679837E-04, -6.70552254E-04)
   1.00000000       2.00000000       0.00000000     ( -7.10133463E-05,  1.26659870E-03) (  3.55066732E-05, -6.33299351E-04) ( -7.91624188E-04,  1.16415322E-04)
   1.00000000       2.00000000       1.00000000     (  6.51925802E-04,  7.07805157E-04) ( -3.67872417E-04, -2.32830644E-04) (  7.79982656E-05, -2.42143869E-04)
   1.00000000      -2.00000000       0.00000000     (  4.61004674E-04,  6.14672899E-04) (  2.30502337E-04,  3.07336450E-04) ( -7.63684511E-04, -5.30853868E-04)
   1.00000000      -2.00000000       1.00000000     ( -1.04308128E-03,  1.08266249E-04) ( -4.19095159E-04,  2.98023224E-04) (  2.04890966E-04,  4.88944352E-04)
   1.00000000      -1.00000000       0.00000000     (  2.45869160E-03, -1.83936208E-03) (  2.45869160E-03, -1.83936208E-03) ( -6.16535544E-03,  2.08616257E-02)
   1.00000000      -1.00000000       1.00000000     (  1.89989805E-03,  1.21071935E-03) ( -3.17231752E-05, -2.03028321E-03) ( -1.93715096E-03, -3.24100256E-03)
   1.00000000      -1.00000000       2.00000000     ( -1.41561031E-03, -2.70083547E-04) (  2.88709998E-04,  3.16649675E-04) (  8.47503543E-04,  2.93366611E-04)
   2.00000000       0.00000000       0.00000000     (  0.00000000    ,  0.00000000    ) ( -8.14907253E-05,  1.63912773E-03) ( -6.51925802E-04, -6.33299351E-04)
   2.00000000       0.00000000       1.00000000     ( -2.14204192E-04,  1.55996531E-04) ( -8.19563866E-04, -2.53785402E-04) (  4.28408384E-04, -3.11993062E-04)
   2.00000000       1.00000000       0.00000000     ( -6.22821972E-05, -9.42964107E-05) (  1.24564394E-04,  1.88592821E-04) (  2.98023224E-04,  3.86498868E-04)
   2.00000000       1.00000000       1.00000000     ( -1.26892701E-04, -1.60071068E-05) ( -6.05359674E-04,  5.40167093E-04) (  8.56816769E-04, -5.12227416E-04)
   2.00000000      -1.00000000       0.00000000     ( -7.17118382E-04, -5.58793545E-04) ( -1.43423676E-03, -1.11758709E-03) (  6.89178705E-04,  8.28877091E-04)
   2.00000000      -1.00000000       1.00000000     (  1.28056854E-04, -1.08033419E-03) ( -4.28408384E-04, -2.93366611E-04) ( -6.79865479E-04,  1.86264515E-03)
