   0.00000000       0.00000000       1.00000000     (  2.30967999E-02,  1.16229057E-02) (  5.12227416E-04, -2.32458115E-02) (  0.00000000    ,  0.00000000    )
   0.00000000       0.00000000       2.00000000     (  6.63101673E-03, -4.12575901E-03) (  1.56462193E-03,  1.45751983E-03) (  0.00000000    ,  0.00000000    )
   0.00000000       1.00000000       0.00000000     ( -2.64495611E-03,  1.16229057E-02) (  0.00000000    ,  0.00000000    ) (  1.97440386E-03, -2.60770321E-03)
   0.00000000       1.00000000       1.00000000     (  3.19443643E-03, -3.73460352E-03) (  6.74277544E-03, -7.24568963E-03) ( -6.74277544E-03,  7.24568963E-03)
   0.00000000       1.00000000       2.00000000     ( -7.28294253E-03, -8.73114914E-04) ( -6.89178705E-03,  5.39002940E-04) (  3.44589353E-03, -2.69501470E-04)
   0.00000000       2.00000000       0.00000000     ( -4.26080078E-04, -6.46337867E-03) (  0.00000000    ,  0.00000000    ) ( -4.82425094E-03,  3.83006409E-04)
   0.00000000       2.00000000       1.00000000     (  5.60656190E-03,  1.48080289E-03) ( -1.38767064E-03, -2.44937837E-03) (  2.77534127E-03,  4.89875674E-03)
   0.00000000      -2.00000000       0.00000000     ( -4.26080078E-04,  6.46337867E-03) (  0.00000000    ,  0.00000000    ) ( -4.82425094E-03, -3.83006409E-04)
   0.00000000      -2.00000000       1.00000000     ( -9.16421413E-03, -2.57976353E-03) ( -1.65309757E-03,  1.03842467E-03) ( -3.30619514E-03,  2.07684934E-03)
   0.00000000      -1.00000000       0.00000000     ( -2.64495611E-03, -1.16229057E-02) (  0.00000000    ,  0.00000000    ) (  1.97440386E-03,  2.60770321E-03)
   0.00000000      -1.00000000       1.00000000     (  1.04680657E-02, -1.30757689E-02) ( -2.41212547E-03, -2.53319740E-03) ( -2.41212547E-03, -2.53319740E-03)
   0.00000000      -1.00000000       2.00000000     ( -3.43658030E-03, -4.08617780E-04) (  5.56465238E-04,  3.40864062E-03) (  2.78232619E-04,  1.70432031E-03)
   1.00000000       0.00000000       0.00000000     (  0.00000000    ,  0.00000000    ) ( -2.03400850E-02,  5.30853868E-03) (  2.40653753E-02,  1.98930502E-02)
   1.00000000       0.00000000       1.00000000     (  1.96509063E-03, -4.24683094E-03) ( -2.50339508E-02,  1.56462193E-02) ( -1.96509063E-03,  4.24683094E-03)
   1.00000000       0.00000000       2.00000000     (  1.04540959E-03,  2.25380063E-03) (  5.12227416E-03,  5.02914190E-03) ( -5.22704795E-04, -1.12690032E-03)
   1.00000000       1.00000000       0.00000000     (  5.27128577E-03,  1.14552677E-03) ( -5.27128577E-03, -1.14552677E-03) ( -6.81728125E-03,  3.03611159E-03)
   1.00000000       1.00000000       1.00000000     ( -3.29688191E-03,  9.82545316E-04) (  2.33761966E-03, -5.70435077E-04) (  9.59262252E-04, -4.13274392E-04)
   1.00000000       1.00000000       2.00000000     ( -2.16066837E-03, -2.49594450E-03) ( -4.54485416E-03, -3.66009772E-03) (  3.35276127E-03,  3.07336450E-03)
   1.00000000       2.00000000       0.00000000     ( -1.85333192E-03,  5.38304448E-03) (  9.26665962E-04, -2.69152224E-03) ( -5.70435077E-04,  9.35047865E-03)
   1.00000000       2.00000000       1.00000000     (  6.50063157E-03,  2.71014869E-03) ( -2.32830644E-03, -2.20723450E-03) ( -1.85333192E-03,  1.71363354E-03)
   1.00000000      -2.00000000       0.00000000     ( -4.30736691E-04, -1.59256160E-03) ( -2.15368345E-04, -7.96280801E-04) ( -2.41212547E-03,  8.61473382E-04)
   1.00000000      -2.00000000       1.00000000     ( -2.08616257E-03,  7.33416528E-04) ( -2.03959644E-03,  1.43889338E-03) ( -1.98837370E-03,  2.14204192E-03)
   1.00000000      -1.00000000       0.00000000     ( -5.64381480E-03, -4.09781933E-03) ( -5.64381480E-03, -4.09781933E-03) ( -4.32133675E-03,  4.39584255E-03)
   1.00000000      -1.00000000       1.00000000     (  7.54371285E-03,  8.21426511E-03) (  1.63912773E-03,  7.43195415E-03) ( -5.90458512E-03, -7.91624188E-04)
   1.00000000      -1.00000000       2.00000000     (  3.76254320E-03,  6.05359674E-03) (  5.92321157E-03,  2.08150595E-03) (  1.08033419E-03, -1.97906047E-03)
   2.00000000       0.00000000       0.00000000     (  0.00000000    ,  0.00000000    ) (  1.10641122E-02, -6.31436706E-03) ( -3.76254320E-03,  4.15369868E-03)
   2.00000000       0.00000000       1.00000000     ( -4.39584255E-03, -6.40284270E-04) (  3.52039933E-03,  1.09151006E-02) (  8.79168510E-03,  1.28056854E-03)
   2.00000000       1.00000000       0.00000000     ( -2.00700015E-03,  6.35627657E-04) (  4.01400030E-03, -1.27125531E-03) ( -1.29453838E-03, -6.79865479E-03)
   2.00000000       1.00000000       1.00000000     (  2.14669853E-03,  4.50760126E-03) ( -5.08502126E-03, -7.80448318E-03) (  7.82310963E-04, -1.20140612E-03)
   2.00000000      -1.00000000       0.00000000     (  1.35041773E-03, -5.27361408E-04) (  2.70083547E-03, -1.05472282E-03) (  4.71482053E-04,  1.97906047E-03)
   2.00000000      -1.00000000       1.00000000     ( -3.92086804E-03,  5.02914190E-04) ( -3.65078449E-03, -1.84401870E-03) (  4.20026481E-03, -2.84984708E-03)
