   0.00000000       0.00000000       1.00000000     (  1.73598528E-02, -9.94186848E-04) (  3.48687172E-02, -2.01165676E-02) (  0.00000000    ,  0.00000000    )
   0.00000000       0.00000000       2.00000000     (  1.35973096E-03, -2.58907676E-03) ( -2.14204192E-03,  9.19681042E-05) (  0.00000000    ,  0.00000000    )
   0.00000000       1.00000000       0.00000000     ( -1.12503767E-02, -1.99303031E-03) (  0.00000000    ,  0.00000000    ) (  7.24568963E-03,  1.38208270E-02)
   0.00000000       1.00000000       1.00000000     (  8.00937414E-03,  1.01700425E-02) ( -2.21189111E-03, -2.90572643E-03) (  2.21189111E-03,  2.90572643E-03)
   0.00000000       1.00000000       2.00000000     ( -9.59262252E-04, -9.49949026E-04) ( -8.94069672E-04,  2.28174031E-04) (  4.47034836E-04, -1.14087015E-04)
   0.00000000       2.00000000       0.00000000     (  6.89178705E-04,  2.70083547E-03) (  0.00000000    ,  0.00000000    ) ( -3.27825546E-03,  1.93715096E-03)
   0.00000000       2.00000000       1.00000000     (  2.23517418E-03, -9.31322575E-04) ( -7.45058060E-04,  1.76951289E-04) (  1.49011612E-03, -3.53902578E-04)
   0.00000000      -2.00000000       0.00000000     (  6.89178705E-04, -2.70083547E-03) (  0.00000000    ,  0.00000000    ) ( -3.27825546E-03, -1.93715096E-03)
   0.00000000      -2.00000000       1.00000000     ( -1.52736902E-03, -3.05008143E-04) (  1.62981451E-04, -7.63684511E-04) (  3.25962901E-04, -1.52736902E-03)
   0.00000000      -1.00000000       0.00000000     ( -1.12503767E-02,  1.99303031E-03) (  0.00000000    ,  0.00000000    ) (  7.24568963E-03, -1.38208270E-02)
   0.00000000      -1.00000000       1.00000000     ( -2.47731805E-03, -2.97278166E-02) ( -5.96046448E-03,  2.33296305E-03) ( -5.96046448E-03,  2.33296305E-03)
   0.00000000      -1.00000000       2.00000000     (  1.22003257E-03, -1.14960130E-05) ( -6.00703061E-04, -8.84756446E-04) ( -3.00351530E-04, -4.42378223E-04)
   1.00000000       0.00000000       0.00000000     (  0.00000000    ,  0.00000000    ) ( -1.87754631E-02,  1.77323818E-02) (  2.39163637E-02,  1.09523535E-02)
   1.00000000       0.00000000       1.00000000     ( -2.27708369E-03, -1.29453838E-03) ( -2.41398811E-02, -8.79168510E-03) (  2.27708369E-03,  1.29453838E-03)
   1.00000000       0.00000000       2.00000000     ( -1.31316483E-03,  1.02445483E-03) (  9.77888703E-04,  1.21071935E-03) (  6.56582415E-04, -5.12227416E-04)
   1.00000000       1.00000000       0.00000000     (  2.43308023E-04,  1.90921128E-03) ( -2.43308023E-04, -1.90921128E-03) ( -9.64850187E-03,  1.15856528E-02)
   1.00000000       1.00000000       1.00000000     (  9.49949026E-04, -4.28408384E-04) ( -2.77534127E-03, -1.49011612E-04) (  1.82539225E-03,  5.77419996E-04)
   1.00000000       1.00000000       2.00000000     ( -2.51457095E-03, -3.25962901E-05) (  3.91155481E-04,  1.28522515E-03) (  1.06170774E-03, -6.23986125E-04)
   1.00000000       2.00000000       0.00000000     (  1.56462193E-03, -4.05125320E-04) ( -7.82310963E-04,  2.02562660E-04) (  1.16415322E-04,  1.86264515E-03)
   1.00000000       2.00000000       1.00000000     (  8.84756446E-04,  9.96515155E-04) ( -1.01514161E-03,  1.39698386E-05) (  1.15483999E-03, -1.02445483E-03)
   1.00000000      -2.00000000       0.00000000     ( -1.52736902E-03, -2.56113708E-04) ( -7.63684511E-04, -1.28056854E-04) ( -1.35041773E-03, -1.91852450E-03)
   1.00000000      -2.00000000       1.00000000     ( -1.14552677E-03, -3.58559191E-04) ( -3.63215804E-04, -2.46800482E-04) (  4.19095159E-04, -1.33877620E-04)
   1.00000000      -1.00000000       0.00000000     ( -5.34346327E-04, -7.71135092E-03) ( -5.34346327E-04, -7.71135092E-03) ( -1.06170774E-02,  2.68220901E-02)
   1.00000000      -1.00000000       1.00000000     (  2.86847353E-03,  9.49949026E-04) ( -5.21540642E-04, -3.12924385E-03) ( -3.39001417E-03, -4.09781933E-03)
   1.00000000      -1.00000000       2.00000000     ( -2.30967999E-03,  1.99303031E-03) ( -1.30385160E-03,  1.40629709E-03) (  5.02914190E-04, -2.91038305E-04)
   2.00000000       0.00000000       0.00000000     (  0.00000000    ,  0.00000000    ) (  1.50874257E-03,  3.35276127E-03) ( -7.17118382E-04,  2.01165676E-03)
   2.00000000       0.00000000       1.00000000     (  3.02679837E-04, -7.45058060E-04) (  9.59262252E-04,  1.75088644E-03) ( -6.05359674E-04,  1.49011612E-03)
   2.00000000       1.00000000       0.00000000     (  3.81842256E-04,  1.22003257E-03) ( -7.63684511E-04, -2.44006515E-03) ( -1.69500709E-03,  2.88709998E-03)
   2.00000000       1.00000000       1.00000000     (  7.45058060E-04,  2.46800482E-04) ( -7.35744834E-04, -1.58324838E-03) ( -7.63684511E-04,  1.08964741E-03)
   2.00000000      -1.00000000       0.00000000     ( -5.30853868E-04,  4.33064997E-04) ( -1.06170774E-03,  8.66129994E-04) ( -1.10827386E-03, -1.47847459E-04)
   2.00000000      -1.00000000       1.00000000     ( -8.28877091E-04, -5.64614311E-05) ( -2.55182385E-03, -3.30619514E-04) ( -8.94069672E-04, -2.16532499E-04)
