    0.000000        0.000000       -2.000000      (8.0466270E-03,3.0267984E-03)
   (4.3306500E-03,-2.2770837E-03)  (0.000000,0.000000)
    0.000000        0.000000       -1.000000      
 (2.3171306E-02,-1.2256205E-02)  (-3.2223761E-03,2.0936131E-02)  
 (0.000000,0.000000)
    0.000000        1.000000       -2.000000      
 (-8.4750354E-03,-2.3189932E-03)  (-2.8754584E-04,-5.0663948E-03)  
 (-1.4377292E-04,-2.5331974E-03)
    0.000000        1.000000       -1.000000      (8.1583858E-03,1.0877848E-02)
   (-2.8498471E-03,3.3341348E-03)  (-2.8498471E-03,3.3341348E-03)
    0.000000        2.000000       -1.000000      
 (-1.1362135E-02,7.3201954E-03)  (-3.2596290E-03,-9.2899427E-04)  
 (-6.5192580E-03,-1.8579885E-03)
    0.000000       -2.000000       -1.000000      (9.4622374E-03,1.8253922E-03)
   (-4.8195943E-04,2.5564805E-03)  (9.6391886E-04,-5.1129609E-03)
    0.000000       -1.000000       -2.000000      
 (-8.1025064E-03,1.7974526E-03)  (-8.3260238E-03,-2.9045623E-04)  
 (4.1630119E-03,1.4522811E-04)
    0.000000       -1.000000       -1.000000      (3.7532300E-03,1.7741695E-03)
   (7.3947012E-03,6.4074993E-03)  (-7.3947012E-03,-6.4074993E-03)
    1.000000        0.000000       -2.000000      (5.6065619E-03,4.6379864E-03)
   (-2.5006011E-03,8.0838799E-03)  (2.8032809E-03,2.3189932E-03)
    1.000000        0.000000       -1.000000      (4.0791929E-03,1.5716068E-04)
   (9.6112490E-03,-1.7276034E-03)  (4.0791929E-03,1.5716068E-04)
    1.000000        1.000000       -2.000000      
 (-3.4086406E-03,-3.3900142E-03)  (2.7380884E-03,-1.1436641E-02)  
 (-3.3411197E-04,-7.4133277E-03)
    1.000000        1.000000       -1.000000      
 (-8.3073974E-03,-5.3644180E-03)  (4.1630119E-03,-4.7963113E-04)  
 (-4.1536987E-03,-5.8487058E-03)
    1.000000        2.000000       -1.000000      
 (-8.9034438E-03,-4.0791929E-03)  (1.6158447E-03,1.9324943E-03)  
 (-5.6624413E-03,-2.2118911E-04)
    1.000000       -2.000000       -1.000000      
 (-3.3061951E-04,-5.6438148E-03)  (-1.1641532E-03,-3.7811697E-03)  
 (1.9930303E-03,1.9231811E-03)
    1.000000       -1.000000       -2.000000      (3.5297126E-03,2.4959445E-03)
   (-1.9837171E-03,2.4074689E-03)  (2.7567148E-03,4.2782631E-05)
    1.000000       -1.000000       -1.000000      
 (-7.5250864E-03,2.0628795E-03)  (-8.2701445E-03,1.1292286E-03)  
 (7.3108822E-04,9.3597919E-04)
    2.000000        0.000000       -1.000000      
 (-1.2246892E-03,3.6507845E-03)  (-3.4365803E-03,6.1467290E-03)  
 (-2.4493784E-03,7.3015690E-03)
    2.000000        1.000000       -1.000000      (6.8452209E-04,1.0011718E-03)
   (3.6228448E-03,-6.6496432E-03)  (4.9918890E-03,-4.6379864E-03)
    2.000000       -1.000000       -1.000000      
 (-1.0011718E-03,-6.9383532E-04)  (1.5599653E-03,2.5518239E-03)  
 (-3.5669655E-03,-3.9394945E-03)
