   0.00000000       0.00000000      -2.00000000     (  7.26431608E-03,  2.92435288E-03) ( -1.05053186E-02,  4.48897481E-03) (  0.00000000    ,  0.00000000    )
   0.00000000       0.00000000      -1.00000000     ( -6.79865479E-04,  1.18091702E-02) (  2.14576721E-02, -6.37024641E-03) (  0.00000000    ,  0.00000000    )
   0.00000000       1.00000000      -2.00000000     ( -1.67638063E-03,  2.25380063E-03) (  9.48784873E-05, -2.75671482E-03) (  4.74392436E-05, -1.37835741E-03)
   0.00000000       1.00000000      -1.00000000     ( -8.94069672E-03,  1.15856528E-02) ( -5.79282641E-03, -6.25848770E-03) ( -5.79282641E-03, -6.25848770E-03)
   0.00000000       2.00000000      -1.00000000     (  1.93715096E-03,  2.96859071E-04) ( -7.82310963E-04, -7.45058060E-05) ( -1.56462193E-03, -1.49011612E-04)
   0.00000000      -2.00000000      -1.00000000     (  1.33877620E-04,  1.49011612E-03) ( -1.07102096E-03, -7.96280801E-04) (  2.14204192E-03,  1.59256160E-03)
   0.00000000      -1.00000000      -2.00000000     (  4.61935997E-03,  3.18512321E-03) ( -3.40864062E-03, -1.70432031E-03) (  1.70432031E-03,  8.52160156E-04)
   0.00000000      -1.00000000      -1.00000000     ( -6.98491931E-03,  3.37138772E-03) (  4.07919288E-03,  1.31316483E-03) ( -4.07919288E-03, -1.31316483E-03)
   1.00000000       0.00000000      -2.00000000     ( -1.49942935E-03, -1.06636435E-03) ( -2.08383426E-04,  4.99188900E-03) ( -7.49714673E-04, -5.33182174E-04)
   1.00000000       0.00000000      -1.00000000     (  1.07660890E-02, -5.94183803E-03) ( -3.85567546E-03,  3.18884850E-02) (  1.07660890E-02, -5.94183803E-03)
   1.00000000       1.00000000      -2.00000000     (  7.96280801E-04,  1.78813934E-03) ( -2.73808837E-03, -7.82310963E-04) ( -9.73232090E-04,  5.02914190E-04)
   1.00000000       1.00000000      -1.00000000     (  2.64495611E-03,  5.10364771E-03) ( -3.02679837E-04, -3.22237611E-03) (  2.34693289E-03,  1.87195837E-03)
   1.00000000       2.00000000      -1.00000000     (  1.86264515E-03,  1.72294676E-03) (  1.30385160E-04,  8.17817636E-05) (  2.12341547E-03,  1.89058483E-03)
   1.00000000      -2.00000000      -1.00000000     (  8.75443220E-04,  2.77534127E-03) (  1.67055987E-04,  8.61473382E-04) (  5.37838787E-04,  1.06170774E-03)
   1.00000000      -1.00000000      -2.00000000     ( -4.51691449E-04, -5.17815351E-03) ( -8.38190317E-04,  2.73808837E-03) (  1.93249434E-04, -3.96743417E-03)
   1.00000000      -1.00000000      -1.00000000     ( -2.43075192E-03,  5.98374754E-04) ( -2.46800482E-03, -4.65661287E-03) (  2.88127922E-05,  5.25265932E-03)
   2.00000000       0.00000000      -1.00000000     ( -1.32247806E-03, -4.72646207E-04) ( -4.60073352E-03,  4.67989594E-04) ( -2.64495611E-03, -9.45292413E-04)
   2.00000000       1.00000000      -1.00000000     (  1.96509063E-03,  1.92783773E-03) ( -3.14787030E-03, -2.84984708E-03) (  7.77654350E-04,  1.00582838E-03)
   2.00000000      -1.00000000      -1.00000000     ( -3.01224645E-05, -1.02445483E-03) (  5.63450158E-04, -1.78115442E-04) ( -6.23986125E-04, -1.87195837E-03)
