   0.00000000       0.00000000       1.00000000     (  2.13831663E-02,  2.23517418E-03) (  3.36766243E-02, -2.57045031E-02) (  0.00000000    ,  0.00000000    )
   0.00000000       0.00000000       2.00000000     (  1.11758709E-04, -4.09781933E-04) ( -3.16649675E-04, -7.91624188E-05) (  0.00000000    ,  0.00000000    )
   0.00000000       1.00000000       0.00000000     ( -1.60560012E-02, -9.80217010E-04) (  0.00000000    ,  0.00000000    ) (  5.43892384E-03,  1.57579780E-02)
   0.00000000       1.00000000       1.00000000     (  7.89761543E-03,  9.46223736E-03) ( -2.80328095E-03, -5.27128577E-03) (  2.80328095E-03,  5.27128577E-03)
   0.00000000       1.00000000       2.00000000     ( -2.23517418E-04, -9.31322575E-05) ( -1.58324838E-04,  6.51925802E-05) (  7.91624188E-05, -3.25962901E-05)
   0.00000000       2.00000000       0.00000000     (  1.21071935E-04,  4.09781933E-04) (  0.00000000    ,  0.00000000    ) ( -4.47034836E-04,  4.28408384E-04)
   0.00000000       2.00000000       1.00000000     (  2.42143869E-04, -6.51925802E-05) ( -1.30385160E-04,  6.51925802E-05) (  2.60770321E-04, -1.30385160E-04)
   0.00000000      -2.00000000       0.00000000     (  1.21071935E-04, -4.09781933E-04) (  0.00000000    ,  0.00000000    ) ( -4.47034836E-04, -4.28408384E-04)
   0.00000000      -2.00000000       1.00000000     ( -4.09781933E-04,  9.31322575E-06) ( -1.97906047E-05, -4.65661287E-05) ( -3.95812094E-05, -9.31322575E-05)
   0.00000000      -1.00000000       0.00000000     ( -1.60560012E-02,  9.80217010E-04) (  0.00000000    ,  0.00000000    ) (  5.43892384E-03, -1.57579780E-02)
   0.00000000      -1.00000000       1.00000000     (  3.24798748E-04, -3.08454037E-02) ( -4.20957804E-03,  3.20374966E-03) ( -4.20957804E-03,  3.20374966E-03)
   0.00000000      -1.00000000       2.00000000     (  1.07102096E-04, -4.07453626E-06) ( -1.21071935E-04, -1.21071935E-04) ( -6.05359674E-05, -6.05359674E-05)
   1.00000000       0.00000000       0.00000000     (  0.00000000    ,  0.00000000    ) ( -1.58324838E-02,  1.69128180E-02) (  2.90572643E-02,  1.69128180E-02)
   1.00000000       0.00000000       1.00000000     ( -4.14729584E-05, -2.97091901E-03) ( -2.97278166E-02, -4.14438546E-03) (  4.14729584E-05,  2.97091901E-03)
   1.00000000       0.00000000       2.00000000     ( -7.45058060E-05,  2.60770321E-04) (  1.76951289E-04,  2.04890966E-04) (  3.72529030E-05, -1.30385160E-04)
   1.00000000       1.00000000       0.00000000     (  1.70432031E-03,  2.48663127E-03) ( -1.70432031E-03, -2.48663127E-03) ( -1.05425715E-02,  1.23679638E-02)
   1.00000000       1.00000000       1.00000000     (  1.95577741E-04, -1.58324838E-04) ( -3.72529030E-04, -1.86264515E-05) (  1.86264515E-04,  1.76951289E-04)
   1.00000000       1.00000000       2.00000000     ( -2.42143869E-04, -4.65661287E-05) (  3.95812094E-05,  1.02445483E-04) (  9.77888703E-05, -2.79396772E-05)
   1.00000000       2.00000000       0.00000000     (  9.31322575E-05,  2.21189111E-05) ( -4.65661287E-05, -1.10594556E-05) (  2.23517418E-04,  1.67638063E-04)
   1.00000000       2.00000000       1.00000000     (  2.79396772E-04,  1.67638063E-04) ( -2.04890966E-04, -5.58793545E-05) (  1.21071935E-04, -5.35510480E-05)
   1.00000000      -2.00000000       0.00000000     ( -1.86264515E-04, -1.30385160E-04) ( -9.31322575E-05, -6.51925802E-05) ( -1.76951289E-04, -2.60770321E-04)
   1.00000000      -2.00000000       1.00000000     ( -1.11758709E-04,  9.31322575E-05) ( -4.65661287E-05,  7.45058060E-05) (  2.21189111E-05,  6.05359674E-05)
   1.00000000      -1.00000000       0.00000000     ( -1.00350007E-03, -1.07288361E-02) ( -1.00350007E-03, -1.07288361E-02) ( -1.25169754E-02,  2.39163637E-02)
   1.00000000      -1.00000000       1.00000000     (  3.35276127E-04,  9.31322575E-05) ( -1.21071935E-04, -4.84287739E-04) ( -4.47034836E-04, -5.96046448E-04)
   1.00000000      -1.00000000       2.00000000     ( -3.91155481E-04,  3.72529030E-04) ( -1.49011612E-04,  1.58324838E-04) (  1.30385160E-04, -1.11758709E-04)
   2.00000000       0.00000000       0.00000000     (  0.00000000    ,  0.00000000    ) (  2.98023224E-04,  4.84287739E-04) ( -1.49011612E-04,  3.53902578E-04)
   2.00000000       0.00000000       1.00000000     (  1.02445483E-04, -1.76951289E-04) (  1.11758709E-04,  2.60770321E-04) ( -2.04890966E-04,  3.53902578E-04)
   2.00000000       1.00000000       0.00000000     ( -3.25962901E-05,  1.76951289E-04) (  6.51925802E-05, -3.53902578E-04) ( -2.14204192E-04,  3.53902578E-04)
   2.00000000       1.00000000       1.00000000     (  7.91624188E-05,  6.05359674E-05) (  4.65661287E-05, -3.91155481E-04) ( -2.14204192E-04,  2.79396772E-04)
   2.00000000      -1.00000000       0.00000000     ( -8.84756446E-05,  1.30385160E-04) ( -1.76951289E-04,  2.60770321E-04) ( -1.30385160E-04,  4.65661287E-05)
   2.00000000      -1.00000000       1.00000000     ( -1.49011612E-04,  3.02679837E-05) ( -4.09781933E-04,  2.21189111E-05) ( -1.07102096E-04, -4.19095159E-05)
