   0.00000000       0.00000000       1.00000000     (  1.85891986E-02,  4.57512215E-04) (  3.36021185E-02, -2.20537186E-02) (  0.00000000    ,  0.00000000    )
   0.00000000       0.00000000       2.00000000     (  9.96515155E-04, -2.42143869E-03) ( -1.91852450E-03, -1.53668225E-04) (  0.00000000    ,  0.00000000    )
   0.00000000       1.00000000       0.00000000     ( -1.31502748E-02, -1.44354999E-03) (  0.00000000    ,  0.00000000    ) (  6.22123480E-03,  1.44541264E-02)
   0.00000000       1.00000000       1.00000000     (  7.74860382E-03,  9.79751348E-03) ( -2.53319740E-03, -3.70666385E-03) (  2.53319740E-03,  3.70666385E-03)
   0.00000000       1.00000000       2.00000000     ( -1.08033419E-03, -7.54371285E-04) ( -9.03382897E-04,  2.42143869E-04) (  4.51691449E-04, -1.21071935E-04)
   0.00000000       2.00000000       0.00000000     (  7.35744834E-04,  2.53319740E-03) (  0.00000000    ,  0.00000000    ) ( -2.94297934E-03,  2.17929482E-03)
   0.00000000       2.00000000       1.00000000     (  1.76951289E-03, -7.45058060E-04) ( -6.79865479E-04,  2.77068466E-04) (  1.35973096E-03, -5.54136932E-04)
   0.00000000      -2.00000000       0.00000000     (  7.35744834E-04, -2.53319740E-03) (  0.00000000    ,  0.00000000    ) ( -2.94297934E-03, -2.17929482E-03)
   0.00000000      -2.00000000       1.00000000     ( -1.88127160E-03, -1.58324838E-04) (  8.84756446E-05, -5.35510480E-04) (  1.76951289E-04, -1.07102096E-03)
   0.00000000      -1.00000000       0.00000000     ( -1.31502748E-02,  1.44354999E-03) (  0.00000000    ,  0.00000000    ) (  6.22123480E-03, -1.44541264E-02)
   0.00000000      -1.00000000       1.00000000     ( -1.39232725E-03, -2.96533108E-02) ( -5.10364771E-03,  2.67289579E-03) ( -5.10364771E-03,  2.67289579E-03)
   0.00000000      -1.00000000       2.00000000     (  9.22009349E-04,  1.67347025E-05) ( -7.54371285E-04, -7.54371285E-04) ( -3.77185643E-04, -3.77185643E-04)
   1.00000000       0.00000000       0.00000000     (  0.00000000    ,  0.00000000    ) ( -1.69128180E-02,  1.69500709E-02) (  2.55554914E-02,  1.31502748E-02)
   1.00000000       0.00000000       1.00000000     ( -1.34576112E-03, -2.03493983E-03) ( -2.59280205E-02, -6.66826963E-03) (  1.34576112E-03,  2.03493983E-03)
   1.00000000       0.00000000       2.00000000     ( -8.75443220E-04,  1.27591193E-03) (  9.12696123E-04,  1.15483999E-03) (  4.37721610E-04, -6.37955964E-04)
   1.00000000       1.00000000       0.00000000     (  7.17118382E-04,  1.83470547E-03) ( -7.17118382E-04, -1.83470547E-03) ( -9.94652510E-03,  1.16974115E-02)
   1.00000000       1.00000000       1.00000000     (  1.02445483E-03, -6.51925802E-04) ( -2.44006515E-03, -1.37370080E-04) (  1.39698386E-03,  7.91624188E-04)
   1.00000000       1.00000000       2.00000000     ( -1.84401870E-03, -1.76951289E-04) (  2.95694917E-04,  9.31322575E-04) (  7.72997737E-04, -3.77185643E-04)
   1.00000000       2.00000000       0.00000000     (  1.14552677E-03, -1.79279596E-04) ( -5.72763383E-04,  8.96397978E-05) (  6.89178705E-04,  1.49011612E-03)
   1.00000000       2.00000000       1.00000000     (  1.22003257E-03,  1.02445483E-03) ( -1.04308128E-03, -1.59488991E-04) (  8.56816769E-04, -7.07805157E-04)
   1.00000000      -2.00000000       0.00000000     ( -1.31316483E-03, -4.70317900E-04) ( -6.56582415E-04, -2.35158950E-04) ( -1.15483999E-03, -1.67638063E-03)
   1.00000000      -2.00000000       1.00000000     ( -8.38190317E-04,  5.76255843E-05) ( -3.00351530E-04,  8.20728019E-05) (  2.37487257E-04,  1.05937943E-04)
   1.00000000      -1.00000000       0.00000000     ( -7.14790076E-04, -8.73580575E-03) ( -7.14790076E-04, -8.73580575E-03) ( -1.12131238E-02,  2.49594450E-02)
   1.00000000      -1.00000000       1.00000000     (  2.34693289E-03,  7.07805157E-04) ( -5.82076609E-04, -2.94297934E-03) ( -2.94297934E-03, -3.65078449E-03)
   1.00000000      -1.00000000       2.00000000     ( -2.27242708E-03,  2.10478902E-03) ( -1.03376806E-03,  1.18277967E-03) (  6.23986125E-04, -4.65661287E-04)
   2.00000000       0.00000000       0.00000000     (  0.00000000    ,  0.00000000    ) (  1.56462193E-03,  3.01748514E-03) ( -7.17118382E-04,  2.04890966E-03)
   2.00000000       0.00000000       1.00000000     (  4.33064997E-04, -8.66129994E-04) (  8.19563866E-04,  1.60187483E-03) ( -8.66129994E-04,  1.73225999E-03)
   2.00000000       1.00000000       0.00000000     (  1.09430403E-04,  1.14552677E-03) ( -2.18860805E-04, -2.29105353E-03) ( -1.52736902E-03,  2.51457095E-03)
   2.00000000       1.00000000       1.00000000     (  6.42612576E-04,  3.28291208E-04) ( -2.37487257E-04, -1.95577741E-03) ( -1.05239451E-03,  1.30385160E-03)
   2.00000000      -1.00000000       0.00000000     ( -5.30853868E-04,  5.63450158E-04) ( -1.06170774E-03,  1.12690032E-03) ( -9.12696123E-04,  1.77533366E-05)
   2.00000000      -1.00000000       1.00000000     ( -8.28877091E-04,  1.21071935E-04) ( -2.45869160E-03, -7.50878826E-05) ( -8.00937414E-04, -3.18977982E-04)
