   0.00000000       0.00000000      -2.00000000     (  8.38190317E-03,  2.32830644E-03) ( -1.22934580E-02,  6.35161996E-03) (  0.00000000    ,  0.00000000    )
   0.00000000       0.00000000      -1.00000000     (  4.09781933E-04,  1.08405948E-02) (  2.19792128E-02, -3.87430191E-03) (  0.00000000    ,  0.00000000    )
   0.00000000       1.00000000      -2.00000000     ( -1.86264515E-03,  3.34344804E-03) (  1.42492354E-03, -2.69152224E-03) (  7.12461770E-04, -1.34576112E-03)
   0.00000000       1.00000000      -1.00000000     ( -7.37607479E-03,  1.15483999E-02) ( -5.77419996E-03, -5.68106771E-03) ( -5.77419996E-03, -5.68106771E-03)
   0.00000000       2.00000000      -1.00000000     (  1.39698386E-03, -1.07567757E-03) ( -7.49714673E-04, -2.40979716E-04) ( -1.49942935E-03, -4.81959432E-04)
   0.00000000      -2.00000000      -1.00000000     ( -9.26665962E-04,  4.71249223E-03) ( -1.70432031E-03, -1.61118805E-03) (  3.40864062E-03,  3.22237611E-03)
   0.00000000      -1.00000000      -2.00000000     (  6.10947609E-03,  5.17815351E-03) ( -2.86847353E-03, -2.52388418E-03) (  1.43423676E-03,  1.26194209E-03)
   0.00000000      -1.00000000      -1.00000000     ( -3.55765224E-03,  1.59721822E-03) (  4.06056643E-03,  1.25728548E-03) ( -4.06056643E-03, -1.25728548E-03)
   1.00000000       0.00000000      -2.00000000     ( -2.01165676E-03, -1.33644789E-03) (  5.86733222E-04,  6.89178705E-03) ( -1.00582838E-03, -6.68223947E-04)
   1.00000000       0.00000000      -1.00000000     (  9.49949026E-03, -5.58793545E-03) ( -3.98606062E-03,  2.75671482E-02) (  9.49949026E-03, -5.58793545E-03)
   1.00000000       1.00000000      -2.00000000     (  2.16066837E-03,  3.00817192E-03) ( -6.07222319E-03, -2.92202458E-04) ( -1.95577741E-03,  1.35973096E-03)
   1.00000000       1.00000000      -1.00000000     (  2.03028321E-03,  8.27014446E-03) ( -1.89058483E-03, -5.58793545E-03) (  1.46101229E-04,  2.67289579E-03)
   1.00000000       2.00000000      -1.00000000     (  2.88709998E-03,  8.24220479E-04) ( -5.07570803E-04, -5.09317033E-05) (  1.87195837E-03,  7.21774995E-04)
   1.00000000      -2.00000000      -1.00000000     (  4.58676368E-04,  1.18277967E-03) ( -8.81846063E-05,  1.04191713E-04) (  6.33299351E-04,  9.73232090E-04)
   1.00000000      -1.00000000      -2.00000000     ( -1.44820660E-03, -5.21540642E-03) ( -1.02445483E-03,  4.11644578E-03) ( -2.10711733E-04, -4.67523932E-03)
   1.00000000      -1.00000000      -1.00000000     ( -1.73225999E-03,  4.91272658E-04) ( -1.95577741E-03, -4.37721610E-03) (  2.22353265E-04,  4.86150384E-03)
   2.00000000       0.00000000      -1.00000000     ( -1.87195837E-03, -2.98314262E-05) ( -3.28756869E-03, -5.75091690E-04) ( -3.74391675E-03, -5.96628524E-05)
   2.00000000       1.00000000      -1.00000000     (  1.28522515E-03,  8.80099833E-04) ( -4.17232513E-03, -2.72877514E-03) ( -1.60653144E-03, -9.68575478E-04)
   2.00000000      -1.00000000      -1.00000000     (  1.00117177E-03, -7.28759915E-04) (  1.92783773E-03,  9.91858542E-04) (  7.82893039E-05, -2.44937837E-03)
