    0.000000        0.000000       -2.000000      (8.4005296E-03,2.1606684E-03)
   (5.7183206E-03,-3.6135316E-03)  (0.000000,0.000000)
    0.000000        0.000000       -1.000000      
 (2.2649765E-02,-1.2256205E-02)  (-5.9045851E-03,1.8849969E-02)  
 (0.000000,0.000000)
    0.000000        1.000000       -2.000000      
 (-1.2032688E-02,-3.1944364E-03)  (-1.3224781E-03,-4.3865293E-03)  
 (-6.6123903E-04,-2.1932647E-03)
    0.000000        1.000000       -1.000000      (6.8917871E-03,8.6799264E-03)
   (-2.6263297E-03,3.8743019E-03)  (-2.6263297E-03,3.8743019E-03)
    0.000000        2.000000       -1.000000      
 (-1.3001263E-02,1.0374933E-02)  (-4.1350722E-03,-1.0640360E-03)  
 (-8.2701445E-03,-2.1280721E-03)
    0.000000       -2.000000       -1.000000      (1.1436641E-02,3.1944364E-03)
   (-9.4878487E-05,2.4447218E-03)  (1.8975697E-04,-4.8894435E-03)
    0.000000       -1.000000       -2.000000      
 (-8.4191561E-03,2.4540350E-03)  (-7.6368451E-03,2.4214387E-04)  
 (3.8184226E-03,-1.2107193E-04)
    0.000000       -1.000000       -1.000000      
 (4.0605664E-03,-1.4901161E-04)  (7.1339309E-03,5.6065619E-03)  
 (-7.1339309E-03,-5.6065619E-03)
    1.000000        0.000000       -2.000000      (7.8044832E-03,3.9115548E-03)
   (-2.3050234E-03,7.2084367E-03)  (3.9022416E-03,1.9557774E-03)
    1.000000        0.000000       -1.000000      
 (4.1350722E-03,-2.1827873E-04)  (9.1269612E-03,-2.7660280E-03)  
 (4.1350722E-03,-2.1827873E-04)
    1.000000        1.000000       -2.000000      
 (-3.0267984E-03,-2.2957101E-03)  (3.6263373E-04,-1.3634562E-02)  
 (-1.3317913E-03,-7.9534948E-03)
    1.000000        1.000000       -1.000000      
 (-8.5495412E-03,-4.3492764E-03)  (3.1292439E-03,-8.1956387E-04)  
 (-5.4202974E-03,-5.1688403E-03)
    1.000000        2.000000       -1.000000      
 (-1.0095537E-02,-3.0640513E-03)  (1.9650906E-03,2.6589260E-03)  
 (-6.1653554E-03,2.2584572E-03)
    1.000000       -2.000000       -1.000000      
 (-9.2666596E-04,-6.4633787E-03)  (-1.5972182E-03,-3.3900142E-03)  
 (2.2677705E-03,3.1897798E-04)
    1.000000       -1.000000       -2.000000      (4.8615038E-03,2.2072345E-03)
   (-3.7718564E-03,2.7054921E-03)  (4.3213367E-03,-2.4738256E-04)
    1.000000       -1.000000       -1.000000      
 (-9.4994903E-03,3.1106174E-03)  (-8.2701445E-03,8.9174137E-04)  
 (-1.2316741E-03,2.2165477E-03)
    2.000000        0.000000       -1.000000      (3.6379788E-05,4.6938658E-03)
   (1.4854595E-03,7.4319541E-03)  (7.2759576E-05,9.3877316E-03)
    2.000000        1.000000       -1.000000      
 (5.4715201E-05,-3.1373929E-04)  (4.3306500E-03,-6.8172812E-03)  
 (4.4424087E-03,-7.4505806E-03)
    2.000000       -1.000000       -1.000000      
 (-1.8812716E-03,9.5460564E-04)  (6.8568625E-04,5.2433461E-03)  
 (-4.4424087E-03,-3.3341348E-03)
