   0.00000000       0.00000000       1.00000000     (  2.54064798E-02,  4.69386578E-03) (  3.31550837E-02, -3.07708979E-02) (  0.00000000    ,  0.00000000    )
   0.00000000       0.00000000       2.00000000     ( -3.72529030E-04,  2.60770321E-03) (  2.06753612E-03,  8.84756446E-04) (  0.00000000    ,  0.00000000    )
   0.00000000       1.00000000       0.00000000     ( -1.92597508E-02, -4.35393304E-04) (  0.00000000    ,  0.00000000    ) (  4.70317900E-03,  1.65402889E-02)
   0.00000000       1.00000000       1.00000000     (  8.30739737E-03,  8.08387995E-03) ( -2.73343176E-03, -7.78585672E-03) (  2.73343176E-03,  7.78585672E-03)
   0.00000000       1.00000000       2.00000000     (  1.86264515E-03,  2.23517418E-04) (  9.77888703E-04, -6.05359674E-04) ( -4.88944352E-04,  3.02679837E-04)
   0.00000000       2.00000000       0.00000000     ( -5.16884029E-04, -2.17929482E-03) (  0.00000000    ,  0.00000000    ) (  2.45869160E-03, -2.86847353E-03)
   0.00000000       2.00000000       1.00000000     ( -1.26659870E-03, -3.35276127E-04) (  9.03382897E-04, -4.33064997E-04) ( -1.80676579E-03,  8.66129994E-04)
   0.00000000      -2.00000000       0.00000000     ( -5.16884029E-04,  2.17929482E-03) (  0.00000000    ,  0.00000000    ) (  2.45869160E-03,  2.86847353E-03)
   0.00000000      -2.00000000       1.00000000     (  3.27825546E-03, -3.86498868E-04) (  4.84287739E-04, -1.44354999E-04) (  9.68575478E-04, -2.88709998E-04)
   0.00000000      -1.00000000       0.00000000     ( -1.92597508E-02,  4.35393304E-04) (  0.00000000    ,  0.00000000    ) (  4.70317900E-03, -1.65402889E-02)
   0.00000000      -1.00000000       1.00000000     (  3.59490514E-03, -3.16649675E-02) ( -2.73343176E-03,  3.42726707E-03) ( -2.73343176E-03,  3.42726707E-03)
   0.00000000      -1.00000000       2.00000000     ( -1.29221007E-04,  2.79396772E-04) (  4.05125320E-04,  8.19563866E-04) (  2.02562660E-04,  4.09781933E-04)
   1.00000000       0.00000000       0.00000000     (  0.00000000    ,  0.00000000    ) ( -1.48266554E-02,  1.66147947E-02) (  3.36766243E-02,  2.23517418E-02)
   1.00000000       0.00000000       1.00000000     (  1.91852450E-03, -3.86498868E-03) ( -3.47197056E-02, -7.43966666E-06) ( -1.91852450E-03,  3.86498868E-03)
   1.00000000       0.00000000       2.00000000     ( -5.47152013E-05, -1.67638063E-03) ( -1.63912773E-03, -1.47148967E-03) (  2.73576006E-05,  8.38190317E-04)
   1.00000000       1.00000000       0.00000000     (  3.46451998E-03,  4.27477062E-03) ( -3.46451998E-03, -4.27477062E-03) ( -1.10082328E-02,  1.29267573E-02)
   1.00000000       1.00000000       1.00000000     ( -1.26659870E-03,  1.38767064E-03) (  2.14204192E-03,  1.81898940E-05) ( -8.75443220E-04, -1.40629709E-03)
   1.00000000       1.00000000       2.00000000     (  1.15483999E-03,  2.79396772E-04) ( -1.52504072E-04, -2.65426934E-04) ( -5.02914190E-04, -7.49423634E-06)
   1.00000000       2.00000000       0.00000000     (  3.18977982E-04, -6.70552254E-04) ( -1.59488991E-04,  3.35276127E-04) ( -1.86264515E-03, -2.35158950E-04)
   1.00000000       2.00000000       1.00000000     ( -2.34693289E-03, -6.70552254E-04) (  1.60187483E-03,  5.12227416E-04) ( -8.56816769E-04, -3.53902578E-04)
   1.00000000      -2.00000000       0.00000000     (  7.91624188E-04,  1.24797225E-03) (  3.95812094E-04,  6.23986125E-04) (  1.17346644E-03,  1.49011612E-03)
   1.00000000      -2.00000000       1.00000000     (  6.42612576E-04, -1.24797225E-03) (  3.00351530E-04, -9.59262252E-04) ( -4.27826308E-05, -6.61239028E-04)
   1.00000000      -1.00000000       0.00000000     ( -1.50408596E-03, -1.38208270E-02) ( -1.50408596E-03, -1.38208270E-02) ( -1.40070915E-02,  2.20164657E-02)
   1.00000000      -1.00000000       1.00000000     ( -1.78813934E-03, -4.51691449E-04) (  9.87201929E-04,  3.16649675E-03) (  2.75671482E-03,  3.61353159E-03)
   1.00000000      -1.00000000       2.00000000     (  2.32830644E-03, -2.36555934E-03) (  7.35744834E-04, -7.03148544E-04) ( -8.00937414E-04,  8.28877091E-04)
   2.00000000       0.00000000       0.00000000     (  0.00000000    ,  0.00000000    ) ( -2.23517418E-03, -2.55182385E-03) (  1.15483999E-03, -2.04890966E-03)
   2.00000000       0.00000000       1.00000000     ( -7.72997737E-04,  1.26659870E-03) ( -4.79631126E-04, -1.43423676E-03) (  1.54599547E-03, -2.53319740E-03)
   2.00000000       1.00000000       0.00000000     (  5.54136932E-04, -8.84756446E-04) ( -1.10827386E-03,  1.76951289E-03) (  8.94069672E-04, -1.25728548E-03)
   2.00000000       1.00000000       1.00000000     ( -2.00234354E-04, -3.39932740E-04) ( -8.47503543E-04,  2.60770321E-03) (  1.24797225E-03, -1.91852450E-03)
   2.00000000      -1.00000000       0.00000000     (  5.07570803E-04, -1.06170774E-03) (  1.01514161E-03, -2.12341547E-03) (  6.84522092E-04, -7.45058060E-04)
   2.00000000      -1.00000000       1.00000000     (  1.10827386E-03, -1.16415322E-04) (  2.42143869E-03, -2.67755240E-04) (  1.93249434E-04, -3.43425199E-05)
