   0.00000000       0.00000000       1.00000000     (  9.31322575E-04, -1.08778477E-02) (  2.30222940E-02,  2.95229256E-03) (  0.00000000    ,  0.00000000    )
   0.00000000       0.00000000       2.00000000     (  7.78585672E-03, -1.83470547E-03) ( -1.12876296E-02, -6.16535544E-03) (  0.00000000    ,  0.00000000    )
   0.00000000       1.00000000       0.00000000     (  5.08502126E-03, -2.50525773E-03) (  0.00000000    ,  0.00000000    ) (  1.42306089E-02, -3.53902578E-03)
   0.00000000       1.00000000       1.00000000     ( -2.35624611E-03, -1.00117177E-03) (  4.07919288E-03, -1.25728548E-03) ( -4.07919288E-03,  1.25728548E-03)
   0.00000000       1.00000000       2.00000000     (  5.79282641E-03, -5.23403287E-03) ( -2.15135515E-03,  2.69152224E-03) (  1.07567757E-03, -1.34576112E-03)
   0.00000000       2.00000000       0.00000000     (  4.09781933E-04,  6.96629286E-03) (  0.00000000    ,  0.00000000    ) ( -1.02445483E-03,  2.51457095E-03)
   0.00000000       2.00000000       1.00000000     ( -1.16415322E-03, -5.15952706E-03) ( -1.46217644E-03,  1.71363354E-03) (  2.92435288E-03, -3.42726707E-03)
   0.00000000      -2.00000000       0.00000000     (  4.09781933E-04, -6.96629286E-03) (  0.00000000    ,  0.00000000    ) ( -1.02445483E-03, -2.51457095E-03)
   0.00000000      -2.00000000       1.00000000     (  4.47034836E-04,  1.50408596E-03) ( -8.89413059E-04,  1.68802217E-04) ( -1.77882612E-03,  3.37604433E-04)
   0.00000000      -1.00000000       0.00000000     (  5.08502126E-03,  2.50525773E-03) (  0.00000000    ,  0.00000000    ) (  1.42306089E-02,  3.53902578E-03)
   0.00000000      -1.00000000       1.00000000     ( -7.11530447E-03, -1.20699406E-02) ( -6.10947609E-03,  5.51342964E-03) ( -6.10947609E-03,  5.51342964E-03)
   0.00000000      -1.00000000       2.00000000     ( -1.48545951E-03, -3.33413482E-03) (  1.87195837E-03,  2.06753612E-03) (  9.35979187E-04,  1.03376806E-03)
   1.00000000       0.00000000       0.00000000     (  0.00000000    ,  0.00000000    ) ( -2.48104334E-02,  8.56816769E-03) (  1.43796206E-02, -4.32133675E-03)
   1.00000000       0.00000000       1.00000000     ( -1.55065209E-03, -1.66241080E-03) ( -1.57742761E-04, -8.94069672E-03) (  1.55065209E-03,  1.66241080E-03)
   1.00000000       0.00000000       2.00000000     ( -4.22820449E-03, -1.82539225E-03) ( -5.42495400E-04,  2.30967999E-03) (  2.11410224E-03,  9.12696123E-04)
   1.00000000       1.00000000       0.00000000     (  1.75088644E-03,  1.12224370E-03) ( -1.75088644E-03, -1.12224370E-03) (  5.77419996E-03,  1.16974115E-02)
   1.00000000       1.00000000       1.00000000     ( -2.63564289E-03, -5.61121851E-04) (  4.70317900E-04,  4.06056643E-03) (  2.16998160E-03, -3.50177288E-03)
   1.00000000       1.00000000       2.00000000     ( -2.89641321E-03,  1.01514161E-03) (  2.95229256E-03,  1.80676579E-03) ( -2.79396772E-05, -1.41095370E-03)
   1.00000000       2.00000000       0.00000000     (  3.29455361E-04,  2.14204192E-03) ( -1.64727680E-04, -1.07102096E-03) ( -2.87778676E-03,  2.67755240E-04)
   1.00000000       2.00000000       1.00000000     (  3.23168933E-03,  1.06170774E-03) ( -1.12224370E-03, -4.28408384E-04) ( -9.87201929E-04, -2.04308890E-04)
   1.00000000      -2.00000000       0.00000000     (  4.44706529E-04,  6.89178705E-04) (  2.22353265E-04,  3.44589353E-04) ( -2.47731805E-03,  2.65426934E-03)
   1.00000000      -2.00000000       1.00000000     ( -1.49942935E-03,  3.31783667E-04) (  3.66708264E-04,  3.94647941E-04) (  2.23517418E-03,  4.58676368E-04)
   1.00000000      -1.00000000       0.00000000     (  4.28408384E-03,  7.17118382E-04) (  4.28408384E-03,  7.17118382E-04) ( -3.72529030E-03,  8.45640898E-03)
   1.00000000      -1.00000000       1.00000000     (  1.70432031E-03,  4.09781933E-03) ( -6.03031367E-04, -5.01051545E-03) ( -2.30036676E-03, -9.08970833E-03)
   1.00000000      -1.00000000       2.00000000     ( -5.56930900E-03, -1.58790499E-03) (  1.89989805E-03,  6.77537173E-04) (  3.74391675E-03,  1.13155693E-03)
   2.00000000       0.00000000       0.00000000     (  0.00000000    ,  0.00000000    ) ( -2.17929482E-03,  4.28408384E-03) ( -3.71364877E-04, -2.59838998E-03)
   2.00000000       0.00000000       1.00000000     ( -1.02911144E-03,  1.03842467E-03) ( -2.86847353E-03, -3.14787030E-03) (  2.05822289E-03, -2.07684934E-03)
   2.00000000       1.00000000       0.00000000     ( -8.24220479E-04, -1.22003257E-03) (  1.64844096E-03,  2.44006515E-03) (  7.26431608E-04,  3.07336450E-03)
   2.00000000       1.00000000       1.00000000     ( -6.26314431E-04,  2.80560926E-04) ( -6.91507012E-04,  1.19674951E-03) (  1.94646418E-03, -1.76019967E-03)
   2.00000000      -1.00000000       0.00000000     ( -2.85916030E-03, -1.36904418E-03) ( -5.71832061E-03, -2.73808837E-03) (  1.76951289E-03,  6.03497028E-03)
   2.00000000      -1.00000000       1.00000000     (  1.92783773E-03, -1.76951289E-03) ( -1.33644789E-03,  4.47034836E-04) ( -5.17815351E-03,  3.98606062E-03)
