   0.00000000       0.00000000       1.00000000     (  1.07660890E-02, -1.13248825E-02) (  4.08291817E-02, -9.23871994E-03) (  0.00000000    ,  0.00000000    )
   0.00000000       0.00000000       2.00000000     (  5.58793545E-04, -1.76951289E-04) ( -5.02914190E-04, -9.31322575E-05) (  0.00000000    ,  0.00000000    )
   0.00000000       1.00000000       0.00000000     ( -2.99187377E-04, -4.50760126E-03) (  0.00000000    ,  0.00000000    ) (  1.51619315E-02,  5.49480319E-03)
   0.00000000       1.00000000       1.00000000     (  7.71135092E-03,  5.97909093E-03) (  2.26311386E-03, -1.22934580E-03) ( -2.26311386E-03,  1.22934580E-03)
   0.00000000       1.00000000       2.00000000     (  1.95577741E-04, -2.42143869E-04) ( -1.25728548E-04,  1.11758709E-04) (  6.28642738E-05, -5.58793545E-05)
   0.00000000       2.00000000       0.00000000     (  3.35276127E-04,  1.58324838E-04) (  0.00000000    ,  0.00000000    ) ( -1.49011612E-04,  8.38190317E-05)
   0.00000000       2.00000000       1.00000000     (  3.35276127E-04, -1.21071935E-04) ( -5.58793545E-05, -7.91624188E-05) (  1.11758709E-04,  1.58324838E-04)
   0.00000000      -2.00000000       0.00000000     (  3.35276127E-04, -1.58324838E-04) (  0.00000000    ,  0.00000000    ) ( -1.49011612E-04, -8.38190317E-05)
   0.00000000      -2.00000000       1.00000000     ( -2.04890966E-04,  6.05359674E-05) ( -1.86264515E-04, -2.04890966E-04) ( -3.72529030E-04, -4.09781933E-04)
   0.00000000      -1.00000000       0.00000000     ( -2.99187377E-04,  4.50760126E-03) (  0.00000000    ,  0.00000000    ) (  1.51619315E-02, -5.49480319E-03)
   0.00000000      -1.00000000       1.00000000     ( -6.83590770E-03, -2.59280205E-02) ( -9.74163413E-03,  3.70666385E-03) ( -9.74163413E-03,  3.70666385E-03)
   0.00000000      -1.00000000       2.00000000     (  2.04890966E-04, -1.30385160E-04) (  1.86264515E-04, -5.35510480E-05) (  9.31322575E-05, -2.67755240E-05)
   1.00000000       0.00000000       0.00000000     (  0.00000000    ,  0.00000000    ) ( -3.21120024E-02,  2.19792128E-02) (  1.82911754E-02, -5.70435077E-04)
   1.00000000       0.00000000       1.00000000     ( -3.32482159E-03,  4.47034836E-04) ( -1.39698386E-02, -1.81421638E-02) (  3.32482159E-03, -4.47034836E-04)
   1.00000000       0.00000000       2.00000000     ( -3.72529030E-04, -2.23517418E-04) (  2.04890966E-04,  1.39698386E-04) (  1.86264515E-04,  1.11758709E-04)
   1.00000000       1.00000000       0.00000000     (  3.15718353E-03,  4.74974513E-03) ( -3.15718353E-03, -4.74974513E-03) ( -3.05473804E-03,  1.14738941E-02)
   1.00000000       1.00000000       1.00000000     (  1.67638063E-04,  1.95577741E-04) ( -5.40167093E-04,  3.95812094E-05) (  3.72529030E-04, -2.42143869E-04)
   1.00000000       1.00000000       2.00000000     ( -5.96046448E-04,  1.07102096E-04) (  2.60770321E-04,  3.53902578E-04) (  1.67638063E-04, -2.32830644E-04)
   1.00000000       2.00000000       0.00000000     ( -8.84756446E-05,  1.95577741E-04) (  4.42378223E-05, -9.77888703E-05) ( -1.95577741E-04, -4.65661287E-05)
   1.00000000       2.00000000       1.00000000     ( -5.82076609E-06,  1.11758709E-04) ( -1.39698386E-04, -1.33877620E-05) (  2.98023224E-04, -8.84756446E-05)
   1.00000000      -2.00000000       0.00000000     (  2.21189111E-05,  2.14204192E-04) (  1.10594556E-05,  1.07102096E-04) ( -1.58324838E-04, -3.35276127E-04)
   1.00000000      -2.00000000       1.00000000     ( -3.35276127E-04, -8.38190317E-05) ( -8.38190317E-05, -1.28056854E-05) (  1.67638063E-04,  5.82076609E-05)
   1.00000000      -1.00000000       0.00000000     (  1.23865902E-03, -4.42378223E-03) (  1.23865902E-03, -4.42378223E-03) ( -8.06525350E-03,  3.18139791E-02)
   1.00000000      -1.00000000       1.00000000     (  7.07805157E-04,  3.16649675E-04) (  2.79396772E-05, -5.58793545E-04) ( -6.70552254E-04, -8.94069672E-04)
   1.00000000      -1.00000000       2.00000000     ( -2.98023224E-04, -1.68802217E-05) ( -1.02445483E-04,  2.51457095E-04) (  9.77888703E-05,  1.35041773E-04)
   2.00000000       0.00000000       0.00000000     (  0.00000000    ,  0.00000000    ) (  1.25728548E-04,  4.84287739E-04) ( -2.14204192E-04, -7.45058060E-05)
   2.00000000       0.00000000       1.00000000     ( -5.35510480E-05,  2.09547579E-05) ( -5.58793545E-05,  6.98491931E-05) (  1.07102096E-04, -4.19095159E-05)
   2.00000000       1.00000000       0.00000000     (  5.58793545E-05,  3.95812094E-05) ( -1.11758709E-04, -7.91624188E-05) (  8.38190317E-05,  1.58324838E-04)
   2.00000000       1.00000000       1.00000000     ( -1.45519152E-05, -5.58793545E-05) ( -2.14204192E-04,  1.67638063E-04) (  2.42143869E-04, -5.35510480E-05)
   2.00000000      -1.00000000       0.00000000     ( -1.39698386E-04, -9.31322575E-05) ( -2.79396772E-04, -1.86264515E-04) (  2.32830644E-05, -1.39698386E-05)
   2.00000000      -1.00000000       1.00000000     ( -4.65661287E-05, -2.98023224E-04) ( -1.49011612E-04, -1.95577741E-04) ( -5.58793545E-05,  3.91155481E-04)
