   0.00000000       0.00000000      -2.00000000     ( -1.58324838E-04, -1.22934580E-03) (  9.87201929E-04, -4.28408384E-04) (  0.00000000    ,  0.00000000    )
   0.00000000       0.00000000      -1.00000000     (  2.75671482E-02, -7.63684511E-03) (  2.74926424E-02,  3.39001417E-02) (  0.00000000    ,  0.00000000    )
   0.00000000       1.00000000      -2.00000000     (  1.90921128E-04, -2.74740160E-04) ( -1.32713467E-04, -5.21540642E-04) ( -6.63567334E-05, -2.60770321E-04)
   0.00000000       1.00000000      -1.00000000     (  9.23871994E-03,  2.79396772E-02) ( -3.73693183E-04, -2.15601176E-03) ( -3.73693183E-04, -2.15601176E-03)
   0.00000000       2.00000000      -1.00000000     (  1.89989805E-03,  3.07336450E-04) (  3.81842256E-04,  2.70083547E-04) (  7.63684511E-04,  5.40167093E-04)
   0.00000000      -2.00000000      -1.00000000     ( -4.84287739E-04,  6.14672899E-04) (  4.00468707E-04,  5.47152013E-05) ( -8.00937414E-04, -1.09430403E-04)
   0.00000000      -1.00000000      -2.00000000     (  1.11758709E-03,  2.04890966E-04) (  3.16649675E-04,  2.32830644E-04) ( -1.58324838E-04, -1.16415322E-04)
   0.00000000      -1.00000000      -1.00000000     (  8.28877091E-03, -3.68803740E-03) ( -1.42492354E-03,  1.02445483E-02) (  1.42492354E-03, -1.02445483E-02)
   1.00000000       0.00000000      -2.00000000     (  6.23986125E-04, -5.49480319E-04) (  6.14672899E-04, -6.70552254E-04) (  3.11993062E-04, -2.74740160E-04)
   1.00000000       0.00000000      -1.00000000     (  8.94069672E-03, -2.97091901E-03) ( -8.32602382E-03, -3.30619514E-03) (  8.94069672E-03, -2.97091901E-03)
   1.00000000       1.00000000      -2.00000000     (  7.26431608E-04, -2.00234354E-04) ( -6.51925802E-05,  8.00937414E-04) (  3.25962901E-04,  2.98023224E-04)
   1.00000000       1.00000000      -1.00000000     (  4.56348062E-04,  2.21189111E-05) ( -8.00937414E-04, -4.19095159E-04) ( -3.35276127E-04, -4.00468707E-04)
   1.00000000       2.00000000      -1.00000000     ( -6.51925802E-05, -3.63215804E-04) (  2.28174031E-04, -1.58324838E-04) (  3.91155481E-04, -6.70552254E-04)
   1.00000000      -2.00000000      -1.00000000     ( -5.96046448E-04, -1.49011612E-04) ( -4.56348062E-04, -4.84287739E-04) (  3.16649675E-04,  8.19563866E-04)
   1.00000000      -1.00000000      -2.00000000     ( -1.67638063E-04,  6.05359674E-04) (  1.21071935E-04,  8.38190317E-05) ( -1.46683306E-04,  2.60770321E-04)
   1.00000000      -1.00000000      -1.00000000     (  3.72529030E-04, -5.02914190E-04) (  8.19563866E-04, -1.62981451E-04) ( -4.56348062E-04, -3.44589353E-04)
   2.00000000       0.00000000      -1.00000000     (  3.53902578E-04,  1.21071935E-04) (  7.79982656E-05, -8.38190317E-05) (  7.07805157E-04,  2.42143869E-04)
   2.00000000       1.00000000      -1.00000000     (  3.72529030E-04,  1.67638063E-04) ( -6.23986125E-04,  3.25962901E-04) (  1.18743628E-04,  6.70552254E-04)
   2.00000000      -1.00000000      -1.00000000     (  6.05359674E-05, -1.76951289E-04) ( -3.35276127E-04,  4.84287739E-04) (  4.56348062E-04, -8.38190317E-04)
