   0.00000000       0.00000000      -2.00000000     (  5.58793545E-05,  3.16649675E-04) ( -2.60770321E-04,  1.02445483E-04) (  0.00000000    ,  0.00000000    )
   0.00000000       0.00000000      -1.00000000     (  2.75671482E-02, -8.40052962E-03) (  2.48104334E-02,  3.39746475E-02) (  0.00000000    ,  0.00000000    )
   0.00000000       1.00000000      -2.00000000     ( -4.65661287E-05,  7.91624188E-05) (  5.58793545E-05,  1.49011612E-04) (  2.79396772E-05,  7.45058060E-05)
   0.00000000       1.00000000      -1.00000000     (  1.10641122E-02,  2.60025263E-02) (  2.50292942E-04, -1.52271241E-03) (  2.50292942E-04, -1.52271241E-03)
   0.00000000       2.00000000      -1.00000000     ( -5.21540642E-04, -9.31322575E-05) ( -1.11758709E-04, -7.91624188E-05) ( -2.23517418E-04, -1.58324838E-04)
   0.00000000      -2.00000000      -1.00000000     (  1.21071935E-04, -2.04890966E-04) ( -1.02445483E-04,  2.61934474E-06) (  2.04890966E-04, -5.23868948E-06)
   0.00000000      -1.00000000      -2.00000000     ( -2.98023224E-04, -7.91624188E-05) ( -7.45058060E-05, -5.12227416E-05) (  3.72529030E-05,  2.56113708E-05)
   0.00000000      -1.00000000      -1.00000000     (  8.04662704E-03, -1.89058483E-03) ( -7.42729753E-04,  1.06170774E-02) (  7.42729753E-04, -1.06170774E-02)
   1.00000000       0.00000000      -2.00000000     ( -1.67638063E-04,  1.67638063E-04) ( -1.67638063E-04,  2.04890966E-04) ( -8.38190317E-05,  8.38190317E-05)
   1.00000000       0.00000000      -1.00000000     (  8.25151801E-03, -2.23051757E-03) ( -6.87316060E-03, -3.30619514E-03) (  8.25151801E-03, -2.23051757E-03)
   1.00000000       1.00000000      -2.00000000     ( -2.04890966E-04,  9.31322575E-05) (  4.65661287E-05, -2.23517418E-04) ( -7.91624188E-05, -6.98491931E-05)
   1.00000000       1.00000000      -1.00000000     ( -1.49011612E-04, -2.09547579E-05) (  2.04890966E-04,  1.02445483E-04) (  6.05359674E-05,  7.91624188E-05)
   1.00000000       2.00000000      -1.00000000     (  2.09547579E-05,  8.38190317E-05) ( -6.05359674E-05,  6.51925802E-05) ( -1.02445483E-04,  2.23517418E-04)
   1.00000000      -2.00000000      -1.00000000     (  1.30385160E-04,  2.09547579E-05) (  1.11758709E-04,  1.21071935E-04) ( -1.02445483E-04, -2.04890966E-04)
   1.00000000      -1.00000000      -2.00000000     (  2.09547579E-05, -1.67638063E-04) ( -6.05359674E-05, -4.65661287E-05) (  4.19095159E-05, -5.58793545E-05)
   1.00000000      -1.00000000      -1.00000000     ( -1.02445483E-04,  1.11758709E-04) ( -2.04890966E-04,  3.72529030E-05) (  1.11758709E-04,  6.98491931E-05)
   2.00000000       0.00000000      -1.00000000     ( -9.31322575E-05, -3.72529030E-05) ( -3.49245965E-05,  1.74622983E-05) ( -1.86264515E-04, -7.45058060E-05)
   2.00000000       1.00000000      -1.00000000     ( -8.38190317E-05, -4.19095159E-05) (  1.49011612E-04, -8.38190317E-05) ( -2.32830644E-05, -1.67638063E-04)
   2.00000000      -1.00000000      -1.00000000     ( -2.32830644E-05,  3.95812094E-05) (  6.51925802E-05, -1.39698386E-04) ( -1.11758709E-04,  2.23517418E-04)
