   0.00000000       0.00000000      -2.00000000     (  4.43309546E-03,  7.96280801E-04) ( -5.84870577E-03,  3.27825546E-03) (  0.00000000    ,  0.00000000    )
   0.00000000       0.00000000      -1.00000000     (  2.63564289E-03,  1.13621354E-02) (  2.71201134E-02, -5.12227416E-04) (  0.00000000    ,  0.00000000    )
   0.00000000       1.00000000      -2.00000000     ( -1.39698386E-04,  1.96509063E-03) (  1.69500709E-03, -5.44823706E-04) (  8.47503543E-04, -2.72411853E-04)
   0.00000000       1.00000000      -1.00000000     ( -6.79865479E-03,  1.45286322E-02) ( -7.20843673E-03, -5.06639481E-03) ( -7.20843673E-03, -5.06639481E-03)
   0.00000000       2.00000000      -1.00000000     ( -1.05239451E-03, -1.49011612E-03) ( -9.45292413E-04,  2.79396772E-04) ( -1.89058483E-03,  5.58793545E-04)
   0.00000000      -2.00000000      -1.00000000     ( -5.44823706E-04,  3.03611159E-03) ( -4.07453626E-04, -8.56816769E-04) (  8.14907253E-04,  1.71363354E-03)
   0.00000000      -1.00000000      -2.00000000     (  3.03611159E-03,  3.16649675E-03) ( -6.00703061E-04, -1.71363354E-03) (  3.00351530E-04,  8.56816769E-04)
   0.00000000      -1.00000000      -1.00000000     (  3.48081812E-04, -4.67989594E-04) (  4.06056643E-03,  1.22003257E-03) ( -4.06056643E-03, -1.22003257E-03)
   1.00000000       0.00000000      -2.00000000     ( -1.26659870E-03, -5.86733222E-04) (  1.35041773E-03,  4.35858965E-03) ( -6.33299351E-04, -2.93366611E-04)
   1.00000000       0.00000000      -1.00000000     (  9.94652510E-03, -5.55068254E-03) ( -5.01051545E-03,  2.60025263E-02) (  9.94652510E-03, -5.55068254E-03)
   1.00000000       1.00000000      -2.00000000     (  1.62981451E-03,  1.92783773E-03) ( -3.98606062E-03,  2.72411853E-04) ( -1.17346644E-03,  1.09896064E-03)
   1.00000000       1.00000000      -1.00000000     ( -7.49714673E-04,  6.25848770E-03) ( -1.86264515E-03, -3.98606062E-03) ( -2.60770321E-03,  2.27242708E-03)
   1.00000000       2.00000000      -1.00000000     (  1.69500709E-03, -3.44589353E-04) ( -1.08964741E-03, -3.46917659E-04) ( -4.81959432E-04, -1.04308128E-03)
   1.00000000      -2.00000000      -1.00000000     ( -2.53785402E-04, -9.82545316E-04) ( -6.98491931E-05, -3.49245965E-04) ( -1.14087015E-04, -2.84053385E-04)
   1.00000000      -1.00000000      -2.00000000     ( -4.79631126E-04, -2.27242708E-03) ( -8.56816769E-04,  2.32830644E-03) (  1.88592821E-04, -2.30967999E-03)
   1.00000000      -1.00000000      -1.00000000     ( -1.81607902E-04,  4.74974513E-04) ( -5.44823706E-04, -1.35041773E-03) (  3.60887498E-04,  1.82539225E-03)
   2.00000000       0.00000000      -1.00000000     ( -1.25728548E-03,  1.79279596E-04) ( -1.83936208E-04, -1.39698386E-03) ( -2.51457095E-03,  3.58559191E-04)
   2.00000000       1.00000000      -1.00000000     (  6.46105036E-05, -3.60887498E-04) ( -2.25380063E-03, -3.02679837E-04) ( -2.12341547E-03, -1.02445483E-03)
   2.00000000      -1.00000000      -1.00000000     (  1.06170774E-03, -1.83936208E-04) (  8.66129994E-04,  1.26659870E-03) (  1.25728548E-03, -1.62981451E-03)
