   0.00000000       0.00000000      -2.00000000     (  5.79282641E-03,  5.32716513E-03) ( -1.84867531E-03, -1.20140612E-03) (  0.00000000    ,  0.00000000    )
   0.00000000       0.00000000      -1.00000000     (  2.38418579E-02, -1.10268593E-02) (  6.07222319E-03,  2.68965960E-02) (  0.00000000    ,  0.00000000    )
   0.00000000       1.00000000      -2.00000000     ( -3.27418093E-05,  3.23168933E-03) (  7.12461770E-04,  4.69153747E-04) (  3.56230885E-04,  2.34576873E-04)
   0.00000000       1.00000000      -1.00000000     (  1.37463212E-02,  1.57579780E-02) ( -9.05711204E-04,  1.94646418E-03) ( -9.05711204E-04,  1.94646418E-03)
   0.00000000       2.00000000      -1.00000000     ( -1.02818012E-02, -1.59256160E-03) ( -1.53668225E-03, -1.54599547E-03) ( -3.07336450E-03, -3.09199095E-03)
   0.00000000      -2.00000000      -1.00000000     (  2.65426934E-03, -4.99188900E-03) ( -2.46800482E-03,  1.90455467E-03) (  4.93600965E-03, -3.80910933E-03)
   0.00000000      -1.00000000      -2.00000000     ( -7.04079866E-03, -4.83123586E-04) ( -4.43309546E-03, -2.33994797E-04) (  2.21654773E-03,  1.16997398E-04)
   0.00000000      -1.00000000      -1.00000000     (  3.52971256E-03,  5.10364771E-03) (  4.89875674E-03,  8.56816769E-03) ( -4.89875674E-03, -8.56816769E-03)
   1.00000000       0.00000000      -2.00000000     (  2.68919393E-04,  5.36441803E-03) ( -4.61935997E-03,  7.93486834E-03) (  1.34459697E-04,  2.68220901E-03)
   1.00000000       0.00000000      -1.00000000     (  3.46451998E-03,  3.35276127E-04) (  5.14090061E-03, -1.47148967E-03) (  3.46451998E-03,  3.35276127E-04)
   1.00000000       1.00000000      -2.00000000     ( -5.38304448E-03, -1.71829015E-03) (  6.25848770E-03, -5.17815351E-03) (  4.37721610E-04, -3.44589353E-03)
   1.00000000       1.00000000      -1.00000000     ( -7.91624188E-03, -3.49245965E-03) (  6.64964318E-03,  3.38768587E-04) ( -1.28056854E-03, -3.15718353E-03)
   1.00000000       2.00000000      -1.00000000     ( -3.12924385E-03,  8.52160156E-04) ( -6.11180440E-05,  1.90455467E-03) ( -3.25031579E-03,  4.65661287E-03)
   1.00000000      -2.00000000      -1.00000000     ( -2.59606168E-04, -1.83470547E-03) (  1.18743628E-03, -1.61584467E-03) ( -2.63564289E-03,  1.39698386E-03)
   1.00000000      -1.00000000      -2.00000000     ( -1.26659870E-03, -2.10478902E-03) (  8.21892172E-04, -1.99303031E-03) ( -1.04308128E-03, -5.51517587E-05)
   1.00000000      -1.00000000      -1.00000000     ( -2.48663127E-03,  4.27244231E-04) ( -5.36441803E-03,  7.56699592E-04) (  2.88709998E-03, -3.29455361E-04)
   2.00000000       0.00000000      -1.00000000     ( -2.15135515E-03, -4.13274392E-04) ( -8.82893801E-03,  2.36555934E-03) ( -4.30271029E-03, -8.26548785E-04)
   2.00000000       1.00000000      -1.00000000     (  2.68919393E-04,  1.59721822E-03) (  1.10361725E-03, -3.46451998E-03) (  1.64378434E-03, -2.65426934E-04)
   2.00000000      -1.00000000      -1.00000000     (  8.56816769E-04, -2.01631337E-03) (  2.08616257E-03, -4.39584255E-03) ( -3.69036570E-04,  3.60887498E-04)
