   0.00000000       0.00000000       1.00000000     (  2.19792128E-02,  2.57510692E-03) (  3.36766243E-02, -2.64495611E-02) (  0.00000000    ,  0.00000000    )
   0.00000000       0.00000000       2.00000000     ( -1.86264515E-05,  7.45058060E-05) (  5.58793545E-05,  1.39698386E-05) (  0.00000000    ,  0.00000000    )
   0.00000000       1.00000000       0.00000000     ( -1.65775418E-02, -9.08039510E-04) (  0.00000000    ,  0.00000000    ) (  5.32716513E-03,  1.59442425E-02)
   0.00000000       1.00000000       1.00000000     (  7.93486834E-03,  9.33185220E-03) ( -2.82190740E-03, -5.60656190E-03) (  2.82190740E-03,  5.60656190E-03)
   0.00000000       1.00000000       2.00000000     (  3.72529030E-05,  1.39698386E-05) (  2.79396772E-05, -1.39698386E-05) ( -1.39698386E-05,  6.98491931E-06)
   0.00000000       2.00000000       0.00000000     ( -1.86264515E-05, -7.45058060E-05) (  0.00000000    ,  0.00000000    ) (  7.45058060E-05, -7.45058060E-05)
   0.00000000       2.00000000       1.00000000     ( -3.72529030E-05,  6.98491931E-06) (  1.86264515E-05, -9.31322575E-06) ( -3.72529030E-05,  1.86264515E-05)
   0.00000000      -2.00000000       0.00000000     ( -1.86264515E-05,  7.45058060E-05) (  0.00000000    ,  0.00000000    ) (  7.45058060E-05,  7.45058060E-05)
   0.00000000      -2.00000000       1.00000000     (  7.45058060E-05, -2.32830644E-06) (  4.65661287E-06,  6.98491931E-06) (  9.31322575E-06,  1.39698386E-05)
   0.00000000      -1.00000000       0.00000000     ( -1.65775418E-02,  9.08039510E-04) (  0.00000000    ,  0.00000000    ) (  5.32716513E-03, -1.59442425E-02)
   0.00000000      -1.00000000       1.00000000     (  7.12461770E-04, -3.09944153E-02) ( -4.02331352E-03,  3.27825546E-03) ( -4.02331352E-03,  3.27825546E-03)
   0.00000000      -1.00000000       2.00000000     ( -1.39698386E-05,  1.16415322E-06) (  1.86264515E-05,  1.86264515E-05) (  9.31322575E-06,  9.31322575E-06)
   1.00000000       0.00000000       0.00000000     (  0.00000000    ,  0.00000000    ) ( -1.56462193E-02,  1.69128180E-02) (  2.97278166E-02,  1.76578760E-02)
   1.00000000       0.00000000       1.00000000     (  2.21771188E-04, -3.11993062E-03) ( -3.04728746E-02, -3.63215804E-03) ( -2.21771188E-04,  3.11993062E-03)
   1.00000000       0.00000000       2.00000000     (  9.31322575E-06, -3.72529030E-05) ( -2.79396772E-05, -3.72529030E-05) ( -4.65661287E-06,  1.86264515E-05)
   1.00000000       1.00000000       0.00000000     (  1.92783773E-03,  2.68220901E-03) ( -1.92783773E-03, -2.68220901E-03) ( -1.06543303E-02,  1.24797225E-02)
   1.00000000       1.00000000       1.00000000     ( -3.72529030E-05,  2.79396772E-05) (  5.58793545E-05,  2.32830644E-06) ( -2.79396772E-05, -2.79396772E-05)
   1.00000000       1.00000000       2.00000000     (  3.72529030E-05,  6.98491931E-06) ( -6.98491931E-06, -1.39698386E-05) ( -1.39698386E-05,  3.49245965E-06)
   1.00000000       2.00000000       0.00000000     ( -1.39698386E-05, -4.65661287E-06) (  6.98491931E-06,  2.32830644E-06) ( -3.72529030E-05, -2.79396772E-05)
   1.00000000       2.00000000       1.00000000     ( -5.58793545E-05, -2.79396772E-05) (  3.72529030E-05,  9.31322575E-06) ( -1.86264515E-05,  6.98491931E-06)
   1.00000000      -2.00000000       0.00000000     (  2.79396772E-05,  2.79396772E-05) (  1.39698386E-05,  1.39698386E-05) (  2.79396772E-05,  3.72529030E-05)
   1.00000000      -2.00000000       1.00000000     (  1.86264515E-05, -1.86264515E-05) (  6.98491931E-06, -1.39698386E-05) ( -3.49245965E-06, -9.31322575E-06)
   1.00000000      -1.00000000       0.00000000     ( -1.06403604E-03, -1.11758709E-02) ( -1.06403604E-03, -1.11758709E-02) ( -1.27777457E-02,  2.36928463E-02)
   1.00000000      -1.00000000       1.00000000     ( -5.58793545E-05, -1.39698386E-05) (  1.86264515E-05,  7.45058060E-05) (  7.45058060E-05,  1.11758709E-04)
   1.00000000      -1.00000000       2.00000000     (  7.45058060E-05, -5.58793545E-05) (  2.79396772E-05, -2.79396772E-05) ( -1.86264515E-05,  1.86264515E-05)
   2.00000000       0.00000000       0.00000000     (  0.00000000    ,  0.00000000    ) ( -5.58793545E-05, -7.45058060E-05) (  2.79396772E-05, -5.58793545E-05)
   2.00000000       0.00000000       1.00000000     ( -1.86264515E-05,  2.79396772E-05) ( -1.86264515E-05, -3.72529030E-05) (  3.72529030E-05, -5.58793545E-05)
   2.00000000       1.00000000       0.00000000     (  6.98491931E-06, -2.79396772E-05) ( -1.39698386E-05,  5.58793545E-05) (  3.72529030E-05, -5.58793545E-05)
   2.00000000       1.00000000       1.00000000     ( -1.39698386E-05, -9.31322575E-06) ( -9.31322575E-06,  7.45058060E-05) (  3.72529030E-05, -5.58793545E-05)
   2.00000000      -1.00000000       0.00000000     (  1.39698386E-05, -1.86264515E-05) (  2.79396772E-05, -3.72529030E-05) (  1.86264515E-05, -9.31322575E-06)
   2.00000000      -1.00000000       1.00000000     (  2.79396772E-05, -4.65661287E-06) (  7.45058060E-05, -4.65661287E-06) (  1.86264515E-05,  6.98491931E-06)
