   0.00000000       0.00000000       1.00000000     (  1.54227018E-02, -6.48200512E-03) (  4.11272049E-02, -1.57207251E-02) (  0.00000000    ,  0.00000000    )
   0.00000000       0.00000000       2.00000000     ( -2.42143869E-04,  2.04890966E-04) (  2.42143869E-04, -2.32830644E-05) (  0.00000000    ,  0.00000000    )
   0.00000000       1.00000000       0.00000000     ( -5.66244125E-03, -3.89292836E-03) (  0.00000000    ,  0.00000000    ) (  1.15856528E-02,  1.12876296E-02)
   0.00000000       1.00000000       1.00000000     (  9.20146704E-03,  9.90927219E-03) ( -3.14321369E-04, -1.76951289E-03) (  3.14321369E-04,  1.76951289E-03)
   0.00000000       1.00000000       2.00000000     ( -6.98491931E-06,  1.02445483E-04) (  9.31322575E-05, -6.05359674E-05) ( -4.65661287E-05,  3.02679837E-05)
   0.00000000       2.00000000       0.00000000     ( -7.91624188E-05, -2.04890966E-04) (  0.00000000    ,  0.00000000    ) (  2.79396772E-04, -6.51925802E-05)
   0.00000000       2.00000000       1.00000000     ( -3.16649675E-04,  6.51925802E-05) (  8.38190317E-05,  3.72529030E-05) ( -1.67638063E-04, -7.45058060E-05)
   0.00000000      -2.00000000       0.00000000     ( -7.91624188E-05,  2.04890966E-04) (  0.00000000    ,  0.00000000    ) (  2.79396772E-04,  6.51925802E-05)
   0.00000000      -2.00000000       1.00000000     (  7.45058060E-05,  4.65661287E-05) (  5.12227416E-05,  1.30385160E-04) (  1.02445483E-04,  2.60770321E-04)
   0.00000000      -1.00000000       0.00000000     ( -5.66244125E-03,  3.89292836E-03) (  0.00000000    ,  0.00000000    ) (  1.15856528E-02, -1.12876296E-02)
   0.00000000      -1.00000000       1.00000000     ( -5.42029738E-03, -3.04728746E-02) ( -8.58679414E-03,  2.56113708E-03) ( -8.58679414E-03,  2.56113708E-03)
   0.00000000      -1.00000000       2.00000000     ( -1.67638063E-04,  1.62981451E-05) ( -3.25962901E-05,  6.98491931E-05) ( -1.62981451E-05,  3.49245965E-05)
   1.00000000       0.00000000       0.00000000     (  0.00000000    ,  0.00000000    ) ( -2.70456076E-02,  2.19047070E-02) (  2.11596489E-02,  5.30853868E-03)
   1.00000000       0.00000000       1.00000000     ( -3.97674739E-03,  4.34229150E-04) ( -2.04518437E-02, -1.54227018E-02) (  3.97674739E-03, -4.34229150E-04)
   1.00000000       0.00000000       2.00000000     (  2.04890966E-04,  3.95812094E-05) ( -1.39698386E-04, -1.11758709E-04) ( -1.02445483E-04, -1.97906047E-05)
   1.00000000       1.00000000       0.00000000     (  8.33533704E-04,  3.96743417E-03) ( -8.33533704E-04, -3.96743417E-03) ( -7.61821866E-03,  1.19954348E-02)
   1.00000000       1.00000000       1.00000000     ( -8.38190317E-05, -6.98491931E-05) (  3.35276127E-04,  1.86264515E-05) ( -2.60770321E-04,  5.12227416E-05)
   1.00000000       1.00000000       2.00000000     (  4.09781933E-04, -4.65661287E-05) ( -1.02445483E-04, -1.86264515E-04) ( -1.67638063E-04,  1.21071935E-04)
   1.00000000       2.00000000       0.00000000     ( -9.31322575E-05,  2.32830644E-05) (  4.65661287E-05, -1.16415322E-05) (  1.49011612E-04, -1.11758709E-04)
   1.00000000       2.00000000       1.00000000     (  3.25962901E-05, -3.95812094E-05) (  9.31322575E-05, -3.95812094E-05) ( -2.23517418E-04,  1.21071935E-04)
   1.00000000      -2.00000000       0.00000000     (  1.11758709E-04, -4.65661287E-05) (  5.58793545E-05, -2.32830644E-05) (  1.21071935E-04,  2.42143869E-04)
   1.00000000      -2.00000000       1.00000000     (  1.86264515E-04,  1.30385160E-04) (  3.02679837E-05,  8.38190317E-05) ( -1.21071935E-04,  3.95812094E-05)
   1.00000000      -1.00000000       0.00000000     (  8.81846063E-05, -5.88595867E-03) (  8.81846063E-05, -5.88595867E-03) ( -9.49949026E-03,  3.34531069E-02)
   1.00000000      -1.00000000       1.00000000     ( -4.09781933E-04, -1.58324838E-04) (  1.62981451E-05,  3.35276127E-04) (  4.47034836E-04,  4.84287739E-04)
   1.00000000      -1.00000000       2.00000000     (  2.04890966E-04, -6.51925802E-05) (  1.58324838E-04, -1.49011612E-04) ( -1.97906047E-05, -4.19095159E-05)
   2.00000000       0.00000000       0.00000000     (  0.00000000    ,  0.00000000    ) ( -1.21071935E-04, -3.16649675E-04) (  1.11758709E-04, -9.31322575E-05)
   2.00000000       0.00000000       1.00000000     (  1.74622983E-05,  1.28056854E-05) ( -6.98491931E-05, -1.39698386E-04) ( -3.49245965E-05, -2.56113708E-05)
   2.00000000       1.00000000       0.00000000     ( -7.91624188E-05, -7.45058060E-05) (  1.58324838E-04,  1.49011612E-04) (  7.91624188E-05, -2.23517418E-04)
   2.00000000       1.00000000       1.00000000     ( -4.19095159E-05,  3.95812094E-05) (  1.58324838E-04, -2.56113708E-05) ( -7.45058060E-05, -5.12227416E-05)
   2.00000000      -1.00000000       0.00000000     (  5.12227416E-05,  2.32830644E-06) (  1.02445483E-04,  4.65661287E-06) (  1.21071935E-04,  4.19095159E-05)
   2.00000000      -1.00000000       1.00000000     (  6.05359674E-05,  1.02445483E-04) (  1.67638063E-04,  1.02445483E-04) (  5.58793545E-05, -1.02445483E-04)
