    0.000000        0.000000        1.000000      (2.1830201E-02,1.1958182E-02)
   (-7.4133277E-03,-1.7508864E-02)  (0.000000,0.000000)
    0.000000        0.000000        2.000000      
 (7.7486038E-03,-1.7648563E-03)  (6.0163438E-03,4.3306500E-03)  
 (0.000000,0.000000)
    0.000000        1.000000        0.000000      (8.2887709E-04,9.6485019E-03)
   (0.000000,0.000000)  (3.3993274E-03,-2.8405339E-03)
    0.000000        1.000000        1.000000      (4.1536987E-03,1.4761463E-03)
   (6.6310167E-03,-5.0663948E-03)  (-6.6310167E-03,5.0663948E-03)
    0.000000        1.000000        2.000000      
 (-8.2515180E-03,-2.5704503E-03)  (-6.3329935E-03,-7.7998266E-04)  
 (3.1664968E-03,3.8999133E-04)
    0.000000        2.000000        0.000000      
 (-2.5937334E-03,-2.0070001E-03)  (0.000000,0.000000)  
 (-1.5553087E-03,2.9895455E-03)
    0.000000        2.000000        1.000000      
 (1.1213124E-02,-3.2503158E-03)  (-1.2922101E-04,-2.1979213E-03)  
 (2.5844201E-04,4.3958426E-03)
    0.000000       -2.000000        0.000000      
 (-2.5937334E-03,2.0070001E-03)  (0.000000,0.000000)  
 (-1.5553087E-03,-2.9895455E-03)
    0.000000       -2.000000        1.000000      
 (-1.3001263E-02,-1.1157244E-02)  (-4.0978193E-03,1.1548400E-03)  
 (-8.1956387E-03,2.3096800E-03)
    0.000000       -1.000000        0.000000      
 (8.2887709E-04,-9.6485019E-03)  (0.000000,0.000000)  
 (3.3993274E-03,2.8405339E-03)
    0.000000       -1.000000        1.000000      
 (6.4447522E-03,-7.1898103E-03)  (-2.2444874E-03,-4.1723251E-03)  
 (-2.2444874E-03,-4.1723251E-03)
    0.000000       -1.000000        2.000000      
 (-1.3113022E-02,2.7474016E-03)  (-2.0163134E-03,2.8684735E-03)  
 (-1.0081567E-03,1.4342368E-03)
    1.000000        0.000000        0.000000      (0.000000,0.000000)  
 (-2.5257468E-02,4.8987567E-03)  (1.8477440E-02,1.8030405E-02)
    1.000000        0.000000        1.000000      
 (-1.5459955E-03,-3.7066638E-03)  (-2.0489097E-02,1.5050173E-02)  
 (1.5459955E-03,3.7066638E-03)
    1.000000        0.000000        2.000000      (9.2433766E-04,1.3061799E-03)
   (4.9266964E-03,1.0747463E-02)  (-4.6216883E-04,-6.5308996E-04)
    1.000000        1.000000        0.000000      
 (3.9488077E-03,-1.4202669E-03)  (-3.9488077E-03,1.4202669E-03)  
 (-3.1571835E-03,2.1141022E-03)
    1.000000        1.000000        1.000000      (8.5274223E-05,3.9208680E-03)
   (-1.4435500E-03,-2.6542693E-03)  (1.3574027E-03,-1.2642704E-03)
    1.000000        1.000000        2.000000      
 (-3.9301813E-03,3.9697625E-04)  (-8.9872628E-04,-5.7369471E-03)  
 (2.4167821E-03,2.6728958E-03)
    1.000000        2.000000        0.000000      (1.6903505E-03,2.5611371E-03)
   (-8.4517524E-04,-1.2805685E-03)  (3.7439167E-03,9.5926225E-03)
    1.000000        2.000000        1.000000      (4.3492764E-03,3.9581209E-03)
   (-1.7229468E-03,-1.4289981E-04)  (-9.0338290E-04,-3.6694109E-03)
    1.000000       -2.000000        0.000000      (2.5378540E-04,7.3760748E-03)
   (1.2689270E-04,3.6880374E-03)  (-6.6868961E-03,-1.0989606E-03)
    1.000000       -2.000000        1.000000      
 (-1.6577542E-03,1.9674189E-04)  (-2.0445441E-05,6.2282197E-04)  
 (1.6205013E-03,1.0477379E-03)
    1.000000       -1.000000        0.000000      
 (-2.2631139E-03,3.1432137E-04)  (-2.2631139E-03,3.1432137E-04)  
 (-5.2340329E-03,3.7997961E-03)
    1.000000       -1.000000        1.000000      (1.4454126E-02,2.0023435E-03)
   (5.0850213E-03,2.7427450E-03)  (-9.3877316E-03,7.3807314E-04)
    1.000000       -1.000000        2.000000      
 (-2.4074689E-03,9.0803951E-04)  (-5.1222742E-03,-3.9301813E-03)  
 (-1.3597310E-03,-2.4214387E-03)
    2.000000        0.000000        0.000000      (0.000000,0.000000)  
 (1.3858080E-02,-5.1688403E-03)  (-7.2410330E-04,2.4633482E-03)
    2.000000        0.000000        1.000000      
 (-3.8277358E-03,4.6659261E-03)  (5.0943345E-03,1.1119992E-02)  
 (7.6554716E-03,-9.3318522E-03)
    2.000000        1.000000        0.000000      
 (-1.8486753E-03,-2.3050234E-03)  (3.6973506E-03,4.6100467E-03)  
 (-6.9662929E-03,2.1560118E-03)
    2.000000        1.000000        1.000000      (3.5390258E-03,5.2247196E-03)
   (-5.5320561E-03,-1.3783574E-02)  (-1.5459955E-03,3.3341348E-03)
    2.000000       -1.000000        0.000000      
 (-1.9837171E-03,-3.2782555E-03)  (-3.9674342E-03,-6.5565109E-03)  
 (2.2212043E-03,4.2747706E-03)
    2.000000       -1.000000        1.000000      
 (-5.1595271E-03,2.1141022E-03)  (-4.8987567E-03,5.0757080E-03)  
 (5.4202974E-03,8.4750354E-04)
