   0.00000000       0.00000000       1.00000000     ( -1.02445483E-03, -1.22189522E-02) (  2.15321779E-02,  7.22706318E-03) (  0.00000000    ,  0.00000000    )
   0.00000000       0.00000000       2.00000000     (  6.59376383E-03, -2.92435288E-03) ( -9.38773155E-03, -3.70666385E-03) (  0.00000000    ,  0.00000000    )
   0.00000000       1.00000000       0.00000000     (  7.52508640E-03,  9.42964107E-04) (  0.00000000    ,  0.00000000    ) (  1.49756670E-02, -7.32019544E-03)
   0.00000000       1.00000000       1.00000000     ( -8.19563866E-03, -3.98606062E-03) (  4.02331352E-03, -1.36904418E-03) ( -4.02331352E-03,  1.36904418E-03)
   0.00000000       1.00000000       2.00000000     (  3.89292836E-03, -2.47731805E-03) ( -3.31550837E-03,  1.54599547E-03) (  1.65775418E-03, -7.72997737E-04)
   0.00000000       2.00000000       0.00000000     ( -1.38767064E-03,  3.94880772E-03) (  0.00000000    ,  0.00000000    ) ( -9.45874490E-06, -6.79865479E-04)
   0.00000000       2.00000000       1.00000000     (  3.49245965E-04, -5.33182174E-04) ( -7.35744834E-04,  6.28642738E-04) (  1.47148967E-03, -1.25728548E-03)
   0.00000000      -2.00000000       0.00000000     ( -1.38767064E-03, -3.94880772E-03) (  0.00000000    ,  0.00000000    ) ( -9.45874490E-06,  6.79865479E-04)
   0.00000000      -2.00000000       1.00000000     (  1.65775418E-03, -5.84404916E-04) ( -8.61473382E-04,  3.89991328E-05) ( -1.72294676E-03,  7.79982656E-05)
   0.00000000      -1.00000000       0.00000000     (  7.52508640E-03, -9.42964107E-04) (  0.00000000    ,  0.00000000    ) (  1.49756670E-02,  7.32019544E-03)
   0.00000000      -1.00000000       1.00000000     ( -9.57399607E-03, -1.16601586E-02) ( -6.05359674E-03,  6.38887286E-03) ( -6.05359674E-03,  6.38887286E-03)
   0.00000000      -1.00000000       2.00000000     ( -1.44354999E-03, -1.95577741E-03) ( -1.87428668E-04,  2.45869160E-03) ( -9.37143341E-05,  1.22934580E-03)
   1.00000000       0.00000000       0.00000000     (  0.00000000    ,  0.00000000    ) ( -2.81631947E-02,  5.97909093E-03) (  1.87009573E-02, -5.42029738E-03)
   1.00000000       0.00000000       1.00000000     ( -1.67638063E-03, -2.52388418E-03) (  4.74974513E-03, -5.94183803E-03) (  1.67638063E-03,  2.52388418E-03)
   1.00000000       0.00000000       2.00000000     ( -3.07336450E-03, -1.30385160E-03) ( -1.07102096E-03,  3.24100256E-03) (  1.53668225E-03,  6.51925802E-04)
   1.00000000       1.00000000       0.00000000     (  1.88010745E-04, -3.15485522E-04) ( -1.88010745E-04,  3.15485522E-04) (  7.46920705E-03,  1.55717134E-02)
   1.00000000       1.00000000       1.00000000     ( -4.33996320E-03, -7.77654350E-04) (  2.24448740E-03,  2.73808837E-03) (  2.09547579E-03, -1.95577741E-03)
   1.00000000       1.00000000       2.00000000     (  1.32713467E-04,  1.03842467E-03) (  1.72294676E-03,  8.89413059E-04) ( -9.26665962E-04, -9.63918865E-04)
   1.00000000       2.00000000       0.00000000     ( -8.38190317E-04, -5.23868948E-04) (  4.19095159E-04,  2.61934474E-04) (  8.73114914E-05, -1.64844096E-03)
   1.00000000       2.00000000       1.00000000     (  1.64844096E-03, -9.72067937E-05) ( -6.56582415E-04, -9.66247171E-05) ( -3.32947820E-04,  2.91038305E-04)
   1.00000000      -2.00000000       0.00000000     ( -1.62981451E-03, -2.43308023E-04) ( -8.14907253E-04, -1.21654011E-04) ( -7.03148544E-04,  2.18860805E-03)
   1.00000000      -2.00000000       1.00000000     (  1.70257408E-05, -8.94069672E-04) (  8.84756446E-04, -4.47034836E-04) (  1.75088644E-03,  3.18323146E-06)
   1.00000000      -1.00000000       0.00000000     (  8.00937414E-03,  2.48663127E-03) (  8.00937414E-03,  2.48663127E-03) ( -2.56113708E-03, -1.58324838E-04)
   1.00000000      -1.00000000       1.00000000     ( -1.97440386E-03,  2.64495611E-03) ( -1.13621354E-03, -2.36555934E-03) (  8.38190317E-04, -5.02914190E-03)
   1.00000000      -1.00000000       2.00000000     ( -2.44006515E-03, -8.75443220E-04) (  1.86264515E-03,  1.87195837E-03) (  2.16066837E-03,  1.37835741E-03)
   2.00000000       0.00000000       0.00000000     (  0.00000000    ,  0.00000000    ) ( -2.19792128E-03,  2.10478902E-03) (  1.91852450E-03, -2.33761966E-03)
   2.00000000       0.00000000       1.00000000     ( -9.59262252E-04,  9.82545316E-04) ( -8.20728019E-05, -3.50177288E-03) (  1.91852450E-03, -1.96509063E-03)
   2.00000000       1.00000000       0.00000000     ( -1.17812306E-03, -1.12690032E-03) (  2.35624611E-03,  2.25380063E-03) ( -4.93600965E-04,  3.35276127E-03)
   2.00000000       1.00000000       1.00000000     ( -7.72997737E-04,  3.18977982E-04) (  4.93600965E-04,  8.00937414E-04) (  1.05239451E-03, -1.44354999E-03)
   2.00000000      -1.00000000       0.00000000     ( -1.59256160E-03, -8.52160156E-04) ( -3.18512321E-03, -1.70432031E-03) (  3.84170562E-04,  3.46451998E-03)
   2.00000000      -1.00000000       1.00000000     (  1.96509063E-03,  4.19095159E-04) ( -4.84287739E-04,  9.17352736E-04) ( -4.41446900E-03,  7.91624188E-05)
