   0.00000000       0.00000000      -2.00000000     (  7.11530447E-03,  1.54599547E-03) ( -1.01700425E-02,  5.66244125E-03) (  0.00000000    ,  0.00000000    )
   0.00000000       0.00000000      -1.00000000     (  1.25262886E-03,  1.09896064E-02) (  2.39163637E-02, -2.45869160E-03) (  0.00000000    ,  0.00000000    )
   0.00000000       1.00000000      -2.00000000     ( -1.16880983E-03,  3.12924385E-03) (  1.96509063E-03, -1.64844096E-03) (  9.82545316E-04, -8.24220479E-04)
   0.00000000       1.00000000      -1.00000000     ( -7.07805157E-03,  1.25169754E-02) ( -6.37024641E-03, -5.43892384E-03) ( -6.37024641E-03, -5.43892384E-03)
   0.00000000       2.00000000      -1.00000000     ( -7.65430741E-05, -1.60187483E-03) ( -9.49949026E-04, -7.71251507E-05) ( -1.89989805E-03, -1.54250301E-04)
   0.00000000      -2.00000000      -1.00000000     ( -1.13621354E-03,  4.93600965E-03) ( -1.21071935E-03, -1.61118805E-03) (  2.42143869E-03,  3.22237611E-03)
   0.00000000      -1.00000000      -2.00000000     (  5.27128577E-03,  4.91738319E-03) ( -1.70432031E-03, -2.59838998E-03) (  8.52160156E-04,  1.29919499E-03)
   0.00000000      -1.00000000      -1.00000000     ( -1.75088644E-03,  6.93835318E-04) (  4.11644578E-03,  1.26194209E-03) ( -4.11644578E-03, -1.26194209E-03)
   1.00000000       0.00000000      -2.00000000     ( -1.82539225E-03, -1.04308128E-03) (  1.23400241E-03,  6.51925802E-03) ( -9.12696123E-04, -5.21540642E-04)
   1.00000000       0.00000000      -1.00000000     (  9.53674316E-03, -5.56930900E-03) ( -4.43309546E-03,  2.68220901E-02) (  9.53674316E-03, -5.56930900E-03)
   1.00000000       1.00000000      -2.00000000     (  2.35624611E-03,  2.93366611E-03) ( -6.22123480E-03,  1.96741894E-04) ( -1.92783773E-03,  1.56462193E-03)
   1.00000000       1.00000000      -1.00000000     (  5.89061528E-04,  8.53091478E-03) ( -2.37487257E-03, -5.66244125E-03) ( -1.78813934E-03,  2.87778676E-03)
   1.00000000       2.00000000      -1.00000000     (  2.73808837E-03, -4.97675501E-05) ( -1.05239451E-03, -3.03843990E-04) (  6.37955964E-04, -6.58910722E-04)
   1.00000000      -2.00000000      -1.00000000     (  2.32830644E-05, -3.60887498E-04) ( -1.79861672E-04, -2.98023224E-04) (  3.81842256E-04,  2.35158950E-04)
   1.00000000      -1.00000000      -2.00000000     ( -1.25262886E-03, -4.06056643E-03) ( -1.03376806E-03,  3.83704901E-03) ( -1.10594556E-04, -3.94880772E-03)
   1.00000000      -1.00000000      -1.00000000     ( -8.70786607E-04,  5.26197255E-04) ( -1.22003257E-03, -3.09199095E-03) (  3.49245965E-04,  3.61353159E-03)
   2.00000000       0.00000000      -1.00000000     ( -1.80676579E-03,  1.49011612E-04) ( -1.59256160E-03, -1.18743628E-03) ( -3.61353159E-03,  2.98023224E-04)
   2.00000000       1.00000000      -1.00000000     (  5.47152013E-04,  4.94765118E-05) ( -3.74391675E-03, -1.66706741E-03) ( -2.65426934E-03, -1.56462193E-03)
   2.00000000      -1.00000000      -1.00000000     (  1.34110451E-03, -4.70317900E-04) (  1.75088644E-03,  1.44820660E-03) (  9.31322575E-04, -2.38418579E-03)
