    0.000000        0.000000        1.000000      (2.1979213E-02,1.1995435E-02)
   (-6.9290400E-03,-1.7806888E-02)  (0.000000,0.000000)
    0.000000        0.000000        2.000000      
 (8.0093741E-03,-1.8673018E-03)  (5.9604645E-03,4.1443855E-03)  
 (0.000000,0.000000)
    0.000000        1.000000        0.000000      (6.5425411E-04,1.0021031E-02)
   (0.000000,0.000000)  (3.3155084E-03,-2.9709190E-03)
    0.000000        1.000000        1.000000      (4.1164458E-03,1.0617077E-03)
   (6.7800283E-03,-5.1967800E-03)  (-6.7800283E-03,5.1967800E-03)
    0.000000        1.000000        2.000000      
 (-8.3073974E-03,-2.5657937E-03)  (-6.7614019E-03,-5.9721060E-04)  
 (3.3807009E-03,2.9860530E-04)
    0.000000        2.000000        0.000000      
 (-2.1932647E-03,-2.4866313E-03)  (0.000000,0.000000)  
 (-1.7741695E-03,2.9150397E-03)
    0.000000        2.000000        1.000000      
 (1.1418015E-02,-3.2875687E-03)  (-9.4878487E-05,-2.2863969E-03)  
 (1.8975697E-04,4.5727938E-03)
    0.000000       -2.000000        0.000000      
 (-2.1932647E-03,2.4866313E-03)  (0.000000,0.000000)  
 (-1.7741695E-03,-2.9150397E-03)
    0.000000       -2.000000        1.000000      
 (-1.3075769E-02,-1.1008233E-02)  (-4.1630119E-03,1.1385418E-03)  
 (-8.3260238E-03,2.2770837E-03)
    0.000000       -1.000000        0.000000      
 (6.5425411E-04,-1.0021031E-02)  (0.000000,0.000000)  
 (3.3155084E-03,2.9709190E-03)
    0.000000       -1.000000        1.000000      
 (6.5192580E-03,-7.5995922E-03)  (-2.3562461E-03,-4.0605664E-03)  
 (-2.3562461E-03,-4.0605664E-03)
    0.000000       -1.000000        2.000000      
 (-1.2889504E-02,2.9522926E-03)  (-1.8160790E-03,3.3993274E-03)  
 (-9.0803951E-04,1.6996637E-03)
    1.000000        0.000000        0.000000      (0.000000,0.000000)  
 (-2.5108457E-02,4.8801303E-03)  (1.8849969E-02,1.8104911E-02)
    1.000000        0.000000        1.000000      
 (-1.3364479E-03,-3.8556755E-03)  (-2.0936131E-02,1.5199184E-02)  
 (1.3364479E-03,3.8556755E-03)
    1.000000        0.000000        2.000000      (1.0267831E-03,1.2922101E-03)
   (5.0384551E-03,1.0821968E-02)  (-5.1339157E-04,-6.4610504E-04)
    1.000000        1.000000        0.000000      
 (4.0978193E-03,-1.3643876E-03)  (-4.0978193E-03,1.3643876E-03)  
 (-3.4365803E-03,2.0768493E-03)
    1.000000        1.000000        1.000000      
 (-2.8579962E-04,3.8091093E-03)  (-1.0640360E-03,-2.5099143E-03)  
 (1.3504177E-03,-1.3015233E-03)
    1.000000        1.000000        2.000000      
 (-3.8649887E-03,9.0658432E-05)  (-1.1734664E-03,-5.8487058E-03)  
 (2.5192276E-03,2.8777868E-03)
    1.000000        2.000000        0.000000      (1.3504177E-03,2.7893111E-03)
   (-6.7520887E-04,-1.3946556E-03)  (3.5855919E-03,9.8720193E-03)
    1.000000        2.000000        1.000000      (4.6566129E-03,4.1257590E-03)
   (-1.6391277E-03,-3.8417056E-04)  (-1.3713725E-03,-3.3620745E-03)
    1.000000       -2.000000        0.000000      (2.1691449E-06,7.1339309E-03)
   (1.0845724E-06,3.5669655E-03)  (-6.8359077E-03,-1.0943040E-03)
    1.000000       -2.000000        1.000000      
 (-1.5040860E-03,3.5448465E-04)  (2.0190782E-05,8.5448846E-04)  
 (1.5459955E-03,1.3550743E-03)
    1.000000       -1.000000        0.000000      
 (-2.5145710E-03,2.0023435E-04)  (-2.5145710E-03,2.0023435E-04)  
 (-5.1409006E-03,3.8743019E-03)
    1.000000       -1.000000        1.000000      (1.4603138E-02,2.8684735E-03)
   (5.2154064E-03,3.4365803E-03)  (-9.3877316E-03,5.6810677E-04)
    1.000000       -1.000000        2.000000      
 (-1.9976869E-03,1.3993122E-03)  (-4.4144690E-03,-3.7159771E-03)  
 (-1.2083910E-03,-2.5564805E-03)
    2.000000        0.000000        0.000000      (0.000000,0.000000)  
 (1.4193356E-02,-5.5879354E-03)  (-8.5216016E-04,2.8871000E-03)
    2.000000        0.000000        1.000000      
 (-4.0791929E-03,4.4237822E-03)  (5.3271651E-03,1.1622906E-02)  
 (8.1583858E-03,-8.8475645E-03)
    2.000000        1.000000        0.000000      
 (-1.8207356E-03,-2.1234155E-03)  (3.6414713E-03,4.2468309E-03)  
 (-6.6868961E-03,1.5040860E-03)
    2.000000        1.000000        1.000000      (3.5855919E-03,5.4202974E-03)
   (-5.7928264E-03,-1.3783574E-02)  (-1.3830140E-03,2.9522926E-03)
    2.000000       -1.000000        0.000000      
 (-1.6624108E-03,-3.2316893E-03)  (-3.3248216E-03,-6.4633787E-03)  
 (2.3050234E-03,4.2933971E-03)
    2.000000       -1.000000        1.000000      
 (-5.3364784E-03,1.9371510E-03)  (-5.2247196E-03,4.4144690E-03)  
 (5.4389238E-03,5.3900294E-04)
