   0.00000000       0.00000000      -2.00000000     (  4.84287739E-04,  1.45286322E-03) ( -1.13621354E-03,  2.04890966E-04) (  0.00000000    ,  0.00000000    )
   0.00000000       0.00000000      -1.00000000     (  2.00420618E-02, -1.47148967E-03) (  3.34531069E-02,  2.39908695E-02) (  0.00000000    ,  0.00000000    )
   0.00000000       1.00000000      -2.00000000     (  4.56348062E-04, -4.87489160E-06) ( -4.74974513E-04,  4.28408384E-04) ( -2.37487257E-04,  2.14204192E-04)
   0.00000000       1.00000000      -1.00000000     ( -4.69153747E-04,  3.01748514E-02) ( -4.58210707E-03, -2.98023224E-03) ( -4.58210707E-03, -2.98023224E-03)
   0.00000000       2.00000000      -1.00000000     ( -1.32247806E-03,  2.44472176E-05) ( -1.17870513E-05,  2.32830644E-04) ( -2.35741027E-05,  4.65661287E-04)
   0.00000000      -2.00000000      -1.00000000     (  9.49949026E-04,  3.30619514E-04) ( -4.28408384E-04, -2.04890966E-04) (  8.56816769E-04,  4.09781933E-04)
   0.00000000      -1.00000000      -2.00000000     ( -7.26431608E-04,  3.81842256E-04) ( -5.68106771E-04, -1.95577741E-04) (  2.84053385E-04,  9.77888703E-05)
   0.00000000      -1.00000000      -1.00000000     (  7.76723027E-03, -9.59262252E-03) ( -2.70083547E-03,  4.53554094E-03) (  2.70083547E-03, -4.53554094E-03)
   1.00000000       0.00000000      -2.00000000     ( -5.02914190E-04,  1.81607902E-04) ( -6.98491931E-04,  4.74974513E-04) ( -2.51457095E-04,  9.08039510E-05)
   1.00000000       0.00000000      -1.00000000     (  9.05245543E-03, -4.82425094E-03) ( -9.74163413E-03, -1.06869265E-03) (  9.05245543E-03, -4.82425094E-03)
   1.00000000       1.00000000      -2.00000000     ( -4.28408384E-04, -2.23517418E-04) (  3.95812094E-04, -1.11758709E-03) ( -1.48429535E-05, -6.70552254E-04)
   1.00000000       1.00000000      -1.00000000     ( -6.98491931E-04,  4.74974513E-04) (  1.28522515E-03,  5.02914190E-04) (  5.86733222E-04,  9.68575478E-04)
   1.00000000       2.00000000      -1.00000000     (  1.55996531E-04,  3.77185643E-04) ( -3.58559191E-04, -4.65661287E-04) ( -5.68106771E-04, -5.49480319E-04)
   1.00000000      -2.00000000      -1.00000000     (  9.49949026E-04,  3.81842256E-04) (  5.86733222E-04,  4.00468707E-04) ( -2.14204192E-04, -4.28408384E-04)
   1.00000000      -1.00000000      -2.00000000     (  4.74974513E-04, -4.65661287E-04) (  7.72997737E-04, -2.04890966E-04) ( -1.46683306E-04, -1.28056854E-04)
   1.00000000      -1.00000000      -1.00000000     ( -1.37370080E-04,  1.00582838E-03) ( -9.12696123E-04,  4.19095159E-04) (  7.63684511E-04,  5.96046448E-04)
   2.00000000       0.00000000      -1.00000000     ( -3.07336450E-04, -1.37370080E-04) (  4.30736691E-05,  2.56113708E-05) ( -6.14672899E-04, -2.74740160E-04)
   2.00000000       1.00000000      -1.00000000     ( -1.14087015E-04,  4.83123586E-05) (  2.28174031E-04, -1.23400241E-04) (  3.36513040E-07, -2.73576006E-05)
   2.00000000      -1.00000000      -1.00000000     (  1.39698386E-04,  4.24915925E-05) (  8.00937414E-04, -6.79865479E-04) ( -5.21540642E-04,  7.63684511E-04)
