   0.00000000       0.00000000      -2.00000000     (  0.00000000    ,  0.00000000    ) (  0.00000000    ,  0.00000000    ) (  0.00000000    ,  0.00000000    )
   0.00000000       0.00000000      -1.00000000     (  1.35228038E-02,  9.40635800E-03) (  4.24683094E-02,  1.27032399E-02) (  0.00000000    ,  0.00000000    )
   0.00000000       1.00000000      -2.00000000     (  0.00000000    ,  0.00000000    ) (  0.00000000    ,  0.00000000    ) (  0.00000000    ,  0.00000000    )
   0.00000000       1.00000000      -1.00000000     ( -6.44475222E-03,  2.89082527E-02) ( -9.55536962E-03, -3.24100256E-03) ( -9.55536962E-03, -3.24100256E-03)
   0.00000000       2.00000000      -1.00000000     (  0.00000000    ,  0.00000000    ) (  0.00000000    ,  0.00000000    ) (  0.00000000    ,  0.00000000    )
   0.00000000      -2.00000000      -1.00000000     (  0.00000000    ,  0.00000000    ) (  0.00000000    ,  0.00000000    ) (  0.00000000    ,  0.00000000    )
   0.00000000      -1.00000000      -2.00000000     (  0.00000000    ,  0.00000000    ) (  0.00000000    ,  0.00000000    ) (  0.00000000    ,  0.00000000    )
   0.00000000      -1.00000000      -1.00000000     (  9.05245543E-03, -8.13975930E-03) (  1.08266249E-03,  1.43889338E-03) ( -1.08266249E-03, -1.43889338E-03)
   1.00000000       0.00000000      -2.00000000     (  0.00000000    ,  0.00000000    ) (  0.00000000    ,  0.00000000    ) (  0.00000000    ,  0.00000000    )
   1.00000000       0.00000000      -1.00000000     (  1.13248825E-02, -5.69969416E-03) ( -8.88481736E-03,  1.47148967E-02) (  1.13248825E-02, -5.69969416E-03)
   1.00000000       1.00000000      -2.00000000     (  0.00000000    ,  0.00000000    ) (  0.00000000    ,  0.00000000    ) (  0.00000000    ,  0.00000000    )
   1.00000000       1.00000000      -1.00000000     (  0.00000000    ,  0.00000000    ) (  0.00000000    ,  0.00000000    ) (  0.00000000    ,  0.00000000    )
   1.00000000       2.00000000      -1.00000000     (  0.00000000    ,  0.00000000    ) (  0.00000000    ,  0.00000000    ) (  0.00000000    ,  0.00000000    )
   1.00000000      -2.00000000      -1.00000000     (  0.00000000    ,  0.00000000    ) (  0.00000000    ,  0.00000000    ) (  0.00000000    ,  0.00000000    )
   1.00000000      -1.00000000      -2.00000000     (  0.00000000    ,  0.00000000    ) (  0.00000000    ,  0.00000000    ) (  0.00000000    ,  0.00000000    )
   1.00000000      -1.00000000      -1.00000000     (  0.00000000    ,  0.00000000    ) (  0.00000000    ,  0.00000000    ) (  0.00000000    ,  0.00000000    )
   2.00000000       0.00000000      -1.00000000     (  0.00000000    ,  0.00000000    ) (  0.00000000    ,  0.00000000    ) (  0.00000000    ,  0.00000000    )
   2.00000000       1.00000000      -1.00000000     (  0.00000000    ,  0.00000000    ) (  0.00000000    ,  0.00000000    ) (  0.00000000    ,  0.00000000    )
   2.00000000      -1.00000000      -1.00000000     (  0.00000000    ,  0.00000000    ) (  0.00000000    ,  0.00000000    ) (  0.00000000    ,  0.00000000    )
