   0.00000000       0.00000000       1.00000000     (  2.31713057E-02,  1.17719173E-02) ( -3.44589353E-04, -2.27242708E-02) (  0.00000000    ,  0.00000000    )
   0.00000000       0.00000000       2.00000000     (  6.61239028E-03, -3.71597707E-03) (  2.10013241E-03,  1.48080289E-03) (  0.00000000    ,  0.00000000    )
   0.00000000       1.00000000       0.00000000     ( -2.16998160E-03,  1.18091702E-02) (  0.00000000    ,  0.00000000    ) (  2.10478902E-03, -2.91503966E-03)
   0.00000000       1.00000000       1.00000000     (  3.30619514E-03, -3.36207449E-03) (  6.98491931E-03, -7.05942512E-03) ( -6.98491931E-03,  7.05942512E-03)
   0.00000000       1.00000000       2.00000000     ( -7.11530447E-03, -9.98843461E-04) ( -6.98491931E-03,  4.91272658E-04) (  3.49245965E-03, -2.45636329E-04)
   0.00000000       2.00000000       0.00000000     ( -1.13213900E-04, -6.14672899E-03) (  0.00000000    ,  0.00000000    ) ( -4.29339707E-03,  4.85451892E-04)
   0.00000000       2.00000000       1.00000000     (  6.12810254E-03,  6.89178705E-04) ( -1.12690032E-03, -2.39349902E-03) (  2.25380063E-03,  4.78699803E-03)
   0.00000000      -2.00000000       0.00000000     ( -1.13213900E-04,  6.14672899E-03) (  0.00000000    ,  0.00000000    ) ( -4.29339707E-03, -4.85451892E-04)
   0.00000000      -2.00000000       1.00000000     ( -9.05245543E-03, -3.39001417E-03) ( -1.84867531E-03,  9.28994268E-04) ( -3.69735062E-03,  1.85798854E-03)
   0.00000000      -1.00000000       0.00000000     ( -2.16998160E-03, -1.18091702E-02) (  0.00000000    ,  0.00000000    ) (  2.10478902E-03,  2.91503966E-03)
   0.00000000      -1.00000000       1.00000000     (  9.90927219E-03, -1.26287341E-02) ( -2.57976353E-03, -2.70083547E-03) ( -2.57976353E-03, -2.70083547E-03)
   0.00000000      -1.00000000       2.00000000     ( -4.22820449E-03,  2.28756107E-04) (  3.94647941E-04,  3.78116965E-03) (  1.97323970E-04,  1.89058483E-03)
   1.00000000       0.00000000       0.00000000     (  0.00000000    ,  0.00000000    ) ( -2.10851431E-02,  5.21540642E-03) (  2.36928463E-02,  1.97440386E-02)
   1.00000000       0.00000000       1.00000000     (  1.60653144E-03, -4.41446900E-03) ( -2.48849392E-02,  1.57952309E-02) ( -1.60653144E-03,  4.41446900E-03)
   1.00000000       0.00000000       2.00000000     (  1.04540959E-03,  2.00700015E-03) (  4.80562449E-03,  5.45755029E-03) ( -5.22704795E-04, -1.00350007E-03)
   1.00000000       1.00000000       0.00000000     (  5.23403287E-03,  7.59027898E-04) ( -5.23403287E-03, -7.59027898E-04) ( -6.55651093E-03,  2.80328095E-03)
   1.00000000       1.00000000       1.00000000     ( -3.04542482E-03,  1.20140612E-03) (  2.11410224E-03, -6.89178705E-04) (  9.35979187E-04, -5.11063263E-04)
   1.00000000       1.00000000       2.00000000     ( -2.20723450E-03, -2.32830644E-03) ( -4.10713255E-03, -3.92086804E-03) (  3.15718353E-03,  3.12924385E-03)
   1.00000000       2.00000000       0.00000000     ( -1.68569386E-03,  5.06639481E-03) (  8.42846930E-04, -2.53319740E-03) ( -2.17696652E-04,  9.31322575E-03)
   1.00000000       2.00000000       1.00000000     (  6.18398190E-03,  2.75671482E-03) ( -2.00700015E-03, -2.02096999E-03) ( -2.16998160E-03,  1.28988177E-03)
   1.00000000      -2.00000000       0.00000000     ( -6.26314431E-04, -7.96280801E-04) ( -3.13157216E-04, -3.98140401E-04) ( -2.87778676E-03,  4.33064997E-04)
   1.00000000      -2.00000000       1.00000000     ( -1.97906047E-03,  8.19563866E-04) ( -1.81142241E-03,  1.49942935E-03) ( -1.64378434E-03,  2.17929482E-03)
   1.00000000      -1.00000000       0.00000000     ( -5.40167093E-03, -3.42726707E-03) ( -5.40167093E-03, -3.42726707E-03) ( -4.32133675E-03,  4.30271029E-03)
   1.00000000      -1.00000000       1.00000000     (  8.10250640E-03,  7.89761543E-03) (  2.10013241E-03,  7.30156898E-03) ( -6.01634383E-03, -5.96046448E-04)
   1.00000000      -1.00000000       2.00000000     (  3.35276127E-03,  5.73694706E-03) (  5.06639481E-03,  1.47614628E-03) (  8.59145075E-04, -2.12807208E-03)
   2.00000000       0.00000000       0.00000000     (  0.00000000    ,  0.00000000    ) (  1.10641122E-02, -6.38887286E-03) ( -3.29688191E-03,  4.26545739E-03)
   2.00000000       0.00000000       1.00000000     ( -4.39584255E-03, -1.52504072E-04) (  3.74391675E-03,  1.08778477E-02) (  8.79168510E-03,  3.05008143E-04)
   2.00000000       1.00000000       0.00000000     ( -1.82539225E-03,  4.54019755E-04) (  3.65078449E-03, -9.08039510E-04) ( -1.55530870E-03, -5.90458512E-03)
   2.00000000       1.00000000       1.00000000     (  2.27242708E-03,  4.52622771E-03) ( -5.10364771E-03, -8.00937414E-03) (  5.51808625E-04, -1.05239451E-03)
   2.00000000      -1.00000000       0.00000000     (  1.14552677E-03, -8.38190317E-04) (  2.29105353E-03, -1.67638063E-03) (  6.10016286E-04,  2.16532499E-03)
   2.00000000      -1.00000000       1.00000000     ( -4.04193997E-03,  4.35393304E-04) ( -3.96743417E-03, -1.62050128E-03) (  4.11644578E-03, -2.49594450E-03)
