   0.00000000       0.00000000       1.00000000     (  1.14738941E-02, -1.09151006E-02) (  4.14252281E-02, -1.01327896E-02) (  0.00000000    ,  0.00000000    )
   0.00000000       0.00000000       2.00000000     (  3.72529030E-04, -1.30385160E-04) ( -3.16649675E-04, -4.65661287E-05) (  0.00000000    ,  0.00000000    )
   0.00000000       1.00000000       0.00000000     ( -8.75443220E-04, -4.50760126E-03) (  0.00000000    ,  0.00000000    ) (  1.48639083E-02,  6.29574060E-03)
   0.00000000       1.00000000       1.00000000     (  8.13975930E-03,  6.51925802E-03) (  1.97440386E-03, -1.26892701E-03) ( -1.97440386E-03,  1.26892701E-03)
   0.00000000       1.00000000       2.00000000     (  1.21071935E-04, -1.49011612E-04) ( -9.31322575E-05,  7.45058060E-05) (  4.65661287E-05, -3.72529030E-05)
   0.00000000       2.00000000       0.00000000     (  2.04890966E-04,  1.11758709E-04) (  0.00000000    ,  0.00000000    ) ( -1.21071935E-04,  5.12227416E-05)
   0.00000000       2.00000000       1.00000000     (  2.60770321E-04, -7.45058060E-05) ( -4.42378223E-05, -5.58793545E-05) (  8.84756446E-05,  1.11758709E-04)
   0.00000000      -2.00000000       0.00000000     (  2.04890966E-04, -1.11758709E-04) (  0.00000000    ,  0.00000000    ) ( -1.21071935E-04, -5.12227416E-05)
   0.00000000      -2.00000000       1.00000000     ( -1.30385160E-04,  2.09547579E-05) ( -1.21071935E-04, -1.39698386E-04) ( -2.42143869E-04, -2.79396772E-04)
   0.00000000      -1.00000000       0.00000000     ( -8.75443220E-04,  4.50760126E-03) (  0.00000000    ,  0.00000000    ) (  1.48639083E-02, -6.29574060E-03)
   0.00000000      -1.00000000       1.00000000     ( -6.76140189E-03, -2.66730785E-02) ( -9.72300768E-03,  3.59490514E-03) ( -9.72300768E-03,  3.59490514E-03)
   0.00000000      -1.00000000       2.00000000     (  1.39698386E-04, -7.45058060E-05) (  1.11758709E-04, -4.19095159E-05) (  5.58793545E-05, -2.09547579E-05)
   1.00000000       0.00000000       0.00000000     (  0.00000000    ,  0.00000000    ) ( -3.18884850E-02,  2.23517418E-02) (  1.85891986E-02,  7.27595761E-05)
   1.00000000       0.00000000       1.00000000     ( -3.44589353E-03,  5.15719876E-04) ( -1.49011612E-02, -1.81421638E-02) (  3.44589353E-03, -5.15719876E-04)
   1.00000000       0.00000000       2.00000000     ( -2.42143869E-04, -1.39698386E-04) (  1.39698386E-04,  9.31322575E-05) (  1.21071935E-04,  6.98491931E-05)
   1.00000000       1.00000000       0.00000000     (  2.91503966E-03,  4.82425094E-03) ( -2.91503966E-03, -4.82425094E-03) ( -3.69735062E-03,  1.15856528E-02)
   1.00000000       1.00000000       1.00000000     (  1.11758709E-04,  1.30385160E-04) ( -3.72529030E-04,  1.74622983E-05) (  2.60770321E-04, -1.49011612E-04)
   1.00000000       1.00000000       2.00000000     ( -4.09781933E-04,  7.45058060E-05) (  1.67638063E-04,  2.42143869E-04) (  1.21071935E-04, -1.58324838E-04)
   1.00000000       2.00000000       0.00000000     ( -5.12227416E-05,  1.11758709E-04) (  2.56113708E-05, -5.58793545E-05) ( -1.39698386E-04, -2.32830644E-05)
   1.00000000       2.00000000       1.00000000     ( -1.74622983E-05,  6.51925802E-05) ( -1.02445483E-04, -1.60071068E-06) (  2.23517418E-04, -6.51925802E-05)
   1.00000000      -2.00000000       0.00000000     ( -1.30967237E-06,  1.39698386E-04) ( -6.54836185E-07,  6.98491931E-05) ( -1.02445483E-04, -2.42143869E-04)
   1.00000000      -2.00000000       1.00000000     ( -2.23517418E-04, -7.45058060E-05) ( -5.12227416E-05, -2.09547579E-05) (  1.21071935E-04,  3.25962901E-05)
   1.00000000      -1.00000000       0.00000000     (  1.07567757E-03, -4.66592610E-03) (  1.07567757E-03, -4.66592610E-03) ( -8.25151801E-03,  3.26335430E-02)
   1.00000000      -1.00000000       1.00000000     (  4.84287739E-04,  2.04890966E-04) (  1.74622983E-05, -3.72529030E-04) ( -4.47034836E-04, -5.96046448E-04)
   1.00000000      -1.00000000       2.00000000     ( -2.04890966E-04, -8.73114914E-06) ( -8.38190317E-05,  1.76951289E-04) (  5.58793545E-05,  9.31322575E-05)
   2.00000000       0.00000000       0.00000000     (  0.00000000    ,  0.00000000    ) (  9.31322575E-05,  3.16649675E-04) ( -1.39698386E-04, -3.72529030E-05)
   2.00000000       0.00000000       1.00000000     ( -3.49245965E-05,  1.28056854E-05) ( -2.09547579E-05,  6.05359674E-05) (  6.98491931E-05, -2.56113708E-05)
   2.00000000       1.00000000       0.00000000     (  4.65661287E-05,  3.02679837E-05) ( -9.31322575E-05, -6.05359674E-05) (  4.65661287E-05,  1.21071935E-04)
   2.00000000       1.00000000       1.00000000     ( -4.94765118E-06, -4.19095159E-05) ( -1.49011612E-04,  1.02445483E-04) (  1.58324838E-04, -2.32830644E-05)
   2.00000000      -1.00000000       0.00000000     ( -8.84756446E-05, -5.58793545E-05) ( -1.76951289E-04, -1.11758709E-04) ( -6.40284270E-06, -1.86264515E-05)
   2.00000000      -1.00000000       1.00000000     ( -3.49245965E-05, -1.86264515E-04) ( -1.02445483E-04, -1.30385160E-04) ( -3.49245965E-05,  2.42143869E-04)
