    0.000000        0.000000       -2.000000      (6.3702464E-03,1.4854595E-03)
   (6.0908496E-03,-4.9173832E-03)  (0.000000,0.000000)
    0.000000        0.000000       -1.000000      
 (2.0861626E-02,-1.1548400E-02)  (-9.4994903E-03,1.6242266E-02)  
 (0.000000,0.000000)
    0.000000        1.000000       -2.000000      
 (-1.3485551E-02,-1.2875535E-03)  (-2.8312206E-03,-6.6393113E-06)  
 (-1.4156103E-03,-3.3196557E-06)
    0.000000        1.000000       -1.000000      (6.5937638E-03,5.3457916E-03)
   (-1.6763806E-03,4.6566129E-03)  (-1.6763806E-03,4.6566129E-03)
    0.000000        2.000000       -1.000000      
 (-1.2367964E-02,1.1473894E-02)  (-3.5576522E-03,-9.5693395E-04)  
 (-7.1153045E-03,-1.9138679E-03)
    0.000000       -2.000000       -1.000000      (9.3132257E-03,2.9429793E-03)
   (-4.8661605E-04,1.7182902E-03)  (9.7323209E-04,-3.4365803E-03)
    0.000000       -1.000000       -2.000000      
 (-8.2142651E-03,2.3934990E-03)  (-4.3772161E-03,1.8253922E-03)  
 (2.1886081E-03,-9.1269612E-04)
    0.000000       -1.000000       -1.000000      
 (4.4703484E-03,-3.5017729E-03)  (5.8300793E-03,4.4330955E-03)  
 (-5.8300793E-03,-4.4330955E-03)
    1.000000        0.000000       -2.000000      (8.5495412E-03,2.5518239E-03)
   (-4.1536987E-03,3.9860606E-03)  (4.2747706E-03,1.2759119E-03)
    1.000000        0.000000       -1.000000      
 (3.6880374E-03,-8.5681677E-04)  (6.9662929E-03,-4.7124922E-03)  
 (3.6880374E-03,-8.5681677E-04)
    1.000000        1.000000       -2.000000      
 (-3.5017729E-03,2.1944288E-04)  (-3.2316893E-03,-1.3262033E-02)  
 (-3.3620745E-03,-6.5192580E-03)
    1.000000        1.000000       -1.000000      
 (-8.1770122E-03,-1.4377292E-04)  (2.1420419E-03,-1.5925616E-03)  
 (-6.0349703E-03,-1.7369166E-03)
    1.000000        2.000000       -1.000000      
 (-8.5495412E-03,3.6670826E-04)  (1.3341196E-03,2.8219074E-03)  
 (-5.8859587E-03,6.0163438E-03)
    1.000000       -2.000000       -1.000000      
 (8.4284693E-04,-3.6694109E-03)  (-5.4715201E-04,-1.2665987E-03)  
 (1.9371510E-03,-1.1408702E-03)
    1.000000       -1.000000       -2.000000      
 (4.7218055E-03,-1.4842954E-05)  (-4.3585896E-03,1.4295802E-03)  
 (4.5448542E-03,-7.2177500E-04)
    1.000000       -1.000000       -1.000000      
 (-1.0188669E-02,4.7124922E-03)  (-5.9790909E-03,3.4982804E-04)  
 (-4.2188913E-03,4.3679029E-03)
    2.000000        0.000000       -1.000000      (2.3143366E-03,3.9860606E-03)
   (8.5495412E-03,7.4878335E-03)  (4.6286732E-03,7.9721212E-03)
    2.000000        1.000000       -1.000000      
 (-1.2572855E-03,-2.1234155E-03)  (3.6694109E-03,-4.2375177E-03)  
 (1.1548400E-03,-8.4750354E-03)
    2.000000       -1.000000       -1.000000      
 (-1.4994293E-03,2.6589260E-03)  (2.2177119E-04,6.2398612E-03)  
 (-3.2223761E-03,-9.2666596E-04)
