   0.00000000       0.00000000      -2.00000000     (  4.80562449E-03,  8.84756446E-04) ( -6.44475222E-03,  3.65078449E-03) (  0.00000000    ,  0.00000000    )
   0.00000000       0.00000000      -1.00000000     (  2.40281224E-03,  1.13248825E-02) (  2.65985727E-02, -8.28877091E-04) (  0.00000000    ,  0.00000000    )
   0.00000000       1.00000000      -2.00000000     ( -2.63098627E-04,  2.15135515E-03) (  1.78813934E-03, -6.61239028E-04) (  8.94069672E-04, -3.30619514E-04)
   0.00000000       1.00000000      -1.00000000     ( -6.85453415E-03,  1.41933560E-02) ( -7.09667802E-03, -5.14090061E-03) ( -7.09667802E-03, -5.14090061E-03)
   0.00000000       2.00000000      -1.00000000     ( -1.00582838E-03, -1.54599547E-03) ( -9.73232090E-04,  2.37487257E-04) ( -1.94646418E-03,  4.74974513E-04)
   0.00000000      -2.00000000      -1.00000000     ( -6.56582415E-04,  3.37138772E-03) ( -5.00585884E-04, -9.87201929E-04) (  1.00117177E-03,  1.97440386E-03)
   0.00000000      -1.00000000      -2.00000000     (  3.37138772E-03,  3.44589353E-03) ( -7.12461770E-04, -1.87195837E-03) (  3.56230885E-04,  9.35979187E-04)
   0.00000000      -1.00000000      -1.00000000     (  3.25962901E-05, -2.81725079E-04) (  4.07919288E-03,  1.22934580E-03) ( -4.07919288E-03, -1.22934580E-03)
   1.00000000       0.00000000      -2.00000000     ( -1.35973096E-03, -6.47269189E-04) (  1.37835741E-03,  4.73111868E-03) ( -6.79865479E-04, -3.23634595E-04)
   1.00000000       0.00000000      -1.00000000     (  9.87201929E-03, -5.55068254E-03) ( -4.93600965E-03,  2.61515379E-02) (  9.87201929E-03, -5.55068254E-03)
   1.00000000       1.00000000      -2.00000000     (  1.77882612E-03,  2.09547579E-03) ( -4.35858965E-03,  3.00351530E-04) ( -1.29453838E-03,  1.20140612E-03)
   1.00000000       1.00000000      -1.00000000     ( -6.23986125E-04,  6.70552254E-03) ( -1.99303031E-03, -4.28408384E-03) ( -2.60770321E-03,  2.40281224E-03)
   1.00000000       2.00000000      -1.00000000     (  1.88127160E-03, -3.46917659E-04) ( -1.13621354E-03, -3.58559191E-04) ( -3.88827175E-04, -1.06636435E-03)
   1.00000000      -2.00000000      -1.00000000     ( -2.33994797E-04, -9.77888703E-04) ( -9.31322575E-05, -3.60887498E-04) ( -4.83123586E-05, -2.57277861E-04)
   1.00000000      -1.00000000      -2.00000000     ( -5.86733222E-04, -2.53319740E-03) ( -8.94069672E-04,  2.58907676E-03) (  1.52504072E-04, -2.55182385E-03)
   1.00000000      -1.00000000      -1.00000000     ( -2.46800482E-04,  4.93600965E-04) ( -6.14672899E-04, -1.58324838E-03) (  3.70200723E-04,  2.07684934E-03)
   2.00000000       0.00000000      -1.00000000     ( -1.35973096E-03,  1.83936208E-04) ( -3.18977982E-04, -1.41561031E-03) ( -2.71946192E-03,  3.67872417E-04)
   2.00000000       1.00000000      -1.00000000     (  1.03027560E-04, -3.42261046E-04) ( -2.49594450E-03, -4.63332981E-04) ( -2.29105353E-03, -1.14552677E-03)
   2.00000000      -1.00000000      -1.00000000     (  1.13621354E-03, -2.23517418E-04) (  9.91858542E-04,  1.32247806E-03) (  1.26659870E-03, -1.76951289E-03)
