   0.00000000       0.00000000      -2.00000000     (  6.79865479E-03,  4.84287739E-03) (  6.58910722E-04, -1.49477273E-03) (  0.00000000    ,  0.00000000    )
   0.00000000       0.00000000      -1.00000000     (  2.30967999E-02, -1.13621354E-02) (  1.89989805E-03,  2.40653753E-02) (  0.00000000    ,  0.00000000    )
   0.00000000       1.00000000      -2.00000000     ( -2.32830644E-03,  1.49942935E-03) (  7.56699592E-04, -2.63564289E-03) (  3.78349796E-04, -1.31782144E-03)
   0.00000000       1.00000000      -1.00000000     (  1.13621354E-02,  1.37463212E-02) ( -2.06753612E-03,  2.31899321E-03) ( -2.06753612E-03,  2.31899321E-03)
   0.00000000       2.00000000      -1.00000000     ( -9.76026058E-03,  1.33179128E-03) ( -1.49477273E-03, -1.27125531E-03) ( -2.98954546E-03, -2.54251063E-03)
   0.00000000      -2.00000000      -1.00000000     (  4.86150384E-03, -2.81259418E-03) ( -1.84867531E-03,  2.51457095E-03) (  3.69735062E-03, -5.02914190E-03)
   0.00000000      -1.00000000      -2.00000000     ( -7.69272447E-03,  6.58910722E-04) ( -6.72414899E-03, -5.58793545E-04) (  3.36207449E-03,  2.79396772E-04)
   0.00000000      -1.00000000      -1.00000000     (  3.09199095E-03,  4.24683094E-03) (  6.27711415E-03,  7.52508640E-03) ( -6.27711415E-03, -7.52508640E-03)
   1.00000000       0.00000000      -2.00000000     (  2.11875886E-03,  5.27128577E-03) ( -4.01400030E-03,  8.40052962E-03) (  1.05937943E-03,  2.63564289E-03)
   1.00000000       0.00000000      -1.00000000     (  3.44589353E-03,  4.00468707E-04) (  7.76723027E-03, -9.35979187E-04) (  3.44589353E-03,  4.00468707E-04)
   1.00000000       1.00000000      -2.00000000     ( -4.82425094E-03, -3.57627869E-03) (  5.83007932E-03, -6.92903996E-03) (  5.01750037E-04, -5.25265932E-03)
   1.00000000       1.00000000      -1.00000000     ( -8.17701221E-03, -4.53554094E-03) (  6.20260835E-03, -1.10303517E-04) ( -1.97440386E-03, -4.63798642E-03)
   1.00000000       2.00000000      -1.00000000     ( -5.02914190E-03, -1.51805580E-03) (  5.15719876E-04,  1.43423676E-03) ( -3.99537385E-03,  1.34576112E-03)
   1.00000000      -2.00000000      -1.00000000     (  5.41331246E-04, -3.12924385E-03) (  6.03031367E-04, -3.14787030E-03) ( -6.65895641E-04,  3.15718353E-03)
   1.00000000      -1.00000000      -2.00000000     (  4.24915925E-04,  3.45753506E-04) (  8.66129994E-04, -2.42725946E-04) ( -2.20607035E-04,  2.94530764E-04)
   1.00000000      -1.00000000      -1.00000000     ( -4.13507223E-03,  8.59145075E-04) ( -6.85453415E-03,  8.87084752E-04) (  2.71946192E-03, -2.86672730E-05)
   2.00000000       0.00000000      -1.00000000     ( -2.21189111E-03,  1.02678314E-03) ( -9.16421413E-03,  3.77185643E-03) ( -4.42378223E-03,  2.05356628E-03)
   2.00000000       1.00000000      -1.00000000     (  8.75443220E-04,  1.99768692E-03) (  1.72294676E-03, -5.06639481E-03) (  3.47383320E-03, -1.06636435E-03)
   2.00000000      -1.00000000      -1.00000000     (  7.47386366E-04, -2.12807208E-03) (  2.58907676E-03, -2.06287950E-03) ( -1.09896064E-03, -2.19792128E-03)
