   0.00000000       0.00000000       1.00000000     (  2.65240669E-02,  5.63450158E-03) (  3.21865082E-02, -3.22610140E-02) (  0.00000000    ,  0.00000000    )
   0.00000000       0.00000000       2.00000000     ( -3.28291208E-04,  2.94297934E-03) (  2.32830644E-03,  1.07102096E-03) (  0.00000000    ,  0.00000000    )
   0.00000000       1.00000000       0.00000000     ( -1.99303031E-02, -1.42899808E-04) (  0.00000000    ,  0.00000000    ) (  4.44240868E-03,  1.62422657E-02)
   0.00000000       1.00000000       1.00000000     (  8.41915607E-03,  7.11530447E-03) ( -2.51922756E-03, -8.67992640E-03) (  2.51922756E-03,  8.67992640E-03)
   0.00000000       1.00000000       2.00000000     (  2.27242708E-03,  6.28642738E-05) (  1.02445483E-03, -6.89178705E-04) ( -5.12227416E-04,  3.44589353E-04)
   0.00000000       2.00000000       0.00000000     ( -3.44589353E-04, -2.14204192E-03) (  0.00000000    ,  0.00000000    ) (  2.51457095E-03, -3.16649675E-03)
   0.00000000       2.00000000       1.00000000     ( -1.31316483E-03, -7.07805157E-04) (  1.02445483E-03, -4.23751771E-04) ( -2.04890966E-03,  8.47503543E-04)
   0.00000000      -2.00000000       0.00000000     ( -3.44589353E-04,  2.14204192E-03) (  0.00000000    ,  0.00000000    ) (  2.51457095E-03,  3.16649675E-03)
   0.00000000      -2.00000000       1.00000000     (  3.94880772E-03, -5.44823706E-04) (  6.75208867E-04, -3.37604433E-04) (  1.35041773E-03, -6.75208867E-04)
   0.00000000      -1.00000000       0.00000000     ( -1.99303031E-02,  1.42899808E-04) (  0.00000000    ,  0.00000000    ) (  4.44240868E-03, -1.62422657E-02)
   0.00000000      -1.00000000       1.00000000     (  5.13158739E-03, -3.12924385E-02) ( -2.07219273E-03,  3.24100256E-03) ( -2.07219273E-03,  3.24100256E-03)
   0.00000000      -1.00000000       2.00000000     (  9.42964107E-05,  4.42378223E-04) (  2.21189111E-04,  1.00582838E-03) (  1.10594556E-04,  5.02914190E-04)
   1.00000000       0.00000000       0.00000000     (  0.00000000    ,  0.00000000    ) ( -1.44541264E-02,  1.61305070E-02) (  3.48687172E-02,  2.42143869E-02)
   1.00000000       0.00000000       1.00000000     (  2.66358256E-03, -4.00468707E-03) ( -3.60608101E-02,  1.84401870E-03) ( -2.66358256E-03,  4.00468707E-03)
   1.00000000       0.00000000       2.00000000     ( -2.51457095E-04, -1.82539225E-03) ( -2.10478902E-03, -1.71363354E-03) (  1.25728548E-04,  9.12696123E-04)
   1.00000000       1.00000000       0.00000000     (  4.17232513E-03,  5.07570803E-03) ( -4.17232513E-03, -5.07570803E-03) ( -1.09896064E-02,  1.28149986E-02)
   1.00000000       1.00000000       1.00000000     ( -1.32247806E-03,  1.67638063E-03) (  2.23517418E-03, -3.60887498E-05) ( -9.03382897E-04, -1.63912773E-03)
   1.00000000       1.00000000       2.00000000     (  1.14552677E-03,  2.91038305E-04) ( -7.21774995E-05, -2.02562660E-04) ( -5.40167093E-04, -4.42378223E-05)
   1.00000000       2.00000000       0.00000000     (  6.98491931E-04, -1.00582838E-03) ( -3.49245965E-04,  5.02914190E-04) ( -2.06753612E-03,  1.23400241E-04)
   1.00000000       2.00000000       1.00000000     ( -2.75671482E-03, -5.16884029E-04) (  1.93715096E-03,  5.96046448E-04) ( -1.10827386E-03, -6.75208867E-04)
   1.00000000      -2.00000000       0.00000000     (  7.17118382E-04,  1.51805580E-03) (  3.58559191E-04,  7.59027898E-04) (  1.40629709E-03,  1.49942935E-03)
   1.00000000      -2.00000000       1.00000000     (  6.75208867E-04, -1.65775418E-03) (  3.49245965E-04, -1.25728548E-03) (  2.19733920E-05, -8.56816769E-04)
   1.00000000      -1.00000000       0.00000000     ( -1.74622983E-03, -1.49011612E-02) ( -1.74622983E-03, -1.49011612E-02) ( -1.42306089E-02,  2.08243728E-02)
   1.00000000      -1.00000000       1.00000000     ( -1.82539225E-03, -4.51691449E-04) (  1.21071935E-03,  3.42726707E-03) (  3.03611159E-03,  3.87430191E-03)
   1.00000000      -1.00000000       2.00000000     (  2.34693289E-03, -2.51457095E-03) (  7.21774995E-04, -6.93835318E-04) ( -8.10250640E-04,  9.12696123E-04)
   2.00000000       0.00000000       0.00000000     (  0.00000000    ,  0.00000000    ) ( -2.62632966E-03, -2.55182385E-03) (  1.37835741E-03, -2.04890966E-03)
   2.00000000       0.00000000       1.00000000     ( -8.75443220E-04,  1.41561031E-03) ( -4.42378223E-04, -1.52736902E-03) (  1.75088644E-03, -2.83122063E-03)
   2.00000000       1.00000000       0.00000000     (  7.45058060E-04, -8.66129994E-04) ( -1.49011612E-03,  1.73225999E-03) (  7.72997737E-04, -8.84756446E-04)
   2.00000000       1.00000000       1.00000000     ( -8.67294148E-05, -3.67872417E-04) ( -1.08964741E-03,  2.84984708E-03) (  1.25728548E-03, -2.10478902E-03)
   2.00000000      -1.00000000       0.00000000     (  5.21540642E-04, -1.24797225E-03) (  1.04308128E-03, -2.49594450E-03) (  6.65895641E-04, -1.01514161E-03)
   2.00000000      -1.00000000       1.00000000     (  1.33179128E-03, -7.85803422E-05) (  2.58907676E-03, -2.98023224E-04) ( -5.99538907E-05, -1.40862539E-04)
