   0.00000000       0.00000000      -2.00000000     (  4.33996320E-03,  4.67523932E-03) ( -2.37487257E-03, -6.77537173E-04) (  0.00000000    ,  0.00000000    )
   0.00000000       0.00000000      -1.00000000     (  2.48104334E-02, -1.11013651E-02) (  8.53091478E-03,  2.87592411E-02) (  0.00000000    ,  0.00000000    )
   0.00000000       1.00000000      -2.00000000     (  3.88827175E-04,  2.83122063E-03) (  6.21657819E-04,  1.44354999E-03) (  3.10828909E-04,  7.21774995E-04)
   0.00000000       1.00000000      -1.00000000     (  1.48266554E-02,  1.69873238E-02) ( -3.05008143E-04,  1.76019967E-03) ( -3.05008143E-04,  1.76019967E-03)
   0.00000000       2.00000000      -1.00000000     ( -9.12696123E-03, -2.07684934E-03) ( -1.48080289E-03, -1.34110451E-03) ( -2.96160579E-03, -2.68220901E-03)
   0.00000000      -2.00000000      -1.00000000     (  1.89058483E-03, -4.65661287E-03) ( -2.12341547E-03,  1.40164047E-03) (  4.24683094E-03, -2.80328095E-03)
   0.00000000      -1.00000000      -2.00000000     ( -5.77419996E-03, -9.96515155E-04) ( -2.91503966E-03, -1.07684173E-04) (  1.45751983E-03,  5.38420863E-05)
   0.00000000      -1.00000000      -1.00000000     (  4.17232513E-03,  5.21540642E-03) (  4.20957804E-03,  9.27597284E-03) ( -4.20957804E-03, -9.27597284E-03)
   1.00000000       0.00000000      -2.00000000     ( -5.75091690E-04,  4.50760126E-03) ( -3.96743417E-03,  6.42612576E-03) ( -2.87545845E-04,  2.25380063E-03)
   1.00000000       0.00000000      -1.00000000     (  3.82773578E-03,  2.61352398E-04) (  3.68803740E-03, -1.89058483E-03) (  3.82773578E-03,  2.61352398E-04)
   1.00000000       1.00000000      -2.00000000     ( -4.63798642E-03, -3.39932740E-04) (  4.95463610E-03, -4.32133675E-03) (  1.56578608E-04, -2.32830644E-03)
   1.00000000       1.00000000      -1.00000000     ( -6.42612576E-03, -2.63564289E-03) (  5.45755029E-03,  5.33182174E-04) ( -9.77888703E-04, -2.10478902E-03)
   1.00000000       2.00000000      -1.00000000     ( -2.11410224E-03,  1.27591193E-03) ( -2.18860805E-04,  1.81607902E-03) ( -2.55182385E-03,  4.91738319E-03)
   1.00000000      -2.00000000      -1.00000000     ( -2.72411853E-04, -1.26659870E-03) (  1.24331564E-03, -6.96163625E-04) ( -2.75671482E-03,  1.22818165E-04)
   1.00000000      -1.00000000      -2.00000000     ( -1.44354999E-03, -2.50525773E-03) (  2.36323103E-04, -2.12341547E-03) ( -8.38190317E-04, -1.94413587E-04)
   1.00000000      -1.00000000      -1.00000000     ( -1.78813934E-03,  3.72529030E-04) ( -4.06056643E-03,  6.35627657E-04) (  2.28174031E-03, -2.64262781E-04)
   2.00000000       0.00000000      -1.00000000     ( -1.70432031E-03, -6.84522092E-04) ( -6.38887286E-03,  1.49011612E-03) ( -3.40864062E-03, -1.36904418E-03)
   2.00000000       1.00000000      -1.00000000     ( -1.62253855E-05,  9.54605639E-04) (  9.45292413E-04, -2.29105353E-03) (  9.12696123E-04, -3.83006409E-04)
   2.00000000      -1.00000000      -1.00000000     (  4.42378223E-04, -1.47614628E-03) (  1.25262886E-03, -4.26545739E-03) ( -3.69036570E-04,  1.30385160E-03)
