   0.00000000       0.00000000      -2.00000000     (  1.13621354E-03,  2.75671482E-03) ( -2.01165676E-03,  4.09781933E-04) (  0.00000000    ,  0.00000000    )
   0.00000000       0.00000000      -1.00000000     (  2.77906656E-02, -1.04494393E-02) (  1.82539225E-02,  3.39746475E-02) (  0.00000000    ,  0.00000000    )
   0.00000000       1.00000000      -2.00000000     (  1.63709046E-06,  9.87201929E-04) (  6.10016286E-04,  1.44354999E-03) (  3.05008143E-04,  7.21774995E-04)
   0.00000000       1.00000000      -1.00000000     (  1.52364373E-02,  2.19047070E-02) (  1.03143975E-03,  2.17114575E-04) (  1.03143975E-03,  2.17114575E-04)
   0.00000000       2.00000000      -1.00000000     ( -5.14090061E-03, -1.28522515E-03) ( -1.02445483E-03, -7.49714673E-04) ( -2.04890966E-03, -1.49942935E-03)
   0.00000000      -2.00000000      -1.00000000     (  1.09896064E-03, -2.36555934E-03) ( -9.22009349E-04,  3.86498868E-04) (  1.84401870E-03, -7.72997737E-04)
   0.00000000      -1.00000000      -2.00000000     ( -2.88709998E-03, -1.08964741E-03) ( -7.12461770E-04, -1.85100362E-04) (  3.56230885E-04,  9.25501809E-05)
   0.00000000      -1.00000000      -1.00000000     (  7.04079866E-03,  2.73808837E-03) (  1.43423676E-03,  1.10641122E-02) ( -1.43423676E-03, -1.10641122E-02)
   1.00000000       0.00000000      -2.00000000     ( -1.31316483E-03,  2.03028321E-03) ( -1.76951289E-03,  2.58907676E-03) ( -6.56582415E-04,  1.01514161E-03)
   1.00000000       0.00000000      -1.00000000     (  6.35161996E-03, -5.30853868E-04) ( -2.36090273E-03, -3.13855708E-03) (  6.35161996E-03, -5.30853868E-04)
   1.00000000       1.00000000      -2.00000000     ( -2.23517418E-03,  1.07102096E-03) (  1.40629709E-03, -2.38418579E-03) ( -4.14438546E-04, -6.61239028E-04)
   1.00000000       1.00000000      -1.00000000     ( -2.23517418E-03, -7.07805157E-04) (  2.14204192E-03,  6.42612576E-04) ( -9.19681042E-05, -6.34463504E-05)
   1.00000000       2.00000000      -1.00000000     ( -1.10594556E-04,  7.68341124E-04) ( -4.70317900E-04,  9.40635800E-04) ( -1.05239451E-03,  2.64495611E-03)
   1.00000000      -2.00000000      -1.00000000     (  4.61004674E-04, -1.51339918E-04) (  9.12696123E-04,  6.23986125E-04) ( -1.35973096E-03, -1.39698386E-03)
   1.00000000      -1.00000000      -2.00000000     ( -4.09781933E-04, -1.56462193E-03) ( -6.28642738E-04, -9.87201929E-04) (  1.10594556E-04, -2.86381692E-04)
   1.00000000      -1.00000000      -1.00000000     ( -8.47503543E-04,  5.16884029E-04) ( -1.75088644E-03,  3.16649675E-04) (  9.12696123E-04,  1.97906047E-04)
   2.00000000       0.00000000      -1.00000000     ( -7.54371285E-04, -4.65661287E-04) ( -1.21071935E-03,  1.45519152E-04) ( -1.50874257E-03, -9.31322575E-04)
   2.00000000       1.00000000      -1.00000000     ( -3.86498868E-04, -1.39698386E-04) (  8.38190317E-04, -6.51925802E-04) (  6.51925802E-05, -9.31322575E-04)
   2.00000000      -1.00000000      -1.00000000     ( -2.37487257E-04, -1.10594556E-04) (  1.88592821E-04, -1.97440386E-03) ( -6.65895641E-04,  1.75088644E-03)
