   0.00000000       0.00000000      -2.00000000     (  8.00937414E-03,  2.82190740E-03) ( -1.17346644E-02,  5.42029738E-03) (  0.00000000    ,  0.00000000    )
   0.00000000       0.00000000      -1.00000000     ( -2.57277861E-04,  1.13248825E-02) (  2.14576721E-02, -5.32716513E-03) (  0.00000000    ,  0.00000000    )
   0.00000000       1.00000000      -2.00000000     ( -1.89058483E-03,  2.72877514E-03) (  5.61121851E-04, -2.98023224E-03) (  2.80560926E-04, -1.49011612E-03)
   0.00000000       1.00000000      -1.00000000     ( -8.23289156E-03,  1.14366412E-02) ( -5.64381480E-03, -6.03497028E-03) ( -5.64381480E-03, -6.03497028E-03)
   0.00000000       2.00000000      -1.00000000     (  2.06753612E-03, -1.86846592E-04) ( -7.05476850E-04, -1.51339918E-04) ( -1.41095370E-03, -3.02679837E-04)
   0.00000000      -2.00000000      -1.00000000     ( -2.47964635E-04,  2.84053385E-03) ( -1.46217644E-03, -1.10361725E-03) (  2.92435288E-03,  2.20723450E-03)
   0.00000000      -1.00000000      -2.00000000     (  5.45755029E-03,  4.09781933E-03) ( -3.39001417E-03, -1.99303031E-03) (  1.69500709E-03,  9.96515155E-04)
   0.00000000      -1.00000000      -1.00000000     ( -5.55068254E-03,  2.62632966E-03) (  4.09781933E-03,  1.27591193E-03) ( -4.09781933E-03, -1.27591193E-03)
   1.00000000       0.00000000      -2.00000000     ( -1.76951289E-03, -1.26194209E-03) ( -1.28693500E-06,  5.86733222E-03) ( -8.84756446E-04, -6.30971044E-04)
   1.00000000       0.00000000      -1.00000000     (  1.01327896E-02, -5.81145287E-03) ( -3.83704901E-03,  2.99513340E-02) (  1.01327896E-02, -5.81145287E-03)
   1.00000000       1.00000000      -2.00000000     (  1.33179128E-03,  2.34693289E-03) ( -4.09781933E-03, -6.86850399E-04) ( -1.38301402E-03,  8.28877091E-04)
   1.00000000       1.00000000      -1.00000000     (  2.68220901E-03,  6.40749931E-03) ( -9.12696123E-04, -4.24683094E-03) (  1.76951289E-03,  2.15135515E-03)
   1.00000000       2.00000000      -1.00000000     (  2.32830644E-03,  1.56462193E-03) ( -3.04135028E-05,  1.08848326E-04) (  2.26311386E-03,  1.77882612E-03)
   1.00000000      -2.00000000      -1.00000000     (  7.96280801E-04,  2.44937837E-03) (  8.81846063E-05,  6.17001206E-04) (  6.19329512E-04,  1.22003257E-03)
   1.00000000      -1.00000000      -2.00000000     ( -9.35979187E-04, -5.43892384E-03) ( -9.26665962E-04,  3.39001417E-03) ( -5.14774001E-06, -4.41446900E-03)
   1.00000000      -1.00000000      -1.00000000     ( -2.28174031E-03,  5.28525561E-04) ( -2.38418579E-03, -4.76837158E-03) (  1.00699253E-04,  5.28991222E-03)
   2.00000000       0.00000000      -1.00000000     ( -1.57393515E-03, -2.98023224E-04) ( -4.33996320E-03,  8.29459168E-05) ( -3.14787030E-03, -5.96046448E-04)
   2.00000000       1.00000000      -1.00000000     (  1.82539225E-03,  1.62981451E-03) ( -3.65078449E-03, -2.99885869E-03) ( -1.44791557E-05,  2.67755240E-04)
   2.00000000      -1.00000000      -1.00000000     (  3.66708264E-04, -9.40635800E-04) (  1.22468919E-03,  2.42143869E-04) ( -4.91272658E-04, -2.12341547E-03)
