   0.00000000       0.00000000       1.00000000     (  8.30739737E-03, -1.23307109E-02) (  3.85940075E-02, -6.29574060E-03) (  0.00000000    ,  0.00000000    )
   0.00000000       0.00000000       2.00000000     (  1.08033419E-03, -2.60770321E-04) ( -1.04308128E-03, -3.35276127E-04) (  0.00000000    ,  0.00000000    )
   0.00000000       1.00000000       0.00000000     (  1.42026693E-03, -4.42378223E-03) (  0.00000000    ,  0.00000000    ) (  1.60932541E-02,  2.95229256E-03)
   0.00000000       1.00000000       1.00000000     (  5.94183803E-03,  4.32133675E-03) (  3.11993062E-03, -1.18045136E-03) ( -3.11993062E-03,  1.18045136E-03)
   0.00000000       1.00000000       2.00000000     (  4.74974513E-04, -5.58793545E-04) ( -1.58324838E-04,  2.46800482E-04) (  7.91624188E-05, -1.23400241E-04)
   0.00000000       2.00000000       0.00000000     (  7.07805157E-04,  2.79396772E-04) (  0.00000000    ,  0.00000000    ) ( -1.11758709E-04,  2.23517418E-04)
   0.00000000       2.00000000       1.00000000     (  3.81842256E-04, -3.35276127E-04) ( -4.19095159E-05, -7.91624188E-05) (  8.38190317E-05,  1.58324838E-04)
   0.00000000      -2.00000000       0.00000000     (  7.07805157E-04, -2.79396772E-04) (  0.00000000    ,  0.00000000    ) ( -1.11758709E-04, -2.23517418E-04)
   0.00000000      -2.00000000       1.00000000     ( -4.00468707E-04,  2.98023224E-04) ( -3.44589353E-04, -3.16649675E-04) ( -6.89178705E-04, -6.33299351E-04)
   0.00000000      -1.00000000       0.00000000     (  1.42026693E-03,  4.42378223E-03) (  0.00000000    ,  0.00000000    ) (  1.60932541E-02, -2.95229256E-03)
   0.00000000      -1.00000000       1.00000000     ( -7.00354576E-03, -2.31713057E-02) ( -9.53674316E-03,  4.12575901E-03) ( -9.53674316E-03,  4.12575901E-03)
   0.00000000      -1.00000000       2.00000000     (  2.98023224E-04, -3.16649675E-04) (  4.37721610E-04, -3.37604433E-05) (  2.18860805E-04, -1.68802217E-05)
   1.00000000       0.00000000       0.00000000     (  0.00000000    ,  0.00000000    ) ( -3.24100256E-02,  2.01910734E-02) (  1.74716115E-02, -2.35158950E-03)
   1.00000000       0.00000000       1.00000000     ( -2.98023224E-03,  1.24855433E-04) ( -1.09151006E-02, -1.75461173E-02) (  2.98023224E-03, -1.24855433E-04)
   1.00000000       0.00000000       2.00000000     ( -6.70552254E-04, -4.65661287E-04) (  3.07336450E-04,  2.60770321E-04) (  3.35276127E-04,  2.32830644E-04)
   1.00000000       1.00000000       0.00000000     (  3.68803740E-03,  4.24683094E-03) ( -3.68803740E-03, -4.24683094E-03) ( -7.93952495E-04,  1.11758709E-02)
   1.00000000       1.00000000       1.00000000     (  2.60770321E-04,  3.07336450E-04) ( -8.56816769E-04,  1.67638063E-04) (  5.96046448E-04, -4.74974513E-04)
   1.00000000       1.00000000       2.00000000     ( -9.49949026E-04,  1.58324838E-04) (  4.93600965E-04,  6.51925802E-04) (  2.28174031E-04, -4.00468707E-04)
   1.00000000       2.00000000       0.00000000     ( -1.62981451E-04,  5.21540642E-04) (  8.14907253E-05, -2.60770321E-04) ( -3.16649675E-04, -7.45058060E-05)
   1.00000000       2.00000000       1.00000000     (  1.30385160E-04,  2.79396772E-04) ( -2.28174031E-04, -7.68341124E-05) (  3.25962901E-04, -1.25728548E-04)
   1.00000000      -2.00000000       0.00000000     (  1.53668225E-04,  4.09781933E-04) (  7.68341124E-05,  2.04890966E-04) ( -3.25962901E-04, -5.02914190E-04)
   1.00000000      -2.00000000       1.00000000     ( -6.14672899E-04, -2.56113708E-05) ( -2.04890966E-04,  6.98491931E-05) (  2.04890966E-04,  1.67638063E-04)
   1.00000000      -1.00000000       0.00000000     (  1.77416950E-03, -3.51108611E-03) (  1.77416950E-03, -3.51108611E-03) ( -7.45058060E-03,  2.85357237E-02)
   1.00000000      -1.00000000       1.00000000     (  1.19209290E-03,  5.77419996E-04) (  4.07453626E-05, -1.04308128E-03) ( -1.15483999E-03, -1.60187483E-03)
   1.00000000      -1.00000000       2.00000000     ( -5.77419996E-04, -4.77302819E-05) ( -4.65661287E-05,  3.44589353E-04) (  2.60770321E-04,  1.95577741E-04)
   2.00000000       0.00000000       0.00000000     (  0.00000000    ,  0.00000000    ) (  1.30385160E-04,  8.38190317E-04) ( -3.63215804E-04, -2.37487257E-04)
   2.00000000       0.00000000       1.00000000     ( -9.54605639E-05,  5.00585884E-05) ( -2.42143869E-04,  2.27009878E-05) (  1.90921128E-04, -1.00117177E-04)
   2.00000000       1.00000000       0.00000000     (  3.08500603E-05,  2.32830644E-05) ( -6.17001206E-05, -4.65661287E-05) (  1.72294676E-04,  2.00234354E-04)
   2.00000000       1.00000000       1.00000000     ( -5.00585884E-05, -6.17001206E-05) ( -3.53902578E-04,  3.16649675E-04) (  4.56348062E-04, -1.90921128E-04)
   2.00000000      -1.00000000       0.00000000     ( -2.98023224E-04, -2.23517418E-04) ( -5.96046448E-04, -4.47034836E-04) (  2.09547579E-04,  1.00117177E-04)
   2.00000000      -1.00000000       1.00000000     ( -3.60887498E-05, -5.58793545E-04) ( -2.37487257E-04, -3.07336450E-04) ( -1.62981451E-04,  8.19563866E-04)
