   0.00000000       0.00000000      -2.00000000     (  7.93486834E-03,  2.83122063E-03) ( -1.16229057E-02,  5.32716513E-03) (  0.00000000    ,  0.00000000    )
   0.00000000       0.00000000      -1.00000000     ( -2.95694917E-04,  1.13248825E-02) (  2.13831663E-02, -5.40167093E-03) (  0.00000000    ,  0.00000000    )
   0.00000000       1.00000000      -2.00000000     ( -1.87195837E-03,  2.68220901E-03) (  5.12227416E-04, -2.96160579E-03) (  2.56113708E-04, -1.48080289E-03)
   0.00000000       1.00000000      -1.00000000     ( -8.23289156E-03,  1.13993883E-02) ( -5.62518835E-03, -6.03497028E-03) ( -5.62518835E-03, -6.03497028E-03)
   0.00000000       2.00000000      -1.00000000     (  2.06753612E-03, -1.35623850E-04) ( -7.10133463E-04, -1.42608769E-04) ( -1.42026693E-03, -2.85217538E-04)
   0.00000000      -2.00000000      -1.00000000     ( -2.07219273E-04,  2.70083547E-03) ( -1.42492354E-03, -1.07102096E-03) (  2.84984708E-03,  2.14204192E-03)
   0.00000000      -1.00000000      -2.00000000     (  5.38304448E-03,  4.00468707E-03) ( -3.40864062E-03, -1.95577741E-03) (  1.70432031E-03,  9.77888703E-04)
   0.00000000      -1.00000000      -1.00000000     ( -5.66244125E-03,  2.68220901E-03) (  4.07919288E-03,  1.27591193E-03) ( -4.07919288E-03, -1.27591193E-03)
   1.00000000       0.00000000      -2.00000000     ( -1.74157321E-03, -1.24331564E-03) ( -2.66300049E-05,  5.77419996E-03) ( -8.70786607E-04, -6.21657819E-04)
   1.00000000       0.00000000      -1.00000000     (  1.01327896E-02, -5.79282641E-03) ( -3.81842256E-03,  2.99513340E-02) (  1.01327896E-02, -5.79282641E-03)
   1.00000000       1.00000000      -2.00000000     (  1.27591193E-03,  2.29105353E-03) ( -3.96743417E-03, -6.98491931E-04) ( -1.34110451E-03,  7.96280801E-04)
   1.00000000       1.00000000      -1.00000000     (  2.69152224E-03,  6.25848770E-03) ( -8.52160156E-04, -4.15369868E-03) (  1.83470547E-03,  2.11410224E-03)
   1.00000000       2.00000000      -1.00000000     (  2.28174031E-03,  1.58324838E-03) ( -1.00772013E-05,  1.10012479E-04) (  2.26311386E-03,  1.80676579E-03)
   1.00000000      -2.00000000      -1.00000000     (  8.05594027E-04,  2.49594450E-03) (  9.72067937E-05,  6.42612576E-04) (  6.12344593E-04,  1.21071935E-03)
   1.00000000      -1.00000000      -2.00000000     ( -8.94069672E-04, -5.42029738E-03) ( -9.17352736E-04,  3.33413482E-03) (  1.26601662E-05, -4.37721610E-03)
   1.00000000      -1.00000000      -1.00000000     ( -2.30036676E-03,  5.33182174E-04) ( -2.39349902E-03, -4.74974513E-03) (  9.37143341E-05,  5.28991222E-03)
   2.00000000       0.00000000      -1.00000000     ( -1.54599547E-03, -3.14321369E-04) ( -4.35858965E-03,  1.20489858E-04) ( -3.09199095E-03, -6.28642738E-04)
   2.00000000       1.00000000      -1.00000000     (  1.83470547E-03,  1.66706741E-03) ( -3.61353159E-03, -2.98023224E-03) (  7.18864612E-05,  3.42261046E-04)
   2.00000000      -1.00000000      -1.00000000     (  3.27127054E-04, -9.49949026E-04) (  1.16415322E-03,  1.97906047E-04) ( -5.09899110E-04, -2.09547579E-03)
