   0.00000000       0.00000000      -2.00000000     (  8.19563866E-03,  2.76602805E-03) ( -1.20699406E-02,  5.71832061E-03) (  0.00000000    ,  0.00000000    )
   0.00000000       0.00000000      -1.00000000     ( -1.30385160E-04,  1.11758709E-02) (  2.14576721E-02, -5.02914190E-03) (  0.00000000    ,  0.00000000    )
   0.00000000       1.00000000      -2.00000000     ( -1.93715096E-03,  2.89641321E-03) (  7.28759915E-04, -2.99885869E-03) (  3.64379957E-04, -1.49942935E-03)
   0.00000000       1.00000000      -1.00000000     ( -8.00937414E-03,  1.13993883E-02) ( -5.60656190E-03, -5.94183803E-03) ( -5.60656190E-03, -5.94183803E-03)
   0.00000000       2.00000000      -1.00000000     (  2.03959644E-03, -3.59723344E-04) ( -6.98491931E-04, -1.78697519E-04) ( -1.39698386E-03, -3.57395038E-04)
   0.00000000      -2.00000000      -1.00000000     ( -3.85334715E-04,  3.27825546E-03) ( -1.56462193E-03, -1.22003257E-03) (  3.12924385E-03,  2.44006515E-03)
   0.00000000      -1.00000000      -2.00000000     (  5.69969416E-03,  4.39584255E-03) ( -3.37138772E-03, -2.11410224E-03) (  1.68569386E-03,  1.05705112E-03)
   0.00000000      -1.00000000      -1.00000000     ( -5.12227416E-03,  2.40281224E-03) (  4.07919288E-03,  1.26659870E-03) ( -4.07919288E-03, -1.26659870E-03)
   1.00000000       0.00000000      -2.00000000     ( -1.85333192E-03, -1.30850822E-03) (  8.93487595E-05,  6.14672899E-03) ( -9.26665962E-04, -6.54254109E-04)
   1.00000000       0.00000000      -1.00000000     (  9.94652510E-03, -5.73694706E-03) ( -3.83704901E-03,  2.93552876E-02) (  9.94652510E-03, -5.73694706E-03)
   1.00000000       1.00000000      -2.00000000     (  1.51805580E-03,  2.51457095E-03) ( -4.56348062E-03, -6.35627657E-04) ( -1.52271241E-03,  9.40635800E-04)
   1.00000000       1.00000000      -1.00000000     (  2.64495611E-03,  6.85453415E-03) ( -1.11758709E-03, -4.58210707E-03) (  1.53202564E-03,  2.26311386E-03)
   1.00000000       2.00000000      -1.00000000     (  2.47731805E-03,  1.46683306E-03) ( -1.03609636E-04,  9.83709469E-05) (  2.27242708E-03,  1.65775418E-03)
   1.00000000      -2.00000000      -1.00000000     (  7.52042979E-04,  2.28174031E-03) (  5.61703928E-05,  5.26197255E-04) (  6.37955964E-04,  1.22934580E-03)
   1.00000000      -1.00000000      -2.00000000     ( -1.08033419E-03, -5.49480319E-03) ( -9.59262252E-04,  3.59490514E-03) ( -6.05359674E-05, -4.54485416E-03)
   1.00000000      -1.00000000      -1.00000000     ( -2.21654773E-03,  5.16884029E-04) ( -2.34693289E-03, -4.78699803E-03) (  1.22818165E-04,  5.28991222E-03)
   2.00000000       0.00000000      -1.00000000     ( -1.65775418E-03, -2.45636329E-04) ( -4.20957804E-03, -4.14729584E-05) ( -3.31550837E-03, -4.91272658E-04)
   2.00000000       1.00000000      -1.00000000     (  1.75088644E-03,  1.51805580E-03) ( -3.81842256E-03, -3.01748514E-03) ( -3.07336450E-04,  2.23371899E-05)
   2.00000000      -1.00000000      -1.00000000     (  4.95929271E-04, -9.12696123E-04) (  1.41561031E-03,  3.87663022E-04) ( -4.19095159E-04, -2.21654773E-03)
