   0.00000000       0.00000000      -2.00000000     (  5.42029738E-03,  5.15952706E-03) ( -2.03959644E-03, -1.07102096E-03) (  0.00000000    ,  0.00000000    )
   0.00000000       0.00000000      -1.00000000     (  2.40653753E-02, -1.10268593E-02) (  6.68689609E-03,  2.73436308E-02) (  0.00000000    ,  0.00000000    )
   0.00000000       1.00000000      -2.00000000     (  1.25146471E-04,  3.17580998E-03) (  6.79865479E-04,  7.91624188E-04) (  3.39932740E-04,  3.95812094E-04)
   0.00000000       1.00000000      -1.00000000     (  1.40443444E-02,  1.60560012E-02) ( -7.49714673E-04,  1.90455467E-03) ( -7.49714673E-04,  1.90455467E-03)
   0.00000000       2.00000000      -1.00000000     ( -9.98377800E-03, -1.77882612E-03) ( -1.52271241E-03, -1.49942935E-03) ( -3.04542482E-03, -2.99885869E-03)
   0.00000000      -2.00000000      -1.00000000     (  2.41212547E-03, -4.95463610E-03) ( -2.40281224E-03,  1.76485628E-03) (  4.80562449E-03, -3.52971256E-03)
   0.00000000      -1.00000000      -2.00000000     ( -6.70552254E-03, -6.37955964E-04) ( -4.00468707E-03, -1.90921128E-04) (  2.00234354E-03,  9.54605639E-05)
   0.00000000      -1.00000000      -1.00000000     (  3.67872417E-03,  5.15952706E-03) (  4.71249223E-03,  8.75443220E-03) ( -4.71249223E-03, -8.75443220E-03)
   1.00000000       0.00000000      -2.00000000     (  2.18278728E-05,  5.15952706E-03) ( -4.47034836E-03,  7.54371285E-03) (  1.09139364E-05,  2.57976353E-03)
   1.00000000       0.00000000      -1.00000000     (  3.52971256E-03,  3.20142135E-04) (  4.76837158E-03, -1.57393515E-03) (  3.52971256E-03,  3.20142135E-04)
   1.00000000       1.00000000      -2.00000000     ( -5.19677997E-03, -1.33179128E-03) (  5.94183803E-03, -4.91738319E-03) (  3.71364877E-04, -3.12924385E-03)
   1.00000000       1.00000000      -1.00000000     ( -7.56233931E-03, -3.25962901E-03) (  6.37024641E-03,  3.94647941E-04) ( -1.19674951E-03, -2.86847353E-03)
   1.00000000       2.00000000      -1.00000000     ( -2.84053385E-03,  1.01979822E-03) ( -1.07975211E-04,  1.89989805E-03) ( -3.06405127E-03,  4.82425094E-03)
   1.00000000      -2.00000000      -1.00000000     ( -2.99187377E-04, -1.67172402E-03) (  1.21071935E-03, -1.35041773E-03) ( -2.71946192E-03,  1.03376806E-03)
   1.00000000      -1.00000000      -2.00000000     ( -1.35973096E-03, -2.27242708E-03) (  6.70552254E-04, -2.06753612E-03) ( -1.01514161E-03, -9.92440619E-05)
   1.00000000      -1.00000000      -1.00000000     ( -2.27242708E-03,  4.01632860E-04) ( -5.01051545E-03,  7.24103302E-04) (  2.73808837E-03, -3.23634595E-04)
   2.00000000       0.00000000      -1.00000000     ( -2.03959644E-03, -5.14555722E-04) ( -8.19563866E-03,  2.12341547E-03) ( -4.07919288E-03, -1.02911144E-03)
   2.00000000       1.00000000      -1.00000000     (  1.82189979E-04,  1.42958015E-03) (  1.05239451E-03, -3.12924385E-03) (  1.41561031E-03, -2.73576006E-04)
   2.00000000      -1.00000000      -1.00000000     (  7.59027898E-04, -1.88127160E-03) (  1.86264515E-03, -4.41446900E-03) ( -3.45753506E-04,  6.58910722E-04)
