   0.00000000       0.00000000       1.00000000     (  2.77161598E-02,  9.12696123E-03) (  2.27242708E-02, -3.41981649E-02) (  0.00000000    ,  0.00000000    )
   0.00000000       0.00000000       2.00000000     (  3.86498868E-04, -1.58324838E-03) ( -1.22934580E-03, -4.14438546E-04) (  0.00000000    ,  0.00000000    )
   0.00000000       1.00000000       0.00000000     ( -1.71735883E-02,  2.64961272E-03) (  0.00000000    ,  0.00000000    ) (  3.33413482E-03,  1.03935599E-02)
   0.00000000       1.00000000       1.00000000     (  7.84173608E-03,  2.96859071E-04) ( -8.28003976E-05, -1.09151006E-02) (  8.28003976E-05,  1.09151006E-02)
   0.00000000       1.00000000       2.00000000     ( -1.56462193E-03,  5.02914190E-04) ( -3.44589353E-04,  1.95577741E-04) (  1.72294676E-04, -9.77888703E-05)
   0.00000000       2.00000000       0.00000000     ( -6.98491931E-04,  2.37487257E-04) (  0.00000000    ,  0.00000000    ) ( -9.68575478E-04,  1.09896064E-03)
   0.00000000       2.00000000       1.00000000     (  6.23986125E-04,  1.11758709E-03) ( -5.02914190E-04, -8.38190317E-05) (  1.00582838E-03,  1.67638063E-04)
   0.00000000      -2.00000000       0.00000000     ( -6.98491931E-04, -2.37487257E-04) (  0.00000000    ,  0.00000000    ) ( -9.68575478E-04, -1.09896064E-03)
   0.00000000      -2.00000000       1.00000000     ( -2.71946192E-03,  5.40167093E-04) ( -5.68106771E-04,  4.09781933E-04) ( -1.13621354E-03,  8.19563866E-04)
   0.00000000      -1.00000000       0.00000000     ( -1.71735883E-02, -2.64961272E-03) (  0.00000000    ,  0.00000000    ) (  3.33413482E-03, -1.03935599E-02)
   0.00000000      -1.00000000       1.00000000     (  1.26659870E-02, -2.45869160E-02) (  6.72880560E-04,  9.54605639E-04) (  6.72880560E-04,  9.54605639E-04)
   0.00000000      -1.00000000       2.00000000     ( -1.79279596E-04, -4.28408384E-04) (  3.30619514E-04, -7.72997737E-04) (  1.65309757E-04, -3.86498868E-04)
   1.00000000       0.00000000       0.00000000     (  0.00000000    ,  0.00000000    ) ( -1.31130219E-02,  1.18464231E-02) (  3.44216824E-02,  2.78651714E-02)
   1.00000000       0.00000000       1.00000000     (  5.01051545E-03, -3.06405127E-03) ( -3.59863043E-02,  1.01700425E-02) ( -5.01051545E-03,  3.06405127E-03)
   1.00000000       0.00000000       2.00000000     (  4.19095159E-04,  8.28877091E-04) (  1.86264515E-03,  1.02445483E-03) ( -2.09547579E-04, -4.14438546E-04)
   1.00000000       1.00000000       0.00000000     (  6.35161996E-03,  7.11530447E-03) ( -6.35161996E-03, -7.11530447E-03) ( -1.02072954E-02,  1.05053186E-02)
   1.00000000       1.00000000       1.00000000     (  7.21774995E-05, -9.68575478E-04) ( -5.49480319E-04,  1.35041773E-04) (  4.84287739E-04,  8.28877091E-04)
   1.00000000       1.00000000       2.00000000     ( -1.90921128E-04, -2.28174031E-04) ( -5.12227416E-04,  1.58324838E-04) (  3.49245965E-04,  3.55066732E-05)
   1.00000000       2.00000000       0.00000000     ( -6.70552254E-04,  1.21071935E-03) (  3.35276127E-04, -6.05359674E-04) (  5.96046448E-04, -4.56348062E-04)
   1.00000000       2.00000000       1.00000000     (  1.45286322E-03, -2.85217538E-05) ( -1.28522515E-03, -3.49245965E-04) (  1.11758709E-03,  7.26431608E-04)
   1.00000000      -2.00000000       0.00000000     ( -7.10133463E-05, -8.94069672E-04) ( -3.55066732E-05, -4.47034836E-04) ( -8.10250640E-04, -5.70435077E-05)
   1.00000000      -2.00000000       1.00000000     ( -1.74622983E-04,  1.26659870E-03) ( -2.51457095E-04,  1.04308128E-03) ( -3.25962901E-04,  8.28877091E-04)
   1.00000000      -1.00000000       0.00000000     ( -3.44589353E-03, -1.65030360E-02) ( -3.44589353E-03, -1.65030360E-02) ( -1.16229057E-02,  1.34482980E-02)
   1.00000000      -1.00000000       1.00000000     (  5.86733222E-04,  2.65426934E-04) ( -8.38190317E-04, -1.22934580E-03) ( -1.43423676E-03, -1.49011612E-03)
   1.00000000      -1.00000000       2.00000000     ( -2.46800482E-04,  8.75443220E-04) (  1.36788003E-05,  4.28408384E-04) (  1.30385160E-04, -2.18860805E-04)
   2.00000000       0.00000000       0.00000000     (  0.00000000    ,  0.00000000    ) (  1.52736902E-03,  5.02914190E-04) ( -9.49949026E-04,  2.37487257E-04)
   2.00000000       0.00000000       1.00000000     (  2.84053385E-04, -6.33299351E-04) (  1.69966370E-04,  8.38190317E-04) ( -5.68106771E-04,  1.26659870E-03)
   2.00000000       1.00000000       0.00000000     ( -6.61239028E-04,  1.49011612E-04) (  1.32247806E-03, -2.98023224E-04) (  1.03318598E-05, -1.02445483E-03)
   2.00000000       1.00000000       1.00000000     ( -1.95577741E-04,  2.74740160E-04) (  6.05359674E-04, -1.19209290E-03) ( -2.18860805E-04,  6.42612576E-04)
   2.00000000      -1.00000000       0.00000000     ( -7.10133463E-05,  6.42612576E-04) ( -1.42026693E-04,  1.28522515E-03) ( -1.11758709E-04,  7.07805157E-04)
   2.00000000      -1.00000000       1.00000000     ( -8.75443220E-04,  3.08500603E-05) ( -1.04308128E-03,  3.55066732E-05) (  7.07805157E-04, -2.61934474E-05)
