   0.00000000       0.00000000       1.00000000     (  2.30967999E-02,  3.18512321E-03) (  3.38256359E-02, -2.77906656E-02) (  0.00000000    ,  0.00000000    )
   0.00000000       0.00000000       2.00000000     ( -1.95577741E-04,  8.75443220E-04) (  6.89178705E-04,  2.28174031E-04) (  0.00000000    ,  0.00000000    )
   0.00000000       1.00000000       0.00000000     ( -1.75088644E-02, -7.86967576E-04) (  0.00000000    ,  0.00000000    ) (  5.15021384E-03,  1.62795186E-02)
   0.00000000       1.00000000       1.00000000     (  8.06525350E-03,  9.10833478E-03) ( -2.84984708E-03, -6.23986125E-03) (  2.84984708E-03,  6.23986125E-03)
   0.00000000       1.00000000       2.00000000     (  5.21540642E-04,  1.58324838E-04) (  3.44589353E-04, -1.72294676E-04) ( -1.72294676E-04,  8.61473382E-05)
   0.00000000       2.00000000       0.00000000     ( -2.51457095E-04, -8.38190317E-04) (  0.00000000    ,  0.00000000    ) (  9.31322575E-04, -9.49949026E-04)
   0.00000000       2.00000000       1.00000000     ( -4.84287739E-04,  4.65661287E-05) (  2.88709998E-04, -1.49011612E-04) ( -5.77419996E-04,  2.98023224E-04)
   0.00000000      -2.00000000       0.00000000     ( -2.51457095E-04,  8.38190317E-04) (  0.00000000    ,  0.00000000    ) (  9.31322575E-04,  9.49949026E-04)
   0.00000000      -2.00000000       1.00000000     (  9.68575478E-04, -6.51925802E-05) (  9.08039510E-05,  4.30736691E-05) (  1.81607902E-04,  8.61473382E-05)
   0.00000000      -1.00000000       0.00000000     ( -1.75088644E-02,  7.86967576E-04) (  0.00000000    ,  0.00000000    ) (  5.15021384E-03, -1.62795186E-02)
   0.00000000      -1.00000000       1.00000000     (  1.44820660E-03, -3.14414501E-02) ( -3.69735062E-03,  3.39932740E-03) ( -3.69735062E-03,  3.39932740E-03)
   0.00000000      -1.00000000       2.00000000     ( -1.62981451E-04,  3.49245965E-05) (  2.32830644E-04,  2.51457095E-04) (  1.16415322E-04,  1.25728548E-04)
   1.00000000       0.00000000       0.00000000     (  0.00000000    ,  0.00000000    ) ( -1.54599547E-02,  1.69500709E-02) (  3.09944153E-02,  1.90734863E-02)
   1.00000000       0.00000000       1.00000000     (  6.96163625E-04, -3.38070095E-03) ( -3.18884850E-02, -2.68220901E-03) ( -6.96163625E-04,  3.38070095E-03)
   1.00000000       0.00000000       2.00000000     (  8.84756446E-05, -5.77419996E-04) ( -4.47034836E-04, -4.65661287E-04) ( -4.42378223E-05,  2.88709998E-04)
   1.00000000       1.00000000       0.00000000     (  2.34693289E-03,  3.09199095E-03) ( -2.34693289E-03, -3.09199095E-03) ( -1.08405948E-02,  1.27032399E-02)
   1.00000000       1.00000000       1.00000000     ( -4.37721610E-04,  3.91155481E-04) (  7.82310963E-04,  3.02679837E-05) ( -3.53902578E-04, -4.28408384E-04)
   1.00000000       1.00000000       2.00000000     (  4.65661287E-04,  1.02445483E-04) ( -7.68341124E-05, -1.62981451E-04) ( -1.90921128E-04,  2.96859071E-05)
   1.00000000       2.00000000       0.00000000     ( -7.91624188E-05, -1.14087015E-04) (  3.95812094E-05,  5.70435077E-05) ( -5.58793545E-04, -2.70083547E-04)
   1.00000000       2.00000000       1.00000000     ( -6.89178705E-04, -3.25962901E-04) (  4.74974513E-04,  1.44354999E-04) ( -2.60770321E-04,  2.96859071E-05)
   1.00000000      -2.00000000       0.00000000     (  3.44589353E-04,  3.44589353E-04) (  1.72294676E-04,  1.72294676E-04) (  3.72529030E-04,  5.58793545E-04)
   1.00000000      -2.00000000       1.00000000     (  2.32830644E-04, -2.88709998E-04) (  1.00117177E-04, -2.28174031E-04) ( -3.60887498E-05, -1.72294676E-04)
   1.00000000      -1.00000000       0.00000000     ( -1.18045136E-03, -1.19581819E-02) ( -1.18045136E-03, -1.19581819E-02) ( -1.32247806E-02,  2.33948231E-02)
   1.00000000      -1.00000000       1.00000000     ( -6.89178705E-04, -1.81607902E-04) (  2.79396772E-04,  1.08033419E-03) (  9.68575478E-04,  1.26659870E-03)
   1.00000000      -1.00000000       2.00000000     (  8.56816769E-04, -8.38190317E-04) (  2.88709998E-04, -2.98023224E-04) ( -2.88709998E-04,  2.60770321E-04)
   2.00000000       0.00000000       0.00000000     (  0.00000000    ,  0.00000000    ) ( -6.89178705E-04, -9.68575478E-04) (  3.44589353E-04, -7.63684511E-04)
   2.00000000       0.00000000       1.00000000     ( -2.42143869E-04,  4.09781933E-04) ( -2.14204192E-04, -5.21540642E-04) (  4.84287739E-04, -8.19563866E-04)
   2.00000000       1.00000000       0.00000000     (  1.18743628E-04, -3.53902578E-04) ( -2.37487257E-04,  7.07805157E-04) (  4.09781933E-04, -6.33299351E-04)
   2.00000000       1.00000000       1.00000000     ( -1.35041773E-04, -1.25728548E-04) ( -1.81607902E-04,  8.75443220E-04) (  4.56348062E-04, -6.33299351E-04)
   2.00000000      -1.00000000       0.00000000     (  1.86264515E-04, -3.16649675E-04) (  3.72529030E-04, -6.33299351E-04) (  2.70083547E-04, -1.58324838E-04)
   2.00000000      -1.00000000       1.00000000     (  3.44589353E-04, -6.28642738E-05) (  8.56816769E-04, -7.21774995E-05) (  1.76951289E-04,  5.23868948E-05)
