   0.00000000       0.00000000      -2.00000000     (  1.08033419E-03,  1.62050128E-03) ( -1.45286322E-03, -1.69966370E-04) (  0.00000000    ,  0.00000000    )
   0.00000000       0.00000000      -1.00000000     (  1.66520476E-02,  2.59838998E-03) (  3.68803740E-02,  1.87382102E-02) (  0.00000000    ,  0.00000000    )
   0.00000000       1.00000000      -2.00000000     (  9.31322575E-04,  2.91038305E-05) ( -1.86264515E-04,  5.86733222E-04) ( -9.31322575E-05,  2.93366611E-04)
   0.00000000       1.00000000      -1.00000000     ( -3.47383320E-03,  3.01748514E-02) ( -6.83590770E-03, -2.15601176E-03) ( -6.83590770E-03, -2.15601176E-03)
   0.00000000       2.00000000      -1.00000000     ( -7.17118382E-04,  2.56113708E-04) (  5.70435077E-05,  6.05359674E-04) (  1.14087015E-04,  1.21071935E-03)
   0.00000000      -2.00000000      -1.00000000     (  1.67638063E-03,  5.86733222E-04) ( -5.12227416E-04, -1.29512046E-05) (  1.02445483E-03,  2.59024091E-05)
   0.00000000      -1.00000000      -2.00000000     ( -4.61004674E-04,  6.70552254E-04) ( -5.49480319E-04, -2.00234354E-04) (  2.74740160E-04,  1.00117177E-04)
   0.00000000      -1.00000000      -1.00000000     (  8.41915607E-03, -1.04680657E-02) ( -1.75554305E-03,  2.38884240E-03) (  1.75554305E-03, -2.38884240E-03)
   1.00000000       0.00000000      -2.00000000     ( -7.63684511E-04, -2.07219273E-04) ( -4.84287739E-04,  1.04308128E-03) ( -3.81842256E-04, -1.03609636E-04)
   1.00000000       0.00000000      -1.00000000     (  9.10833478E-03, -5.19677997E-03) ( -9.87201929E-03,  3.52971256E-03) (  9.10833478E-03, -5.19677997E-03)
   1.00000000       1.00000000      -2.00000000     ( -4.65661287E-04, -5.82076609E-05) (  5.30853868E-04, -1.47148967E-03) (  3.14321369E-05, -7.63684511E-04)
   1.00000000       1.00000000      -1.00000000     ( -1.60187483E-03,  1.54599547E-03) (  1.52736902E-03, -1.65309757E-04) ( -7.68341124E-05,  1.37835741E-03)
   1.00000000       2.00000000      -1.00000000     (  3.35276127E-04, -6.70552254E-04) ( -3.86498868E-04, -2.59024091E-05) ( -4.42378223E-04, -7.26431608E-04)
   1.00000000      -2.00000000      -1.00000000     (  9.31322575E-04,  2.56113708E-04) (  7.07805157E-04,  3.81842256E-04) ( -4.84287739E-04, -5.02914190E-04)
   1.00000000      -1.00000000      -2.00000000     (  5.68106771E-04, -7.17118382E-04) (  5.68106771E-04, -4.65661287E-04) ( -1.84172677E-07, -1.25728548E-04)
   1.00000000      -1.00000000      -1.00000000     (  5.06406650E-05,  1.24797225E-03) ( -7.72997737E-04,  8.10250640E-04) (  8.28877091E-04,  4.37721610E-04)
   2.00000000       0.00000000      -1.00000000     ( -4.14438546E-04, -2.28174031E-04) (  6.14672899E-04, -5.30853868E-04) ( -8.28877091E-04, -4.56348062E-04)
   2.00000000       1.00000000      -1.00000000     (  4.61004674E-04,  2.65426934E-04) ( -5.12227416E-04,  6.89178705E-04) (  4.19095159E-04,  1.21071935E-03)
   2.00000000      -1.00000000      -1.00000000     (  3.16649675E-04,  1.07102096E-04) (  6.98491931E-04, -6.23986125E-04) ( -6.05359674E-05,  8.38190317E-04)
