   0.00000000       0.00000000      -2.00000000     (  1.93715096E-03,  3.67872417E-04) ( -2.16066837E-03,  1.02445483E-03) (  0.00000000    ,  0.00000000    )
   0.00000000       0.00000000      -1.00000000     (  5.32716513E-03,  1.21816993E-02) (  3.33786011E-02,  2.78465450E-03) (  0.00000000    ,  0.00000000    )
   0.00000000       1.00000000      -2.00000000     (  3.11993062E-04,  7.26431608E-04) (  8.66129994E-04, -7.10133463E-05) (  4.33064997E-04, -3.55066732E-05)
   0.00000000       1.00000000      -1.00000000     ( -6.85453415E-03,  1.89244747E-02) ( -8.54954123E-03, -4.56348062E-03) ( -8.54954123E-03, -4.56348062E-03)
   0.00000000       2.00000000      -1.00000000     ( -7.07805157E-04, -7.82310963E-04) ( -5.58793545E-04,  3.81842256E-04) ( -1.11758709E-03,  7.63684511E-04)
   0.00000000      -2.00000000      -1.00000000     (  1.81607902E-04,  9.49949026E-04) ( -4.42378223E-05, -9.19681042E-05) (  8.84756446E-05,  1.83936208E-04)
   0.00000000      -1.00000000      -2.00000000     (  1.06170774E-03,  1.24797225E-03) ( -1.93249434E-04, -6.05359674E-04) (  9.66247171E-05,  3.02679837E-04)
   0.00000000      -1.00000000      -1.00000000     (  3.27825546E-03, -2.37487257E-03) (  3.78116965E-03,  1.19674951E-03) ( -3.78116965E-03, -1.19674951E-03)
   1.00000000       0.00000000      -2.00000000     ( -6.51925802E-04, -2.46800482E-04) (  8.28877091E-04,  1.93715096E-03) ( -3.25962901E-04, -1.23400241E-04)
   1.00000000       0.00000000      -1.00000000     (  1.10268593E-02, -5.71832061E-03) ( -6.18398190E-03,  2.51829624E-02) (  1.10268593E-02, -5.71832061E-03)
   1.00000000       1.00000000      -2.00000000     (  5.96046448E-04,  7.72997737E-04) ( -1.39698386E-03, -8.96397978E-05) ( -4.05125320E-04,  3.44589353E-04)
   1.00000000       1.00000000      -1.00000000     ( -9.68575478E-04,  2.94297934E-03) ( -7.54371285E-04, -1.78813934E-03) ( -1.71363354E-03,  1.15483999E-03)
   1.00000000       2.00000000      -1.00000000     (  4.47034836E-04, -1.74622983E-04) ( -4.93600965E-04, -1.58324838E-04) ( -5.30853868E-04, -4.93600965E-04)
   1.00000000      -2.00000000      -1.00000000     ( -2.23517418E-04, -5.49480319E-04) (  6.86850399E-05, -2.02562660E-04) ( -3.63215804E-04, -1.44354999E-04)
   1.00000000      -1.00000000      -2.00000000     (  3.14321369E-05, -8.38190317E-04) ( -5.02914190E-04,  6.61239028E-04) (  2.65426934E-04, -7.45058060E-04)
   1.00000000      -1.00000000      -1.00000000     (  8.58562998E-06,  3.02679837E-04) ( -2.28174031E-04, -1.65309757E-04) (  2.32830644E-04,  4.65661287E-04)
   2.00000000       0.00000000      -1.00000000     ( -5.96046448E-04,  8.73114914E-05) (  2.18860805E-04, -9.12696123E-04) ( -1.19209290E-03,  1.74622983E-04)
   2.00000000       1.00000000      -1.00000000     (  1.69166015E-06, -2.60770321E-04) ( -8.28877091E-04,  3.53902578E-04) ( -8.28877091E-04, -1.74622983E-04)
   2.00000000      -1.00000000      -1.00000000     (  5.02914190E-04,  8.58562998E-06) (  2.56113708E-04,  6.23986125E-04) (  7.54371285E-04, -6.05359674E-04)
