    0.000000        0.000000       -2.000000      (6.8917871E-03,1.5832484E-03)
   (6.1281025E-03,-4.7963113E-03)  (0.000000,0.000000)
    0.000000        0.000000       -1.000000      
 (2.1085143E-02,-1.1622906E-02)  (-8.7171793E-03,1.6465783E-02)  
 (0.000000,0.000000)
    0.000000        1.000000       -2.000000      
 (-1.3522804E-02,-1.8952414E-03)  (-2.5704503E-03,-1.0780059E-03)  
 (-1.2852252E-03,-5.3900294E-04)
    0.000000        1.000000       -1.000000      (6.4074993E-03,5.9232116E-03)
   (-1.8719584E-03,4.4517219E-03)  (-1.8719584E-03,4.4517219E-03)
    0.000000        2.000000       -1.000000      
 (-1.2703240E-02,1.1473894E-02)  (-3.8091093E-03,-1.0919757E-03)  
 (-7.6182187E-03,-2.1839514E-03)
    0.000000       -2.000000       -1.000000      (1.0207295E-02,3.0454248E-03)
   (-3.2887328E-04,1.9138679E-03)  (6.5774657E-04,-3.8277358E-03)
    0.000000       -1.000000       -2.000000      
 (-8.2328916E-03,2.4912879E-03)  (-5.0570816E-03,1.4249235E-03)  
 (2.5285408E-03,-7.1246177E-04)
    0.000000       -1.000000       -1.000000      
 (4.3027103E-03,-2.7380884E-03)  (6.0908496E-03,4.6193600E-03)  
 (-6.0908496E-03,-4.6193600E-03)
    1.000000        0.000000       -2.000000      (8.6426735E-03,2.7660280E-03)
   (-3.6135316E-03,4.6845526E-03)  (4.3213367E-03,1.3830140E-03)
    1.000000        0.000000       -1.000000      
 (3.7997961E-03,-7.1944669E-04)  (7.4505806E-03,-4.2654574E-03)  
 (3.7997961E-03,-7.1944669E-04)
    1.000000        1.000000       -2.000000      
 (-3.3248216E-03,-3.9115548E-04)  (-2.6589260E-03,-1.3485551E-02)  
 (-2.9895455E-03,-6.9290400E-03)
    1.000000        1.000000       -1.000000      
 (-8.2515180E-03,-1.1129305E-03)  (2.1699816E-03,-1.4016405E-03)  
 (-6.0722232E-03,-2.5145710E-03)
    1.000000        2.000000       -1.000000      
 (-9.0338290E-03,-3.0966476E-04)  (1.5785918E-03,2.8498471E-03)  
 (-5.8859587E-03,5.4016709E-03)
    1.000000       -2.000000       -1.000000      
 (3.2770913E-04,-4.5076013E-03)  (-8.0559403E-04,-1.7089769E-03)  
 (1.9371510E-03,-1.0919757E-03)
    1.000000       -1.000000       -2.000000      (4.8987567E-03,4.9127266E-04)
   (-4.3027103E-03,1.6717240E-03)  (4.6007335E-03,-5.8906153E-04)
    1.000000       -1.000000       -1.000000      
 (-1.0225922E-02,4.3492764E-03)  (-6.5378845E-03,4.3190084E-04)  
 (-3.6973506E-03,3.9208680E-03)
    2.000000        0.000000       -1.000000      (1.8719584E-03,4.3120235E-03)
   (7.2829425E-03,7.5995922E-03)  (3.7439167E-03,8.6240470E-03)
    2.000000        1.000000       -1.000000      
 (-1.0011718E-03,-1.8207356E-03)  (3.9674342E-03,-5.0663948E-03)  
 (1.9604340E-03,-8.6985528E-03)
    2.000000       -1.000000       -1.000000      
 (-1.6437843E-03,2.4680048E-03)  (2.5844201E-04,6.2957406E-03)  
 (-3.5483390E-03,-1.3713725E-03)
