   0.00000000       0.00000000      -2.00000000     (  3.42726707E-03,  6.10016286E-04) ( -4.32133675E-03,  2.36555934E-03) (  0.00000000    ,  0.00000000    )
   0.00000000       0.00000000      -1.00000000     (  3.37138772E-03,  1.15483999E-02) (  2.88337469E-02,  4.35393304E-04) (  0.00000000    ,  0.00000000    )
   0.00000000       1.00000000      -2.00000000     (  1.18743628E-04,  1.48080289E-03) (  1.44354999E-03, -3.07336450E-04) (  7.21774995E-04, -1.53668225E-04)
   0.00000000       1.00000000      -1.00000000     ( -6.74277544E-03,  1.57207251E-02) ( -7.59959221E-03, -4.88013029E-03) ( -7.59959221E-03, -4.88013029E-03)
   0.00000000       2.00000000      -1.00000000     ( -1.05239451E-03, -1.29453838E-03) ( -8.47503543E-04,  3.65544111E-04) ( -1.69500709E-03,  7.31088221E-04)
   0.00000000      -2.00000000      -1.00000000     ( -2.42143869E-04,  2.19792128E-03) ( -2.09547579E-04, -5.30853868E-04) (  4.19095159E-04,  1.06170774E-03)
   0.00000000      -1.00000000      -2.00000000     (  2.23517418E-03,  2.42143869E-03) ( -3.84170562E-04, -1.28522515E-03) (  1.92085281E-04,  6.42612576E-04)
   0.00000000      -1.00000000      -1.00000000     (  1.25262886E-03, -1.02445483E-03) (  3.98606062E-03,  1.20606273E-03) ( -3.98606062E-03, -1.20606273E-03)
   1.00000000       0.00000000      -2.00000000     ( -1.04308128E-03, -4.42378223E-04) (  1.22934580E-03,  3.42726707E-03) ( -5.21540642E-04, -2.21189111E-04)
   1.00000000       0.00000000      -1.00000000     (  1.02072954E-02, -5.56930900E-03) ( -5.32716513E-03,  2.57045031E-02) (  1.02072954E-02, -5.56930900E-03)
   1.00000000       1.00000000      -2.00000000     (  1.23865902E-03,  1.48080289E-03) ( -2.96160579E-03,  1.54832378E-04) ( -8.66129994E-04,  8.19563866E-04)
   1.00000000       1.00000000      -1.00000000     ( -9.68575478E-04,  5.06639481E-03) ( -1.49011612E-03, -3.16649675E-03) ( -2.45869160E-03,  1.89989805E-03)
   1.00000000       2.00000000      -1.00000000     (  1.21071935E-03, -2.95694917E-04) ( -9.12696123E-04, -2.98023224E-04) ( -6.14672899E-04, -8.94069672E-04)
   1.00000000      -2.00000000      -1.00000000     ( -2.79396772E-04, -8.94069672E-04) ( -1.09866960E-05, -3.05008143E-04) ( -2.58442014E-04, -2.86381692E-04)
   1.00000000      -1.00000000      -2.00000000     ( -2.35158950E-04, -1.67638063E-03) ( -7.59027898E-04,  1.67638063E-03) (  2.60770321E-04, -1.67638063E-03)
   1.00000000      -1.00000000      -1.00000000     ( -6.17001206E-05,  4.23751771E-04) ( -3.88827175E-04, -8.28877091E-04) (  3.25962901E-04,  1.24797225E-03)
   2.00000000       0.00000000      -1.00000000     ( -1.01514161E-03,  1.55996531E-04) (  6.57746568E-05, -1.29453838E-03) ( -2.03028321E-03,  3.11993062E-04)
   2.00000000       1.00000000      -1.00000000     (  4.54747351E-06, -3.67872417E-04) ( -1.67638063E-03,  4.45288606E-05) ( -1.65775418E-03, -6.93835318E-04)
   2.00000000      -1.00000000      -1.00000000     (  8.66129994E-04, -9.25501809E-05) (  5.77419996E-04,  1.07102096E-03) (  1.14552677E-03, -1.24797225E-03)
