   0.00000000       0.00000000       1.00000000     (  2.32458115E-02,  1.19581819E-02) ( -9.26665962E-04, -2.24262476E-02) (  0.00000000    ,  0.00000000    )
   0.00000000       0.00000000       2.00000000     (  6.76140189E-03, -3.53902578E-03) (  2.50525773E-03,  1.55996531E-03) (  0.00000000    ,  0.00000000    )
   0.00000000       1.00000000       0.00000000     ( -1.87661499E-03,  1.19581819E-02) (  0.00000000    ,  0.00000000    ) (  2.20723450E-03, -3.09199095E-03)
   0.00000000       1.00000000       1.00000000     (  3.39932740E-03, -3.09199095E-03) (  7.13393092E-03, -6.96629286E-03) ( -7.13393092E-03,  6.96629286E-03)
   0.00000000       1.00000000       2.00000000     ( -7.17118382E-03, -1.11758709E-03) ( -7.18981028E-03,  4.59840521E-04) (  3.59490514E-03, -2.29920261E-04)
   0.00000000       2.00000000       0.00000000     (  2.69210432E-05, -6.03497028E-03) (  0.00000000    ,  0.00000000    ) ( -4.05125320E-03,  5.96046448E-04)
   0.00000000       2.00000000       1.00000000     (  6.64964318E-03,  1.81607902E-04) ( -9.82545316E-04, -2.40281224E-03) (  1.96509063E-03,  4.80562449E-03)
   0.00000000      -2.00000000       0.00000000     (  2.69210432E-05,  6.03497028E-03) (  0.00000000    ,  0.00000000    ) ( -4.05125320E-03, -5.96046448E-04)
   0.00000000      -2.00000000       1.00000000     ( -9.23871994E-03, -4.03262675E-03) ( -2.05356628E-03,  8.91741365E-04) ( -4.10713255E-03,  1.78348273E-03)
   0.00000000      -1.00000000       0.00000000     ( -1.87661499E-03, -1.19581819E-02) (  0.00000000    ,  0.00000000    ) (  2.20723450E-03,  3.09199095E-03)
   0.00000000      -1.00000000       1.00000000     (  9.57399607E-03, -1.23679638E-02) ( -2.68220901E-03, -2.83122063E-03) ( -2.68220901E-03, -2.83122063E-03)
   0.00000000      -1.00000000       2.00000000     ( -4.89875674E-03,  6.47269189E-04) (  2.82889232E-04,  4.06056643E-03) (  1.41444616E-04,  2.03028321E-03)
   1.00000000       0.00000000       0.00000000     (  0.00000000    ,  0.00000000    ) ( -2.16811895E-02,  5.17815351E-03) (  2.35438347E-02,  1.96695328E-02)
   1.00000000       0.00000000       1.00000000     (  1.36438757E-03, -4.50760126E-03) ( -2.48104334E-02,  1.59442425E-02) ( -1.36438757E-03,  4.50760126E-03)
   1.00000000       0.00000000       2.00000000     (  1.06170774E-03,  1.89989805E-03) (  4.74974513E-03,  5.90458512E-03) ( -5.30853868E-04, -9.49949026E-04)
   1.00000000       1.00000000       0.00000000     (  5.23403287E-03,  5.02914190E-04) ( -5.23403287E-03, -5.02914190E-04) ( -6.38887286E-03,  2.66358256E-03)
   1.00000000       1.00000000       1.00000000     ( -2.94297934E-03,  1.38301402E-03) (  1.99303031E-03, -7.91624188E-04) (  9.49949026E-04, -5.89061528E-04)
   1.00000000       1.00000000       2.00000000     ( -2.29105353E-03, -2.26311386E-03) ( -3.90224159E-03, -4.16301191E-03) (  3.10130417E-03,  3.21306288E-03)
   1.00000000       2.00000000       0.00000000     ( -1.58324838E-03,  4.95463610E-03) (  7.91624188E-04, -2.47731805E-03) (  2.99769454E-05,  9.46223736E-03)
   1.00000000       2.00000000       1.00000000     (  6.10947609E-03,  2.89641321E-03) ( -1.85798854E-03, -1.95112079E-03) ( -2.39349902E-03,  1.01281330E-03)
   1.00000000      -2.00000000       0.00000000     ( -7.59027898E-04, -2.20024958E-04) ( -3.79513949E-04, -1.10012479E-04) ( -3.27825546E-03,  1.94413587E-04)
   1.00000000      -2.00000000       1.00000000     ( -1.92318112E-03,  9.01054591E-04) ( -1.66241080E-03,  1.57859176E-03) ( -1.40164047E-03,  2.26311386E-03)
   1.00000000      -1.00000000       0.00000000     ( -5.25265932E-03, -3.00817192E-03) ( -5.25265932E-03, -3.00817192E-03) ( -4.37721610E-03,  4.26545739E-03)
   1.00000000      -1.00000000       1.00000000     (  8.69855285E-03,  7.82310963E-03) (  2.44937837E-03,  7.32019544E-03) ( -6.25848770E-03, -5.00585884E-04)
   1.00000000      -1.00000000       2.00000000     (  3.11061740E-03,  5.60656190E-03) (  4.54485416E-03,  1.07800588E-03) (  7.17118382E-04, -2.26311386E-03)
   2.00000000       0.00000000       0.00000000     (  0.00000000    ,  0.00000000    ) (  1.13621354E-02, -6.55651093E-03) ( -3.06405127E-03,  4.39584255E-03)
   2.00000000       0.00000000       1.00000000     ( -4.47034836E-03,  1.81025825E-04) (  3.97674739E-03,  1.10641122E-02) (  8.94069672E-03, -3.62051651E-04)
   2.00000000       1.00000000       0.00000000     ( -1.75554305E-03,  3.17813829E-04) (  3.51108611E-03, -6.35627657E-04) ( -1.80210918E-03, -5.42029738E-03)
   2.00000000       1.00000000       1.00000000     (  2.41212547E-03,  4.65661287E-03) ( -5.23403287E-03, -8.40052962E-03) (  4.10946086E-04, -9.31322575E-04)
   2.00000000      -1.00000000       0.00000000     (  1.02212653E-03, -1.05937943E-03) (  2.04425305E-03, -2.11875886E-03) (  7.35744834E-04,  2.35624611E-03)
   2.00000000      -1.00000000       1.00000000     ( -4.21889126E-03,  4.22587618E-04) ( -4.26545739E-03, -1.45751983E-03) (  4.18163836E-03, -2.30036676E-03)
