   0.00000000       0.00000000      -2.00000000     (  4.47034836E-04,  1.49011612E-04) ( -3.91155481E-04,  6.51925802E-05) (  0.00000000    ,  0.00000000    )
   0.00000000       0.00000000      -1.00000000     (  1.11386180E-02,  1.10641122E-02) (  4.11272049E-02,  9.74163413E-03) (  0.00000000    ,  0.00000000    )
   0.00000000       1.00000000      -2.00000000     (  1.67638063E-04,  9.77888703E-05) (  1.39698386E-04,  4.88944352E-05) (  6.98491931E-05,  2.44472176E-05)
   0.00000000       1.00000000      -1.00000000     ( -6.78002834E-03,  2.63005495E-02) ( -9.70438123E-03, -3.62284482E-03) ( -9.70438123E-03, -3.62284482E-03)
   0.00000000       2.00000000      -1.00000000     ( -1.58324838E-04, -3.49245965E-05) ( -1.49011612E-04,  1.67638063E-04) ( -2.98023224E-04,  3.35276127E-04)
   0.00000000      -2.00000000      -1.00000000     (  2.98023224E-04,  9.31322575E-05) ( -5.12227416E-05,  6.51925802E-05) (  1.02445483E-04, -1.30385160E-04)
   0.00000000      -1.00000000      -2.00000000     (  1.49011612E-04,  1.86264515E-04) ( -1.07102096E-04, -8.84756446E-05) (  5.35510480E-05,  4.42378223E-05)
   0.00000000      -1.00000000      -1.00000000     (  7.95349479E-03, -6.27711415E-03) (  2.09081918E-03,  1.24797225E-03) ( -2.09081918E-03, -1.24797225E-03)
   1.00000000       0.00000000      -2.00000000     ( -1.95577741E-04, -8.84756446E-05) (  1.39698386E-04,  4.47034836E-04) ( -9.77888703E-05, -4.42378223E-05)
   1.00000000       0.00000000      -1.00000000     (  1.16229057E-02, -5.73694706E-03) ( -7.99074769E-03,  1.87009573E-02) (  1.16229057E-02, -5.73694706E-03)
   1.00000000       1.00000000      -2.00000000     (  6.51925802E-05,  1.67638063E-04) ( -1.02445483E-04, -1.95577741E-04) ( -1.74622983E-05, -1.22236088E-05)
   1.00000000       1.00000000      -1.00000000     ( -4.28408384E-04,  7.07805157E-04) (  4.07453626E-06, -3.72529030E-04) ( -4.28408384E-04,  3.35276127E-04)
   1.00000000       2.00000000      -1.00000000     (  8.73114914E-06, -1.21071935E-04) ( -6.05359674E-05,  3.72529030E-05) ( -1.11758709E-04, -4.42378223E-05)
   1.00000000      -2.00000000      -1.00000000     (  1.16415322E-05, -9.31322575E-05) (  9.77888703E-05, -4.19095159E-05) ( -1.86264515E-04, -9.89530236E-06)
   1.00000000      -1.00000000      -2.00000000     (  9.31322575E-05, -1.86264515E-04) ( -5.58793545E-05, -1.74622983E-05) (  7.45058060E-05, -8.38190317E-05)
   1.00000000      -1.00000000      -1.00000000     ( -1.62981451E-05,  1.39698386E-04) ( -1.21071935E-04,  1.21071935E-04) (  1.07102096E-04,  1.86264515E-05)
   2.00000000       0.00000000      -1.00000000     ( -1.49011612E-04,  1.45519152E-06) (  1.30385160E-04, -2.60770321E-04) ( -2.98023224E-04,  2.91038305E-06)
   2.00000000       1.00000000      -1.00000000     (  5.35510480E-05, -3.95812094E-05) ( -1.86264515E-04,  2.60770321E-04) ( -7.45058060E-05,  1.76951289E-04)
   2.00000000      -1.00000000      -1.00000000     (  1.39698386E-04,  2.79396772E-05) (  8.38190317E-05,  8.84756446E-05) (  1.95577741E-04, -3.25962901E-05)
