   0.00000000       0.00000000      -2.00000000     (  1.15483999E-03,  2.65426934E-04) ( -1.15483999E-03,  3.91155481E-04) (  0.00000000    ,  0.00000000    )
   0.00000000       0.00000000      -1.00000000     (  7.86036253E-03,  1.23307109E-02) (  3.79234552E-02,  5.79282641E-03) (  0.00000000    ,  0.00000000    )
   0.00000000       1.00000000      -2.00000000     (  2.98023224E-04,  3.53902578E-04) (  4.84287739E-04,  2.44472176E-05) (  2.42143869E-04,  1.22236088E-05)
   0.00000000       1.00000000      -1.00000000     ( -6.96629286E-03,  2.25752592E-02) ( -9.42498446E-03, -4.17232513E-03) ( -9.42498446E-03, -4.17232513E-03)
   0.00000000       2.00000000      -1.00000000     ( -4.37721610E-04, -3.53902578E-04) ( -3.63215804E-04,  3.25962901E-04) ( -7.26431608E-04,  6.51925802E-04)
   0.00000000      -2.00000000      -1.00000000     (  3.72529030E-04,  3.91155481E-04) ( -3.84170562E-05,  6.75208867E-05) (  7.68341124E-05, -1.35041773E-04)
   0.00000000      -1.00000000      -2.00000000     (  5.21540642E-04,  6.33299351E-04) ( -1.62981451E-04, -2.79396772E-04) (  8.14907253E-05,  1.39698386E-04)
   0.00000000      -1.00000000      -1.00000000     (  5.58793545E-03, -4.04193997E-03) (  3.23168933E-03,  1.17579475E-03) ( -3.23168933E-03, -1.17579475E-03)
   1.00000000       0.00000000      -2.00000000     ( -4.28408384E-04, -1.67638063E-04) (  4.93600965E-04,  1.15483999E-03) ( -2.14204192E-04, -8.38190317E-05)
   1.00000000       0.00000000      -1.00000000     (  1.16601586E-02, -5.81145287E-03) ( -7.04079866E-03,  2.33948231E-02) (  1.16601586E-02, -5.81145287E-03)
   1.00000000       1.00000000      -2.00000000     (  2.70083547E-04,  4.37721610E-04) ( -5.96046448E-04, -2.32830644E-04) ( -1.67638063E-04,  1.00117177E-04)
   1.00000000       1.00000000      -1.00000000     ( -8.19563866E-04,  1.78813934E-03) ( -3.07336450E-04, -1.04308128E-03) ( -1.11758709E-03,  7.45058060E-04)
   1.00000000       2.00000000      -1.00000000     (  1.07102096E-04, -1.44354999E-04) ( -2.28174031E-04, -4.07453626E-05) ( -3.44589353E-04, -2.23517418E-04)
   1.00000000      -2.00000000      -1.00000000     ( -1.09430403E-04, -3.07336450E-04) (  1.16415322E-04, -1.32713467E-04) ( -3.44589353E-04, -4.65661287E-05)
   1.00000000      -1.00000000      -2.00000000     (  1.14087015E-04, -4.56348062E-04) ( -2.79396772E-04,  1.72294676E-04) (  1.95577741E-04, -3.16649675E-04)
   1.00000000      -1.00000000      -1.00000000     ( -7.27595761E-06,  2.32830644E-04) ( -1.90921128E-04,  9.08039510E-05) (  1.86264515E-04,  1.39698386E-04)
   2.00000000       0.00000000      -1.00000000     ( -3.63215804E-04,  3.60887498E-05) (  2.18860805E-04, -6.14672899E-04) ( -7.26431608E-04,  7.21774995E-05)
   2.00000000       1.00000000      -1.00000000     (  4.42378223E-05, -1.53668225E-04) ( -4.65661287E-04,  4.19095159E-04) ( -3.72529030E-04,  1.07102096E-04)
   2.00000000      -1.00000000      -1.00000000     (  3.25962901E-04,  4.19095159E-05) (  1.62981451E-04,  3.25962901E-04) (  4.84287739E-04, -2.46800482E-04)
