   0.00000000       0.00000000       1.00000000     (  2.31713057E-02,  1.11386180E-02) (  3.23168933E-03, -2.48849392E-02) (  0.00000000    ,  0.00000000    )
   0.00000000       0.00000000       2.00000000     (  6.87316060E-03, -5.36441803E-03) ( -2.62516551E-04,  1.53668225E-03) (  0.00000000    ,  0.00000000    )
   0.00000000       1.00000000       0.00000000     ( -4.28408384E-03,  1.06543303E-02) (  0.00000000    ,  0.00000000    ) (  1.75088644E-03, -1.37370080E-03)
   0.00000000       1.00000000       1.00000000     (  3.11061740E-03, -4.61935997E-03) (  5.81145287E-03, -7.82310963E-03) ( -5.81145287E-03,  7.82310963E-03)
   0.00000000       1.00000000       2.00000000     ( -7.91624188E-03, -3.60887498E-04) ( -6.33299351E-03,  4.91272658E-04) (  3.16649675E-03, -2.45636329E-04)
   0.00000000       2.00000000       0.00000000     ( -2.13272870E-03, -7.07805157E-03) (  0.00000000    ,  0.00000000    ) ( -6.48200512E-03,  3.24798748E-04)
   0.00000000       2.00000000       1.00000000     (  4.16301191E-03,  3.95812094E-03) ( -2.24914402E-03, -2.45869160E-03) (  4.49828804E-03,  4.91738319E-03)
   0.00000000      -2.00000000       0.00000000     ( -2.13272870E-03,  7.07805157E-03) (  0.00000000    ,  0.00000000    ) ( -6.48200512E-03, -3.24798748E-04)
   0.00000000      -2.00000000       1.00000000     ( -1.03935599E-02, -1.76951289E-04) ( -1.49011612E-03,  1.48080289E-03) ( -2.98023224E-03,  2.96160579E-03)
   0.00000000      -1.00000000       0.00000000     ( -4.28408384E-03, -1.06543303E-02) (  0.00000000    ,  0.00000000    ) (  1.75088644E-03,  1.37370080E-03)
   0.00000000      -1.00000000       1.00000000     (  1.21816993E-02, -1.43796206E-02) ( -1.69035047E-03, -2.16066837E-03) ( -1.69035047E-03, -2.16066837E-03)
   0.00000000      -1.00000000       2.00000000     ( -1.40164047E-03, -2.44937837E-03) (  8.33533704E-04,  1.66706741E-03) (  4.16766852E-04,  8.33533704E-04)
   1.00000000       0.00000000       0.00000000     (  0.00000000    ,  0.00000000    ) ( -1.81049109E-02,  5.69969416E-03) (  2.51829624E-02,  2.07126141E-02)
   1.00000000       0.00000000       1.00000000     (  2.91503966E-03, -3.58559191E-03) ( -2.57790089E-02,  1.52364373E-02) ( -2.91503966E-03,  3.58559191E-03)
   1.00000000       0.00000000       2.00000000     (  1.09197572E-03,  3.11061740E-03) (  6.96629286E-03,  4.19095159E-03) ( -5.45987859E-04, -1.55530870E-03)
   1.00000000       1.00000000       0.00000000     (  5.32716513E-03,  2.29105353E-03) ( -5.32716513E-03, -2.29105353E-03) ( -7.56233931E-03,  3.93018126E-03)
   1.00000000       1.00000000       1.00000000     ( -4.06987965E-03,  2.25263648E-04) (  2.86847353E-03, -1.85100362E-04) (  1.20140612E-03, -3.98722477E-05)
   1.00000000       1.00000000       2.00000000     ( -2.00700015E-03, -2.99885869E-03) ( -5.83007932E-03, -2.57976353E-03) (  3.91155481E-03,  2.78465450E-03)
   1.00000000       2.00000000       0.00000000     ( -2.13272870E-03,  6.51925802E-03) (  1.06636435E-03, -3.25962901E-03) ( -1.47614628E-03,  8.97794962E-03)
   1.00000000       2.00000000       1.00000000     (  7.48783350E-03,  2.89641321E-03) ( -3.50177288E-03, -2.91503966E-03) ( -4.91272658E-04,  2.92435288E-03)
   1.00000000      -2.00000000       0.00000000     (  1.68802217E-04, -3.33413482E-03) (  8.44011083E-05, -1.66706741E-03) ( -1.30385160E-03,  2.48663127E-03)
   1.00000000      -2.00000000       1.00000000     ( -2.14669853E-03,  7.70669430E-04) ( -2.34693289E-03,  1.61584467E-03) ( -2.55182385E-03,  2.45869160E-03)
   1.00000000      -1.00000000       0.00000000     ( -6.07222319E-03, -6.37024641E-03) ( -6.07222319E-03, -6.37024641E-03) ( -4.61935997E-03,  4.89875674E-03)
   1.00000000      -1.00000000       1.00000000     (  5.97909093E-03,  8.73580575E-03) (  4.51109372E-05,  7.09667802E-03) ( -5.92321157E-03, -1.63912773E-03)
   1.00000000      -1.00000000       2.00000000     (  4.62867320E-03,  6.46337867E-03) (  7.74860382E-03,  3.66009772E-03) (  1.55996531E-03, -1.40629709E-03)
   2.00000000       0.00000000       0.00000000     (  0.00000000    ,  0.00000000    ) (  1.13621354E-02, -5.66244125E-03) ( -5.21540642E-03,  3.25962901E-03)
   2.00000000       0.00000000       1.00000000     ( -4.15369868E-03, -2.04890966E-03) (  2.87778676E-03,  1.11386180E-02) (  8.30739737E-03,  4.09781933E-03)
   2.00000000       1.00000000       0.00000000     ( -2.66358256E-03,  9.22009349E-04) (  5.32716513E-03, -1.84401870E-03) ( -6.44940883E-04, -9.31322575E-03)
   2.00000000       1.00000000       1.00000000     (  1.70432031E-03,  4.40515578E-03) ( -4.78699803E-03, -7.56233931E-03) (  1.37370080E-03, -1.25262886E-03)
   2.00000000      -1.00000000       0.00000000     (  1.90921128E-03,  5.07570803E-04) (  3.81842256E-03,  1.01514161E-03) (  1.30676199E-04,  1.68569386E-03)
   2.00000000      -1.00000000       1.00000000     ( -3.68803740E-03,  8.45175236E-04) ( -2.79396772E-03, -2.12341547E-03) (  4.57279384E-03, -3.81842256E-03)
