   0.00000000       0.00000000      -2.00000000     (  4.41446900E-03,  4.71249223E-03) ( -2.34693289E-03, -7.10133463E-04) (  0.00000000    ,  0.00000000    )
   0.00000000       0.00000000      -1.00000000     (  2.47359276E-02, -1.11013651E-02) (  8.36327672E-03,  2.86102295E-02) (  0.00000000    ,  0.00000000    )
   0.00000000       1.00000000      -2.00000000     (  3.73693183E-04,  2.85916030E-03) (  6.21657819E-04,  1.39698386E-03) (  3.10828909E-04,  6.98491931E-04)
   0.00000000       1.00000000      -1.00000000     (  1.47521496E-02,  1.68755651E-02) ( -3.43425199E-04,  1.77416950E-03) ( -3.43425199E-04,  1.77416950E-03)
   0.00000000       2.00000000      -1.00000000     ( -9.16421413E-03, -2.04890966E-03) ( -1.48080289E-03, -1.35507435E-03) ( -2.96160579E-03, -2.71014869E-03)
   0.00000000      -2.00000000      -1.00000000     (  1.91852450E-03, -4.67523932E-03) ( -2.14204192E-03,  1.42958015E-03) (  4.28408384E-03, -2.85916030E-03)
   0.00000000      -1.00000000      -2.00000000     ( -5.83007932E-03, -9.63918865E-04) ( -2.98954546E-03, -1.11758709E-04) (  1.49477273E-03,  5.58793545E-05)
   0.00000000      -1.00000000      -1.00000000     (  4.12575901E-03,  5.21540642E-03) (  4.25614417E-03,  9.23871994E-03) ( -4.25614417E-03, -9.23871994E-03)
   1.00000000       0.00000000      -2.00000000     ( -5.28525561E-04,  4.54485416E-03) ( -3.98606062E-03,  6.50063157E-03) ( -2.64262781E-04,  2.27242708E-03)
   1.00000000       0.00000000      -1.00000000     (  3.79048288E-03,  2.67173164E-04) (  3.79048288E-03, -1.86264515E-03) (  3.79048288E-03,  2.67173164E-04)
   1.00000000       1.00000000      -2.00000000     ( -4.67523932E-03, -4.15602699E-04) (  5.02914190E-03, -4.35858965E-03) (  1.75205059E-04, -2.38418579E-03)
   1.00000000       1.00000000      -1.00000000     ( -6.51925802E-03, -2.68220901E-03) (  5.51342964E-03,  5.21540642E-04) ( -9.96515155E-04, -2.15135515E-03)
   1.00000000       2.00000000      -1.00000000     ( -2.16066837E-03,  1.26194209E-03) ( -2.09547579E-04,  1.82539225E-03) ( -2.57976353E-03,  4.91738319E-03)
   1.00000000      -2.00000000      -1.00000000     ( -2.79396772E-04, -1.29453838E-03) (  1.23865902E-03, -7.45058060E-04) ( -2.75671482E-03,  1.92667358E-04)
   1.00000000      -1.00000000      -2.00000000     ( -1.43889338E-03, -2.48663127E-03) (  2.71247700E-04, -2.11410224E-03) ( -8.56816769E-04, -1.86846592E-04)
   1.00000000      -1.00000000      -1.00000000     ( -1.81607902E-03,  3.71364877E-04) ( -4.13507223E-03,  6.40284270E-04) (  2.30967999E-03, -2.70083547E-04)
   2.00000000       0.00000000      -1.00000000     ( -1.73225999E-03, -6.72880560E-04) ( -6.51925802E-03,  1.53202564E-03) ( -3.46451998E-03, -1.34576112E-03)
   2.00000000       1.00000000      -1.00000000     ( -1.89174898E-06,  9.91858542E-04) (  9.45292413E-04, -2.34693289E-03) (  9.45292413E-04, -3.67872417E-04)
   2.00000000      -1.00000000      -1.00000000     (  4.67989594E-04, -1.50408596E-03) (  1.29919499E-03, -4.26545739E-03) ( -3.62051651E-04,  1.25728548E-03)
