   0.00000000       0.00000000       1.00000000     (  1.74343586E-02, -8.73114914E-04) (  3.47942114E-02, -2.02655792E-02) (  0.00000000    ,  0.00000000    )
   0.00000000       0.00000000       2.00000000     (  1.34110451E-03, -2.60770321E-03) ( -2.14204192E-03,  7.39237294E-05) (  0.00000000    ,  0.00000000    )
   0.00000000       1.00000000       0.00000000     ( -1.13993883E-02, -1.94646418E-03) (  0.00000000    ,  0.00000000    ) (  7.15255737E-03,  1.38580799E-02)
   0.00000000       1.00000000       1.00000000     (  7.97212124E-03,  1.01700425E-02) ( -2.24448740E-03, -2.95229256E-03) (  2.24448740E-03,  2.95229256E-03)
   0.00000000       1.00000000       2.00000000     ( -9.77888703E-04, -9.40635800E-04) ( -9.03382897E-04,  2.25845724E-04) (  4.51691449E-04, -1.12922862E-04)
   0.00000000       2.00000000       0.00000000     (  6.98491931E-04,  2.71946192E-03) (  0.00000000    ,  0.00000000    ) ( -3.27825546E-03,  1.97440386E-03)
   0.00000000       2.00000000       1.00000000     (  2.19792128E-03, -9.31322575E-04) ( -7.45058060E-04,  1.88592821E-04) (  1.49011612E-03, -3.77185643E-04)
   0.00000000      -2.00000000       0.00000000     (  6.98491931E-04, -2.71946192E-03) (  0.00000000    ,  0.00000000    ) ( -3.27825546E-03, -1.97440386E-03)
   0.00000000      -2.00000000       1.00000000     ( -1.56462193E-03, -2.95694917E-04) (  1.62981451E-04, -7.54371285E-04) (  3.25962901E-04, -1.50874257E-03)
   0.00000000      -1.00000000       0.00000000     ( -1.13993883E-02,  1.94646418E-03) (  0.00000000    ,  0.00000000    ) (  7.15255737E-03, -1.38580799E-02)
   0.00000000      -1.00000000       1.00000000     ( -2.39349902E-03, -2.96533108E-02) ( -5.88595867E-03,  2.36090273E-03) ( -5.88595867E-03,  2.36090273E-03)
   0.00000000      -1.00000000       2.00000000     (  1.20140612E-03, -8.44011083E-06) ( -6.28642738E-04, -8.75443220E-04) ( -3.14321369E-04, -4.37721610E-04)
   1.00000000       0.00000000       0.00000000     (  0.00000000    ,  0.00000000    ) ( -1.86264515E-02,  1.76578760E-02) (  2.39908695E-02,  1.11386180E-02)
   1.00000000       0.00000000       1.00000000     ( -2.20723450E-03, -1.35507435E-03) ( -2.42888927E-02, -8.60542059E-03) (  2.20723450E-03,  1.35507435E-03)
   1.00000000       0.00000000       2.00000000     ( -1.28522515E-03,  1.06170774E-03) (  9.77888703E-04,  1.21071935E-03) (  6.42612576E-04, -5.30853868E-04)
   1.00000000       1.00000000       0.00000000     (  2.71247700E-04,  1.88592821E-03) ( -2.71247700E-04, -1.88592821E-03) ( -9.68575478E-03,  1.15856528E-02)
   1.00000000       1.00000000       1.00000000     (  9.59262252E-04, -4.51691449E-04) ( -2.77534127E-03, -1.49011612E-04) (  1.80676579E-03,  6.00703061E-04)
   1.00000000       1.00000000       2.00000000     ( -2.47731805E-03, -4.71482053E-05) (  3.86498868E-04,  1.26659870E-03) (  1.04308128E-03, -6.10016286E-04)
   1.00000000       2.00000000       0.00000000     (  1.54599547E-03, -3.91155481E-04) ( -7.72997737E-04,  1.95577741E-04) (  1.67638063E-04,  1.84401870E-03)
   1.00000000       2.00000000       1.00000000     (  9.22009349E-04,  1.00582838E-03) ( -1.02445483E-03, -2.14640750E-06) (  1.12690032E-03, -1.00582838E-03)
   1.00000000      -2.00000000       0.00000000     ( -1.52736902E-03, -2.74740160E-04) ( -7.63684511E-04, -1.37370080E-04) ( -1.34110451E-03, -1.91852450E-03)
   1.00000000      -2.00000000       1.00000000     ( -1.12690032E-03, -3.25962901E-04) ( -3.60887498E-04, -2.21189111E-04) (  4.05125320E-04, -1.14087015E-04)
   1.00000000      -1.00000000       0.00000000     ( -5.48316166E-04, -7.78585672E-03) ( -5.48316166E-04, -7.78585672E-03) ( -1.06543303E-02,  2.66730785E-02)
   1.00000000      -1.00000000       1.00000000     (  2.84984708E-03,  9.31322575E-04) ( -5.30853868E-04, -3.12924385E-03) ( -3.39001417E-03, -4.06056643E-03)
   1.00000000      -1.00000000       2.00000000     ( -2.32830644E-03,  2.01165676E-03) ( -1.28522515E-03,  1.39698386E-03) (  5.16884029E-04, -3.09664756E-04)
   2.00000000       0.00000000       0.00000000     (  0.00000000    ,  0.00000000    ) (  1.52736902E-03,  3.35276127E-03) ( -7.21774995E-04,  2.03028321E-03)
   2.00000000       0.00000000       1.00000000     (  3.16649675E-04, -7.63684511E-04) (  9.59262252E-04,  1.76951289E-03) ( -6.33299351E-04,  1.52736902E-03)
   2.00000000       1.00000000       0.00000000     (  3.63215804E-04,  1.22934580E-03) ( -7.26431608E-04, -2.45869160E-03) ( -1.69500709E-03,  2.88709998E-03)
   2.00000000       1.00000000       1.00000000     (  7.45058060E-04,  2.58442014E-04) ( -6.98491931E-04, -1.63912773E-03) ( -8.00937414E-04,  1.11758709E-03)
   2.00000000      -1.00000000       0.00000000     ( -5.35510480E-04,  4.47034836E-04) ( -1.07102096E-03,  8.94069672E-04) ( -1.09896064E-03, -1.36205927E-04)
   2.00000000      -1.00000000       1.00000000     ( -8.38190317E-04, -3.75439413E-05) ( -2.57045031E-03, -3.09664756E-04) ( -8.94069672E-04, -2.35158950E-04)
