   0.00000000       0.00000000      -2.00000000     (  6.70552254E-03,  4.58210707E-03) (  9.84873623E-04, -1.47148967E-03) (  0.00000000    ,  0.00000000    )
   0.00000000       0.00000000      -1.00000000     (  2.30222940E-02, -1.14366412E-02) (  1.41095370E-03,  2.36928463E-02) (  0.00000000    ,  0.00000000    )
   0.00000000       1.00000000      -2.00000000     ( -2.69152224E-03,  1.11060217E-03) (  6.96163625E-04, -2.93366611E-03) (  3.48081812E-04, -1.46683306E-03)
   0.00000000       1.00000000      -1.00000000     (  1.10268593E-02,  1.34855509E-02) ( -2.18860805E-03,  2.38418579E-03) ( -2.18860805E-03,  2.38418579E-03)
   0.00000000       2.00000000      -1.00000000     ( -9.49949026E-03,  1.76485628E-03) ( -1.52271241E-03, -1.18277967E-03) ( -3.04542482E-03, -2.36555934E-03)
   0.00000000      -2.00000000      -1.00000000     (  5.10364771E-03, -2.33761966E-03) ( -1.68103725E-03,  2.49594450E-03) (  3.36207449E-03, -4.99188900E-03)
   0.00000000      -1.00000000      -2.00000000     ( -7.52508640E-03,  7.40401447E-04) ( -6.78002834E-03, -5.61121851E-04) (  3.39001417E-03,  2.80560926E-04)
   0.00000000      -1.00000000      -1.00000000     (  3.11061740E-03,  4.07919288E-03) (  6.44475222E-03,  7.41332769E-03) ( -6.44475222E-03, -7.41332769E-03)
   1.00000000       0.00000000      -2.00000000     (  2.30967999E-03,  5.08502126E-03) ( -3.79048288E-03,  8.19563866E-03) (  1.15483999E-03,  2.54251063E-03)
   1.00000000       0.00000000      -1.00000000     (  3.50177288E-03,  4.00468707E-04) (  8.04662704E-03, -9.22009349E-04) (  3.50177288E-03,  4.00468707E-04)
   1.00000000       1.00000000      -2.00000000     ( -4.58210707E-03, -3.58559191E-03) (  5.47617674E-03, -7.11530447E-03) (  4.52855602E-04, -5.34579158E-03)
   1.00000000       1.00000000      -1.00000000     ( -7.95349479E-03, -4.54485416E-03) (  5.86733222E-03, -1.45519152E-04) ( -2.08150595E-03, -4.69386578E-03)
   1.00000000       2.00000000      -1.00000000     ( -5.21540642E-03, -1.82073563E-03) (  6.00703061E-04,  1.35973096E-03) ( -4.01400030E-03,  8.98726285E-04)
   1.00000000      -2.00000000      -1.00000000     (  5.89061528E-04, -3.27825546E-03) (  4.78466973E-04, -3.20374966E-03) ( -3.65544111E-04,  3.12924385E-03)
   1.00000000      -1.00000000      -2.00000000     (  6.58910722E-04,  6.47269189E-04) (  7.00820237E-04,  2.21916707E-05) ( -2.15368345E-05,  3.11993062E-04)
   1.00000000      -1.00000000      -1.00000000     ( -4.30271029E-03,  9.19681042E-04) ( -6.85453415E-03,  8.89413059E-04) (  2.54251063E-03,  2.94676283E-05)
   2.00000000       0.00000000      -1.00000000     ( -2.11875886E-03,  1.23400241E-03) ( -8.62404704E-03,  3.85567546E-03) ( -4.23751771E-03,  2.46800482E-03)
   2.00000000       1.00000000      -1.00000000     (  8.98726285E-04,  1.91386789E-03) (  1.81607902E-03, -5.08502126E-03) (  3.61353159E-03, -1.26194209E-03)
   2.00000000      -1.00000000      -1.00000000     (  6.28642738E-04, -2.02096999E-03) (  2.48663127E-03, -1.63447112E-03) ( -1.22934580E-03, -2.41212547E-03)
