   0.00000000       0.00000000      -2.00000000     (  1.35041773E-03,  2.38418579E-03) ( -2.01165676E-03, -1.46683306E-04) (  0.00000000    ,  0.00000000    )
   0.00000000       0.00000000      -1.00000000     (  1.70618296E-02,  1.48545951E-03) (  3.54647636E-02,  1.96695328E-02) (  0.00000000    ,  0.00000000    )
   0.00000000       1.00000000      -2.00000000     (  1.20140612E-03,  2.15368345E-05) ( -4.74974513E-04,  8.28877091E-04) ( -2.37487257E-04,  4.14438546E-04)
   0.00000000       1.00000000      -1.00000000     ( -2.80328095E-03,  2.98023224E-02) ( -6.23986125E-03, -2.25380063E-03) ( -6.23986125E-03, -2.25380063E-03)
   0.00000000       2.00000000      -1.00000000     ( -1.28522515E-03,  3.14321369E-04) (  1.44354999E-04,  7.63684511E-04) (  2.88709998E-04,  1.52736902E-03)
   0.00000000      -2.00000000      -1.00000000     (  2.16066837E-03,  8.75443220E-04) ( -6.98491931E-04, -1.21071935E-04) (  1.39698386E-03,  2.42143869E-04)
   0.00000000      -1.00000000      -2.00000000     ( -8.28877091E-04,  9.12696123E-04) ( -8.10250640E-04, -2.23517418E-04) (  4.05125320E-04,  1.11758709E-04)
   0.00000000      -1.00000000      -1.00000000     (  8.12113285E-03, -1.02818012E-02) ( -2.08150595E-03,  2.71014869E-03) (  2.08150595E-03, -2.71014869E-03)
   1.00000000       0.00000000      -2.00000000     ( -1.01514161E-03, -1.24564394E-04) ( -8.47503543E-04,  1.27591193E-03) ( -5.07570803E-04, -6.22821972E-05)
   1.00000000       0.00000000      -1.00000000     (  8.84756446E-03, -5.06639481E-03) ( -9.72300768E-03,  2.05822289E-03) (  8.84756446E-03, -5.06639481E-03)
   1.00000000       1.00000000      -2.00000000     ( -7.17118382E-04, -1.74622983E-04) (  8.19563866E-04, -2.14204192E-03) (  5.18048182E-05, -1.15483999E-03)
   1.00000000       1.00000000      -1.00000000     ( -1.99303031E-03,  1.75088644E-03) (  2.25380063E-03,  1.12922862E-04) (  2.63098627E-04,  1.86264515E-03)
   1.00000000       2.00000000      -1.00000000     (  4.74974513E-04, -5.54136932E-04) ( -6.23986125E-04, -2.84053385E-04) ( -7.82310963E-04, -1.11758709E-03)
   1.00000000      -2.00000000      -1.00000000     (  1.41561031E-03,  4.05125320E-04) (  9.77888703E-04,  5.58793545E-04) ( -5.30853868E-04, -7.17118382E-04)
   1.00000000      -1.00000000      -2.00000000     (  8.00937414E-04, -9.31322575E-04) (  9.68575478E-04, -6.65895641E-04) ( -8.32369551E-05, -1.33877620E-04)
   1.00000000      -1.00000000      -1.00000000     (  3.40514816E-05,  1.78813934E-03) ( -1.16415322E-03,  1.05239451E-03) (  1.19209290E-03,  7.45058060E-04)
   2.00000000       0.00000000      -1.00000000     ( -5.26197255E-04, -3.23634595E-04) (  6.65895641E-04, -5.12227416E-04) ( -1.05239451E-03, -6.47269189E-04)
   2.00000000       1.00000000      -1.00000000     (  4.98257577E-04,  3.63215804E-04) ( -5.02914190E-04,  6.28642738E-04) (  4.93600965E-04,  1.35041773E-03)
   2.00000000      -1.00000000      -1.00000000     (  3.95812094E-04,  1.11758709E-04) (  1.09896064E-03, -1.02445483E-03) ( -3.07336450E-04,  1.23865902E-03)
