   0.00000000       0.00000000      -2.00000000     (  3.81842256E-03,  4.41446900E-03) ( -2.43075192E-03, -4.93600965E-04) (  0.00000000    ,  0.00000000    )
   0.00000000       0.00000000      -1.00000000     (  2.51829624E-02, -1.11013651E-02) (  9.46223736E-03,  2.94297934E-02) (  0.00000000    ,  0.00000000    )
   0.00000000       1.00000000      -2.00000000     (  4.30736691E-04,  2.58907676E-03) (  6.07687980E-04,  1.62050128E-03) (  3.03843990E-04,  8.10250640E-04)
   0.00000000       1.00000000      -1.00000000     (  1.51246786E-02,  1.74343586E-02) ( -9.40053724E-05,  1.66706741E-03) ( -9.40053724E-05,  1.66706741E-03)
   0.00000000       2.00000000      -1.00000000     ( -8.64267349E-03, -2.09547579E-03) ( -1.43889338E-03, -1.25262886E-03) ( -2.87778676E-03, -2.50525773E-03)
   0.00000000      -2.00000000      -1.00000000     (  1.72294676E-03, -4.41446900E-03) ( -1.95577741E-03,  1.24331564E-03) (  3.91155481E-03, -2.48663127E-03)
   0.00000000      -1.00000000      -2.00000000     ( -5.32716513E-03, -1.11293048E-03) ( -2.46800482E-03, -8.87666829E-05) (  1.23400241E-03,  4.43833414E-05)
   0.00000000      -1.00000000      -1.00000000     (  4.45172191E-03,  5.19677997E-03) (  3.94880772E-03,  9.53674316E-03) ( -3.94880772E-03, -9.53674316E-03)
   1.00000000       0.00000000      -2.00000000     ( -7.91624188E-04,  4.17232513E-03) ( -3.66941094E-03,  5.84870577E-03) ( -3.95812094E-04,  2.08616257E-03)
   1.00000000       0.00000000      -1.00000000     (  4.00468707E-03,  2.27009878E-04) (  3.13855708E-03, -2.04425305E-03) (  4.00468707E-03,  2.27009878E-04)
   1.00000000       1.00000000      -2.00000000     ( -4.32133675E-03,  4.35102265E-05) (  4.43309546E-03, -4.06056643E-03) (  5.70435077E-05, -2.01165676E-03)
   1.00000000       1.00000000      -1.00000000     ( -5.84870577E-03, -2.34693289E-03) (  4.97326255E-03,  5.82076609E-04) ( -8.70786607E-04, -1.76951289E-03)
   1.00000000       2.00000000      -1.00000000     ( -1.78813934E-03,  1.28988177E-03) ( -2.63098627E-04,  1.74157321E-03) ( -2.30967999E-03,  4.78699803E-03)
   1.00000000      -2.00000000      -1.00000000     ( -2.08383426E-04, -1.09430403E-03) (  1.23865902E-03, -4.33064997E-04) ( -2.68220901E-03, -2.28174031E-04)
   1.00000000      -1.00000000      -2.00000000     ( -1.39232725E-03, -2.50525773E-03) (  4.71482053E-05, -2.05822289E-03) ( -7.19446689E-04, -2.24681571E-04)
   1.00000000      -1.00000000      -1.00000000     ( -1.60187483E-03,  3.73693183E-04) ( -3.65078449E-03,  5.91389835E-04) (  2.05822289E-03, -2.17696652E-04)
   2.00000000       0.00000000      -1.00000000     ( -1.54599547E-03, -7.10133463E-04) ( -5.53205609E-03,  1.22003257E-03) ( -3.09199095E-03, -1.42026693E-03)
   2.00000000       1.00000000      -1.00000000     ( -8.49831849E-05,  7.42729753E-04) (  9.03382897E-04, -1.94646418E-03) (  7.31088221E-04, -4.56348062E-04)
   2.00000000      -1.00000000      -1.00000000     (  2.91038305E-04, -1.28056854E-03) (  9.87201929E-04, -4.06056643E-03) ( -4.05125320E-04,  1.50408596E-03)
