   0.00000000       0.00000000       1.00000000     (  1.38953328E-02, -8.97794962E-03) (  4.23192978E-02, -1.32247806E-02) (  0.00000000    ,  0.00000000    )
   0.00000000       0.00000000       2.00000000     ( -7.45058060E-05,  3.72529030E-05) (  5.58793545E-05,  5.82076609E-07) (  0.00000000    ,  0.00000000    )
   0.00000000       1.00000000       0.00000000     ( -3.17580998E-03, -4.36790287E-03) (  0.00000000    ,  0.00000000    ) (  1.34855509E-02,  9.08970833E-03)
   0.00000000       1.00000000       1.00000000     (  9.14558768E-03,  8.47503543E-03) (  8.56816769E-04, -1.48545951E-03) ( -8.56816769E-04,  1.48545951E-03)
   0.00000000       1.00000000       2.00000000     ( -1.39698386E-05,  2.79396772E-05) (  1.86264515E-05, -1.39698386E-05) ( -9.31322575E-06,  6.98491931E-06)
   0.00000000       2.00000000       0.00000000     ( -2.79396772E-05, -2.79396772E-05) (  0.00000000    ,  0.00000000    ) (  3.72529030E-05, -9.31322575E-06)
   0.00000000       2.00000000       1.00000000     ( -5.58793545E-05,  1.39698386E-05) (  1.39698386E-05,  9.31322575E-06) ( -2.79396772E-05, -1.86264515E-05)
   0.00000000      -2.00000000       0.00000000     ( -2.79396772E-05,  2.79396772E-05) (  0.00000000    ,  0.00000000    ) (  3.72529030E-05,  9.31322575E-06)
   0.00000000      -2.00000000       1.00000000     (  1.86264515E-05,  4.65661287E-06) (  1.86264515E-05,  2.79396772E-05) (  3.72529030E-05,  5.58793545E-05)
   0.00000000      -1.00000000       0.00000000     ( -3.17580998E-03,  4.36790287E-03) (  0.00000000    ,  0.00000000    ) (  1.34855509E-02, -9.08970833E-03)
   0.00000000      -1.00000000       1.00000000     ( -6.31436706E-03, -2.92807817E-02) ( -9.42498446E-03,  3.13855708E-03) ( -9.42498446E-03,  3.13855708E-03)
   0.00000000      -1.00000000       2.00000000     ( -3.72529030E-05,  9.31322575E-06) ( -1.39698386E-05,  1.39698386E-05) ( -6.98491931E-06,  6.98491931E-06)
   1.00000000       0.00000000       0.00000000     (  0.00000000    ,  0.00000000    ) ( -3.01748514E-02,  2.28732824E-02) (  1.99303031E-02,  2.64495611E-03)
   1.00000000       0.00000000       1.00000000     ( -3.88361514E-03,  6.32135198E-04) ( -1.80676579E-02, -1.74343586E-02) (  3.88361514E-03, -6.32135198E-04)
   1.00000000       0.00000000       2.00000000     (  5.58793545E-05,  1.86264515E-05) ( -2.79396772E-05, -1.86264515E-05) ( -2.79396772E-05, -9.31322575E-06)
   1.00000000       1.00000000       0.00000000     (  1.88592821E-03,  4.71249223E-03) ( -1.88592821E-03, -4.71249223E-03) ( -5.84870577E-03,  1.19954348E-02)
   1.00000000       1.00000000       1.00000000     ( -1.86264515E-05, -2.79396772E-05) (  7.45058060E-05,  1.74622983E-06) ( -5.58793545E-05,  1.86264515E-05)
   1.00000000       1.00000000       2.00000000     (  7.45058060E-05, -1.39698386E-05) ( -2.79396772E-05, -3.72529030E-05) ( -2.79396772E-05,  2.79396772E-05)
   1.00000000       2.00000000       0.00000000     ( -1.74622983E-06, -6.98491931E-06) (  8.73114914E-07,  3.49245965E-06) (  3.72529030E-05, -6.98491931E-06)
   1.00000000       2.00000000       1.00000000     (  9.31322575E-06, -9.31322575E-06) (  1.86264515E-05, -4.65661287E-06) ( -5.58793545E-05,  1.86264515E-05)
   1.00000000      -2.00000000       0.00000000     (  1.39698386E-05, -1.86264515E-05) (  6.98491931E-06, -9.31322575E-06) (  1.86264515E-05,  5.58793545E-05)
   1.00000000      -2.00000000       1.00000000     (  3.72529030E-05,  2.79396772E-05) (  6.98491931E-06,  1.39698386E-05) ( -2.79396772E-05,  1.16415322E-06)
   1.00000000      -1.00000000       0.00000000     (  5.29689714E-04, -5.36441803E-03) (  5.29689714E-04, -5.36441803E-03) ( -8.92207026E-03,  3.42726707E-02)
   1.00000000      -1.00000000       1.00000000     ( -1.11758709E-04, -3.72529030E-05) ( -8.73114914E-07,  7.45058060E-05) (  1.11758709E-04,  1.11758709E-04)
   1.00000000      -1.00000000       2.00000000     (  3.72529030E-05, -3.49245965E-06) (  2.79396772E-05, -3.72529030E-05) ( -6.98491931E-06, -1.86264515E-05)
   2.00000000       0.00000000       0.00000000     (  0.00000000    ,  0.00000000    ) ( -2.79396772E-05, -7.45058060E-05) (  2.79396772E-05, -4.65661287E-06)
   2.00000000       0.00000000       1.00000000     (  6.98491931E-06, -8.73114914E-07) ( -6.98491931E-06, -1.86264515E-05) ( -1.39698386E-05,  1.74622983E-06)
   2.00000000       1.00000000       0.00000000     ( -1.39698386E-05, -9.31322575E-06) (  2.79396772E-05,  1.86264515E-05) (  1.16415322E-06, -3.72529030E-05)
   2.00000000       1.00000000       1.00000000     ( -3.49245965E-06,  9.31322575E-06) (  3.72529030E-05, -1.39698386E-05) ( -2.79396772E-05, -4.65661287E-06)
   2.00000000      -1.00000000       0.00000000     (  1.39698386E-05,  4.65661287E-06) (  2.79396772E-05,  9.31322575E-06) (  1.39698386E-05,  6.98491931E-06)
   2.00000000      -1.00000000       1.00000000     (  9.31322575E-06,  2.79396772E-05) (  2.79396772E-05,  2.79396772E-05) (  6.98491931E-06, -3.72529030E-05)
