   0.00000000       0.00000000      -2.00000000     (  6.03497028E-03,  2.81259418E-03) ( -8.53091478E-03,  3.22237611E-03) (  0.00000000    ,  0.00000000    )
   0.00000000       0.00000000      -1.00000000     ( -1.20606273E-03,  1.23679638E-02) (  2.14576721E-02, -7.67409801E-03) (  0.00000000    ,  0.00000000    )
   0.00000000       1.00000000      -2.00000000     ( -1.25728548E-03,  1.77882612E-03) ( -2.95694917E-04, -2.17929482E-03) ( -1.47847459E-04, -1.08964741E-03)
   0.00000000       1.00000000      -1.00000000     ( -9.87201929E-03,  1.16229057E-02) ( -6.20260835E-03, -6.40749931E-03) ( -6.20260835E-03, -6.40749931E-03)
   0.00000000       2.00000000      -1.00000000     (  1.44354999E-03,  6.75208867E-04) ( -8.66129994E-04, -3.23052518E-05) ( -1.73225999E-03, -6.46105036E-05)
   0.00000000      -2.00000000      -1.00000000     (  4.07453626E-04,  9.83709469E-05) ( -5.40167093E-04, -5.54136932E-04) (  1.08033419E-03,  1.10827386E-03)
   0.00000000      -1.00000000      -2.00000000     (  3.40864062E-03,  2.07684934E-03) ( -3.14787030E-03, -1.44354999E-03) (  1.57393515E-03,  7.21774995E-04)
   0.00000000      -1.00000000      -1.00000000     ( -8.82893801E-03,  4.28408384E-03) (  3.93949449E-03,  1.40629709E-03) ( -3.93949449E-03, -1.40629709E-03)
   1.00000000       0.00000000      -2.00000000     ( -1.10827386E-03, -7.72997737E-04) ( -2.95694917E-04,  3.93018126E-03) ( -5.54136932E-04, -3.86498868E-04)
   1.00000000       0.00000000      -1.00000000     (  1.15483999E-02, -5.88595867E-03) ( -3.94880772E-03,  3.42726707E-02) (  1.15483999E-02, -5.88595867E-03)
   1.00000000       1.00000000      -2.00000000     (  2.81725079E-04,  1.12690032E-03) ( -1.34110451E-03, -7.63684511E-04) ( -5.28525561E-04,  1.82772055E-04)
   1.00000000       1.00000000      -1.00000000     (  2.27242708E-03,  3.66941094E-03) (  3.18977982E-04, -2.05822289E-03) (  2.58907676E-03,  1.61118805E-03)
   1.00000000       2.00000000      -1.00000000     (  1.35041773E-03,  1.51805580E-03) (  1.95577741E-04, -2.59024091E-05) (  1.74157321E-03,  1.47148967E-03)
   1.00000000      -2.00000000      -1.00000000     (  7.59027898E-04,  2.64495611E-03) (  1.79279596E-04,  9.87201929E-04) (  3.98140401E-04,  6.79865479E-04)
   1.00000000      -1.00000000      -2.00000000     (  1.19325705E-04, -4.54485416E-03) ( -7.26431608E-04,  1.88127160E-03) (  4.21423465E-04, -3.22237611E-03)
   1.00000000      -1.00000000      -1.00000000     ( -2.44006515E-03,  7.17118382E-04) ( -2.36555934E-03, -4.22820449E-03) ( -8.09086487E-05,  4.95463610E-03)
   2.00000000       0.00000000      -1.00000000     ( -9.96515155E-04, -6.51925802E-04) ( -4.50760126E-03,  8.80099833E-04) ( -1.99303031E-03, -1.30385160E-03)
   2.00000000       1.00000000      -1.00000000     (  1.90921128E-03,  2.06753612E-03) ( -2.49594450E-03, -2.44006515E-03) (  1.33179128E-03,  1.69500709E-03)
   2.00000000      -1.00000000      -1.00000000     ( -4.07453626E-04, -1.06170774E-03) ( -2.36323103E-04, -5.72763383E-04) ( -5.82076609E-04, -1.55530870E-03)
