   0.00000000       0.00000000      -2.00000000     (  6.87316060E-03,  5.10364771E-03) (  2.50292942E-04, -1.52271241E-03) (  0.00000000    ,  0.00000000    )
   0.00000000       0.00000000      -1.00000000     (  2.30967999E-02, -1.12503767E-02) (  2.49594450E-03,  2.43633986E-02) (  0.00000000    ,  0.00000000    )
   0.00000000       1.00000000      -2.00000000     ( -1.89524144E-03,  1.95577741E-03) (  8.05594027E-04, -2.23051757E-03) (  4.02797014E-04, -1.11525878E-03)
   0.00000000       1.00000000      -1.00000000     (  1.17346644E-02,  1.40070915E-02) ( -1.89524144E-03,  2.23517418E-03) ( -1.89524144E-03,  2.23517418E-03)
   0.00000000       2.00000000      -1.00000000     ( -1.00955367E-02,  8.05594027E-04) ( -1.48080289E-03, -1.37370080E-03) ( -2.96160579E-03, -2.74740160E-03)
   0.00000000      -2.00000000      -1.00000000     (  4.55416739E-03, -3.36207449E-03) ( -2.04425305E-03,  2.50525773E-03) (  4.08850610E-03, -5.01051545E-03)
   0.00000000      -1.00000000      -2.00000000     ( -7.84173608E-03,  5.40167093E-04) ( -6.59376383E-03, -5.39002940E-04) (  3.29688191E-03,  2.69501470E-04)
   0.00000000      -1.00000000      -1.00000000     (  3.08267772E-03,  4.41446900E-03) (  6.05359674E-03,  7.65547156E-03) ( -6.05359674E-03, -7.65547156E-03)
   1.00000000       0.00000000      -2.00000000     (  1.88127160E-03,  5.45755029E-03) ( -4.28408384E-03,  8.60542059E-03) (  9.40635800E-04,  2.72877514E-03)
   1.00000000       0.00000000      -1.00000000     (  3.39932740E-03,  3.95812094E-04) (  7.39470124E-03, -9.73232090E-04) (  3.39932740E-03,  3.95812094E-04)
   1.00000000       1.00000000      -2.00000000     ( -5.10364771E-03, -3.50177288E-03) (  6.20260835E-03, -6.70552254E-03) (  5.47152013E-04, -5.10364771E-03)
   1.00000000       1.00000000      -1.00000000     ( -8.40052962E-03, -4.49828804E-03) (  6.55651093E-03, -5.83531801E-05) ( -1.85333192E-03, -4.55416739E-03)
   1.00000000       2.00000000      -1.00000000     ( -4.78699803E-03, -1.12690032E-03) (  4.12110239E-04,  1.53202564E-03) ( -3.96743417E-03,  1.93249434E-03)
   1.00000000      -2.00000000      -1.00000000     (  4.44706529E-04, -2.94297934E-03) (  7.40401447E-04, -3.03611159E-03) ( -1.03609636E-03,  3.12924385E-03)
   1.00000000      -1.00000000      -2.00000000     (  1.34168658E-04, -5.20958565E-05) (  1.02678314E-03, -5.72763383E-04) ( -4.45870683E-04,  2.60770321E-04)
   1.00000000      -1.00000000      -1.00000000     ( -3.93018126E-03,  7.82310963E-04) ( -6.83590770E-03,  8.82428139E-04) (  2.90572643E-03, -1.00699253E-04)
   2.00000000       0.00000000      -1.00000000     ( -2.30036676E-03,  7.72997737E-04) ( -9.68575478E-03,  3.66009772E-03) ( -4.60073352E-03,  1.54599547E-03)
   2.00000000       1.00000000      -1.00000000     (  8.26548785E-04,  2.07684934E-03) (  1.61584467E-03, -4.99188900E-03) (  3.26894224E-03, -8.45175236E-04)
   2.00000000      -1.00000000      -1.00000000     (  8.68458301E-04, -2.23517418E-03) (  2.69152224E-03, -2.57976353E-03) ( -9.49949026E-04, -1.89524144E-03)
