   0.00000000       0.00000000      -2.00000000     (  1.15483999E-03,  2.65426934E-04) ( -1.11758709E-03,  3.91155481E-04) (  0.00000000    ,  0.00000000    )
   0.00000000       0.00000000      -1.00000000     (  7.91624188E-03,  1.24052167E-02) (  3.80724669E-02,  5.83007932E-03) (  0.00000000    ,  0.00000000    )
   0.00000000       1.00000000      -2.00000000     (  3.07336450E-04,  3.53902578E-04) (  4.84287739E-04,  2.50292942E-05) (  2.42143869E-04,  1.25146471E-05)
   0.00000000       1.00000000      -1.00000000     ( -7.00354576E-03,  2.27242708E-02) ( -9.44361091E-03, -4.18163836E-03) ( -9.44361091E-03, -4.18163836E-03)
   0.00000000       2.00000000      -1.00000000     ( -4.37721610E-04, -3.44589353E-04) ( -3.63215804E-04,  3.25962901E-04) ( -7.26431608E-04,  6.51925802E-04)
   0.00000000      -2.00000000      -1.00000000     (  3.72529030E-04,  3.81842256E-04) ( -3.84170562E-05,  6.75208867E-05) (  7.68341124E-05, -1.35041773E-04)
   0.00000000      -1.00000000      -2.00000000     (  5.21540642E-04,  6.33299351E-04) ( -1.62981451E-04, -2.79396772E-04) (  8.14907253E-05,  1.39698386E-04)
   0.00000000      -1.00000000      -1.00000000     (  5.62518835E-03, -4.06056643E-03) (  3.23168933E-03,  1.18045136E-03) ( -3.23168933E-03, -1.18045136E-03)
   1.00000000       0.00000000      -2.00000000     ( -4.28408384E-04, -1.67638063E-04) (  4.93600965E-04,  1.15483999E-03) ( -2.14204192E-04, -8.38190317E-05)
   1.00000000       0.00000000      -1.00000000     (  1.17346644E-02, -5.83007932E-03) ( -7.05942512E-03,  2.34693289E-02) (  1.17346644E-02, -5.83007932E-03)
   1.00000000       1.00000000      -2.00000000     (  2.70083547E-04,  4.37721610E-04) ( -5.96046448E-04, -2.32830644E-04) ( -1.62981451E-04,  1.00117177E-04)
   1.00000000       1.00000000      -1.00000000     ( -8.19563866E-04,  1.78813934E-03) ( -3.07336450E-04, -1.04308128E-03) ( -1.11758709E-03,  7.45058060E-04)
   1.00000000       2.00000000      -1.00000000     (  1.07102096E-04, -1.44354999E-04) ( -2.28174031E-04, -4.07453626E-05) ( -3.44589353E-04, -2.23517418E-04)
   1.00000000      -2.00000000      -1.00000000     ( -1.09430403E-04, -3.07336450E-04) (  1.18743628E-04, -1.32713467E-04) ( -3.44589353E-04, -4.65661287E-05)
   1.00000000      -1.00000000      -2.00000000     (  1.16415322E-04, -4.56348062E-04) ( -2.79396772E-04,  1.72294676E-04) (  1.95577741E-04, -3.16649675E-04)
   1.00000000      -1.00000000      -1.00000000     ( -7.42147677E-06,  2.32830644E-04) ( -1.90921128E-04,  9.31322575E-05) (  1.86264515E-04,  1.39698386E-04)
   2.00000000       0.00000000      -1.00000000     ( -3.63215804E-04,  3.60887498E-05) (  2.18860805E-04, -6.14672899E-04) ( -7.26431608E-04,  7.21774995E-05)
   2.00000000       1.00000000      -1.00000000     (  4.54019755E-05, -1.53668225E-04) ( -4.65661287E-04,  4.19095159E-04) ( -3.72529030E-04,  1.09430403E-04)
   2.00000000      -1.00000000      -1.00000000     (  3.25962901E-04,  4.19095159E-05) (  1.62981451E-04,  3.25962901E-04) (  4.84287739E-04, -2.46800482E-04)
