   0.00000000       0.00000000       1.00000000     (  1.65030360E-02, -2.94297934E-03) (  3.72529030E-02, -1.84029341E-02) (  0.00000000    ,  0.00000000    )
   0.00000000       0.00000000       2.00000000     (  9.49949026E-04, -1.35973096E-03) ( -1.22934580E-03,  1.55996531E-04) (  0.00000000    ,  0.00000000    )
   0.00000000       1.00000000       0.00000000     ( -9.10833478E-03, -2.77534127E-03) (  0.00000000    ,  0.00000000    ) (  8.79168510E-03,  1.30757689E-02)
   0.00000000       1.00000000       1.00000000     (  8.49366188E-03,  1.04680657E-02) ( -1.63912773E-03, -2.30502337E-03) (  1.63912773E-03,  2.30502337E-03)
   0.00000000       1.00000000       2.00000000     ( -3.53902578E-04, -5.68106771E-04) ( -4.65661287E-04,  1.83936208E-04) (  2.32830644E-04, -9.19681042E-05)
   0.00000000       2.00000000       0.00000000     (  3.16649675E-04,  1.39698386E-03) (  0.00000000    ,  0.00000000    ) ( -1.82539225E-03,  7.63684511E-04)
   0.00000000       2.00000000       1.00000000     (  1.43423676E-03, -4.74974513E-04) ( -4.37721610E-04, -9.31322575E-06) (  8.75443220E-04,  1.86264515E-05)
   0.00000000      -2.00000000       0.00000000     (  3.16649675E-04, -1.39698386E-03) (  0.00000000    ,  0.00000000    ) ( -1.82539225E-03, -7.63684511E-04)
   0.00000000      -2.00000000       1.00000000     ( -5.68106771E-04, -2.28174031E-04) (  2.85217538E-05, -5.30853868E-04) (  5.70435077E-05, -1.06170774E-03)
   0.00000000      -1.00000000       0.00000000     ( -9.10833478E-03,  2.77534127E-03) (  0.00000000    ,  0.00000000    ) (  8.79168510E-03, -1.30757689E-02)
   0.00000000      -1.00000000       1.00000000     ( -3.66941094E-03, -3.01748514E-02) ( -7.00354576E-03,  2.14204192E-03) ( -7.00354576E-03,  2.14204192E-03)
   0.00000000      -1.00000000       2.00000000     (  8.10250640E-04, -2.73576006E-05) ( -1.18743628E-04, -4.93600965E-04) ( -5.93718141E-05, -2.46800482E-04)
   1.00000000       0.00000000       0.00000000     (  0.00000000    ,  0.00000000    ) ( -2.16811895E-02,  1.92597508E-02) (  2.26497650E-02,  8.75443220E-03)
   1.00000000       0.00000000       1.00000000     ( -3.19443643E-03, -4.67989594E-04) ( -2.26497650E-02, -1.14366412E-02) (  3.19443643E-03,  4.67989594E-04)
   1.00000000       0.00000000       2.00000000     ( -9.31322575E-04,  2.60770321E-04) (  6.14672899E-04,  6.42612576E-04) (  4.65661287E-04, -1.30385160E-04)
   1.00000000       1.00000000       0.00000000     (  7.62520358E-05,  2.53319740E-03) ( -7.62520358E-05, -2.53319740E-03) ( -9.18284059E-03,  1.16601586E-02)
   1.00000000       1.00000000       1.00000000     (  4.37721610E-04, -1.83354132E-05) ( -1.63912773E-03, -9.19681042E-05) (  1.19209290E-03,  1.09430403E-04)
   1.00000000       1.00000000       2.00000000     ( -1.78813934E-03,  1.02445483E-04) (  2.98023224E-04,  8.56816769E-04) (  7.45058060E-04, -4.74974513E-04)
   1.00000000       2.00000000       0.00000000     (  8.94069672E-04, -2.88709998E-04) ( -4.47034836E-04,  1.44354999E-04) ( -3.44589353E-04,  1.00582838E-03)
   1.00000000       2.00000000       1.00000000     (  2.02562660E-04,  4.14438546E-04) ( -5.21540642E-04,  1.32713467E-04) (  8.56816769E-04, -6.79865479E-04)
   1.00000000      -2.00000000       0.00000000     ( -8.28877091E-04,  3.20142135E-06) ( -4.14438546E-04,  1.60071068E-06) ( -7.63684511E-04, -1.13621354E-03)
   1.00000000      -2.00000000       1.00000000     ( -8.10250640E-04, -4.56348062E-04) ( -2.14204192E-04, -3.30619514E-04) (  3.77185643E-04, -2.04890966E-04)
   1.00000000      -1.00000000       0.00000000     ( -3.29455361E-04, -6.83590770E-03) ( -3.29455361E-04, -6.83590770E-03) ( -1.01327896E-02,  2.95788050E-02)
   1.00000000      -1.00000000       1.00000000     (  1.82539225E-03,  6.42612576E-04) ( -2.18860805E-04, -1.71363354E-03) ( -2.04890966E-03, -2.38418579E-03)
   1.00000000      -1.00000000       2.00000000     ( -1.17346644E-03,  8.19563866E-04) ( -8.38190317E-04,  7.91624188E-04) (  1.72294676E-04, -1.60071068E-05)
   2.00000000       0.00000000       0.00000000     (  0.00000000    ,  0.00000000    ) (  7.45058060E-04,  1.82539225E-03) ( -4.37721610E-04,  8.94069672E-04)
   2.00000000       0.00000000       1.00000000     (  5.93718141E-05, -2.74740160E-04) (  5.21540642E-04,  9.31322575E-04) ( -1.18743628E-04,  5.49480319E-04)
   2.00000000       1.00000000       0.00000000     (  3.58559191E-04,  5.96046448E-04) ( -7.17118382E-04, -1.19209290E-03) ( -8.38190317E-04,  1.52736902E-03)
   2.00000000       1.00000000       1.00000000     (  3.86498868E-04,  8.14907253E-06) ( -6.70552254E-04, -4.65661287E-04) ( -1.04773790E-04,  4.47034836E-04)
   2.00000000      -1.00000000       0.00000000     ( -2.65426934E-04,  1.37370080E-04) ( -5.30853868E-04,  2.74740160E-04) ( -6.79865479E-04, -1.67638063E-04)
   2.00000000      -1.00000000       1.00000000     ( -3.95812094E-04, -2.14204192E-04) ( -1.24797225E-03, -3.53902578E-04) ( -4.65661287E-04,  7.45058060E-05)
