   0.00000000       0.00000000      -2.00000000     ( -3.21306288E-04, -1.78813934E-03) (  1.41561031E-03, -5.40167093E-04) (  0.00000000    ,  0.00000000    )
   0.00000000       0.00000000      -1.00000000     (  2.42143869E-02, -3.89292836E-03) (  3.36766243E-02,  2.92807817E-02) (  0.00000000    ,  0.00000000    )
   0.00000000       1.00000000      -2.00000000     ( -2.21189111E-04, -1.25728548E-04) (  3.91155481E-04, -5.40167093E-04) (  1.95577741E-04, -2.70083547E-04)
   0.00000000       1.00000000      -1.00000000     (  2.40746886E-03,  3.16649675E-02) ( -3.26894224E-03, -3.46451998E-03) ( -3.26894224E-03, -3.46451998E-03)
   0.00000000       2.00000000      -1.00000000     (  2.12341547E-03,  1.97906047E-04) (  2.56113708E-04,  6.48014975E-08) (  5.12227416E-04,  1.29602995E-07)
   0.00000000      -2.00000000      -1.00000000     ( -9.40635800E-04,  5.58793545E-05) (  6.05359674E-04,  3.07336450E-04) ( -1.21071935E-03, -6.14672899E-04)
   0.00000000      -1.00000000      -2.00000000     (  1.17346644E-03, -2.44472176E-04) (  6.98491931E-04,  3.91155481E-04) ( -3.49245965E-04, -1.95577741E-04)
   0.00000000      -1.00000000      -1.00000000     (  8.17701221E-03, -8.69855285E-03) ( -2.83122063E-03,  6.96629286E-03) (  2.83122063E-03, -6.96629286E-03)
   1.00000000       0.00000000      -2.00000000     (  6.79865479E-04, -4.05125320E-04) (  9.40635800E-04, -5.40167093E-04) (  3.39932740E-04, -2.02562660E-04)
   1.00000000       0.00000000      -1.00000000     (  9.89064574E-03, -4.70317900E-03) ( -1.03935599E-02, -2.55648047E-03) (  9.89064574E-03, -4.70317900E-03)
   1.00000000       1.00000000      -2.00000000     (  6.42612576E-04,  2.93366611E-04) ( -1.74622983E-04,  1.17346644E-03) (  2.35158950E-04,  7.35744834E-04)
   1.00000000       1.00000000      -1.00000000     (  5.96046448E-04, -2.93366611E-04) ( -1.43423676E-03, -7.63684511E-04) ( -8.38190317E-04, -1.06170774E-03)
   1.00000000       2.00000000      -1.00000000     ( -6.05359674E-05, -7.72997737E-04) (  3.49245965E-04,  4.56348062E-04) (  6.33299351E-04,  1.37370080E-04)
   1.00000000      -2.00000000      -1.00000000     ( -1.17346644E-03, -5.40167093E-04) ( -7.35744834E-04, -6.70552254E-04) (  3.02679837E-04,  8.10250640E-04)
   1.00000000      -1.00000000      -2.00000000     ( -5.58793545E-04,  6.98491931E-04) ( -7.35744834E-04,  4.58385330E-06) (  8.96397978E-05,  3.44589353E-04)
   1.00000000      -1.00000000      -1.00000000     (  3.49245965E-04, -1.13621354E-03) (  1.28522515E-03, -3.86498868E-04) ( -9.22009349E-04, -7.54371285E-04)
   2.00000000       0.00000000      -1.00000000     (  4.74974513E-04,  1.16415322E-04) (  7.91624188E-05, -1.49011612E-04) (  9.49949026E-04,  2.32830644E-04)
   2.00000000       1.00000000      -1.00000000     (  4.47034836E-04,  1.37370080E-04) ( -7.35744834E-04,  4.05125320E-04) (  1.65309757E-04,  6.79865479E-04)
   2.00000000      -1.00000000      -1.00000000     ( -9.08039510E-05, -1.32713467E-04) ( -9.31322575E-04,  7.54371285E-04) (  7.54371285E-04, -1.02445483E-03)
