   0.00000000       0.00000000      -2.00000000     (  6.10947609E-03,  5.43892384E-03) ( -1.65309757E-03, -1.30385160E-03) (  0.00000000    ,  0.00000000    )
   0.00000000       0.00000000      -1.00000000     (  2.36183405E-02, -1.09896064E-02) (  5.55068254E-03,  2.64495611E-02) (  0.00000000    ,  0.00000000    )
   0.00000000       1.00000000      -2.00000000     ( -1.99070200E-04,  3.23168933E-03) (  7.42729753E-04,  1.55414455E-04) (  3.71364877E-04,  7.77072273E-05)
   0.00000000       1.00000000      -1.00000000     (  1.34482980E-02,  1.54599547E-02) ( -1.03376806E-03,  1.96974725E-03) ( -1.03376806E-03,  1.96974725E-03)
   0.00000000       2.00000000      -1.00000000     ( -1.04680657E-02, -1.39232725E-03) ( -1.54133886E-03, -1.57393515E-03) ( -3.08267772E-03, -3.14787030E-03)
   0.00000000      -2.00000000      -1.00000000     (  2.89641321E-03, -4.99188900E-03) ( -2.50525773E-03,  2.02562660E-03) (  5.01051545E-03, -4.05125320E-03)
   0.00000000      -1.00000000      -2.00000000     ( -7.32019544E-03, -3.41096893E-04) ( -4.82425094E-03, -2.75904313E-04) (  2.41212547E-03,  1.37952156E-04)
   0.00000000      -1.00000000      -1.00000000     (  3.41795385E-03,  5.02914190E-03) (  5.02914190E-03,  8.41915607E-03) ( -5.02914190E-03, -8.41915607E-03)
   1.00000000       0.00000000      -2.00000000     (  4.91272658E-04,  5.53205609E-03) ( -4.71249223E-03,  8.23289156E-03) (  2.45636329E-04,  2.76602805E-03)
   1.00000000       0.00000000      -1.00000000     (  3.40864062E-03,  3.46917659E-04) (  5.43892384E-03, -1.38767064E-03) (  3.40864062E-03,  3.46917659E-04)
   1.00000000       1.00000000      -2.00000000     ( -5.51342964E-03, -2.05356628E-03) (  6.48200512E-03, -5.40167093E-03) (  4.87780198E-04, -3.72529030E-03)
   1.00000000       1.00000000      -1.00000000     ( -8.21426511E-03, -3.69735062E-03) (  6.85453415E-03,  2.87545845E-04) ( -1.35041773E-03, -3.40864062E-03)
   1.00000000       2.00000000      -1.00000000     ( -3.38070095E-03,  6.75208867E-04) ( -1.58252078E-05,  1.89989805E-03) ( -3.40864062E-03,  4.47034836E-03)
   1.00000000      -2.00000000      -1.00000000     ( -2.04308890E-04, -1.97906047E-03) (  1.16415322E-03, -1.84401870E-03) ( -2.53319740E-03,  1.70897692E-03)
   1.00000000      -1.00000000      -2.00000000     ( -1.15483999E-03, -1.92783773E-03) (  9.40635800E-04, -1.89989805E-03) ( -1.04773790E-03, -1.31694833E-05)
   1.00000000      -1.00000000      -1.00000000     ( -2.68220901E-03,  4.57512215E-04) ( -5.68106771E-03,  7.84639269E-04) (  2.99885869E-03, -3.25962901E-04)
   2.00000000       0.00000000      -1.00000000     ( -2.23517418E-03, -3.06172296E-04) ( -9.31322575E-03,  2.57976353E-03) ( -4.47034836E-03, -6.12344593E-04)
   2.00000000       1.00000000      -1.00000000     (  3.48081812E-04,  1.73691660E-03) (  1.15949661E-03, -3.75322998E-03) (  1.85333192E-03, -2.74740160E-04)
   2.00000000      -1.00000000      -1.00000000     (  9.28994268E-04, -2.12341547E-03) (  2.26311386E-03, -4.32133675E-03) ( -4.03961167E-04,  8.00355338E-05)
