   0.00000000       0.00000000      -2.00000000     (  8.34465027E-03,  2.28174031E-03) ( -1.22562051E-02,  6.35161996E-03) (  0.00000000    ,  0.00000000    )
   0.00000000       0.00000000      -1.00000000     (  4.58676368E-04,  1.08405948E-02) (  2.20537186E-02, -3.78116965E-03) (  0.00000000    ,  0.00000000    )
   0.00000000       1.00000000      -2.00000000     ( -1.83470547E-03,  3.35276127E-03) (  1.47614628E-03, -2.64495611E-03) (  7.38073140E-04, -1.32247806E-03)
   0.00000000       1.00000000      -1.00000000     ( -7.37607479E-03,  1.15856528E-02) ( -5.79282641E-03, -5.66244125E-03) ( -5.79282641E-03, -5.66244125E-03)
   0.00000000       2.00000000      -1.00000000     (  1.31316483E-03, -1.12690032E-03) ( -7.61356205E-04, -2.39815563E-04) ( -1.52271241E-03, -4.79631126E-04)
   0.00000000      -2.00000000      -1.00000000     ( -9.59262252E-04,  4.78699803E-03) ( -1.69500709E-03, -1.63447112E-03) (  3.39001417E-03,  3.26894224E-03)
   0.00000000      -1.00000000      -2.00000000     (  6.10947609E-03,  5.21540642E-03) ( -2.80328095E-03, -2.55182385E-03) (  1.40164047E-03,  1.27591193E-03)
   0.00000000      -1.00000000      -1.00000000     ( -3.42726707E-03,  1.53668225E-03) (  4.06056643E-03,  1.25728548E-03) ( -4.06056643E-03, -1.25728548E-03)
   1.00000000       0.00000000      -2.00000000     ( -2.01165676E-03, -1.32713467E-03) (  6.33299351E-04,  6.92903996E-03) ( -1.00582838E-03, -6.63567334E-04)
   1.00000000       0.00000000      -1.00000000     (  9.46223736E-03, -5.58793545E-03) ( -4.02331352E-03,  2.75671482E-02) (  9.46223736E-03, -5.58793545E-03)
   1.00000000       1.00000000      -2.00000000     (  2.19792128E-03,  3.03611159E-03) ( -6.14672899E-03, -2.57277861E-04) ( -1.97440386E-03,  1.38767064E-03)
   1.00000000       1.00000000      -1.00000000     (  1.95577741E-03,  8.34465027E-03) ( -1.93715096E-03, -5.64381480E-03) (  1.49884727E-05,  2.70083547E-03)
   1.00000000       2.00000000      -1.00000000     (  2.90572643E-03,  7.61356205E-04) ( -5.44823706E-04, -6.86850399E-05) (  1.80676579E-03,  6.23986125E-04)
   1.00000000      -2.00000000      -1.00000000     (  4.28408384E-04,  1.07567757E-03) ( -9.89530236E-05,  7.07223080E-05) (  6.26314431E-04,  9.35979187E-04)
   1.00000000      -1.00000000      -2.00000000     ( -1.45751983E-03, -5.17815351E-03) ( -1.02911144E-03,  4.13507223E-03) ( -2.14204192E-04, -4.65661287E-03)
   1.00000000      -1.00000000      -1.00000000     ( -1.68103725E-03,  4.91272658E-04) ( -1.90921128E-03, -4.30271029E-03) (  2.31666490E-04,  4.80562449E-03)
   2.00000000       0.00000000      -1.00000000     ( -1.87195837E-03, -1.38243195E-05) ( -3.18512321E-03, -6.17001206E-04) ( -3.74391675E-03, -2.76486389E-05)
   2.00000000       1.00000000      -1.00000000     (  1.23865902E-03,  8.24220479E-04) ( -4.19095159E-03, -2.68220901E-03) ( -1.70432031E-03, -1.03842467E-03)
   2.00000000      -1.00000000      -1.00000000     (  1.03842467E-03, -7.10133463E-04) (  1.94646418E-03,  1.03842467E-03) (  1.32131390E-04, -2.45869160E-03)
