   0.00000000       0.00000000      -2.00000000     (  1.26659870E-03,  2.08616257E-03) ( -1.80676579E-03, -1.72294676E-04) (  0.00000000    ,  0.00000000    )
   0.00000000       0.00000000      -1.00000000     (  1.69128180E-02,  1.97906047E-03) (  3.61353159E-02,  1.92597508E-02) (  0.00000000    ,  0.00000000    )
   0.00000000       1.00000000      -2.00000000     (  1.11758709E-03,  2.73576006E-05) ( -3.39932740E-04,  7.35744834E-04) ( -1.69966370E-04,  3.67872417E-04)
   0.00000000       1.00000000      -1.00000000     ( -3.11061740E-03,  3.00258398E-02) ( -6.51925802E-03, -2.20257789E-03) ( -6.51925802E-03, -2.20257789E-03)
   0.00000000       2.00000000      -1.00000000     ( -1.02445483E-03,  3.00351530E-04) (  1.09430403E-04,  7.17118382E-04) (  2.18860805E-04,  1.43423676E-03)
   0.00000000      -2.00000000      -1.00000000     (  1.99303031E-03,  7.63684511E-04) ( -6.33299351E-04, -6.81029633E-05) (  1.26659870E-03,  1.36205927E-04)
   0.00000000      -1.00000000      -2.00000000     ( -6.70552254E-04,  8.28877091E-04) ( -7.07805157E-04, -2.18860805E-04) (  3.53902578E-04,  1.09430403E-04)
   0.00000000      -1.00000000      -1.00000000     (  8.27014446E-03, -1.03935599E-02) ( -1.94646418E-03,  2.56113708E-03) (  1.94646418E-03, -2.56113708E-03)
   1.00000000       0.00000000      -2.00000000     ( -9.22009349E-04, -1.76951289E-04) ( -6.89178705E-04,  1.21071935E-03) ( -4.61004674E-04, -8.84756446E-05)
   1.00000000       0.00000000      -1.00000000     (  8.97794962E-03, -5.14090061E-03) ( -9.79751348E-03,  2.70083547E-03) (  8.97794962E-03, -5.14090061E-03)
   1.00000000       1.00000000      -2.00000000     ( -6.14672899E-04, -1.19907781E-04) (  6.98491931E-04, -1.88127160E-03) (  4.30736691E-05, -1.00582838E-03)
   1.00000000       1.00000000      -1.00000000     ( -1.88127160E-03,  1.71363354E-03) (  1.97440386E-03, -3.43425199E-05) (  9.08039510E-05,  1.67638063E-03)
   1.00000000       2.00000000      -1.00000000     (  4.23751771E-04, -6.51925802E-04) ( -5.26197255E-04, -1.53668225E-04) ( -6.33299351E-04, -9.59262252E-04)
   1.00000000      -2.00000000      -1.00000000     (  1.22003257E-03,  3.39932740E-04) (  8.75443220E-04,  4.88944352E-04) ( -5.30853868E-04, -6.42612576E-04)
   1.00000000      -1.00000000      -2.00000000     (  7.07805157E-04, -8.66129994E-04) (  7.91624188E-04, -5.91389835E-04) ( -4.07453626E-05, -1.33877620E-04)
   1.00000000      -1.00000000      -1.00000000     (  4.88944352E-05,  1.58324838E-03) ( -9.96515155E-04,  9.77888703E-04) (  1.04308128E-03,  6.10016286E-04)
   2.00000000       0.00000000      -1.00000000     ( -4.88944352E-04, -2.88709998E-04) (  6.79865479E-04, -5.54136932E-04) ( -9.77888703E-04, -5.77419996E-04)
   2.00000000       1.00000000      -1.00000000     (  5.12227416E-04,  3.30619514E-04) ( -5.35510480E-04,  6.89178705E-04) (  4.84287739E-04,  1.35973096E-03)
   2.00000000      -1.00000000      -1.00000000     (  3.72529030E-04,  1.14087015E-04) (  9.31322575E-04, -8.56816769E-04) ( -1.83936208E-04,  1.08033419E-03)
