   0.00000000       0.00000000      -2.00000000     (  4.99188900E-03,  9.26665962E-04) ( -6.74277544E-03,  3.81842256E-03) (  0.00000000    ,  0.00000000    )
   0.00000000       0.00000000      -1.00000000     (  2.28174031E-03,  1.12131238E-02) (  2.62260437E-02, -9.73232090E-04) (  0.00000000    ,  0.00000000    )
   0.00000000       1.00000000      -2.00000000     ( -3.25962901E-04,  2.23517418E-03) (  1.81607902E-03, -7.21774995E-04) (  9.08039510E-04, -3.60887498E-04)
   0.00000000       1.00000000      -1.00000000     ( -6.83590770E-03,  1.39698386E-02) ( -7.00354576E-03, -5.14090061E-03) ( -7.00354576E-03, -5.14090061E-03)
   0.00000000       2.00000000      -1.00000000     ( -9.63918865E-04, -1.56462193E-03) ( -9.77888703E-04,  2.14204192E-04) ( -1.95577741E-03,  4.28408384E-04)
   0.00000000      -2.00000000      -1.00000000     ( -7.12461770E-04,  3.52039933E-03) ( -5.49480319E-04, -1.04308128E-03) (  1.09896064E-03,  2.08616257E-03)
   0.00000000      -1.00000000      -2.00000000     (  3.53902578E-03,  3.57627869E-03) ( -7.68341124E-04, -1.94646418E-03) (  3.84170562E-04,  9.73232090E-04)
   0.00000000      -1.00000000      -1.00000000     ( -1.18161552E-04, -1.92667358E-04) (  4.06056643E-03,  1.22934580E-03) ( -4.06056643E-03, -1.22934580E-03)
   1.00000000       0.00000000      -2.00000000     ( -1.39698386E-03, -6.75208867E-04) (  1.38767064E-03,  4.88013029E-03) ( -6.98491931E-04, -3.37604433E-04)
   1.00000000       0.00000000      -1.00000000     (  9.79751348E-03, -5.53205609E-03) ( -4.86150384E-03,  2.60770321E-02) (  9.79751348E-03, -5.53205609E-03)
   1.00000000       1.00000000      -2.00000000     (  1.83470547E-03,  2.16998160E-03) ( -4.54485416E-03,  3.09664756E-04) ( -1.35041773E-03,  1.23865902E-03)
   1.00000000       1.00000000      -1.00000000     ( -5.51808625E-04,  6.89178705E-03) ( -2.03959644E-03, -4.41446900E-03) ( -2.58907676E-03,  2.45869160E-03)
   1.00000000       2.00000000      -1.00000000     (  1.95577741E-03, -3.44589353E-04) ( -1.14552677E-03, -3.63215804E-04) ( -3.35276127E-04, -1.07102096E-03)
   1.00000000      -2.00000000      -1.00000000     ( -2.21189111E-04, -9.63918865E-04) ( -1.03609636E-04, -3.63215804E-04) ( -1.44063961E-05, -2.38651410E-04)
   1.00000000      -1.00000000      -2.00000000     ( -6.42612576E-04, -2.64495611E-03) ( -9.08039510E-04,  2.70083547E-03) (  1.32713467E-04, -2.66358256E-03)
   1.00000000      -1.00000000      -1.00000000     ( -2.81725079E-04,  5.00585884E-04) ( -6.51925802E-04, -1.68569386E-03) (  3.72529030E-04,  2.18860805E-03)
   2.00000000       0.00000000      -1.00000000     ( -1.39698386E-03,  1.85100362E-04) ( -3.91155481E-04, -1.41561031E-03) ( -2.79396772E-03,  3.70200723E-04)
   2.00000000       1.00000000      -1.00000000     (  1.24564394E-04, -3.28291208E-04) ( -2.60770321E-03, -5.44823706E-04) ( -2.34693289E-03, -1.20140612E-03)
   2.00000000      -1.00000000      -1.00000000     (  1.16415322E-03, -2.42143869E-04) (  1.05239451E-03,  1.35041773E-03) (  1.26659870E-03, -1.83470547E-03)
