   0.00000000       0.00000000       1.00000000     (  1.70618296E-02, -1.52736902E-03) (  3.55392694E-02, -1.95950270E-02) (  0.00000000    ,  0.00000000    )
   0.00000000       0.00000000       2.00000000     (  1.35041773E-03, -2.38418579E-03) ( -2.01165676E-03,  1.51339918E-04) (  0.00000000    ,  0.00000000    )
   0.00000000       1.00000000       0.00000000     ( -1.06543303E-02, -2.20723450E-03) (  0.00000000    ,  0.00000000    ) (  7.65547156E-03,  1.35973096E-02)
   0.00000000       1.00000000       1.00000000     (  8.13975930E-03,  1.03190541E-02) ( -2.06753612E-03, -2.70083547E-03) (  2.06753612E-03,  2.70083547E-03)
   0.00000000       1.00000000       2.00000000     ( -8.19563866E-04, -9.12696123E-04) ( -8.10250640E-04,  2.25845724E-04) (  4.05125320E-04, -1.12922862E-04)
   0.00000000       2.00000000       0.00000000     (  6.00703061E-04,  2.47731805E-03) (  0.00000000    ,  0.00000000    ) ( -3.09199095E-03,  1.65775418E-03)
   0.00000000       2.00000000       1.00000000     (  2.17929482E-03, -8.75443220E-04) ( -6.98491931E-04,  1.17579475E-04) (  1.39698386E-03, -2.35158950E-04)
   0.00000000      -2.00000000       0.00000000     (  6.00703061E-04, -2.47731805E-03) (  0.00000000    ,  0.00000000    ) ( -3.09199095E-03, -1.65775418E-03)
   0.00000000      -2.00000000       1.00000000     ( -1.27591193E-03, -3.14321369E-04) (  1.43190846E-04, -7.63684511E-04) (  2.86381692E-04, -1.52736902E-03)
   0.00000000      -1.00000000       0.00000000     ( -1.06543303E-02,  2.20723450E-03) (  0.00000000    ,  0.00000000    ) (  7.65547156E-03, -1.35973096E-02)
   0.00000000      -1.00000000       1.00000000     ( -2.82190740E-03, -2.98023224E-02) ( -6.25848770E-03,  2.24914402E-03) ( -6.25848770E-03,  2.24914402E-03)
   0.00000000      -1.00000000       2.00000000     (  1.20140612E-03, -2.24099495E-05) ( -4.65661287E-04, -8.28877091E-04) ( -2.32830644E-04, -4.14438546E-04)
   1.00000000       0.00000000       0.00000000     (  0.00000000    ,  0.00000000    ) ( -1.95205212E-02,  1.81421638E-02) (  2.34693289E-02,  1.03190541E-02)
   1.00000000       0.00000000       1.00000000     ( -2.56113708E-03, -1.04540959E-03) ( -2.36928463E-02, -9.53674316E-03) (  2.56113708E-03,  1.04540959E-03)
   1.00000000       0.00000000       2.00000000     ( -1.32247806E-03,  8.19563866E-04) (  9.31322575E-04,  1.10827386E-03) (  6.61239028E-04, -4.09781933E-04)
   1.00000000       1.00000000       0.00000000     (  1.47265382E-04,  2.03959644E-03) ( -1.47265382E-04, -2.03959644E-03) ( -9.55536962E-03,  1.15856528E-02)
   1.00000000       1.00000000       1.00000000     (  8.28877091E-04, -3.00351530E-04) ( -2.62632966E-03, -1.40862539E-04) (  1.78813934E-03,  4.42378223E-04)
   1.00000000       1.00000000       2.00000000     ( -2.51457095E-03,  2.70665623E-05) (  3.95812094E-04,  1.27591193E-03) (  1.06170774E-03, -6.47269189E-04)
   1.00000000       2.00000000       0.00000000     (  1.50874257E-03, -4.23751771E-04) ( -7.54371285E-04,  2.11875886E-04) ( -9.31322575E-05,  1.75088644E-03)
   1.00000000       2.00000000       1.00000000     (  6.84522092E-04,  8.66129994E-04) ( -9.22009349E-04,  7.62520358E-05) (  1.16415322E-03, -1.01514161E-03)
   1.00000000      -2.00000000       0.00000000     ( -1.43423676E-03, -1.65309757E-04) ( -7.17118382E-04, -8.26548785E-05) ( -1.26659870E-03, -1.82539225E-03)
   1.00000000      -2.00000000       1.00000000     ( -1.15483999E-03, -4.65661287E-04) ( -3.49245965E-04, -3.30619514E-04) (  4.56348062E-04, -1.95577741E-04)
   1.00000000      -1.00000000       0.00000000     ( -4.76138666E-04, -7.43195415E-03) ( -4.76138666E-04, -7.43195415E-03) ( -1.04680657E-02,  2.75671482E-02)
   1.00000000      -1.00000000       1.00000000     (  2.79396772E-03,  9.40635800E-04) ( -4.51691449E-04, -2.90572643E-03) ( -3.24100256E-03, -3.83704901E-03)
   1.00000000      -1.00000000       2.00000000     ( -2.10478902E-03,  1.73225999E-03) ( -1.27591193E-03,  1.32247806E-03) (  4.14438546E-04, -2.02562660E-04)
   2.00000000       0.00000000       0.00000000     (  0.00000000    ,  0.00000000    ) (  1.35973096E-03,  3.09199095E-03) ( -6.75208867E-04,  1.76951289E-03)
   2.00000000       0.00000000       1.00000000     (  2.30502337E-04, -6.28642738E-04) (  9.03382897E-04,  1.62050128E-03) ( -4.61004674E-04,  1.25728548E-03)
   2.00000000       1.00000000       0.00000000     (  4.33064997E-04,  1.10827386E-03) ( -8.66129994E-04, -2.21654773E-03) ( -1.54599547E-03,  2.68220901E-03)
   2.00000000       1.00000000       1.00000000     (  6.98491931E-04,  1.76951289E-04) ( -8.28877091E-04, -1.28522515E-03) ( -5.63450158E-04,  9.31322575E-04)
   2.00000000      -1.00000000       0.00000000     ( -4.79631126E-04,  3.49245965E-04) ( -9.59262252E-04,  6.98491931E-04) ( -1.07102096E-03, -1.83936208E-04)
   2.00000000      -1.00000000       1.00000000     ( -7.45058060E-04, -1.32713467E-04) ( -2.30967999E-03, -3.91155481E-04) ( -8.28877091E-04, -1.26892701E-04)
