   0.00000000       0.00000000      -2.00000000     (  7.82310963E-04,  2.08616257E-03) ( -1.65775418E-03,  2.07219273E-04) (  0.00000000    ,  0.00000000    )
   0.00000000       0.00000000      -1.00000000     (  1.91479921E-02, -9.19681042E-04) (  3.34531069E-02,  2.28732824E-02) (  0.00000000    ,  0.00000000    )
   0.00000000       1.00000000      -2.00000000     (  7.35744834E-04, -1.46974344E-05) ( -6.70552254E-04,  6.33299351E-04) ( -3.35276127E-04,  3.16649675E-04)
   0.00000000       1.00000000      -1.00000000     ( -9.89530236E-04,  2.98023224E-02) ( -4.85219061E-03, -2.81259418E-03) ( -4.85219061E-03, -2.81259418E-03)
   0.00000000       2.00000000      -1.00000000     ( -1.75088644E-03,  9.31322575E-05) (  3.78349796E-05,  4.09781933E-04) (  7.56699592E-05,  8.19563866E-04)
   0.00000000      -2.00000000      -1.00000000     (  1.45286322E-03,  5.72763383E-04) ( -5.96046448E-04, -2.65426934E-04) (  1.19209290E-03,  5.30853868E-04)
   0.00000000      -1.00000000      -2.00000000     ( -9.77888703E-04,  6.05359674E-04) ( -8.00937414E-04, -2.37487257E-04) (  4.00468707E-04,  1.18743628E-04)
   0.00000000      -1.00000000      -1.00000000     (  7.72997737E-03, -9.68575478E-03) ( -2.60770321E-03,  4.05125320E-03) (  2.60770321E-03, -4.05125320E-03)
   1.00000000       0.00000000      -2.00000000     ( -7.35744834E-04,  2.00234354E-04) ( -9.68575478E-04,  7.35744834E-04) ( -3.67872417E-04,  1.00117177E-04)
   1.00000000       0.00000000      -1.00000000     (  8.86619091E-03, -4.82425094E-03) ( -9.59262252E-03, -5.98374754E-04) (  8.86619091E-03, -4.82425094E-03)
   1.00000000       1.00000000      -2.00000000     ( -6.05359674E-04, -2.93366611E-04) (  6.23986125E-04, -1.67638063E-03) (  1.09139364E-05, -9.87201929E-04)
   1.00000000       1.00000000      -1.00000000     ( -1.12690032E-03,  7.91624188E-04) (  1.89989805E-03,  6.42612576E-04) (  7.72997737E-04,  1.43423676E-03)
   1.00000000       2.00000000      -1.00000000     (  2.70083547E-04,  3.81842256E-04) ( -5.44823706E-04, -6.33299351E-04) ( -8.19563866E-04, -8.75443220E-04)
   1.00000000      -2.00000000      -1.00000000     (  1.35973096E-03,  5.02914190E-04) (  8.38190317E-04,  5.44823706E-04) ( -3.11993062E-04, -5.86733222E-04)
   1.00000000      -1.00000000      -2.00000000     (  6.89178705E-04, -6.61239028E-04) (  1.09896064E-03, -3.77185643E-04) ( -2.04890966E-04, -1.43190846E-04)
   1.00000000      -1.00000000      -1.00000000     ( -1.46683306E-04,  1.47148967E-03) ( -1.22934580E-03,  6.51925802E-04) (  1.08964741E-03,  8.28877091E-04)
   2.00000000       0.00000000      -1.00000000     ( -4.23751771E-04, -2.18860805E-04) (  1.36205927E-04, -2.53203325E-05) ( -8.47503543E-04, -4.37721610E-04)
   2.00000000       1.00000000      -1.00000000     ( -4.88944352E-05,  1.29221007E-04) (  1.72294676E-04, -7.10133463E-05) (  7.45058060E-05,  1.88592821E-04)
   2.00000000      -1.00000000      -1.00000000     (  2.28174031E-04,  5.52972779E-05) (  1.13621354E-03, -9.87201929E-04) ( -6.79865479E-04,  1.09896064E-03)
