   0.00000000       0.00000000      -2.00000000     (  6.87316060E-03,  5.34579158E-03) ( -2.39233486E-04, -1.53668225E-03) (  0.00000000    ,  0.00000000    )
   0.00000000       0.00000000      -1.00000000     (  2.31713057E-02, -1.11758709E-02) (  3.19443643E-03,  2.48849392E-02) (  0.00000000    ,  0.00000000    )
   0.00000000       1.00000000      -2.00000000     ( -1.42492354E-03,  2.43075192E-03) (  8.33533704E-04, -1.69035047E-03) (  4.16766852E-04, -8.45175236E-04)
   0.00000000       1.00000000      -1.00000000     (  1.21816993E-02,  1.43423676E-02) ( -1.69966370E-03,  2.16066837E-03) ( -1.69966370E-03,  2.16066837E-03)
   0.00000000       2.00000000      -1.00000000     ( -1.03935599E-02,  2.04890966E-04) ( -1.49011612E-03, -1.47614628E-03) ( -2.98023224E-03, -2.95229256E-03)
   0.00000000      -2.00000000      -1.00000000     (  4.18163836E-03, -3.93018126E-03) ( -2.23983079E-03,  2.45869160E-03) (  4.47966158E-03, -4.91738319E-03)
   0.00000000      -1.00000000      -2.00000000     ( -7.91624188E-03,  3.70200723E-04) ( -6.35161996E-03, -4.93600965E-04) (  3.17580998E-03,  2.46800482E-04)
   0.00000000      -1.00000000      -1.00000000     (  3.11061740E-03,  4.61935997E-03) (  5.83007932E-03,  7.82310963E-03) ( -5.83007932E-03, -7.82310963E-03)
   1.00000000       0.00000000      -2.00000000     (  1.58790499E-03,  5.62518835E-03) ( -4.53554094E-03,  8.73580575E-03) (  7.93952495E-04,  2.81259418E-03)
   1.00000000       0.00000000      -1.00000000     (  3.36207449E-03,  3.87663022E-04) (  6.96629286E-03, -1.04308128E-03) (  3.36207449E-03,  3.87663022E-04)
   1.00000000       1.00000000      -2.00000000     ( -5.38304448E-03, -3.32482159E-03) (  6.53788447E-03, -6.42612576E-03) (  5.75091690E-04, -4.88013029E-03)
   1.00000000       1.00000000      -1.00000000     ( -8.58679414E-03, -4.40515578E-03) (  6.87316060E-03,  1.39698386E-05) ( -1.72294676E-03, -4.38652933E-03)
   1.00000000       2.00000000      -1.00000000     ( -4.49828804E-03, -6.51925802E-04) (  2.94530764E-04,  1.64378434E-03) ( -3.91155481E-03,  2.64495611E-03)
   1.00000000      -2.00000000      -1.00000000     (  2.95694917E-04, -2.71946192E-03) (  8.77771527E-04, -2.84053385E-03) ( -1.46217644E-03,  2.96160579E-03)
   1.00000000      -1.00000000      -2.00000000     ( -2.09547579E-04, -5.36674634E-04) (  1.14087015E-03, -9.54605639E-04) ( -6.75208867E-04,  2.08965503E-04)
   1.00000000      -1.00000000      -1.00000000     ( -3.66009772E-03,  6.91507012E-04) ( -6.72414899E-03,  8.70786607E-04) (  3.06405127E-03, -1.78697519E-04)
   2.00000000       0.00000000      -1.00000000     ( -2.36555934E-03,  4.83123586E-04) ( -1.00582838E-02,  3.47383320E-03) ( -4.73111868E-03,  9.66247171E-04)
   2.00000000       1.00000000      -1.00000000     (  7.42729753E-04,  2.10944563E-03) (  1.49477273E-03, -4.84287739E-03) (  2.98023224E-03, -6.23986125E-04)
   2.00000000      -1.00000000      -1.00000000     (  9.70903784E-04, -2.30967999E-03) (  2.72877514E-03, -3.13855708E-03) ( -7.84639269E-04, -1.47614628E-03)
