    0.000000        0.000000       -2.000000      
 (1.1455268E-03,-6.8685040E-05)  (1.6111881E-03,-1.4714897E-03)  
 (0.000000,0.000000)
    0.000000        0.000000       -1.000000      
 (2.3841858E-02,-1.3299286E-02)  (-1.6614795E-02,1.9520521E-02)  
 (0.000000,0.000000)
    0.000000        1.000000       -2.000000      
 (-3.8370490E-03,7.0314854E-04)  (-1.3224781E-03,1.8998981E-03)  
 (-6.6123903E-04,9.4994903E-04)
    0.000000        1.000000       -1.000000      (1.1436641E-02,3.9301813E-03)
   (-5.7276338E-04,6.7800283E-03)  (-5.7276338E-04,6.7800283E-03)
    0.000000        2.000000       -1.000000      
 (-2.5331974E-03,3.2037497E-03)  (-3.6321580E-04,2.4214387E-04)  
 (-7.2643161E-04,4.8428774E-04)
    0.000000       -2.000000       -1.000000      (6.9383532E-04,9.7788870E-04)
   (-6.3329935E-04,1.5483238E-04)  (1.2665987E-03,-3.0966476E-04)
    0.000000       -1.000000       -2.000000      
 (-2.6263297E-03,4.2142347E-04)  (9.3859853E-06,1.3411045E-03)  
 (-4.6929927E-06,-6.7055225E-04)
    0.000000       -1.000000       -1.000000      
 (7.5250864E-03,-1.1026859E-02)  (4.5821071E-03,4.4703484E-03)  
 (-4.5821071E-03,-4.4703484E-03)
    1.000000        0.000000       -2.000000      (2.2538006E-03,3.3061951E-04)
   (-2.0302832E-03,5.1688403E-04)  (1.1269003E-03,1.6530976E-04)
    1.000000        0.000000       -1.000000      
 (3.1292439E-03,-2.0302832E-03)  (3.5669655E-03,-9.3504786E-03)  
 (3.1292439E-03,-2.0302832E-03)
    1.000000        1.000000       -2.000000      
 (-1.4994293E-03,1.4621764E-03)  (-1.2014061E-03,-3.2037497E-03)  
 (-1.3504177E-03,-8.6612999E-04)
    1.000000        1.000000       -1.000000      
 (-2.5890768E-03,1.4714897E-03)  (1.5459955E-03,-6.6589564E-04)  
 (-1.0430813E-03,8.0559403E-04)
    1.000000        2.000000       -1.000000      
 (-1.5273690E-03,7.8231096E-04)  (1.1059456E-05,8.5681677E-04)  
 (-1.5087426E-03,2.4959445E-03)
    1.000000       -2.000000       -1.000000      
 (5.9138983E-04,-2.9103830E-04)  (6.6938810E-06,-5.5413693E-04)  
 (5.7742000E-04,8.1956387E-04)
    1.000000       -1.000000       -2.000000      
 (9.1269612E-04,-6.2398612E-04)  (-2.0861626E-03,6.1932951E-04)  
 (1.4994293E-03,-6.2398612E-04)
    1.000000       -1.000000       -1.000000      
 (-2.7380884E-03,2.2724271E-03)  (-7.4505806E-04,-1.9441359E-04)  
 (-1.9930303E-03,2.4586916E-03)
    2.000000        0.000000       -1.000000      (1.2107193E-03,4.1211024E-04)
   (4.3958426E-03,1.9557774E-03)  (2.4214387E-03,8.2422048E-04)
    2.000000        1.000000       -1.000000      
 (-6.7986548E-04,-1.0151416E-03)  (3.3760443E-04,8.5681677E-04)  
 (-1.0151416E-03,-1.1734664E-03)
    2.000000       -1.000000       -1.000000      
 (-6.8452209E-04,5.4016709E-04)  (-7.0780516E-04,1.2945384E-03)  
 (-6.6589564E-04,-2.2118911E-04)
