    0.000000        0.000000       -2.000000      (8.1025064E-03,2.9895455E-03)
   (4.4144690E-03,-2.3236498E-03)  (0.000000,0.000000)
    0.000000        0.000000       -1.000000      
 (2.3096800E-02,-1.2218952E-02)  (-3.3341348E-03,2.0787120E-02)  
 (0.000000,0.000000)
    0.000000        1.000000       -2.000000      
 (-8.6612999E-03,-2.3934990E-03)  (-3.2538082E-04,-5.0850213E-03)  
 (-1.6269041E-04,-2.5425106E-03)
    0.000000        1.000000       -1.000000      (8.0466270E-03,1.0766089E-02)
   (-2.8405339E-03,3.3527613E-03)  (-2.8405339E-03,3.3527613E-03)
    0.000000        2.000000       -1.000000      
 (-1.1473894E-02,7.4878335E-03)  (-3.3155084E-03,-9.3365088E-04)  
 (-6.6310167E-03,-1.8673018E-03)
    0.000000       -2.000000       -1.000000      (9.5926225E-03,1.9138679E-03)
   (-4.5634806E-04,2.5564805E-03)  (9.1269612E-04,-5.1129609E-03)
    0.000000       -1.000000       -2.000000      
 (-8.1397593E-03,1.8300489E-03)  (-8.3446503E-03,-2.7590431E-04)  
 (4.1723251E-03,1.3795216E-04)
    0.000000       -1.000000       -1.000000      (3.7625432E-03,1.6950071E-03)
   (7.3760748E-03,6.3516200E-03)  (-7.3760748E-03,-6.3516200E-03)
    1.000000        0.000000       -2.000000      (5.7183206E-03,4.6286732E-03)
   (-2.4773180E-03,8.0652535E-03)  (2.8591603E-03,2.3143366E-03)
    1.000000        0.000000       -1.000000      (4.0605664E-03,1.4319085E-04)
   (9.5739961E-03,-1.7601997E-03)  (4.0605664E-03,1.4319085E-04)
    1.000000        1.000000       -2.000000      
 (-3.3807009E-03,-3.3527613E-03)  (2.6496127E-03,-1.1585653E-02)  
 (-3.6787242E-04,-7.4692070E-03)
    1.000000        1.000000       -1.000000      
 (-8.3446503E-03,-5.3644180E-03)  (4.1164458E-03,-4.9243681E-04)  
 (-4.2188913E-03,-5.8487058E-03)
    1.000000        2.000000       -1.000000      
 (-8.9965761E-03,-4.0885061E-03)  (1.6391277E-03,1.9650906E-03)  
 (-5.7183206E-03,-1.5512342E-04)
    1.000000       -2.000000       -1.000000      
 (-3.7602149E-04,-5.7183206E-03)  (-1.2037344E-03,-3.7904829E-03)  
 (2.0302832E-03,1.8626451E-03)
    1.000000       -1.000000       -2.000000      (3.6135316E-03,2.5099143E-03)
   (-2.0768493E-03,2.4540350E-03)  (2.8498471E-03,2.8958311E-05)
    1.000000       -1.000000       -1.000000      
 (-7.6368451E-03,2.1094456E-03)  (-8.3073974E-03,1.1315569E-03)  
 (6.6240318E-04,9.8021701E-04)
    2.000000        0.000000       -1.000000      
 (-1.1827797E-03,3.7066638E-03)  (-3.2503158E-03,6.2212348E-03)  
 (-2.3655593E-03,7.4133277E-03)
    2.000000        1.000000       -1.000000      (6.6356733E-04,9.5926225E-04)
   (3.6787242E-03,-6.6868961E-03)  (5.0012022E-03,-4.7683716E-03)
    2.000000       -1.000000       -1.000000      
 (-1.0547228E-03,-6.3213520E-04)  (1.5273690E-03,2.6822090E-03)  
 (-3.6321580E-03,-3.9488077E-03)
