   0.00000000       0.00000000       1.00000000     (  1.31875277E-02, -9.70438123E-03) (  4.23192978E-02, -1.22562051E-02) (  0.00000000    ,  0.00000000    )
   0.00000000       0.00000000       2.00000000     (  7.45058060E-05, -2.79396772E-05) ( -5.58793545E-05, -3.49245965E-06) (  0.00000000    ,  0.00000000    )
   0.00000000       1.00000000       0.00000000     ( -2.36555934E-03, -4.45172191E-03) (  0.00000000    ,  0.00000000    ) (  1.40070915E-02,  8.19563866E-03)
   0.00000000       1.00000000       1.00000000     (  8.92207026E-03,  7.84173608E-03) (  1.25030056E-03, -1.40164047E-03) ( -1.25030056E-03,  1.40164047E-03)
   0.00000000       1.00000000       2.00000000     (  1.86264515E-05, -2.79396772E-05) ( -1.86264515E-05,  1.39698386E-05) (  9.31322575E-06, -6.98491931E-06)
   0.00000000       2.00000000       0.00000000     (  3.72529030E-05,  2.79396772E-05) (  0.00000000    ,  0.00000000    ) ( -3.72529030E-05,  9.31322575E-06)
   0.00000000       2.00000000       1.00000000     (  5.58793545E-05, -1.39698386E-05) ( -1.39698386E-05, -1.39698386E-05) (  2.79396772E-05,  2.79396772E-05)
   0.00000000      -2.00000000       0.00000000     (  3.72529030E-05, -2.79396772E-05) (  0.00000000    ,  0.00000000    ) ( -3.72529030E-05, -9.31322575E-06)
   0.00000000      -2.00000000       1.00000000     ( -1.86264515E-05, -3.49245965E-06) ( -1.86264515E-05, -2.79396772E-05) ( -3.72529030E-05, -5.58793545E-05)
   0.00000000      -1.00000000       0.00000000     ( -2.36555934E-03,  4.45172191E-03) (  0.00000000    ,  0.00000000    ) (  1.40070915E-02, -8.19563866E-03)
   0.00000000      -1.00000000       1.00000000     ( -6.51925802E-03, -2.85357237E-02) ( -9.61124897E-03,  3.30619514E-03) ( -9.61124897E-03,  3.30619514E-03)
   0.00000000      -1.00000000       2.00000000     (  2.79396772E-05, -9.31322575E-06) (  1.39698386E-05, -9.31322575E-06) (  6.98491931E-06, -4.65661287E-06)
   1.00000000       0.00000000       0.00000000     (  0.00000000    ,  0.00000000    ) ( -3.09199095E-02,  2.28732824E-02) (  1.94832683E-02,  1.74157321E-03)
   1.00000000       0.00000000       1.00000000     ( -3.75322998E-03,  6.22821972E-04) ( -1.70990825E-02, -1.78068876E-02) (  3.75322998E-03, -6.22821972E-04)
   1.00000000       0.00000000       2.00000000     ( -5.58793545E-05, -1.86264515E-05) (  2.79396772E-05,  1.86264515E-05) (  2.79396772E-05,  9.31322575E-06)
   1.00000000       1.00000000       0.00000000     (  2.25845724E-03,  4.83356416E-03) ( -2.25845724E-03, -4.83356416E-03) ( -5.15952706E-03,  1.19209290E-02)
   1.00000000       1.00000000       1.00000000     (  1.86264515E-05,  2.79396772E-05) ( -7.45058060E-05, -2.91038305E-07) (  5.58793545E-05, -2.79396772E-05)
   1.00000000       1.00000000       2.00000000     ( -7.45058060E-05,  1.39698386E-05) (  2.79396772E-05,  3.72529030E-05) (  2.79396772E-05, -2.79396772E-05)
   1.00000000       2.00000000       0.00000000     ( -3.49245965E-06,  1.39698386E-05) (  1.74622983E-06, -6.98491931E-06) ( -2.79396772E-05,  2.32830644E-06)
   1.00000000       2.00000000       1.00000000     ( -6.98491931E-06,  9.31322575E-06) ( -1.86264515E-05,  3.49245965E-06) (  5.58793545E-05, -1.86264515E-05)
   1.00000000      -2.00000000       0.00000000     ( -9.31322575E-06,  1.86264515E-05) ( -4.65661287E-06,  9.31322575E-06) ( -1.86264515E-05, -5.58793545E-05)
   1.00000000      -2.00000000       1.00000000     ( -3.72529030E-05, -1.86264515E-05) ( -6.98491931E-06, -9.31322575E-06) (  2.79396772E-05,  1.74622983E-06)
   1.00000000      -1.00000000       0.00000000     (  7.07805157E-04, -5.15021384E-03) (  7.07805157E-04, -5.15021384E-03) ( -8.69855285E-03,  3.39746475E-02)
   1.00000000      -1.00000000       1.00000000     (  1.11758709E-04,  3.72529030E-05) (  1.74622983E-06, -7.45058060E-05) ( -1.11758709E-04, -1.11758709E-04)
   1.00000000      -1.00000000       2.00000000     ( -3.72529030E-05,  1.16415322E-06) ( -2.79396772E-05,  3.72529030E-05) (  9.31322575E-06,  1.86264515E-05)
   2.00000000       0.00000000       0.00000000     (  0.00000000    ,  0.00000000    ) (  1.86264515E-05,  7.45058060E-05) ( -2.79396772E-05,  5.82076609E-07)
   2.00000000       0.00000000       1.00000000     ( -6.98491931E-06,  1.74622983E-06) (  3.49245965E-06,  1.86264515E-05) (  1.39698386E-05, -3.49245965E-06)
   2.00000000       1.00000000       0.00000000     (  1.39698386E-05,  9.31322575E-06) ( -2.79396772E-05, -1.86264515E-05) (  3.49245965E-06,  2.79396772E-05)
   2.00000000       1.00000000       1.00000000     (  1.74622983E-06, -9.31322575E-06) ( -2.79396772E-05,  1.86264515E-05) (  2.79396772E-05,  1.74622983E-06)
   2.00000000      -1.00000000       0.00000000     ( -1.39698386E-05, -6.98491931E-06) ( -2.79396772E-05, -1.39698386E-05) ( -9.31322575E-06, -6.98491931E-06)
   2.00000000      -1.00000000       1.00000000     ( -9.31322575E-06, -3.72529030E-05) ( -2.79396772E-05, -2.79396772E-05) ( -6.98491931E-06,  3.72529030E-05)
