   0.00000000       0.00000000       1.00000000     (  3.77185643E-03, -1.16974115E-02) (  2.98023224E-02, -9.19681042E-04) (  0.00000000    ,  0.00000000    )
   0.00000000       0.00000000       2.00000000     (  3.01748514E-03, -5.40167093E-04) ( -3.72529030E-03, -1.97440386E-03) (  0.00000000    ,  0.00000000    )
   0.00000000       1.00000000       0.00000000     (  3.68803740E-03, -3.61353159E-03) (  0.00000000    ,  0.00000000    ) (  1.54599547E-02, -9.91858542E-04)
   0.00000000       1.00000000       1.00000000     (  1.69500709E-03,  1.30850822E-03) (  3.96743417E-03, -1.20606273E-03) ( -3.96743417E-03,  1.20606273E-03)
   0.00000000       1.00000000       2.00000000     (  1.89989805E-03, -2.10478902E-03) ( -3.16649675E-04,  1.09896064E-03) (  1.58324838E-04, -5.49480319E-04)
   0.00000000       2.00000000       0.00000000     (  1.54599547E-03,  1.54599547E-03) (  0.00000000    ,  0.00000000    ) ( -5.76255843E-05,  1.07102096E-03)
   0.00000000       2.00000000       1.00000000     ( -1.16415322E-04, -1.84401870E-03) ( -1.47847459E-04,  3.95812094E-04) (  2.95694917E-04, -7.91624188E-04)
   0.00000000      -2.00000000       0.00000000     (  1.54599547E-03, -1.54599547E-03) (  0.00000000    ,  0.00000000    ) ( -5.76255843E-05, -1.07102096E-03)
   0.00000000      -2.00000000       1.00000000     ( -9.96515155E-04,  1.18277967E-03) ( -7.82310963E-04, -3.86498868E-04) ( -1.56462193E-03, -7.72997737E-04)
   0.00000000      -1.00000000       0.00000000     (  3.68803740E-03,  3.61353159E-03) (  0.00000000    ,  0.00000000    ) (  1.54599547E-02,  9.91858542E-04)
   0.00000000      -1.00000000       1.00000000     ( -6.76140189E-03, -1.63912773E-02) ( -7.80448318E-03,  4.82425094E-03) ( -7.80448318E-03,  4.82425094E-03)
   0.00000000      -1.00000000       2.00000000     (  1.97906047E-04, -1.26659870E-03) (  1.30385160E-03,  2.28174031E-04) (  6.51925802E-04,  1.14087015E-04)
   1.00000000       0.00000000       0.00000000     (  0.00000000    ,  0.00000000    ) ( -2.81631947E-02,  1.37835741E-02) (  1.50129199E-02, -3.98606062E-03)
   1.00000000       0.00000000       1.00000000     ( -2.09547579E-03, -7.77654350E-04) ( -4.80562449E-03, -1.32247806E-02) (  2.09547579E-03,  7.77654350E-04)
   1.00000000       0.00000000       2.00000000     ( -1.84401870E-03, -1.22003257E-03) (  3.46917659E-04,  8.19563866E-04) (  9.22009349E-04,  6.10016286E-04)
   1.00000000       1.00000000       0.00000000     (  3.20374966E-03,  2.53319740E-03) ( -3.20374966E-03, -2.53319740E-03) (  3.34344804E-03,  1.06170774E-02)
   1.00000000       1.00000000       1.00000000     (  2.53203325E-05,  2.84053385E-04) ( -1.18277967E-03,  1.11758709E-03) (  1.15483999E-03, -1.39698386E-03)
   1.00000000       1.00000000       2.00000000     ( -1.97440386E-03,  2.44472176E-04) (  1.27591193E-03,  1.39698386E-03) (  3.49245965E-04, -8.19563866E-04)
   1.00000000       2.00000000       0.00000000     (  5.76255843E-05,  1.67638063E-03) ( -2.88127922E-05, -8.38190317E-04) ( -1.18277967E-03,  3.00351530E-04)
   1.00000000       2.00000000       1.00000000     (  1.06170774E-03,  9.59262252E-04) ( -4.65661287E-04, -3.25962901E-04) ( -1.32713467E-04, -3.07336450E-04)
   1.00000000      -2.00000000       0.00000000     (  6.42612576E-04,  6.98491931E-04) (  3.21306288E-04,  3.49245965E-04) ( -1.08964741E-03, -3.86498868E-04)
   1.00000000      -2.00000000       1.00000000     ( -1.26659870E-03,  1.93249434E-04) ( -4.88944352E-04,  4.42378223E-04) (  2.86381692E-04,  6.93835318E-04)
   1.00000000      -1.00000000       0.00000000     (  2.72877514E-03, -1.22003257E-03) (  2.72877514E-03, -1.22003257E-03) ( -5.60656190E-03,  1.77323818E-02)
   1.00000000      -1.00000000       1.00000000     (  2.25380063E-03,  1.67638063E-03) ( -1.01281330E-04, -2.68220901E-03) ( -2.36555934E-03, -4.35858965E-03)
   1.00000000      -1.00000000       2.00000000     ( -2.08616257E-03, -4.88944352E-04) (  5.63450158E-04,  2.95694917E-04) (  1.32247806E-03,  3.91155481E-04)
   2.00000000       0.00000000       0.00000000     (  0.00000000    ,  0.00000000    ) ( -3.09664756E-04,  2.19792128E-03) ( -8.28877091E-04, -9.03382897E-04)
   2.00000000       0.00000000       1.00000000     ( -3.07336450E-04,  2.58442014E-04) ( -1.23865902E-03, -5.21540642E-04) (  6.14672899E-04, -5.16884029E-04)
   2.00000000       1.00000000       0.00000000     ( -1.32713467E-04, -2.11875886E-04) (  2.65426934E-04,  4.23751771E-04) (  3.86498868E-04,  6.19329512E-04)
   2.00000000       1.00000000       1.00000000     ( -1.81607902E-04,  1.89174898E-05) ( -7.35744834E-04,  6.70552254E-04) (  1.09896064E-03, -7.07805157E-04)
   2.00000000      -1.00000000       0.00000000     ( -1.04308128E-03, -7.63684511E-04) ( -2.08616257E-03, -1.52736902E-03) (  9.59262252E-04,  1.50874257E-03)
   2.00000000      -1.00000000       1.00000000     (  3.23634595E-04, -1.35973096E-03) ( -5.44823706E-04, -1.93249434E-04) ( -1.19209290E-03,  2.53319740E-03)
