   0.00000000       0.00000000      -2.00000000     (  1.34110451E-03,  2.60770321E-03) ( -2.14204192E-03, -7.39237294E-05) (  0.00000000    ,  0.00000000    )
   0.00000000       0.00000000      -1.00000000     (  1.74343586E-02,  8.73114914E-04) (  3.47942114E-02,  2.02655792E-02) (  0.00000000    ,  0.00000000    )
   0.00000000       1.00000000      -2.00000000     (  1.20140612E-03,  8.44011083E-06) ( -6.28642738E-04,  8.75443220E-04) ( -3.14321369E-04,  4.37721610E-04)
   0.00000000       1.00000000      -1.00000000     ( -2.39349902E-03,  2.96533108E-02) ( -5.88595867E-03, -2.36090273E-03) ( -5.88595867E-03, -2.36090273E-03)
   0.00000000       2.00000000      -1.00000000     ( -1.56462193E-03,  2.95694917E-04) (  1.62981451E-04,  7.54371285E-04) (  3.25962901E-04,  1.50874257E-03)
   0.00000000      -2.00000000      -1.00000000     (  2.19792128E-03,  9.31322575E-04) ( -7.45058060E-04, -1.88592821E-04) (  1.49011612E-03,  3.77185643E-04)
   0.00000000      -1.00000000      -2.00000000     ( -9.77888703E-04,  9.40635800E-04) ( -9.03382897E-04, -2.25845724E-04) (  4.51691449E-04,  1.12922862E-04)
   0.00000000      -1.00000000      -1.00000000     (  7.97212124E-03, -1.01700425E-02) ( -2.24448740E-03,  2.95229256E-03) (  2.24448740E-03, -2.95229256E-03)
   1.00000000       0.00000000      -2.00000000     ( -1.04308128E-03, -3.05590220E-05) ( -9.96515155E-04,  1.24797225E-03) ( -5.21540642E-04, -1.52795110E-05)
   1.00000000       0.00000000      -1.00000000     (  8.77305865E-03, -4.99188900E-03) ( -9.64850187E-03,  1.29453838E-03) (  8.77305865E-03, -4.99188900E-03)
   1.00000000       1.00000000      -2.00000000     ( -7.82310963E-04, -2.37487257E-04) (  8.94069672E-04, -2.29105353E-03) (  5.76255843E-05, -1.26659870E-03)
   1.00000000       1.00000000      -1.00000000     ( -1.95577741E-03,  1.62050128E-03) (  2.44006515E-03,  3.21306288E-04) (  4.88944352E-04,  1.93715096E-03)
   1.00000000       2.00000000      -1.00000000     (  4.88944352E-04, -3.25962901E-04) ( -7.03148544E-04, -4.51691449E-04) ( -9.12696123E-04, -1.22934580E-03)
   1.00000000      -2.00000000      -1.00000000     (  1.58324838E-03,  4.65661287E-04) (  1.04308128E-03,  6.10016286E-04) ( -4.98257577E-04, -7.54371285E-04)
   1.00000000      -1.00000000      -2.00000000     (  8.66129994E-04, -9.40635800E-04) (  1.14552677E-03, -6.89178705E-04) ( -1.40862539E-04, -1.28056854E-04)
   1.00000000      -1.00000000      -1.00000000     ( -3.63797881E-06,  1.93715096E-03) ( -1.30385160E-03,  1.06170774E-03) (  1.30385160E-03,  8.66129994E-04)
   2.00000000       0.00000000      -1.00000000     ( -5.35510480E-04, -3.39932740E-04) (  5.77419996E-04, -4.05125320E-04) ( -1.07102096E-03, -6.79865479E-04)
   2.00000000       1.00000000      -1.00000000     (  4.05125320E-04,  3.56230885E-04) ( -3.77185643E-04,  4.61004674E-04) (  4.37721610E-04,  1.17346644E-03)
   2.00000000      -1.00000000      -1.00000000     (  3.95812094E-04,  9.77888703E-05) (  1.25728548E-03, -1.16415322E-03) ( -4.70317900E-04,  1.35973096E-03)
