   0.00000000       0.00000000      -2.00000000     (  1.57393515E-03,  2.99885869E-03) ( -2.10478902E-03,  2.44472176E-04) (  0.00000000    ,  0.00000000    )
   0.00000000       0.00000000      -1.00000000     (  2.74926424E-02, -1.09151006E-02) (  1.57579780E-02,  3.32295895E-02) (  0.00000000    ,  0.00000000    )
   0.00000000       1.00000000      -2.00000000     (  1.59488991E-04,  1.25728548E-03) (  6.10016286E-04,  1.56462193E-03) (  3.05008143E-04,  7.82310963E-04)
   0.00000000       1.00000000      -1.00000000     (  1.58697367E-02,  2.06381083E-02) (  9.03382897E-04,  7.63684511E-04) (  9.03382897E-04,  7.63684511E-04)
   0.00000000       2.00000000      -1.00000000     ( -5.73694706E-03, -1.53668225E-03) ( -1.09896064E-03, -8.19563866E-04) ( -2.19792128E-03, -1.63912773E-03)
   0.00000000      -2.00000000      -1.00000000     (  1.18277967E-03, -2.75671482E-03) ( -1.08033419E-03,  5.44823706E-04) (  2.16066837E-03, -1.08964741E-03)
   0.00000000      -1.00000000      -2.00000000     ( -3.24100256E-03, -1.18277967E-03) ( -9.22009349E-04, -1.37370080E-04) (  4.61004674E-04,  6.86850399E-05)
   0.00000000      -1.00000000      -1.00000000     (  6.37024641E-03,  3.92086804E-03) (  2.23517418E-03,  1.08778477E-02) ( -2.23517418E-03, -1.08778477E-02)
   1.00000000       0.00000000      -2.00000000     ( -1.26659870E-03,  2.42143869E-03) ( -2.08616257E-03,  3.14787030E-03) ( -6.33299351E-04,  1.21071935E-03)
   1.00000000       0.00000000      -1.00000000     (  5.62518835E-03, -1.76369213E-04) ( -6.68223947E-04, -2.90572643E-03) (  5.62518835E-03, -1.76369213E-04)
   1.00000000       1.00000000      -2.00000000     ( -2.58907676E-03,  1.01514161E-03) (  1.95577741E-03, -2.70083547E-03) ( -3.18977982E-04, -8.38190317E-04)
   1.00000000       1.00000000      -1.00000000     ( -2.88709998E-03, -1.01514161E-03) (  2.60770321E-03,  6.33299351E-04) ( -2.79396772E-04, -3.79513949E-04)
   1.00000000       2.00000000      -1.00000000     ( -3.93483788E-04,  9.03382897E-04) ( -4.28408384E-04,  1.10827386E-03) ( -1.24797225E-03,  3.12924385E-03)
   1.00000000      -2.00000000      -1.00000000     (  2.84053385E-04, -3.11993062E-04) (  9.87201929E-04,  4.56348062E-04) ( -1.68569386E-03, -1.22003257E-03)
   1.00000000      -1.00000000      -2.00000000     ( -6.61239028E-04, -1.78813934E-03) ( -5.40167093E-04, -1.24797225E-03) ( -5.87897375E-05, -2.72411853E-04)
   1.00000000      -1.00000000      -1.00000000     ( -9.31322575E-04,  4.47034836E-04) ( -2.01165676E-03,  3.65544111E-04) (  1.08033419E-03,  8.03265721E-05)
   2.00000000       0.00000000      -1.00000000     ( -8.52160156E-04, -5.44823706E-04) ( -1.89989805E-03,  2.56113708E-04) ( -1.70432031E-03, -1.08964741E-03)
   2.00000000       1.00000000      -1.00000000     ( -3.02679837E-04, -1.23691279E-05) (  7.72997737E-04, -7.86967576E-04) (  1.65309757E-04, -8.10250640E-04)
   2.00000000      -1.00000000      -1.00000000     ( -1.97906047E-04, -3.44589353E-04) (  2.02562660E-04, -2.44006515E-03) ( -5.96046448E-04,  1.75088644E-03)
