   0.00000000       0.00000000       1.00000000     (  2.51084566E-02,  1.10641122E-02) (  9.42498446E-03, -2.92807817E-02) (  0.00000000    ,  0.00000000    )
   0.00000000       0.00000000       2.00000000     (  3.83704901E-03, -4.41446900E-03) ( -2.42143869E-03,  4.98257577E-04) (  0.00000000    ,  0.00000000    )
   0.00000000       1.00000000       0.00000000     ( -8.34465027E-03,  8.25151801E-03) (  0.00000000    ,  0.00000000    ) (  2.19792128E-03,  1.76485628E-03)
   0.00000000       1.00000000       1.00000000     (  4.42378223E-03, -5.17815351E-03) (  3.93949449E-03, -9.49949026E-03) ( -3.93949449E-03,  9.49949026E-03)
   0.00000000       1.00000000       2.00000000     ( -5.32716513E-03,  1.10827386E-03) ( -2.47731805E-03,  8.90577212E-05) (  1.23865902E-03, -4.45288606E-05)
   0.00000000       2.00000000       0.00000000     ( -3.53902578E-03, -3.40864062E-03) (  0.00000000    ,  0.00000000    ) ( -4.41446900E-03,  6.07687980E-04)
   0.00000000       2.00000000       1.00000000     (  1.72294676E-03,  4.41446900E-03) ( -1.95577741E-03, -1.24331564E-03) (  3.91155481E-03,  2.48663127E-03)
   0.00000000      -2.00000000       0.00000000     ( -3.53902578E-03,  3.40864062E-03) (  0.00000000    ,  0.00000000    ) ( -4.41446900E-03, -6.07687980E-04)
   0.00000000      -2.00000000       1.00000000     ( -8.60542059E-03,  2.09547579E-03) ( -1.43889338E-03,  1.25262886E-03) ( -2.87778676E-03,  2.50525773E-03)
   0.00000000      -1.00000000       0.00000000     ( -8.34465027E-03, -8.25151801E-03) (  0.00000000    ,  0.00000000    ) (  2.19792128E-03, -1.76485628E-03)
   0.00000000      -1.00000000       1.00000000     (  1.50501728E-02, -1.73598528E-02) ( -9.89530236E-05, -1.66706741E-03) ( -9.89530236E-05, -1.66706741E-03)
   0.00000000      -1.00000000       2.00000000     (  4.30736691E-04, -2.58907676E-03) (  6.07687980E-04, -1.61118805E-03) (  3.03843990E-04, -8.05594027E-04)
   1.00000000       0.00000000       0.00000000     (  0.00000000    ,  0.00000000    ) ( -1.56089664E-02,  7.13393092E-03) (  2.85357237E-02,  2.39163637E-02)
   1.00000000       0.00000000       1.00000000     (  4.44240868E-03, -2.56113708E-03) ( -2.93552876E-02,  1.49384141E-02) ( -4.44240868E-03,  2.56113708E-03)
   1.00000000       0.00000000       2.00000000     (  1.24331564E-03,  2.64495611E-03) (  6.81728125E-03,  2.84053385E-03) ( -6.21657819E-04, -1.32247806E-03)
   1.00000000       1.00000000       0.00000000     (  5.73694706E-03,  4.52622771E-03) ( -5.73694706E-03, -4.52622771E-03) ( -8.94069672E-03,  6.37024641E-03)
   1.00000000       1.00000000       1.00000000     ( -2.66358256E-03, -1.30385160E-03) (  1.40164047E-03,  4.02797014E-04) (  1.26194209E-03,  9.03382897E-04)
   1.00000000       1.00000000       2.00000000     ( -5.30853868E-04, -1.92783773E-03) ( -3.89292836E-03, -2.36323103E-04) (  2.21654773E-03,  1.08499080E-03)
   1.00000000       2.00000000       0.00000000     ( -1.41095370E-03,  5.21540642E-03) (  7.05476850E-04, -2.60770321E-03) ( -7.12461770E-04,  3.07336450E-03)
   1.00000000       2.00000000       1.00000000     (  5.01051545E-03,  1.52736902E-03) ( -3.65078449E-03, -2.03028321E-03) (  2.30036676E-03,  2.54251063E-03)
   1.00000000      -2.00000000       0.00000000     (  3.62051651E-04, -2.54251063E-03) (  1.81025825E-04, -1.27125531E-03) ( -1.02911144E-03,  2.42143869E-03)
   1.00000000      -2.00000000       1.00000000     ( -8.42846930E-04,  1.79745257E-03) ( -1.18743628E-03,  2.36555934E-03) ( -1.53668225E-03,  2.93366611E-03)
   1.00000000      -1.00000000       0.00000000     ( -5.99771738E-03, -1.12131238E-02) ( -5.99771738E-03, -1.12131238E-02) ( -6.53788447E-03,  6.87316060E-03)
   1.00000000      -1.00000000       1.00000000     (  2.05822289E-03,  4.00468707E-03) ( -1.95577741E-03,  1.67638063E-03) ( -4.02331352E-03, -2.33761966E-03)
   1.00000000      -1.00000000       2.00000000     (  2.43075192E-03,  3.29688191E-03) (  4.13507223E-03,  3.11061740E-03) (  8.47503543E-04, -9.77888703E-05)
   2.00000000       0.00000000       0.00000000     (  0.00000000    ,  0.00000000    ) (  6.66826963E-03, -1.83470547E-03) ( -3.94880772E-03,  3.64379957E-04)
   2.00000000       0.00000000       1.00000000     ( -1.42026693E-03, -2.07684934E-03) (  1.01979822E-03,  5.66244125E-03) (  2.84053385E-03,  4.15369868E-03)
   2.00000000       1.00000000       0.00000000     ( -2.26311386E-03,  2.73576006E-04) (  4.52622771E-03, -5.47152013E-04) (  5.87897375E-05, -7.11530447E-03)
   2.00000000       1.00000000       1.00000000     (  2.52621248E-04,  2.23517418E-03) ( -1.30385160E-03, -4.15369868E-03) (  7.96280801E-04, -3.24798748E-04)
   2.00000000      -1.00000000       0.00000000     (  1.30850822E-03,  1.43423676E-03) (  2.61701643E-03,  2.86847353E-03) ( -1.60653144E-04,  1.52271241E-03)
   2.00000000      -1.00000000       1.00000000     ( -2.40281224E-03,  6.98491931E-04) ( -1.76019967E-03, -8.80099833E-04) (  3.04542482E-03, -2.27242708E-03)
