   0.00000000       0.00000000      -2.00000000     ( -2.60770321E-04, -1.86264515E-04) (  2.42143869E-04,  1.86264515E-05) (  0.00000000    ,  0.00000000    )
   0.00000000       0.00000000      -1.00000000     (  1.51619315E-02,  7.05942512E-03) (  4.15742397E-02,  1.52364373E-02) (  0.00000000    ,  0.00000000    )
   0.00000000       1.00000000      -2.00000000     ( -1.67638063E-04, -1.97906047E-05) ( -3.72529030E-05, -6.51925802E-05) ( -1.86264515E-05, -3.25962901E-05)
   0.00000000       1.00000000      -1.00000000     ( -5.66244125E-03,  3.03983688E-02) ( -8.81031156E-03, -2.69152224E-03) ( -8.81031156E-03, -2.69152224E-03)
   0.00000000       2.00000000      -1.00000000     (  7.91624188E-05, -4.19095159E-05) (  6.05359674E-05, -1.30385160E-04) (  1.21071935E-04, -2.60770321E-04)
   0.00000000      -2.00000000      -1.00000000     ( -3.16649675E-04, -6.05359674E-05) (  7.91624188E-05, -4.19095159E-05) ( -1.58324838E-04,  8.38190317E-05)
   0.00000000      -1.00000000      -2.00000000     ( -1.97906047E-05, -1.02445483E-04) (  9.31322575E-05,  6.51925802E-05) ( -4.65661287E-05, -3.25962901E-05)
   0.00000000      -1.00000000      -1.00000000     (  9.25734639E-03, -9.68575478E-03) ( -6.40284270E-05,  1.69966370E-03) (  6.40284270E-05, -1.69966370E-03)
   1.00000000       0.00000000      -2.00000000     (  1.49011612E-04,  8.38190317E-05) (  7.56699592E-06, -2.60770321E-04) (  7.45058060E-05,  4.19095159E-05)
   1.00000000       0.00000000      -1.00000000     (  1.05798244E-02, -5.56930900E-03) ( -9.62987542E-03,  1.03563070E-02) (  1.05798244E-02, -5.56930900E-03)
   1.00000000       1.00000000      -2.00000000     (  1.74622983E-05, -6.05359674E-05) ( -3.25962901E-05,  1.86264515E-04) ( -8.14907253E-06,  6.51925802E-05)
   1.00000000       1.00000000      -1.00000000     (  3.35276127E-04, -4.09781933E-04) ( -1.58324838E-04,  1.67638063E-04) (  1.86264515E-04, -2.60770321E-04)
   1.00000000       2.00000000      -1.00000000     ( -2.79396772E-05,  1.86264515E-04) (  3.02679837E-05, -6.51925802E-05) (  3.49245965E-05,  4.19095159E-05)
   1.00000000      -2.00000000      -1.00000000     ( -9.31322575E-05,  2.18278728E-07) ( -1.21071935E-04, -2.32830644E-05) (  1.39698386E-04,  4.65661287E-05)
   1.00000000      -1.00000000      -2.00000000     ( -1.11758709E-04,  1.39698386E-04) ( -3.95812094E-05,  4.65661287E-05) ( -3.49245965E-05,  4.65661287E-05)
   1.00000000      -1.00000000      -1.00000000     (  3.78349796E-06, -1.58324838E-04) (  1.21071935E-04, -1.39698386E-04) ( -1.21071935E-04, -2.56113708E-05)
   2.00000000       0.00000000      -1.00000000     (  1.02445483E-04,  2.32830644E-05) ( -1.30385160E-04,  1.58324838E-04) (  2.04890966E-04,  4.65661287E-05)
   2.00000000       1.00000000      -1.00000000     ( -8.38190317E-05, -2.09547579E-05) (  1.30385160E-04, -2.04890966E-04) ( -3.72529030E-05, -2.42143869E-04)
   2.00000000      -1.00000000      -1.00000000     ( -8.38190317E-05, -2.79396772E-05) ( -8.38190317E-05,  2.79396772E-05) ( -8.38190317E-05, -8.38190317E-05)
