   0.00000000       0.00000000      -2.00000000     (  1.11758709E-04,  4.65661287E-05) ( -9.31322575E-05,  5.82076609E-06) (  0.00000000    ,  0.00000000    )
   0.00000000       0.00000000      -1.00000000     (  1.28895044E-02,  1.00210309E-02) (  4.23192978E-02,  1.18464231E-02) (  0.00000000    ,  0.00000000    )
   0.00000000       1.00000000      -2.00000000     (  4.65661287E-05,  1.86264515E-05) (  2.32830644E-05,  1.39698386E-05) (  1.16415322E-05,  6.98491931E-06)
   0.00000000       1.00000000      -1.00000000     ( -6.61239028E-03,  2.82377005E-02) ( -9.68575478E-03, -3.38070095E-03) ( -9.68575478E-03, -3.38070095E-03)
   0.00000000       2.00000000      -1.00000000     ( -3.72529030E-05,  2.91038305E-06) ( -3.72529030E-05,  4.65661287E-05) ( -7.45058060E-05,  9.31322575E-05)
   0.00000000      -2.00000000      -1.00000000     (  9.31322575E-05,  1.86264515E-05) ( -1.86264515E-05,  1.86264515E-05) (  3.72529030E-05, -3.72529030E-05)
   0.00000000      -1.00000000      -2.00000000     (  2.79396772E-05,  3.72529030E-05) ( -2.79396772E-05, -2.32830644E-05) (  1.39698386E-05,  1.16415322E-05)
   0.00000000      -1.00000000      -1.00000000     (  8.82893801E-03, -7.59959221E-03) (  1.41561031E-03,  1.37835741E-03) ( -1.41561031E-03, -1.37835741E-03)
   1.00000000       0.00000000      -2.00000000     ( -4.65661287E-05, -2.32830644E-05) (  1.86264515E-05,  1.11758709E-04) ( -2.32830644E-05, -1.16415322E-05)
   1.00000000       0.00000000      -1.00000000     (  1.14738941E-02, -5.73694706E-03) ( -8.64267349E-03,  1.60187483E-02) (  1.14738941E-02, -5.73694706E-03)
   1.00000000       1.00000000      -2.00000000     (  9.31322575E-06,  3.72529030E-05) ( -9.31322575E-06, -5.58793545E-05) (  2.91038305E-07, -9.31322575E-06)
   1.00000000       1.00000000      -1.00000000     ( -1.11758709E-04,  1.49011612E-04) (  1.86264515E-05, -7.45058060E-05) ( -9.31322575E-05,  9.31322575E-05)
   1.00000000       2.00000000      -1.00000000     (  3.49245965E-06, -3.72529030E-05) ( -1.16415322E-05,  1.86264515E-05) ( -1.86264515E-05, -6.98491931E-06)
   1.00000000      -2.00000000      -1.00000000     (  1.16415322E-05, -1.86264515E-05) (  2.79396772E-05, -5.82076609E-06) ( -4.65661287E-05, -4.65661287E-06)
   1.00000000      -1.00000000      -2.00000000     (  2.79396772E-05, -4.65661287E-05) ( -4.65661287E-06, -9.31322575E-06) (  1.86264515E-05, -1.86264515E-05)
   1.00000000      -1.00000000      -1.00000000     ( -4.65661287E-06,  3.72529030E-05) ( -3.72529030E-05,  3.72529030E-05) (  2.79396772E-05,  3.49245965E-06)
   2.00000000       0.00000000      -1.00000000     ( -3.72529030E-05, -2.32830644E-06) (  3.72529030E-05, -5.58793545E-05) ( -7.45058060E-05, -4.65661287E-06)
   2.00000000       1.00000000      -1.00000000     (  1.86264515E-05, -4.65661287E-06) ( -4.65661287E-05,  7.45058060E-05) ( -6.98491931E-06,  5.58793545E-05)
   2.00000000      -1.00000000      -1.00000000     (  3.72529030E-05,  6.98491931E-06) (  2.32830644E-05,  1.16415322E-05) (  4.65661287E-05,  2.91038305E-06)
