   0.00000000       0.00000000       1.00000000     (  2.34693289E-02,  1.09896064E-02) (  5.08502126E-03, -2.60770321E-02) (  0.00000000    ,  0.00000000    )
   0.00000000       0.00000000       2.00000000     (  6.40749931E-03, -5.55068254E-03) ( -1.43423676E-03,  1.39698386E-03) (  0.00000000    ,  0.00000000    )
   0.00000000       1.00000000       0.00000000     ( -5.45755029E-03,  9.87201929E-03) (  0.00000000    ,  0.00000000    ) (  1.77882612E-03, -4.52855602E-04)
   0.00000000       1.00000000       1.00000000     (  3.32482159E-03, -4.97326255E-03) (  5.17815351E-03, -8.27014446E-03) ( -5.17815351E-03,  8.27014446E-03)
   0.00000000       1.00000000       2.00000000     ( -7.58096576E-03,  1.96741894E-04) ( -5.21540642E-03,  3.21306288E-04) (  2.60770321E-03, -1.60653144E-04)
   0.00000000       2.00000000       0.00000000     ( -3.25962901E-03, -6.44475222E-03) (  0.00000000    ,  0.00000000    ) ( -6.59376383E-03,  3.56230885E-04)
   0.00000000       2.00000000       1.00000000     (  3.16649675E-03,  4.93600965E-03) ( -2.53319740E-03, -2.15601176E-03) (  5.06639481E-03,  4.31202352E-03)
   0.00000000      -2.00000000       0.00000000     ( -3.25962901E-03,  6.44475222E-03) (  0.00000000    ,  0.00000000    ) ( -6.59376383E-03, -3.56230885E-04)
   0.00000000      -2.00000000       1.00000000     ( -1.06915832E-02,  1.15483999E-03) ( -1.55065209E-03,  1.59721822E-03) ( -3.10130417E-03,  3.19443643E-03)
   0.00000000      -1.00000000       0.00000000     ( -5.45755029E-03, -9.87201929E-03) (  0.00000000    ,  0.00000000    ) (  1.77882612E-03,  4.52855602E-04)
   0.00000000      -1.00000000       1.00000000     (  1.32247806E-02, -1.52364373E-02) ( -1.16415322E-03, -2.00234354E-03) ( -1.16415322E-03, -2.00234354E-03)
   0.00000000      -1.00000000       2.00000000     ( -3.93483788E-04, -3.20374966E-03) (  7.77654350E-04,  1.85682438E-04) (  3.88827175E-04,  9.28412192E-05)
   1.00000000       0.00000000       0.00000000     (  0.00000000    ,  0.00000000    ) ( -1.70618296E-02,  6.05359674E-03) (  2.60025263E-02,  2.14576721E-02)
   1.00000000       0.00000000       1.00000000     (  3.42726707E-03, -3.14787030E-03) ( -2.65240669E-02,  1.50501728E-02) ( -3.42726707E-03,  3.14787030E-03)
   1.00000000       0.00000000       2.00000000     (  1.20140612E-03,  3.30619514E-03) (  7.82310963E-03,  3.77185643E-03) ( -6.00703061E-04, -1.65309757E-03)
   1.00000000       1.00000000       0.00000000     (  5.40167093E-03,  2.98954546E-03) ( -5.40167093E-03, -2.98954546E-03) ( -8.00937414E-03,  4.61935997E-03)
   1.00000000       1.00000000       1.00000000     ( -4.07919288E-03, -3.96976247E-04) (  2.72877514E-03,  9.51695256E-05) (  1.35041773E-03,  3.01515684E-04)
   1.00000000       1.00000000       2.00000000     ( -1.59256160E-03, -3.02679837E-03) ( -5.83007932E-03, -1.63912773E-03) (  3.70666385E-03,  2.33761966E-03)
   1.00000000       2.00000000       0.00000000     ( -1.98371708E-03,  6.68689609E-03) (  9.91858542E-04, -3.34344804E-03) ( -1.61584467E-03,  7.45058060E-03)
   1.00000000       2.00000000       1.00000000     (  7.26431608E-03,  2.76602805E-03) ( -3.97674739E-03, -2.99885869E-03) (  6.93835318E-04,  3.23168933E-03)
   1.00000000      -2.00000000       0.00000000     (  3.92319635E-04, -3.52971256E-03) (  1.96159817E-04, -1.76485628E-03) ( -9.75560397E-04,  3.09199095E-03)
   1.00000000      -2.00000000       1.00000000     ( -1.79745257E-03,  1.09430403E-03) ( -2.07684934E-03,  2.00234354E-03) ( -2.36555934E-03,  2.90572643E-03)
   1.00000000      -1.00000000       0.00000000     ( -6.16535544E-03, -7.89761543E-03) ( -6.16535544E-03, -7.89761543E-03) ( -5.06639481E-03,  5.36441803E-03)
   1.00000000      -1.00000000       1.00000000     (  4.60073352E-03,  7.80448318E-03) ( -1.01048499E-03,  5.66244125E-03) ( -5.60656190E-03, -2.13738531E-03)
   1.00000000      -1.00000000       2.00000000     (  4.36790287E-03,  5.84870577E-03) (  7.41332769E-03,  4.04193997E-03) (  1.52271241E-03, -9.03382897E-04)
   2.00000000       0.00000000       0.00000000     (  0.00000000    ,  0.00000000    ) (  1.05425715E-02, -4.52622771E-03) ( -5.40167093E-03,  2.16998160E-03)
   2.00000000       0.00000000       1.00000000     ( -3.42726707E-03, -2.50525773E-03) (  2.25380063E-03,  1.00582838E-02) (  6.85453415E-03,  5.01051545E-03)
   2.00000000       1.00000000       0.00000000     ( -2.82190740E-03,  7.86967576E-04) (  5.64381480E-03, -1.57393515E-03) ( -2.84053385E-04, -9.72300768E-03)
   2.00000000       1.00000000       1.00000000     (  1.24797225E-03,  3.93018126E-03) ( -3.90224159E-03, -6.83590770E-03) (  1.41095370E-03, -1.02911144E-03)
   2.00000000      -1.00000000       0.00000000     (  1.97906047E-03,  1.08499080E-03) (  3.95812094E-03,  2.16998160E-03) ( -7.30506144E-05,  1.62981451E-03)
   2.00000000      -1.00000000       1.00000000     ( -3.36207449E-03,  9.61590558E-04) ( -2.32830644E-03, -1.85798854E-03) (  4.39584255E-03, -3.78116965E-03)
