   0.00000000       0.00000000       1.00000000     (  2.78651714E-02,  1.04308128E-02) (  1.84401870E-02, -3.40491533E-02) (  0.00000000    ,  0.00000000    )
   0.00000000       0.00000000       2.00000000     (  1.10827386E-03, -2.73808837E-03) ( -1.99303031E-03, -4.19095159E-04) (  0.00000000    ,  0.00000000    )
   0.00000000       1.00000000       0.00000000     ( -1.45658851E-02,  4.71249223E-03) (  0.00000000    ,  0.00000000    ) (  3.04542482E-03,  7.26431608E-03)
   0.00000000       1.00000000       1.00000000     (  7.09667802E-03, -2.66358256E-03) (  1.38767064E-03, -1.11013651E-02) ( -1.38767064E-03,  1.11013651E-02)
   0.00000000       1.00000000       2.00000000     ( -2.84984708E-03,  1.08033419E-03) ( -6.98491931E-04,  1.87428668E-04) (  3.49245965E-04, -9.37143341E-05)
   0.00000000       2.00000000       0.00000000     ( -1.84401870E-03, -3.35276127E-04) (  0.00000000    ,  0.00000000    ) ( -1.82539225E-03,  1.30385160E-03)
   0.00000000       2.00000000       1.00000000     (  1.08964741E-03,  2.32830644E-03) ( -9.12696123E-04, -3.74857336E-04) (  1.82539225E-03,  7.49714673E-04)
   0.00000000      -2.00000000       0.00000000     ( -1.84401870E-03,  3.35276127E-04) (  0.00000000    ,  0.00000000    ) ( -1.82539225E-03, -1.30385160E-03)
   0.00000000      -2.00000000       1.00000000     ( -5.06639481E-03,  1.26659870E-03) ( -1.01514161E-03,  7.40401447E-04) ( -2.03028321E-03,  1.48080289E-03)
   0.00000000      -1.00000000       0.00000000     ( -1.45658851E-02, -4.71249223E-03) (  0.00000000    ,  0.00000000    ) (  3.04542482E-03, -7.26431608E-03)
   0.00000000      -1.00000000       1.00000000     (  1.51991844E-02, -2.20537186E-02) (  1.03376806E-03, -1.83936208E-04) (  1.03376806E-03, -1.83936208E-04)
   0.00000000      -1.00000000       2.00000000     ( -7.56699592E-06, -9.68575478E-04) (  6.10016286E-04, -1.43423676E-03) (  3.05008143E-04, -7.17118382E-04)
   1.00000000       0.00000000       0.00000000     (  0.00000000    ,  0.00000000    ) ( -1.38953328E-02,  1.02072954E-02) (  3.33786011E-02,  2.79396772E-02)
   1.00000000       0.00000000       1.00000000     (  5.40167093E-03, -2.63098627E-03) ( -3.48687172E-02,  1.30012631E-02) ( -5.40167093E-03,  2.63098627E-03)
   1.00000000       0.00000000       2.00000000     (  8.19563866E-04,  1.49942935E-03) (  3.68803740E-03,  1.71363354E-03) ( -4.09781933E-04, -7.49714673E-04)
   1.00000000       1.00000000       0.00000000     (  6.51925802E-03,  6.87316060E-03) ( -6.51925802E-03, -6.87316060E-03) ( -1.01141632E-02,  9.42498446E-03)
   1.00000000       1.00000000       1.00000000     ( -5.21540642E-04, -1.47148967E-03) ( -3.44589353E-04,  2.79396772E-04) (  8.66129994E-04,  1.19209290E-03)
   1.00000000       1.00000000       2.00000000     ( -1.42026693E-04, -5.96046448E-04) ( -1.38767064E-03,  2.65426934E-04) (  7.63684511E-04,  1.64145604E-04)
   1.00000000       2.00000000       0.00000000     ( -1.03376806E-03,  2.58907676E-03) (  5.16884029E-04, -1.29453838E-03) (  5.40167093E-04, -2.35158950E-04)
   1.00000000       2.00000000       1.00000000     (  2.60770321E-03,  1.57160684E-04) ( -2.32830644E-03, -7.63684511E-04) (  2.04890966E-03,  1.36904418E-03)
   1.00000000      -2.00000000       0.00000000     (  7.39237294E-05, -1.52736902E-03) (  3.69618647E-05, -7.63684511E-04) ( -1.17346644E-03,  5.63450158E-04)
   1.00000000      -2.00000000       1.00000000     ( -2.63098627E-04,  2.04890966E-03) ( -5.21540642E-04,  1.86264515E-03) ( -7.82310963E-04,  1.67638063E-03)
   1.00000000      -1.00000000       0.00000000     ( -4.56348062E-03, -1.58697367E-02) ( -4.56348062E-03, -1.58697367E-02) ( -9.98377800E-03,  1.10268593E-02)
   1.00000000      -1.00000000       1.00000000     (  8.66129994E-04,  8.38190317E-04) ( -1.50874257E-03, -1.27591193E-03) ( -2.36555934E-03, -2.12341547E-03)
   1.00000000      -1.00000000       2.00000000     (  2.72411853E-04,  1.38767064E-03) (  6.33299351E-04,  1.08964741E-03) (  1.80443749E-04, -1.45519152E-04)
   2.00000000       0.00000000       0.00000000     (  0.00000000    ,  0.00000000    ) (  2.84984708E-03,  2.72411853E-04) ( -1.88127160E-03, -6.18456397E-06)
   2.00000000       0.00000000       1.00000000     (  1.55996531E-04, -1.08964741E-03) (  3.70200723E-04,  1.84401870E-03) ( -3.11993062E-04,  2.17929482E-03)
   2.00000000       1.00000000       0.00000000     ( -1.26659870E-03,  1.04773790E-04) (  2.53319740E-03, -2.09547579E-04) (  1.00117177E-04, -2.79396772E-03)
   2.00000000       1.00000000       1.00000000     ( -3.56230885E-04,  6.70552254E-04) (  7.63684511E-04, -1.97440386E-03) ( -5.64614311E-05,  6.28642738E-04)
   2.00000000      -1.00000000       0.00000000     (  1.66473910E-04,  1.07102096E-03) (  3.32947820E-04,  2.14204192E-03) ( -1.23400241E-04,  1.16415322E-03)
   2.00000000      -1.00000000       1.00000000     ( -1.52736902E-03,  1.59488991E-04) ( -1.49011612E-03, -8.90577212E-05) (  1.56462193E-03, -4.09781933E-04)
