   0.00000000       0.00000000      -2.00000000     (  8.94069672E-04,  2.42143869E-04) ( -8.38190317E-04,  2.23517418E-04) (  0.00000000    ,  0.00000000    )
   0.00000000       0.00000000      -1.00000000     (  9.29459929E-03,  1.19954348E-02) (  3.96370888E-02,  7.48783350E-03) (  0.00000000    ,  0.00000000    )
   0.00000000       1.00000000      -2.00000000     (  2.79396772E-04,  2.42143869E-04) (  3.35276127E-04,  5.12227416E-05) (  1.67638063E-04,  2.56113708E-05)
   0.00000000       1.00000000      -1.00000000     ( -6.94766641E-03,  2.42888927E-02) ( -9.64850187E-03, -3.93949449E-03) ( -9.64850187E-03, -3.93949449E-03)
   0.00000000       2.00000000      -1.00000000     ( -3.35276127E-04, -1.86264515E-04) ( -2.88709998E-04,  2.98023224E-04) ( -5.77419996E-04,  5.96046448E-04)
   0.00000000      -2.00000000      -1.00000000     (  4.09781933E-04,  2.42143869E-04) ( -5.35510480E-05,  9.54605639E-05) (  1.07102096E-04, -1.90921128E-04)
   0.00000000      -1.00000000      -2.00000000     (  3.63215804E-04,  4.47034836E-04) ( -1.58324838E-04, -1.90921128E-04) (  7.91624188E-05,  9.54605639E-05)
   0.00000000      -1.00000000      -1.00000000     (  6.72414899E-03, -4.97326255E-03) (  2.78465450E-03,  1.18510798E-03) ( -2.78465450E-03, -1.18510798E-03)
   1.00000000       0.00000000      -2.00000000     ( -3.53902578E-04, -1.44354999E-04) (  3.53902578E-04,  8.94069672E-04) ( -1.76951289E-04, -7.21774995E-05)
   1.00000000       0.00000000      -1.00000000     (  1.17346644E-02, -5.79282641E-03) ( -7.45058060E-03,  2.16066837E-02) (  1.17346644E-02, -5.79282641E-03)
   1.00000000       1.00000000      -2.00000000     (  1.76951289E-04,  3.35276127E-04) ( -3.53902578E-04, -2.70083547E-04) ( -9.08039510E-05,  3.37604433E-05)
   1.00000000       1.00000000      -1.00000000     ( -7.45058060E-04,  1.41561031E-03) ( -1.44354999E-04, -7.82310963E-04) ( -8.94069672E-04,  6.14672899E-04)
   1.00000000       2.00000000      -1.00000000     (  3.84170562E-05, -1.53668225E-04) ( -1.49011612E-04,  7.56699592E-06) ( -2.60770321E-04, -1.35041773E-04)
   1.00000000      -2.00000000      -1.00000000     ( -4.88944352E-05, -2.23517418E-04) (  1.35041773E-04, -1.00117177E-04) ( -3.16649675E-04, -2.27009878E-05)
   1.00000000      -1.00000000      -2.00000000     (  1.25728548E-04, -3.53902578E-04) ( -1.86264515E-04,  5.12227416E-05) (  1.58324838E-04, -2.00234354E-04)
   1.00000000      -1.00000000      -1.00000000     ( -1.68802217E-05,  2.09547579E-04) ( -1.86264515E-04,  1.44354999E-04) (  1.67638063E-04,  6.75208867E-05)
   2.00000000       0.00000000      -1.00000000     ( -2.88709998E-04,  1.92085281E-05) (  2.04890966E-04, -5.02914190E-04) ( -5.77419996E-04,  3.84170562E-05)
   2.00000000       1.00000000      -1.00000000     (  6.28642738E-05, -1.11758709E-04) ( -3.53902578E-04,  4.19095159E-04) ( -2.32830644E-04,  1.95577741E-04)
   2.00000000      -1.00000000      -1.00000000     (  2.60770321E-04,  4.42378223E-05) (  1.44354999E-04,  2.32830644E-04) (  3.81842256E-04, -1.39698386E-04)
