    0.000000        0.000000        1.000000      (2.0861626E-02,1.1548400E-02)
   (-9.6857548E-03,-1.6167760E-02)  (0.000000,0.000000)
    0.000000        0.000000        2.000000      
 (6.2212348E-03,-1.4528632E-03)  (6.0349703E-03,4.8987567E-03)  
 (0.000000,0.000000)
    0.000000        1.000000        0.000000      (1.6763806E-03,7.4878335E-03)
   (0.000000,0.000000)  (3.7811697E-03,-1.9930303E-03)
    0.000000        1.000000        1.000000      (4.5076013E-03,3.6880374E-03)
   (5.7742000E-03,-4.4144690E-03)  (-5.7742000E-03,4.4144690E-03)
    0.000000        1.000000        2.000000      
 (-8.1583858E-03,-2.3515895E-03)  (-4.2002648E-03,-1.8998981E-03)  
 (2.1001324E-03,9.4994903E-04)
    0.000000        2.000000        0.000000      
 (-4.2282045E-03,3.5070116E-05)  (0.000000,0.000000)  
 (-3.5972334E-04,2.9243529E-03)
    0.000000        2.000000        1.000000      
 (9.0338290E-03,-2.9057264E-03)  (-5.2154064E-04,-1.6577542E-03)  
 (1.0430813E-03,3.3155084E-03)
    0.000000       -2.000000        0.000000      
 (-4.2282045E-03,-3.5070116E-05)  (0.000000,0.000000)  
 (-3.5972334E-04,-2.9243529E-03)
    0.000000       -2.000000        1.000000      
 (-1.2218952E-02,-1.1362135E-02)  (-3.4645200E-03,9.1036782E-04)  
 (-6.9290400E-03,1.8207356E-03)
    0.000000       -1.000000        0.000000      
 (1.6763806E-03,-7.4878335E-03)  (0.000000,0.000000)  
 (3.7811697E-03,1.9930303E-03)
    0.000000       -1.000000        1.000000      
 (6.6310167E-03,-5.2526593E-03)  (-1.6391277E-03,-4.7124922E-03)  
 (-1.6391277E-03,-4.7124922E-03)
    0.000000       -1.000000        2.000000      
 (-1.3336539E-02,1.1385418E-03)  (-2.8591603E-03,-2.2409949E-04)  
 (-1.4295802E-03,-1.1204975E-04)
    1.000000        0.000000        0.000000      (0.000000,0.000000)  
 (-2.5779009E-02,5.1409006E-03)  (1.6540289E-02,1.7732382E-02)
    1.000000        0.000000        1.000000      
 (-2.5331974E-03,-2.9616058E-03)  (-1.7881393E-02,1.3858080E-02)  
 (2.5331974E-03,2.9616058E-03)
    1.000000        0.000000        2.000000      (4.3772161E-04,1.7369166E-03)
   (4.4982880E-03,9.7788870E-03)  (-2.1886081E-04,-8.6845830E-04)
    1.000000        1.000000        0.000000      
 (3.0733645E-03,-1.4854595E-03)  (-3.0733645E-03,1.4854595E-03)  
 (-1.8067658E-03,2.5145710E-03)
    1.000000        1.000000        1.000000      (1.6856939E-03,4.3585896E-03)
   (-3.1199306E-03,-3.4645200E-03)  (1.4342368E-03,-8.8941306E-04)
    1.000000        1.000000        2.000000      
 (-4.2188913E-03,1.6530976E-03)  (3.0777301E-05,-4.8708171E-03)  
 (2.0908192E-03,1.6065314E-03)
    1.000000        2.000000        0.000000      (3.2875687E-03,2.1234155E-03)
   (-1.6437843E-03,-1.0617077E-03)  (3.7904829E-03,8.1770122E-03)
    1.000000        2.000000        1.000000      (2.9522926E-03,3.0454248E-03)
   (-2.2212043E-03,8.4750354E-04)  (1.4854595E-03,-4.7404319E-03)
    1.000000       -2.000000        0.000000      (1.3294630E-03,7.4133277E-03)
   (6.6473149E-04,3.7066638E-03)  (-5.4948032E-03,-9.1735274E-04)
    1.000000       -2.000000        1.000000      
 (-2.8964132E-03,-9.8487362E-04)  (-8.0093741E-04,-6.7520887E-04)  
 (1.2922101E-03,-3.6554411E-04)
    1.000000       -1.000000        0.000000      
 (-1.0523945E-03,4.8195943E-04)  (-1.0523945E-03,4.8195943E-04)  
 (-5.6996942E-03,3.3341348E-03)
    1.000000       -1.000000        1.000000      
 (1.3150275E-02,-2.2677705E-03)  (4.0046871E-03,-4.7846697E-04)  
 (-9.1455877E-03,1.7927960E-03)
    1.000000       -1.000000        2.000000      
 (-4.1723251E-03,-1.1129305E-03)  (-7.6368451E-03,-4.5355409E-03)  
 (-1.7369166E-03,-1.7136335E-03)
    2.000000        0.000000        0.000000      (0.000000,0.000000)  
 (1.1809170E-02,-3.2037497E-03)  (-4.4703484E-04,4.3306500E-04)
    2.000000        0.000000        1.000000      
 (-2.5657937E-03,5.4482371E-03)  (3.6880374E-03,8.7730587E-03)  
 (5.1315874E-03,-1.0896474E-02)
    2.000000        1.000000        0.000000      
 (-1.9883737E-03,-3.0826777E-03)  (3.9767474E-03,6.1653554E-03)  
 (-7.7858567E-03,5.2992254E-03)
    2.000000        1.000000        1.000000      (3.0919909E-03,4.1164458E-03)
   (-3.9022416E-03,-1.3113022E-02)  (-2.2863969E-03,4.8894435E-03)
    2.000000       -1.000000        0.000000      
 (-3.6228448E-03,-3.1758100E-03)  (-7.2456896E-03,-6.3516200E-03)  
 (1.1478551E-03,4.0978193E-03)
    2.000000       -1.000000        1.000000      
 (-4.2282045E-03,2.6775524E-03)  (-3.2130629E-03,7.6182187E-03)  
 (5.2340329E-03,2.2584572E-03)
