    0.000000        0.000000        1.000000      (2.3171306E-02,1.2442470E-02)
   (-4.8615038E-03,-1.9893050E-02)  (0.000000,0.000000)
    0.000000        0.000000        2.000000      
 (8.5309148E-03,-2.5238842E-03)  (5.3271651E-03,3.0454248E-03)  
 (0.000000,0.000000)
    0.000000        1.000000        0.000000      
 (-1.4028046E-04,1.1511147E-02)  (0.000000,0.000000)  
 (2.9988587E-03,-3.4552068E-03)
    0.000000        1.000000        1.000000      
 (3.9860606E-03,-6.9150701E-04)  (7.3760748E-03,-5.9977174E-03)  
 (-7.3760748E-03,5.9977174E-03)
    0.000000        1.000000        2.000000      
 (-8.4750354E-03,-2.2538006E-03)  (-8.2515180E-03,2.9467628E-05)  
 (4.1257590E-03,-1.4733814E-05)
    0.000000        2.000000        0.000000      
 (-6.1700121E-04,-4.5634806E-03)  (0.000000,0.000000)  
 (-2.7986243E-03,2.1839514E-03)
    0.000000        2.000000        1.000000      
 (1.0989606E-02,-2.8545037E-03)  (-1.9557774E-04,-2.5518239E-03)  
 (3.9115548E-04,5.1036477E-03)
    0.000000       -2.000000        0.000000      
 (-6.1700121E-04,4.5634806E-03)  (0.000000,0.000000)  
 (-2.7986243E-03,-2.1839514E-03)
    0.000000       -2.000000        1.000000      
 (-1.2628734E-02,-9.4063580E-03)  (-3.9394945E-03,1.0035001E-03)  
 (-7.8789890E-03,2.0070001E-03)
    0.000000       -1.000000        0.000000      
 (-1.4028046E-04,-1.1511147E-02)  (0.000000,0.000000)  
 (2.9988587E-03,3.4552068E-03)
    0.000000       -1.000000        1.000000      
 (7.3947012E-03,-9.7230077E-03)  (-2.8032809E-03,-3.6880374E-03)  
 (-2.8032809E-03,-3.6880374E-03)
    0.000000       -1.000000        2.000000      
 (-1.0877848E-02,3.0826777E-03)  (-8.6147338E-04,4.9825758E-03)  
 (-4.3073669E-04,2.4912879E-03)
    1.000000        0.000000        0.000000      (0.000000,0.000000)  
 (-2.4735928E-02,4.9918890E-03)  (2.1159649E-02,1.9073486E-02)
    1.000000        0.000000        1.000000      
 (-3.8533472E-04,-4.4517219E-03)  (-2.3245811E-02,1.6167760E-02)  
 (3.8533472E-04,4.4517219E-03)
    1.000000        0.000000        2.000000      (1.2619421E-03,1.4342368E-03)
   (5.3551048E-03,1.0076910E-02)  (-6.3097104E-04,-7.1711838E-04)
    1.000000        1.000000        0.000000      
 (4.7497451E-03,-9.5926225E-04)  (-4.7497451E-03,9.5926225E-04)  
 (-4.7497451E-03,2.1141022E-03)
    1.000000        1.000000        1.000000      
 (-1.8160790E-03,3.0919909E-03)  (5.4016709E-04,-1.8673018E-03)  
 (1.2782402E-03,-1.2246892E-03)
    1.000000        1.000000        2.000000      
 (-3.3900142E-03,-1.2642704E-03)  (-2.5052577E-03,-5.8859587E-03)  
 (2.9429793E-03,3.5762787E-03)
    1.000000        2.000000        0.000000      
 (-1.4173565E-04,4.0233135E-03)  (7.0867827E-05,-2.0116568E-03)  
 (2.3702160E-03,1.0821968E-02)
    1.000000        2.000000        1.000000      (5.8114529E-03,4.3585896E-03)
   (-1.4621764E-03,-1.3690442E-03)  (-2.8871000E-03,-1.6205013E-03)
    1.000000       -2.000000        0.000000      
 (-9.4762072E-04,4.9360096E-03)  (-4.7381036E-04,2.4680048E-03)  
 (-6.5751374E-03,-8.4284693E-04)
    1.000000       -2.000000        1.000000      
 (-1.3876706E-03,9.0105459E-04)  (-3.4517143E-04,1.6763806E-03)  
 (6.9616362E-04,2.4493784E-03)
    1.000000       -1.000000        0.000000      
 (-3.6880374E-03,-6.2398612E-04)  (-3.6880374E-03,-6.2398612E-04)  
 (-4.8801303E-03,4.1350722E-03)
    1.000000       -1.000000        1.000000      (1.3895333E-02,6.2398612E-03)
   (5.0198287E-03,6.2398612E-03)  (-8.8848174E-03,1.0277290E-05)
    1.000000       -1.000000        2.000000      (2.2817403E-04,3.6507845E-03)
   (-6.4261258E-04,-2.2118911E-03)  (-4.3539330E-04,-2.9336661E-03)
    2.000000        0.000000        0.000000      (0.000000,0.000000)  
 (1.4714897E-02,-7.1153045E-03)  (-1.6437843E-03,4.3679029E-03)
    2.000000        0.000000        1.000000      
 (-4.9173832E-03,3.0081719E-03)  (5.7090074E-03,1.2964010E-02)  
 (9.8347664E-03,-6.0163438E-03)
    2.000000        1.000000        0.000000      
 (-1.7322600E-03,-1.1897646E-03)  (3.4645200E-03,2.3795292E-03)  
 (-5.0291419E-03,-1.4388934E-03)
    2.000000        1.000000        1.000000      (3.5297126E-03,5.8487058E-03)
   (-6.3888729E-03,-1.2852252E-02)  (-6.6123903E-04,1.1525117E-03)
    2.000000       -1.000000        0.000000      
 (-3.3876859E-04,-2.7148053E-03)  (-6.7753717E-04,-5.4296106E-03)  
 (2.0861626E-03,4.0512532E-03)
    2.000000       -1.000000        1.000000      
 (-5.6531280E-03,1.1292286E-03)  (-5.9977174E-03,1.4575198E-03)  
 (5.3085387E-03,-8.0326572E-04)
