   0.00000000       0.00000000       1.00000000     (  1.95950270E-02,  1.18976459E-03) (  3.34531069E-02, -2.33948231E-02) (  0.00000000    ,  0.00000000    )
   0.00000000       0.00000000       2.00000000     (  6.33299351E-04, -1.78813934E-03) ( -1.41561031E-03, -2.14204192E-04) (  0.00000000    ,  0.00000000    )
   0.00000000       1.00000000       0.00000000     ( -1.43051147E-02, -1.22701749E-03) (  0.00000000    ,  0.00000000    ) (  5.83007932E-03,  1.49756670E-02)
   0.00000000       1.00000000       1.00000000     (  7.74860382E-03,  9.64850187E-03) ( -2.66358256E-03, -4.28408384E-03) (  2.66358256E-03,  4.28408384E-03)
   0.00000000       1.00000000       2.00000000     ( -8.66129994E-04, -4.93600965E-04) ( -6.89178705E-04,  2.21189111E-04) (  3.44589353E-04, -1.10594556E-04)
   0.00000000       2.00000000       0.00000000     (  5.58793545E-04,  1.84401870E-03) (  0.00000000    ,  0.00000000    ) ( -2.08616257E-03,  1.73225999E-03)
   0.00000000       2.00000000       1.00000000     (  1.21071935E-03, -4.51691449E-04) ( -5.21540642E-04,  2.39815563E-04) (  1.04308128E-03, -4.79631126E-04)
   0.00000000      -2.00000000       0.00000000     (  5.58793545E-04, -1.84401870E-03) (  0.00000000    ,  0.00000000    ) ( -2.08616257E-03, -1.73225999E-03)
   0.00000000      -2.00000000       1.00000000     ( -1.56462193E-03, -5.58793545E-05) (  1.04773790E-05, -3.21306288E-04) (  2.09547579E-05, -6.42612576E-04)
   0.00000000      -1.00000000       0.00000000     ( -1.43051147E-02,  1.22701749E-03) (  0.00000000    ,  0.00000000    ) (  5.83007932E-03, -1.49756670E-02)
   0.00000000      -1.00000000       1.00000000     ( -7.42729753E-04, -2.99513340E-02) ( -4.72180545E-03,  2.89641321E-03) ( -4.72180545E-03,  2.89641321E-03)
   0.00000000      -1.00000000       2.00000000     (  5.96046448E-04,  1.04773790E-05) ( -5.77419996E-04, -5.30853868E-04) ( -2.88709998E-04, -2.65426934E-04)
   1.00000000       0.00000000       0.00000000     (  0.00000000    ,  0.00000000    ) ( -1.63167715E-02,  1.68010592E-02) (  2.68220901E-02,  1.45658851E-02)
   1.00000000       0.00000000       1.00000000     ( -8.24220479E-04, -2.43075192E-03) ( -2.73436308E-02, -5.62518835E-03) (  8.24220479E-04,  2.43075192E-03)
   1.00000000       0.00000000       2.00000000     ( -5.12227416E-04,  1.04308128E-03) (  7.07805157E-04,  8.75443220E-04) (  2.56113708E-04, -5.21540642E-04)
   1.00000000       1.00000000       0.00000000     (  1.07567757E-03,  2.00700015E-03) ( -1.07567757E-03, -2.00700015E-03) ( -1.01700425E-02,  1.19581819E-02)
   1.00000000       1.00000000       1.00000000     (  8.10250640E-04, -5.68106771E-04) ( -1.75088644E-03, -9.77888703E-05) (  9.31322575E-04,  6.70552254E-04)
   1.00000000       1.00000000       2.00000000     ( -1.21071935E-03, -1.72294676E-04) (  2.00234354E-04,  5.86733222E-04) (  5.02914190E-04, -2.07219273E-04)
   1.00000000       2.00000000       0.00000000     (  6.79865479E-04, -4.13274392E-05) ( -3.39932740E-04,  2.06637196E-05) (  7.17118382E-04,  9.68575478E-04)
   1.00000000       2.00000000       1.00000000     (  1.04308128E-03,  7.63684511E-04) ( -8.10250640E-04, -1.74622983E-04) (  5.77419996E-04, -4.14438546E-04)
   1.00000000      -2.00000000       0.00000000     ( -9.03382897E-04, -4.47034836E-04) ( -4.51691449E-04, -2.23517418E-04) ( -8.19563866E-04, -1.21071935E-03)
   1.00000000      -2.00000000       1.00000000     ( -5.58793545E-04,  1.93249434E-04) ( -2.11875886E-04,  1.79279596E-04) (  1.32713467E-04,  1.62981451E-04)
   1.00000000      -1.00000000       0.00000000     ( -8.26548785E-04, -9.48086381E-03) ( -8.26548785E-04, -9.48086381E-03) ( -1.16974115E-02,  2.43633986E-02)
   1.00000000      -1.00000000       1.00000000     (  1.62050128E-03,  4.74974513E-04) ( -4.65661287E-04, -2.19792128E-03) ( -2.08616257E-03, -2.64495611E-03)
   1.00000000      -1.00000000       2.00000000     ( -1.73225999E-03,  1.62050128E-03) ( -7.07805157E-04,  8.10250640E-04) (  5.12227416E-04, -4.09781933E-04)
   2.00000000       0.00000000       0.00000000     (  0.00000000    ,  0.00000000    ) (  1.21071935E-03,  2.19792128E-03) ( -5.68106771E-04,  1.56462193E-03)
   2.00000000       0.00000000       1.00000000     (  3.77185643E-04, -6.98491931E-04) (  5.68106771E-04,  1.17346644E-03) ( -7.54371285E-04,  1.39698386E-03)
   2.00000000       1.00000000       0.00000000     ( -1.44063961E-05,  8.28877091E-04) (  2.88127922E-05, -1.65775418E-03) ( -1.08033419E-03,  1.73225999E-03)
   2.00000000       1.00000000       1.00000000     (  4.33064997E-04,  2.60770321E-04) ( -7.63975549E-06, -1.58324838E-03) ( -8.66129994E-04,  1.06170774E-03)
   2.00000000      -1.00000000       0.00000000     ( -3.95812094E-04,  4.79631126E-04) ( -7.91624188E-04,  9.59262252E-04) ( -6.42612576E-04,  8.49831849E-05)
   2.00000000      -1.00000000       1.00000000     ( -6.33299351E-04,  1.25728548E-04) ( -1.82539225E-03,  1.77533366E-05) ( -5.58793545E-04, -2.32830644E-04)
