    0.000000        0.000000       -2.000000      (8.2142651E-03,1.9976869E-03)
   (5.8487058E-03,-3.8929284E-03)  (0.000000,0.000000)
    0.000000        0.000000       -1.000000      
 (2.2202730E-02,-1.2107193E-02)  (-6.4074993E-03,1.8253922E-02)  
 (0.000000,0.000000)
    0.000000        1.000000       -2.000000      
 (-1.2479722E-02,-3.1106174E-03)  (-1.5739352E-03,-3.9208680E-03)  
 (-7.8696758E-04,-1.9604340E-03)
    0.000000        1.000000       -1.000000      (6.6496432E-03,8.1211329E-03)
   (-2.4866313E-03,3.9488077E-03)  (-2.4866313E-03,3.9488077E-03)
    0.000000        2.000000       -1.000000      
 (-1.3038516E-02,1.0710210E-02)  (-4.1630119E-03,-1.1012889E-03)  
 (-8.3260238E-03,-2.2025779E-03)
    0.000000       -2.000000       -1.000000      (1.1473894E-02,3.2689422E-03)
   (-8.0908649E-05,2.3655593E-03)  (1.6181730E-04,-4.7311187E-03)
    0.000000       -1.000000       -2.000000      
 (-8.3632767E-03,2.5238842E-03)  (-7.2084367E-03,4.1094609E-04)  
 (3.6042184E-03,-2.0547304E-04)
    0.000000       -1.000000       -1.000000      
 (4.0791929E-03,-6.0535967E-04)  (6.9476664E-03,5.3830445E-03)  
 (-6.9476664E-03,-5.3830445E-03)
    1.000000        0.000000       -2.000000      (8.0838799E-03,3.6694109E-03)
   (-2.4167821E-03,6.8172812E-03)  (4.0419400E-03,1.8347055E-03)
    1.000000        0.000000       -1.000000      
 (4.0791929E-03,-3.0733645E-04)  (8.8289380E-03,-3.0081719E-03)  
 (4.0791929E-03,-3.0733645E-04)
    1.000000        1.000000       -2.000000      
 (-2.9988587E-03,-1.9837171E-03)  (-2.1886081E-04,-1.3709068E-02)  
 (-1.6111881E-03,-7.8417361E-03)
    1.000000        1.000000       -1.000000      
 (-8.4936619E-03,-3.8649887E-03)  (2.8871000E-03,-9.0105459E-04)  
 (-5.6065619E-03,-4.7590584E-03)
    1.000000        2.000000       -1.000000      
 (-1.0021031E-02,-2.5890768E-03)  (1.9650906E-03,2.7427450E-03)  
 (-6.0908496E-03,2.9010698E-03)
    1.000000       -2.000000       -1.000000      
 (-8.5448846E-04,-6.3329935E-03)  (-1.5273690E-03,-3.1478703E-03)  
 (2.2025779E-03,-3.6015990E-05)
    1.000000       -1.000000       -2.000000      (4.9546361E-03,1.9557774E-03)
   (-3.9767474E-03,2.5564805E-03)  (4.4703484E-03,-3.0093361E-04)
    1.000000       -1.000000       -1.000000      
 (-9.7416341E-03,3.3155084E-03)  (-8.0280006E-03,7.9628080E-04)  
 (-1.7089769E-03,2.5192276E-03)
    2.000000        0.000000       -1.000000      (3.6379788E-04,4.7404319E-03)
   (2.6309863E-03,7.5250864E-03)  (7.2759576E-04,9.4808638E-03)
    2.000000        1.000000       -1.000000      
 (-1.2281816E-04,-6.2398612E-04)  (4.3492764E-03,-6.6310167E-03)  
 (4.0978193E-03,-7.8789890E-03)
    2.000000       -1.000000       -1.000000      
 (-1.9138679E-03,1.3015233E-03)  (5.4598786E-04,5.5972487E-03)  
 (-4.3772161E-03,-2.9988587E-03)
