    0.000000        0.000000        1.000000      (2.3171306E-02,1.2218952E-02)
   (-3.0733645E-03,-2.1010637E-02)  (0.000000,0.000000)
    0.000000        0.000000        2.000000      
 (7.9721212E-03,-3.0640513E-03)  (4.2188913E-03,2.2118911E-03)  
 (0.000000,0.000000)
    0.000000        1.000000        0.000000      
 (-8.4983185E-04,1.1883676E-02)  (0.000000,0.000000)  
 (2.6263297E-03,-3.4552068E-03)
    0.000000        1.000000        1.000000      
 (3.7252903E-03,-1.8673018E-03)  (7.3760748E-03,-6.4447522E-03)  
 (-7.3760748E-03,6.4447522E-03)
    0.000000        1.000000        2.000000      
 (-8.0466270E-03,-1.7462298E-03)  (-8.2887709E-03,3.0733645E-04)  
 (4.1443855E-03,-1.5366822E-04)
    0.000000        2.000000        0.000000      
 (5.3405529E-05,-5.6251884E-03)  (0.000000,0.000000)  
 (-3.4458935E-03,1.3643876E-03)
    0.000000        2.000000        1.000000      
 (9.2759728E-03,-1.7043203E-03)  (-5.1339157E-04,-2.5471672E-03)  
 (1.0267831E-03,5.0943345E-03)
    0.000000       -2.000000        0.000000      (5.3405529E-05,5.6251884E-03)
   (0.000000,0.000000)  (-3.4458935E-03,-1.3643876E-03)
    0.000000       -2.000000        1.000000      
 (-1.1213124E-02,-7.0966780E-03)  (-3.1758100E-03,9.2433766E-04)  
 (-6.3516200E-03,1.8486753E-03)
    0.000000       -1.000000        0.000000      
 (-8.4983185E-04,-1.1883676E-02)  (0.000000,0.000000)  
 (2.6263297E-03,3.4552068E-03)
    0.000000       -1.000000        1.000000      
 (8.2328916E-03,-1.0989606E-02)  (-2.8405339E-03,-3.2968819E-03)  
 (-2.8405339E-03,-3.2968819E-03)
    0.000000       -1.000000        2.000000      
 (-8.2328916E-03,2.2212043E-03)  (-2.4156179E-04,5.0291419E-03)  
 (-1.2078090E-04,2.5145710E-03)
    1.000000        0.000000        0.000000      (0.000000,0.000000)  
 (-2.3394823E-02,5.0105155E-03)  (2.2277236E-02,1.9222498E-02)
    1.000000        0.000000        1.000000      
 (4.0396117E-04,-4.5821071E-03)  (-2.4065375E-02,1.6167760E-02)  
 (-4.0396117E-04,4.5821071E-03)
    1.000000        0.000000        2.000000      (1.1897646E-03,1.6484410E-03)
   (5.1688403E-03,8.3446503E-03)  (-5.9488229E-04,-8.2422048E-04)
    1.000000        1.000000        0.000000      
 (5.0105155E-03,-3.8417056E-04)  (-5.0105155E-03,3.8417056E-04)  
 (-5.5320561E-03,2.2631139E-03)
    1.000000        1.000000        1.000000      
 (-2.5844201E-03,2.3050234E-03)  (1.4388934E-03,-1.3504177E-03)  
 (1.1455268E-03,-9.5460564E-04)
    1.000000        1.000000        2.000000      
 (-2.8591603E-03,-1.9790605E-03)  (-3.3248216E-03,-5.2899122E-03)  
 (3.0919909E-03,3.6321580E-03)
    1.000000        2.000000        0.000000      
 (-1.0244548E-03,4.7031790E-03)  (5.1222742E-04,-2.3515895E-03)  
 (1.1920929E-03,1.0617077E-02)
    1.000000        2.000000        1.000000      (6.2026083E-03,3.7997961E-03)
   (-1.5506521E-03,-1.7788261E-03)  (-3.1106174E-03,-2.3923349E-04)
    1.000000       -2.000000        0.000000      
 (-1.1338852E-03,2.4773180E-03)  (-5.6694262E-04,1.2386590E-03)  
 (-5.2526593E-03,-4.8079528E-04)
    1.000000       -2.000000        1.000000      
 (-1.6670674E-03,1.1152588E-03)  (-9.8487362E-04,1.8859282E-03)  
 (-2.9976945E-04,2.6542693E-03)
    1.000000       -1.000000        0.000000      
 (-4.4330955E-03,-1.5646219E-03)  (-4.4330955E-03,-1.5646219E-03)  
 (-4.5821071E-03,4.1536987E-03)
    1.000000       -1.000000        1.000000      (1.1846423E-02,7.5995922E-03)
   (4.0140003E-03,7.3574483E-03)  (-7.8231096E-03,-2.5436748E-04)
    1.000000       -1.000000        2.000000      (1.9092113E-03,4.9732625E-03)
   (2.1560118E-03,-6.5192580E-04)  (1.2369128E-04,-2.8125942E-03)
    2.000000        0.000000        0.000000      (0.000000,0.000000)  
 (1.3560057E-02,-7.3388219E-03)  (-2.3422763E-03,4.7869980E-03)
    2.000000        0.000000        1.000000      
 (-4.9825758E-03,1.6484410E-03)  (5.1502138E-03,1.2591481E-02)  
 (9.9651515E-03,-3.2968819E-03)
    2.000000        1.000000        0.000000      
 (-1.7089769E-03,-4.0512532E-04)  (3.4179538E-03,8.1025064E-04)  
 (-3.3807009E-03,-3.5483390E-03)
    2.000000        1.000000        1.000000      (3.1106174E-03,5.5134296E-03)
   (-6.0722232E-03,-1.0952353E-02)  (-1.3475074E-04,-8.4692147E-05)
    2.000000       -1.000000        0.000000      
 (4.4936314E-04,-2.0116568E-03)  (8.9872628E-04,-4.0233135E-03)  
 (1.4714897E-03,3.3807009E-03)
    2.000000       -1.000000        1.000000      
 (-5.2247196E-03,6.3562766E-04)  (-5.6065619E-03,-3.6205165E-04)  
 (4.8428774E-03,-1.6298145E-03)
