   0.00000000       0.00000000      -2.00000000     (  6.63101673E-03,  4.25614417E-03) (  1.39232725E-03, -1.45751983E-03) (  0.00000000    ,  0.00000000    )
   0.00000000       0.00000000      -1.00000000     (  2.31713057E-02, -1.15856528E-02) (  7.82310963E-04,  2.34693289E-02) (  0.00000000    ,  0.00000000    )
   0.00000000       1.00000000      -2.00000000     ( -3.20374966E-03,  6.14672899E-04) (  6.00703061E-04, -3.27825546E-03) (  3.00351530E-04, -1.63912773E-03)
   0.00000000       1.00000000      -1.00000000     (  1.06543303E-02,  1.32620335E-02) ( -2.35624611E-03,  2.49594450E-03) ( -2.35624611E-03,  2.49594450E-03)
   0.00000000       2.00000000      -1.00000000     ( -9.23871994E-03,  2.32830644E-03) ( -1.60187483E-03, -1.07800588E-03) ( -3.20374966E-03, -2.15601176E-03)
   0.00000000      -2.00000000      -1.00000000     (  5.43892384E-03, -1.73225999E-03) ( -1.47148967E-03,  2.46800482E-03) (  2.94297934E-03, -4.93600965E-03)
   0.00000000      -1.00000000      -2.00000000     ( -7.35744834E-03,  8.33533704E-04) ( -6.85453415E-03, -5.48316166E-04) (  3.42726707E-03,  2.74158083E-04)
   0.00000000      -1.00000000      -1.00000000     (  3.17580998E-03,  3.85567546E-03) (  6.68689609E-03,  7.32019544E-03) ( -6.68689609E-03, -7.32019544E-03)
   1.00000000       0.00000000      -2.00000000     (  2.57045031E-03,  4.89875674E-03) ( -3.50177288E-03,  7.97212124E-03) (  1.28522515E-03,  2.44937837E-03)
   1.00000000       0.00000000      -1.00000000     (  3.59490514E-03,  3.98140401E-04) (  8.41915607E-03, -9.40635800E-04) (  3.59490514E-03,  3.98140401E-04)
   1.00000000       1.00000000      -2.00000000     ( -4.27477062E-03, -3.57627869E-03) (  5.02914190E-03, -7.39470124E-03) (  3.77185643E-04, -5.49480319E-03)
   1.00000000       1.00000000      -1.00000000     ( -7.72997737E-03, -4.58210707E-03) (  5.47617674E-03, -1.82189979E-04) ( -2.24448740E-03, -4.76837158E-03)
   1.00000000       2.00000000      -1.00000000     ( -5.49480319E-03, -2.19326466E-03) (  7.14790076E-04,  1.29453838E-03) ( -4.06056643E-03,  3.98140401E-04)
   1.00000000      -2.00000000      -1.00000000     (  6.05359674E-04, -3.48314643E-03) (  3.00351530E-04, -3.25962901E-03) (  4.29281499E-06,  3.03611159E-03)
   1.00000000      -1.00000000      -2.00000000     (  9.59262252E-04,  9.94186848E-04) (  4.55183908E-04,  3.52738425E-04) (  2.52621248E-04,  3.20142135E-04)
   1.00000000      -1.00000000      -1.00000000     ( -4.52622771E-03,  9.98843461E-04) ( -6.83590770E-03,  8.98726285E-04) (  2.30036676E-03,  1.00117177E-04)
   2.00000000       0.00000000      -1.00000000     ( -2.00234354E-03,  1.49942935E-03) ( -7.91624188E-03,  3.96743417E-03) ( -4.00468707E-03,  2.99885869E-03)
   2.00000000       1.00000000      -1.00000000     (  9.17352736E-04,  1.79279596E-03) (  1.94646418E-03, -5.12227416E-03) (  3.78116965E-03, -1.54133886E-03)
   2.00000000      -1.00000000      -1.00000000     (  4.58676368E-04, -1.87661499E-03) (  2.33761966E-03, -1.09663233E-03) ( -1.42492354E-03, -2.65426934E-03)
