   0.00000000       0.00000000       1.00000000     (  3.77185643E-04, -1.08405948E-02) (  2.19047070E-02,  3.93018126E-03) (  0.00000000    ,  0.00000000    )
   0.00000000       0.00000000       2.00000000     (  8.38190317E-03, -2.35624611E-03) ( -1.23679638E-02, -6.33299351E-03) (  0.00000000    ,  0.00000000    )
   0.00000000       1.00000000       0.00000000     (  5.51342964E-03, -1.98371708E-03) (  0.00000000    ,  0.00000000    ) (  1.40070915E-02, -4.20957804E-03)
   0.00000000       1.00000000       1.00000000     ( -3.63215804E-03, -1.63912773E-03) (  4.06056643E-03, -1.25728548E-03) ( -4.06056643E-03,  1.25728548E-03)
   0.00000000       1.00000000       2.00000000     (  6.12810254E-03, -5.15952706E-03) ( -2.91503966E-03,  2.50525773E-03) (  1.45751983E-03, -1.25262886E-03)
   0.00000000       2.00000000       0.00000000     ( -5.49480319E-04,  7.48783350E-03) (  0.00000000    ,  0.00000000    ) ( -1.18277967E-03,  1.85333192E-03)
   0.00000000       2.00000000       1.00000000     ( -8.98726285E-04, -4.65661287E-03) ( -1.71363354E-03,  1.59721822E-03) (  3.42726707E-03, -3.19443643E-03)
   0.00000000      -2.00000000       0.00000000     ( -5.49480319E-04, -7.48783350E-03) (  0.00000000    ,  0.00000000    ) ( -1.18277967E-03, -1.85333192E-03)
   0.00000000      -2.00000000       1.00000000     (  1.45751983E-03,  1.03842467E-03) ( -7.45058060E-04,  2.40979716E-04) ( -1.49011612E-03,  4.81959432E-04)
   0.00000000      -1.00000000       0.00000000     (  5.51342964E-03,  1.98371708E-03) (  0.00000000    ,  0.00000000    ) (  1.40070915E-02,  4.20957804E-03)
   0.00000000      -1.00000000       1.00000000     ( -7.41332769E-03, -1.15111470E-02) ( -5.73694706E-03,  5.69969416E-03) ( -5.73694706E-03,  5.69969416E-03)
   0.00000000      -1.00000000       2.00000000     ( -1.88127160E-03, -3.33413482E-03) (  1.38767064E-03,  2.72877514E-03) (  6.93835318E-04,  1.36438757E-03)
   1.00000000       0.00000000       0.00000000     (  0.00000000    ,  0.00000000    ) ( -2.46614218E-02,  7.52508640E-03) (  1.47521496E-02, -4.41446900E-03)
   1.00000000       0.00000000       1.00000000     ( -1.51339918E-03, -1.88127160E-03) (  1.05239451E-03, -7.97212124E-03) (  1.51339918E-03,  1.88127160E-03)
   1.00000000       0.00000000       2.00000000     ( -4.26545739E-03, -1.69500709E-03) ( -8.98726285E-04,  2.79396772E-03) (  2.13272870E-03,  8.47503543E-04)
   1.00000000       1.00000000       0.00000000     (  1.28988177E-03,  7.47386366E-04) ( -1.28988177E-03, -7.47386366E-04) (  6.18398190E-03,  1.23679638E-02)
   1.00000000       1.00000000       1.00000000     ( -3.61353159E-03, -7.66012818E-04) (  1.32713467E-03,  4.35858965E-03) (  2.29105353E-03, -3.59490514E-03)
   1.00000000       1.00000000       2.00000000     ( -2.20723450E-03,  1.16880983E-03) (  2.98954546E-03,  1.56462193E-03) ( -3.92319635E-04, -1.36904418E-03)
   1.00000000       2.00000000       0.00000000     ( -1.57160684E-05,  1.41095370E-03) (  7.85803422E-06, -7.05476850E-04) ( -2.53319740E-03, -4.98257577E-04)
   1.00000000       2.00000000       1.00000000     (  3.27825546E-03,  6.00703061E-04) ( -1.20606273E-03, -3.09664756E-04) ( -8.66129994E-04,  1.97906047E-05)
   1.00000000      -2.00000000       0.00000000     ( -2.44472176E-04,  4.05125320E-04) ( -1.22236088E-04,  2.02562660E-04) ( -2.29105353E-03,  3.48314643E-03)
   1.00000000      -2.00000000       1.00000000     ( -9.77888703E-04, -3.11410986E-05) (  8.70786607E-04, -6.51925802E-05) (  2.71946192E-03, -9.98261385E-05)
   1.00000000      -1.00000000       0.00000000     (  4.97326255E-03,  1.21537596E-03) (  4.97326255E-03,  1.21537596E-03) ( -3.25962901E-03,  6.20260835E-03)
   1.00000000      -1.00000000       1.00000000     (  5.23868948E-04,  4.20957804E-03) ( -7.98609108E-04, -4.69386578E-03) ( -1.32247806E-03, -8.90344381E-03)
   1.00000000      -1.00000000       2.00000000     ( -5.55068254E-03, -1.58324838E-03) (  1.93715096E-03,  1.09430403E-03) (  3.74391675E-03,  1.34110451E-03)
   2.00000000       0.00000000       0.00000000     (  0.00000000    ,  0.00000000    ) ( -2.54251063E-03,  4.04193997E-03) (  3.96976247E-04, -2.92435288E-03)
   2.00000000       0.00000000       1.00000000     ( -1.17812306E-03,  1.16880983E-03) ( -2.58907676E-03, -3.81842256E-03) (  2.35624611E-03, -2.33761966E-03)
   2.00000000       1.00000000       0.00000000     ( -1.03376806E-03, -1.42026693E-03) (  2.06753612E-03,  2.84053385E-03) (  4.40049917E-04,  3.66941094E-03)
   2.00000000       1.00000000       1.00000000     ( -7.45058060E-04,  3.78349796E-04) ( -3.71364877E-04,  1.21537596E-03) (  1.86264515E-03, -1.97440386E-03)
   2.00000000      -1.00000000       0.00000000     ( -2.93366611E-03, -1.31316483E-03) ( -5.86733222E-03, -2.62632966E-03) (  1.56927854E-03,  6.25848770E-03)
   2.00000000      -1.00000000       1.00000000     (  2.24448740E-03, -1.27125531E-03) ( -1.43423676E-03,  6.07687980E-04) ( -5.92321157E-03,  3.14787030E-03)
