   0.00000000       0.00000000       1.00000000     (  1.22562051E-02, -1.03935599E-02) (  4.18722630E-02, -1.11013651E-02) (  0.00000000    ,  0.00000000    )
   0.00000000       0.00000000       2.00000000     (  2.23517418E-04, -8.38190317E-05) ( -1.86264515E-04, -1.86264515E-05) (  0.00000000    ,  0.00000000    )
   0.00000000       1.00000000       0.00000000     ( -1.52736902E-03, -4.49828804E-03) (  0.00000000    ,  0.00000000    ) (  1.44913793E-02,  7.17118382E-03)
   0.00000000       1.00000000       1.00000000     (  8.54954123E-03,  7.11530447E-03) (  1.65775418E-03, -1.32247806E-03) ( -1.65775418E-03,  1.32247806E-03)
   0.00000000       1.00000000       2.00000000     (  6.51925802E-05, -8.38190317E-05) ( -5.58793545E-05,  4.19095159E-05) (  2.79396772E-05, -2.09547579E-05)
   0.00000000       2.00000000       0.00000000     (  1.11758709E-04,  7.45058060E-05) (  0.00000000    ,  0.00000000    ) ( -9.31322575E-05,  2.56113708E-05)
   0.00000000       2.00000000       1.00000000     (  1.67638063E-04, -4.19095159E-05) ( -3.25962901E-05, -3.72529030E-05) (  6.51925802E-05,  7.45058060E-05)
   0.00000000      -2.00000000       0.00000000     (  1.11758709E-04, -7.45058060E-05) (  0.00000000    ,  0.00000000    ) ( -9.31322575E-05, -2.56113708E-05)
   0.00000000      -2.00000000       1.00000000     ( -7.45058060E-05,  1.60071068E-06) ( -7.45058060E-05, -8.38190317E-05) ( -1.49011612E-04, -1.67638063E-04)
   0.00000000      -1.00000000       0.00000000     ( -1.52736902E-03,  4.49828804E-03) (  0.00000000    ,  0.00000000    ) (  1.44913793E-02, -7.17118382E-03)
   0.00000000      -1.00000000       1.00000000     ( -6.66826963E-03, -2.75671482E-02) ( -9.70438123E-03,  3.46451998E-03) ( -9.70438123E-03,  3.46451998E-03)
   0.00000000      -1.00000000       2.00000000     (  9.31322575E-05, -3.72529030E-05) (  5.58793545E-05, -2.79396772E-05) (  2.79396772E-05, -1.39698386E-05)
   1.00000000       0.00000000       0.00000000     (  0.00000000    ,  0.00000000    ) ( -3.15159559E-02,  2.26497650E-02) (  1.89989805E-02,  8.05594027E-04)
   1.00000000       0.00000000       1.00000000     ( -3.58559191E-03,  5.75091690E-04) ( -1.59069896E-02, -1.80676579E-02) (  3.58559191E-03, -5.75091690E-04)
   1.00000000       0.00000000       2.00000000     ( -1.49011612E-04, -7.45058060E-05) (  8.38190317E-05,  5.58793545E-05) (  7.45058060E-05,  3.72529030E-05)
   1.00000000       1.00000000       0.00000000     (  2.63564289E-03,  4.86150384E-03) ( -2.63564289E-03, -4.86150384E-03) ( -4.36790287E-03,  1.17346644E-02)
   1.00000000       1.00000000       1.00000000     (  6.51925802E-05,  8.38190317E-05) ( -2.23517418E-04,  5.23868948E-06) (  1.67638063E-04, -8.38190317E-05)
   1.00000000       1.00000000       2.00000000     ( -2.60770321E-04,  4.19095159E-05) (  9.31322575E-05,  1.49011612E-04) (  8.38190317E-05, -9.31322575E-05)
   1.00000000       2.00000000       0.00000000     ( -2.32830644E-05,  5.12227416E-05) (  1.16415322E-05, -2.56113708E-05) ( -9.31322575E-05, -5.82076609E-06)
   1.00000000       2.00000000       1.00000000     ( -1.86264515E-05,  3.25962901E-05) ( -6.51925802E-05,  4.07453626E-06) (  1.30385160E-04, -4.19095159E-05)
   1.00000000      -2.00000000       0.00000000     ( -1.16415322E-05,  7.45058060E-05) ( -5.82076609E-06,  3.72529030E-05) ( -6.51925802E-05, -1.49011612E-04)
   1.00000000      -2.00000000       1.00000000     ( -1.30385160E-04, -5.58793545E-05) ( -2.56113708E-05, -2.09547579E-05) (  7.45058060E-05,  1.28056854E-05)
   1.00000000      -1.00000000       0.00000000     (  9.08039510E-04, -4.89875674E-03) (  9.08039510E-04, -4.89875674E-03) ( -8.45640898E-03,  3.33040953E-02)
   1.00000000      -1.00000000       1.00000000     (  2.98023224E-04,  1.30385160E-04) (  9.31322575E-06, -2.23517418E-04) ( -2.60770321E-04, -3.35276127E-04)
   1.00000000      -1.00000000       2.00000000     ( -1.11758709E-04, -2.32830644E-06) ( -5.58793545E-05,  1.11758709E-04) (  2.79396772E-05,  5.58793545E-05)
   2.00000000       0.00000000       0.00000000     (  0.00000000    ,  0.00000000    ) (  6.51925802E-05,  1.86264515E-04) ( -8.38190317E-05, -1.16415322E-05)
   2.00000000       0.00000000       1.00000000     ( -2.09547579E-05,  6.40284270E-06) ( -2.61934474E-06,  4.65661287E-05) (  4.19095159E-05, -1.28056854E-05)
   2.00000000       1.00000000       0.00000000     (  3.25962901E-05,  2.32830644E-05) ( -6.51925802E-05, -4.65661287E-05) (  2.09547579E-05,  7.45058060E-05)
   2.00000000       1.00000000       1.00000000     (  5.82076609E-07, -2.79396772E-05) ( -9.31322575E-05,  5.58793545E-05) (  9.31322575E-05, -5.23868948E-06)
   2.00000000      -1.00000000       0.00000000     ( -5.12227416E-05, -2.79396772E-05) ( -1.02445483E-04, -5.58793545E-05) ( -1.86264515E-05, -1.62981451E-05)
   2.00000000      -1.00000000       1.00000000     ( -2.32830644E-05, -1.02445483E-04) ( -6.51925802E-05, -7.45058060E-05) ( -2.09547579E-05,  1.30385160E-04)
