   0.00000000       0.00000000       1.00000000     (  4.37721610E-04, -1.08405948E-02) (  2.19792128E-02,  3.81842256E-03) (  0.00000000    ,  0.00000000    )
   0.00000000       0.00000000       2.00000000     (  8.34465027E-03, -2.30036676E-03) ( -1.22562051E-02, -6.35161996E-03) (  0.00000000    ,  0.00000000    )
   0.00000000       1.00000000       0.00000000     (  5.45755029E-03, -2.04890966E-03) (  0.00000000    ,  0.00000000    ) (  1.40815973E-02, -4.13507223E-03)
   0.00000000       1.00000000       1.00000000     ( -3.48314643E-03, -1.55996531E-03) (  4.06056643E-03, -1.25728548E-03) ( -4.06056643E-03,  1.25728548E-03)
   0.00000000       1.00000000       2.00000000     (  6.10947609E-03, -5.19677997E-03) ( -2.83122063E-03,  2.54251063E-03) (  1.41561031E-03, -1.27125531E-03)
   0.00000000       2.00000000       0.00000000     ( -4.42378223E-04,  7.48783350E-03) (  0.00000000    ,  0.00000000    ) ( -1.17812306E-03,  1.95577741E-03)
   0.00000000       2.00000000       1.00000000     ( -9.45292413E-04, -4.76837158E-03) ( -1.70432031E-03,  1.62515789E-03) (  3.40864062E-03, -3.25031579E-03)
   0.00000000      -2.00000000       0.00000000     ( -4.42378223E-04, -7.48783350E-03) (  0.00000000    ,  0.00000000    ) ( -1.17812306E-03, -1.95577741E-03)
   0.00000000      -2.00000000       1.00000000     (  1.35041773E-03,  1.10361725E-03) ( -7.56699592E-04,  2.39815563E-04) ( -1.51339918E-03,  4.79631126E-04)
   0.00000000      -1.00000000       0.00000000     (  5.45755029E-03,  2.04890966E-03) (  0.00000000    ,  0.00000000    ) (  1.40815973E-02,  4.13507223E-03)
   0.00000000      -1.00000000       1.00000000     ( -7.37607479E-03, -1.15483999E-02) ( -5.79282641E-03,  5.68106771E-03) ( -5.79282641E-03,  5.68106771E-03)
   0.00000000      -1.00000000       2.00000000     ( -1.84401870E-03, -3.35276127E-03) (  1.45751983E-03,  2.66358256E-03) (  7.28759915E-04,  1.33179128E-03)
   1.00000000       0.00000000       0.00000000     (  0.00000000    ,  0.00000000    ) ( -2.46614218E-02,  7.63684511E-03) (  1.47521496E-02, -4.39584255E-03)
   1.00000000       0.00000000       1.00000000     ( -1.51805580E-03, -1.86264515E-03) (  9.08039510E-04, -8.08387995E-03) (  1.51805580E-03,  1.86264515E-03)
   1.00000000       0.00000000       2.00000000     ( -4.28408384E-03, -1.71363354E-03) ( -8.61473382E-04,  2.72877514E-03) (  2.14204192E-03,  8.56816769E-04)
   1.00000000       1.00000000       0.00000000     (  1.34110451E-03,  7.91624188E-04) ( -1.34110451E-03, -7.91624188E-04) (  6.14672899E-03,  1.22934580E-02)
   1.00000000       1.00000000       1.00000000     ( -3.50177288E-03, -7.47386366E-04) (  1.22934580E-03,  4.33996320E-03) (  2.27242708E-03, -3.59490514E-03)
   1.00000000       1.00000000       2.00000000     ( -2.30967999E-03,  1.15483999E-03) (  2.99885869E-03,  1.59256160E-03) ( -3.48081812E-04, -1.37370080E-03)
   1.00000000       2.00000000       0.00000000     (  3.23052518E-05,  1.50408596E-03) ( -1.61526259E-05, -7.52042979E-04) ( -2.59838998E-03, -4.00468707E-04)
   1.00000000       2.00000000       1.00000000     (  3.28756869E-03,  6.54254109E-04) ( -1.20140612E-03, -3.22470441E-04) ( -8.84756446E-04, -9.05856723E-06)
   1.00000000      -2.00000000       0.00000000     ( -1.55414455E-04,  4.42378223E-04) ( -7.77072273E-05,  2.21189111E-04) ( -2.32830644E-03,  3.40864062E-03)
   1.00000000      -2.00000000       1.00000000     ( -1.04308128E-03,  2.18278728E-05) (  8.24220479E-04, -8.33097147E-06) (  2.69152224E-03, -3.88536137E-05)
   1.00000000      -1.00000000       0.00000000     (  4.89875674E-03,  1.15483999E-03) (  4.89875674E-03,  1.15483999E-03) ( -3.30619514E-03,  6.46337867E-03)
   1.00000000      -1.00000000       1.00000000     (  6.70552254E-04,  4.22820449E-03) ( -7.75326043E-04, -4.74974513E-03) ( -1.44354999E-03, -8.97794962E-03)
   1.00000000      -1.00000000       2.00000000     ( -5.58793545E-03, -1.59256160E-03) (  1.93715096E-03,  1.03376806E-03) (  3.76254320E-03,  1.31316483E-03)
   2.00000000       0.00000000       0.00000000     (  0.00000000    ,  0.00000000    ) ( -2.50525773E-03,  4.07919288E-03) (  3.03843990E-04, -2.89641321E-03)
   2.00000000       0.00000000       1.00000000     ( -1.16415322E-03,  1.15949661E-03) ( -2.64495611E-03, -3.76254320E-03) (  2.32830644E-03, -2.31899321E-03)
   2.00000000       1.00000000       0.00000000     ( -1.01048499E-03, -1.40164047E-03) (  2.02096999E-03,  2.80328095E-03) (  4.84287739E-04,  3.61353159E-03)
   2.00000000       1.00000000       1.00000000     ( -7.31088221E-04,  3.66708264E-04) ( -4.13274392E-04,  1.22003257E-03) (  1.87195837E-03, -1.95577741E-03)
   2.00000000      -1.00000000       0.00000000     ( -2.94297934E-03, -1.32247806E-03) ( -5.88595867E-03, -2.64495611E-03) (  1.60187483E-03,  6.27711415E-03)
   2.00000000      -1.00000000       1.00000000     (  2.21654773E-03, -1.34110451E-03) ( -1.43423676E-03,  5.84404916E-04) ( -5.86733222E-03,  3.25962901E-03)
