   0.00000000       0.00000000       1.00000000     (  2.30967999E-02,  1.13248825E-02) (  2.19792128E-03, -2.42888927E-02) (  0.00000000    ,  0.00000000    )
   0.00000000       0.00000000       2.00000000     (  6.83590770E-03, -4.97326255E-03) (  4.57512215E-04,  1.50874257E-03) (  0.00000000    ,  0.00000000    )
   0.00000000       1.00000000       0.00000000     ( -3.65078449E-03,  1.11013651E-02) (  0.00000000    ,  0.00000000    ) (  1.80210918E-03, -1.87661499E-03)
   0.00000000       1.00000000       1.00000000     (  3.09199095E-03, -4.33996320E-03) (  6.18398190E-03, -7.59959221E-03) ( -6.18398190E-03,  7.59959221E-03)
   0.00000000       1.00000000       2.00000000     ( -7.76723027E-03, -6.03031367E-04) ( -6.66826963E-03,  5.51808625E-04) (  3.33413482E-03, -2.75904313E-04)
   0.00000000       2.00000000       0.00000000     ( -1.39698386E-03, -7.00354576E-03) (  0.00000000    ,  0.00000000    ) ( -5.96046448E-03,  3.18977982E-04)
   0.00000000       2.00000000       1.00000000     (  4.71249223E-03,  3.08267772E-03) ( -1.94646418E-03, -2.51457095E-03) (  3.89292836E-03,  5.02914190E-03)
   0.00000000      -2.00000000       0.00000000     ( -1.39698386E-03,  7.00354576E-03) (  0.00000000    ,  0.00000000    ) ( -5.96046448E-03, -3.18977982E-04)
   0.00000000      -2.00000000       1.00000000     ( -9.90927219E-03, -1.07102096E-03) ( -1.48080289E-03,  1.32247806E-03) ( -2.96160579E-03,  2.64495611E-03)
   0.00000000      -1.00000000       0.00000000     ( -3.65078449E-03, -1.11013651E-02) (  0.00000000    ,  0.00000000    ) (  1.80210918E-03,  1.87661499E-03)
   0.00000000      -1.00000000       1.00000000     (  1.15856528E-02, -1.38953328E-02) ( -1.98371708E-03, -2.28174031E-03) ( -1.98371708E-03, -2.28174031E-03)
   0.00000000      -1.00000000       2.00000000     ( -2.10944563E-03, -1.72760338E-03) (  7.82310963E-04,  2.44006515E-03) (  3.91155481E-04,  1.22003257E-03)
   1.00000000       0.00000000       0.00000000     (  0.00000000    ,  0.00000000    ) ( -1.89244747E-02,  5.53205609E-03) (  2.48104334E-02,  2.04145908E-02)
   1.00000000       0.00000000       1.00000000     (  2.58907676E-03, -3.85567546E-03) ( -2.54809856E-02,  1.53854489E-02) ( -2.58907676E-03,  3.85567546E-03)
   1.00000000       0.00000000       2.00000000     (  1.05937943E-03,  2.82190740E-03) (  6.22123480E-03,  4.46103513E-03) ( -5.29689714E-04, -1.41095370E-03)
   1.00000000       1.00000000       0.00000000     (  5.30853868E-03,  1.88127160E-03) ( -5.30853868E-03, -1.88127160E-03) ( -7.30156898E-03,  3.57627869E-03)
   1.00000000       1.00000000       1.00000000     ( -3.81842256E-03,  5.43659553E-04) (  2.72877514E-03, -3.41096893E-04) (  1.08964741E-03, -2.01980583E-04)
   1.00000000       1.00000000       2.00000000     ( -2.10478902E-03, -2.83122063E-03) ( -5.43892384E-03, -3.05473804E-03) (  3.77185643E-03,  2.94297934E-03)
   1.00000000       2.00000000       0.00000000     ( -2.08616257E-03,  6.14672899E-03) (  1.04308128E-03, -3.07336450E-03) ( -1.19209290E-03,  9.31322575E-03)
   1.00000000       2.00000000       1.00000000     (  7.22706318E-03,  2.81259418E-03) ( -3.06405127E-03, -2.67289579E-03) ( -1.08499080E-03,  2.52388418E-03)
   1.00000000      -2.00000000       0.00000000     ( -4.23460733E-05, -2.84984708E-03) ( -2.11730367E-05, -1.42492354E-03) ( -1.65309757E-03,  1.88592821E-03)
   1.00000000      -2.00000000       1.00000000     ( -2.20257789E-03,  6.89178705E-04) ( -2.32830644E-03,  1.46683306E-03) ( -2.45869160E-03,  2.24914402E-03)
   1.00000000      -1.00000000       0.00000000     ( -5.97909093E-03, -5.51342964E-03) ( -5.97909093E-03, -5.51342964E-03) ( -4.45172191E-03,  4.69386578E-03)
   1.00000000      -1.00000000       1.00000000     (  6.61239028E-03,  8.73580575E-03) (  6.82193786E-04,  7.45058060E-03) ( -5.92321157E-03, -1.29919499E-03)
   1.00000000      -1.00000000       2.00000000     (  4.43309546E-03,  6.46337867E-03) (  7.30156898E-03,  3.16649675E-03) (  1.43889338E-03, -1.64844096E-03)
   2.00000000       0.00000000       0.00000000     (  0.00000000    ,  0.00000000    ) (  1.13621354E-02, -6.03497028E-03) ( -4.74974513E-03,  3.72529030E-03)
   2.00000000       0.00000000       1.00000000     ( -4.33996320E-03, -1.56927854E-03) (  3.14787030E-03,  1.12131238E-02) (  8.67992640E-03,  3.13855708E-03)
   2.00000000       1.00000000       0.00000000     ( -2.43075192E-03,  8.80099833E-04) (  4.86150384E-03, -1.76019967E-03) ( -8.82428139E-04, -8.51228833E-03)
   2.00000000       1.00000000       1.00000000     (  1.89524144E-03,  4.49828804E-03) ( -5.01051545E-03, -7.69272447E-03) (  1.20606273E-03, -1.29919499E-03)
   2.00000000      -1.00000000       0.00000000     (  1.73691660E-03,  1.15542207E-04) (  3.47383320E-03,  2.31084414E-04) (  2.64262781E-04,  1.74622983E-03)
   2.00000000      -1.00000000       1.00000000     ( -3.79048288E-03,  7.17118382E-04) ( -3.11061740E-03, -2.10478902E-03) (  4.47034836E-03, -3.53902578E-03)
