   0.00000000       0.00000000       1.00000000     (  8.21426511E-03, -1.22562051E-02) (  3.82959843E-02, -6.22123480E-03) (  0.00000000    ,  0.00000000    )
   0.00000000       0.00000000       2.00000000     (  1.11758709E-03, -2.60770321E-04) ( -1.08033419E-03, -3.53902578E-04) (  0.00000000    ,  0.00000000    )
   0.00000000       1.00000000       0.00000000     (  1.42958015E-03, -4.39584255E-03) (  0.00000000    ,  0.00000000    ) (  1.60187483E-02,  2.90572643E-03)
   0.00000000       1.00000000       1.00000000     (  5.88595867E-03,  4.26545739E-03) (  3.11061740E-03, -1.17346644E-03) ( -3.11061740E-03,  1.17346644E-03)
   0.00000000       1.00000000       2.00000000     (  4.93600965E-04, -5.96046448E-04) ( -1.62981451E-04,  2.56113708E-04) (  8.14907253E-05, -1.28056854E-04)
   0.00000000       2.00000000       0.00000000     (  7.26431608E-04,  2.88709998E-04) (  0.00000000    ,  0.00000000    ) ( -1.14087015E-04,  2.32830644E-04)
   0.00000000       2.00000000       1.00000000     (  3.91155481E-04, -3.53902578E-04) ( -4.30736691E-05, -7.91624188E-05) (  8.61473382E-05,  1.58324838E-04)
   0.00000000      -2.00000000       0.00000000     (  7.26431608E-04, -2.88709998E-04) (  0.00000000    ,  0.00000000    ) ( -1.14087015E-04, -2.32830644E-04)
   0.00000000      -2.00000000       1.00000000     ( -4.19095159E-04,  3.07336450E-04) ( -3.53902578E-04, -3.25962901E-04) ( -7.07805157E-04, -6.51925802E-04)
   0.00000000      -1.00000000       0.00000000     (  1.42958015E-03,  4.39584255E-03) (  0.00000000    ,  0.00000000    ) (  1.60187483E-02, -2.90572643E-03)
   0.00000000      -1.00000000       1.00000000     ( -6.94766641E-03, -2.30222940E-02) ( -9.46223736E-03,  4.09781933E-03) ( -9.46223736E-03,  4.09781933E-03)
   0.00000000      -1.00000000       2.00000000     (  3.07336450E-04, -3.35276127E-04) (  4.47034836E-04, -3.37604433E-05) (  2.23517418E-04, -1.68802217E-05)
   1.00000000       0.00000000       0.00000000     (  0.00000000    ,  0.00000000    ) ( -3.21865082E-02,  2.00420618E-02) (  1.73225999E-02, -2.35624611E-03)
   1.00000000       0.00000000       1.00000000     ( -2.95229256E-03,  1.18452590E-04) ( -1.08033419E-02, -1.73971057E-02) (  2.95229256E-03, -1.18452590E-04)
   1.00000000       0.00000000       2.00000000     ( -7.07805157E-04, -4.84287739E-04) (  3.16649675E-04,  2.70083547E-04) (  3.53902578E-04,  2.42143869E-04)
   1.00000000       1.00000000       0.00000000     (  3.66941094E-03,  4.20957804E-03) ( -3.66941094E-03, -4.20957804E-03) ( -7.56699592E-04,  1.11013651E-02)
   1.00000000       1.00000000       1.00000000     (  2.70083547E-04,  3.16649675E-04) ( -8.94069672E-04,  1.72294676E-04) (  6.14672899E-04, -4.93600965E-04)
   1.00000000       1.00000000       2.00000000     ( -9.87201929E-04,  1.62981451E-04) (  5.12227416E-04,  6.70552254E-04) (  2.37487257E-04, -4.09781933E-04)
   1.00000000       2.00000000       0.00000000     ( -1.67638063E-04,  5.40167093E-04) (  8.38190317E-05, -2.70083547E-04) ( -3.35276127E-04, -7.68341124E-05)
   1.00000000       2.00000000       1.00000000     (  1.35041773E-04,  2.88709998E-04) ( -2.37487257E-04, -8.14907253E-05) (  3.35276127E-04, -1.30385160E-04)
   1.00000000      -2.00000000       0.00000000     (  1.58324838E-04,  4.28408384E-04) (  7.91624188E-05,  2.14204192E-04) ( -3.35276127E-04, -5.21540642E-04)
   1.00000000      -2.00000000       1.00000000     ( -6.33299351E-04, -2.56113708E-05) ( -2.14204192E-04,  7.45058060E-05) (  2.14204192E-04,  1.72294676E-04)
   1.00000000      -1.00000000       0.00000000     (  1.76951289E-03, -3.46451998E-03) (  1.76951289E-03, -3.46451998E-03) ( -7.39470124E-03,  2.82377005E-02)
   1.00000000      -1.00000000       1.00000000     (  1.22934580E-03,  5.96046448E-04) (  4.19095159E-05, -1.08033419E-03) ( -1.19209290E-03, -1.67638063E-03)
   1.00000000      -1.00000000       2.00000000     ( -5.96046448E-04, -5.00585884E-05) ( -4.65661287E-05,  3.53902578E-04) (  2.70083547E-04,  2.04890966E-04)
   2.00000000       0.00000000       0.00000000     (  0.00000000    ,  0.00000000    ) (  1.35041773E-04,  8.75443220E-04) ( -3.72529030E-04, -2.46800482E-04)
   2.00000000       0.00000000       1.00000000     ( -1.00117177E-04,  5.12227416E-05) ( -2.51457095E-04,  2.21189111E-05) (  2.00234354E-04, -1.02445483E-04)
   2.00000000       1.00000000       0.00000000     (  3.08500603E-05,  2.38651410E-05) ( -6.17001206E-05, -4.77302819E-05) (  1.81607902E-04,  2.09547579E-04)
   2.00000000       1.00000000       1.00000000     ( -5.23868948E-05, -6.28642738E-05) ( -3.72529030E-04,  3.25962901E-04) (  4.74974513E-04, -1.95577741E-04)
   2.00000000      -1.00000000       0.00000000     ( -3.07336450E-04, -2.32830644E-04) ( -6.14672899E-04, -4.65661287E-04) (  2.18860805E-04,  1.07102096E-04)
   2.00000000      -1.00000000       1.00000000     ( -3.72529030E-05, -5.77419996E-04) ( -2.42143869E-04, -3.25962901E-04) ( -1.72294676E-04,  8.56816769E-04)
