   0.00000000       0.00000000       1.00000000     (  1.74622983E-03, -1.10641122E-02) (  2.49594450E-02,  1.70432031E-03) (  0.00000000    ,  0.00000000    )
   0.00000000       0.00000000       2.00000000     (  5.99771738E-03, -1.18277967E-03) ( -8.34465027E-03, -4.73111868E-03) (  0.00000000    ,  0.00000000    )
   0.00000000       1.00000000       0.00000000     (  4.60073352E-03, -2.97091901E-03) (  0.00000000    ,  0.00000000    ) (  1.46031380E-02, -2.71946192E-03)
   0.00000000       1.00000000       1.00000000     ( -8.98726285E-04, -2.45636329E-04) (  4.07919288E-03, -1.24331564E-03) ( -4.07919288E-03,  1.24331564E-03)
   0.00000000       1.00000000       2.00000000     (  4.35858965E-03, -4.24683094E-03) ( -1.14552677E-03,  2.30036676E-03) (  5.72763383E-04, -1.15018338E-03)
   0.00000000       2.00000000       0.00000000     (  1.33179128E-03,  4.82425094E-03) (  0.00000000    ,  0.00000000    ) ( -5.56465238E-04,  2.30967999E-03)
   0.00000000       2.00000000       1.00000000     ( -9.59262252E-04, -4.26545739E-03) ( -8.42846930E-04,  1.34110451E-03) (  1.68569386E-03, -2.68220901E-03)
   0.00000000      -2.00000000       0.00000000     (  1.33179128E-03, -4.82425094E-03) (  0.00000000    ,  0.00000000    ) ( -5.56465238E-04, -2.30967999E-03)
   0.00000000      -2.00000000       1.00000000     ( -6.44940883E-04,  1.62050128E-03) ( -9.87201929E-04, -7.65430741E-05) ( -1.97440386E-03, -1.53086148E-04)
   0.00000000      -1.00000000       0.00000000     (  4.60073352E-03,  2.97091901E-03) (  0.00000000    ,  0.00000000    ) (  1.46031380E-02,  2.71946192E-03)
   0.00000000      -1.00000000       1.00000000     ( -6.91041350E-03, -1.31502748E-02) ( -6.68689609E-03,  5.27128577E-03) ( -6.68689609E-03,  5.27128577E-03)
   0.00000000      -1.00000000       2.00000000     ( -7.03148544E-04, -2.68220901E-03) (  1.93715096E-03,  1.10361725E-03) (  9.68575478E-04,  5.51808625E-04)
   1.00000000       0.00000000       0.00000000     (  0.00000000    ,  0.00000000    ) ( -2.56299973E-02,  1.01327896E-02) (  1.42306089E-02, -4.26545739E-03)
   1.00000000       0.00000000       1.00000000     ( -1.66241080E-03, -1.36904418E-03) ( -1.66706741E-03, -1.02818012E-02) (  1.66241080E-03,  1.36904418E-03)
   1.00000000       0.00000000       2.00000000     ( -3.46451998E-03, -1.75088644E-03) ( -7.71251507E-05,  1.64844096E-03) (  1.73225999E-03,  8.75443220E-04)
   1.00000000       1.00000000       0.00000000     (  2.30967999E-03,  1.59256160E-03) ( -2.30967999E-03, -1.59256160E-03) (  5.14090061E-03,  1.11013651E-02)
   1.00000000       1.00000000       1.00000000     ( -1.31316483E-03, -1.81607902E-04) ( -4.93600965E-04,  2.94297934E-03) (  1.80676579E-03, -2.77534127E-03)
   1.00000000       1.00000000       2.00000000     ( -2.92435288E-03,  6.54254109E-04) (  2.36555934E-03,  1.83470547E-03) (  2.77068466E-04, -1.24331564E-03)
   1.00000000       2.00000000       0.00000000     (  4.28408384E-04,  2.40281224E-03) ( -2.14204192E-04, -1.20140612E-03) ( -2.47731805E-03,  6.70552254E-04)
   1.00000000       2.00000000       1.00000000     (  2.50525773E-03,  1.34110451E-03) ( -8.47503543E-04, -4.98257577E-04) ( -8.19563866E-04, -3.44589353E-04)
   1.00000000      -2.00000000       0.00000000     (  8.56816769E-04,  8.19563866E-04) (  4.28408384E-04,  4.09781933E-04) ( -2.10478902E-03,  1.15483999E-03)
   1.00000000      -2.00000000       1.00000000     ( -1.69500709E-03,  4.33064997E-04) ( -2.39815563E-04,  6.61239028E-04) (  1.21537596E-03,  8.94069672E-04)
   1.00000000      -1.00000000       0.00000000     (  3.59490514E-03,  8.06176104E-05) (  3.59490514E-03,  8.06176104E-05) ( -4.37721610E-03,  1.13993883E-02)
   1.00000000      -1.00000000       1.00000000     (  2.47731805E-03,  3.27825546E-03) ( -3.79513949E-04, -4.47034836E-03) ( -2.84984708E-03, -7.74860382E-03)
   1.00000000      -1.00000000       2.00000000     ( -4.47034836E-03, -1.27125531E-03) (  1.49942935E-03,  3.81842256E-04) (  2.98023224E-03,  8.28877091E-04)
   2.00000000       0.00000000       0.00000000     (  0.00000000    ,  0.00000000    ) ( -1.40629709E-03,  3.76254320E-03) ( -9.35979187E-04, -1.89989805E-03)
   2.00000000       0.00000000       1.00000000     ( -7.26431608E-04,  7.21774995E-04) ( -2.47731805E-03, -1.94646418E-03) (  1.45286322E-03, -1.44354999E-03)
   2.00000000       1.00000000       0.00000000     ( -4.95929271E-04, -7.96280801E-04) (  9.91858542E-04,  1.59256160E-03) (  7.12461770E-04,  1.96509063E-03)
   2.00000000       1.00000000       1.00000000     ( -4.37721610E-04,  1.59488991E-04) ( -8.70786607E-04,  1.00117177E-03) (  1.74157321E-03, -1.32247806E-03)
   2.00000000      -1.00000000       0.00000000     ( -2.22586095E-03, -1.25262886E-03) ( -4.45172191E-03, -2.50525773E-03) (  1.61118805E-03,  4.41446900E-03)
   2.00000000      -1.00000000       1.00000000     (  1.26659870E-03, -1.88127160E-03) ( -9.91858542E-04,  2.50292942E-04) ( -3.52039933E-03,  4.02331352E-03)
