    0.000000        0.000000       -2.000000      (7.4319541E-03,1.6856939E-03)
   (6.0722232E-03,-4.5262277E-03)  (0.000000,0.000000)
    0.000000        0.000000       -1.000000      
 (2.1532178E-02,-1.1809170E-02)  (-7.8976154E-03,1.7061830E-02)  
 (0.000000,0.000000)
    0.000000        1.000000       -2.000000      
 (-1.3299286E-02,-2.4680048E-03)  (-2.2305176E-03,-2.2305176E-03)  
 (-1.1152588E-03,-1.1152588E-03)
    0.000000        1.000000       -1.000000      (6.3888729E-03,6.6682696E-03)
   (-2.1047890E-03,4.2654574E-03)  (-2.1047890E-03,4.2654574E-03)
    0.000000        2.000000       -1.000000      
 (-1.2926757E-02,1.1287630E-02)  (-4.0140003E-03,-1.1548400E-03)  
 (-8.0280006E-03,-2.3096800E-03)
    0.000000       -2.000000       -1.000000      (1.0915101E-02,3.1758100E-03)
   (-1.8917490E-04,2.1001324E-03)  (3.7834980E-04,-4.2002648E-03)
    0.000000       -1.000000       -2.000000      
 (-8.2328916E-03,2.5564805E-03)  (-5.8487058E-03,1.0081567E-03)  
 (2.9243529E-03,-5.0407834E-04)
    0.000000       -1.000000       -1.000000      
 (4.1909516E-03,-1.9371510E-03)  (6.4261258E-03,4.8801303E-03)  
 (-6.4261258E-03,-4.8801303E-03)
    1.000000        0.000000       -2.000000      (8.5495412E-03,3.0454248E-03)
   (-3.0547380E-03,5.4761767E-03)  (4.2747706E-03,1.5227124E-03)
    1.000000        0.000000       -1.000000      
 (3.9301813E-03,-5.6810677E-04)  (8.0093741E-03,-3.7811697E-03)  
 (3.9301813E-03,-5.6810677E-04)
    1.000000        1.000000       -2.000000      
 (-3.1385571E-03,-1.0197982E-03)  (-1.8393621E-03,-1.3634562E-02)  
 (-2.4912879E-03,-7.3201954E-03)
    1.000000        1.000000       -1.000000      
 (-8.3073974E-03,-2.1886081E-03)  (2.3329630E-03,-1.1944212E-03)  
 (-5.9790909E-03,-3.3807009E-03)
    1.000000        2.000000       -1.000000      
 (-9.4994903E-03,-1.1269003E-03)  (1.7927960E-03,2.8545037E-03)  
 (-5.9232116E-03,4.5821071E-03)
    1.000000       -2.000000       -1.000000      
 (-2.2409949E-04,-5.3737313E-03)  (-1.1129305E-03,-2.2631139E-03)  
 (1.9976869E-03,-8.4517524E-04)
    1.000000       -1.000000       -2.000000      (4.9918890E-03,1.0593794E-03)
   (-4.2468309E-03,1.9976869E-03)  (4.6193600E-03,-4.6915375E-04)
    1.000000       -1.000000       -1.000000      
 (-1.0132790E-02,3.9488077E-03)  (-7.1153045E-03,5.4598786E-04)  
 (-3.0174851E-03,3.3993274E-03)
    2.000000        0.000000       -1.000000      (1.3271347E-03,4.5727938E-03)
   (5.6903809E-03,7.6368451E-03)  (2.6542693E-03,9.1455877E-03)
    2.000000        1.000000       -1.000000      
 (-6.7753717E-04,-1.4249235E-03)  (4.1816384E-03,-5.7928264E-03)  
 (2.8312206E-03,-8.6426735E-03)
    2.000000       -1.000000       -1.000000      
 (-1.7881393E-03,2.1280721E-03)  (3.1606760E-04,6.1839819E-03)  
 (-3.8929284E-03,-1.9371510E-03)
