   0.00000000       0.00000000       1.00000000     (  4.85670171E-06, -1.10268593E-02) (  2.13831663E-02,  4.69386578E-03) (  0.00000000    ,  0.00000000    )
   0.00000000       0.00000000       2.00000000     (  8.38190317E-03, -2.70083547E-03) ( -1.23679638E-02, -5.99771738E-03) (  0.00000000    ,  0.00000000    )
   0.00000000       1.00000000       0.00000000     (  5.92321157E-03, -1.47148967E-03) (  0.00000000    ,  0.00000000    ) (  1.40815973E-02, -4.80562449E-03)
   0.00000000       1.00000000       1.00000000     ( -4.67523932E-03, -2.17929482E-03) (  4.06056643E-03, -1.25728548E-03) ( -4.06056643E-03,  1.25728548E-03)
   0.00000000       1.00000000       2.00000000     (  5.92321157E-03, -4.69386578E-03) ( -3.31550837E-03,  2.24448740E-03) (  1.65775418E-03, -1.12224370E-03)
   0.00000000       2.00000000       0.00000000     ( -1.11758709E-03,  7.15255737E-03) (  0.00000000    ,  0.00000000    ) ( -1.05239451E-03,  1.03376806E-03)
   0.00000000       2.00000000       1.00000000     ( -5.37838787E-04, -3.72529030E-03) ( -1.65775418E-03,  1.34576112E-03) (  3.31550837E-03, -2.69152224E-03)
   0.00000000      -2.00000000       0.00000000     ( -1.11758709E-03, -7.15255737E-03) (  0.00000000    ,  0.00000000    ) ( -1.05239451E-03, -1.03376806E-03)
   0.00000000      -2.00000000       1.00000000     (  1.96509063E-03,  5.51808625E-04) ( -7.00820237E-04,  2.06055120E-04) ( -1.40164047E-03,  4.12110239E-04)
   0.00000000      -1.00000000       0.00000000     (  5.92321157E-03,  1.47148967E-03) (  0.00000000    ,  0.00000000    ) (  1.40815973E-02,  4.80562449E-03)
   0.00000000      -1.00000000       1.00000000     ( -7.78585672E-03, -1.13621354E-02) ( -5.60656190E-03,  5.84870577E-03) ( -5.60656190E-03,  5.84870577E-03)
   0.00000000      -1.00000000       2.00000000     ( -1.97440386E-03, -3.07336450E-03) (  9.17352736E-04,  2.99885869E-03) (  4.58676368E-04,  1.49942935E-03)
   1.00000000       0.00000000       0.00000000     (  0.00000000    ,  0.00000000    ) ( -2.49594450E-02,  6.92903996E-03) (  1.54227018E-02, -4.56348062E-03)
   1.00000000       0.00000000       1.00000000     ( -1.52271241E-03, -2.05822289E-03) (  1.96509063E-03, -7.37607479E-03) (  1.52271241E-03,  2.05822289E-03)
   1.00000000       0.00000000       2.00000000     ( -4.09781933E-03, -1.58324838E-03) ( -1.08499080E-03,  3.11061740E-03) (  2.04890966E-03,  7.91624188E-04)
   1.00000000       1.00000000       0.00000000     (  9.68575478E-04,  4.72646207E-04) ( -9.68575478E-04, -4.72646207E-04) (  6.46337867E-03,  1.30012631E-02)
   1.00000000       1.00000000       1.00000000     ( -4.17232513E-03, -8.38190317E-04) (  1.84401870E-03,  4.20957804E-03) (  2.32830644E-03, -3.37138772E-03)
   1.00000000       1.00000000       2.00000000     ( -1.50408596E-03,  1.19674951E-03) (  2.81259418E-03,  1.37835741E-03) ( -6.54254109E-04, -1.28988177E-03)
   1.00000000       2.00000000       0.00000000     ( -3.30619514E-04,  7.82310963E-04) (  1.65309757E-04, -3.91155481E-04) ( -1.97440386E-03, -1.08964741E-03)
   1.00000000       2.00000000       1.00000000     (  3.01748514E-03,  2.80560926E-04) ( -1.15483999E-03, -2.37487257E-04) ( -7.07805157E-04,  1.94413587E-04)
   1.00000000      -2.00000000       0.00000000     ( -8.10250640E-04,  1.62981451E-04) ( -4.05125320E-04,  8.14907253E-05) ( -1.91852450E-03,  3.61353159E-03)
   1.00000000      -2.00000000       1.00000000     ( -5.72763383E-04, -3.93483788E-04) (  1.07567757E-03, -3.88827175E-04) (  2.72877514E-03, -3.84170562E-04)
   1.00000000      -1.00000000       0.00000000     (  5.60656190E-03,  1.57393515E-03) (  5.60656190E-03,  1.57393515E-03) ( -2.98023224E-03,  4.58210707E-03)
   1.00000000      -1.00000000       1.00000000     ( -3.93483788E-04,  4.02331352E-03) ( -9.45292413E-04, -4.20957804E-03) ( -5.54136932E-04, -8.23289156E-03)
   1.00000000      -1.00000000       2.00000000     ( -5.06639481E-03, -1.48080289E-03) (  1.90921128E-03,  1.46217644E-03) (  3.48314643E-03,  1.47148967E-03)
   2.00000000       0.00000000       0.00000000     (  0.00000000    ,  0.00000000    ) ( -2.65426934E-03,  3.66941094E-03) (  9.59262252E-04, -2.99885869E-03)
   2.00000000       0.00000000       1.00000000     ( -1.22468919E-03,  1.19674951E-03) ( -2.08616257E-03, -4.07919288E-03) (  2.44937837E-03, -2.39349902E-03)
   2.00000000       1.00000000       0.00000000     ( -1.14087015E-03, -1.45751983E-03) (  2.28174031E-03,  2.91503966E-03) (  1.26892701E-04,  3.89292836E-03)
   2.00000000       1.00000000       1.00000000     ( -8.14907253E-04,  4.37721610E-04) ( -9.02218744E-05,  1.14552677E-03) (  1.72294676E-03, -2.02096999E-03)
   2.00000000      -1.00000000       0.00000000     ( -2.74740160E-03, -1.22468919E-03) ( -5.49480319E-03, -2.44937837E-03) (  1.28056854E-03,  5.86733222E-03)
   2.00000000      -1.00000000       1.00000000     (  2.32830644E-03, -7.70669430E-04) ( -1.35973096E-03,  7.59027898E-04) ( -6.01634383E-03,  2.30036676E-03)
