    0.000000        0.000000        1.000000      (2.2128224E-02,1.2293458E-02)
   (-1.3932586E-02,-1.7508864E-02)  (0.000000,0.000000)
    0.000000        0.000000        2.000000      
 (2.7567148E-03,-3.6670826E-04)  (3.5017729E-03,3.0733645E-03)  
 (0.000000,0.000000)
    0.000000        1.000000        0.000000      (3.4179538E-03,4.0419400E-03)
   (0.000000,0.000000)  (4.9732625E-03,-6.8685040E-04)
    0.000000        1.000000        1.000000      (6.1839819E-03,8.1211329E-03)
   (4.9360096E-03,-4.2095780E-03)  (-4.9360096E-03,4.2095780E-03)
    0.000000        1.000000        2.000000      
 (-5.2899122E-03,-1.0617077E-03)  (-9.6391886E-04,-2.3841858E-03)  
 (4.8195943E-04,1.1920929E-03)
    0.000000        2.000000        0.000000      
 (-2.9895455E-03,1.3923272E-03)  (0.000000,0.000000)  
 (1.2805685E-03,1.9278377E-03)
    0.000000        2.000000        1.000000      
 (2.6635826E-03,-1.8812716E-03)  (-9.2666596E-04,-5.1921234E-04)  
 (1.8533319E-03,1.0384247E-03)
    0.000000       -2.000000        0.000000      
 (-2.9895455E-03,-1.3923272E-03)  (0.000000,0.000000)  
 (1.2805685E-03,-1.9278377E-03)
    0.000000       -2.000000        1.000000      
 (-6.1653554E-03,-6.9662929E-03)  (-1.3038516E-03,-1.6705599E-04)  
 (-2.6077032E-03,-3.3411197E-04)
    0.000000       -1.000000        0.000000      
 (3.4179538E-03,-4.0419400E-03)  (0.000000,0.000000)  
 (4.9732625E-03,6.8685040E-04)
    0.000000       -1.000000        1.000000      
 (9.2759728E-03,-3.9860606E-03)  (-9.4063580E-04,-5.9977174E-03)  
 (-9.4063580E-04,-5.9977174E-03)
    0.000000       -1.000000        2.000000      
 (-8.1211329E-03,-9.9651515E-04)  (-2.5052577E-03,-2.9057264E-03)  
 (-1.2526289E-03,-1.4528632E-03)
    1.000000        0.000000        0.000000      (0.000000,0.000000)  
 (-2.9653311E-02,6.6496432E-03)  (1.6093254E-02,2.0191073E-02)
    1.000000        0.000000        1.000000      
 (-4.1164458E-03,-2.0954758E-03)  (-1.5646219E-02,1.3597310E-02)  
 (4.1164458E-03,2.0954758E-03)
    1.000000        0.000000        2.000000      (5.0931703E-05,1.6763806E-03)
   (2.8498471E-03,4.6752393E-03)  (-2.5465852E-05,-8.3819032E-04)
    1.000000        1.000000        0.000000      
 (1.7276034E-03,-1.2433156E-03)  (-1.7276034E-03,1.2433156E-03)  
 (-1.4726538E-04,3.9860606E-03)
    1.000000        1.000000        1.000000      (1.7788261E-03,3.2503158E-03)
   (-2.7194619E-03,-3.3434480E-03)  (9.4063580E-04,9.2259143E-05)
    1.000000        1.000000        2.000000      
 (-2.7287751E-03,1.8812716E-03)  (5.1455572E-04,-1.6810372E-03)  
 (1.1082739E-03,-9.8079909E-05)
    1.000000        2.000000        0.000000      (3.2130629E-03,1.7182902E-03)
   (-1.6065314E-03,-8.5914508E-04)  (1.3643876E-03,4.1723251E-03)
    1.000000        2.000000        1.000000      (1.3504177E-03,1.7136335E-03)
   (-1.6903505E-03,6.5425411E-04)  (2.0302832E-03,-3.0174851E-03)
    1.000000       -2.000000        0.000000      (1.4249235E-03,2.8125942E-03)
   (7.1246177E-04,1.4062971E-03)  (-2.6542693E-03,-1.7171260E-04)
    1.000000       -2.000000        1.000000      
 (-2.7380884E-03,-1.7508864E-03)  (-1.3783574E-03,-1.4482066E-03)  
 (-1.9354047E-05,-1.1408702E-03)
    1.000000       -1.000000        0.000000      
 (8.2887709E-04,-2.0256266E-04)  (8.2887709E-04,-2.0256266E-04)  
 (-7.2643161E-03,2.4493784E-03)
    1.000000       -1.000000        1.000000      
 (7.0780516E-03,-4.9173832E-03)  (1.6624108E-03,-2.7101487E-03)  
 (-5.4389238E-03,2.2072345E-03)
    1.000000       -1.000000        2.000000      
 (-3.9115548E-03,-1.8533319E-03)  (-5.3271651E-03,-3.1571835E-03)  
 (-7.0547685E-04,-6.4959750E-04)
    2.000000        0.000000        0.000000      (0.000000,0.000000)  
 (5.8859587E-03,-4.3772161E-04)  (-7.5669959E-04,-1.1362135E-03)
    2.000000        0.000000        1.000000      
 (-7.5437129E-04,3.5576522E-03)  (1.5879050E-03,4.6938658E-03)  
 (1.5087426E-03,-7.1153045E-03)
    2.000000        1.000000        0.000000      
 (-1.2060627E-03,-2.4121255E-03)  (2.4121255E-03,4.8242509E-03)  
 (-5.2712858E-03,5.6810677E-03)
    2.000000        1.000000        1.000000      (1.7601997E-03,1.8533319E-03)
   (-1.1781231E-03,-7.3760748E-03)  (-2.3469329E-03,3.6507845E-03)
    2.000000       -1.000000        0.000000      
 (-3.5949051E-03,-1.5459955E-03)  (-7.1898103E-03,-3.0919909E-03)  
 (-1.1175871E-03,2.5890768E-03)
    2.000000       -1.000000        1.000000      
 (-1.9744039E-03,1.2200326E-03)  (-6.8452209E-04,4.9918890E-03)  
 (3.2689422E-03,2.5518239E-03)
