   0.00000000       0.00000000       1.00000000     (  2.74926424E-02,  7.18981028E-03) (  2.88337469E-02, -3.36766243E-02) (  0.00000000    ,  0.00000000    )
   0.00000000       0.00000000       2.00000000     ( -2.16532499E-04,  1.95577741E-03) (  1.54599547E-03,  7.07805157E-04) (  0.00000000    ,  0.00000000    )
   0.00000000       1.00000000       0.00000000     ( -1.96695328E-02,  6.75208867E-04) (  0.00000000    ,  0.00000000    ) (  3.92086804E-03,  1.44168735E-02)
   0.00000000       1.00000000       1.00000000     (  8.36327672E-03,  4.63798642E-03) ( -1.75088644E-03, -9.94652510E-03) (  1.75088644E-03,  9.94652510E-03)
   0.00000000       1.00000000       2.00000000     (  1.71363354E-03, -2.30502337E-04) (  5.40167093E-04, -4.05125320E-04) ( -2.70083547E-04,  2.02562660E-04)
   0.00000000       2.00000000       0.00000000     (  1.55996531E-04, -9.68575478E-04) (  0.00000000    ,  0.00000000    ) (  1.37835741E-03, -1.89989805E-03)
   0.00000000       2.00000000       1.00000000     ( -7.82310963E-04, -8.56816769E-04) (  6.51925802E-04, -1.42026693E-04) ( -1.30385160E-03,  2.84053385E-04)
   0.00000000      -2.00000000       0.00000000     (  1.55996531E-04,  9.68575478E-04) (  0.00000000    ,  0.00000000    ) (  1.37835741E-03,  1.89989805E-03)
   0.00000000      -2.00000000       1.00000000     (  2.90572643E-03, -4.56348062E-04) (  5.77419996E-04, -3.91155481E-04) (  1.15483999E-03, -7.82310963E-04)
   0.00000000      -1.00000000       0.00000000     ( -1.96695328E-02, -6.75208867E-04) (  0.00000000    ,  0.00000000    ) (  3.92086804E-03, -1.44168735E-02)
   0.00000000      -1.00000000       1.00000000     (  8.21426511E-03, -2.89082527E-02) ( -7.68341124E-04,  2.48197466E-03) ( -7.68341124E-04,  2.48197466E-03)
   0.00000000      -1.00000000       2.00000000     (  2.70083547E-04,  4.09781933E-04) ( -1.32713467E-04,  7.82310963E-04) ( -6.63567334E-05,  3.91155481E-04)
   1.00000000       0.00000000       0.00000000     (  0.00000000    ,  0.00000000    ) ( -1.35600567E-02,  1.44913793E-02) (  3.54647636E-02,  2.65240669E-02)
   1.00000000       0.00000000       1.00000000     (  3.86498868E-03, -3.81842256E-03) ( -3.68058681E-02,  5.43892384E-03) ( -3.86498868E-03,  3.81842256E-03)
   1.00000000       0.00000000       2.00000000     ( -3.53902578E-04, -1.09896064E-03) ( -1.75088644E-03, -1.21071935E-03) (  1.76951289E-04,  5.49480319E-04)
   1.00000000       1.00000000       0.00000000     (  5.30853868E-03,  6.31436706E-03) ( -5.30853868E-03, -6.31436706E-03) ( -1.06170774E-02,  1.20326877E-02)
   1.00000000       1.00000000       1.00000000     ( -6.33299351E-04,  1.19209290E-03) (  1.19209290E-03, -9.19681042E-05) ( -5.58793545E-04, -1.11758709E-03)
   1.00000000       1.00000000       2.00000000     (  5.49480319E-04,  1.83936208E-04) (  1.62981451E-04, -1.10594556E-04) ( -3.53902578E-04, -3.66708264E-05)
   1.00000000       2.00000000       0.00000000     (  7.63684511E-04, -9.96515155E-04) ( -3.81842256E-04,  4.98257577E-04) ( -1.19209290E-03,  4.74974513E-04)
   1.00000000       2.00000000       1.00000000     ( -1.84401870E-03, -8.26548785E-05) (  1.41561031E-03,  3.91155481E-04) ( -9.96515155E-04, -6.98491931E-04)
   1.00000000      -2.00000000       0.00000000     (  3.02679837E-04,  1.08033419E-03) (  1.51339918E-04,  5.40167093E-04) (  1.04308128E-03,  6.79865479E-04)
   1.00000000      -2.00000000       1.00000000     (  3.63215804E-04, -1.37835741E-03) (  2.53785402E-04, -1.04308128E-03) (  1.44354999E-04, -7.35744834E-04)
   1.00000000      -1.00000000       0.00000000     ( -2.29571015E-03, -1.60932541E-02) ( -2.29571015E-03, -1.60932541E-02) ( -1.36718154E-02,  1.77696347E-02)
   1.00000000      -1.00000000       1.00000000     ( -9.77888703E-04, -2.49128789E-04) (  9.22009349E-04,  2.04890966E-03) (  1.89989805E-03,  2.30967999E-03)
   1.00000000      -1.00000000       2.00000000     (  1.06170774E-03, -1.41561031E-03) (  3.11993062E-04, -4.05125320E-04) ( -3.77185643E-04,  5.07570803E-04)
   2.00000000       0.00000000       0.00000000     (  0.00000000    ,  0.00000000    ) ( -1.80676579E-03, -1.26659870E-03) (  9.96515155E-04, -9.31322575E-04)
   2.00000000       0.00000000       1.00000000     ( -5.40167093E-04,  8.75443220E-04) ( -2.11875886E-04, -9.40635800E-04) (  1.08033419E-03, -1.75088644E-03)
   2.00000000       1.00000000       0.00000000     (  6.33299351E-04, -4.05125320E-04) ( -1.26659870E-03,  8.10250640E-04) (  2.49128789E-04,  1.49011612E-04)
   2.00000000       1.00000000       1.00000000     (  9.08039510E-05, -2.46800482E-04) ( -8.00937414E-04,  1.71363354E-03) (  6.14672899E-04, -1.21071935E-03)
   2.00000000      -1.00000000       0.00000000     (  2.70083547E-04, -8.47503543E-04) (  5.40167093E-04, -1.69500709E-03) (  2.98023224E-04, -8.28877091E-04)
   2.00000000      -1.00000000       1.00000000     (  9.77888703E-04, -7.27595761E-06) (  1.54599547E-03, -1.53668225E-04) ( -4.05125320E-04, -1.39698386E-04)
