   0.00000000       0.00000000       1.00000000     (  2.46614218E-02,  4.16301191E-03) (  3.36021185E-02, -2.98023224E-02) (  0.00000000    ,  0.00000000    )
   0.00000000       0.00000000       2.00000000     ( -3.49245965E-04,  2.08616257E-03) (  1.65775418E-03,  6.51925802E-04) (  0.00000000    ,  0.00000000    )
   0.00000000       1.00000000       0.00000000     ( -1.87382102E-02, -5.73927537E-04) (  0.00000000    ,  0.00000000    ) (  4.87081707E-03,  1.65775418E-02)
   0.00000000       1.00000000       1.00000000     (  8.23289156E-03,  8.53091478E-03) ( -2.81259418E-03, -7.24568963E-03) (  2.81259418E-03,  7.24568963E-03)
   0.00000000       1.00000000       2.00000000     (  1.39698386E-03,  2.51457095E-04) (  8.00937414E-04, -4.65661287E-04) ( -4.00468707E-04,  2.32830644E-04)
   0.00000000       2.00000000       0.00000000     ( -4.88944352E-04, -1.84401870E-03) (  0.00000000    ,  0.00000000    ) (  2.04890966E-03, -2.30967999E-03)
   0.00000000       2.00000000       1.00000000     ( -1.07102096E-03, -1.30385160E-04) (  7.17118382E-04, -3.58559191E-04) ( -1.43423676E-03,  7.17118382E-04)
   0.00000000      -2.00000000       0.00000000     ( -4.88944352E-04,  1.84401870E-03) (  0.00000000    ,  0.00000000    ) (  2.04890966E-03,  2.30967999E-03)
   0.00000000      -2.00000000       1.00000000     (  2.53319740E-03, -2.58442014E-04) (  3.25962901E-04, -3.78349796E-05) (  6.51925802E-04, -7.56699592E-05)
   0.00000000      -1.00000000       0.00000000     ( -1.87382102E-02,  5.73927537E-04) (  0.00000000    ,  0.00000000    ) (  4.87081707E-03, -1.65775418E-02)
   0.00000000      -1.00000000       1.00000000     (  2.78465450E-03, -3.17394733E-02) ( -3.10130417E-03,  3.47383320E-03) ( -3.10130417E-03,  3.47383320E-03)
   0.00000000      -1.00000000       2.00000000     ( -2.07219273E-04,  1.69966370E-04) (  4.14438546E-04,  6.33299351E-04) (  2.07219273E-04,  3.16649675E-04)
   1.00000000       0.00000000       0.00000000     (  0.00000000    ,  0.00000000    ) ( -1.50874257E-02,  1.68010592E-02) (  3.28570604E-02,  2.12714076E-02)
   1.00000000       0.00000000       1.00000000     (  1.48080289E-03, -3.72529030E-03) ( -3.39001417E-02, -1.01514161E-03) ( -1.48080289E-03,  3.72529030E-03)
   1.00000000       0.00000000       2.00000000     (  4.19095159E-05, -1.35973096E-03) ( -1.21071935E-03, -1.15483999E-03) ( -2.09547579E-05,  6.79865479E-04)
   1.00000000       1.00000000       0.00000000     (  3.06405127E-03,  3.83704901E-03) ( -3.06405127E-03, -3.83704901E-03) ( -1.10082328E-02,  1.29267573E-02)
   1.00000000       1.00000000       1.00000000     ( -1.04308128E-03,  1.05239451E-03) (  1.78813934E-03,  3.66708264E-05) ( -7.35744834E-04, -1.08964741E-03)
   1.00000000       1.00000000       2.00000000     (  9.87201929E-04,  2.32830644E-04) ( -1.49011612E-04, -2.65426934E-04) ( -4.19095159E-04,  1.64436642E-05)
   1.00000000       2.00000000       0.00000000     (  1.01281330E-04, -4.37721610E-04) ( -5.06406650E-05,  2.18860805E-04) ( -1.45286322E-03, -3.49245965E-04)
   1.00000000       2.00000000       1.00000000     ( -1.80676579E-03, -6.33299351E-04) (  1.22934580E-03,  3.91155481E-04) ( -6.42612576E-04, -1.58324838E-04)
   1.00000000      -2.00000000       0.00000000     (  6.98491931E-04,  9.40635800E-04) (  3.49245965E-04,  4.70317900E-04) (  9.12696123E-04,  1.24797225E-03)
   1.00000000      -2.00000000       1.00000000     (  5.30853868E-04, -8.84756446E-04) (  2.37487257E-04, -6.89178705E-04) ( -5.58793545E-05, -4.88944352E-04)
   1.00000000      -1.00000000       0.00000000     ( -1.38534233E-03, -1.32247806E-02) ( -1.38534233E-03, -1.32247806E-02) ( -1.38208270E-02,  2.26497650E-02)
   1.00000000      -1.00000000       1.00000000     ( -1.49011612E-03, -3.86498868E-04) (  7.45058060E-04,  2.53319740E-03) (  2.23517418E-03,  2.94297934E-03)
   1.00000000      -1.00000000       2.00000000     (  1.95577741E-03, -1.93715096E-03) (  6.23986125E-04, -6.14672899E-04) ( -6.61239028E-04,  6.61239028E-04)
   2.00000000       0.00000000       0.00000000     (  0.00000000    ,  0.00000000    ) ( -1.75088644E-03, -2.16066837E-03) (  8.84756446E-04, -1.71363354E-03)
   2.00000000       0.00000000       1.00000000     ( -6.14672899E-04,  1.00582838E-03) ( -4.28408384E-04, -1.19209290E-03) (  1.22934580E-03, -2.01165676E-03)
   2.00000000       1.00000000       0.00000000     (  3.91155481E-04, -7.63684511E-04) ( -7.82310963E-04,  1.52736902E-03) (  8.10250640E-04, -1.21071935E-03)
   2.00000000       1.00000000       1.00000000     ( -2.21189111E-04, -2.81725079E-04) ( -5.96046448E-04,  2.10478902E-03) (  1.04308128E-03, -1.54599547E-03)
   2.00000000      -1.00000000       0.00000000     (  4.23751771E-04, -8.19563866E-04) (  8.47503543E-04, -1.63912773E-03) (  5.86733222E-04, -5.21540642E-04)
   2.00000000      -1.00000000       1.00000000     (  8.56816769E-04, -1.14087015E-04) (  1.97440386E-03, -2.04890966E-04) (  2.60770321E-04,  2.44472176E-05)
