    0.000000        0.000000        1.000000      (2.3320317E-02,1.2181699E-02)
   (-2.4586916E-03,-2.1457672E-02)  (0.000000,0.000000)
    0.000000        0.000000        2.000000      
 (7.5995922E-03,-3.2130629E-03)  (3.7066638E-03,1.9650906E-03)  
 (0.000000,0.000000)
    0.000000        1.000000        0.000000      
 (-1.1362135E-03,1.1995435E-02)  (0.000000,0.000000)  
 (2.5052577E-03,-3.3993274E-03)
    0.000000        1.000000        1.000000      
 (3.6414713E-03,-2.2538006E-03)  (7.3760748E-03,-6.6123903E-03)  
 (-7.3760748E-03,6.6123903E-03)
    0.000000        1.000000        2.000000      
 (-7.7672303E-03,-1.5413389E-03)  (-8.0093741E-03,3.6554411E-04)  
 (4.0046871E-03,-1.8277206E-04)
    0.000000        2.000000        0.000000      
 (1.3707904E-04,-5.8114529E-03)  (0.000000,0.000000)  
 (-3.6042184E-03,1.0873191E-03)
    0.000000        2.000000        1.000000      
 (8.4750354E-03,-1.1641532E-03)  (-6.4726919E-04,-2.5052577E-03)  
 (1.2945384E-03,5.0105155E-03)
    0.000000       -2.000000        0.000000      (1.3707904E-04,5.8114529E-03)
   (0.000000,0.000000)  (-3.6042184E-03,-1.0873191E-03)
    0.000000       -2.000000        1.000000      
 (-1.0542572E-02,-6.1467290E-03)  (-2.8219074E-03,8.9639798E-04)  
 (-5.6438148E-03,1.7927960E-03)
    0.000000       -1.000000        0.000000      
 (-1.1362135E-03,-1.1995435E-02)  (0.000000,0.000000)  
 (2.5052577E-03,3.3993274E-03)
    0.000000       -1.000000        1.000000      
 (8.6054206E-03,-1.1436641E-02)  (-2.8312206E-03,-3.1758100E-03)  
 (-2.8312206E-03,-3.1758100E-03)
    0.000000       -1.000000        2.000000      
 (-7.1525574E-03,1.7741695E-03)  (-6.3882908E-05,4.8056245E-03)  
 (-3.1941454E-05,2.4028122E-03)
    1.000000        0.000000        0.000000      (0.000000,0.000000)  
 (-2.3022294E-02,5.0663948E-03)  (2.2724271E-02,1.9446015E-02)
    1.000000        0.000000        1.000000      
 (6.8917871E-04,-4.6193600E-03)  (-2.4437904E-02,1.6167760E-02)  
 (-6.8917871E-04,4.6193600E-03)
    1.000000        0.000000        2.000000      (1.1431985E-03,1.7182902E-03)
   (5.0105155E-03,7.5809658E-03)  (-5.7159923E-04,-8.5914508E-04)
    1.000000        1.000000        0.000000      
 (5.1036477E-03,-1.4144462E-04)  (-5.1036477E-03,1.4144462E-04)  
 (-5.8114529E-03,2.3655593E-03)
    1.000000        1.000000        1.000000      
 (-2.7287751E-03,2.0023435E-03)  (1.6484410E-03,-1.1664815E-03)  
 (1.0780059E-03,-8.3819032E-04)
    1.000000        1.000000        2.000000      
 (-2.6635826E-03,-2.1047890E-03)  (-3.5110861E-03,-4.9546361E-03)  
 (3.0919909E-03,3.5297126E-03)
    1.000000        2.000000        0.000000      
 (-1.2409873E-03,4.8149377E-03)  (6.2049367E-04,-2.4074689E-03)  
 (8.0559403E-04,1.0281801E-02)
    1.000000        2.000000        1.000000      (6.1839819E-03,3.5110861E-03)
   (-1.6111881E-03,-1.8486753E-03)  (-2.9616058E-03,1.8393621E-04)
    1.000000       -2.000000        0.000000      
 (-1.0640360E-03,1.6018748E-03)  (-5.3201802E-04,8.0093741E-04)  
 (-4.6379864E-03,-3.1664968E-04)
    1.000000       -2.000000        1.000000      
 (-1.7648563E-03,1.0966323E-03)  (-1.2130477E-03,1.8300489E-03)  
 (-6.6123903E-04,2.5704503E-03)
    1.000000       -1.000000        0.000000      
 (-4.6938658E-03,-1.9650906E-03)  (-4.6938658E-03,-1.9650906E-03)  
 (-4.5262277E-03,4.1723251E-03)
    1.000000       -1.000000        1.000000      (1.0877848E-02,7.7672303E-03)
   (3.5390258E-03,7.4319541E-03)  (-7.3201954E-03,-3.2247044E-04)
    1.000000       -1.000000        2.000000      (2.3562461E-03,5.2340329E-03)
   (2.9802322E-03,-9.7497832E-05)  (3.0966476E-04,-2.6728958E-03)
    2.000000        0.000000        0.000000      (0.000000,0.000000)  
 (1.2889504E-02,-7.1525574E-03)  (-2.5611371E-03,4.7404319E-03)
    2.000000        0.000000        1.000000      
 (-4.8521906E-03,1.1757948E-03)  (4.8056245E-03,1.2181699E-02)  
 (9.7043812E-03,-2.3515895E-03)
    2.000000        1.000000        0.000000      
 (-1.7043203E-03,-1.5308615E-04)  (3.4086406E-03,3.0617230E-04)  
 (-2.8219074E-03,-4.1723251E-03)
    2.000000        1.000000        1.000000      (2.8964132E-03,5.2526593E-03)
   (-5.8300793E-03,-1.0095537E-02)  (3.6307028E-05,-4.1327439E-04)
    2.000000       -1.000000        0.000000      
 (6.5425411E-04,-1.7229468E-03)  (1.3085082E-03,-3.4458935E-03)  
 (1.2246892E-03,3.0640513E-03)
    2.000000       -1.000000        1.000000      
 (-4.9360096E-03,5.2619725E-04)  (-5.2526593E-03,-8.0093741E-04)  
 (4.6193600E-03,-1.8533319E-03)
