   0.00000000       0.00000000       1.00000000     (  1.44541264E-02, -8.19563866E-03) (  4.20212746E-02, -1.40443444E-02) (  0.00000000    ,  0.00000000    )
   0.00000000       0.00000000       2.00000000     ( -1.49011612E-04,  9.31322575E-05) (  1.49011612E-04, -3.49245965E-06) (  0.00000000    ,  0.00000000    )
   0.00000000       1.00000000       0.00000000     ( -3.94880772E-03, -4.23751771E-03) (  0.00000000    ,  0.00000000    ) (  1.28895044E-02,  9.85339284E-03)
   0.00000000       1.00000000       1.00000000     (  9.22009349E-03,  8.99657607E-03) (  4.77302819E-04, -1.55996531E-03) ( -4.77302819E-04,  1.55996531E-03)
   0.00000000       1.00000000       2.00000000     ( -2.32830644E-05,  5.58793545E-05) (  5.58793545E-05, -3.72529030E-05) ( -2.79396772E-05,  1.86264515E-05)
   0.00000000       2.00000000       0.00000000     ( -6.51925802E-05, -9.31322575E-05) (  0.00000000    ,  0.00000000    ) (  1.30385160E-04, -2.32830644E-05)
   0.00000000       2.00000000       1.00000000     ( -1.67638063E-04,  3.25962901E-05) (  4.19095159E-05,  2.79396772E-05) ( -8.38190317E-05, -5.58793545E-05)
   0.00000000      -2.00000000       0.00000000     ( -6.51925802E-05,  9.31322575E-05) (  0.00000000    ,  0.00000000    ) (  1.30385160E-04,  2.32830644E-05)
   0.00000000      -2.00000000       1.00000000     (  4.65661287E-05,  1.86264515E-05) (  4.19095159E-05,  7.45058060E-05) (  8.38190317E-05,  1.49011612E-04)
   0.00000000      -1.00000000       0.00000000     ( -3.94880772E-03,  4.23751771E-03) (  0.00000000    ,  0.00000000    ) (  1.28895044E-02, -9.85339284E-03)
   0.00000000      -1.00000000       1.00000000     ( -6.05359674E-03, -2.97278166E-02) ( -9.18284059E-03,  2.94297934E-03) ( -9.18284059E-03,  2.94297934E-03)
   0.00000000      -1.00000000       2.00000000     ( -9.31322575E-05,  1.62981451E-05) ( -2.79396772E-05,  3.25962901E-05) ( -1.39698386E-05,  1.62981451E-05)
   1.00000000       0.00000000       0.00000000     (  0.00000000    ,  0.00000000    ) ( -2.92062759E-02,  2.26497650E-02) (  2.02655792E-02,  3.48314643E-03)
   1.00000000       0.00000000       1.00000000     ( -3.94880772E-03,  6.07687980E-04) ( -1.88499689E-02, -1.68383121E-02) (  3.94880772E-03, -6.07687980E-04)
   1.00000000       0.00000000       2.00000000     (  1.11758709E-04,  4.19095159E-05) ( -7.45058060E-05, -5.58793545E-05) ( -5.58793545E-05, -2.09547579E-05)
   1.00000000       1.00000000       0.00000000     (  1.53202564E-03,  4.52622771E-03) ( -1.53202564E-03, -4.52622771E-03) ( -6.42612576E-03,  1.19954348E-02)
   1.00000000       1.00000000       1.00000000     ( -4.65661287E-05, -5.58793545E-05) (  1.86264515E-04,  6.98491931E-06) ( -1.49011612E-04,  4.65661287E-05)
   1.00000000       1.00000000       2.00000000     (  2.23517418E-04, -3.25962901E-05) ( -6.51925802E-05, -1.11758709E-04) ( -8.38190317E-05,  7.45058060E-05)
   1.00000000       2.00000000       0.00000000     ( -1.62981451E-05, -8.14907253E-06) (  8.14907253E-06,  4.07453626E-06) (  8.38190317E-05, -3.25962901E-05)
   1.00000000       2.00000000       1.00000000     (  2.32830644E-05, -1.86264515E-05) (  5.58793545E-05, -1.62981451E-05) ( -1.30385160E-04,  5.58793545E-05)
   1.00000000      -2.00000000       0.00000000     (  4.19095159E-05, -4.19095159E-05) (  2.09547579E-05, -2.09547579E-05) (  6.51925802E-05,  1.30385160E-04)
   1.00000000      -2.00000000       1.00000000     (  1.11758709E-04,  6.51925802E-05) (  1.62981451E-05,  3.72529030E-05) ( -7.45058060E-05,  9.31322575E-06)
   1.00000000      -1.00000000       0.00000000     (  3.73693183E-04, -5.51342964E-03) (  3.73693183E-04, -5.51342964E-03) ( -9.07108188E-03,  3.41236591E-02)
   1.00000000      -1.00000000       1.00000000     ( -2.23517418E-04, -9.31322575E-05) (  1.16415322E-06,  1.86264515E-04) (  2.23517418E-04,  2.98023224E-04)
   1.00000000      -1.00000000       2.00000000     (  1.11758709E-04, -1.62981451E-05) (  7.45058060E-05, -9.31322575E-05) ( -1.39698386E-05, -3.72529030E-05)
   2.00000000       0.00000000       0.00000000     (  0.00000000    ,  0.00000000    ) ( -6.51925802E-05, -1.67638063E-04) (  6.51925802E-05, -2.32830644E-05)
   2.00000000       0.00000000       1.00000000     (  1.39698386E-05, -1.13686838E-08) ( -2.32830644E-05, -5.58793545E-05) ( -2.79396772E-05,  2.27373675E-08)
   2.00000000       1.00000000       0.00000000     ( -4.19095159E-05, -3.25962901E-05) (  8.38190317E-05,  6.51925802E-05) (  1.39698386E-05, -9.31322575E-05)
   2.00000000       1.00000000       1.00000000     ( -1.39698386E-05,  2.79396772E-05) (  8.38190317E-05, -3.25962901E-05) ( -5.58793545E-05, -1.86264515E-05)
   2.00000000      -1.00000000       0.00000000     (  3.25962901E-05,  9.31322575E-06) (  6.51925802E-05,  1.86264515E-05) (  4.65661287E-05,  2.09547579E-05)
   2.00000000      -1.00000000       1.00000000     (  2.79396772E-05,  7.45058060E-05) (  7.45058060E-05,  6.51925802E-05) (  2.32830644E-05, -8.38190317E-05)
