    0.000000        0.000000       -2.000000      (2.6822090E-03,3.3993274E-04)
   (3.4086406E-03,-3.0081719E-03)  (0.000000,0.000000)
    0.000000        0.000000       -1.000000      
 (2.2202730E-02,-1.2330711E-02)  (-1.4044344E-02,1.7657876E-02)  
 (0.000000,0.000000)
    0.000000        1.000000       -2.000000      
 (-7.9348683E-03,1.0058284E-03)  (-2.4586916E-03,2.8871000E-03)  
 (-1.2293458E-03,1.4435500E-03)
    0.000000        1.000000       -1.000000      (9.3877316E-03,3.9860606E-03)
   (-9.2666596E-04,6.0535967E-03)  (-9.2666596E-04,6.0535967E-03)
    0.000000        2.000000       -1.000000      
 (-5.9977174E-03,6.8172812E-03)  (-1.2526289E-03,1.7986167E-04)  
 (-2.5052577E-03,3.5972334E-04)
    0.000000       -2.000000       -1.000000      (2.5518239E-03,1.8440187E-03)
   (-9.2200935E-04,4.9825758E-04)  (1.8440187E-03,-9.9651515E-04)
    0.000000       -1.000000       -2.000000      
 (-5.1967800E-03,1.0291114E-03)  (-9.0338290E-04,2.3562461E-03)  
 (4.5169145E-04,-1.1781231E-03)
    0.000000       -1.000000       -1.000000      
 (6.2584877E-03,-8.2328916E-03)  (4.9173832E-03,4.2095780E-03)  
 (-4.9173832E-03,-4.2095780E-03)
    1.000000        0.000000       -2.000000      (4.6938658E-03,1.0943040E-03)
   (-3.8370490E-03,1.1501834E-03)  (2.3469329E-03,5.4715201E-04)
    1.000000        0.000000       -1.000000      
 (3.2689422E-03,-1.6158447E-03)  (4.7683716E-03,-7.5623393E-03)  
 (3.2689422E-03,-1.6158447E-03)
    1.000000        1.000000       -2.000000      
 (-2.7008355E-03,2.0861626E-03)  (-2.5611371E-03,-7.2643161E-03)  
 (-2.6263297E-03,-2.5983900E-03)
    1.000000        1.000000       -1.000000      
 (-5.1222742E-03,2.2165477E-03)  (2.2817403E-03,-1.3504177E-03)  
 (-2.8498471E-03,8.6612999E-04)
    1.000000        2.000000       -1.000000      
 (-3.7252903E-03,1.5832484E-03)  (1.6880222E-04,1.6903505E-03)  
 (-3.3900142E-03,4.9732625E-03)
    1.000000       -2.000000       -1.000000      
 (1.2386590E-03,-6.1932951E-04)  (-4.2491592E-05,-5.8673322E-04)  
 (1.3271347E-03,5.5646524E-04)
    1.000000       -1.000000       -2.000000      
 (2.1606684E-03,-1.0896474E-03)  (-3.6135316E-03,9.5460564E-04)  
 (2.8871000E-03,-1.0197982E-03)
    1.000000       -1.000000       -1.000000      
 (-5.9045851E-03,4.0419400E-03)  (-2.1699816E-03,-9.9535100E-05)  
 (-3.7252903E-03,4.1536987E-03)
    2.000000        0.000000       -1.000000      (2.3096800E-03,1.3131648E-03)
   (8.1583858E-03,4.1723251E-03)  (4.6193600E-03,2.6263297E-03)
    2.000000        1.000000       -1.000000      
 (-1.2153760E-03,-1.9092113E-03)  (9.5926225E-04,5.0524250E-04)  
 (-1.4668331E-03,-3.3155084E-03)
    2.000000       -1.000000       -1.000000      
 (-9.8720193E-04,1.4156103E-03)  (-5.5879354E-04,3.0454248E-03)  
 (-1.4156103E-03,-2.1886081E-04)
