   0.00000000       0.00000000       1.00000000     (  2.70456076E-02,  6.20260835E-03) (  3.12179327E-02, -3.29315662E-02) (  0.00000000    ,  0.00000000    )
   0.00000000       0.00000000       2.00000000     ( -2.93366611E-04,  2.86847353E-03) (  2.27242708E-03,  1.06170774E-03) (  0.00000000    ,  0.00000000    )
   0.00000000       1.00000000       0.00000000     ( -2.00420618E-02,  1.00408215E-04) (  0.00000000    ,  0.00000000    ) (  4.25614417E-03,  1.57579780E-02)
   0.00000000       1.00000000       1.00000000     (  8.43778253E-03,  6.33299351E-03) ( -2.30036676E-03, -9.20146704E-03) (  2.30036676E-03,  9.20146704E-03)
   0.00000000       1.00000000       2.00000000     (  2.32830644E-03, -7.15954229E-05) (  9.31322575E-04, -6.56582415E-04) ( -4.65661287E-04,  3.28291208E-04)
   0.00000000       2.00000000       0.00000000     ( -1.55996531E-04, -1.86264515E-03) (  0.00000000    ,  0.00000000    ) (  2.27242708E-03, -3.01748514E-03)
   0.00000000       2.00000000       1.00000000     ( -1.22003257E-03, -8.94069672E-04) (  9.87201929E-04, -3.51574272E-04) ( -1.97440386E-03,  7.03148544E-04)
   0.00000000      -2.00000000       0.00000000     ( -1.55996531E-04,  1.86264515E-03) (  0.00000000    ,  0.00000000    ) (  2.27242708E-03,  3.01748514E-03)
   0.00000000      -2.00000000       1.00000000     (  3.98606062E-03, -5.86733222E-04) (  7.31088221E-04, -4.28408384E-04) (  1.46217644E-03, -8.56816769E-04)
   0.00000000      -1.00000000       0.00000000     ( -2.00420618E-02, -1.00408215E-04) (  0.00000000    ,  0.00000000    ) (  4.25614417E-03, -1.57579780E-02)
   0.00000000      -1.00000000       1.00000000     (  6.20260835E-03, -3.06218863E-02) ( -1.61118805E-03,  3.02679837E-03) ( -1.61118805E-03,  3.02679837E-03)
   0.00000000      -1.00000000       2.00000000     (  2.25845724E-04,  5.02914190E-04) (  6.46105036E-05,  1.03376806E-03) (  3.23052518E-05,  5.16884029E-04)
   1.00000000       0.00000000       0.00000000     (  0.00000000    ,  0.00000000    ) ( -1.41561031E-02,  1.56462193E-02) (  3.53157520E-02,  2.51829624E-02)
   1.00000000       0.00000000       1.00000000     (  3.11993062E-03, -4.00468707E-03) ( -3.65823507E-02,  3.11061740E-03) ( -3.11993062E-03,  4.00468707E-03)
   1.00000000       0.00000000       2.00000000     ( -3.51574272E-04, -1.71363354E-03) ( -2.21654773E-03, -1.71363354E-03) (  1.75787136E-04,  8.56816769E-04)
   1.00000000       1.00000000       0.00000000     (  4.60073352E-03,  5.56930900E-03) ( -4.60073352E-03, -5.56930900E-03) ( -1.08964741E-02,  1.26287341E-02)
   1.00000000       1.00000000       1.00000000     ( -1.18277967E-03,  1.69500709E-03) (  2.03028321E-03, -7.15954229E-05) ( -8.47503543E-04, -1.62050128E-03)
   1.00000000       1.00000000       2.00000000     (  1.01514161E-03,  2.72411853E-04) (  1.73167791E-05, -1.65309757E-04) ( -5.16884029E-04, -5.35510480E-05)
   1.00000000       2.00000000       0.00000000     (  8.66129994E-04, -1.14552677E-03) ( -4.33064997E-04,  5.72763383E-04) ( -1.95577741E-03,  3.51574272E-04)
   1.00000000       2.00000000       1.00000000     ( -2.71946192E-03, -3.53902578E-04) (  1.95577741E-03,  5.82076609E-04) ( -1.20140612E-03, -8.10250640E-04)
   1.00000000      -2.00000000       0.00000000     (  5.96046448E-04,  1.52736902E-03) (  2.98023224E-04,  7.63684511E-04) (  1.42492354E-03,  1.32247806E-03)
   1.00000000      -2.00000000       1.00000000     (  6.19329512E-04, -1.76951289E-03) (  3.49245965E-04, -1.34110451E-03) (  7.79982656E-05, -9.12696123E-04)
   1.00000000      -1.00000000       0.00000000     ( -1.92318112E-03, -1.54227018E-02) ( -1.92318112E-03, -1.54227018E-02) ( -1.41933560E-02,  1.98557973E-02)
   1.00000000      -1.00000000       1.00000000     ( -1.65775418E-03, -4.09781933E-04) (  1.23865902E-03,  3.24100256E-03) (  2.90572643E-03,  3.65078449E-03)
   1.00000000      -1.00000000       2.00000000     (  2.04890966E-03, -2.32830644E-03) (  6.19329512E-04, -6.28642738E-04) ( -7.12461770E-04,  8.56816769E-04)
   2.00000000       0.00000000       0.00000000     (  0.00000000    ,  0.00000000    ) ( -2.60770321E-03, -2.27242708E-03) (  1.38767064E-03, -1.78813934E-03)
   2.00000000       0.00000000       1.00000000     ( -8.47503543E-04,  1.35041773E-03) ( -3.79513949E-04, -1.43423676E-03) (  1.69500709E-03, -2.70083547E-03)
   2.00000000       1.00000000       0.00000000     (  7.91624188E-04, -7.59027898E-04) ( -1.58324838E-03,  1.51805580E-03) (  6.10016286E-04, -4.98257577E-04)
   2.00000000       1.00000000       1.00000000     ( -1.98269845E-06, -3.53902578E-04) ( -1.11758709E-03,  2.68220901E-03) (  1.11758709E-03, -1.97440386E-03)
   2.00000000      -1.00000000       0.00000000     (  4.70317900E-04, -1.23865902E-03) (  9.40635800E-04, -2.47731805E-03) (  5.72763383E-04, -1.08964741E-03)
   2.00000000      -1.00000000       1.00000000     (  1.34110451E-03, -4.68571670E-05) (  2.44006515E-03, -2.74740160E-04) ( -2.46800482E-04, -1.81607902E-04)
