   0.00000000       0.00000000       1.00000000     (  2.31713057E-02,  1.18464231E-02) ( -5.07570803E-04, -2.26497650E-02) (  0.00000000    ,  0.00000000    )
   0.00000000       0.00000000       2.00000000     (  6.66826963E-03, -3.67872417E-03) (  2.21654773E-03,  1.50408596E-03) (  0.00000000    ,  0.00000000    )
   0.00000000       1.00000000       0.00000000     ( -2.08616257E-03,  1.18464231E-02) (  0.00000000    ,  0.00000000    ) (  2.13272870E-03, -2.97091901E-03)
   0.00000000       1.00000000       1.00000000     (  3.32482159E-03, -3.28756869E-03) (  7.02217221E-03, -7.04079866E-03) ( -7.02217221E-03,  7.04079866E-03)
   0.00000000       1.00000000       2.00000000     ( -7.15255737E-03, -1.03376806E-03) ( -7.05942512E-03,  4.84287739E-04) (  3.52971256E-03, -2.42143869E-04)
   0.00000000       2.00000000       0.00000000     ( -6.86850399E-05, -6.12810254E-03) (  0.00000000    ,  0.00000000    ) ( -4.23751771E-03,  5.15719876E-04)
   0.00000000       2.00000000       1.00000000     (  6.29574060E-03,  5.47152013E-04) ( -1.08731911E-03, -2.40281224E-03) (  2.17463821E-03,  4.80562449E-03)
   0.00000000      -2.00000000       0.00000000     ( -6.86850399E-05,  6.12810254E-03) (  0.00000000    ,  0.00000000    ) ( -4.23751771E-03, -5.15719876E-04)
   0.00000000      -2.00000000       1.00000000     ( -9.12696123E-03, -3.57627869E-03) ( -1.90921128E-03,  9.19681042E-04) ( -3.81842256E-03,  1.83936208E-03)
   0.00000000      -1.00000000       0.00000000     ( -2.08616257E-03, -1.18464231E-02) (  0.00000000    ,  0.00000000    ) (  2.13272870E-03,  2.97091901E-03)
   0.00000000      -1.00000000       1.00000000     (  9.79751348E-03, -1.25542283E-02) ( -2.61701643E-03, -2.73808837E-03) ( -2.61701643E-03, -2.73808837E-03)
   0.00000000      -1.00000000       2.00000000     ( -4.41446900E-03,  3.48081812E-04) (  3.65544111E-04,  3.87430191E-03) (  1.82772055E-04,  1.93715096E-03)
   1.00000000       0.00000000       0.00000000     (  0.00000000    ,  0.00000000    ) ( -2.12341547E-02,  5.19677997E-03) (  2.36183405E-02,  1.96695328E-02)
   1.00000000       0.00000000       1.00000000     (  1.54133886E-03, -4.43309546E-03) ( -2.48849392E-02,  1.58697367E-02) ( -1.54133886E-03,  4.43309546E-03)
   1.00000000       0.00000000       2.00000000     (  1.05472282E-03,  1.97906047E-03) (  4.78699803E-03,  5.58793545E-03) ( -5.27361408E-04, -9.89530236E-04)
   1.00000000       1.00000000       0.00000000     (  5.23403287E-03,  6.86850399E-04) ( -5.23403287E-03, -6.86850399E-04) ( -6.50063157E-03,  2.76602805E-03)
   1.00000000       1.00000000       1.00000000     ( -3.02679837E-03,  1.25262886E-03) (  2.08616257E-03, -7.19446689E-04) (  9.40635800E-04, -5.34346327E-04)
   1.00000000       1.00000000       2.00000000     ( -2.23517418E-03, -2.31899321E-03) ( -4.06056643E-03, -4.00468707E-03) (  3.14787030E-03,  3.15718353E-03)
   1.00000000       2.00000000       0.00000000     ( -1.66241080E-03,  5.04776835E-03) (  8.31205398E-04, -2.52388418E-03) ( -1.50175765E-04,  9.38773155E-03)
   1.00000000       2.00000000       1.00000000     (  6.18398190E-03,  2.80328095E-03) ( -1.96974725E-03, -2.00700015E-03) ( -2.24448740E-03,  1.21537596E-03)
   1.00000000      -2.00000000       0.00000000     ( -6.65895641E-04, -6.40284270E-04) ( -3.32947820E-04, -3.20142135E-04) ( -2.99885869E-03,  3.64379957E-04)
   1.00000000      -2.00000000       1.00000000     ( -1.96974725E-03,  8.45175236E-04) ( -1.77416950E-03,  1.52736902E-03) ( -1.58324838E-03,  2.20723450E-03)
   1.00000000      -1.00000000       0.00000000     ( -5.36441803E-03, -3.30619514E-03) ( -5.36441803E-03, -3.30619514E-03) ( -4.33996320E-03,  4.28408384E-03)
   1.00000000      -1.00000000       1.00000000     (  8.30739737E-03,  7.89761543E-03) (  2.20723450E-03,  7.33882189E-03) ( -6.09084964E-03, -5.70435077E-04)
   1.00000000      -1.00000000       2.00000000     (  3.29688191E-03,  5.71832061E-03) (  4.95463610E-03,  1.37370080E-03) (  8.21892172E-04, -2.17463821E-03)
   2.00000000       0.00000000       0.00000000     (  0.00000000    ,  0.00000000    ) (  1.11758709E-02, -6.46337867E-03) ( -3.24100256E-03,  4.32133675E-03)
   2.00000000       0.00000000       1.00000000     ( -4.43309546E-03, -6.02449290E-05) (  3.81842256E-03,  1.09523535E-02) (  8.86619091E-03,  1.20489858E-04)
   2.00000000       1.00000000       0.00000000     ( -1.81142241E-03,  4.19095159E-04) (  3.62284482E-03, -8.38190317E-04) ( -1.62515789E-03, -5.79282641E-03)
   2.00000000       1.00000000       1.00000000     (  2.31899321E-03,  4.58210707E-03) ( -5.15952706E-03, -8.13975930E-03) (  5.13391569E-04, -1.02445483E-03)
   2.00000000      -1.00000000       0.00000000     (  1.11293048E-03, -9.03382897E-04) (  2.22586095E-03, -1.80676579E-03) (  6.44940883E-04,  2.22586095E-03)
   2.00000000      -1.00000000       1.00000000     ( -4.10713255E-03,  4.30736691E-04) ( -4.06056643E-03, -1.58790499E-03) (  4.14438546E-03, -2.44937837E-03)
