    0.000000        0.000000       -2.000000      (2.9895455E-03,4.5169145E-04)
   (3.7252903E-03,-3.2596290E-03)  (0.000000,0.000000)
    0.000000        0.000000       -1.000000      
 (2.2053719E-02,-1.2218952E-02)  (-1.3671815E-02,1.7434359E-02)  
 (0.000000,0.000000)
    0.000000        1.000000       -2.000000      
 (-8.6054206E-03,9.5926225E-04)  (-2.6077032E-03,2.9057264E-03)  
 (-1.3038516E-03,1.4528632E-03)
    0.000000        1.000000       -1.000000      (9.0897083E-03,4.0419400E-03)
   (-9.9185854E-04,5.9418380E-03)  (-9.9185854E-04,5.9418380E-03)
    0.000000        2.000000       -1.000000      
 (-6.6682696E-03,7.4505806E-03)  (-1.4575198E-03,1.2048986E-04)  
 (-2.9150397E-03,2.4097972E-04)
    0.000000       -2.000000       -1.000000      (3.0361116E-03,1.9837171E-03)
   (-9.3132257E-04,5.8440492E-04)  (1.8626451E-03,-1.1688098E-03)
    0.000000       -1.000000       -2.000000      
 (-5.6065619E-03,1.1594966E-03)  (-1.1548400E-03,2.4586916E-03)  
 (5.7742000E-04,-1.2293458E-03)
    0.000000       -1.000000       -1.000000      
 (6.0535967E-03,-7.7858567E-03)  (5.0105155E-03,4.2095780E-03)  
 (-5.0105155E-03,-4.2095780E-03)
    1.000000        0.000000       -2.000000      (5.1222742E-03,1.2479722E-03)
   (-4.0791929E-03,1.3038516E-03)  (2.5611371E-03,6.2398612E-04)
    1.000000        0.000000       -1.000000      
 (3.3061951E-03,-1.5506521E-03)  (4.9918890E-03,-7.3015690E-03)  
 (3.3061951E-03,-1.5506521E-03)
    1.000000        1.000000       -2.000000      
 (-2.8684735E-03,2.0861626E-03)  (-2.7753413E-03,-8.0093741E-03)  
 (-2.8219074E-03,-2.9709190E-03)
    1.000000        1.000000       -1.000000      
 (-5.5320561E-03,2.2351742E-03)  (2.3189932E-03,-1.4575198E-03)  
 (-3.2130629E-03,7.7998266E-04)
    1.000000        2.000000       -1.000000      
 (-4.1909516E-03,1.6624108E-03)  (2.2468157E-04,1.8300489E-03)  
 (-3.7439167E-03,5.3271651E-03)
    1.000000       -2.000000       -1.000000      
 (1.3364479E-03,-7.3341653E-04)  (-5.7625584E-05,-5.6810677E-04)  
 (1.4528632E-03,4.0396117E-04)
    1.000000       -1.000000       -2.000000      
 (2.4121255E-03,-1.1222437E-03)  (-3.7811697E-03,9.8254532E-04)  
 (3.1013042E-03,-1.0523945E-03)
    1.000000       -1.000000       -1.000000      
 (-6.4447522E-03,4.2840838E-03)  (-2.4866313E-03,-6.1991159E-05)  
 (-3.9674342E-03,4.3399632E-03)
    2.000000        0.000000       -1.000000      (2.4586916E-03,1.5227124E-03)
   (8.6426735E-03,4.5634806E-03)  (4.9173832E-03,3.0454248E-03)
    2.000000        1.000000       -1.000000      
 (-1.2852252E-03,-2.0302832E-03)  (1.1408702E-03,2.5960617E-04)  
 (-1.4295802E-03,-3.7997961E-03)
    2.000000       -1.000000       -1.000000      
 (-1.0151416E-03,1.5925616E-03)  (-4.7031790E-04,3.3900142E-03)  
 (-1.5553087E-03,-2.0605512E-04)
