    0.000000        0.000000       -2.000000      (8.1956387E-03,1.9790605E-03)
   (5.8859587E-03,-3.9488077E-03)  (0.000000,0.000000)
    0.000000        0.000000       -1.000000      
 (2.2128224E-02,-1.2069941E-02)  (-6.4820051E-03,1.8179417E-02)  
 (0.000000,0.000000)
    0.000000        1.000000       -2.000000      
 (-1.2591481E-02,-3.0919909E-03)  (-1.6205013E-03,-3.8463622E-03)  
 (-8.1025064E-04,-1.9231811E-03)
    0.000000        1.000000       -1.000000      (6.6123903E-03,8.0093741E-03)
   (-2.4586916E-03,3.9674342E-03)  (-2.4586916E-03,3.9674342E-03)
    0.000000        2.000000       -1.000000      
 (-1.3075769E-02,1.0803342E-02)  (-4.1816384E-03,-1.1106022E-03)  
 (-8.3632767E-03,-2.2212043E-03)
    0.000000       -2.000000       -1.000000      (1.1492521E-02,3.2875687E-03)
   (-8.1490725E-05,2.3562461E-03)  (1.6298145E-04,-4.7124922E-03)
    0.000000       -1.000000       -2.000000      
 (-8.3632767E-03,2.5378540E-03)  (-7.1525574E-03,4.4237822E-04)  
 (3.5762787E-03,-2.2118911E-04)
    0.000000       -1.000000       -1.000000      
 (4.0791929E-03,-6.8219379E-04)  (6.8917871E-03,5.3457916E-03)  
 (-6.8917871E-03,-5.3457916E-03)
    1.000000        0.000000       -2.000000      (8.1583858E-03,3.6414713E-03)
   (-2.4493784E-03,6.7614019E-03)  (4.0791929E-03,1.8207356E-03)
    1.000000        0.000000       -1.000000      
 (4.0791929E-03,-3.2247044E-04)  (8.7544322E-03,-3.0454248E-03)  
 (4.0791929E-03,-3.2247044E-04)
    1.000000        1.000000       -2.000000      
 (-3.0081719E-03,-1.9371510E-03)  (-3.1897798E-04,-1.3783574E-02)  
 (-1.6670674E-03,-7.8603625E-03)
    1.000000        1.000000       -1.000000      
 (-8.5122883E-03,-3.7904829E-03)  (2.8591603E-03,-9.1968104E-04)  
 (-5.6531280E-03,-4.7031790E-03)
    1.000000        2.000000       -1.000000      
 (-1.0039657E-02,-2.5099143E-03)  (1.9650906E-03,2.7660280E-03)  
 (-6.1094761E-03,3.0174851E-03)
    1.000000       -2.000000       -1.000000      
 (-8.3586201E-04,-6.3329935E-03)  (-1.5180558E-03,-3.1199306E-03)  
 (2.1979213E-03,-9.4005372E-05)
    1.000000       -1.000000       -2.000000      (4.9825758E-03,1.9138679E-03)
   (-4.0140003E-03,2.5378540E-03)  (4.4982880E-03,-3.1141099E-04)
    1.000000       -1.000000       -1.000000      
 (-9.7975135E-03,3.3620745E-03)  (-8.0093741E-03,7.8463927E-04)  
 (-1.7974526E-03,2.5797635E-03)
    2.000000        0.000000       -1.000000      (4.2142347E-04,4.7590584E-03)
   (2.8312206E-03,7.5623393E-03)  (8.4284693E-04,9.5181167E-03)
    2.000000        1.000000       -1.000000      
 (-1.5425030E-04,-6.7753717E-04)  (4.3585896E-03,-6.6310167E-03)  
 (4.0512532E-03,-7.9721212E-03)
    2.000000       -1.000000       -1.000000      
 (-1.9231811E-03,1.3620593E-03)  (5.2736141E-04,5.6717545E-03)  
 (-4.3772161E-03,-2.9522926E-03)
