   0.00000000       0.00000000      -2.00000000     (  8.38190317E-03,  2.65426934E-03) ( -1.23307109E-02,  6.01634383E-03) (  0.00000000    ,  0.00000000    )
   0.00000000       0.00000000      -1.00000000     (  4.40923031E-05,  1.09523535E-02) (  2.13831663E-02, -4.60073352E-03) (  0.00000000    ,  0.00000000    )
   0.00000000       1.00000000      -2.00000000     ( -1.95577741E-03,  3.09199095E-03) (  9.63918865E-04, -2.97091901E-03) (  4.81959432E-04, -1.48545951E-03)
   0.00000000       1.00000000      -1.00000000     ( -7.71135092E-03,  1.13248825E-02) ( -5.58793545E-03, -5.81145287E-03) ( -5.58793545E-03, -5.81145287E-03)
   0.00000000       2.00000000      -1.00000000     (  1.91852450E-03, -6.03031367E-04) ( -6.98491931E-04, -2.10711733E-04) ( -1.39698386E-03, -4.21423465E-04)
   0.00000000      -2.00000000      -1.00000000     ( -5.75091690E-04,  3.81842256E-03) ( -1.66706741E-03, -1.36904418E-03) (  3.33413482E-03,  2.73808837E-03)
   0.00000000      -1.00000000      -2.00000000     (  5.92321157E-03,  4.73111868E-03) ( -3.25962901E-03, -2.26311386E-03) (  1.62981451E-03,  1.13155693E-03)
   0.00000000      -1.00000000      -1.00000000     ( -4.54485416E-03,  2.11410224E-03) (  4.04193997E-03,  1.25262886E-03) ( -4.04193997E-03, -1.25262886E-03)
   1.00000000       0.00000000      -2.00000000     ( -1.93715096E-03, -1.35041773E-03) (  2.35158950E-04,  6.46337867E-03) ( -9.68575478E-04, -6.75208867E-04)
   1.00000000       0.00000000      -1.00000000     (  9.68575478E-03, -5.64381480E-03) ( -3.85567546E-03,  2.84612179E-02) (  9.68575478E-03, -5.64381480E-03)
   1.00000000       1.00000000      -2.00000000     (  1.76019967E-03,  2.71946192E-03) ( -5.14090061E-03, -5.42495400E-04) ( -1.68569386E-03,  1.08964741E-03)
   1.00000000       1.00000000      -1.00000000     (  2.51457095E-03,  7.37607479E-03) ( -1.38767064E-03, -4.97326255E-03) (  1.12690032E-03,  2.40281224E-03)
   1.00000000       2.00000000      -1.00000000     (  2.65426934E-03,  1.28522515E-03) ( -2.22353265E-04,  6.66477717E-05) (  2.20723450E-03,  1.41561031E-03)
   1.00000000      -2.00000000      -1.00000000     (  6.68223947E-04,  1.97440386E-03) (  8.40373104E-06,  3.88827175E-04) (  6.49597496E-04,  1.19674951E-03)
   1.00000000      -1.00000000      -2.00000000     ( -1.24331564E-03, -5.47617674E-03) ( -9.87201929E-04,  3.81842256E-03) ( -1.27474777E-04, -4.65661287E-03)
   1.00000000      -1.00000000      -1.00000000     ( -2.08616257E-03,  5.00585884E-04) ( -2.24448740E-03, -4.71249223E-03) (  1.53668225E-04,  5.21540642E-03)
   2.00000000       0.00000000      -1.00000000     ( -1.74157321E-03, -1.71712600E-04) ( -3.96743417E-03, -2.16532499E-04) ( -3.48314643E-03, -3.43425199E-04)
   2.00000000       1.00000000      -1.00000000     (  1.62515789E-03,  1.32713467E-03) ( -3.98606062E-03, -2.98023224E-03) ( -7.35744834E-04, -3.22470441E-04)
   2.00000000      -1.00000000      -1.00000000     (  6.72880560E-04, -8.56816769E-04) (  1.63912773E-03,  5.93718141E-04) ( -2.89874151E-04, -2.30967999E-03)
