   0.00000000       0.00000000      -2.00000000     (  6.12810254E-03,  5.45755029E-03) ( -1.63912773E-03, -1.31316483E-03) (  0.00000000    ,  0.00000000    )
   0.00000000       0.00000000      -1.00000000     (  2.36183405E-02, -1.09896064E-02) (  5.53205609E-03,  2.64495611E-02) (  0.00000000    ,  0.00000000    )
   0.00000000       1.00000000      -2.00000000     ( -2.13622116E-04,  3.23168933E-03) (  7.47386366E-04,  1.28929969E-04) (  3.73693183E-04,  6.44649845E-05)
   0.00000000       1.00000000      -1.00000000     (  1.34482980E-02,  1.54599547E-02) ( -1.04308128E-03,  1.97440386E-03) ( -1.04308128E-03,  1.97440386E-03)
   0.00000000       2.00000000      -1.00000000     ( -1.05053186E-02, -1.37370080E-03) ( -1.54133886E-03, -1.57859176E-03) ( -3.08267772E-03, -3.15718353E-03)
   0.00000000      -2.00000000      -1.00000000     (  2.91503966E-03, -4.99188900E-03) ( -2.51457095E-03,  2.03959644E-03) (  5.02914190E-03, -4.07919288E-03)
   0.00000000      -1.00000000      -2.00000000     ( -7.33882189E-03, -3.30619514E-04) ( -4.86150384E-03, -2.79396772E-04) (  2.43075192E-03,  1.39698386E-04)
   0.00000000      -1.00000000      -1.00000000     (  3.40864062E-03,  5.02914190E-03) (  5.04776835E-03,  8.41915607E-03) ( -5.04776835E-03, -8.41915607E-03)
   1.00000000       0.00000000      -2.00000000     (  5.09899110E-04,  5.55068254E-03) ( -4.73111868E-03,  8.25151801E-03) (  2.54949555E-04,  2.77534127E-03)
   1.00000000       0.00000000      -1.00000000     (  3.40864062E-03,  3.48081812E-04) (  5.45755029E-03, -1.38301402E-03) (  3.40864062E-03,  3.48081812E-04)
   1.00000000       1.00000000      -2.00000000     ( -5.51342964E-03, -2.08150595E-03) (  6.50063157E-03, -5.43892384E-03) (  4.92436811E-04, -3.75322998E-03)
   1.00000000       1.00000000      -1.00000000     ( -8.23289156E-03, -3.71597707E-03) (  6.87316060E-03,  2.84053385E-04) ( -1.35973096E-03, -3.43658030E-03)
   1.00000000       2.00000000      -1.00000000     ( -3.39932740E-03,  6.61239028E-04) ( -1.20417099E-05,  1.89989805E-03) ( -3.42726707E-03,  4.47034836E-03)
   1.00000000      -2.00000000      -1.00000000     ( -1.99070200E-04, -1.99768692E-03) (  1.16415322E-03, -1.86730176E-03) ( -2.52388418E-03,  1.73691660E-03)
   1.00000000      -1.00000000      -2.00000000     ( -1.14552677E-03, -1.91386789E-03) (  9.49949026E-04, -1.89524144E-03) ( -1.04773790E-03, -9.71340341E-06)
   1.00000000      -1.00000000      -1.00000000     ( -2.70083547E-03,  4.61004674E-04) ( -5.71832061E-03,  7.86967576E-04) (  3.00817192E-03, -3.25962901E-04)
   2.00000000       0.00000000      -1.00000000     ( -2.24448740E-03, -2.96859071E-04) ( -9.35047865E-03,  2.60770321E-03) ( -4.48897481E-03, -5.93718141E-04)
   2.00000000       1.00000000      -1.00000000     (  3.55066732E-04,  1.75088644E-03) (  1.16415322E-03, -3.78116965E-03) (  1.87661499E-03, -2.75904313E-04)
   2.00000000      -1.00000000      -1.00000000     (  9.35979187E-04, -2.13738531E-03) (  2.28174031E-03, -4.32133675E-03) ( -4.07453626E-04,  5.67524694E-05)
