   0.00000000       0.00000000      -2.00000000     ( -5.12227416E-05, -2.04890966E-04) (  1.67638063E-04, -4.65661287E-05) (  0.00000000    ,  0.00000000    )
   0.00000000       0.00000000      -1.00000000     (  2.22027302E-02, -2.67289579E-03) (  3.38256359E-02,  2.67475843E-02) (  0.00000000    ,  0.00000000    )
   0.00000000       1.00000000      -2.00000000     ( -4.65661287E-05, -4.65661287E-06) (  5.58793545E-05, -5.58793545E-05) (  2.79396772E-05, -2.79396772E-05)
   0.00000000       1.00000000      -1.00000000     (  8.19563866E-04,  3.11434269E-02) ( -3.98606062E-03, -3.30619514E-03) ( -3.98606062E-03, -3.30619514E-03)
   0.00000000       2.00000000      -1.00000000     (  2.04890966E-04,  9.31322575E-06) (  1.39698386E-05, -1.62981451E-05) (  2.79396772E-05, -3.25962901E-05)
   0.00000000      -2.00000000      -1.00000000     ( -1.11758709E-04, -2.32830644E-05) (  6.51925802E-05,  3.25962901E-05) ( -1.30385160E-04, -6.51925802E-05)
   0.00000000      -1.00000000      -2.00000000     (  1.11758709E-04, -4.19095159E-05) (  8.38190317E-05,  3.72529030E-05) ( -4.19095159E-05, -1.86264515E-05)
   0.00000000      -1.00000000      -1.00000000     (  7.97212124E-03, -9.33185220E-03) ( -2.84053385E-03,  5.71832061E-03) (  2.84053385E-03, -5.71832061E-03)
   1.00000000       0.00000000      -2.00000000     (  7.45058060E-05, -3.72529030E-05) (  1.02445483E-04, -5.58793545E-05) (  3.72529030E-05, -1.86264515E-05)
   1.00000000       0.00000000      -1.00000000     (  9.55536962E-03, -4.82425094E-03) ( -1.01327896E-02, -1.91386789E-03) (  9.55536962E-03, -4.82425094E-03)
   1.00000000       1.00000000      -2.00000000     (  6.51925802E-05,  3.25962901E-05) ( -3.72529030E-05,  1.49011612E-04) (  1.28056854E-05,  9.31322575E-05)
   1.00000000       1.00000000      -1.00000000     (  8.38190317E-05, -4.65661287E-05) ( -1.67638063E-04, -8.38190317E-05) ( -9.31322575E-05, -1.30385160E-04)
   1.00000000       2.00000000      -1.00000000     ( -1.28056854E-05, -7.45058060E-05) (  4.65661287E-05,  6.51925802E-05) (  7.45058060E-05,  5.12227416E-05)
   1.00000000      -2.00000000      -1.00000000     ( -1.30385160E-04, -5.58793545E-05) ( -8.38190317E-05, -6.51925802E-05) (  3.25962901E-05,  7.45058060E-05)
   1.00000000      -1.00000000      -2.00000000     ( -6.51925802E-05,  6.51925802E-05) ( -1.02445483E-04,  1.28056854E-05) (  1.86264515E-05,  2.79396772E-05)
   1.00000000      -1.00000000      -1.00000000     (  2.79396772E-05, -1.30385160E-04) (  1.30385160E-04, -5.12227416E-05) ( -1.11758709E-04, -8.38190317E-05)
   2.00000000       0.00000000      -1.00000000     (  4.65661287E-05,  1.62981451E-05) (  4.07453626E-06, -1.28056854E-05) (  9.31322575E-05,  3.25962901E-05)
   2.00000000       1.00000000      -1.00000000     (  3.72529030E-05,  5.23868948E-06) ( -5.58793545E-05,  3.25962901E-05) (  1.16415322E-05,  4.65661287E-05)
   2.00000000      -1.00000000      -1.00000000     ( -1.39698386E-05, -9.31322575E-06) ( -1.11758709E-04,  9.31322575E-05) (  8.38190317E-05, -1.11758709E-04)
