   0.00000000       0.00000000      -2.00000000     ( -2.60770321E-04, -2.04890966E-04) (  2.60770321E-04,  2.21189111E-05) (  0.00000000    ,  0.00000000    )
   0.00000000       0.00000000      -1.00000000     (  1.53109431E-02,  6.76140189E-03) (  4.13507223E-02,  1.54972076E-02) (  0.00000000    ,  0.00000000    )
   0.00000000       1.00000000      -2.00000000     ( -1.76951289E-04, -1.86264515E-05) ( -3.72529030E-05, -6.98491931E-05) ( -1.86264515E-05, -3.49245965E-05)
   0.00000000       1.00000000      -1.00000000     ( -5.53205609E-03,  3.03983688E-02) ( -8.69855285E-03, -2.61701643E-03) ( -8.69855285E-03, -2.61701643E-03)
   0.00000000       2.00000000      -1.00000000     (  7.91624188E-05, -4.65661287E-05) (  6.05359674E-05, -1.30385160E-04) (  1.21071935E-04, -2.60770321E-04)
   0.00000000      -2.00000000      -1.00000000     ( -3.35276127E-04, -6.51925802E-05) (  8.84756446E-05, -4.19095159E-05) ( -1.76951289E-04,  8.38190317E-05)
   0.00000000      -1.00000000      -2.00000000     ( -1.39698386E-05, -1.11758709E-04) (  1.02445483E-04,  6.51925802E-05) ( -5.12227416E-05, -3.25962901E-05)
   0.00000000      -1.00000000      -1.00000000     (  9.23871994E-03, -9.81613994E-03) ( -1.93831511E-04,  1.73691660E-03) (  1.93831511E-04, -1.73691660E-03)
   1.00000000       0.00000000      -2.00000000     (  1.49011612E-04,  8.38190317E-05) (  1.28056854E-05, -2.60770321E-04) (  7.45058060E-05,  4.19095159E-05)
   1.00000000       0.00000000      -1.00000000     (  1.04680657E-02, -5.55068254E-03) ( -9.68575478E-03,  9.85339284E-03) (  1.04680657E-02, -5.55068254E-03)
   1.00000000       1.00000000      -2.00000000     (  2.32830644E-05, -5.58793545E-05) ( -3.95812094E-05,  2.04890966E-04) ( -8.73114914E-06,  7.45058060E-05)
   1.00000000       1.00000000      -1.00000000     (  3.72529030E-04, -4.47034836E-04) ( -1.86264515E-04,  1.76951289E-04) (  1.86264515E-04, -2.60770321E-04)
   1.00000000       2.00000000      -1.00000000     ( -3.02679837E-05,  1.86264515E-04) (  3.25962901E-05, -6.98491931E-05) (  3.49245965E-05,  5.12227416E-05)
   1.00000000      -2.00000000      -1.00000000     ( -1.11758709E-04, -4.36557457E-06) ( -1.30385160E-04, -3.02679837E-05) (  1.49011612E-04,  5.58793545E-05)
   1.00000000      -1.00000000      -2.00000000     ( -1.11758709E-04,  1.39698386E-04) ( -4.65661287E-05,  5.12227416E-05) ( -3.49245965E-05,  4.65661287E-05)
   1.00000000      -1.00000000      -1.00000000     (  2.32830644E-06, -1.76951289E-04) (  1.30385160E-04, -1.49011612E-04) ( -1.30385160E-04, -2.79396772E-05)
   2.00000000       0.00000000      -1.00000000     (  1.02445483E-04,  2.79396772E-05) ( -1.39698386E-04,  1.67638063E-04) (  2.04890966E-04,  5.58793545E-05)
   2.00000000       1.00000000      -1.00000000     ( -9.31322575E-05, -2.56113708E-05) (  1.39698386E-04, -2.23517418E-04) ( -4.42378223E-05, -2.60770321E-04)
   2.00000000      -1.00000000      -1.00000000     ( -8.84756446E-05, -2.79396772E-05) ( -9.31322575E-05,  3.72529030E-05) ( -8.38190317E-05, -9.31322575E-05)
