   0.00000000       0.00000000       1.00000000     (  7.54371285E-04, -1.09151006E-02) (  2.27242708E-02,  3.25962901E-03) (  0.00000000    ,  0.00000000    )
   0.00000000       0.00000000       2.00000000     (  8.08387995E-03, -2.01165676E-03) ( -1.18091702E-02, -6.33299351E-03) (  0.00000000    ,  0.00000000    )
   0.00000000       1.00000000       0.00000000     (  5.23403287E-03, -2.36555934E-03) (  0.00000000    ,  0.00000000    ) (  1.42306089E-02, -3.74391675E-03)
   0.00000000       1.00000000       1.00000000     ( -2.74740160E-03, -1.19674951E-03) (  4.09781933E-03, -1.26659870E-03) ( -4.09781933E-03,  1.26659870E-03)
   0.00000000       1.00000000       2.00000000     (  5.99771738E-03, -5.30853868E-03) ( -2.41212547E-03,  2.68220901E-03) (  1.20606273E-03, -1.34110451E-03)
   0.00000000       2.00000000       0.00000000     (  1.11176632E-04,  7.26431608E-03) (  0.00000000    ,  0.00000000    ) ( -1.11293048E-03,  2.39349902E-03)
   0.00000000       2.00000000       1.00000000     ( -1.12224370E-03, -5.14090061E-03) ( -1.57859176E-03,  1.72294676E-03) (  3.15718353E-03, -3.44589353E-03)
   0.00000000      -2.00000000       0.00000000     (  1.11176632E-04, -7.26431608E-03) (  0.00000000    ,  0.00000000    ) ( -1.11293048E-03, -2.39349902E-03)
   0.00000000      -2.00000000       1.00000000     (  7.75326043E-04,  1.39698386E-03) ( -8.42846930E-04,  2.07801349E-04) ( -1.68569386E-03,  4.15602699E-04)
   0.00000000      -1.00000000       0.00000000     (  5.23403287E-03,  2.36555934E-03) (  0.00000000    ,  0.00000000    ) (  1.42306089E-02,  3.74391675E-03)
   0.00000000      -1.00000000       1.00000000     ( -7.22706318E-03, -1.19209290E-02) ( -6.01634383E-03,  5.58793545E-03) ( -6.01634383E-03,  5.58793545E-03)
   0.00000000      -1.00000000       2.00000000     ( -1.64378434E-03, -3.39001417E-03) (  1.76019967E-03,  2.30967999E-03) (  8.80099833E-04,  1.15483999E-03)
   1.00000000       0.00000000       0.00000000     (  0.00000000    ,  0.00000000    ) ( -2.48104334E-02,  8.27014446E-03) (  1.45286322E-02, -4.35858965E-03)
   1.00000000       0.00000000       1.00000000     ( -1.54133886E-03, -1.74157321E-03) (  2.14204192E-04, -8.67992640E-03) (  1.54133886E-03,  1.74157321E-03)
   1.00000000       0.00000000       2.00000000     ( -4.30271029E-03, -1.79745257E-03) ( -6.61239028E-04,  2.46800482E-03) (  2.15135515E-03,  8.98726285E-04)
   1.00000000       1.00000000       0.00000000     (  1.61118805E-03,  1.01048499E-03) ( -1.61118805E-03, -1.01048499E-03) (  5.94183803E-03,  1.19209290E-02)
   1.00000000       1.00000000       1.00000000     ( -2.96160579E-03, -6.40284270E-04) (  7.45058060E-04,  4.22820449E-03) (  2.22586095E-03, -3.59490514E-03)
   1.00000000       1.00000000       2.00000000     ( -2.74740160E-03,  1.08033419E-03) (  3.01748514E-03,  1.74157321E-03) ( -1.35623850E-04, -1.41561031E-03)
   1.00000000       2.00000000       0.00000000     (  2.43308023E-04,  1.95577741E-03) ( -1.21654011E-04, -9.77888703E-04) ( -2.84053385E-03,  5.90807758E-05)
   1.00000000       2.00000000       1.00000000     (  3.31550837E-03,  9.31322575E-04) ( -1.16880983E-03, -3.94647941E-04) ( -9.73232090E-04, -1.43190846E-04)
   1.00000000      -2.00000000       0.00000000     (  2.56113708E-04,  6.14672899E-04) (  1.28056854E-04,  3.07336450E-04) ( -2.46800482E-03,  2.98023224E-03)
   1.00000000      -2.00000000       1.00000000     ( -1.36438757E-03,  2.44472176E-04) (  5.40167093E-04,  2.66591087E-04) (  2.44006515E-03,  2.86381692E-04)
   1.00000000      -1.00000000       0.00000000     (  4.50760126E-03,  8.75443220E-04) (  4.50760126E-03,  8.75443220E-04) ( -3.59490514E-03,  7.78585672E-03)
   1.00000000      -1.00000000       1.00000000     (  1.37370080E-03,  4.19095159E-03) ( -6.63567334E-04, -4.99188900E-03) ( -2.03959644E-03, -9.16421413E-03)
   1.00000000      -1.00000000       2.00000000     ( -5.66244125E-03, -1.61118805E-03) (  1.93715096E-03,  7.89295882E-04) (  3.79979610E-03,  1.20140612E-03)
   2.00000000       0.00000000       0.00000000     (  0.00000000    ,  0.00000000    ) ( -2.31899321E-03,  4.26545739E-03) ( -1.47847459E-04, -2.72877514E-03)
   2.00000000       0.00000000       1.00000000     ( -1.08964741E-03,  1.09430403E-03) ( -2.84984708E-03, -3.40864062E-03) (  2.17929482E-03, -2.18860805E-03)
   2.00000000       1.00000000       0.00000000     ( -8.98726285E-04, -1.30385160E-03) (  1.79745257E-03,  2.60770321E-03) (  6.68223947E-04,  3.29688191E-03)
   2.00000000       1.00000000       1.00000000     ( -6.65895641E-04,  3.11993062E-04) ( -6.05359674E-04,  1.22003257E-03) (  1.93715096E-03, -1.84401870E-03)
   2.00000000      -1.00000000       0.00000000     ( -2.93366611E-03, -1.36904418E-03) ( -5.86733222E-03, -2.73808837E-03) (  1.74157321E-03,  6.22123480E-03)
   2.00000000      -1.00000000       1.00000000     (  2.05822289E-03, -1.64844096E-03) ( -1.39232725E-03,  4.91272658E-04) ( -5.49480319E-03,  3.78116965E-03)
