   0.00000000       0.00000000       1.00000000     (  2.35438347E-02,  3.40864062E-03) (  3.39746475E-02, -2.83867121E-02) (  0.00000000    ,  0.00000000    )
   0.00000000       0.00000000       2.00000000     ( -2.42143869E-04,  1.17346644E-03) (  9.12696123E-04,  3.16649675E-04) (  0.00000000    ,  0.00000000    )
   0.00000000       1.00000000       0.00000000     ( -1.78813934E-02, -7.47386366E-04) (  0.00000000    ,  0.00000000    ) (  5.11296093E-03,  1.64657831E-02)
   0.00000000       1.00000000       1.00000000     (  8.13975930E-03,  9.05245543E-03) ( -2.85916030E-03, -6.48200512E-03) (  2.85916030E-03,  6.48200512E-03)
   0.00000000       1.00000000       2.00000000     (  7.26431608E-04,  1.95577741E-04) (  4.56348062E-04, -2.37487257E-04) ( -2.28174031E-04,  1.18743628E-04)
   0.00000000       2.00000000       0.00000000     ( -3.21306288E-04, -1.09896064E-03) (  0.00000000    ,  0.00000000    ) (  1.21071935E-03, -1.26659870E-03)
   0.00000000       2.00000000       1.00000000     ( -6.42612576E-04,  3.37604433E-05) (  3.81842256E-04, -2.00234354E-04) ( -7.63684511E-04,  4.00468707E-04)
   0.00000000      -2.00000000       0.00000000     ( -3.21306288E-04,  1.09896064E-03) (  0.00000000    ,  0.00000000    ) (  1.21071935E-03,  1.26659870E-03)
   0.00000000      -2.00000000       1.00000000     (  1.30385160E-03, -9.77888703E-05) (  1.35041773E-04,  4.07453626E-05) (  2.70083547E-04,  8.14907253E-05)
   0.00000000      -1.00000000       0.00000000     ( -1.78813934E-02,  7.47386366E-04) (  0.00000000    ,  0.00000000    ) (  5.11296093E-03, -1.64657831E-02)
   0.00000000      -1.00000000       1.00000000     (  1.72760338E-03, -3.17394733E-02) ( -3.59490514E-03,  3.44589353E-03) ( -3.59490514E-03,  3.44589353E-03)
   0.00000000      -1.00000000       2.00000000     ( -1.95577741E-04,  5.58793545E-05) (  2.93366611E-04,  3.44589353E-04) (  1.46683306E-04,  1.72294676E-04)
   1.00000000       0.00000000       0.00000000     (  0.00000000    ,  0.00000000    ) ( -1.54599547E-02,  1.70245767E-02) (  3.15904617E-02,  1.96322799E-02)
   1.00000000       0.00000000       1.00000000     (  8.66129994E-04, -3.48314643E-03) ( -3.24845314E-02, -2.35624611E-03) ( -8.66129994E-04,  3.48314643E-03)
   1.00000000       0.00000000       2.00000000     (  9.54605639E-05, -7.63684511E-04) ( -6.05359674E-04, -6.23986125E-04) ( -4.77302819E-05,  3.81842256E-04)
   1.00000000       1.00000000       0.00000000     (  2.50991434E-03,  3.25962901E-03) ( -2.50991434E-03, -3.25962901E-03) ( -1.09151006E-02,  1.28149986E-02)
   1.00000000       1.00000000       1.00000000     ( -5.86733222E-04,  5.40167093E-04) (  1.04308128E-03,  3.66708264E-05) ( -4.56348062E-04, -5.77419996E-04)
   1.00000000       1.00000000       2.00000000     (  5.96046448E-04,  1.35041773E-04) ( -1.00117177E-04, -2.00234354E-04) ( -2.51457095E-04,  3.20142135E-05)
   1.00000000       2.00000000       0.00000000     ( -7.10133463E-05, -1.67638063E-04) (  3.55066732E-05,  8.38190317E-05) ( -7.63684511E-04, -3.21306288E-04)
   1.00000000       2.00000000       1.00000000     ( -9.49949026E-04, -4.09781933E-04) (  6.51925802E-04,  2.00234354E-04) ( -3.44589353E-04,  1.22236088E-05)
   1.00000000      -2.00000000       0.00000000     (  4.47034836E-04,  4.74974513E-04) (  2.23517418E-04,  2.37487257E-04) (  4.93600965E-04,  7.26431608E-04)
   1.00000000      -2.00000000       1.00000000     (  3.07336450E-04, -4.00468707E-04) (  1.32713467E-04, -3.21306288E-04) ( -4.42378223E-05, -2.37487257E-04)
   1.00000000      -1.00000000       0.00000000     ( -1.22934580E-03, -1.22934580E-02) ( -1.22934580E-03, -1.22934580E-02) ( -1.34482980E-02,  2.33948231E-02)
   1.00000000      -1.00000000       1.00000000     ( -8.94069672E-04, -2.37487257E-04) (  3.81842256E-04,  1.45286322E-03) (  1.26659870E-03,  1.67638063E-03)
   1.00000000      -1.00000000       2.00000000     (  1.13621354E-03, -1.09896064E-03) (  3.72529030E-04, -3.91155481E-04) ( -3.81842256E-04,  3.53902578E-04)
   2.00000000       0.00000000       0.00000000     (  0.00000000    ,  0.00000000    ) ( -9.31322575E-04, -1.28522515E-03) (  4.65661287E-04, -1.00582838E-03)
   2.00000000       0.00000000       1.00000000     ( -3.25962901E-04,  5.49480319E-04) ( -2.74740160E-04, -6.89178705E-04) (  6.51925802E-04, -1.09896064E-03)
   2.00000000       1.00000000       0.00000000     (  1.72294676E-04, -4.65661287E-04) ( -3.44589353E-04,  9.31322575E-04) (  5.30853868E-04, -8.19563866E-04)
   2.00000000       1.00000000       1.00000000     ( -1.67638063E-04, -1.62981451E-04) ( -2.65426934E-04,  1.17346644E-03) (  6.05359674E-04, -8.38190317E-04)
   2.00000000      -1.00000000       0.00000000     (  2.46800482E-04, -4.28408384E-04) (  4.93600965E-04, -8.56816769E-04) (  3.53902578E-04, -2.28174031E-04)
   2.00000000      -1.00000000       1.00000000     (  4.56348062E-04, -7.91624188E-05) (  1.13621354E-03, -1.00117177E-04) (  2.18860805E-04,  5.70435077E-05)
