   0.00000000       0.00000000       1.00000000     (  2.44379044E-02,  1.10268593E-02) (  7.71135092E-03, -2.80886889E-02) (  0.00000000    ,  0.00000000    )
   0.00000000       0.00000000       2.00000000     (  4.78699803E-03, -4.89875674E-03) ( -2.27242708E-03,  8.45175236E-04) (  0.00000000    ,  0.00000000    )
   0.00000000       1.00000000       0.00000000     ( -7.18981028E-03,  8.90344381E-03) (  0.00000000    ,  0.00000000    ) (  2.01165676E-03,  8.70786607E-04)
   0.00000000       1.00000000       1.00000000     (  3.93949449E-03, -5.19677997E-03) (  4.41446900E-03, -9.05245543E-03) ( -4.41446900E-03,  9.05245543E-03)
   0.00000000       1.00000000       2.00000000     ( -6.16535544E-03,  8.59145075E-04) ( -3.35276127E-03,  1.35623850E-04) (  1.67638063E-03, -6.78119250E-05)
   0.00000000       2.00000000       0.00000000     ( -3.68803740E-03, -4.52622771E-03) (  0.00000000    ,  0.00000000    ) ( -5.30853868E-03,  4.74974513E-04)
   0.00000000       2.00000000       1.00000000     (  2.07684934E-03,  4.82425094E-03) ( -2.25380063E-03, -1.55065209E-03) (  4.50760126E-03,  3.10130417E-03)
   0.00000000      -2.00000000       0.00000000     ( -3.68803740E-03,  4.52622771E-03) (  0.00000000    ,  0.00000000    ) ( -5.30853868E-03, -4.74974513E-04)
   0.00000000      -2.00000000       1.00000000     ( -9.49949026E-03,  1.99303031E-03) ( -1.50408596E-03,  1.41561031E-03) ( -3.00817192E-03,  2.83122063E-03)
   0.00000000      -1.00000000       0.00000000     ( -7.18981028E-03, -8.90344381E-03) (  0.00000000    ,  0.00000000    ) (  2.01165676E-03, -8.70786607E-04)
   0.00000000      -1.00000000       1.00000000     (  1.44541264E-02, -1.65402889E-02) ( -4.92436811E-04, -1.82539225E-03) ( -4.92436811E-04, -1.82539225E-03)
   0.00000000      -1.00000000       2.00000000     (  3.08500603E-04, -2.99885869E-03) (  6.40284270E-04, -1.21537596E-03) (  3.20142135E-04, -6.07687980E-04)
   1.00000000       0.00000000       0.00000000     (  0.00000000    ,  0.00000000    ) ( -1.60932541E-02,  6.68689609E-03) (  2.74926424E-02,  2.29477882E-02)
   1.00000000       0.00000000       1.00000000     (  4.07919288E-03, -2.73808837E-03) ( -2.82377005E-02,  1.50501728E-02) ( -4.07919288E-03,  2.73808837E-03)
   1.00000000       0.00000000       2.00000000     (  1.27125531E-03,  2.95229256E-03) (  7.45058060E-03,  3.16649675E-03) ( -6.35627657E-04, -1.47614628E-03)
   1.00000000       1.00000000       0.00000000     (  5.58793545E-03,  3.93949449E-03) ( -5.58793545E-03, -3.93949449E-03) ( -8.60542059E-03,  5.68106771E-03)
   1.00000000       1.00000000       1.00000000     ( -3.25962901E-03, -1.06170774E-03) (  1.93715096E-03,  3.48081812E-04) (  1.32713467E-03,  7.14790076E-04)
   1.00000000       1.00000000       2.00000000     ( -8.49831849E-04, -2.39349902E-03) ( -4.67523932E-03, -6.17001206E-04) (  2.75671482E-03,  1.50408596E-03)
   1.00000000       2.00000000       0.00000000     ( -1.57859176E-03,  5.86733222E-03) (  7.89295882E-04, -2.93366611E-03) ( -1.11758709E-03,  4.52622771E-03)
   1.00000000       2.00000000       1.00000000     (  5.84870577E-03,  2.00234354E-03) ( -3.87430191E-03, -2.44006515E-03) (  1.90921128E-03,  2.86847353E-03)
   1.00000000      -2.00000000       0.00000000     (  4.05125320E-04, -2.93366611E-03) (  2.02562660E-04, -1.46683306E-03) ( -9.59262252E-04,  2.83122063E-03)
   1.00000000      -2.00000000       1.00000000     ( -1.13621354E-03,  1.56462193E-03) ( -1.46683306E-03,  2.31899321E-03) ( -1.79745257E-03,  3.07336450E-03)
   1.00000000      -1.00000000       0.00000000     ( -6.12810254E-03, -9.98377800E-03) ( -6.12810254E-03, -9.98377800E-03) ( -5.92321157E-03,  6.23986125E-03)
   1.00000000      -1.00000000       1.00000000     (  2.78465450E-03,  5.34579158E-03) ( -1.80676579E-03,  2.99885869E-03) ( -4.60073352E-03, -2.33761966E-03)
   1.00000000      -1.00000000       2.00000000     (  3.14787030E-03,  4.19095159E-03) (  5.38304448E-03,  3.57627869E-03) (  1.11758709E-03, -3.09664756E-04)
   2.00000000       0.00000000       0.00000000     (  0.00000000    ,  0.00000000    ) (  8.04662704E-03, -2.71014869E-03) ( -4.56348062E-03,  8.54488462E-04)
   2.00000000       0.00000000       1.00000000     ( -2.08616257E-03, -2.33761966E-03) (  1.37835741E-03,  7.22706318E-03) (  4.17232513E-03,  4.67523932E-03)
   2.00000000       1.00000000       0.00000000     ( -2.51457095E-03,  4.41214070E-04) (  5.02914190E-03, -8.82428139E-04) ( -1.09139364E-05, -8.23289156E-03)
   2.00000000       1.00000000       1.00000000     (  5.72763383E-04,  2.84053385E-03) ( -2.19792128E-03, -5.08502126E-03) (  1.05705112E-03, -5.98374754E-04)
   2.00000000      -1.00000000       0.00000000     (  1.61118805E-03,  1.40629709E-03) (  3.22237611E-03,  2.81259418E-03) ( -1.60071068E-04,  1.55530870E-03)
   2.00000000      -1.00000000       1.00000000     ( -2.71014869E-03,  8.40518624E-04) ( -1.88127160E-03, -1.21071935E-03) (  3.52971256E-03, -2.88709998E-03)
