   0.00000000       0.00000000       1.00000000     (  2.36928463E-02,  1.10268593E-02) (  5.62518835E-03, -2.65240669E-02) (  0.00000000    ,  0.00000000    )
   0.00000000       0.00000000       2.00000000     (  6.07222319E-03, -5.43892384E-03) ( -1.66706741E-03,  1.29453838E-03) (  0.00000000    ,  0.00000000    )
   0.00000000       1.00000000       0.00000000     ( -5.81145287E-03,  9.72300768E-03) (  0.00000000    ,  0.00000000    ) (  1.82073563E-03, -1.93831511E-04)
   0.00000000       1.00000000       1.00000000     (  3.43658030E-03, -5.06639481E-03) (  5.02914190E-03, -8.45640898E-03) ( -5.02914190E-03,  8.45640898E-03)
   0.00000000       1.00000000       2.00000000     ( -7.28294253E-03,  3.52738425E-04) ( -4.78699803E-03,  2.72411853E-04) (  2.39349902E-03, -1.36205927E-04)
   0.00000000       2.00000000       0.00000000     ( -3.42726707E-03, -6.03497028E-03) (  0.00000000    ,  0.00000000    ) ( -6.35161996E-03,  3.66708264E-04)
   0.00000000       2.00000000       1.00000000     (  2.86847353E-03,  4.97326255E-03) ( -2.50525773E-03, -2.01631337E-03) (  5.01051545E-03,  4.03262675E-03)
   0.00000000      -2.00000000       0.00000000     ( -3.42726707E-03,  6.03497028E-03) (  0.00000000    ,  0.00000000    ) ( -6.35161996E-03, -3.66708264E-04)
   0.00000000      -2.00000000       1.00000000     ( -1.04308128E-02,  1.40629709E-03) ( -1.53668225E-03,  1.56927854E-03) ( -3.07336450E-03,  3.13855708E-03)
   0.00000000      -1.00000000       0.00000000     ( -5.81145287E-03, -9.72300768E-03) (  0.00000000    ,  0.00000000    ) (  1.82073563E-03,  1.93831511E-04)
   0.00000000      -1.00000000       1.00000000     (  1.35228038E-02, -1.55344605E-02) ( -1.02678314E-03, -1.97906047E-03) ( -1.02678314E-03, -1.97906047E-03)
   0.00000000      -1.00000000       2.00000000     ( -1.84518285E-04, -3.23168933E-03) (  7.40401447E-04, -1.81025825E-04) (  3.70200723E-04, -9.05129127E-05)
   1.00000000       0.00000000       0.00000000     (  0.00000000    ,  0.00000000    ) ( -1.68383121E-02,  6.18398190E-03) (  2.63005495E-02,  2.17556953E-02)
   1.00000000       0.00000000       1.00000000     (  3.57627869E-03, -3.06405127E-03) ( -2.68965960E-02,  1.50874257E-02) ( -3.57627869E-03,  3.06405127E-03)
   1.00000000       0.00000000       2.00000000     (  1.22003257E-03,  3.25031579E-03) (  7.80448318E-03,  3.61353159E-03) ( -6.10016286E-04, -1.62515789E-03)
   1.00000000       1.00000000       0.00000000     (  5.43892384E-03,  3.19443643E-03) ( -5.43892384E-03, -3.19443643E-03) ( -8.15838575E-03,  4.84287739E-03)
   1.00000000       1.00000000       1.00000000     ( -3.93018126E-03, -5.54136932E-04) (  2.57976353E-03,  1.63563527E-04) (  1.35507435E-03,  3.91155481E-04)
   1.00000000       1.00000000       2.00000000     ( -1.42492354E-03, -2.91503966E-03) ( -5.60656190E-03, -1.38301402E-03) (  3.51108611E-03,  2.15135515E-03)
   1.00000000       2.00000000       0.00000000     ( -1.88592821E-03,  6.53788447E-03) (  9.42964107E-04, -3.26894224E-03) ( -1.55065209E-03,  6.79865479E-03)
   1.00000000       2.00000000       1.00000000     (  6.96629286E-03,  2.61701643E-03) ( -3.97674739E-03, -2.89641321E-03) (  9.91858542E-04,  3.18512321E-03)
   1.00000000      -2.00000000       0.00000000     (  4.09781933E-04, -3.42726707E-03) (  2.04890966E-04, -1.71363354E-03) ( -9.35979187E-04,  3.09199095E-03)
   1.00000000      -2.00000000       1.00000000     ( -1.64378434E-03,  1.18277967E-03) ( -1.93715096E-03,  2.07684934E-03) ( -2.22586095E-03,  2.97091901E-03)
   1.00000000      -1.00000000       0.00000000     ( -6.20260835E-03, -8.34465027E-03) ( -6.20260835E-03, -8.34465027E-03) ( -5.23403287E-03,  5.53205609E-03)
   1.00000000      -1.00000000       1.00000000     (  4.15369868E-03,  7.26431608E-03) ( -1.22934580E-03,  5.06639481E-03) ( -5.38304448E-03, -2.19792128E-03)
   1.00000000      -1.00000000       2.00000000     (  4.12575901E-03,  5.49480319E-03) (  7.02217221E-03,  3.97674739E-03) (  1.44820660E-03, -7.56699592E-04)
   2.00000000       0.00000000       0.00000000     (  0.00000000    ,  0.00000000    ) (  1.00210309E-02, -4.10713255E-03) ( -5.25265932E-03,  1.84401870E-03)
   2.00000000       0.00000000       1.00000000     ( -3.11993062E-03, -2.50525773E-03) (  2.04425305E-03,  9.42498446E-03) (  6.23986125E-03,  5.01051545E-03)
   2.00000000       1.00000000       0.00000000     ( -2.76602805E-03,  7.12461770E-04) (  5.53205609E-03, -1.42492354E-03) ( -2.04308890E-04, -9.46223736E-03)
   2.00000000       1.00000000       1.00000000     (  1.09430403E-03,  3.69735062E-03) ( -3.53902578E-03, -6.44475222E-03) (  1.35041773E-03, -9.38307494E-04)
   2.00000000      -1.00000000       0.00000000     (  1.91386789E-03,  1.18277967E-03) (  3.82773578E-03,  2.36555934E-03) ( -1.06228981E-04,  1.60187483E-03)
   2.00000000      -1.00000000       1.00000000     ( -3.20374966E-03,  9.49949026E-04) ( -2.18860805E-03, -1.71829015E-03) (  4.20957804E-03, -3.61353159E-03)
