    0.000000        0.000000        1.000000      (2.3171306E-02,1.2256205E-02)
   (-3.5483390E-03,-2.0638108E-02)  (0.000000,0.000000)
    0.000000        0.000000        2.000000      
 (8.1956387E-03,-2.9243529E-03)  (4.5634806E-03,2.4167821E-03)  
 (0.000000,0.000000)
    0.000000        1.000000        0.000000      
 (-6.4494088E-04,1.1809170E-02)  (0.000000,0.000000)  
 (2.7287751E-03,-3.4738332E-03)
    0.000000        1.000000        1.000000      
 (3.7997961E-03,-1.5646219E-03)  (7.3947012E-03,-6.3143671E-03)  
 (-7.3947012E-03,6.3143671E-03)
    0.000000        1.000000        2.000000      
 (-8.2142651E-03,-1.8998981E-03)  (-8.3819032E-03,2.4971087E-04)  
 (4.1909516E-03,-1.2485543E-04)
    0.000000        2.000000        0.000000      
 (-6.7520887E-05,-5.4202974E-03)  (0.000000,0.000000)  
 (-3.2875687E-03,1.5832484E-03)
    0.000000        2.000000        1.000000      
 (9.8347664E-03,-2.0768493E-03)  (-4.1327439E-04,-2.5657937E-03)  
 (8.2654878E-04,5.1315874E-03)
    0.000000       -2.000000        0.000000      
 (-6.7520887E-05,5.4202974E-03)  (0.000000,0.000000)  
 (-3.2875687E-03,-1.5832484E-03)
    0.000000       -2.000000        1.000000      
 (-1.1660159E-02,-7.7858567E-03)  (-3.4272671E-03,9.4296411E-04)  
 (-6.8545341E-03,1.8859282E-03)
    0.000000       -1.000000        0.000000      
 (-6.4494088E-04,-1.1809170E-02)  (0.000000,0.000000)  
 (2.7287751E-03,3.4738332E-03)
    0.000000       -1.000000        1.000000      
 (7.9721212E-03,-1.0654330E-02)  (-2.8498471E-03,-3.3993274E-03)  
 (-2.8498471E-03,-3.3993274E-03)
    0.000000       -1.000000        2.000000      
 (-8.9965761E-03,2.5192276E-03)  (-3.9348379E-04,5.1222742E-03)  
 (-1.9674189E-04,2.5611371E-03)
    1.000000        0.000000        0.000000      (0.000000,0.000000)  
 (-2.3767352E-02,4.9918890E-03)  (2.1904707E-02,1.9147992E-02)
    1.000000        0.000000        1.000000      
 (1.8917490E-04,-4.5634806E-03)  (-2.3841858E-02,1.6167760E-02)  
 (-1.8917490E-04,4.5634806E-03)
    1.000000        0.000000        2.000000      (1.2200326E-03,1.5879050E-03)
   (5.2526593E-03,8.8848174E-03)  (-6.1001629E-04,-7.9395249E-04)
    1.000000        1.000000        0.000000      
 (4.9546361E-03,-5.5646524E-04)  (-4.9546361E-03,5.5646524E-04)  
 (-5.3271651E-03,2.2072345E-03)
    1.000000        1.000000        1.000000      
 (-2.4214387E-03,2.5285408E-03)  (1.2340024E-03,-1.4901161E-03)  
 (1.1874363E-03,-1.0360964E-03)
    1.000000        1.000000        2.000000      
 (-3.0081719E-03,-1.8300489E-03)  (-3.1292439E-03,-5.4948032E-03)  
 (3.0733645E-03,3.6600977E-03)
    1.000000        2.000000        0.000000      
 (-8.2189217E-04,4.5634806E-03)  (4.1094609E-04,-2.2817403E-03)  
 (1.4994293E-03,1.0747463E-02)
    1.000000        2.000000        1.000000      (6.1467290E-03,3.9953738E-03)
   (-1.5087426E-03,-1.7043203E-03)  (-3.1385571E-03,-5.9022568E-04)
    1.000000       -2.000000        0.000000      
 (-1.1408702E-03,3.1664968E-03)  (-5.7043508E-04,1.5832484E-03)  
 (-5.6810677E-03,-5.9022568E-04)
    1.000000       -2.000000        1.000000      
 (-1.5832484E-03,1.0919757E-03)  (-8.0093741E-04,1.8812716E-03)  
 (-1.7789716E-05,2.6635826E-03)
    1.000000       -1.000000        0.000000      
 (-4.2282045E-03,-1.2852252E-03)  (-4.2282045E-03,-1.2852252E-03)  
 (-4.6566129E-03,4.1350722E-03)
    1.000000       -1.000000        1.000000      (1.2516975E-02,7.3574483E-03)
   (4.3492764E-03,7.1711838E-03)  (-8.1583858E-03,-1.9441359E-04)
    1.000000       -1.000000        2.000000      (1.4994293E-03,4.6752393E-03)
   (1.4528632E-03,-1.0849908E-03)  (-2.3865141E-05,-2.8777868E-03)
    2.000000        0.000000        0.000000      (0.000000,0.000000)  
 (1.4007092E-02,-7.3760748E-03)  (-2.1560118E-03,4.7497451E-03)
    2.000000        0.000000        1.000000      
 (-5.0198287E-03,2.0163134E-03)  (5.3644180E-03,1.2814999E-02)  
 (1.0039657E-02,-4.0326267E-03)
    2.000000        1.000000        0.000000      
 (-1.7089769E-03,-6.1234459E-04)  (3.4179538E-03,1.2246892E-03)  
 (-3.8277358E-03,-3.0174851E-03)
    2.000000        1.000000        1.000000      (3.2503158E-03,5.6624413E-03)
   (-6.2212348E-03,-1.1511147E-02)  (-2.7124770E-04,2.1245796E-04)
    2.000000       -1.000000        0.000000      
 (2.6542693E-04,-2.2165477E-03)  (5.3085387E-04,-4.4330955E-03)  
 (1.6530976E-03,3.6042184E-03)
    2.000000       -1.000000        1.000000      
 (-5.4016709E-03,7.4272975E-04)  (-5.8114529E-03,5.2532414E-05)  
 (4.9918890E-03,-1.4342368E-03)
