   0.00000000       0.00000000       1.00000000     (  2.76416540E-02,  8.12113285E-03) (  2.58535147E-02, -3.39746475E-02) (  0.00000000    ,  0.00000000    )
   0.00000000       0.00000000       2.00000000     ( -4.19095159E-05,  2.60770321E-04) (  2.04890966E-04,  8.38190317E-05) (  0.00000000    ,  0.00000000    )
   0.00000000       1.00000000       0.00000000     ( -1.86637044E-02,  1.49477273E-03) (  0.00000000    ,  0.00000000    ) (  3.60421836E-03,  1.25542283E-02)
   0.00000000       1.00000000       1.00000000     (  8.15838575E-03,  2.58907676E-03) ( -1.01514161E-03, -1.05053186E-02) (  1.01514161E-03,  1.05053186E-02)
   0.00000000       1.00000000       2.00000000     (  2.60770321E-04, -6.05359674E-05) (  6.51925802E-05, -4.65661287E-05) ( -3.25962901E-05,  2.32830644E-05)
   0.00000000       2.00000000       0.00000000     (  6.51925802E-05, -9.31322575E-05) (  0.00000000    ,  0.00000000    ) (  1.67638063E-04, -2.23517418E-04)
   0.00000000       2.00000000       1.00000000     ( -1.02445483E-04, -1.49011612E-04) (  8.38190317E-05, -3.20142135E-06) ( -1.67638063E-04,  6.40284270E-06)
   0.00000000      -2.00000000       0.00000000     (  6.51925802E-05,  9.31322575E-05) (  0.00000000    ,  0.00000000    ) (  1.67638063E-04,  2.23517418E-04)
   0.00000000      -2.00000000       1.00000000     (  4.47034836E-04, -7.45058060E-05) (  9.31322575E-05, -6.51925802E-05) (  1.86264515E-04, -1.30385160E-04)
   0.00000000      -1.00000000       0.00000000     ( -1.86637044E-02, -1.49477273E-03) (  0.00000000    ,  0.00000000    ) (  3.60421836E-03, -1.25542283E-02)
   0.00000000      -1.00000000       1.00000000     (  1.03749335E-02, -2.67475843E-02) (  2.85217538E-05,  1.76951289E-03) (  2.85217538E-05,  1.76951289E-03)
   0.00000000      -1.00000000       2.00000000     (  4.19095159E-05,  6.51925802E-05) ( -4.19095159E-05,  1.21071935E-04) ( -2.09547579E-05,  6.05359674E-05)
   1.00000000       0.00000000       0.00000000     (  0.00000000    ,  0.00000000    ) ( -1.31130219E-02,  1.31875277E-02) (  3.50177288E-02,  2.73436308E-02)
   1.00000000       0.00000000       1.00000000     (  4.48897481E-03, -3.46451998E-03) ( -3.65078449E-02,  7.80448318E-03) ( -4.48897481E-03,  3.46451998E-03)
   1.00000000       0.00000000       2.00000000     ( -6.05359674E-05, -1.49011612E-04) ( -2.79396772E-04, -1.67638063E-04) (  3.02679837E-05,  7.45058060E-05)
   1.00000000       1.00000000       0.00000000     (  5.90458512E-03,  6.85453415E-03) ( -5.90458512E-03, -6.85453415E-03) ( -1.03376806E-02,  1.12876296E-02)
   1.00000000       1.00000000       1.00000000     ( -5.58793545E-05,  1.67638063E-04) (  1.30385160E-04, -1.86264515E-05) ( -7.45058060E-05, -1.49011612E-04)
   1.00000000       1.00000000       2.00000000     (  5.58793545E-05,  3.02679837E-05) (  5.12227416E-05, -2.09547579E-05) ( -5.12227416E-05, -4.65661287E-06)
   1.00000000       2.00000000       0.00000000     (  1.11758709E-04, -1.67638063E-04) ( -5.58793545E-05,  8.38190317E-05) ( -1.30385160E-04,  8.38190317E-05)
   1.00000000       2.00000000       1.00000000     ( -2.42143869E-04,  2.91038305E-06) (  2.04890966E-04,  5.58793545E-05) ( -1.67638063E-04, -1.11758709E-04)
   1.00000000      -2.00000000       0.00000000     (  2.79396772E-05,  1.49011612E-04) (  1.39698386E-05,  7.45058060E-05) (  1.49011612E-04,  5.58793545E-05)
   1.00000000      -2.00000000       1.00000000     (  3.72529030E-05, -2.04890966E-04) (  3.72529030E-05, -1.67638063E-04) (  3.72529030E-05, -1.21071935E-04)
   1.00000000      -1.00000000       0.00000000     ( -2.78465450E-03, -1.64285302E-02) ( -2.78465450E-03, -1.64285302E-02) ( -1.27777457E-02,  1.55344605E-02)
   1.00000000      -1.00000000       1.00000000     ( -1.11758709E-04, -3.49245965E-05) (  1.30385160E-04,  2.42143869E-04) (  2.42143869E-04,  2.98023224E-04)
   1.00000000      -1.00000000       2.00000000     (  9.31322575E-05, -1.67638063E-04) (  2.32830644E-05, -6.05359674E-05) ( -3.72529030E-05,  5.58793545E-05)
   2.00000000       0.00000000       0.00000000     (  0.00000000    ,  0.00000000    ) ( -2.60770321E-04, -1.30385160E-04) (  1.49011612E-04, -8.38190317E-05)
   2.00000000       0.00000000       1.00000000     ( -6.51925802E-05,  1.11758709E-04) ( -2.56113708E-05, -1.30385160E-04) (  1.30385160E-04, -2.23517418E-04)
   2.00000000       1.00000000       0.00000000     (  1.02445483E-04, -4.19095159E-05) ( -2.04890966E-04,  8.38190317E-05) (  1.39698386E-05,  9.31322575E-05)
   2.00000000       1.00000000       1.00000000     (  2.32830644E-05, -3.72529030E-05) ( -1.11758709E-04,  2.23517418E-04) (  6.05359674E-05, -1.49011612E-04)
   2.00000000      -1.00000000       0.00000000     (  2.79396772E-05, -1.11758709E-04) (  5.58793545E-05, -2.23517418E-04) (  2.79396772E-05, -1.21071935E-04)
   2.00000000      -1.00000000       1.00000000     (  1.49011612E-04, -9.45874490E-07) (  1.86264515E-04, -1.39698386E-05) ( -8.38190317E-05, -1.28056854E-05)
