   0.00000000       0.00000000       1.00000000     (  3.08267772E-03, -1.15111470E-02) (  2.81631947E-02, -5.63159119E-05) (  0.00000000    ,  0.00000000    )
   0.00000000       0.00000000       2.00000000     (  3.76254320E-03, -6.70552254E-04) ( -4.84287739E-03, -2.68220901E-03) (  0.00000000    ,  0.00000000    )
   0.00000000       1.00000000       0.00000000     (  3.98606062E-03, -3.42726707E-03) (  0.00000000    ,  0.00000000    ) (  1.51991844E-02, -1.56462193E-03)
   0.00000000       1.00000000       1.00000000     (  8.98726285E-04,  8.03265721E-04) (  4.02331352E-03, -1.21537596E-03) ( -4.02331352E-03,  1.21537596E-03)
   0.00000000       1.00000000       2.00000000     (  2.51457095E-03, -2.68220901E-03) ( -4.51691449E-04,  1.43423676E-03) (  2.25845724E-04, -7.17118382E-04)
   0.00000000       2.00000000       0.00000000     (  1.63912773E-03,  2.29105353E-03) (  0.00000000    ,  0.00000000    ) ( -1.33877620E-04,  1.42492354E-03)
   0.00000000       2.00000000       1.00000000     ( -3.51574272E-04, -2.49594450E-03) ( -2.72411853E-04,  6.47269189E-04) (  5.44823706E-04, -1.29453838E-03)
   0.00000000      -2.00000000       0.00000000     (  1.63912773E-03, -2.29105353E-03) (  0.00000000    ,  0.00000000    ) ( -1.33877620E-04, -1.42492354E-03)
   0.00000000      -2.00000000       1.00000000     ( -1.06170774E-03,  1.36904418E-03) ( -8.84756446E-04, -3.37604433E-04) ( -1.76951289E-03, -6.75208867E-04)
   0.00000000      -1.00000000       0.00000000     (  3.98606062E-03,  3.42726707E-03) (  0.00000000    ,  0.00000000    ) (  1.51991844E-02,  1.56462193E-03)
   0.00000000      -1.00000000       1.00000000     ( -6.78002834E-03, -1.52736902E-02) ( -7.45058060E-03,  4.95463610E-03) ( -7.45058060E-03,  4.95463610E-03)
   0.00000000      -1.00000000       2.00000000     (  3.34694050E-05, -1.64844096E-03) (  1.53668225E-03,  3.84170562E-04) (  7.68341124E-04,  1.92085281E-04)
   1.00000000       0.00000000       0.00000000     (  0.00000000    ,  0.00000000    ) ( -2.72691250E-02,  1.25914812E-02) (  1.46776438E-02, -4.11644578E-03)
   1.00000000       0.00000000       1.00000000     ( -1.93715096E-03, -9.63918865E-04) ( -3.78116965E-03, -1.22934580E-02) (  1.93715096E-03,  9.63918865E-04)
   1.00000000       0.00000000       2.00000000     ( -2.29105353E-03, -1.40629709E-03) (  2.79396772E-04,  1.02445483E-03) (  1.14552677E-03,  7.03148544E-04)
   1.00000000       1.00000000       0.00000000     (  2.96160579E-03,  2.22586095E-03) ( -2.96160579E-03, -2.22586095E-03) (  3.98606062E-03,  1.06915832E-02)
   1.00000000       1.00000000       1.00000000     ( -2.23517418E-04,  1.96741894E-04) ( -1.11758709E-03,  1.56462193E-03) (  1.34110451E-03, -1.75088644E-03)
   1.00000000       1.00000000       2.00000000     ( -2.29105353E-03,  3.16649675E-04) (  1.55530870E-03,  1.58324838E-03) (  3.67872417E-04, -9.49949026E-04)
   1.00000000       2.00000000       0.00000000     (  1.85100362E-04,  1.97440386E-03) ( -9.25501809E-05, -9.87201929E-04) ( -1.55530870E-03,  4.61004674E-04)
   1.00000000       2.00000000       1.00000000     (  1.44354999E-03,  1.14552677E-03) ( -5.54136932E-04, -3.98140401E-04) ( -3.32947820E-04, -3.44589353E-04)
   1.00000000      -2.00000000       0.00000000     (  7.68341124E-04,  7.59027898E-04) (  3.84170562E-04,  3.79513949E-04) ( -1.37835741E-03, -1.26892701E-04)
   1.00000000      -2.00000000       1.00000000     ( -1.43423676E-03,  2.72411853E-04) ( -5.02914190E-04,  5.54136932E-04) (  4.26080078E-04,  8.33533704E-04)
   1.00000000      -1.00000000       0.00000000     (  2.95229256E-03, -7.98609108E-04) (  2.95229256E-03, -7.98609108E-04) ( -5.23403287E-03,  1.57207251E-02)
   1.00000000      -1.00000000       1.00000000     (  2.45869160E-03,  2.10478902E-03) ( -1.69966370E-04, -3.22237611E-03) ( -2.62632966E-03, -5.32716513E-03)
   1.00000000      -1.00000000       2.00000000     ( -2.71946192E-03, -7.07805157E-04) (  8.19563866E-04,  2.88709998E-04) (  1.76951289E-03,  4.98257577E-04)
   2.00000000       0.00000000       0.00000000     (  0.00000000    ,  0.00000000    ) ( -5.58793545E-04,  2.66358256E-03) ( -9.40635800E-04, -1.15483999E-03)
   2.00000000       0.00000000       1.00000000     ( -4.02797014E-04,  3.65544111E-04) ( -1.60187483E-03, -8.24220479E-04) (  8.05594027E-04, -7.31088221E-04)
   2.00000000       1.00000000       0.00000000     ( -2.08383426E-04, -3.39932740E-04) (  4.16766852E-04,  6.79865479E-04) (  4.74974513E-04,  8.94069672E-04)
   2.00000000       1.00000000       1.00000000     ( -2.39815563E-04,  5.26779331E-05) ( -8.19563866E-04,  7.63684511E-04) (  1.30385160E-03, -8.66129994E-04)
   2.00000000      -1.00000000       0.00000000     ( -1.35041773E-03, -9.31322575E-04) ( -2.70083547E-03, -1.86264515E-03) (  1.17346644E-03,  2.21654773E-03)
   2.00000000      -1.00000000       1.00000000     (  5.40167093E-04, -1.56462193E-03) ( -6.42612576E-04, -7.33416528E-05) ( -1.72294676E-03,  3.05473804E-03)
