   0.00000000       0.00000000       1.00000000     (  2.22027302E-02,  2.64495611E-03) (  3.38256359E-02, -2.66730785E-02) (  0.00000000    ,  0.00000000    )
   0.00000000       0.00000000       2.00000000     ( -4.19095159E-05,  1.67638063E-04) (  1.30385160E-04,  3.72529030E-05) (  0.00000000    ,  0.00000000    )
   0.00000000       1.00000000       0.00000000     ( -1.67265534E-02, -8.98726285E-04) (  0.00000000    ,  0.00000000    ) (  5.32716513E-03,  1.60560012E-02)
   0.00000000       1.00000000       1.00000000     (  7.97212124E-03,  9.35047865E-03) ( -2.84053385E-03, -5.69969416E-03) (  2.84053385E-03,  5.69969416E-03)
   0.00000000       1.00000000       2.00000000     (  9.31322575E-05,  3.25962901E-05) (  6.51925802E-05, -3.25962901E-05) ( -3.25962901E-05,  1.62981451E-05)
   0.00000000       2.00000000       0.00000000     ( -4.65661287E-05, -1.67638063E-04) (  0.00000000    ,  0.00000000    ) (  1.86264515E-04, -1.86264515E-04)
   0.00000000       2.00000000       1.00000000     ( -9.31322575E-05,  1.86264515E-05) (  5.58793545E-05, -2.79396772E-05) ( -1.11758709E-04,  5.58793545E-05)
   0.00000000      -2.00000000       0.00000000     ( -4.65661287E-05,  1.67638063E-04) (  0.00000000    ,  0.00000000    ) (  1.86264515E-04,  1.86264515E-04)
   0.00000000      -2.00000000       1.00000000     (  1.86264515E-04, -8.14907253E-06) (  1.16415322E-05,  1.39698386E-05) (  2.32830644E-05,  2.79396772E-05)
   0.00000000      -1.00000000       0.00000000     ( -1.67265534E-02,  8.98726285E-04) (  0.00000000    ,  0.00000000    ) (  5.32716513E-03, -1.60560012E-02)
   0.00000000      -1.00000000       1.00000000     (  7.89295882E-04, -3.12179327E-02) ( -4.00468707E-03,  3.30619514E-03) ( -4.00468707E-03,  3.30619514E-03)
   0.00000000      -1.00000000       2.00000000     ( -3.72529030E-05,  3.49245965E-06) (  4.65661287E-05,  4.65661287E-05) (  2.32830644E-05,  2.32830644E-05)
   1.00000000       0.00000000       0.00000000     (  0.00000000    ,  0.00000000    ) ( -1.56834722E-02,  1.69873238E-02) (  3.00258398E-02,  1.78813934E-02)
   1.00000000       0.00000000       1.00000000     (  2.72411853E-04, -3.16649675E-03) ( -3.07708979E-02, -3.54833901E-03) ( -2.72411853E-04,  3.16649675E-03)
   1.00000000       0.00000000       2.00000000     (  2.32830644E-05, -1.11758709E-04) ( -8.38190317E-05, -8.38190317E-05) ( -1.16415322E-05,  5.58793545E-05)
   1.00000000       1.00000000       0.00000000     (  1.97906047E-03,  2.73808837E-03) ( -1.97906047E-03, -2.73808837E-03) ( -1.06915832E-02,  1.25542283E-02)
   1.00000000       1.00000000       1.00000000     ( -8.38190317E-05,  7.45058060E-05) (  1.49011612E-04,  6.98491931E-06) ( -7.45058060E-05, -7.45058060E-05)
   1.00000000       1.00000000       2.00000000     (  9.31322575E-05,  1.86264515E-05) ( -1.62981451E-05, -3.72529030E-05) ( -3.72529030E-05,  9.31322575E-06)
   1.00000000       2.00000000       0.00000000     ( -2.79396772E-05, -1.39698386E-05) (  1.39698386E-05,  6.98491931E-06) ( -9.31322575E-05, -6.51925802E-05)
   1.00000000       2.00000000       1.00000000     ( -1.30385160E-04, -6.51925802E-05) (  8.38190317E-05,  2.32830644E-05) ( -4.65661287E-05,  1.62981451E-05)
   1.00000000      -2.00000000       0.00000000     (  7.45058060E-05,  5.58793545E-05) (  3.72529030E-05,  2.79396772E-05) (  7.45058060E-05,  1.11758709E-04)
   1.00000000      -2.00000000       1.00000000     (  4.65661287E-05, -4.65661287E-05) (  1.86264515E-05, -3.72529030E-05) ( -8.14907253E-06, -2.79396772E-05)
   1.00000000      -1.00000000       0.00000000     ( -1.08033419E-03, -1.12876296E-02) ( -1.08033419E-03, -1.12876296E-02) ( -1.28522515E-02,  2.37673521E-02)
   1.00000000      -1.00000000       1.00000000     ( -1.30385160E-04, -3.72529030E-05) (  5.58793545E-05,  2.23517418E-04) (  1.86264515E-04,  2.60770321E-04)
   1.00000000      -1.00000000       2.00000000     (  1.67638063E-04, -1.67638063E-04) (  5.58793545E-05, -6.51925802E-05) ( -5.58793545E-05,  4.65661287E-05)
   2.00000000       0.00000000       0.00000000     (  0.00000000    ,  0.00000000    ) ( -1.30385160E-04, -1.86264515E-04) (  6.51925802E-05, -1.49011612E-04)
   2.00000000       0.00000000       1.00000000     ( -4.19095159E-05,  7.45058060E-05) ( -4.65661287E-05, -1.11758709E-04) (  8.38190317E-05, -1.49011612E-04)
   2.00000000       1.00000000       0.00000000     (  1.86264515E-05, -7.45058060E-05) ( -3.72529030E-05,  1.49011612E-04) (  8.38190317E-05, -1.30385160E-04)
   2.00000000       1.00000000       1.00000000     ( -3.25962901E-05, -2.32830644E-05) ( -2.79396772E-05,  1.67638063E-04) (  8.38190317E-05, -1.11758709E-04)
   2.00000000      -1.00000000       0.00000000     (  3.72529030E-05, -5.58793545E-05) (  7.45058060E-05, -1.11758709E-04) (  5.58793545E-05, -2.32830644E-05)
   2.00000000      -1.00000000       1.00000000     (  6.51925802E-05, -1.16415322E-05) (  1.67638063E-04, -1.16415322E-05) (  4.19095159E-05,  1.39698386E-05)
