    0.000000        0.000000        1.000000      (2.3245811E-02,1.2926757E-02)
   (-1.5571713E-02,-1.8775463E-02)  (0.000000,0.000000)
    0.000000        0.000000        2.000000      
 (1.7788261E-03,-5.9080776E-05)  (2.3934990E-03,2.1606684E-03)  
 (0.000000,0.000000)
    0.000000        1.000000        0.000000      (4.1536987E-03,2.8684735E-03)
   (0.000000,0.000000)  (5.5506825E-03,-3.0500814E-04)
    0.000000        1.000000        1.000000      (6.9849193E-03,9.8347664E-03)
   (4.7683716E-03,-4.3585896E-03)  (-4.7683716E-03,4.3585896E-03)
    0.000000        1.000000        2.000000      
 (-3.7997961E-03,-6.6589564E-04)  (-2.8638169E-04,-1.8719584E-03)  
 (1.4319085E-04,9.3597919E-04)
    0.000000        2.000000        0.000000      
 (-1.9650906E-03,1.1874363E-03)  (0.000000,0.000000)  
 (1.2479722E-03,1.4901161E-03)
    0.000000        2.000000        1.000000      
 (1.3411045E-03,-1.3783574E-03)  (-8.0559403E-04,-2.7823262E-04)  
 (1.6111881E-03,5.5646524E-04)
    0.000000       -2.000000        0.000000      
 (-1.9650906E-03,-1.1874363E-03)  (0.000000,0.000000)  
 (1.2479722E-03,-1.4901161E-03)
    0.000000       -2.000000        1.000000      
 (-3.9674342E-03,-4.8056245E-03)  (-6.9849193E-04,-2.6542693E-04)  
 (-1.3969839E-03,-5.3085387E-04)
    0.000000       -1.000000        0.000000      
 (4.1536987E-03,-2.8684735E-03)  (0.000000,0.000000)  
 (5.5506825E-03,3.0500814E-04)
    0.000000       -1.000000        1.000000      
 (1.0579824E-02,-3.9488077E-03)  (-7.4272975E-04,-6.5192580E-03)  
 (-7.4272975E-04,-6.5192580E-03)
    0.000000       -1.000000        2.000000      
 (-5.6624413E-03,-9.2200935E-04)  (-1.8719584E-03,-2.4959445E-03)  
 (-9.3597919E-04,-1.2479722E-03)
    1.000000        0.000000        0.000000      (0.000000,0.000000)  
 (-3.1590462E-02,7.4133277E-03)  (1.6614795E-02,2.1681190E-02)
    1.000000        0.000000        1.000000      
 (-4.7124922E-03,-1.8812716E-03)  (-1.5348196E-02,1.3969839E-02)  
 (4.7124922E-03,1.8812716E-03)
    1.000000        0.000000        2.000000      (1.6880222E-05,1.2572855E-03)
   (2.0023435E-03,2.9988587E-03)  (-8.4401108E-06,-6.2864274E-04)
    1.000000        1.000000        0.000000      
 (1.3178214E-03,-1.1408702E-03)  (-1.3178214E-03,1.1408702E-03)  
 (2.8987415E-04,4.6566129E-03)
    1.000000        1.000000        1.000000      (1.3038516E-03,2.4214387E-03)
   (-1.9371510E-03,-2.6822090E-03)  (6.3795596E-04,2.5844201E-04)
    1.000000        1.000000        2.000000      
 (-1.8998981E-03,1.4621764E-03)  (4.8195943E-04,-8.5681677E-04)  
 (7.0780516E-04,-3.0384399E-04)
    1.000000        2.000000        0.000000      (2.5145710E-03,1.2759119E-03)
   (-1.2572855E-03,-6.3795596E-04)  (7.0314854E-04,2.6635826E-03)
    1.000000        2.000000        1.000000      (9.4063580E-04,1.2479722E-03)
   (-1.2293458E-03,3.7951395E-04)  (1.5180558E-03,-2.0116568E-03)
    1.000000       -2.000000        0.000000      (1.1269003E-03,1.4994293E-03)
   (5.6345016E-04,7.4971467E-04)  (-1.7788261E-03,-2.5611371E-05)
    1.000000       -2.000000        1.000000      
 (-2.0023435E-03,-1.2945384E-03)  (-1.0803342E-03,-1.1222437E-03)  
 (-1.5832484E-04,-9.4529241E-04)
    1.000000       -1.000000        0.000000      
 (1.5087426E-03,-5.5180863E-04)  (1.5087426E-03,-5.5180863E-04)  
 (-8.0838799E-03,2.0302832E-03)
    1.000000       -1.000000        1.000000      
 (4.8615038E-03,-4.0419400E-03)  (1.0710210E-03,-2.2817403E-03)  
 (-3.7811697E-03,1.7601997E-03)
    1.000000       -1.000000        2.000000      
 (-2.8871000E-03,-1.4714897E-03)  (-3.5762787E-03,-2.2444874E-03)  
 (-3.4226105E-04,-3.8649887E-04)
    2.000000        0.000000        0.000000      (0.000000,0.000000)  
 (3.8929284E-03,-4.9840310E-06)  (-7.3574483E-04,-1.0477379E-03)
    2.000000        0.000000        1.000000      
 (-4.4237822E-04,2.4773180E-03)  (1.0989606E-03,3.3713877E-03)  
 (8.8475645E-04,-4.9546361E-03)
    2.000000        1.000000        0.000000      
 (-8.0559403E-04,-1.7508864E-03)  (1.6111881E-03,3.5017729E-03)  
 (-3.7625432E-03,4.3958426E-03)
    2.000000        1.000000        1.000000      (1.2665987E-03,1.2293458E-03)
   (-6.7986548E-04,-5.0663948E-03)  (-1.8626451E-03,2.6077032E-03)
    2.000000       -1.000000        0.000000      
 (-2.7567148E-03,-9.6391886E-04)  (-5.5134296E-03,-1.9278377E-03)  
 (-1.1455268E-03,1.9371510E-03)
    2.000000       -1.000000        1.000000      
 (-1.2572855E-03,6.7986548E-04)  (-1.9557774E-04,3.2968819E-03)  
 (2.3283064E-03,1.9371510E-03)
