   0.00000000       0.00000000       1.00000000     (  1.30012631E-02, -9.90927219E-03) (  4.23192978E-02, -1.19954348E-02) (  0.00000000    ,  0.00000000    )
   0.00000000       0.00000000       2.00000000     (  1.11758709E-04, -4.65661287E-05) ( -9.31322575E-05, -5.82076609E-06) (  0.00000000    ,  0.00000000    )
   0.00000000       1.00000000       0.00000000     ( -2.16066837E-03, -4.47966158E-03) (  0.00000000    ,  0.00000000    ) (  1.41561031E-02,  7.97212124E-03)
   0.00000000       1.00000000       1.00000000     (  8.86619091E-03,  7.69272447E-03) (  1.35507435E-03, -1.38767064E-03) ( -1.35507435E-03,  1.38767064E-03)
   0.00000000       1.00000000       2.00000000     (  2.79396772E-05, -3.72529030E-05) ( -2.79396772E-05,  2.32830644E-05) (  1.39698386E-05, -1.16415322E-05)
   0.00000000       2.00000000       0.00000000     (  4.65661287E-05,  3.72529030E-05) (  0.00000000    ,  0.00000000    ) ( -5.58793545E-05,  1.16415322E-05)
   0.00000000       2.00000000       1.00000000     (  9.31322575E-05, -1.86264515E-05) ( -1.86264515E-05, -1.86264515E-05) (  3.72529030E-05,  3.72529030E-05)
   0.00000000      -2.00000000       0.00000000     (  4.65661287E-05, -3.72529030E-05) (  0.00000000    ,  0.00000000    ) ( -5.58793545E-05, -1.16415322E-05)
   0.00000000      -2.00000000       1.00000000     ( -3.72529030E-05, -3.49245965E-06) ( -3.72529030E-05, -4.65661287E-05) ( -7.45058060E-05, -9.31322575E-05)
   0.00000000      -1.00000000       0.00000000     ( -2.16066837E-03,  4.47966158E-03) (  0.00000000    ,  0.00000000    ) (  1.41561031E-02, -7.97212124E-03)
   0.00000000      -1.00000000       1.00000000     ( -6.57513738E-03, -2.83867121E-02) ( -9.64850187E-03,  3.35276127E-03) ( -9.64850187E-03,  3.35276127E-03)
   0.00000000      -1.00000000       2.00000000     (  4.65661287E-05, -1.86264515E-05) (  2.32830644E-05, -1.39698386E-05) (  1.16415322E-05, -6.98491931E-06)
   1.00000000       0.00000000       0.00000000     (  0.00000000    ,  0.00000000    ) ( -3.11434269E-02,  2.28732824E-02) (  1.94087625E-02,  1.51339918E-03)
   1.00000000       0.00000000       1.00000000     ( -3.72529030E-03,  6.14672899E-04) ( -1.68383121E-02, -1.79186463E-02) (  3.72529030E-03, -6.14672899E-04)
   1.00000000       0.00000000       2.00000000     ( -7.45058060E-05, -3.72529030E-05) (  4.65661287E-05,  2.79396772E-05) (  3.72529030E-05,  1.86264515E-05)
   1.00000000       1.00000000       0.00000000     (  2.36090273E-03,  4.86150384E-03) ( -2.36090273E-03, -4.86150384E-03) ( -4.97326255E-03,  1.19209290E-02)
   1.00000000       1.00000000       1.00000000     (  2.79396772E-05,  3.72529030E-05) ( -1.11758709E-04,  2.91038305E-07) (  7.45058060E-05, -3.72529030E-05)
   1.00000000       1.00000000       2.00000000     ( -1.49011612E-04,  2.32830644E-05) (  4.65661287E-05,  7.45058060E-05) (  4.65661287E-05, -4.65661287E-05)
   1.00000000       2.00000000       0.00000000     ( -6.98491931E-06,  1.86264515E-05) (  3.49245965E-06, -9.31322575E-06) ( -4.65661287E-05,  1.74622983E-06)
   1.00000000       2.00000000       1.00000000     ( -1.16415322E-05,  1.39698386E-05) ( -2.79396772E-05,  4.65661287E-06) (  7.45058060E-05, -2.32830644E-05)
   1.00000000      -2.00000000       0.00000000     ( -1.16415322E-05,  3.72529030E-05) ( -5.82076609E-06,  1.86264515E-05) ( -2.79396772E-05, -7.45058060E-05)
   1.00000000      -2.00000000       1.00000000     ( -5.58793545E-05, -2.79396772E-05) ( -1.16415322E-05, -1.39698386E-05) (  3.72529030E-05,  3.49245965E-06)
   1.00000000      -1.00000000       0.00000000     (  7.56699592E-04, -5.10364771E-03) (  7.56699592E-04, -5.10364771E-03) ( -8.66129994E-03,  3.39001417E-02)
   1.00000000      -1.00000000       1.00000000     (  1.49011612E-04,  5.58793545E-05) (  3.49245965E-06, -1.11758709E-04) ( -1.49011612E-04, -1.86264515E-04)
   1.00000000      -1.00000000       2.00000000     ( -5.58793545E-05,  7.27595761E-07) ( -3.72529030E-05,  5.58793545E-05) (  1.39698386E-05,  2.79396772E-05)
   2.00000000       0.00000000       0.00000000     (  0.00000000    ,  0.00000000    ) (  3.72529030E-05,  9.31322575E-05) ( -4.65661287E-05, -8.73114914E-07)
   2.00000000       0.00000000       1.00000000     ( -9.31322575E-06,  2.91038305E-06) (  3.49245965E-06,  2.79396772E-05) (  1.86264515E-05, -5.82076609E-06)
   2.00000000       1.00000000       0.00000000     (  1.86264515E-05,  1.39698386E-05) ( -3.72529030E-05, -2.79396772E-05) (  6.98491931E-06,  4.65661287E-05)
   2.00000000       1.00000000       1.00000000     (  2.32830644E-06, -1.39698386E-05) ( -4.65661287E-05,  2.79396772E-05) (  4.65661287E-05,  1.16415322E-06)
   2.00000000      -1.00000000       0.00000000     ( -2.32830644E-05, -1.16415322E-05) ( -4.65661287E-05, -2.32830644E-05) ( -1.39698386E-05, -9.31322575E-06)
   2.00000000      -1.00000000       1.00000000     ( -1.39698386E-05, -4.65661287E-05) ( -3.72529030E-05, -3.72529030E-05) ( -1.16415322E-05,  5.58793545E-05)
