    0.000000        0.000000        1.000000      (2.1681190E-02,1.1883676E-02)
   (-7.3388219E-03,-1.7359853E-02)  (0.000000,0.000000)
    0.000000        0.000000        2.000000      
 (7.7858567E-03,-1.7741695E-03)  (6.0349703E-03,4.3399632E-03)  
 (0.000000,0.000000)
    0.000000        1.000000        0.000000      (8.1490725E-04,9.6112490E-03)
   (0.000000,0.000000)  (3.3713877E-03,-2.8312206E-03)
    0.000000        1.000000        1.000000      (4.1350722E-03,1.4435500E-03)
   (6.5937638E-03,-5.0291419E-03)  (-6.5937638E-03,5.0291419E-03)
    0.000000        1.000000        2.000000      
 (-8.2887709E-03,-2.5797635E-03)  (-6.3702464E-03,-7.7299774E-04)  
 (3.1851232E-03,3.8649887E-04)
    0.000000        2.000000        0.000000      
 (-2.5797635E-03,-2.0349398E-03)  (0.000000,0.000000)  
 (-1.5739352E-03,2.9988587E-03)
    0.000000        2.000000        1.000000      
 (1.1250377E-02,-3.2596290E-03)  (-1.2718374E-04,-2.2118911E-03)  
 (2.5436748E-04,4.4237822E-03)
    0.000000       -2.000000        0.000000      
 (-2.5797635E-03,2.0349398E-03)  (0.000000,0.000000)  
 (-1.5739352E-03,-2.9988587E-03)
    0.000000       -2.000000        1.000000      
 (-1.3038516E-02,-1.1175871E-02)  (-4.1164458E-03,1.1571683E-03)  
 (-8.2328916E-03,2.3143366E-03)
    0.000000       -1.000000        0.000000      
 (8.1490725E-04,-9.6112490E-03)  (0.000000,0.000000)  
 (3.3713877E-03,2.8312206E-03)
    0.000000       -1.000000        1.000000      
 (6.4074993E-03,-7.1525574E-03)  (-2.2351742E-03,-4.1350722E-03)  
 (-2.2351742E-03,-4.1350722E-03)
    0.000000       -1.000000        2.000000      
 (-1.3150275E-02,2.7660280E-03)  (-2.0116568E-03,2.9057264E-03)  
 (-1.0058284E-03,1.4528632E-03)
    1.000000        0.000000        0.000000      (0.000000,0.000000)  
 (-2.5108457E-02,4.8615038E-03)  (1.8402934E-02,1.7955899E-02)
    1.000000        0.000000        1.000000      
 (-1.5273690E-03,-3.7066638E-03)  (-2.0340085E-02,1.4975667E-02)  
 (1.5273690E-03,3.7066638E-03)
    1.000000        0.000000        2.000000      (9.3132257E-04,1.3085082E-03)
   (4.9453229E-03,1.0784715E-02)  (-4.6566129E-04,-6.5425411E-04)
    1.000000        1.000000        0.000000      
 (3.9301813E-03,-1.4062971E-03)  (-3.9301813E-03,1.4062971E-03)  
 (-3.1571835E-03,2.0954758E-03)
    1.000000        1.000000        1.000000      (6.5774657E-05,3.9208680E-03)
   (-1.4272518E-03,-2.6542693E-03)  (1.3620593E-03,-1.2712553E-03)
    1.000000        1.000000        2.000000      
 (-3.9394945E-03,3.8184226E-04)  (-9.1735274E-04,-5.7648867E-03)  
 (2.4260953E-03,2.6915222E-03)
    1.000000        2.000000        0.000000      (1.6763806E-03,2.5797635E-03)
   (-8.3819032E-04,-1.2898818E-03)  (3.7439167E-03,9.6485019E-03)
    1.000000        2.000000        1.000000      (4.3772161E-03,3.9767474E-03)
   (-1.7229468E-03,-1.5599653E-04)  (-9.3365088E-04,-3.6694109E-03)
    1.000000       -2.000000        0.000000      (2.4097972E-04,7.3947012E-03)
   (1.2048986E-04,3.6973506E-03)  (-6.7241490E-03,-1.1012889E-03)
    1.000000       -2.000000        1.000000      
 (-1.6530976E-03,2.0605512E-04)  (-1.7134880E-05,6.3679181E-04)  
 (1.6205013E-03,1.0686927E-03)
    1.000000       -1.000000        0.000000      
 (-2.2631139E-03,3.0733645E-04)  (-2.2631139E-03,3.0733645E-04)  
 (-5.1967800E-03,3.7811697E-03)
    1.000000       -1.000000        1.000000      (1.4528632E-02,2.0582229E-03)
   (5.1036477E-03,2.7893111E-03)  (-9.4063580E-03,7.3108822E-04)
    1.000000       -1.000000        2.000000      
 (-2.3934990E-03,9.3597919E-04)  (-5.1036477E-03,-3.9301813E-03)  
 (-1.3550743E-03,-2.4354085E-03)
    2.000000        0.000000        0.000000      (0.000000,0.000000)  
 (1.3895333E-02,-5.2060932E-03)  (-7.3341653E-04,2.4959445E-03)
    2.000000        0.000000        1.000000      
 (-3.8556755E-03,4.6659261E-03)  (5.1222742E-03,1.1194497E-02)  
 (7.7113509E-03,-9.3318522E-03)
    2.000000        1.000000        0.000000      
 (-1.8533319E-03,-2.3003668E-03)  (3.7066638E-03,4.6007335E-03)  
 (-6.9662929E-03,2.1280721E-03)
    2.000000        1.000000        1.000000      (3.5483390E-03,5.2526593E-03)
   (-5.5599958E-03,-1.3820827E-02)  (-1.5413389E-03,3.3248216E-03)
    2.000000       -1.000000        0.000000      
 (-1.9697472E-03,-3.2875687E-03)  (-3.9394945E-03,-6.5751374E-03)  
 (2.2351742E-03,4.2933971E-03)
    2.000000       -1.000000        1.000000      
 (-5.1874667E-03,2.1094456E-03)  (-4.9360096E-03,5.0570816E-03)  
 (5.4389238E-03,8.3353370E-04)
