   0.00000000       0.00000000       1.00000000     ( -8.68458301E-04, -1.20699406E-02) (  2.15321779E-02,  6.83590770E-03) (  0.00000000    ,  0.00000000    )
   0.00000000       0.00000000       2.00000000     (  6.96629286E-03, -2.96160579E-03) ( -1.00210309E-02, -4.09781933E-03) (  0.00000000    ,  0.00000000    )
   0.00000000       1.00000000       0.00000000     (  7.28294253E-03,  4.42378223E-04) (  0.00000000    ,  0.00000000    ) (  1.49011612E-02, -6.85453415E-03)
   0.00000000       1.00000000       1.00000000     ( -7.63684511E-03, -3.70666385E-03) (  4.06056643E-03, -1.34110451E-03) ( -4.06056643E-03,  1.34110451E-03)
   0.00000000       1.00000000       2.00000000     (  4.26545739E-03, -2.81259418E-03) ( -3.39001417E-03,  1.62050128E-03) (  1.69500709E-03, -8.10250640E-04)
   0.00000000       2.00000000       0.00000000     ( -1.44354999E-03,  4.50760126E-03) (  0.00000000    ,  0.00000000    ) ( -1.65309757E-04, -5.56465238E-04)
   0.00000000       2.00000000       1.00000000     (  2.64262781E-04, -9.59262252E-04) ( -8.98726285E-04,  7.03148544E-04) (  1.79745257E-03, -1.40629709E-03)
   0.00000000      -2.00000000       0.00000000     ( -1.44354999E-03, -4.50760126E-03) (  0.00000000    ,  0.00000000    ) ( -1.65309757E-04,  5.56465238E-04)
   0.00000000      -2.00000000       1.00000000     (  1.81607902E-03, -4.70317900E-04) ( -8.33533704E-04,  5.18048182E-05) ( -1.66706741E-03,  1.03609636E-04)
   0.00000000      -1.00000000       0.00000000     (  7.28294253E-03, -4.42378223E-04) (  0.00000000    ,  0.00000000    ) (  1.49011612E-02,  6.85453415E-03)
   0.00000000      -1.00000000       1.00000000     ( -9.27597284E-03, -1.16229057E-02) ( -5.92321157E-03,  6.35161996E-03) ( -5.92321157E-03,  6.35161996E-03)
   0.00000000      -1.00000000       2.00000000     ( -1.57393515E-03, -2.09547579E-03) ( -6.89760782E-05,  2.62632966E-03) ( -3.44880391E-05,  1.31316483E-03)
   1.00000000       0.00000000       0.00000000     (  0.00000000    ,  0.00000000    ) ( -2.76416540E-02,  6.10947609E-03) (  1.81794167E-02, -5.27128577E-03)
   1.00000000       0.00000000       1.00000000     ( -1.64844096E-03, -2.47731805E-03) (  4.32133675E-03, -6.18398190E-03) (  1.64844096E-03,  2.47731805E-03)
   1.00000000       0.00000000       2.00000000     ( -3.24100256E-03, -1.34110451E-03) ( -1.11758709E-03,  3.29688191E-03) (  1.62050128E-03,  6.70552254E-04)
   1.00000000       1.00000000       0.00000000     (  3.03843990E-04, -1.88592821E-04) ( -3.03843990E-04,  1.88592821E-04) (  7.32019544E-03,  1.51991844E-02)
   1.00000000       1.00000000       1.00000000     ( -4.43309546E-03, -7.96280801E-04) (  2.28174031E-03,  2.99885869E-03) (  2.15135515E-03, -2.19792128E-03)
   1.00000000       1.00000000       2.00000000     ( -2.95403879E-05,  1.07567757E-03) (  1.89989805E-03,  9.63918865E-04) ( -9.35979187E-04, -1.01979822E-03)
   1.00000000       2.00000000       0.00000000     ( -8.14907253E-04, -3.95812094E-04) (  4.07453626E-04,  1.97906047E-04) ( -1.96741894E-04, -1.68569386E-03)
   1.00000000       2.00000000       1.00000000     (  1.86264515E-03, -8.67294148E-05) ( -7.40401447E-04, -1.16997398E-04) ( -3.79513949E-04,  3.21306288E-04)
   1.00000000      -2.00000000       0.00000000     ( -1.60187483E-03, -2.17696652E-04) ( -8.00937414E-04, -1.08848326E-04) ( -8.52160156E-04,  2.46800482E-03)
   1.00000000      -2.00000000       1.00000000     ( -1.71712600E-05, -8.98726285E-04) (  9.49949026E-04, -5.19212335E-04) (  1.91852450E-03, -1.38534233E-04)
   1.00000000      -1.00000000       0.00000000     (  7.61821866E-03,  2.37487257E-03) (  7.61821866E-03,  2.37487257E-03) ( -2.61701643E-03,  6.28642738E-04)
   1.00000000      -1.00000000       1.00000000     ( -1.85333192E-03,  2.88709998E-03) ( -1.13621354E-03, -2.64495611E-03) (  7.17118382E-04, -5.55068254E-03)
   1.00000000      -1.00000000       2.00000000     ( -2.86847353E-03, -9.68575478E-04) (  1.86264515E-03,  1.89058483E-03) (  2.36555934E-03,  1.43423676E-03)
   2.00000000       0.00000000       0.00000000     (  0.00000000    ,  0.00000000    ) ( -2.31899321E-03,  2.35624611E-03) (  1.83470547E-03, -2.48663127E-03)
   2.00000000       0.00000000       1.00000000     ( -1.03376806E-03,  1.02911144E-03) ( -3.84170562E-04, -3.66941094E-03) (  2.06753612E-03, -2.05822289E-03)
   2.00000000       1.00000000       0.00000000     ( -1.18743628E-03, -1.20140612E-03) (  2.37487257E-03,  2.40281224E-03) ( -4.47034836E-04,  3.52039933E-03)
   2.00000000       1.00000000       1.00000000     ( -8.05594027E-04,  3.60887498E-04) (  4.40049917E-04,  8.56816769E-04) (  1.16880983E-03, -1.57393515E-03)
   2.00000000      -1.00000000       0.00000000     ( -1.78813934E-03, -9.12696123E-04) ( -3.57627869E-03, -1.82539225E-03) (  5.00585884E-04,  3.85567546E-03)
   2.00000000      -1.00000000       1.00000000     (  2.04890966E-03,  2.95694917E-04) ( -6.47269189E-04,  9.26665962E-04) ( -4.74974513E-03,  3.35276127E-04)
