   0.00000000       0.00000000       1.00000000     (  2.65240669E-02,  1.11758709E-02) (  1.26287341E-02, -3.15904617E-02) (  0.00000000    ,  0.00000000    )
   0.00000000       0.00000000       2.00000000     (  2.45869160E-03, -3.61353159E-03) ( -2.32830644E-03,  3.75439413E-05) (  0.00000000    ,  0.00000000    )
   0.00000000       1.00000000       0.00000000     ( -1.05798244E-02,  7.17118382E-03) (  0.00000000    ,  0.00000000    ) (  2.55182385E-03,  3.52971256E-03)
   0.00000000       1.00000000       1.00000000     (  5.42029738E-03, -4.82425094E-03) (  3.13855708E-03, -1.03190541E-02) ( -3.13855708E-03,  1.03190541E-02)
   0.00000000       1.00000000       2.00000000     ( -4.09781933E-03,  1.25728548E-03) ( -1.46217644E-03,  9.54605639E-05) (  7.31088221E-04, -4.77302819E-05)
   0.00000000       2.00000000       0.00000000     ( -2.94297934E-03, -1.88127160E-03) (  0.00000000    ,  0.00000000    ) ( -3.09199095E-03,  8.47503543E-04)
   0.00000000       2.00000000       1.00000000     (  1.37835741E-03,  3.53902578E-03) ( -1.44354999E-03, -8.33533704E-04) (  2.88709998E-03,  1.66706741E-03)
   0.00000000      -2.00000000       0.00000000     ( -2.94297934E-03,  1.88127160E-03) (  0.00000000    ,  0.00000000    ) ( -3.09199095E-03, -8.47503543E-04)
   0.00000000      -2.00000000       1.00000000     ( -7.00354576E-03,  1.89058483E-03) ( -1.27591193E-03,  9.91858542E-04) ( -2.55182385E-03,  1.98371708E-03)
   0.00000000      -1.00000000       0.00000000     ( -1.05798244E-02, -7.17118382E-03) (  0.00000000    ,  0.00000000    ) (  2.55182385E-03, -3.52971256E-03)
   0.00000000      -1.00000000       1.00000000     (  1.58697367E-02, -1.90362334E-02) (  5.00585884E-04, -1.28988177E-03) (  5.00585884E-04, -1.28988177E-03)
   0.00000000      -1.00000000       2.00000000     (  3.49245965E-04, -1.82539225E-03) (  6.05359674E-04, -1.74157321E-03) (  3.02679837E-04, -8.70786607E-04)
   1.00000000       0.00000000       0.00000000     (  0.00000000    ,  0.00000000    ) ( -1.50874257E-02,  8.17701221E-03) (  3.06218863E-02,  2.58535147E-02)
   1.00000000       0.00000000       1.00000000     (  5.01051545E-03, -2.44937837E-03) ( -3.17394733E-02,  1.47894025E-02) ( -5.01051545E-03,  2.44937837E-03)
   1.00000000       0.00000000       2.00000000     (  1.10827386E-03,  2.12341547E-03) (  5.47617674E-03,  2.30967999E-03) ( -5.54136932E-04, -1.06170774E-03)
   1.00000000       1.00000000       0.00000000     (  6.09084964E-03,  5.56930900E-03) ( -6.09084964E-03, -5.56930900E-03) ( -9.51811671E-03,  7.59959221E-03)
   1.00000000       1.00000000       1.00000000     ( -1.69500709E-03, -1.45286322E-03) (  5.91389835E-04,  3.91155481E-04) (  1.09896064E-03,  1.06636435E-03)
   1.00000000       1.00000000       2.00000000     ( -2.38651410E-04, -1.25728548E-03) ( -2.70083547E-03,  1.10012479E-04) (  1.47148967E-03,  5.70435077E-04)
   1.00000000       2.00000000       0.00000000     ( -1.20140612E-03,  4.07919288E-03) (  6.00703061E-04, -2.03959644E-03) ( -1.24564394E-04,  1.30385160E-03)
   1.00000000       2.00000000       1.00000000     (  3.81842256E-03,  8.52160156E-04) ( -3.12924385E-03, -1.41561031E-03) (  2.42143869E-03,  1.98371708E-03)
   1.00000000      -2.00000000       0.00000000     (  2.60770321E-04, -2.00234354E-03) (  1.30385160E-04, -1.00117177E-03) ( -1.10361725E-03,  1.64844096E-03)
   1.00000000      -2.00000000       1.00000000     ( -5.16884029E-04,  2.00234354E-03) ( -8.61473382E-04,  2.22586095E-03) ( -1.20140612E-03,  2.45869160E-03)
   1.00000000      -1.00000000       0.00000000     ( -5.69969416E-03, -1.32992864E-02) ( -5.69969416E-03, -1.32992864E-02) ( -7.76723027E-03,  8.27014446E-03)
   1.00000000      -1.00000000       1.00000000     (  1.30385160E-03,  2.30967999E-03) ( -1.86264515E-03,  1.04773790E-04) ( -3.16649675E-03, -2.21654773E-03)
   1.00000000      -1.00000000       2.00000000     (  1.41561031E-03,  2.18860805E-03) (  2.36555934E-03,  2.21654773E-03) (  4.74974513E-04,  1.60798663E-05)
   2.00000000       0.00000000       0.00000000     (  0.00000000    ,  0.00000000    ) (  4.69386578E-03, -7.40401447E-04) ( -2.96160579E-03, -4.19095159E-05)
   2.00000000       0.00000000       1.00000000     ( -5.91389835E-04, -1.59256160E-03) (  6.47269189E-04,  3.63215804E-03) (  1.18277967E-03,  3.18512321E-03)
   2.00000000       1.00000000       0.00000000     ( -1.80676579E-03,  1.12340786E-04) (  3.61353159E-03, -2.24681571E-04) (  1.04773790E-04, -5.21540642E-03)
   2.00000000       1.00000000       1.00000000     ( -1.22236088E-04,  1.42492354E-03) ( -1.57160684E-04, -2.94297934E-03) (  4.00468707E-04,  1.03609636E-04)
   2.00000000      -1.00000000       0.00000000     (  7.96280801E-04,  1.32247806E-03) (  1.59256160E-03,  2.64495611E-03) ( -1.43190846E-04,  1.39698386E-03)
   2.00000000      -1.00000000       1.00000000     ( -1.98371708E-03,  4.42378223E-04) ( -1.58324838E-03, -4.63332981E-04) (  2.38418579E-03, -1.35041773E-03)
