   0.00000000       0.00000000       1.00000000     (  1.79931521E-02, -1.19616743E-04) (  3.39746475E-02, -2.11596489E-02) (  0.00000000    ,  0.00000000    )
   0.00000000       0.00000000       2.00000000     (  1.20140612E-03, -2.64495611E-03) ( -2.12341547E-03, -5.41331246E-05) (  0.00000000    ,  0.00000000    )
   0.00000000       1.00000000       0.00000000     ( -1.23679638E-02, -1.64844096E-03) (  0.00000000    ,  0.00000000    ) (  6.59376383E-03,  1.41561031E-02)
   0.00000000       1.00000000       1.00000000     (  7.82310963E-03,  9.94652510E-03) ( -2.41212547E-03, -3.33413482E-03) (  2.41212547E-03,  3.33413482E-03)
   0.00000000       1.00000000       2.00000000     ( -1.09896064E-03, -8.84756446E-04) ( -9.49949026E-04,  2.35158950E-04) (  4.74974513E-04, -1.17579475E-04)
   0.00000000       2.00000000       0.00000000     (  7.63684511E-04,  2.75671482E-03) (  0.00000000    ,  0.00000000    ) ( -3.27825546E-03,  2.21654773E-03)
   0.00000000       2.00000000       1.00000000     (  2.06753612E-03, -8.84756446E-04) ( -7.45058060E-04,  2.56113708E-04) (  1.49011612E-03, -5.12227416E-04)
   0.00000000      -2.00000000       0.00000000     (  7.63684511E-04, -2.75671482E-03) (  0.00000000    ,  0.00000000    ) ( -3.27825546E-03, -2.21654773E-03)
   0.00000000      -2.00000000       1.00000000     ( -1.84401870E-03, -2.32830644E-04) (  1.39698386E-04, -6.65895641E-04) (  2.79396772E-04, -1.33179128E-03)
   0.00000000      -1.00000000       0.00000000     ( -1.23679638E-02,  1.64844096E-03) (  0.00000000    ,  0.00000000    ) (  6.59376383E-03, -1.41561031E-02)
   0.00000000      -1.00000000       1.00000000     ( -1.85333192E-03, -2.95788050E-02) ( -5.43892384E-03,  2.52388418E-03) ( -5.43892384E-03,  2.52388418E-03)
   0.00000000      -1.00000000       2.00000000     (  1.09896064E-03,  9.67702363E-06) ( -7.54371285E-04, -8.56816769E-04) ( -3.77185643E-04, -4.28408384E-04)
   1.00000000       0.00000000       0.00000000     (  0.00000000    ,  0.00000000    ) ( -1.75833702E-02,  1.71735883E-02) (  2.47359276E-02,  1.21816993E-02)
   1.00000000       0.00000000       1.00000000     ( -1.73691660E-03, -1.73225999E-03) ( -2.51084566E-02, -7.50645995E-03) (  1.73691660E-03,  1.73225999E-03)
   1.00000000       0.00000000       2.00000000     ( -1.10827386E-03,  1.26659870E-03) (  9.77888703E-04,  1.24797225E-03) (  5.54136932E-04, -6.33299351E-04)
   1.00000000       1.00000000       0.00000000     (  4.91272658E-04,  1.80210918E-03) ( -4.91272658E-04, -1.80210918E-03) ( -9.83476639E-03,  1.16229057E-02)
   1.00000000       1.00000000       1.00000000     (  1.05239451E-03, -6.00703061E-04) ( -2.71946192E-03, -1.50175765E-04) (  1.65775418E-03,  7.54371285E-04)
   1.00000000       1.00000000       2.00000000     ( -2.21654773E-03, -1.33877620E-04) (  3.49245965E-04,  1.13621354E-03) (  9.31322575E-04, -5.02914190E-04)
   1.00000000       2.00000000       0.00000000     (  1.41561031E-03, -2.93366611E-04) ( -7.07805157E-04,  1.46683306E-04) (  4.93600965E-04,  1.75088644E-03)
   1.00000000       2.00000000       1.00000000     (  1.15483999E-03,  1.08964741E-03) ( -1.08964741E-03, -1.01281330E-04) (  1.01514161E-03, -8.84756446E-04)
   1.00000000      -2.00000000       0.00000000     ( -1.49011612E-03, -4.05125320E-04) ( -7.45058060E-04, -2.02562660E-04) ( -1.31316483E-03, -1.86264515E-03)
   1.00000000      -2.00000000       1.00000000     ( -1.00582838E-03, -1.11758709E-04) ( -3.42261046E-04, -4.94765118E-05) (  3.18977982E-04,  1.23691279E-05)
   1.00000000      -1.00000000       0.00000000     ( -6.37955964E-04, -8.27014446E-03) ( -6.37955964E-04, -8.27014446E-03) ( -1.09151006E-02,  2.56299973E-02)
   1.00000000      -1.00000000       1.00000000     (  2.70083547E-03,  8.47503543E-04) ( -5.91389835E-04, -3.20374966E-03) ( -3.27825546E-03, -4.02331352E-03)
   1.00000000      -1.00000000       2.00000000     ( -2.42143869E-03,  2.19792128E-03) ( -1.20140612E-03,  1.35041773E-03) (  6.10016286E-04, -4.23751771E-04)
   2.00000000       0.00000000       0.00000000     (  0.00000000    ,  0.00000000    ) (  1.62050128E-03,  3.35276127E-03) ( -7.45058060E-04,  2.16066837E-03)
   2.00000000       0.00000000       1.00000000     (  4.05125320E-04, -8.75443220E-04) (  9.31322575E-04,  1.76951289E-03) ( -8.10250640E-04,  1.75088644E-03)
   2.00000000       1.00000000       0.00000000     (  2.30502337E-04,  1.25728548E-03) ( -4.61004674E-04, -2.51457095E-03) ( -1.71363354E-03,  2.83122063E-03)
   2.00000000       1.00000000       1.00000000     (  7.35744834E-04,  3.23634595E-04) ( -4.56348062E-04, -1.93715096E-03) ( -1.01514161E-03,  1.28522515E-03)
   2.00000000      -1.00000000       0.00000000     ( -5.63450158E-04,  5.40167093E-04) ( -1.12690032E-03,  1.08033419E-03) ( -1.05239451E-03, -5.47152013E-05)
   2.00000000      -1.00000000       1.00000000     ( -8.75443220E-04,  6.86850399E-05) ( -2.66358256E-03, -1.79279596E-04) ( -8.94069672E-04, -3.16649675E-04)
