    0.000000        0.000000       -2.000000      (6.2584877E-03,1.4621764E-03)
   (6.0535967E-03,-4.9173832E-03)  (0.000000,0.000000)
    0.000000        0.000000       -1.000000      
 (2.0861626E-02,-1.1548400E-02)  (-9.6112490E-03,1.6167760E-02)  
 (0.000000,0.000000)
    0.000000        1.000000       -2.000000      
 (-1.3411045E-02,-1.1711381E-03)  (-2.8591603E-03,1.7520506E-04)  
 (-1.4295802E-03,8.7602530E-05)
    0.000000        1.000000       -1.000000      (6.6310167E-03,5.2712858E-03)
   (-1.6484410E-03,4.6938658E-03)  (-1.6484410E-03,4.6938658E-03)
    0.000000        2.000000       -1.000000      
 (-1.2256205E-02,1.1399388E-02)  (-3.4924597E-03,-9.2200935E-04)  
 (-6.9849193E-03,-1.8440187E-03)
    0.000000       -2.000000       -1.000000      (9.1083348E-03,2.9150397E-03)
   (-5.1455572E-04,1.6717240E-03)  (1.0291114E-03,-3.3434480E-03)
    0.000000       -1.000000       -2.000000      
 (-8.1770122E-03,2.3609027E-03)  (-4.2468309E-03,1.8859282E-03)  
 (2.1234155E-03,-9.4296411E-04)
    0.000000       -1.000000       -1.000000      
 (4.5076013E-03,-3.6507845E-03)  (5.7928264E-03,4.4144690E-03)  
 (-5.7928264E-03,-4.4144690E-03)
    1.000000        0.000000       -2.000000      (8.4936619E-03,2.5052577E-03)
   (-4.2282045E-03,3.8556755E-03)  (4.2468309E-03,1.2526289E-03)
    1.000000        0.000000       -1.000000      
 (3.6880374E-03,-8.8009983E-04)  (6.8917871E-03,-4.8056245E-03)  
 (3.6880374E-03,-8.8009983E-04)
    1.000000        1.000000       -2.000000      
 (-3.5110861E-03,3.2596290E-04)  (-3.2968819E-03,-1.3187528E-02)  
 (-3.4086406E-03,-6.4261258E-03)
    1.000000        1.000000       -1.000000      
 (-8.1397593E-03,1.9426807E-05)  (2.1373853E-03,-1.6158447E-03)  
 (-5.9977174E-03,-1.5972182E-03)
    1.000000        2.000000       -1.000000      
 (-8.4191561E-03,4.7497451E-04)  (1.2828968E-03,2.8032809E-03)  
 (-5.8673322E-03,6.0908496E-03)
    1.000000       -2.000000       -1.000000      
 (9.2200935E-04,-3.5203993E-03)  (-5.0640665E-04,-1.1944212E-03)  
 (1.9371510E-03,-1.1269003E-03)
    1.000000       -1.000000       -2.000000      
 (4.6659261E-03,-9.8953024E-05)  (-4.3585896E-03,1.3899989E-03)  
 (4.5076013E-03,-7.4505806E-04)
    1.000000       -1.000000       -1.000000      
 (-1.0132790E-02,4.7590584E-03)  (-5.8487058E-03,3.3585820E-04)  
 (-4.2840838E-03,4.4237822E-03)
    2.000000        0.000000       -1.000000      (2.3748726E-03,3.9022416E-03)
   (8.7171793E-03,7.4319541E-03)  (4.7497451E-03,7.8044832E-03)
    2.000000        1.000000       -1.000000      
 (-1.2898818E-03,-2.1606684E-03)  (3.5949051E-03,-4.0605664E-03)  
 (1.0128133E-03,-8.3819032E-03)
    2.000000       -1.000000       -1.000000      
 (-1.4714897E-03,2.6682392E-03)  (2.1245796E-04,6.2026083E-03)  
 (-3.1478703E-03,-8.5448846E-04)
