   0.00000000       0.00000000      -2.00000000     (  6.70552254E-03,  4.56348062E-03) (  1.00582838E-03, -1.47148967E-03) (  0.00000000    ,  0.00000000    )
   0.00000000       0.00000000      -1.00000000     (  2.30222940E-02, -1.14366412E-02) (  1.37835741E-03,  2.36928463E-02) (  0.00000000    ,  0.00000000    )
   0.00000000       1.00000000      -2.00000000     ( -2.71946192E-03,  1.08731911E-03) (  6.93835318E-04, -2.95229256E-03) (  3.46917659E-04, -1.47614628E-03)
   0.00000000       1.00000000      -1.00000000     (  1.10268593E-02,  1.34855509E-02) ( -2.19792128E-03,  2.39349902E-03) ( -2.19792128E-03,  2.39349902E-03)
   0.00000000       2.00000000      -1.00000000     ( -9.49949026E-03,  1.79279596E-03) ( -1.52736902E-03, -1.17812306E-03) ( -3.05473804E-03, -2.35624611E-03)
   0.00000000      -2.00000000      -1.00000000     (  5.12227416E-03, -2.30967999E-03) ( -1.67172402E-03,  2.49594450E-03) (  3.34344804E-03, -4.99188900E-03)
   0.00000000      -1.00000000      -2.00000000     ( -7.52508640E-03,  7.45058060E-04) ( -6.79865479E-03, -5.61121851E-04) (  3.39932740E-03,  2.80560926E-04)
   0.00000000      -1.00000000      -1.00000000     (  3.11061740E-03,  4.06056643E-03) (  6.46337867E-03,  7.41332769E-03) ( -6.46337867E-03, -7.41332769E-03)
   1.00000000       0.00000000      -2.00000000     (  2.31899321E-03,  5.08502126E-03) ( -3.77185643E-03,  8.19563866E-03) (  1.15949661E-03,  2.54251063E-03)
   1.00000000       0.00000000      -1.00000000     (  3.50177288E-03,  4.01632860E-04) (  8.04662704E-03, -9.22009349E-04) (  3.50177288E-03,  4.01632860E-04)
   1.00000000       1.00000000      -2.00000000     ( -4.56348062E-03, -3.58559191E-03) (  5.45755029E-03, -7.13393092E-03) (  4.49363142E-04, -5.36441803E-03)
   1.00000000       1.00000000      -1.00000000     ( -7.95349479E-03, -4.56348062E-03) (  5.86733222E-03, -1.47265382E-04) ( -2.09081918E-03, -4.71249223E-03)
   1.00000000       2.00000000      -1.00000000     ( -5.23403287E-03, -1.84401870E-03) (  6.07687980E-04,  1.35973096E-03) ( -4.02331352E-03,  8.73114914E-04)
   1.00000000      -2.00000000      -1.00000000     (  5.91389835E-04, -3.29688191E-03) (  4.70317900E-04, -3.21306288E-03) ( -3.48081812E-04,  3.12924385E-03)
   1.00000000      -1.00000000      -2.00000000     (  6.72880560E-04,  6.65895641E-04) (  6.91507012E-04,  3.84170562E-05) ( -8.80390871E-06,  3.13157216E-04)
   1.00000000      -1.00000000      -1.00000000     ( -4.32133675E-03,  9.24337655E-04) ( -6.85453415E-03,  8.91741365E-04) (  2.53319740E-03,  3.30328476E-05)
   2.00000000       0.00000000      -1.00000000     ( -2.11410224E-03,  1.24797225E-03) ( -8.58679414E-03,  3.86498868E-03) ( -4.22820449E-03,  2.49594450E-03)
   2.00000000       1.00000000      -1.00000000     (  9.01054591E-04,  1.90921128E-03) (  1.82073563E-03, -5.10364771E-03) (  3.62284482E-03, -1.27591193E-03)
   2.00000000      -1.00000000      -1.00000000     (  6.19329512E-04, -2.01631337E-03) (  2.47731805E-03, -1.60653144E-03) ( -1.24331564E-03, -2.43075192E-03)
