    0.000000        0.000000        1.000000      (2.4139881E-02,1.3485551E-02)
   (-1.6838312E-02,-1.9818544E-02)  (0.000000,0.000000)
    0.000000        0.000000        2.000000      (1.0710210E-03,7.3341653E-05)
   (1.5180558E-03,1.3969839E-03)  (0.000000,0.000000)
    0.000000        1.000000        0.000000      (4.7497451E-03,1.8486753E-03)
   (0.000000,0.000000)  (6.0349703E-03,-7.0758688E-06)
    0.000000        1.000000        1.000000      (7.6368451E-03,1.1250377E-02)
   (4.6193600E-03,-4.5262277E-03)  (-4.6193600E-03,4.5262277E-03)
    0.000000        1.000000        2.000000      
 (-2.4959445E-03,-3.9581209E-04)  (2.3865141E-05,-1.2759119E-03)  
 (-1.1932570E-05,6.3795596E-04)
    0.000000        2.000000        0.000000      
 (-1.1641532E-03,8.5681677E-04)  (0.000000,0.000000)  
 (9.6857548E-04,1.0337681E-03)
    0.000000        2.000000        1.000000      
 (6.4261258E-04,-9.2200935E-04)  (-6.0535967E-04,-1.4435500E-04)  
 (1.2107193E-03,2.8871000E-04)
    0.000000       -2.000000        0.000000      
 (-1.1641532E-03,-8.5681677E-04)  (0.000000,0.000000)  
 (9.6857548E-04,-1.0337681E-03)
    0.000000       -2.000000        1.000000      
 (-2.3841858E-03,-3.0174851E-03)  (-3.3294782E-04,-2.3283064E-04)  
 (-6.6589564E-04,-4.6566129E-04)
    0.000000       -1.000000        0.000000      
 (4.7497451E-03,-1.8486753E-03)  (0.000000,0.000000)  
 (6.0349703E-03,7.0758688E-06)
    0.000000       -1.000000        1.000000      
 (1.1622906E-02,-3.9674342E-03)  (-5.6577846E-04,-6.8917871E-03)  
 (-5.6577846E-04,-6.8917871E-03)
    0.000000       -1.000000        2.000000      
 (-3.6135316E-03,-6.6589564E-04)  (-1.2479722E-03,-1.8067658E-03)  
 (-6.2398612E-04,-9.0338290E-04)
    1.000000        0.000000        0.000000      (0.000000,0.000000)  
 (-3.3229589E-02,8.0466270E-03)  (1.6987324E-02,2.2947788E-02)
    1.000000        0.000000        1.000000      
 (-5.1781535E-03,-1.6903505E-03)  (-1.5050173E-02,1.4305115E-02)  
 (5.1781535E-03,1.6903505E-03)
    1.000000        0.000000        2.000000      
 (-6.6938810E-06,8.4750354E-04)  (1.2759119E-03,1.8067658E-03)  
 (3.3469405E-06,-4.2375177E-04)
    1.000000        1.000000        0.000000      
 (9.8720193E-04,-1.0570511E-03)  (-9.8720193E-04,1.0570511E-03)  
 (6.2398612E-04,5.2340329E-03)
    1.000000        1.000000        1.000000      (8.4750354E-04,1.6391277E-03)
   (-1.2479722E-03,-1.8998981E-03)  (4.0046871E-04,2.7241185E-04)
    1.000000        1.000000        2.000000      
 (-1.2107193E-03,1.0151416E-03)  (3.7020072E-04,-3.9115548E-04)  
 (4.1909516E-04,-3.0966476E-04)
    1.000000        2.000000        0.000000      (1.7695129E-03,8.4750354E-04)
   (-8.8475645E-04,-4.2375177E-04)  (3.4691766E-04,1.5366822E-03)
    1.000000        2.000000        1.000000      (6.0535967E-04,8.3819032E-04)
   (-8.1025064E-04,1.9907020E-04)  (1.0151416E-03,-1.2386590E-03)
    1.000000       -2.000000        0.000000      (7.7765435E-04,7.4971467E-04)
   (3.8882717E-04,3.7485734E-04)  (-1.1175871E-03,2.2264430E-05)
    1.000000       -2.000000        1.000000      
 (-1.3131648E-03,-8.1956387E-04)  (-7.3574483E-04,-7.3574483E-04)  
 (-1.6181730E-04,-6.5658242E-04)
    1.000000       -1.000000        0.000000      
 (2.0675361E-03,-8.5914508E-04)  (2.0675361E-03,-8.5914508E-04)  
 (-8.7544322E-03,1.6018748E-03)
    1.000000       -1.000000        1.000000      
 (3.0919909E-03,-2.8684735E-03)  (6.6123903E-04,-1.6391277E-03)  
 (-2.4400651E-03,1.2293458E-03)
    1.000000       -1.000000        2.000000      
 (-1.9185245E-03,-1.0244548E-03)  (-2.1792948E-03,-1.4621764E-03)  
 (-1.3271347E-04,-2.2118911E-04)
    2.000000        0.000000        0.000000      (0.000000,0.000000)  
 (2.3841858E-03,1.5017577E-04)  (-5.8207661E-04,-7.9162419E-04)
    2.000000        0.000000        1.000000      
 (-2.6077032E-04,1.5832484E-03)  (7.2177500E-04,2.2351742E-03)  
 (5.2154064E-04,-3.1664968E-03)
    2.000000        1.000000        0.000000      
 (-4.8894435E-04,-1.1455268E-03)  (9.7788870E-04,2.2910535E-03)  
 (-2.4586916E-03,3.0174851E-03)
    2.000000        1.000000        1.000000      (8.3819032E-04,7.6834112E-04)
   (-3.8417056E-04,-3.2410026E-03)  (-1.3038516E-03,1.6950071E-03)
    2.000000       -1.000000        0.000000      
 (-1.8812716E-03,-5.6345016E-04)  (-3.7625432E-03,-1.1269003E-03)  
 (-8.9406967E-04,1.3317913E-03)
    2.000000       -1.000000        1.000000      
 (-7.4971467E-04,3.4691766E-04)  (2.0372681E-05,1.9744039E-03)  
 (1.5180558E-03,1.2852252E-03)
