   0.00000000       0.00000000      -2.00000000     (  1.76951289E-04,  6.14672899E-04) ( -4.84287739E-04,  1.16415322E-04) (  0.00000000    ,  0.00000000    )
   0.00000000       0.00000000      -1.00000000     (  2.11596489E-02, -2.10944563E-03) (  3.36021185E-02,  2.54064798E-02) (  0.00000000    ,  0.00000000    )
   0.00000000       1.00000000      -2.00000000     (  1.62981451E-04,  4.51109372E-06) ( -1.86264515E-04,  1.76951289E-04) ( -9.31322575E-05,  8.84756446E-05)
   0.00000000       1.00000000      -1.00000000     (  1.87428668E-04,  3.06963921E-02) ( -4.26545739E-03, -3.16649675E-03) ( -4.26545739E-03, -3.16649675E-03)
   0.00000000       2.00000000      -1.00000000     ( -5.96046448E-04, -1.01863407E-05) ( -2.56113708E-05,  7.45058060E-05) ( -5.12227416E-05,  1.49011612E-04)
   0.00000000      -2.00000000      -1.00000000     (  3.72529030E-04,  1.02445483E-04) ( -1.86264515E-04, -9.31322575E-05) (  3.72529030E-04,  1.86264515E-04)
   0.00000000      -1.00000000      -2.00000000     ( -3.25962901E-04,  1.39698386E-04) ( -2.42143869E-04, -9.77888703E-05) (  1.21071935E-04,  4.88944352E-05)
   0.00000000      -1.00000000      -1.00000000     (  7.86036253E-03, -9.48086381E-03) ( -2.78465450E-03,  5.14090061E-03) (  2.78465450E-03, -5.14090061E-03)
   1.00000000       0.00000000      -2.00000000     ( -2.04890966E-04,  9.31322575E-05) ( -3.07336450E-04,  1.86264515E-04) ( -1.02445483E-04,  4.65661287E-05)
   1.00000000       0.00000000      -1.00000000     (  9.31322575E-03, -4.82425094E-03) ( -9.92789865E-03, -1.54599547E-03) (  9.31322575E-03, -4.82425094E-03)
   1.00000000       1.00000000      -2.00000000     ( -1.86264515E-04, -1.02445483E-04) (  1.39698386E-04, -4.47034836E-04) ( -2.09547579E-05, -2.79396772E-04)
   1.00000000       1.00000000      -1.00000000     ( -2.60770321E-04,  1.62981451E-04) (  5.21540642E-04,  2.32830644E-04) (  2.70083547E-04,  3.91155481E-04)
   1.00000000       2.00000000      -1.00000000     (  5.12227416E-05,  2.04890966E-04) ( -1.39698386E-04, -1.95577741E-04) ( -2.32830644E-04, -1.95577741E-04)
   1.00000000      -2.00000000      -1.00000000     (  4.09781933E-04,  1.76951289E-04) (  2.51457095E-04,  1.86264515E-04) ( -9.31322575E-05, -1.95577741E-04)
   1.00000000      -1.00000000      -2.00000000     (  1.95577741E-04, -1.95577741E-04) (  3.16649675E-04, -6.05359674E-05) ( -6.05359674E-05, -6.98491931E-05)
   1.00000000      -1.00000000      -1.00000000     ( -7.45058060E-05,  4.09781933E-04) ( -3.91155481E-04,  1.58324838E-04) (  3.25962901E-04,  2.51457095E-04)
   2.00000000       0.00000000      -1.00000000     ( -1.35041773E-04, -5.12227416E-05) ( -9.09494702E-07,  2.67755240E-05) ( -2.70083547E-04, -1.02445483E-04)
   2.00000000       1.00000000      -1.00000000     ( -8.14907253E-05,  3.45607987E-07) (  1.44354999E-04, -8.14907253E-05) ( -2.03726813E-05, -8.14907253E-05)
   2.00000000      -1.00000000      -1.00000000     (  5.12227416E-05,  2.21189111E-05) (  3.35276127E-04, -2.79396772E-04) ( -2.32830644E-04,  3.25962901E-04)
