   0.00000000       0.00000000      -2.00000000     (  8.94069672E-04,  2.32830644E-04) ( -8.38190317E-04,  2.23517418E-04) (  0.00000000    ,  0.00000000    )
   0.00000000       0.00000000      -1.00000000     (  9.23871994E-03,  1.20326877E-02) (  3.96370888E-02,  7.41332769E-03) (  0.00000000    ,  0.00000000    )
   0.00000000       1.00000000      -2.00000000     (  2.79396772E-04,  2.42143869E-04) (  3.35276127E-04,  5.00585884E-05) (  1.67638063E-04,  2.50292942E-05)
   0.00000000       1.00000000      -1.00000000     ( -6.94766641E-03,  2.42143869E-02) ( -9.64850187E-03, -3.95812094E-03) ( -9.64850187E-03, -3.95812094E-03)
   0.00000000       2.00000000      -1.00000000     ( -3.35276127E-04, -1.90921128E-04) ( -2.88709998E-04,  2.98023224E-04) ( -5.77419996E-04,  5.96046448E-04)
   0.00000000      -2.00000000      -1.00000000     (  4.09781933E-04,  2.42143869E-04) ( -5.23868948E-05,  9.31322575E-05) (  1.04773790E-04, -1.86264515E-04)
   0.00000000      -1.00000000      -2.00000000     (  3.63215804E-04,  4.47034836E-04) ( -1.58324838E-04, -1.90921128E-04) (  7.91624188E-05,  9.54605639E-05)
   0.00000000      -1.00000000      -1.00000000     (  6.66826963E-03, -4.93600965E-03) (  2.81259418E-03,  1.18510798E-03) ( -2.81259418E-03, -1.18510798E-03)
   1.00000000       0.00000000      -2.00000000     ( -3.53902578E-04, -1.44354999E-04) (  3.53902578E-04,  8.94069672E-04) ( -1.76951289E-04, -7.21774995E-05)
   1.00000000       0.00000000      -1.00000000     (  1.17719173E-02, -5.81145287E-03) ( -7.43195415E-03,  2.17556953E-02) (  1.17719173E-02, -5.81145287E-03)
   1.00000000       1.00000000      -2.00000000     (  1.76951289E-04,  3.35276127E-04) ( -3.63215804E-04, -2.70083547E-04) ( -9.08039510E-05,  3.60887498E-05)
   1.00000000       1.00000000      -1.00000000     ( -7.26431608E-04,  1.41561031E-03) ( -1.49011612E-04, -7.82310963E-04) ( -8.94069672E-04,  6.14672899E-04)
   1.00000000       2.00000000      -1.00000000     (  4.07453626E-05, -1.49011612E-04) ( -1.49011612E-04,  5.38420863E-06) ( -2.60770321E-04, -1.39698386E-04)
   1.00000000      -2.00000000      -1.00000000     ( -5.12227416E-05, -2.23517418E-04) (  1.30385160E-04, -1.00117177E-04) ( -3.16649675E-04, -2.32830644E-05)
   1.00000000      -1.00000000      -2.00000000     (  1.25728548E-04, -3.53902578E-04) ( -1.86264515E-04,  5.58793545E-05) (  1.58324838E-04, -2.04890966E-04)
   1.00000000      -1.00000000      -1.00000000     ( -1.68802217E-05,  2.09547579E-04) ( -1.86264515E-04,  1.39698386E-04) (  1.67638063E-04,  6.98491931E-05)
   2.00000000       0.00000000      -1.00000000     ( -2.88709998E-04,  1.97906047E-05) (  2.00234354E-04, -5.02914190E-04) ( -5.77419996E-04,  3.95812094E-05)
   2.00000000       1.00000000      -1.00000000     (  6.05359674E-05, -1.11758709E-04) ( -3.53902578E-04,  4.09781933E-04) ( -2.32830644E-04,  1.90921128E-04)
   2.00000000      -1.00000000      -1.00000000     (  2.60770321E-04,  4.42378223E-05) (  1.44354999E-04,  2.32830644E-04) (  3.81842256E-04, -1.44354999E-04)
