   0.00000000       0.00000000       1.00000000     (  9.62987542E-03, -1.18836761E-02) (  3.99351120E-02, -7.87898898E-03) (  0.00000000    ,  0.00000000    )
   0.00000000       0.00000000       2.00000000     (  8.56816769E-04, -2.32830644E-04) ( -7.82310963E-04, -1.95577741E-04) (  0.00000000    ,  0.00000000    )
   0.00000000       1.00000000       0.00000000     (  5.26197255E-04, -4.48897481E-03) (  0.00000000    ,  0.00000000    ) (  1.56462193E-02,  4.30271029E-03)
   0.00000000       1.00000000       1.00000000     (  6.96629286E-03,  5.19677997E-03) (  2.67289579E-03, -1.19209290E-03) ( -2.67289579E-03,  1.19209290E-03)
   0.00000000       1.00000000       2.00000000     (  3.35276127E-04, -4.09781933E-04) ( -1.62981451E-04,  1.76951289E-04) (  8.14907253E-05, -8.84756446E-05)
   0.00000000       2.00000000       0.00000000     (  5.40167093E-04,  2.14204192E-04) (  0.00000000    ,  0.00000000    ) ( -1.53668225E-04,  1.49011612E-04)
   0.00000000       2.00000000       1.00000000     (  4.09781933E-04, -2.14204192E-04) ( -5.82076609E-05, -9.77888703E-05) (  1.16415322E-04,  1.95577741E-04)
   0.00000000      -2.00000000       0.00000000     (  5.40167093E-04, -2.14204192E-04) (  0.00000000    ,  0.00000000    ) ( -1.53668225E-04, -1.49011612E-04)
   0.00000000      -2.00000000       1.00000000     ( -3.16649675E-04,  1.58324838E-04) ( -2.79396772E-04, -2.88709998E-04) ( -5.58793545E-04, -5.77419996E-04)
   0.00000000      -1.00000000       0.00000000     (  5.26197255E-04,  4.48897481E-03) (  0.00000000    ,  0.00000000    ) (  1.56462193E-02, -4.30271029E-03)
   0.00000000      -1.00000000       1.00000000     ( -6.92903996E-03, -2.46614218E-02) ( -9.68575478E-03,  3.89292836E-03) ( -9.68575478E-03,  3.89292836E-03)
   0.00000000      -1.00000000       2.00000000     (  2.70083547E-04, -2.23517418E-04) (  3.07336450E-04, -5.58793545E-05) (  1.53668225E-04, -2.79396772E-05)
   1.00000000       0.00000000       0.00000000     (  0.00000000    ,  0.00000000    ) ( -3.24100256E-02,  2.12341547E-02) (  1.78813934E-02, -1.45751983E-03)
   1.00000000       0.00000000       1.00000000     ( -3.15718353E-03,  3.16649675E-04) ( -1.25542283E-02, -1.79558992E-02) (  3.15718353E-03, -3.16649675E-04)
   1.00000000       0.00000000       2.00000000     ( -5.58793545E-04, -3.53902578E-04) (  2.79396772E-04,  2.04890966E-04) (  2.79396772E-04,  1.76951289E-04)
   1.00000000       1.00000000       0.00000000     (  3.45520675E-03,  4.56348062E-03) ( -3.45520675E-03, -4.56348062E-03) ( -2.03493983E-03,  1.13248825E-02)
   1.00000000       1.00000000       1.00000000     (  2.42143869E-04,  2.79396772E-04) ( -7.63684511E-04,  9.31322575E-05) (  5.21540642E-04, -3.72529030E-04)
   1.00000000       1.00000000       2.00000000     ( -8.19563866E-04,  1.49011612E-04) (  3.91155481E-04,  5.21540642E-04) (  2.14204192E-04, -3.35276127E-04)
   1.00000000       2.00000000       0.00000000     ( -1.39698386E-04,  3.53902578E-04) (  6.98491931E-05, -1.76951289E-04) ( -2.70083547E-04, -7.45058060E-05)
   1.00000000       2.00000000       1.00000000     (  4.19095159E-05,  1.95577741E-04) ( -2.00234354E-04, -4.19095159E-05) (  3.63215804E-04, -1.11758709E-04)
   1.00000000      -2.00000000       0.00000000     (  8.14907253E-05,  3.35276127E-04) (  4.07453626E-05,  1.67638063E-04) ( -2.51457095E-04, -4.65661287E-04)
   1.00000000      -2.00000000       1.00000000     ( -5.02914190E-04, -6.98491931E-05) ( -1.44354999E-04,  1.97906047E-05) (  2.14204192E-04,  1.11758709E-04)
   1.00000000      -1.00000000       0.00000000     (  1.48545951E-03, -4.03262675E-03) (  1.48545951E-03, -4.03262675E-03) ( -7.78585672E-03,  3.04728746E-02)
   1.00000000      -1.00000000       1.00000000     (  1.00582838E-03,  4.65661287E-04) (  4.07453626E-05, -8.56816769E-04) ( -9.68575478E-04, -1.30385160E-03)
   1.00000000      -1.00000000       2.00000000     ( -4.47034836E-04, -3.02679837E-05) ( -9.77888703E-05,  3.35276127E-04) (  1.72294676E-04,  1.81607902E-04)
   2.00000000       0.00000000       0.00000000     (  0.00000000    ,  0.00000000    ) (  1.53668225E-04,  6.89178705E-04) ( -3.07336450E-04, -1.53668225E-04)
   2.00000000       0.00000000       1.00000000     ( -7.68341124E-05,  3.49245965E-05) ( -1.35041773E-04,  6.51925802E-05) (  1.53668225E-04, -6.98491931E-05)
   2.00000000       1.00000000       0.00000000     (  5.35510480E-05,  3.95812094E-05) ( -1.07102096E-04, -7.91624188E-05) (  1.39698386E-04,  1.95577741E-04)
   2.00000000       1.00000000       1.00000000     ( -3.25962901E-05, -6.75208867E-05) ( -3.07336450E-04,  2.51457095E-04) (  3.72529030E-04, -1.16415322E-04)
   2.00000000      -1.00000000       0.00000000     ( -2.23517418E-04, -1.58324838E-04) ( -4.47034836E-04, -3.16649675E-04) (  1.00117177E-04,  1.92085281E-05)
   2.00000000      -1.00000000       1.00000000     ( -5.12227416E-05, -4.47034836E-04) ( -2.04890966E-04, -2.79396772E-04) ( -1.02445483E-04,  6.14672899E-04)
