   0.00000000       0.00000000      -2.00000000     (  2.03028321E-03,  3.29688191E-03) ( -2.21654773E-03,  9.42964107E-05) (  0.00000000    ,  0.00000000    )
   0.00000000       0.00000000      -1.00000000     (  2.69711018E-02, -1.10641122E-02) (  1.38953328E-02,  3.22610140E-02) (  0.00000000    ,  0.00000000    )
   0.00000000       1.00000000      -2.00000000     (  2.72411853E-04,  1.55530870E-03) (  6.05359674E-04,  1.66706741E-03) (  3.02679837E-04,  8.33533704E-04)
   0.00000000       1.00000000      -1.00000000     (  1.59069896E-02,  1.96695328E-02) (  6.93835318E-04,  1.09197572E-03) (  6.93835318E-04,  1.09197572E-03)
   0.00000000       2.00000000      -1.00000000     ( -6.37024641E-03, -1.73225999E-03) ( -1.19209290E-03, -9.03382897E-04) ( -2.38418579E-03, -1.80676579E-03)
   0.00000000      -2.00000000      -1.00000000     (  1.27591193E-03, -3.16649675E-03) ( -1.25728548E-03,  6.93835318E-04) (  2.51457095E-03, -1.38767064E-03)
   0.00000000      -1.00000000      -2.00000000     ( -3.66941094E-03, -1.22934580E-03) ( -1.18277967E-03, -1.10012479E-04) (  5.91389835E-04,  5.50062396E-05)
   0.00000000      -1.00000000      -1.00000000     (  5.81145287E-03,  4.50760126E-03) (  2.76602805E-03,  1.05798244E-02) ( -2.76602805E-03, -1.05798244E-02)
   1.00000000       0.00000000      -2.00000000     ( -1.22003257E-03,  2.81259418E-03) ( -2.44006515E-03,  3.70666385E-03) ( -6.10016286E-04,  1.40629709E-03)
   1.00000000       0.00000000      -1.00000000     (  5.08502126E-03, -7.14862836E-06) (  5.05242497E-04, -2.69152224E-03) (  5.08502126E-03, -7.14862836E-06)
   1.00000000       1.00000000      -2.00000000     ( -2.98023224E-03,  9.08039510E-04) (  2.49594450E-03, -2.99885869E-03) ( -2.43308023E-04, -1.05239451E-03)
   1.00000000       1.00000000      -1.00000000     ( -3.52039933E-03, -1.30385160E-03) (  3.09199095E-03,  6.37955964E-04) ( -4.26080078E-04, -6.65895641E-04)
   1.00000000       2.00000000      -1.00000000     ( -6.79865479E-04,  1.02445483E-03) ( -3.93483788E-04,  1.27591193E-03) ( -1.46217644E-03,  3.57627869E-03)
   1.00000000      -2.00000000      -1.00000000     (  1.53668225E-04, -4.77302819E-04) (  1.06170774E-03,  2.95694917E-04) ( -1.97440386E-03, -1.07102096E-03)
   1.00000000      -1.00000000      -2.00000000     ( -8.70786607E-04, -2.01165676E-03) ( -4.47034836E-04, -1.47148967E-03) ( -2.10711733E-04, -2.70083547E-04)
   1.00000000      -1.00000000      -1.00000000     ( -1.04308128E-03,  4.14438546E-04) ( -2.30967999E-03,  4.16766852E-04) (  1.26659870E-03, -2.43744580E-06)
   2.00000000       0.00000000      -1.00000000     ( -9.82545316E-04, -6.10016286E-04) ( -2.60770321E-03,  4.16766852E-04) ( -1.96509063E-03, -1.22003257E-03)
   2.00000000       1.00000000      -1.00000000     ( -2.56113708E-04,  1.21071935E-04) (  7.72997737E-04, -9.73232090E-04) (  2.63098627E-04, -7.26431608E-04)
   2.00000000      -1.00000000      -1.00000000     ( -1.29221007E-04, -5.54136932E-04) (  2.93366611E-04, -2.86847353E-03) ( -5.54136932E-04,  1.76019967E-03)
