    0.000000        0.000000       -2.000000      (5.4575503E-03,1.2712553E-03)
   (5.7183206E-03,-4.7590584E-03)  (0.000000,0.000000)
    0.000000        0.000000       -1.000000      
 (2.0861626E-02,-1.1511147E-02)  (-1.0579824E-02,1.6167760E-02)  
 (0.000000,0.000000)
    0.000000        1.000000       -2.000000      
 (-1.2740493E-02,-3.9348379E-04)  (-3.0174851E-03,1.3457611E-03)  
 (-1.5087426E-03,6.7288056E-04)
    0.000000        1.000000       -1.000000      (7.0407987E-03,4.7497451E-03)
   (-1.4435500E-03,4.9732625E-03)  (-1.4435500E-03,4.9732625E-03)
    0.000000        2.000000       -1.000000      
 (-1.1287630E-02,1.0915101E-02)  (-3.0361116E-03,-6.4726919E-04)  
 (-6.0722232E-03,-1.2945384E-03)
    0.000000       -2.000000       -1.000000      (7.5623393E-03,2.7567148E-03)
   (-7.0547685E-04,1.3783574E-03)  (1.4109537E-03,-2.7567148E-03)
    0.000000       -1.000000       -2.000000      
 (-7.8789890E-03,2.1280721E-03)  (-3.3993274E-03,2.2910535E-03)  
 (1.6996637E-03,-1.1455268E-03)
    0.000000       -1.000000       -1.000000      
 (4.7869980E-03,-4.6193600E-03)  (5.5134296E-03,4.2654574E-03)  
 (-5.5134296E-03,-4.2654574E-03)
    1.000000        0.000000       -2.000000      (7.9721212E-03,2.2398308E-03)
   (-4.6472996E-03,3.0454248E-03)  (3.9860606E-03,1.1199154E-03)
    1.000000        0.000000       -1.000000      
 (3.5576522E-03,-1.0430813E-03)  (6.3702464E-03,-5.3644180E-03)  
 (3.5576522E-03,-1.0430813E-03)
    1.000000        1.000000       -2.000000      
 (-3.5669655E-03,1.0337681E-03)  (-3.6042184E-03,-1.2442470E-02)  
 (-3.5855919E-03,-5.6996942E-03)
    1.000000        1.000000       -1.000000      
 (-7.7858567E-03,1.0360964E-03)  (2.2025779E-03,-1.7648563E-03)  
 (-5.5879354E-03,-7.2875991E-04)
    1.000000        2.000000       -1.000000      
 (-7.5437129E-03,1.1338852E-03)  (9.3597919E-04,2.6635826E-03)  
 (-5.6624413E-03,6.4447522E-03)
    1.000000       -2.000000       -1.000000      
 (1.3737008E-03,-2.5238842E-03)  (-2.8812792E-04,-8.1257895E-04)  
 (1.9464642E-03,-8.9872628E-04)
    1.000000       -1.000000       -2.000000      
 (4.2375177E-03,-6.2282197E-04)  (-4.3585896E-03,1.1990778E-03)  
 (4.2933971E-03,-9.1269612E-04)
    1.000000       -1.000000       -1.000000      
 (-9.6671283E-03,4.9918890E-03)  (-5.0291419E-03,2.4272595E-04)  
 (-4.6379864E-03,4.7497451E-03)
    2.000000        0.000000       -1.000000      (2.7101487E-03,3.3341348E-03)
   (9.6485019E-03,6.9662929E-03)  (5.4202974E-03,6.6682696E-03)
    2.000000        1.000000       -1.000000      
 (-1.4668331E-03,-2.3562461E-03)  (3.0174851E-03,-2.8219074E-03)  
 (8.7020453E-05,-7.5437129E-03)
    2.000000       -1.000000       -1.000000      
 (-1.2968667E-03,2.6402995E-03)  (1.1728844E-04,5.7369471E-03)  
 (-2.7101487E-03,-4.6216883E-04)
