    0.000000        0.000000        1.000000      (2.2873282E-02,1.2367964E-02)
   (-5.4202974E-03,-1.9371510E-02)  (0.000000,0.000000)
    0.000000        0.000000        2.000000      
 (8.5122883E-03,-2.3329630E-03)  (5.5693090E-03,3.3527613E-03)  
 (0.000000,0.000000)
    0.000000        1.000000        0.000000      (7.5960997E-05,1.1175871E-02)
   (0.000000,0.000000)  (3.0919909E-03,-3.3713877E-03)
    0.000000        1.000000        1.000000      
 (4.0419400E-03,-2.5145710E-04)  (7.2643161E-03,-5.7928264E-03)  
 (-7.2643161E-03,5.7928264E-03)
    0.000000        1.000000        2.000000      
 (-8.4750354E-03,-2.3748726E-03)  (-7.9907477E-03,-1.0652002E-04)  
 (3.9953738E-03,5.3260010E-05)
    0.000000        2.000000        0.000000      
 (-9.6391886E-04,-4.0605664E-03)  (0.000000,0.000000)  
 (-2.5331974E-03,2.4307519E-03)
    0.000000        2.000000        1.000000      
 (1.1306256E-02,-3.0733645E-03)  (-1.3038516E-04,-2.5052577E-03)  
 (2.6077032E-04,5.0105155E-03)
    0.000000       -2.000000        0.000000      
 (-9.6391886E-04,4.0605664E-03)  (0.000000,0.000000)  
 (-2.5331974E-03,-2.4307519E-03)
    0.000000       -2.000000        1.000000      
 (-1.2889504E-02,-9.9837780E-03)  (-4.0791929E-03,1.0360964E-03)  
 (-8.1583858E-03,2.0721927E-03)
    0.000000       -1.000000        0.000000      
 (7.5960997E-05,-1.1175871E-02)  (0.000000,0.000000)  
 (3.0919909E-03,3.3713877E-03)
    0.000000       -1.000000        1.000000      
 (7.1153045E-03,-9.2014670E-03)  (-2.7194619E-03,-3.7811697E-03)  
 (-2.7194619E-03,-3.7811697E-03)
    0.000000       -1.000000        2.000000      
 (-1.1567026E-02,3.1944364E-03)  (-1.1012889E-03,4.7218055E-03)  
 (-5.5064447E-04,2.3609027E-03)
    1.000000        0.000000        0.000000      (0.000000,0.000000)  
 (-2.4959445E-02,4.9546361E-03)  (2.0638108E-02,1.8849969E-02)
    1.000000        0.000000        1.000000      
 (-6.4261258E-04,-4.3213367E-03)  (-2.2724271E-02,1.6018748E-02)  
 (6.4261258E-04,4.3213367E-03)
    1.000000        0.000000        2.000000      (1.2409873E-03,1.3737008E-03)
   (5.3178519E-03,1.0449439E-02)  (-6.2049367E-04,-6.8685040E-04)
    1.000000        1.000000        0.000000      
 (4.6007335E-03,-1.0989606E-03)  (-4.6007335E-03,1.0989606E-03)  
 (-4.4144690E-03,2.0861626E-03)
    1.000000        1.000000        1.000000      
 (-1.4621764E-03,3.3155084E-03)  (1.5774276E-04,-2.0302832E-03)  
 (1.3038516E-03,-1.2805685E-03)
    1.000000        1.000000        2.000000      
 (-3.5390258E-03,-9.3365088E-04)  (-2.1653250E-03,-5.9604645E-03)  
 (2.8545037E-03,3.4458935E-03)
    1.000000        2.000000        0.000000      (2.2584572E-04,3.7066638E-03)
   (-1.1292286E-04,-1.8533319E-03)  (2.7474016E-03,1.0654330E-02)
    1.000000        2.000000        1.000000      (5.5599958E-03,4.4051558E-03)
   (-1.4808029E-03,-1.1501834E-03)  (-2.6030466E-03,-2.1047890E-03)
    1.000000       -2.000000        0.000000      
 (-7.5204298E-04,5.6438148E-03)  (-3.7602149E-04,2.8219074E-03)  
 (-6.7986548E-03,-9.3597919E-04)
    1.000000       -2.000000        1.000000      
 (-1.3364479E-03,7.7066943E-04)  (-1.7724233E-04,1.4994293E-03)  
 (9.8254532E-04,2.2305176E-03)
    1.000000       -1.000000        0.000000      
 (-3.3900142E-03,-3.6205165E-04)  (-3.3900142E-03,-3.6205165E-04)  
 (-4.9546361E-03,4.0978193E-03)
    1.000000       -1.000000        1.000000      (1.4305115E-02,5.4948032E-03)
   (5.1967800E-03,5.6251884E-03)  (-9.1083348E-03,1.2892997E-04)
    1.000000       -1.000000        2.000000      
 (-3.8882717E-04,3.0919909E-03)  (-1.6577542E-03,-2.6728958E-03)  
 (-6.3562766E-04,-2.8824434E-03)
    2.000000        0.000000        0.000000      (0.000000,0.000000)  
 (1.4752150E-02,-6.8172812E-03)  (-1.4086254E-03,4.0698797E-03)
    2.000000        0.000000        1.000000      
 (-4.7590584E-03,3.4272671E-03)  (5.7276338E-03,1.2777746E-02)  
 (9.5181167E-03,-6.8545341E-03)
    2.000000        1.000000        0.000000      
 (-1.7462298E-03,-1.4482066E-03)  (3.4924597E-03,2.8964132E-03)  
 (-5.5320561E-03,-6.7520887E-04)
    2.000000        1.000000        1.000000      (3.5855919E-03,5.8300793E-03)
   (-6.3329935E-03,-1.3262033E-02)  (-8.4284693E-04,1.6205013E-03)
    2.000000       -1.000000        0.000000      
 (-6.6007487E-04,-2.8964132E-03)  (-1.3201497E-03,-5.7928264E-03)  
 (2.2258610E-03,4.1723251E-03)
    2.000000       -1.000000        1.000000      
 (-5.6531280E-03,1.3341196E-03)  (-5.9045851E-03,2.1932647E-03)  
 (5.3923577E-03,-4.7148205E-04)
