   0.00000000       0.00000000       1.00000000     ( -8.07922333E-04, -1.19581819E-02) (  2.14576721E-02,  6.68689609E-03) (  0.00000000    ,  0.00000000    )
   0.00000000       0.00000000       2.00000000     (  7.07805157E-03, -2.98023224E-03) ( -1.02445483E-02, -4.24683094E-03) (  0.00000000    ,  0.00000000    )
   0.00000000       1.00000000       0.00000000     (  7.17118382E-03,  2.73576006E-04) (  0.00000000    ,  0.00000000    ) (  1.48266554E-02, -6.68689609E-03)
   0.00000000       1.00000000       1.00000000     ( -7.41332769E-03, -3.59490514E-03) (  4.06056643E-03, -1.32713467E-03) ( -4.06056643E-03,  1.32713467E-03)
   0.00000000       1.00000000       2.00000000     (  4.41446900E-03, -2.94297934E-03) ( -3.40864062E-03,  1.65775418E-03) (  1.70432031E-03, -8.28877091E-04)
   0.00000000       2.00000000       0.00000000     ( -1.46217644E-03,  4.71249223E-03) (  0.00000000    ,  0.00000000    ) ( -2.25845724E-04, -5.00585884E-04)
   0.00000000       2.00000000       1.00000000     (  2.28174031E-04, -1.12690032E-03) ( -9.59262252E-04,  7.31088221E-04) (  1.91852450E-03, -1.46217644E-03)
   0.00000000      -2.00000000       0.00000000     ( -1.46217644E-03, -4.71249223E-03) (  0.00000000    ,  0.00000000    ) ( -2.25845724E-04,  5.00585884E-04)
   0.00000000      -2.00000000       1.00000000     (  1.87195837E-03, -4.21423465E-04) ( -8.24220479E-04,  5.84986992E-05) ( -1.64844096E-03,  1.16997398E-04)
   0.00000000      -1.00000000       0.00000000     (  7.17118382E-03, -2.73576006E-04) (  0.00000000    ,  0.00000000    ) (  1.48266554E-02,  6.68689609E-03)
   0.00000000      -1.00000000       1.00000000     ( -9.16421413E-03, -1.15856528E-02) ( -5.86733222E-03,  6.31436706E-03) ( -5.86733222E-03,  6.31436706E-03)
   0.00000000      -1.00000000       2.00000000     ( -1.62050128E-03, -2.15135515E-03) ( -2.11002771E-05,  2.70083547E-03) ( -1.05501385E-05,  1.35041773E-03)
   1.00000000       0.00000000       0.00000000     (  0.00000000    ,  0.00000000    ) ( -2.74181366E-02,  6.14672899E-03) (  1.79558992E-02, -5.21540642E-03)
   1.00000000       0.00000000       1.00000000     ( -1.62981451E-03, -2.44937837E-03) (  4.15369868E-03, -6.23986125E-03) (  1.62981451E-03,  2.44937837E-03)
   1.00000000       0.00000000       2.00000000     ( -3.29688191E-03, -1.35041773E-03) ( -1.13155693E-03,  3.31550837E-03) (  1.64844096E-03,  6.75208867E-04)
   1.00000000       1.00000000       0.00000000     (  3.44589353E-04, -1.42608769E-04) ( -3.44589353E-04,  1.42608769E-04) (  7.24568963E-03,  1.50501728E-02)
   1.00000000       1.00000000       1.00000000     ( -4.45172191E-03, -8.05594027E-04) (  2.29105353E-03,  3.09199095E-03) (  2.16998160E-03, -2.28174031E-03)
   1.00000000       1.00000000       2.00000000     ( -9.72067937E-05,  1.08964741E-03) (  1.96509063E-03,  9.91858542E-04) ( -9.35979187E-04, -1.03842467E-03)
   1.00000000       2.00000000       0.00000000     ( -8.00937414E-04, -3.44589353E-04) (  4.00468707E-04,  1.72294676E-04) ( -3.06172296E-04, -1.68569386E-03)
   1.00000000       2.00000000       1.00000000     (  1.94646418E-03, -7.88713805E-05) ( -7.72997737E-04, -1.24564394E-04) ( -3.98140401E-04,  3.28291208E-04)
   1.00000000      -2.00000000       0.00000000     ( -1.58324838E-03, -2.04890966E-04) ( -7.91624188E-04, -1.02445483E-04) ( -9.12696123E-04,  2.57976353E-03)
   1.00000000      -2.00000000       1.00000000     ( -3.37604433E-05, -8.94069672E-04) (  9.73232090E-04, -5.40167093E-04) (  1.97440386E-03, -1.87428668E-04)
   1.00000000      -1.00000000       0.00000000     (  7.45058060E-03,  2.32830644E-03) (  7.45058060E-03,  2.32830644E-03) ( -2.63564289E-03,  9.08039510E-04)
   1.00000000      -1.00000000       1.00000000     ( -1.79745257E-03,  2.98023224E-03) ( -1.13155693E-03, -2.75671482E-03) (  6.65895641E-04, -5.73694706E-03)
   1.00000000      -1.00000000       2.00000000     ( -3.03611159E-03, -1.00582838E-03) (  1.87195837E-03,  1.89989805E-03) (  2.44937837E-03,  1.45286322E-03)
   2.00000000       0.00000000       0.00000000     (  0.00000000    ,  0.00000000    ) ( -2.36555934E-03,  2.44937837E-03) (  1.79745257E-03, -2.54251063E-03)
   2.00000000       0.00000000       1.00000000     ( -1.05705112E-03,  1.04773790E-03) ( -4.98257577E-04, -3.74391675E-03) (  2.11410224E-03, -2.09547579E-03)
   2.00000000       1.00000000       0.00000000     ( -1.19209290E-03, -1.22934580E-03) (  2.38418579E-03,  2.45869160E-03) ( -4.26080078E-04,  3.57627869E-03)
   2.00000000       1.00000000       1.00000000     ( -8.14907253E-04,  3.74857336E-04) (  4.19095159E-04,  8.75443220E-04) (  1.21071935E-03, -1.62050128E-03)
   2.00000000      -1.00000000       0.00000000     ( -1.86264515E-03, -9.31322575E-04) ( -3.72529030E-03, -1.86264515E-03) (  5.47152013E-04,  3.98606062E-03)
   2.00000000      -1.00000000       1.00000000     (  2.08616257E-03,  2.44472176E-04) ( -7.03148544E-04,  9.31322575E-04) ( -4.86150384E-03,  4.37721610E-04)
