   0.00000000       0.00000000       1.00000000     (  1.00117177E-03, -1.09151006E-02) (  2.33203173E-02,  2.84984708E-03) (  0.00000000    ,  0.00000000    )
   0.00000000       0.00000000       2.00000000     (  7.67409801E-03, -1.77882612E-03) ( -1.11013651E-02, -6.07222319E-03) (  0.00000000    ,  0.00000000    )
   0.00000000       1.00000000       0.00000000     (  5.04776835E-03, -2.56113708E-03) (  0.00000000    ,  0.00000000    ) (  1.43051147E-02, -3.46451998E-03)
   0.00000000       1.00000000       1.00000000     ( -2.22586095E-03, -9.35979187E-04) (  4.09781933E-03, -1.26194209E-03) ( -4.09781933E-03,  1.26194209E-03)
   0.00000000       1.00000000       2.00000000     (  5.69969416E-03, -5.19677997E-03) ( -2.05822289E-03,  2.68220901E-03) (  1.02911144E-03, -1.34110451E-03)
   0.00000000       2.00000000       0.00000000     (  5.16884029E-04,  6.81728125E-03) (  0.00000000    ,  0.00000000    ) ( -9.87201929E-04,  2.54251063E-03)
   0.00000000       2.00000000       1.00000000     ( -1.16880983E-03, -5.14090061E-03) ( -1.41095370E-03,  1.70432031E-03) (  2.82190740E-03, -3.40864062E-03)
   0.00000000      -2.00000000       0.00000000     (  5.16884029E-04, -6.81728125E-03) (  0.00000000    ,  0.00000000    ) ( -9.87201929E-04, -2.54251063E-03)
   0.00000000      -2.00000000       1.00000000     (  3.25962901E-04,  1.53668225E-03) ( -9.08039510E-04,  1.51339918E-04) ( -1.81607902E-03,  3.02679837E-04)
   0.00000000      -1.00000000       0.00000000     (  5.04776835E-03,  2.56113708E-03) (  0.00000000    ,  0.00000000    ) (  1.43051147E-02,  3.46451998E-03)
   0.00000000      -1.00000000       1.00000000     ( -7.11530447E-03, -1.21816993E-02) ( -6.18398190E-03,  5.51342964E-03) ( -6.18398190E-03,  5.51342964E-03)
   0.00000000      -1.00000000       2.00000000     ( -1.42026693E-03, -3.29688191E-03) (  1.89989805E-03,  1.98371708E-03) (  9.49949026E-04,  9.91858542E-04)
   1.00000000       0.00000000       0.00000000     (  0.00000000    ,  0.00000000    ) ( -2.49594450E-02,  8.71717930E-03) (  1.43796206E-02, -4.33996320E-03)
   1.00000000       0.00000000       1.00000000     ( -1.55996531E-03, -1.63912773E-03) ( -2.94530764E-04, -9.08970833E-03) (  1.55996531E-03,  1.63912773E-03)
   1.00000000       0.00000000       2.00000000     ( -4.19095159E-03, -1.83470547E-03) ( -4.95929271E-04,  2.24448740E-03) (  2.09547579E-03,  9.17352736E-04)
   1.00000000       1.00000000       0.00000000     (  1.80676579E-03,  1.16880983E-03) ( -1.80676579E-03, -1.16880983E-03) (  5.75557351E-03,  1.16601586E-02)
   1.00000000       1.00000000       1.00000000     ( -2.51457095E-03, -5.30853868E-04) (  3.71364877E-04,  3.98606062E-03) (  2.14204192E-03, -3.46451998E-03)
   1.00000000       1.00000000       2.00000000     ( -2.94297934E-03,  9.87201929E-04) (  2.92435288E-03,  1.81607902E-03) (  9.24046617E-06, -1.40629709E-03)
   1.00000000       2.00000000       0.00000000     (  3.55066732E-04,  2.19792128E-03) ( -1.77533366E-04, -1.09896064E-03) ( -2.87778676E-03,  3.34111974E-04)
   1.00000000       2.00000000       1.00000000     (  3.19443643E-03,  1.10827386E-03) ( -1.10361725E-03, -4.40049917E-04) ( -9.87201929E-04, -2.24681571E-04)
   1.00000000      -2.00000000       0.00000000     (  5.07570803E-04,  7.12461770E-04) (  2.53785402E-04,  3.56230885E-04) ( -2.46800482E-03,  2.52388418E-03)
   1.00000000      -2.00000000       1.00000000     ( -1.54133886E-03,  3.57395038E-04) (  3.01515684E-04,  4.37721610E-04) (  2.14204192E-03,  5.16884029E-04)
   1.00000000      -1.00000000       0.00000000     (  4.22820449E-03,  6.61239028E-04) (  4.22820449E-03,  6.61239028E-04) ( -3.79979610E-03,  8.75443220E-03)
   1.00000000      -1.00000000       1.00000000     (  1.80676579E-03,  4.04193997E-03) ( -5.82076609E-04, -5.01051545E-03) ( -2.39349902E-03, -9.05245543E-03)
   1.00000000      -1.00000000       2.00000000     ( -5.51342964E-03, -1.57393515E-03) (  1.88127160E-03,  6.37955964E-04) (  3.70666385E-03,  1.10827386E-03)
   2.00000000       0.00000000       0.00000000     (  0.00000000    ,  0.00000000    ) ( -2.11410224E-03,  4.26545739E-03) ( -4.47034836E-04, -2.54251063E-03)
   2.00000000       0.00000000       1.00000000     ( -1.00582838E-03,  1.01514161E-03) ( -2.86847353E-03, -3.04542482E-03) (  2.01165676E-03, -2.03028321E-03)
   2.00000000       1.00000000       0.00000000     ( -7.96280801E-04, -1.18743628E-03) (  1.59256160E-03,  2.37487257E-03) (  7.42729753E-04,  2.98023224E-03)
   2.00000000       1.00000000       1.00000000     ( -6.10016286E-04,  2.68919393E-04) ( -7.19446689E-04,  1.18743628E-03) (  1.93715096E-03, -1.72294676E-03)
   2.00000000      -1.00000000       0.00000000     ( -2.82190740E-03, -1.36904418E-03) ( -5.64381480E-03, -2.73808837E-03) (  1.76951289E-03,  5.94183803E-03)
   2.00000000      -1.00000000       1.00000000     (  1.87195837E-03, -1.79745257E-03) ( -1.30850822E-03,  4.30736691E-04) ( -5.06639481E-03,  4.04193997E-03)
