    0.000000        0.000000       -2.000000      (7.3201954E-03,1.6577542E-03)
   (6.0722232E-03,-4.5821071E-03)  (0.000000,0.000000)
    0.000000        0.000000       -1.000000      
 (2.1532178E-02,-1.1846423E-02)  (-8.0838799E-03,1.6987324E-02)  
 (0.000000,0.000000)
    0.000000        1.000000       -2.000000      
 (-1.3336539E-02,-2.3609027E-03)  (-2.2957101E-03,-2.0070001E-03)  
 (-1.1478551E-03,-1.0035001E-03)
    0.000000        1.000000       -1.000000      (6.4074993E-03,6.5565109E-03)
   (-2.0675361E-03,4.3213367E-03)  (-2.0675361E-03,4.3213367E-03)
    0.000000        2.000000       -1.000000      
 (-1.2852252E-02,1.1324883E-02)  (-3.9674342E-03,-1.1478551E-03)  
 (-7.9348683E-03,-2.2957101E-03)
    0.000000       -2.000000       -1.000000      (1.0784715E-02,3.1478703E-03)
   (-2.1304004E-04,2.0628795E-03)  (4.2608008E-04,-4.1257590E-03)
    0.000000       -1.000000       -2.000000      
 (-8.2142651E-03,2.5425106E-03)  (-5.6717545E-03,1.0849908E-03)  
 (2.8358772E-03,-5.4249540E-04)
    0.000000       -1.000000       -1.000000      
 (4.2282045E-03,-2.1047890E-03)  (6.3888729E-03,4.8428774E-03)  
 (-6.3888729E-03,-4.8428774E-03)
    1.000000        0.000000       -2.000000      (8.5681677E-03,2.9802322E-03)
   (-3.1571835E-03,5.3085387E-03)  (4.2840838E-03,1.4901161E-03)
    1.000000        0.000000       -1.000000      
 (3.9301813E-03,-6.0070306E-04)  (7.9348683E-03,-3.8929284E-03)  
 (3.9301813E-03,-6.0070306E-04)
    1.000000        1.000000       -2.000000      
 (-3.1664968E-03,-8.9872628E-04)  (-2.0116568E-03,-1.3597310E-02)  
 (-2.5890768E-03,-7.2456896E-03)
    1.000000        1.000000       -1.000000      
 (-8.2887709E-03,-1.9744039E-03)  (2.2863969E-03,-1.2316741E-03)  
 (-5.9977174E-03,-3.2130629E-03)
    1.000000        2.000000       -1.000000      
 (-9.4063580E-03,-9.5926225E-04)  (1.7508864E-03,2.8545037E-03)  
 (-5.9045851E-03,4.7497451E-03)
    1.000000       -2.000000       -1.000000      
 (-1.2136297E-04,-5.2060932E-03)  (-1.0500662E-03,-2.1513551E-03)  
 (1.9790605E-03,-9.0803951E-04)
    1.000000       -1.000000       -2.000000      (4.9732625E-03,9.4762072E-04)
   (-4.2561442E-03,1.9278377E-03)  (4.6100467E-03,-4.9010850E-04)
    1.000000       -1.000000       -1.000000      
 (-1.0132790E-02,4.0140003E-03)  (-6.9849193E-03,5.2037649E-04)  
 (-3.1478703E-03,3.4924597E-03)
    2.000000        0.000000       -1.000000      (1.4342368E-03,4.5262277E-03)
   (6.0163438E-03,7.6368451E-03)  (2.8684735E-03,9.0524554E-03)
    2.000000        1.000000       -1.000000      
 (-7.4272975E-04,-1.5040860E-03)  (4.1443855E-03,-5.6531280E-03)  
 (2.6589260E-03,-8.6612999E-03)
    2.000000       -1.000000       -1.000000      
 (-1.7601997E-03,2.1979213E-03)  (3.0093361E-04,6.2212348E-03)  
 (-3.8184226E-03,-1.8207356E-03)
