   0.00000000       0.00000000      -2.00000000     (  9.12696123E-04,  1.28522515E-03) ( -1.17346644E-03, -1.49011612E-04) (  0.00000000    ,  0.00000000    )
   0.00000000       0.00000000      -1.00000000     (  1.65030360E-02,  2.97091901E-03) (  3.73274088E-02,  1.83656812E-02) (  0.00000000    ,  0.00000000    )
   0.00000000       1.00000000      -2.00000000     (  7.72997737E-04,  2.67755240E-05) ( -1.09430403E-04,  4.65661287E-04) ( -5.47152013E-05,  2.32830644E-04)
   0.00000000       1.00000000      -1.00000000     ( -3.68803740E-03,  3.01748514E-02) ( -7.02217221E-03, -2.13738531E-03) ( -7.02217221E-03, -2.13738531E-03)
   0.00000000       2.00000000      -1.00000000     ( -5.40167093E-04,  2.14204192E-04) (  2.56113708E-05,  5.02914190E-04) (  5.12227416E-05,  1.00582838E-03)
   0.00000000      -2.00000000      -1.00000000     (  1.37835741E-03,  4.56348062E-04) ( -4.19095159E-04,  1.04773790E-05) (  8.38190317E-04, -2.09547579E-05)
   0.00000000      -1.00000000      -2.00000000     ( -3.35276127E-04,  5.40167093E-04) ( -4.47034836E-04, -1.76951289E-04) (  2.23517418E-04,  8.84756446E-05)
   0.00000000      -1.00000000      -1.00000000     (  8.49366188E-03, -1.04680657E-02) ( -1.62981451E-03,  2.29571015E-03) (  1.62981451E-03, -2.29571015E-03)
   1.00000000       0.00000000      -2.00000000     ( -6.23986125E-04, -1.97906047E-04) ( -3.58559191E-04,  8.75443220E-04) ( -3.11993062E-04, -9.89530236E-05)
   1.00000000       0.00000000      -1.00000000     (  9.18284059E-03, -5.23403287E-03) ( -9.90927219E-03,  4.06056643E-03) (  9.18284059E-03, -5.23403287E-03)
   1.00000000       1.00000000      -2.00000000     ( -3.58559191E-04, -2.61934474E-05) (  4.09781933E-04, -1.17346644E-03) (  2.41561793E-05, -5.96046448E-04)
   1.00000000       1.00000000      -1.00000000     ( -1.35973096E-03,  1.32247806E-03) (  1.21071935E-03, -2.04890966E-04) ( -1.37370080E-04,  1.13621354E-03)
   1.00000000       2.00000000      -1.00000000     (  2.60770321E-04, -6.14672899E-04) ( -2.93366611E-04,  2.56113708E-05) ( -3.25962901E-04, -5.58793545E-04)
   1.00000000      -2.00000000      -1.00000000     (  7.26431608E-04,  2.00234354E-04) (  5.77419996E-04,  3.02679837E-04) ( -4.28408384E-04, -4.00468707E-04)
   1.00000000      -1.00000000      -2.00000000     (  4.65661287E-04, -5.96046448E-04) (  4.37721610E-04, -3.67872417E-04) (  1.57160684E-05, -1.14087015E-04)
   1.00000000      -1.00000000      -1.00000000     (  4.36557457E-05,  1.00582838E-03) ( -6.14672899E-04,  6.70552254E-04) (  6.61239028E-04,  3.30619514E-04)
   2.00000000       0.00000000      -1.00000000     ( -3.49245965E-04, -1.81607902E-04) (  5.30853868E-04, -4.74974513E-04) ( -6.98491931E-04, -3.63215804E-04)
   2.00000000       1.00000000      -1.00000000     (  3.95812094E-04,  2.14204192E-04) ( -4.47034836E-04,  6.14672899E-04) (  3.44589353E-04,  1.04308128E-03)
   2.00000000      -1.00000000      -1.00000000     (  2.70083547E-04,  9.42964107E-05) (  5.40167093E-04, -4.74974513E-04) ( -7.13043846E-06,  6.70552254E-04)
