    0.000000        0.000000       -2.000000      (3.0733645E-03,4.8195943E-04)
   (3.8184226E-03,-3.3341348E-03)  (0.000000,0.000000)
    0.000000        0.000000       -1.000000      
 (2.1830201E-02,-1.2107193E-02)  (-1.3448298E-02,1.7210841E-02)  
 (0.000000,0.000000)
    0.000000        1.000000       -2.000000      
 (-8.7916851E-03,9.4529241E-04)  (-2.6449561E-03,2.8964132E-03)  
 (-1.3224781E-03,1.4482066E-03)
    0.000000        1.000000       -1.000000      (8.9034438E-03,4.0419400E-03)
   (-1.0011718E-03,5.8487058E-03)  (-1.0011718E-03,5.8487058E-03)
    0.000000        2.000000       -1.000000      
 (-6.8545341E-03,7.5995922E-03)  (-1.5133992E-03,1.0099029E-04)  
 (-3.0267984E-03,2.0198058E-04)
    0.000000       -2.000000       -1.000000      (3.1758100E-03,2.0209700E-03)
   (-9.3132257E-04,6.0768798E-04)  (1.8626451E-03,-1.2153760E-03)
    0.000000       -1.000000       -2.000000      
 (-5.7183206E-03,1.1967495E-03)  (-1.2246892E-03,2.4773180E-03)  
 (6.1234459E-04,-1.2386590E-03)
    0.000000       -1.000000       -1.000000      
 (5.9604645E-03,-7.5995922E-03)  (4.9918890E-03,4.1723251E-03)  
 (-4.9918890E-03,-4.1723251E-03)
    1.000000        0.000000       -2.000000      (5.2526593E-03,1.2898818E-03)
   (-4.1350722E-03,1.3504177E-03)  (2.6263297E-03,6.4494088E-04)
    1.000000        0.000000       -1.000000      
 (3.2968819E-03,-1.5180558E-03)  (5.0105155E-03,-7.1525574E-03)  
 (3.2968819E-03,-1.5180558E-03)
    1.000000        1.000000       -2.000000      
 (-2.9057264E-03,2.0768493E-03)  (-2.8405339E-03,-8.2328916E-03)  
 (-2.8684735E-03,-3.0733645E-03)
    1.000000        1.000000       -1.000000      
 (-5.6438148E-03,2.2351742E-03)  (2.3283064E-03,-1.4854595E-03)  
 (-3.3155084E-03,7.4971467E-04)
    1.000000        2.000000       -1.000000      
 (-4.3213367E-03,1.6810372E-03)  (2.4214387E-04,1.8626451E-03)  
 (-3.8370490E-03,5.4016709E-03)
    1.000000       -2.000000       -1.000000      
 (1.3643876E-03,-7.6834112E-04)  (-6.2282197E-05,-5.6345016E-04)  
 (1.4854595E-03,3.5855919E-04)
    1.000000       -1.000000       -2.000000      
 (2.4866313E-03,-1.1269003E-03)  (-3.8370490E-03,9.8720193E-04)  
 (3.1571835E-03,-1.0570511E-03)
    1.000000       -1.000000       -1.000000      
 (-6.5937638E-03,4.3399632E-03)  (-2.5704503E-03,-5.1077222E-05)  
 (-4.0233135E-03,4.3958426E-03)
    2.000000        0.000000       -1.000000      (2.4959445E-03,1.5832484E-03)
   (8.7544322E-03,4.6566129E-03)  (4.9918890E-03,3.1664968E-03)
    2.000000        1.000000       -1.000000      
 (-1.3038516E-03,-2.0582229E-03)  (1.1967495E-03,1.8102583E-04)  
 (-1.4109537E-03,-3.9301813E-03)
    2.000000       -1.000000       -1.000000      
 (-1.0197982E-03,1.6391277E-03)  (-4.4354238E-04,3.4831464E-03)  
 (-1.5972182E-03,-2.0256266E-04)
