   0.00000000       0.00000000       1.00000000     (  6.96629286E-03, -1.24424696E-02) (  3.65823507E-02, -4.71249223E-03) (  0.00000000    ,  0.00000000    )
   0.00000000       0.00000000       2.00000000     (  1.26659870E-03, -2.74740160E-04) ( -1.30385160E-03, -5.21540642E-04) (  0.00000000    ,  0.00000000    )
   0.00000000       1.00000000       0.00000000     (  2.20257789E-03, -4.27477062E-03) (  0.00000000    ,  0.00000000    ) (  1.62422657E-02,  1.69035047E-03)
   0.00000000       1.00000000       1.00000000     (  4.80562449E-03,  3.44589353E-03) (  3.47383320E-03, -1.18743628E-03) ( -3.47383320E-03,  1.18743628E-03)
   0.00000000       1.00000000       2.00000000     (  6.33299351E-04, -7.45058060E-04) ( -1.53668225E-04,  3.44589353E-04) (  7.68341124E-05, -1.72294676E-04)
   0.00000000       2.00000000       0.00000000     (  8.38190317E-04,  3.72529030E-04) (  0.00000000    ,  0.00000000    ) ( -6.75208867E-05,  3.16649675E-04)
   0.00000000       2.00000000       1.00000000     (  3.07336450E-04, -4.93600965E-04) ( -3.02679837E-05, -3.08500603E-05) (  6.05359674E-05,  6.17001206E-05)
   0.00000000      -2.00000000       0.00000000     (  8.38190317E-04, -3.72529030E-04) (  0.00000000    ,  0.00000000    ) ( -6.75208867E-05, -3.16649675E-04)
   0.00000000      -2.00000000       1.00000000     ( -4.84287739E-04,  4.56348062E-04) ( -3.91155481E-04, -3.25962901E-04) ( -7.82310963E-04, -6.51925802E-04)
   0.00000000      -1.00000000       0.00000000     (  2.20257789E-03,  4.27477062E-03) (  0.00000000    ,  0.00000000    ) (  1.62422657E-02, -1.69035047E-03)
   0.00000000      -1.00000000       1.00000000     ( -6.96629286E-03, -2.14576721E-02) ( -9.20146704E-03,  4.32133675E-03) ( -9.20146704E-03,  4.32133675E-03)
   0.00000000      -1.00000000       2.00000000     (  2.93366611E-04, -4.28408384E-04) (  5.58793545E-04,  4.91127139E-07) (  2.79396772E-04,  2.45563569E-07)
   1.00000000       0.00000000       0.00000000     (  0.00000000    ,  0.00000000    ) ( -3.17394733E-02,  1.87009573E-02) (  1.68755651E-02, -3.02679837E-03)
   1.00000000       0.00000000       1.00000000     ( -2.76602805E-03, -9.95351002E-05) ( -9.16421413E-03, -1.66520476E-02) (  2.76602805E-03,  9.95351002E-05)
   1.00000000       0.00000000       2.00000000     ( -8.00937414E-04, -5.77419996E-04) (  3.16649675E-04,  3.25962901E-04) (  4.00468707E-04,  2.88709998E-04)
   1.00000000       1.00000000       0.00000000     (  3.75322998E-03,  3.80910933E-03) ( -3.75322998E-03, -3.80910933E-03) (  4.54019755E-04,  1.09896064E-02)
   1.00000000       1.00000000       1.00000000     (  2.56113708E-04,  3.07336450E-04) ( -8.94069672E-04,  2.65426934E-04) (  6.51925802E-04, -5.77419996E-04)
   1.00000000       1.00000000       2.00000000     ( -1.04308128E-03,  1.53668225E-04) (  5.77419996E-04,  7.45058060E-04) (  2.28174031E-04, -4.47034836E-04)
   1.00000000       2.00000000       0.00000000     ( -1.49011612E-04,  6.89178705E-04) (  7.45058060E-05, -3.44589353E-04) ( -3.91155481E-04, -3.95812094E-05)
   1.00000000       2.00000000       1.00000000     (  2.46800482E-04,  3.72529030E-04) ( -2.51457095E-04, -1.14087015E-04) (  2.56113708E-04, -1.44354999E-04)
   1.00000000      -2.00000000       0.00000000     (  2.23517418E-04,  4.56348062E-04) (  1.11758709E-04,  2.28174031E-04) ( -4.09781933E-04, -5.02914190E-04)
   1.00000000      -2.00000000       1.00000000     ( -7.07805157E-04,  1.77533366E-05) ( -2.60770321E-04,  1.23400241E-04) (  1.86264515E-04,  2.32830644E-04)
   1.00000000      -1.00000000       0.00000000     (  2.03959644E-03, -2.90572643E-03) (  2.03959644E-03, -2.90572643E-03) ( -7.00354576E-03,  2.59280205E-02)
   1.00000000      -1.00000000       1.00000000     (  1.30385160E-03,  6.89178705E-04) (  2.61934474E-05, -1.22934580E-03) ( -1.26659870E-03, -1.89989805E-03)
   1.00000000      -1.00000000       2.00000000     ( -7.26431608E-04, -8.38190317E-05) (  3.08500603E-05,  3.25962901E-04) (  3.72529030E-04,  2.04890966E-04)
   2.00000000       0.00000000       0.00000000     (  0.00000000    ,  0.00000000    ) (  8.38190317E-05,  9.87201929E-04) ( -4.19095159E-04, -3.25962901E-04)
   2.00000000       0.00000000       1.00000000     ( -1.16415322E-04,  6.86850399E-05) ( -3.63215804E-04, -3.84170562E-05) (  2.32830644E-04, -1.37370080E-04)
   2.00000000       1.00000000       0.00000000     (  3.27418093E-06, -2.40106601E-06) ( -6.54836185E-06,  4.80213203E-06) (  1.95577741E-04,  2.14204192E-04)
   2.00000000       1.00000000       1.00000000     ( -6.63567334E-05, -4.65661287E-05) ( -4.00468707E-04,  3.53902578E-04) (  5.30853868E-04, -2.65426934E-04)
   2.00000000      -1.00000000       0.00000000     ( -3.72529030E-04, -2.93366611E-04) ( -7.45058060E-04, -5.86733222E-04) (  3.25962901E-04,  2.37487257E-04)
   2.00000000      -1.00000000       1.00000000     ( -7.27595761E-06, -6.70552254E-04) ( -2.70083547E-04, -3.07336450E-04) ( -2.51457095E-04,  1.02445483E-03)
