    0.000000        0.000000        1.000000      (2.1979213E-02,1.1995435E-02)
   (-6.9104135E-03,-1.7806888E-02)  (0.000000,0.000000)
    0.000000        0.000000        2.000000      
 (8.0093741E-03,-1.8673018E-03)  (5.9604645E-03,4.1443855E-03)  
 (0.000000,0.000000)
    0.000000        1.000000        0.000000      (6.4959750E-04,1.0021031E-02)
   (0.000000,0.000000)  (3.3155084E-03,-2.9709190E-03)
    0.000000        1.000000        1.000000      (4.0978193E-03,1.0523945E-03)
   (6.7800283E-03,-5.1967800E-03)  (-6.7800283E-03,5.1967800E-03)
    0.000000        1.000000        2.000000      
 (-8.3073974E-03,-2.5657937E-03)  (-6.7800283E-03,-5.9255399E-04)  
 (3.3900142E-03,2.9627699E-04)
    0.000000        2.000000        0.000000      
 (-2.1839514E-03,-2.4959445E-03)  (0.000000,0.000000)  
 (-1.7788261E-03,2.9103830E-03)
    0.000000        2.000000        1.000000      
 (1.1418015E-02,-3.2875687E-03)  (-9.4296411E-05,-2.2863969E-03)  
 (1.8859282E-04,4.5727938E-03)
    0.000000       -2.000000        0.000000      
 (-2.1839514E-03,2.4959445E-03)  (0.000000,0.000000)  
 (-1.7788261E-03,-2.9103830E-03)
    0.000000       -2.000000        1.000000      
 (-1.3075769E-02,-1.1008233E-02)  (-4.1630119E-03,1.1362135E-03)  
 (-8.3260238E-03,2.2724271E-03)
    0.000000       -1.000000        0.000000      
 (6.4959750E-04,-1.0021031E-02)  (0.000000,0.000000)  
 (3.3155084E-03,2.9709190E-03)
    0.000000       -1.000000        1.000000      
 (6.5192580E-03,-7.5995922E-03)  (-2.3655593E-03,-4.0605664E-03)  
 (-2.3655593E-03,-4.0605664E-03)
    0.000000       -1.000000        2.000000      
 (-1.2889504E-02,2.9522926E-03)  (-1.8114224E-03,3.4179538E-03)  
 (-9.0571120E-04,1.7089769E-03)
    1.000000        0.000000        0.000000      (0.000000,0.000000)  
 (-2.5108457E-02,4.8801303E-03)  (1.8924475E-02,1.8104911E-02)
    1.000000        0.000000        1.000000      
 (-1.3317913E-03,-3.8556755E-03)  (-2.0936131E-02,1.5199184E-02)  
 (1.3317913E-03,3.8556755E-03)
    1.000000        0.000000        2.000000      (1.0291114E-03,1.2922101E-03)
   (5.0384551E-03,1.0821968E-02)  (-5.1455572E-04,-6.4610504E-04)
    1.000000        1.000000        0.000000      
 (4.0978193E-03,-1.3643876E-03)  (-4.0978193E-03,1.3643876E-03)  
 (-3.4458935E-03,2.0768493E-03)
    1.000000        1.000000        1.000000      
 (-2.9569492E-04,3.8091093E-03)  (-1.0547228E-03,-2.5052577E-03)  
 (1.3504177E-03,-1.3015233E-03)
    1.000000        1.000000        2.000000      
 (-3.8649887E-03,8.2218321E-05)  (-1.1804514E-03,-5.8487058E-03)  
 (2.5192276E-03,2.8871000E-03)
    1.000000        2.000000        0.000000      (1.3411045E-03,2.7939677E-03)
   (-6.7055225E-04,-1.3969839E-03)  (3.5762787E-03,9.8906457E-03)
    1.000000        2.000000        1.000000      (4.6566129E-03,4.1350722E-03)
   (-1.6391277E-03,-3.8999133E-04)  (-1.3830140E-03,-3.3527613E-03)
    1.000000       -2.000000        0.000000      
 (-4.6475179E-06,7.1153045E-03)  (-2.3237590E-06,3.5576522E-03)  
 (-6.8359077E-03,-1.0943040E-03)
    1.000000       -2.000000        1.000000      
 (-1.4994293E-03,3.5797711E-04)  (2.0627340E-05,8.6147338E-04)  
 (1.5413389E-03,1.3643876E-03)
    1.000000       -1.000000        0.000000      
 (-2.5145710E-03,1.9615982E-04)  (-2.5145710E-03,1.9615982E-04)  
 (-5.1409006E-03,3.8743019E-03)
    1.000000       -1.000000        1.000000      (1.4603138E-02,2.8917566E-03)
   (5.2154064E-03,3.4552068E-03)  (-9.3877316E-03,5.6345016E-04)
    1.000000       -1.000000        2.000000      
 (-1.9883737E-03,1.4132820E-03)  (-4.3958426E-03,-3.7066638E-03)  
 (-1.2037344E-03,-2.5611371E-03)
    2.000000        0.000000        0.000000      (0.000000,0.000000)  
 (1.4193356E-02,-5.5972487E-03)  (-8.5448846E-04,2.8964132E-03)
    2.000000        0.000000        1.000000      
 (-4.0885061E-03,4.4237822E-03)  (5.3364784E-03,1.1622906E-02)  
 (8.1770122E-03,-8.8475645E-03)
    2.000000        1.000000        0.000000      
 (-1.8160790E-03,-2.1141022E-03)  (3.6321580E-03,4.2282045E-03)  
 (-6.6868961E-03,1.4854595E-03)
    2.000000        1.000000        1.000000      (3.5855919E-03,5.4296106E-03)
   (-5.8021396E-03,-1.3783574E-02)  (-1.3783574E-03,2.9429793E-03)
    2.000000       -1.000000        0.000000      
 (-1.6530976E-03,-3.2316893E-03)  (-3.3061951E-03,-6.4633787E-03)  
 (2.3050234E-03,4.2840838E-03)
    2.000000       -1.000000        1.000000      
 (-5.3364784E-03,1.9324943E-03)  (-5.2247196E-03,4.3958426E-03)  
 (5.4389238E-03,5.3085387E-04)
