   0.00000000       0.00000000      -2.00000000     ( -2.14204192E-04, -1.91852450E-03) (  1.52736902E-03, -6.89178705E-04) (  0.00000000    ,  0.00000000    )
   0.00000000       0.00000000      -1.00000000     (  2.75671482E-02, -7.20843673E-03) (  2.87592411E-02,  3.37511301E-02) (  0.00000000    ,  0.00000000    )
   0.00000000       1.00000000      -2.00000000     (  2.70083547E-04, -4.05125320E-04) ( -1.35041773E-04, -7.72997737E-04) ( -6.75208867E-05, -3.86498868E-04)
   0.00000000       1.00000000      -1.00000000     (  8.28877091E-03,  2.89082527E-02) ( -7.42729753E-04, -2.46334821E-03) ( -7.42729753E-04, -2.46334821E-03)
   0.00000000       2.00000000      -1.00000000     (  2.86847353E-03,  4.47034836E-04) (  5.68106771E-04,  3.86498868E-04) (  1.13621354E-03,  7.72997737E-04)
   0.00000000      -2.00000000      -1.00000000     ( -7.63684511E-04,  8.47503543E-04) (  6.42612576E-04,  1.35041773E-04) ( -1.28522515E-03, -2.70083547E-04)
   0.00000000      -1.00000000      -2.00000000     (  1.69500709E-03,  2.30502337E-04) (  5.30853868E-04,  3.95812094E-04) ( -2.65426934E-04, -1.97906047E-04)
   0.00000000      -1.00000000      -1.00000000     (  8.36327672E-03, -4.58210707E-03) ( -1.73225999E-03,  9.98377800E-03) (  1.73225999E-03, -9.98377800E-03)
   1.00000000       0.00000000      -2.00000000     (  9.49949026E-04, -7.91624188E-04) (  9.59262252E-04, -9.40635800E-04) (  4.74974513E-04, -3.95812094E-04)
   1.00000000       0.00000000      -1.00000000     (  9.25734639E-03, -3.33413482E-03) ( -8.94069672E-03, -3.30619514E-03) (  9.25734639E-03, -3.33413482E-03)
   1.00000000       1.00000000      -2.00000000     (  1.06170774E-03, -1.93249434E-04) ( -4.07453626E-05,  1.19209290E-03) (  5.12227416E-04,  5.02914190E-04)
   1.00000000       1.00000000      -1.00000000     (  6.61239028E-04, -9.74978320E-06) ( -1.26659870E-03, -6.89178705E-04) ( -6.05359674E-04, -6.98491931E-04)
   1.00000000       2.00000000      -1.00000000     ( -8.73114914E-05, -6.05359674E-04) (  3.49245965E-04, -1.49011612E-04) (  6.14672899E-04, -9.12696123E-04)
   1.00000000      -2.00000000      -1.00000000     ( -9.87201929E-04, -2.84053385E-04) ( -7.17118382E-04, -7.72997737E-04) (  4.51691449E-04,  1.26659870E-03)
   1.00000000      -1.00000000      -2.00000000     ( -3.30619514E-04,  9.40635800E-04) (  6.98491931E-05,  6.86850399E-05) ( -2.00234354E-04,  4.33064997E-04)
   1.00000000      -1.00000000      -1.00000000     (  5.68106771E-04, -8.56816769E-04) (  1.30385160E-03, -2.74740160E-04) ( -7.45058060E-04, -5.86733222E-04)
   2.00000000       0.00000000      -1.00000000     (  5.58793545E-04,  1.69966370E-04) (  1.00117177E-04, -1.44354999E-04) (  1.11758709E-03,  3.39932740E-04)
   2.00000000       1.00000000      -1.00000000     (  5.96046448E-04,  2.65426934E-04) ( -9.96515155E-04,  5.21540642E-04) (  2.04890966E-04,  1.04308128E-03)
   2.00000000      -1.00000000      -1.00000000     (  6.63567334E-05, -2.79396772E-04) ( -6.05359674E-04,  7.26431608E-04) (  7.35744834E-04, -1.28522515E-03)
