   0.00000000       0.00000000       1.00000000     (  1.64285302E-02, -3.45520675E-03) (  3.79979610E-02, -1.80676579E-02) (  0.00000000    ,  0.00000000    )
   0.00000000       0.00000000       2.00000000     (  7.07805157E-04, -9.31322575E-04) ( -8.75443220E-04,  1.16415322E-04) (  0.00000000    ,  0.00000000    )
   0.00000000       1.00000000       0.00000000     ( -8.62404704E-03, -2.97091901E-03) (  0.00000000    ,  0.00000000    ) (  9.22009349E-03,  1.29267573E-02)
   0.00000000       1.00000000       1.00000000     (  8.64267349E-03,  1.05053186E-02) ( -1.48080289E-03, -2.21189111E-03) (  1.48080289E-03,  2.21189111E-03)
   0.00000000       1.00000000       2.00000000     ( -2.14204192E-04, -4.00468707E-04) ( -3.25962901E-04,  1.46683306E-04) (  1.62981451E-04, -7.33416528E-05)
   0.00000000       2.00000000       0.00000000     (  2.18860805E-04,  9.68575478E-04) (  0.00000000    ,  0.00000000    ) ( -1.26659870E-03,  4.84287739E-04)
   0.00000000       2.00000000       1.00000000     (  1.04308128E-03, -3.25962901E-04) ( -3.16649675E-04, -2.67755240E-05) (  6.33299351E-04,  5.35510480E-05)
   0.00000000      -2.00000000       0.00000000     (  2.18860805E-04, -9.68575478E-04) (  0.00000000    ,  0.00000000    ) ( -1.26659870E-03, -4.84287739E-04)
   0.00000000      -2.00000000       1.00000000     ( -3.63215804E-04, -1.67638063E-04) ( -2.61934474E-06, -3.91155481E-04) ( -5.23868948E-06, -7.82310963E-04)
   0.00000000      -1.00000000       0.00000000     ( -8.62404704E-03,  2.97091901E-03) (  0.00000000    ,  0.00000000    ) (  9.22009349E-03, -1.29267573E-02)
   0.00000000      -1.00000000       1.00000000     ( -3.95812094E-03, -3.03983688E-02) ( -7.28294253E-03,  2.15135515E-03) ( -7.28294253E-03,  2.15135515E-03)
   0.00000000      -1.00000000       2.00000000     (  5.86733222E-04, -2.27009878E-05) ( -4.65661287E-05, -3.35276127E-04) ( -2.32830644E-05, -1.67638063E-04)
   1.00000000       0.00000000       0.00000000     (  0.00000000    ,  0.00000000    ) ( -2.25752592E-02,  1.97067857E-02) (  2.24262476E-02,  8.27014446E-03)
   1.00000000       0.00000000       1.00000000     ( -3.38070095E-03, -2.95694917E-04) ( -2.24262476E-02, -1.21071935E-02) (  3.38070095E-03,  2.95694917E-04)
   1.00000000       0.00000000       2.00000000     ( -6.89178705E-04,  1.30385160E-04) (  4.47034836E-04,  4.56348062E-04) (  3.44589353E-04, -6.51925802E-05)
   1.00000000       1.00000000       0.00000000     (  1.11176632E-04,  2.74740160E-03) ( -1.11176632E-04, -2.74740160E-03) ( -9.05245543E-03,  1.17346644E-02)
   1.00000000       1.00000000       1.00000000     (  3.07336450E-04,  2.73576006E-05) ( -1.17346644E-03, -6.75208867E-05) (  8.75443220E-04,  3.95812094E-05)
   1.00000000       1.00000000       2.00000000     ( -1.34110451E-03,  9.08039510E-05) (  2.28174031E-04,  6.14672899E-04) (  5.49480319E-04, -3.53902578E-04)
   1.00000000       2.00000000       0.00000000     (  5.96046448E-04, -2.00234354E-04) ( -2.98023224E-04,  1.00117177E-04) ( -3.07336450E-04,  6.89178705E-04)
   1.00000000       2.00000000       1.00000000     (  9.54605639E-05,  2.65426934E-04) ( -3.63215804E-04,  1.09430403E-04) (  6.33299351E-04, -4.84287739E-04)
   1.00000000      -2.00000000       0.00000000     ( -5.77419996E-04,  2.61934474E-05) ( -2.88709998E-04,  1.30967237E-05) ( -5.30853868E-04, -8.19563866E-04)
   1.00000000      -2.00000000       1.00000000     ( -5.96046448E-04, -3.53902578E-04) ( -1.49011612E-04, -2.56113708E-04) (  2.93366611E-04, -1.58324838E-04)
   1.00000000      -1.00000000       0.00000000     ( -2.78232619E-04, -6.68689609E-03) ( -2.78232619E-04, -6.68689609E-03) ( -1.00955367E-02,  3.03238630E-02)
   1.00000000      -1.00000000       1.00000000     (  1.34110451E-03,  4.74974513E-04) ( -1.39698386E-04, -1.22934580E-03) ( -1.45286322E-03, -1.71363354E-03)
   1.00000000      -1.00000000       2.00000000     ( -8.19563866E-04,  5.30853868E-04) ( -5.96046448E-04,  5.58793545E-04) (  1.07102096E-04,  1.28056854E-05)
   2.00000000       0.00000000       0.00000000     (  0.00000000    ,  0.00000000    ) (  5.12227416E-04,  1.26659870E-03) ( -3.25962901E-04,  5.96046448E-04)
   2.00000000       0.00000000       1.00000000     (  2.32830644E-05, -1.67638063E-04) (  3.53902578E-04,  6.33299351E-04) ( -4.65661287E-05,  3.35276127E-04)
   2.00000000       1.00000000       0.00000000     (  2.70083547E-04,  4.00468707E-04) ( -5.40167093E-04, -8.00937414E-04) ( -5.58793545E-04,  1.04308128E-03)
   2.00000000       1.00000000       1.00000000     (  2.60770321E-04, -1.92085281E-05) ( -5.02914190E-04, -2.56113708E-04) ( -1.97906047E-05,  2.93366611E-04)
   2.00000000      -1.00000000       0.00000000     ( -1.81607902E-04,  8.14907253E-05) ( -3.63215804E-04,  1.62981451E-04) ( -4.84287739E-04, -1.28056854E-04)
   2.00000000      -1.00000000       1.00000000     ( -2.70083547E-04, -1.86264515E-04) ( -8.56816769E-04, -2.79396772E-04) ( -3.16649675E-04,  9.54605639E-05)
