   0.00000000       0.00000000      -2.00000000     (  3.31550837E-03,  5.86733222E-04) ( -4.13507223E-03,  2.25380063E-03) (  0.00000000    ,  0.00000000    )
   0.00000000       0.00000000      -1.00000000     (  3.45520675E-03,  1.15856528E-02) (  2.89827585E-02,  5.30853868E-04) (  0.00000000    ,  0.00000000    )
   0.00000000       1.00000000      -2.00000000     (  1.35041773E-04,  1.41561031E-03) (  1.39698386E-03, -2.86381692E-04) (  6.98491931E-04, -1.43190846E-04)
   0.00000000       1.00000000      -1.00000000     ( -6.76140189E-03,  1.58697367E-02) ( -7.63684511E-03, -4.88013029E-03) ( -7.63684511E-03, -4.88013029E-03)
   0.00000000       2.00000000      -1.00000000     ( -1.02445483E-03, -1.25728548E-03) ( -8.19563866E-04,  3.65544111E-04) ( -1.63912773E-03,  7.31088221E-04)
   0.00000000      -2.00000000      -1.00000000     ( -2.11875886E-04,  2.10478902E-03) ( -1.93249434E-04, -4.93600965E-04) (  3.86498868E-04,  9.87201929E-04)
   0.00000000      -1.00000000      -2.00000000     (  2.14204192E-03,  2.32830644E-03) ( -3.65544111E-04, -1.22934580E-03) (  1.82772055E-04,  6.14672899E-04)
   0.00000000      -1.00000000      -1.00000000     (  1.34110451E-03, -1.08033419E-03) (  3.98606062E-03,  1.20606273E-03) ( -3.98606062E-03, -1.20606273E-03)
   1.00000000       0.00000000      -2.00000000     ( -1.00582838E-03, -4.23751771E-04) (  1.20140612E-03,  3.31550837E-03) ( -5.02914190E-04, -2.11875886E-04)
   1.00000000       0.00000000      -1.00000000     (  1.02445483E-02, -5.56930900E-03) ( -5.36441803E-03,  2.57045031E-02) (  1.02445483E-02, -5.56930900E-03)
   1.00000000       1.00000000      -2.00000000     (  1.19209290E-03,  1.42492354E-03) ( -2.84984708E-03,  1.40862539E-04) ( -8.28877091E-04,  7.82310963E-04)
   1.00000000       1.00000000      -1.00000000     ( -9.68575478E-04,  4.91738319E-03) ( -1.43423676E-03, -3.05473804E-03) ( -2.40281224E-03,  1.84401870E-03)
   1.00000000       2.00000000      -1.00000000     (  1.15483999E-03, -2.86381692E-04) ( -8.84756446E-04, -2.88709998E-04) ( -6.10016286E-04, -8.66129994E-04)
   1.00000000      -2.00000000      -1.00000000     ( -2.77068466E-04, -8.75443220E-04) ( -6.03904482E-06, -2.98023224E-04) ( -2.65426934E-04, -2.79396772E-04)
   1.00000000      -1.00000000      -2.00000000     ( -2.14204192E-04, -1.60187483E-03) ( -7.40401447E-04,  1.60187483E-03) (  2.63098627E-04, -1.60187483E-03)
   1.00000000      -1.00000000      -1.00000000     ( -5.35510480E-05,  4.09781933E-04) ( -3.72529030E-04, -7.72997737E-04) (  3.18977982E-04,  1.18277967E-03)
   2.00000000       0.00000000      -1.00000000     ( -9.77888703E-04,  1.51339918E-04) (  8.03265721E-05, -1.25728548E-03) ( -1.95577741E-03,  3.02679837E-04)
   2.00000000       1.00000000      -1.00000000     (  1.52795110E-06, -3.60887498E-04) ( -1.60187483E-03,  6.86850399E-05) ( -1.60187483E-03, -6.56582415E-04)
   2.00000000      -1.00000000      -1.00000000     (  8.28877091E-04, -8.44011083E-05) (  5.49480319E-04,  1.03376806E-03) (  1.11758709E-03, -1.20140612E-03)
