   0.00000000       0.00000000      -2.00000000     (  6.64964318E-03,  3.94880772E-03) (  1.82539225E-03, -1.47148967E-03) (  0.00000000    ,  0.00000000    )
   0.00000000       0.00000000      -1.00000000     (  2.31713057E-02, -1.17346644E-02) (  1.13504939E-04,  2.30222940E-02) (  0.00000000    ,  0.00000000    )
   0.00000000       1.00000000      -2.00000000     ( -3.81842256E-03,  1.07393134E-04) (  4.85451892E-04, -3.61353159E-03) (  2.42725946E-04, -1.80676579E-03)
   0.00000000       1.00000000      -1.00000000     (  1.02445483E-02,  1.28895044E-02) ( -2.50525773E-03,  2.61701643E-03) ( -2.50525773E-03,  2.61701643E-03)
   0.00000000       2.00000000      -1.00000000     ( -9.16421413E-03,  2.97091901E-03) ( -1.74622983E-03, -9.89530236E-04) ( -3.49245965E-03, -1.97906047E-03)
   0.00000000      -2.00000000      -1.00000000     (  5.86733222E-03, -1.11293048E-03) ( -1.27125531E-03,  2.44006515E-03) (  2.54251063E-03, -4.88013029E-03)
   0.00000000      -1.00000000      -2.00000000     ( -7.24568963E-03,  9.35979187E-04) ( -6.96629286E-03, -5.21540642E-04) (  3.48314643E-03,  2.60770321E-04)
   0.00000000      -1.00000000      -1.00000000     (  3.25031579E-03,  3.57627869E-03) (  6.87316060E-03,  7.17118382E-03) ( -6.87316060E-03, -7.17118382E-03)
   1.00000000       0.00000000      -2.00000000     (  2.88709998E-03,  4.74974513E-03) ( -3.25031579E-03,  7.80448318E-03) (  1.44354999E-03,  2.37487257E-03)
   1.00000000       0.00000000      -1.00000000     (  3.68803740E-03,  3.84170562E-04) (  8.71717930E-03, -9.91858542E-04) (  3.68803740E-03,  3.84170562E-04)
   1.00000000       1.00000000      -2.00000000     ( -4.02331352E-03, -3.55765224E-03) (  4.60073352E-03, -7.78585672E-03) (  2.91038305E-04, -5.66244125E-03)
   1.00000000       1.00000000      -1.00000000     ( -7.58096576E-03, -4.63798642E-03) (  5.12227416E-03, -2.15950422E-04) ( -2.44937837E-03, -4.86150384E-03)
   1.00000000       2.00000000      -1.00000000     ( -5.86733222E-03, -2.57045031E-03) (  8.45175236E-04,  1.27591193E-03) ( -4.17232513E-03, -2.52475729E-05)
   1.00000000      -2.00000000      -1.00000000     (  5.68106771E-04, -3.73460352E-03) (  9.45874490E-05, -3.32482159E-03) (  3.78349796E-04,  2.90572643E-03)
   1.00000000      -1.00000000      -2.00000000     (  1.29453838E-03,  1.31316483E-03) (  1.60653144E-04,  6.93835318E-04) (  5.68106771E-04,  3.09664756E-04)
   1.00000000      -1.00000000      -1.00000000     ( -4.84287739E-03,  1.09896064E-03) ( -6.89178705E-03,  9.22009349E-04) (  2.05822289E-03,  1.74622983E-04)
   2.00000000       0.00000000      -1.00000000     ( -1.88127160E-03,  1.79745257E-03) ( -7.17118382E-03,  4.14438546E-03) ( -3.76254320E-03,  3.59490514E-03)
   2.00000000       1.00000000      -1.00000000     (  9.22009349E-04,  1.67638063E-03) (  2.12807208E-03, -5.23403287E-03) (  3.96743417E-03, -1.87661499E-03)
   2.00000000      -1.00000000      -1.00000000     (  2.64262781E-04, -1.72760338E-03) (  2.19792128E-03, -5.54136932E-04) ( -1.66706741E-03, -2.89641321E-03)
