   0.00000000       0.00000000       1.00000000     (  1.63167715E-02, -3.60421836E-03) (  3.81469727E-02, -1.79186463E-02) (  0.00000000    ,  0.00000000    )
   0.00000000       0.00000000       2.00000000     (  6.51925802E-04, -8.38190317E-04) ( -8.00937414E-04,  1.07102096E-04) (  0.00000000    ,  0.00000000    )
   0.00000000       1.00000000       0.00000000     ( -8.43778253E-03, -3.01748514E-03) (  0.00000000    ,  0.00000000    ) (  9.33185220E-03,  1.28149986E-02)
   0.00000000       1.00000000       1.00000000     (  8.66129994E-03,  1.04680657E-02) ( -1.42026693E-03, -2.17463821E-03) (  1.42026693E-03,  2.17463821E-03)
   0.00000000       1.00000000       2.00000000     ( -1.81607902E-04, -3.63215804E-04) ( -2.98023224E-04,  1.35041773E-04) (  1.49011612E-04, -6.75208867E-05)
   0.00000000       2.00000000       0.00000000     (  2.00234354E-04,  8.56816769E-04) (  0.00000000    ,  0.00000000    ) ( -1.11758709E-03,  4.19095159E-04)
   0.00000000       2.00000000       1.00000000     (  9.49949026E-04, -2.88709998E-04) ( -2.88709998E-04, -3.02679837E-05) (  5.77419996E-04,  6.05359674E-05)
   0.00000000      -2.00000000       0.00000000     (  2.00234354E-04, -8.56816769E-04) (  0.00000000    ,  0.00000000    ) ( -1.11758709E-03, -4.19095159E-04)
   0.00000000      -2.00000000       1.00000000     ( -3.16649675E-04, -1.53668225E-04) ( -9.89530236E-06, -3.53902578E-04) ( -1.97906047E-05, -7.07805157E-04)
   0.00000000      -1.00000000       0.00000000     ( -8.43778253E-03,  3.01748514E-03) (  0.00000000    ,  0.00000000    ) (  9.33185220E-03, -1.28149986E-02)
   0.00000000      -1.00000000       1.00000000     ( -4.03262675E-03, -3.03238630E-02) ( -7.33882189E-03,  2.15135515E-03) ( -7.33882189E-03,  2.15135515E-03)
   0.00000000      -1.00000000       2.00000000     (  5.30853868E-04, -2.15368345E-05) ( -3.14321369E-05, -3.07336450E-04) ( -1.57160684E-05, -1.53668225E-04)
   1.00000000       0.00000000       0.00000000     (  0.00000000    ,  0.00000000    ) ( -2.27242708E-02,  1.98185444E-02) (  2.22772360E-02,  8.08387995E-03)
   1.00000000       0.00000000       1.00000000     ( -3.42726707E-03, -2.40397640E-04) ( -2.22772360E-02, -1.22562051E-02) (  3.42726707E-03,  2.40397640E-04)
   1.00000000       0.00000000       2.00000000     ( -6.14672899E-04,  1.02445483E-04) (  4.09781933E-04,  4.09781933E-04) (  3.07336450E-04, -5.12227416E-05)
   1.00000000       1.00000000       0.00000000     (  1.28347892E-04,  2.80328095E-03) ( -1.28347892E-04, -2.80328095E-03) ( -8.95932317E-03,  1.17346644E-02)
   1.00000000       1.00000000       1.00000000     (  2.70083547E-04,  3.72529030E-05) ( -1.06170774E-03, -6.17001206E-05) (  8.00937414E-04,  2.44472176E-05)
   1.00000000       1.00000000       2.00000000     ( -1.22934580E-03,  8.84756446E-05) (  2.14204192E-04,  5.58793545E-04) (  5.02914190E-04, -3.25962901E-04)
   1.00000000       2.00000000       0.00000000     (  5.40167093E-04, -1.81607902E-04) ( -2.70083547E-04,  9.08039510E-05) ( -2.88709998E-04,  6.14672899E-04)
   1.00000000       2.00000000       1.00000000     (  7.21774995E-05,  2.32830644E-04) ( -3.25962901E-04,  1.02445483E-04) (  5.96046448E-04, -4.37721610E-04)
   1.00000000      -2.00000000       0.00000000     ( -5.12227416E-04,  3.02679837E-05) ( -2.56113708E-04,  1.51339918E-05) ( -4.84287739E-04, -7.45058060E-04)
   1.00000000      -2.00000000       1.00000000     ( -5.40167093E-04, -3.35276127E-04) ( -1.35041773E-04, -2.37487257E-04) (  2.70083547E-04, -1.49011612E-04)
   1.00000000      -1.00000000       0.00000000     ( -2.60188244E-04, -6.61239028E-03) ( -2.60188244E-04, -6.61239028E-03) ( -1.00210309E-02,  3.04728746E-02)
   1.00000000      -1.00000000       1.00000000     (  1.22934580E-03,  4.37721610E-04) ( -1.23400241E-04, -1.11758709E-03) ( -1.34110451E-03, -1.52736902E-03)
   1.00000000      -1.00000000       2.00000000     ( -7.26431608E-04,  4.65661287E-04) ( -5.58793545E-04,  5.02914190E-04) (  9.31322575E-05,  1.86264515E-05)
   2.00000000       0.00000000       0.00000000     (  0.00000000    ,  0.00000000    ) (  4.56348062E-04,  1.15483999E-03) ( -2.98023224E-04,  5.30853868E-04)
   2.00000000       0.00000000       1.00000000     (  1.60071068E-05, -1.44354999E-04) (  3.16649675E-04,  5.77419996E-04) ( -3.20142135E-05,  2.88709998E-04)
   2.00000000       1.00000000       0.00000000     (  2.46800482E-04,  3.53902578E-04) ( -4.93600965E-04, -7.07805157E-04) ( -4.93600965E-04,  9.31322575E-04)
   2.00000000       1.00000000       1.00000000     (  2.32830644E-04, -2.50292942E-05) ( -4.65661287E-04, -2.09547579E-04) ( -1.74622983E-06,  2.60770321E-04)
   2.00000000      -1.00000000       0.00000000     ( -1.62981451E-04,  6.98491931E-05) ( -3.25962901E-04,  1.39698386E-04) ( -4.37721610E-04, -1.18743628E-04)
   2.00000000      -1.00000000       1.00000000     ( -2.42143869E-04, -1.76951289E-04) ( -7.63684511E-04, -2.56113708E-04) ( -2.79396772E-04,  9.77888703E-05)
