   0.00000000       0.00000000      -2.00000000     (  8.56816769E-04,  2.32830644E-04) ( -8.00937414E-04,  2.04890966E-04) (  0.00000000    ,  0.00000000    )
   0.00000000       0.00000000      -1.00000000     (  9.38773155E-03,  1.19954348E-02) (  3.97861004E-02,  7.58096576E-03) (  0.00000000    ,  0.00000000    )
   0.00000000       1.00000000      -2.00000000     (  2.70083547E-04,  2.32830644E-04) (  3.16649675E-04,  5.12227416E-05) (  1.58324838E-04,  2.56113708E-05)
   0.00000000       1.00000000      -1.00000000     ( -6.94766641E-03,  2.44379044E-02) ( -9.66712832E-03, -3.93949449E-03) ( -9.66712832E-03, -3.93949449E-03)
   0.00000000       2.00000000      -1.00000000     ( -3.16649675E-04, -1.76951289E-04) ( -2.79396772E-04,  2.79396772E-04) ( -5.58793545E-04,  5.58793545E-04)
   0.00000000      -2.00000000      -1.00000000     (  4.00468707E-04,  2.23517418E-04) ( -5.12227416E-05,  9.08039510E-05) (  1.02445483E-04, -1.81607902E-04)
   0.00000000      -1.00000000      -2.00000000     (  3.44589353E-04,  4.09781933E-04) ( -1.53668225E-04, -1.81607902E-04) (  7.68341124E-05,  9.08039510E-05)
   0.00000000      -1.00000000      -1.00000000     (  6.78002834E-03, -5.02914190E-03) (  2.76602805E-03,  1.18976459E-03) ( -2.76602805E-03, -1.18976459E-03)
   1.00000000       0.00000000      -2.00000000     ( -3.35276127E-04, -1.39698386E-04) (  3.35276127E-04,  8.56816769E-04) ( -1.67638063E-04, -6.98491931E-05)
   1.00000000       0.00000000      -1.00000000     (  1.17719173E-02, -5.81145287E-03) ( -7.48783350E-03,  2.16066837E-02) (  1.17719173E-02, -5.81145287E-03)
   1.00000000       1.00000000      -2.00000000     (  1.67638063E-04,  3.25962901E-04) ( -3.35276127E-04, -2.60770321E-04) ( -8.38190317E-05,  3.02679837E-05)
   1.00000000       1.00000000      -1.00000000     ( -7.07805157E-04,  1.34110451E-03) ( -1.35041773E-04, -7.45058060E-04) ( -8.56816769E-04,  5.96046448E-04)
   1.00000000       2.00000000      -1.00000000     (  3.60887498E-05, -1.49011612E-04) ( -1.39698386E-04,  9.31322575E-06) ( -2.51457095E-04, -1.30385160E-04)
   1.00000000      -2.00000000      -1.00000000     ( -4.42378223E-05, -2.14204192E-04) (  1.30385160E-04, -9.54605639E-05) ( -3.07336450E-04, -2.15368345E-05)
   1.00000000      -1.00000000      -2.00000000     (  1.25728548E-04, -3.35276127E-04) ( -1.72294676E-04,  4.54019755E-05) (  1.49011612E-04, -1.90921128E-04)
   1.00000000      -1.00000000      -1.00000000     ( -1.68802217E-05,  2.04890966E-04) ( -1.81607902E-04,  1.39698386E-04) (  1.62981451E-04,  6.28642738E-05)
   2.00000000       0.00000000      -1.00000000     ( -2.79396772E-04,  1.80443749E-05) (  1.95577741E-04, -4.84287739E-04) ( -5.58793545E-04,  3.60887498E-05)
   2.00000000       1.00000000      -1.00000000     (  6.05359674E-05, -1.07102096E-04) ( -3.44589353E-04,  4.00468707E-04) ( -2.23517418E-04,  1.90921128E-04)
   2.00000000      -1.00000000      -1.00000000     (  2.51457095E-04,  4.30736691E-05) (  1.39698386E-04,  2.14204192E-04) (  3.63215804E-04, -1.30385160E-04)
