   0.00000000       0.00000000      -2.00000000     (  8.45640898E-03,  2.58907676E-03) ( -1.24424696E-02,  6.16535544E-03) (  0.00000000    ,  0.00000000    )
   0.00000000       0.00000000      -1.00000000     (  1.32713467E-04,  1.09523535E-02) (  2.16066837E-02, -4.43309546E-03) (  0.00000000    ,  0.00000000    )
   0.00000000       1.00000000      -2.00000000     ( -1.95577741E-03,  3.18512321E-03) (  1.08964741E-03, -2.93366611E-03) (  5.44823706E-04, -1.46683306E-03)
   0.00000000       1.00000000      -1.00000000     ( -7.63684511E-03,  1.13993883E-02) ( -5.64381480E-03, -5.81145287E-03) ( -5.64381480E-03, -5.81145287E-03)
   0.00000000       2.00000000      -1.00000000     (  1.82539225E-03, -7.28759915E-04) ( -7.07805157E-04, -2.24681571E-04) ( -1.41561031E-03, -4.49363142E-04)
   0.00000000      -2.00000000      -1.00000000     ( -6.72880560E-04,  4.09781933E-03) ( -1.70432031E-03, -1.44354999E-03) (  3.40864062E-03,  2.88709998E-03)
   0.00000000      -1.00000000      -2.00000000     (  6.03497028E-03,  4.88013029E-03) ( -3.19443643E-03, -2.33761966E-03) (  1.59721822E-03,  1.16880983E-03)
   0.00000000      -1.00000000      -1.00000000     ( -4.32133675E-03,  1.98371708E-03) (  4.06056643E-03,  1.26194209E-03) ( -4.06056643E-03, -1.26194209E-03)
   1.00000000       0.00000000      -2.00000000     ( -1.97440386E-03, -1.35973096E-03) (  3.17813829E-04,  6.63101673E-03) ( -9.87201929E-04, -6.79865479E-04)
   1.00000000       0.00000000      -1.00000000     (  9.64850187E-03, -5.66244125E-03) ( -3.89292836E-03,  2.83122063E-02) (  9.64850187E-03, -5.66244125E-03)
   1.00000000       1.00000000      -2.00000000     (  1.88127160E-03,  2.82190740E-03) ( -5.42029738E-03, -4.88944352E-04) ( -1.76951289E-03,  1.16415322E-03)
   1.00000000       1.00000000      -1.00000000     (  2.43075192E-03,  7.67409801E-03) ( -1.52736902E-03, -5.17815351E-03) (  9.08039510E-04,  2.48663127E-03)
   1.00000000       2.00000000      -1.00000000     (  2.73808837E-03,  1.18277967E-03) ( -2.88709998E-04,  4.33647074E-05) (  2.16066837E-03,  1.27125531E-03)
   1.00000000      -2.00000000      -1.00000000     (  6.21657819E-04,  1.79745257E-03) ( -1.61526259E-05,  3.18977982E-04) (  6.54254109E-04,  1.16415322E-03)
   1.00000000      -1.00000000      -2.00000000     ( -1.31316483E-03, -5.45755029E-03) ( -1.00117177E-03,  3.93018126E-03) ( -1.55996531E-04, -4.69386578E-03)
   1.00000000      -1.00000000      -1.00000000     ( -2.02096999E-03,  4.98257577E-04) ( -2.18860805E-03, -4.67523932E-03) (  1.70548446E-04,  5.15952706E-03)
   2.00000000       0.00000000      -1.00000000     ( -1.78813934E-03, -1.35623850E-04) ( -3.83704901E-03, -3.06172296E-04) ( -3.57627869E-03, -2.71247700E-04)
   2.00000000       1.00000000      -1.00000000     (  1.55530870E-03,  1.22934580E-03) ( -4.07919288E-03, -2.95229256E-03) ( -9.59262252E-04, -4.93600965E-04)
   2.00000000      -1.00000000      -1.00000000     (  7.61356205E-04, -8.28877091E-04) (  1.73225999E-03,  7.00820237E-04) ( -2.11875886E-04, -2.36555934E-03)
