    0.000000        0.000000        1.000000      (2.3245811E-02,1.2256205E-02)
   (-2.9522926E-03,-2.1159649E-02)  (0.000000,0.000000)
    0.000000        0.000000        2.000000      
 (7.8976154E-03,-3.0919909E-03)  (4.1071326E-03,2.1560118E-03)  
 (0.000000,0.000000)
    0.000000        1.000000        0.000000      
 (-9.1269612E-04,1.1958182E-02)  (0.000000,0.000000)  
 (2.6077032E-03,-3.4552068E-03)
    0.000000        1.000000        1.000000      
 (3.7159771E-03,-1.9557774E-03)  (7.3947012E-03,-6.5006316E-03)  
 (-7.3947012E-03,6.5006316E-03)
    0.000000        1.000000        2.000000      
 (-7.9907477E-03,-1.7043203E-03)  (-8.2328916E-03,3.2072421E-04)  
 (4.1164458E-03,-1.6036211E-04)
    0.000000        2.000000        0.000000      
 (7.8434823E-05,-5.6810677E-03)  (0.000000,0.000000)  
 (-3.4831464E-03,1.2991950E-03)
    0.000000        2.000000        1.000000      
 (9.1083348E-03,-1.5879050E-03)  (-5.4133125E-04,-2.5378540E-03)  
 (1.0826625E-03,5.0757080E-03)
    0.000000       -2.000000        0.000000      (7.8434823E-05,5.6810677E-03)
   (0.000000,0.000000)  (-3.4831464E-03,-1.2991950E-03)
    0.000000       -2.000000        1.000000      
 (-1.1064112E-02,-6.8917871E-03)  (-3.1013042E-03,9.1735274E-04)  
 (-6.2026083E-03,1.8347055E-03)
    0.000000       -1.000000        0.000000      
 (-9.1269612E-04,-1.1958182E-02)  (0.000000,0.000000)  
 (2.6077032E-03,3.4552068E-03)
    0.000000       -1.000000        1.000000      
 (8.3446503E-03,-1.1101365E-02)  (-2.8498471E-03,-3.2782555E-03)  
 (-2.8498471E-03,-3.2782555E-03)
    0.000000       -1.000000        2.000000      
 (-7.9907477E-03,2.1280721E-03)  (-2.0139851E-04,4.9918890E-03)  
 (-1.0069925E-04,2.4959445E-03)
    1.000000        0.000000        0.000000      (0.000000,0.000000)  
 (-2.3394823E-02,5.0291419E-03)  (2.2426248E-02,1.9297004E-02)
    1.000000        0.000000        1.000000      
 (4.6682544E-04,-4.6007335E-03)  (-2.4214387E-02,1.6167760E-02)  
 (-4.6682544E-04,4.6007335E-03)
    1.000000        0.000000        2.000000      (1.1804514E-03,1.6624108E-03)
   (5.1315874E-03,8.1770122E-03)  (-5.9022568E-04,-8.3120540E-04)
    1.000000        1.000000        0.000000      
 (5.0477684E-03,-3.3411197E-04)  (-5.0477684E-03,3.3411197E-04)  
 (-5.6065619E-03,2.2910535E-03)
    1.000000        1.000000        1.000000      
 (-2.6170164E-03,2.2398308E-03)  (1.4854595E-03,-1.3085082E-03)  
 (1.1315569E-03,-9.2899427E-04)
    1.000000        1.000000        2.000000      
 (-2.8219074E-03,-2.0070001E-03)  (-3.3620745E-03,-5.2154064E-03)  
 (3.0919909E-03,3.6135316E-03)
    1.000000        2.000000        0.000000      
 (-1.0756776E-03,4.7311187E-03)  (5.3783879E-04,-2.3655593E-03)  
 (1.1059456E-03,1.0542572E-02)
    1.000000        2.000000        1.000000      (6.2026083E-03,3.7439167E-03)
   (-1.5599653E-03,-1.7974526E-03)  (-3.0826777E-03,-1.4464604E-04)
    1.000000       -2.000000        0.000000      
 (-1.1222437E-03,2.2863969E-03)  (-5.6112185E-04,1.1431985E-03)  
 (-5.1129609E-03,-4.4819899E-04)
    1.000000       -2.000000        1.000000      
 (-1.6903505E-03,1.1152588E-03)  (-1.0337681E-03,1.8766150E-03)  
 (-3.7834980E-04,2.6449561E-03)
    1.000000       -1.000000        0.000000      
 (-4.5076013E-03,-1.6530976E-03)  (-4.5076013E-03,-1.6530976E-03)  
 (-4.5821071E-03,4.1723251E-03)
    1.000000       -1.000000        1.000000      (1.1622906E-02,7.6554716E-03)
   (3.9208680E-03,7.3760748E-03)  (-7.7113509E-03,-2.6950147E-04)
    1.000000       -1.000000        2.000000      (2.0116568E-03,5.0384551E-03)
   (2.3422763E-03,-5.3085387E-04)  (1.6414560E-04,-2.7846545E-03)
    2.000000        0.000000        0.000000      (0.000000,0.000000)  
 (1.3411045E-02,-7.3015690E-03)  (-2.3888424E-03,4.7869980E-03)
    2.000000        0.000000        1.000000      
 (-4.9546361E-03,1.5459955E-03)  (5.0757080E-03,1.2516975E-02)  
 (9.9092722E-03,-3.0919909E-03)
    2.000000        1.000000        0.000000      
 (-1.7043203E-03,-3.4924597E-04)  (3.4086406E-03,6.9849193E-04)  
 (-3.2503158E-03,-3.6880374E-03)
    2.000000        1.000000        1.000000      (3.0640513E-03,5.4575503E-03)
   (-6.0349703E-03,-1.0766089E-02)  (-9.6915755E-05,-1.6123522E-04)
    2.000000       -1.000000        0.000000      
 (4.9709342E-04,-1.9511208E-03)  (9.9418685E-04,-3.9022416E-03)  
 (1.4156103E-03,3.3155084E-03)
    2.000000       -1.000000        1.000000      
 (-5.1688403E-03,6.0768798E-04)  (-5.5320561E-03,-4.6566129E-04)  
 (4.7963113E-03,-1.6810372E-03)
