    0.000000        0.000000       -2.000000      (5.0477684E-03,1.1571683E-03)
   (5.4761767E-03,-4.5914203E-03)  (0.000000,0.000000)
    0.000000        0.000000       -1.000000      
 (2.0861626E-02,-1.1511147E-02)  (-1.0952353E-02,1.6093254E-02)  
 (0.000000,0.000000)
    0.000000        1.000000       -2.000000      
 (-1.2218952E-02,-7.7416189E-05)  (-3.0267984E-03,1.7695129E-03)  
 (-1.5133992E-03,8.8475645E-04)
    0.000000        1.000000       -1.000000      (7.2643161E-03,4.5634806E-03)
   (-1.3597310E-03,5.0850213E-03)  (-1.3597310E-03,5.0850213E-03)
    0.000000        2.000000       -1.000000      
 (-1.0654330E-02,1.0505319E-02)  (-2.7939677E-03,-5.0873496E-04)  
 (-5.5879354E-03,-1.0174699E-03)
    0.000000       -2.000000       -1.000000      (6.7986548E-03,2.6542693E-03)
   (-7.7299774E-04,1.2386590E-03)  (1.5459955E-03,-2.4773180E-03)
    0.000000       -1.000000       -2.000000      
 (-7.6182187E-03,1.9883737E-03)  (-3.0081719E-03,2.4121255E-03)  
 (1.5040860E-03,-1.2060627E-03)
    0.000000       -1.000000       -1.000000      
 (4.9173832E-03,-5.0477684E-03)  (5.3830445E-03,4.2095780E-03)  
 (-5.3830445E-03,-4.2095780E-03)
    1.000000        0.000000       -2.000000      (7.5995922E-03,2.1001324E-03)
   (-4.7031790E-03,2.6915222E-03)  (3.7997961E-03,1.0500662E-03)
    1.000000        0.000000       -1.000000      
 (3.4831464E-03,-1.1129305E-03)  (6.1094761E-03,-5.6065619E-03)  
 (3.4831464E-03,-1.1129305E-03)
    1.000000        1.000000       -2.000000      
 (-3.5203993E-03,1.2991950E-03)  (-3.5949051E-03,-1.1920929E-02)  
 (-3.5576522E-03,-5.3085387E-03)
    1.000000        1.000000       -1.000000      
 (-7.5250864E-03,1.3876706E-03)  (2.2305176E-03,-1.7788261E-03)  
 (-5.2899122E-03,-3.9115548E-04)
    1.000000        2.000000       -1.000000      
 (-7.0407987E-03,1.3504177E-03)  (7.8696758E-04,2.5518239E-03)  
 (-5.4761767E-03,6.4633787E-03)
    1.000000       -2.000000       -1.000000      
 (1.4808029E-03,-2.1234155E-03)  (-2.2351742E-04,-6.9849193E-04)  
 (1.9278377E-03,-7.2643161E-04)
    1.000000       -1.000000       -2.000000      
 (3.9767474E-03,-8.0093741E-04)  (-4.3120235E-03,1.1408702E-03)  
 (4.1443855E-03,-9.7090378E-04)
    1.000000       -1.000000       -1.000000      
 (-9.2759728E-03,5.0012022E-03)  (-4.6100467E-03,1.9907020E-04)  
 (-4.6659261E-03,4.7963113E-03)
    2.000000        0.000000       -1.000000      (2.7753413E-03,3.0361116E-03)
   (9.7975135E-03,6.6496432E-03)  (5.5506825E-03,6.0722232E-03)
    2.000000        1.000000       -1.000000      
 (-1.4901161E-03,-2.3748726E-03)  (2.7008355E-03,-2.2491440E-03)  
 (-2.7648639E-04,-7.0035458E-03)
    2.000000       -1.000000       -1.000000      
 (-1.2270175E-03,2.5378540E-03)  (5.3987605E-05,5.4202974E-03)  
 (-2.5052577E-03,-3.4575351E-04)
