    0.000000        0.000000       -2.000000      (8.5495412E-03,2.6216730E-03)
   (5.2340329E-03,-2.9336661E-03)  (0.000000,0.000000)
    0.000000        0.000000       -1.000000      
 (2.3096800E-02,-1.2367964E-02)  (-4.5821071E-03,2.0042062E-02)  
 (0.000000,0.000000)
    0.000000        1.000000       -2.000000      
 (-1.0598451E-02,-3.0267984E-03)  (-7.6601282E-04,-5.0850213E-03)  
 (-3.8300641E-04,-2.5425106E-03)
    0.000000        1.000000       -1.000000      (7.4878335E-03,9.9092722E-03)
   (-2.8125942E-03,3.6228448E-03)  (-2.8125942E-03,3.6228448E-03)
    0.000000        2.000000       -1.000000      
 (-1.2554228E-02,9.1642141E-03)  (-3.8836151E-03,-9.9651515E-04)  
 (-7.7672303E-03,-1.9930303E-03)
    0.000000       -2.000000       -1.000000      (1.0877848E-02,2.7474016E-03)
   (-2.3224857E-04,2.5751069E-03)  (4.6449713E-04,-5.1502138E-03)
    0.000000       -1.000000       -2.000000      
 (-8.4936619E-03,2.2025779E-03)  (-8.3819032E-03,-8.1636244E-05)  
 (4.1909516E-03,4.0818122E-05)
    0.000000       -1.000000       -1.000000      (3.9488077E-03,8.6845830E-04)
   (7.3760748E-03,6.0535967E-03)  (-7.3760748E-03,-6.0535967E-03)
    1.000000        0.000000       -2.000000      (6.9104135E-03,4.4237822E-03)
   (-2.3050234E-03,7.9348683E-03)  (3.4552068E-03,2.2118911E-03)
    1.000000        0.000000       -1.000000      
 (4.1536987E-03,-1.4551915E-05)  (9.5367432E-03,-2.2165477E-03)  
 (4.1536987E-03,-1.4551915E-05)
    1.000000        1.000000       -2.000000      
 (-3.2130629E-03,-2.9709190E-03)  (1.6624108E-03,-1.3001263E-02)  
 (-7.7532604E-04,-7.9721212E-03)
    1.000000        1.000000       -1.000000      
 (-8.6240470E-03,-5.1781535E-03)  (3.7252903E-03,-6.4726919E-04)  
 (-4.9080700E-03,-5.8300793E-03)
    1.000000        2.000000       -1.000000      
 (-9.9092722E-03,-3.9115548E-03)  (1.8719584E-03,2.3655593E-03)  
 (-6.1653554E-03,8.1723556E-04)
    1.000000       -2.000000       -1.000000      
 (-7.8463927E-04,-6.3516200E-03)  (-1.5413389E-03,-3.7718564E-03)  
 (2.3003668E-03,1.1851080E-03)
    1.000000       -1.000000       -2.000000      (4.4051558E-03,2.5704503E-03)
   (-3.0361116E-03,2.7939677E-03)  (3.7252903E-03,-1.1234079E-04)
    1.000000       -1.000000       -1.000000      
 (-8.7544322E-03,2.6263297E-03)  (-8.6054206E-03,1.0826625E-03)  
 (-1.6123522E-04,1.5413389E-03)
    2.000000        0.000000       -1.000000      
 (-6.7520887E-04,4.3492764E-03)  (-1.1548400E-03,7.0221722E-03)  
 (-1.3504177E-03,8.6985528E-03)
    2.000000        1.000000       -1.000000      (4.1793101E-04,4.1909516E-04)
   (4.1443855E-03,-7.0221722E-03)  (4.9825758E-03,-6.1839819E-03)
    2.000000       -1.000000       -1.000000      
 (-1.5739352E-03,9.2841219E-05)  (1.1269003E-03,4.0698797E-03)  
 (-4.2747706E-03,-3.8836151E-03)
