   0.00000000       0.00000000       1.00000000     ( -1.51921995E-04, -1.11758709E-02) (  2.13831663E-02,  5.06639481E-03) (  0.00000000    ,  0.00000000    )
   0.00000000       0.00000000       2.00000000     (  8.15838575E-03, -2.77534127E-03) ( -1.20326877E-02, -5.66244125E-03) (  0.00000000    ,  0.00000000    )
   0.00000000       1.00000000       0.00000000     (  6.14672899E-03, -1.21537596E-03) (  0.00000000    ,  0.00000000    ) (  1.42306089E-02, -5.12227416E-03)
   0.00000000       1.00000000       1.00000000     ( -5.17815351E-03, -2.44006515E-03) (  4.06056643E-03, -1.26659870E-03) ( -4.06056643E-03,  1.26659870E-03)
   0.00000000       1.00000000       2.00000000     (  5.66244125E-03, -4.33996320E-03) ( -3.37138772E-03,  2.08616257E-03) (  1.68569386E-03, -1.04308128E-03)
   0.00000000       2.00000000       0.00000000     ( -1.27125531E-03,  6.74277544E-03) (  0.00000000    ,  0.00000000    ) ( -9.17352736E-04,  6.54254109E-04)
   0.00000000       2.00000000       1.00000000     ( -3.60887498E-04, -3.20374966E-03) ( -1.54599547E-03,  1.20140612E-03) (  3.09199095E-03, -2.40281224E-03)
   0.00000000      -2.00000000       0.00000000     ( -1.27125531E-03, -6.74277544E-03) (  0.00000000    ,  0.00000000    ) ( -9.17352736E-04, -6.54254109E-04)
   0.00000000      -2.00000000       1.00000000     (  2.04890966E-03,  3.29455361E-04) ( -6.98491931E-04,  1.74040906E-04) ( -1.39698386E-03,  3.48081812E-04)
   0.00000000      -1.00000000       0.00000000     (  6.14672899E-03,  1.21537596E-03) (  0.00000000    ,  0.00000000    ) (  1.42306089E-02,  5.12227416E-03)
   0.00000000      -1.00000000       1.00000000     ( -8.00937414E-03, -1.13621354E-02) ( -5.60656190E-03,  5.94183803E-03) ( -5.60656190E-03,  5.94183803E-03)
   0.00000000      -1.00000000       2.00000000     ( -1.92783773E-03, -2.86847353E-03) (  7.00820237E-04,  2.99885869E-03) (  3.50410119E-04,  1.49942935E-03)
   1.00000000       0.00000000       0.00000000     (  0.00000000    ,  0.00000000    ) ( -2.54064798E-02,  6.76140189E-03) (  1.58697367E-02, -4.65661287E-03)
   1.00000000       0.00000000       1.00000000     ( -1.53668225E-03, -2.14204192E-03) (  2.37487257E-03, -7.15255737E-03) (  1.53668225E-03,  2.14204192E-03)
   1.00000000       0.00000000       2.00000000     ( -3.93018126E-03, -1.51805580E-03) ( -1.12224370E-03,  3.16649675E-03) (  1.96509063E-03,  7.59027898E-04)
   1.00000000       1.00000000       0.00000000     (  8.40518624E-04,  3.57395038E-04) ( -8.40518624E-04, -3.57395038E-04) (  6.61239028E-03,  1.34110451E-02)
   1.00000000       1.00000000       1.00000000     ( -4.28408384E-03, -8.42846930E-04) (  1.99303031E-03,  4.00468707E-03) (  2.29105353E-03, -3.16649675E-03)
   1.00000000       1.00000000       2.00000000     ( -1.17346644E-03,  1.17812306E-03) (  2.64495611E-03,  1.28522515E-03) ( -7.38073140E-04, -1.22934580E-03)
   1.00000000       2.00000000       0.00000000     ( -4.51691449E-04,  5.12227416E-04) (  2.25845724E-04, -2.56113708E-04) ( -1.63912773E-03, -1.28522515E-03)
   1.00000000       2.00000000       1.00000000     (  2.81259418E-03,  1.67638063E-04) ( -1.08964741E-03, -2.09547579E-04) ( -6.30971044E-04,  2.51457095E-04)
   1.00000000      -2.00000000       0.00000000     ( -1.01979822E-03,  6.54836185E-05) ( -5.09899110E-04,  3.27418093E-05) ( -1.70432031E-03,  3.48314643E-03)
   1.00000000      -2.00000000       1.00000000     ( -4.16766852E-04, -5.37838787E-04) (  1.09430403E-03, -4.84287739E-04) (  2.60770321E-03, -4.30736691E-04)
   1.00000000      -1.00000000       0.00000000     (  5.94183803E-03,  1.73225999E-03) (  5.94183803E-03,  1.73225999E-03) ( -2.88709998E-03,  3.89292836E-03)
   1.00000000      -1.00000000       1.00000000     ( -7.45058060E-04,  3.83704901E-03) ( -9.91858542E-04, -3.91155481E-03) ( -2.46800482E-04, -7.74860382E-03)
   1.00000000      -1.00000000       2.00000000     ( -4.69386578E-03, -1.38767064E-03) (  1.87195837E-03,  1.58324838E-03) (  3.27825546E-03,  1.48545951E-03)
   2.00000000       0.00000000       0.00000000     (  0.00000000    ,  0.00000000    ) ( -2.61701643E-03,  3.42726707E-03) (  1.15483999E-03, -2.93366611E-03)
   2.00000000       0.00000000       1.00000000     ( -1.20606273E-03,  1.17346644E-03) ( -1.78813934E-03, -4.04193997E-03) (  2.41212547E-03, -2.34693289E-03)
   2.00000000       1.00000000       0.00000000     ( -1.15483999E-03, -1.42958015E-03) (  2.30967999E-03,  2.85916030E-03) ( -1.01499609E-05,  3.87430191E-03)
   2.00000000       1.00000000       1.00000000     ( -8.28877091E-04,  4.44706529E-04) (  3.02679837E-05,  1.08499080E-03) (  1.62050128E-03, -1.97440386E-03)
   2.00000000      -1.00000000       0.00000000     ( -2.57976353E-03, -1.16415322E-03) ( -5.15952706E-03, -2.32830644E-03) (  1.12224370E-03,  5.49480319E-03)
   2.00000000      -1.00000000       1.00000000     (  2.29105353E-03, -5.37838787E-04) ( -1.26194209E-03,  8.05594027E-04) ( -5.84870577E-03,  1.88127160E-03)
