    0.000000        0.000000        1.000000      (2.0712614E-02,1.1436641E-02)
   (-1.0877848E-02,-1.6018748E-02)  (0.000000,0.000000)
    0.000000        0.000000        2.000000      
 (5.1129609E-03,-1.1757948E-03)  (5.5134296E-03,4.6286732E-03)  
 (0.000000,0.000000)
    0.000000        1.000000        0.000000      (2.1513551E-03,6.2957406E-03)
   (0.000000,0.000000)  (4.0419400E-03,-1.5227124E-03)
    0.000000        1.000000        1.000000      (4.8801303E-03,4.9732625E-03)
   (5.3644180E-03,-4.1909516E-03)  (-5.3644180E-03,4.1909516E-03)
    0.000000        1.000000        2.000000      
 (-7.6554716E-03,-2.0116568E-03)  (-3.0640513E-03,-2.4028122E-03)  
 (1.5320256E-03,1.2014061E-03)
    0.000000        2.000000        0.000000      
 (-4.3958426E-03,8.2654878E-04)  (0.000000,0.000000)  
 (3.4924597E-04,2.6263297E-03)
    0.000000        2.000000        1.000000      
 (6.9104135E-03,-2.6728958E-03)  (-7.6601282E-04,-1.2572855E-03)  
 (1.5320256E-03,2.5145710E-03)
    0.000000       -2.000000        0.000000      
 (-4.3958426E-03,-8.2654878E-04)  (0.000000,0.000000)  
 (3.4924597E-04,-2.6263297E-03)
    0.000000       -2.000000        1.000000      
 (-1.0766089E-02,-1.0579824E-02)  (-2.8312206E-03,5.2736141E-04)  
 (-5.6624413E-03,1.0547228E-03)
    0.000000       -1.000000        0.000000      
 (2.1513551E-03,-6.2957406E-03)  (0.000000,0.000000)  
 (4.0419400E-03,1.5227124E-03)
    0.000000       -1.000000        1.000000      
 (7.1898103E-03,-4.5634806E-03)  (-1.3597310E-03,-5.0477684E-03)  
 (-1.3597310E-03,-5.0477684E-03)
    0.000000       -1.000000        2.000000      
 (-1.2293458E-02,1.1583325E-04)  (-3.0361116E-03,-1.7229468E-03)  
 (-1.5180558E-03,-8.6147338E-04)
    1.000000        0.000000        0.000000      (0.000000,0.000000)  
 (-2.6375055E-02,5.4389238E-03)  (1.5869737E-02,1.7955899E-02)
    1.000000        0.000000        1.000000      
 (-3.0081719E-03,-2.6077032E-03)  (-1.6689301E-02,1.3411045E-02)  
 (3.0081719E-03,2.6077032E-03)
    1.000000        0.000000        2.000000      (2.3341272E-04,1.9511208E-03)
   (4.1257590E-03,8.4005296E-03)  (-1.1670636E-04,-9.7556040E-04)
    1.000000        1.000000        0.000000      
 (2.5890768E-03,-1.4202669E-03)  (-2.5890768E-03,1.4202669E-03)  
 (-1.1827797E-03,2.8871000E-03)
    1.000000        1.000000        1.000000      (2.1047890E-03,4.2933971E-03)
   (-3.4831464E-03,-3.7346035E-03)  (1.3830140E-03,-5.5879354E-04)
    1.000000        1.000000        2.000000      
 (-4.0233135E-03,2.0163134E-03)  (2.8929207E-04,-3.9394945E-03)  
 (1.8673018E-03,9.6159056E-04)
    1.000000        2.000000        0.000000      (3.7159771E-03,2.1187589E-03)
   (-1.8579885E-03,-1.0593794E-03)  (3.1758100E-03,7.0966780E-03)
    1.000000        2.000000        1.000000      (2.3143366E-03,2.5797635E-03)
   (-2.2491440E-03,1.0337681E-03)  (2.1886081E-03,-4.6472996E-03)
    1.000000       -2.000000        0.000000      (1.5646219E-03,6.2771142E-03)
   (7.8231096E-04,3.1385571E-03)  (-4.6007335E-03,-7.0547685E-04)
    1.000000       -2.000000        1.000000      
 (-3.3341348E-03,-1.5925616E-03)  (-1.2712553E-03,-1.2177043E-03)  
 (7.8929588E-04,-8.4051862E-04)
    1.000000       -1.000000        0.000000      
 (-4.4936314E-04,3.4109689E-04)  (-4.4936314E-04,3.4109689E-04)  
 (-6.0349703E-03,3.0547380E-03)
    1.000000       -1.000000        1.000000      
 (1.1585653E-02,-4.0512532E-03)  (3.2037497E-03,-1.8160790E-03)  
 (-8.3632767E-03,2.2305176E-03)
    1.000000       -1.000000        2.000000      
 (-4.6752393E-03,-1.7182902E-03)  (-7.7672303E-03,-4.4237822E-03)  
 (-1.5413389E-03,-1.3504177E-03)
    2.000000        0.000000        0.000000      (0.000000,0.000000)  
 (1.0151416E-02,-2.1327287E-03)  (-4.9243681E-04,-3.8882717E-04)
    2.000000        0.000000        1.000000      
 (-1.8579885E-03,5.2526593E-03)  (2.8871000E-03,7.4133277E-03)  
 (3.7159771E-03,-1.0505319E-02)
    2.000000        1.000000        0.000000      
 (-1.8766150E-03,-3.1664968E-03)  (3.7532300E-03,6.3329935E-03)  
 (-7.5064600E-03,6.2771142E-03)
    2.000000        1.000000        1.000000      (2.7101487E-03,3.3620745E-03)
   (-2.8684735E-03,-1.1771917E-02)  (-2.5425106E-03,5.0198287E-03)
    2.000000       -1.000000        0.000000      
 (-4.1350722E-03,-2.7939677E-03)  (-8.2701445E-03,-5.5879354E-03)  
 (2.1711458E-04,3.7159771E-03)
    2.000000       -1.000000        1.000000      
 (-3.5576522E-03,2.4447218E-03)  (-2.3050234E-03,7.6368451E-03)  
 (4.8149377E-03,2.7474016E-03)
