   0.00000000       0.00000000      -2.00000000     (  7.07805157E-04,  2.04890966E-04) ( -6.14672899E-04,  1.35041773E-04) (  0.00000000    ,  0.00000000    )
   0.00000000       0.00000000      -1.00000000     (  1.02072954E-02,  1.16229057E-02) (  4.05311584E-02,  8.56816769E-03) (  0.00000000    ,  0.00000000    )
   0.00000000       1.00000000      -2.00000000     (  2.32830644E-04,  1.67638063E-04) (  2.32830644E-04,  5.58793545E-05) (  1.16415322E-04,  2.79396772E-05)
   0.00000000       1.00000000      -1.00000000     ( -6.91041350E-03,  2.53319740E-02) ( -9.74163413E-03, -3.80910933E-03) ( -9.74163413E-03, -3.80910933E-03)
   0.00000000       2.00000000      -1.00000000     ( -2.51457095E-04, -1.02445483E-04) ( -2.23517418E-04,  2.42143869E-04) ( -4.47034836E-04,  4.84287739E-04)
   0.00000000      -2.00000000      -1.00000000     (  3.72529030E-04,  1.62981451E-04) ( -5.58793545E-05,  8.84756446E-05) (  1.11758709E-04, -1.76951289E-04)
   0.00000000      -1.00000000      -2.00000000     (  2.60770321E-04,  3.16649675E-04) ( -1.44354999E-04, -1.39698386E-04) (  7.21774995E-05,  6.98491931E-05)
   0.00000000      -1.00000000      -1.00000000     (  7.35744834E-03, -5.58793545E-03) (  2.48197466E-03,  1.21071935E-03) ( -2.48197466E-03, -1.21071935E-03)
   1.00000000       0.00000000      -2.00000000     ( -2.79396772E-04, -1.21071935E-04) (  2.51457095E-04,  6.70552254E-04) ( -1.39698386E-04, -6.05359674E-05)
   1.00000000       0.00000000      -1.00000000     (  1.17346644E-02, -5.79282641E-03) ( -7.71135092E-03,  2.04145908E-02) (  1.17346644E-02, -5.79282641E-03)
   1.00000000       1.00000000      -2.00000000     (  1.21071935E-04,  2.60770321E-04) ( -2.14204192E-04, -2.51457095E-04) ( -4.88944352E-05,  4.94765118E-06)
   1.00000000       1.00000000      -1.00000000     ( -6.14672899E-04,  1.08033419E-03) ( -6.05359674E-05, -5.96046448E-04) ( -6.70552254E-04,  4.84287739E-04)
   1.00000000       2.00000000      -1.00000000     (  1.80443749E-05, -1.44354999E-04) ( -1.02445483E-04,  2.79396772E-05) ( -1.86264515E-04, -8.84756446E-05)
   1.00000000      -2.00000000      -1.00000000     ( -1.39698386E-05, -1.58324838E-04) (  1.25728548E-04, -7.21774995E-05) ( -2.60770321E-04, -1.45519152E-05)
   1.00000000      -1.00000000      -2.00000000     (  1.16415322E-04, -2.70083547E-04) ( -1.21071935E-04,  6.11180440E-06) (  1.21071935E-04, -1.39698386E-04)
   1.00000000      -1.00000000      -1.00000000     ( -1.92085281E-05,  1.76951289E-04) ( -1.62981451E-04,  1.44354999E-04) (  1.44354999E-04,  3.84170562E-05)
   2.00000000       0.00000000      -1.00000000     ( -2.32830644E-04,  9.60426405E-06) (  1.76951289E-04, -3.91155481E-04) ( -4.65661287E-04,  1.92085281E-05)
   2.00000000       1.00000000      -1.00000000     (  6.28642738E-05, -7.68341124E-05) ( -2.79396772E-04,  3.53902578E-04) ( -1.49011612E-04,  2.04890966E-04)
   2.00000000      -1.00000000      -1.00000000     (  2.04890966E-04,  3.84170562E-05) (  1.21071935E-04,  1.58324838E-04) (  2.98023224E-04, -8.14907253E-05)
