   0.00000000       0.00000000       1.00000000     ( -3.69036570E-04, -1.13621354E-02) (  2.13086605E-02,  5.56930900E-03) (  0.00000000    ,  0.00000000    )
   0.00000000       0.00000000       2.00000000     (  7.82310963E-03, -2.86847353E-03) ( -1.14366412E-02, -5.17815351E-03) (  0.00000000    ,  0.00000000    )
   0.00000000       1.00000000       0.00000000     (  6.44475222E-03, -7.91624188E-04) (  0.00000000    ,  0.00000000    ) (  1.43796206E-02, -5.56930900E-03)
   0.00000000       1.00000000       1.00000000     ( -5.88595867E-03, -2.80328095E-03) (  4.06056643E-03, -1.27591193E-03) ( -4.06056643E-03,  1.27591193E-03)
   0.00000000       1.00000000       2.00000000     (  5.25265932E-03, -3.85567546E-03) ( -3.42726707E-03,  1.89989805E-03) (  1.71363354E-03, -9.49949026E-04)
   0.00000000       2.00000000       0.00000000     ( -1.40629709E-03,  6.07222319E-03) (  0.00000000    ,  0.00000000    ) ( -6.96163625E-04,  1.76951289E-04)
   0.00000000       2.00000000       1.00000000     ( -1.32713467E-04, -2.45869160E-03) ( -1.36438757E-03,  1.01048499E-03) (  2.72877514E-03, -2.02096999E-03)
   0.00000000      -2.00000000       0.00000000     ( -1.40629709E-03, -6.07222319E-03) (  0.00000000    ,  0.00000000    ) ( -6.96163625E-04, -1.76951289E-04)
   0.00000000      -2.00000000       1.00000000     (  2.06753612E-03,  4.17639967E-05) ( -7.21774995E-04,  1.28056854E-04) ( -1.44354999E-03,  2.56113708E-04)
   0.00000000      -1.00000000       0.00000000     (  6.44475222E-03,  7.91624188E-04) (  0.00000000    ,  0.00000000    ) (  1.43796206E-02,  5.56930900E-03)
   0.00000000      -1.00000000       1.00000000     ( -8.34465027E-03, -1.13993883E-02) ( -5.62518835E-03,  6.05359674E-03) ( -5.62518835E-03,  6.05359674E-03)
   0.00000000      -1.00000000       2.00000000     ( -1.84401870E-03, -2.59838998E-03) (  4.21423465E-04,  2.94297934E-03) (  2.10711733E-04,  1.47148967E-03)
   1.00000000       0.00000000       0.00000000     (  0.00000000    ,  0.00000000    ) ( -2.58535147E-02,  6.50063157E-03) (  1.64657831E-02, -4.80562449E-03)
   1.00000000       0.00000000       1.00000000     ( -1.55530870E-03, -2.24448740E-03) (  2.95229256E-03, -6.81728125E-03) (  1.55530870E-03,  2.24448740E-03)
   1.00000000       0.00000000       2.00000000     ( -3.68803740E-03, -1.43889338E-03) ( -1.14552677E-03,  3.24100256E-03) (  1.84401870E-03,  7.19446689E-04)
   1.00000000       1.00000000       0.00000000     (  6.65895641E-04,  1.92667358E-04) ( -6.65895641E-04, -1.92667358E-04) (  6.79865479E-03,  1.38953328E-02)
   1.00000000       1.00000000       1.00000000     ( -4.37721610E-03, -8.33533704E-04) (  2.14204192E-03,  3.70666385E-03) (  2.24448740E-03, -2.86847353E-03)
   1.00000000       1.00000000       2.00000000     ( -7.49714673E-04,  1.14552677E-03) (  2.41212547E-03,  1.16880983E-03) ( -8.33533704E-04, -1.15949661E-03)
   1.00000000       2.00000000       0.00000000     ( -5.98374754E-04,  1.74622983E-04) (  2.99187377E-04, -8.73114914E-05) ( -1.17812306E-03, -1.49011612E-03)
   1.00000000       2.00000000       1.00000000     (  2.50525773E-03,  4.88944352E-05) ( -9.87201929E-04, -1.76951289E-04) ( -5.37838787E-04,  3.06172296E-04)
   1.00000000      -2.00000000       0.00000000     ( -1.26194209E-03, -4.97675501E-05) ( -6.30971044E-04, -2.48837750E-05) ( -1.41095370E-03,  3.22237611E-03)
   1.00000000      -2.00000000       1.00000000     ( -2.43308023E-04, -7.05476850E-04) (  1.07567757E-03, -5.63450158E-04) (  2.39349902E-03, -4.21423465E-04)
   1.00000000      -1.00000000       0.00000000     (  6.38887286E-03,  1.93715096E-03) (  6.38887286E-03,  1.93715096E-03) ( -2.77534127E-03,  2.90572643E-03)
   1.00000000      -1.00000000       1.00000000     ( -1.16880983E-03,  3.53902578E-03) ( -1.04308128E-03, -3.50177288E-03) (  1.23400241E-04, -7.04079866E-03)
   1.00000000      -1.00000000       2.00000000     ( -4.13507223E-03, -1.25262886E-03) (  1.84401870E-03,  1.73225999E-03) (  2.98023224E-03,  1.49011612E-03)
   2.00000000       0.00000000       0.00000000     (  0.00000000    ,  0.00000000    ) ( -2.55182385E-03,  3.07336450E-03) (  1.40164047E-03, -2.81259418E-03)
   2.00000000       0.00000000       1.00000000     ( -1.16880983E-03,  1.13621354E-03) ( -1.35507435E-03, -3.96743417E-03) (  2.33761966E-03, -2.27242708E-03)
   2.00000000       1.00000000       0.00000000     ( -1.16880983E-03, -1.36904418E-03) (  2.33761966E-03,  2.73808837E-03) ( -1.78115442E-04,  3.79979610E-03)
   2.00000000       1.00000000       1.00000000     ( -8.33533704E-04,  4.37721610E-04) (  1.82772055E-04,  1.00582838E-03) (  1.48080289E-03, -1.88127160E-03)
   2.00000000      -1.00000000       0.00000000     ( -2.33761966E-03, -1.07567757E-03) ( -4.67523932E-03, -2.15135515E-03) (  9.08039510E-04,  4.97326255E-03)
   2.00000000      -1.00000000       1.00000000     (  2.22586095E-03, -2.37487257E-04) ( -1.09430403E-03,  8.61473382E-04) ( -5.55068254E-03,  1.33644789E-03)
