   0.00000000       0.00000000      -2.00000000     (  5.58793545E-04,  1.76951289E-04) ( -5.02914190E-04,  9.31322575E-05) (  0.00000000    ,  0.00000000    )
   0.00000000       0.00000000      -1.00000000     (  1.07288361E-02,  1.13621354E-02) (  4.08291817E-02,  9.20146704E-03) (  0.00000000    ,  0.00000000    )
   0.00000000       1.00000000      -2.00000000     (  2.04890966E-04,  1.30385160E-04) (  1.86264515E-04,  5.35510480E-05) (  9.31322575E-05,  2.67755240E-05)
   0.00000000       1.00000000      -1.00000000     ( -6.85453415E-03,  2.58535147E-02) ( -9.74163413E-03, -3.71597707E-03) ( -9.74163413E-03, -3.71597707E-03)
   0.00000000       2.00000000      -1.00000000     ( -2.04890966E-04, -6.05359674E-05) ( -1.86264515E-04,  2.04890966E-04) ( -3.72529030E-04,  4.09781933E-04)
   0.00000000      -2.00000000      -1.00000000     (  3.35276127E-04,  1.21071935E-04) ( -5.58793545E-05,  7.91624188E-05) (  1.11758709E-04, -1.58324838E-04)
   0.00000000      -1.00000000      -2.00000000     (  1.95577741E-04,  2.42143869E-04) ( -1.25728548E-04, -1.11758709E-04) (  6.28642738E-05,  5.58793545E-05)
   0.00000000      -1.00000000      -1.00000000     (  7.69272447E-03, -5.96046448E-03) (  2.27708369E-03,  1.22934580E-03) ( -2.27708369E-03, -1.22934580E-03)
   1.00000000       0.00000000      -2.00000000     ( -2.32830644E-04, -1.07102096E-04) (  1.86264515E-04,  5.58793545E-04) ( -1.16415322E-04, -5.35510480E-05)
   1.00000000       0.00000000      -1.00000000     (  1.16974115E-02, -5.75557351E-03) ( -7.87898898E-03,  1.95205212E-02) (  1.16974115E-02, -5.75557351E-03)
   1.00000000       1.00000000      -2.00000000     (  8.84756446E-05,  2.14204192E-04) ( -1.49011612E-04, -2.32830644E-04) ( -3.14321369E-05, -6.40284270E-06)
   1.00000000       1.00000000      -1.00000000     ( -5.21540642E-04,  8.94069672E-04) ( -2.09547579E-05, -4.84287739E-04) ( -5.58793545E-04,  4.09781933E-04)
   1.00000000       2.00000000      -1.00000000     (  1.22236088E-05, -1.35041773E-04) ( -7.91624188E-05,  3.49245965E-05) ( -1.49011612E-04, -6.28642738E-05)
   1.00000000      -2.00000000      -1.00000000     (  1.89174898E-06, -1.25728548E-04) (  1.16415322E-04, -5.58793545E-05) ( -2.23517418E-04, -1.16415322E-05)
   1.00000000      -1.00000000      -2.00000000     (  1.07102096E-04, -2.23517418E-04) ( -8.38190317E-05, -9.89530236E-06) (  9.77888703E-05, -1.07102096E-04)
   1.00000000      -1.00000000      -1.00000000     ( -1.86264515E-05,  1.58324838E-04) ( -1.49011612E-04,  1.35041773E-04) (  1.25728548E-04,  2.67755240E-05)
   2.00000000       0.00000000      -1.00000000     ( -1.95577741E-04,  4.65661287E-06) (  1.49011612E-04, -3.35276127E-04) ( -3.91155481E-04,  9.31322575E-06)
   2.00000000       1.00000000      -1.00000000     (  6.05359674E-05, -5.82076609E-05) ( -2.32830644E-04,  3.16649675E-04) ( -1.07102096E-04,  2.04890966E-04)
   2.00000000      -1.00000000      -1.00000000     (  1.76951289E-04,  3.37604433E-05) (  1.02445483E-04,  1.21071935E-04) (  2.51457095E-04, -5.35510480E-05)
