    0.000000        0.000000        1.000000      (2.0861626E-02,1.1511147E-02)
   (-1.0952353E-02,-1.6093254E-02)  (0.000000,0.000000)
    0.000000        0.000000        2.000000      
 (5.0757080E-03,-1.1641532E-03)  (5.4948032E-03,4.6100467E-03)  
 (0.000000,0.000000)
    0.000000        1.000000        0.000000      (2.1792948E-03,6.2957406E-03)
   (0.000000,0.000000)  (4.0605664E-03,-1.5180558E-03)
    0.000000        1.000000        1.000000      (4.9173832E-03,5.0291419E-03)
   (5.3830445E-03,-4.2095780E-03)  (-5.3830445E-03,4.2095780E-03)
    0.000000        1.000000        2.000000      
 (-7.6368451E-03,-1.9976869E-03)  (-3.0267984E-03,-2.4167821E-03)  
 (1.5133992E-03,1.2083910E-03)
    0.000000        2.000000        0.000000      
 (-4.3865293E-03,8.4750354E-04)  (0.000000,0.000000)  
 (3.7020072E-04,2.6170164E-03)
    0.000000        2.000000        1.000000      
 (6.8359077E-03,-2.6635826E-03)  (-7.7066943E-04,-1.2456439E-03)  
 (1.5413389E-03,2.4912879E-03)
    0.000000       -2.000000        0.000000      
 (-4.3865293E-03,-8.4750354E-04)  (0.000000,0.000000)  
 (3.7020072E-04,-2.6170164E-03)
    0.000000       -2.000000        1.000000      
 (-1.0728836E-02,-1.0542572E-02)  (-2.8125942E-03,5.1455572E-04)  
 (-5.6251884E-03,1.0291114E-03)
    0.000000       -1.000000        0.000000      
 (2.1792948E-03,-6.2957406E-03)  (0.000000,0.000000)  
 (4.0605664E-03,1.5180558E-03)
    0.000000       -1.000000        1.000000      
 (7.2270632E-03,-4.5634806E-03)  (-1.3597310E-03,-5.0850213E-03)  
 (-1.3597310E-03,-5.0850213E-03)
    0.000000       -1.000000        2.000000      
 (-1.2256205E-02,8.7020453E-05)  (-3.0361116E-03,-1.7601997E-03)  
 (-1.5180558E-03,-8.8009983E-04)
    1.000000        0.000000        0.000000      (0.000000,0.000000)  
 (-2.6524067E-02,5.4948032E-03)  (1.5944242E-02,1.8104911E-02)
    1.000000        0.000000        1.000000      
 (-3.0454248E-03,-2.6170164E-03)  (-1.6763806E-02,1.3485551E-02)  
 (3.0454248E-03,2.6170164E-03)
    1.000000        0.000000        2.000000      (2.2875611E-04,1.9557774E-03)
   (4.1164458E-03,8.3632767E-03)  (-1.1437805E-04,-9.7788870E-04)
    1.000000        1.000000        0.000000      
 (2.5890768E-03,-1.4249235E-03)  (-2.5890768E-03,1.4249235E-03)  
 (-1.1734664E-03,2.9150397E-03)
    1.000000        1.000000        1.000000      (2.1094456E-03,4.2840838E-03)
   (-3.4924597E-03,-3.7346035E-03)  (1.3830140E-03,-5.4715201E-04)
    1.000000        1.000000        2.000000      
 (-4.0140003E-03,2.0256266E-03)  (2.9511284E-04,-3.9022416E-03)  
 (1.8579885E-03,9.4063580E-04)
    1.000000        2.000000        0.000000      (3.7159771E-03,2.1141022E-03)
   (-1.8579885E-03,-1.0570511E-03)  (3.1478703E-03,7.0594251E-03)
    1.000000        2.000000        1.000000      (2.3003668E-03,2.5704503E-03)
   (-2.2491440E-03,1.0337681E-03)  (2.1979213E-03,-4.6379864E-03)
    1.000000       -2.000000        0.000000      (1.5646219E-03,6.2212348E-03)
   (7.8231096E-04,3.1106174E-03)  (-4.5727938E-03,-6.9616362E-04)
    1.000000       -2.000000        1.000000      
 (-3.3341348E-03,-1.6065314E-03)  (-1.2805685E-03,-1.2293458E-03)  
 (7.7299774E-04,-8.5216016E-04)
    1.000000       -1.000000        0.000000      
 (-4.3306500E-04,3.3644028E-04)  (-4.3306500E-04,3.3644028E-04)  
 (-6.0908496E-03,3.0640513E-03)
    1.000000       -1.000000        1.000000      
 (1.1511147E-02,-4.0885061E-03)  (3.1758100E-03,-1.8486753E-03)  
 (-8.3260238E-03,2.2398308E-03)
    1.000000       -1.000000        2.000000      
 (-4.6845526E-03,-1.7322600E-03)  (-7.7486038E-03,-4.4144690E-03)  
 (-1.5320256E-03,-1.3411045E-03)
    2.000000        0.000000        0.000000      (0.000000,0.000000)  
 (1.0076910E-02,-2.1001324E-03)  (-4.9592927E-04,-4.0861778E-04)
    2.000000        0.000000        1.000000      
 (-1.8393621E-03,5.2526593E-03)  (2.8684735E-03,7.3760748E-03)  
 (3.6787242E-03,-1.0505319E-02)
    2.000000        1.000000        0.000000      
 (-1.8673018E-03,-3.1664968E-03)  (3.7346035E-03,6.3329935E-03)  
 (-7.4878335E-03,6.2771142E-03)
    2.000000        1.000000        1.000000      (2.6915222E-03,3.3434480E-03)
   (-2.8405339E-03,-1.1697412E-02)  (-2.5518239E-03,5.0198287E-03)
    2.000000       -1.000000        0.000000      
 (-4.1443855E-03,-2.7753413E-03)  (-8.2887709E-03,-5.5506825E-03)  
 (1.8801074E-04,3.7066638E-03)
    2.000000       -1.000000        1.000000      
 (-3.5390258E-03,2.4307519E-03)  (-2.2770837E-03,7.6182187E-03)  
 (4.7963113E-03,2.7567148E-03)
