   0.00000000       0.00000000       1.00000000     (  1.04308128E-02, -1.14366412E-02) (  4.05311584E-02, -8.84756446E-03) (  0.00000000    ,  0.00000000    )
   0.00000000       0.00000000       2.00000000     (  6.33299351E-04, -1.95577741E-04) ( -5.77419996E-04, -1.16415322E-04) (  0.00000000    ,  0.00000000    )
   0.00000000       1.00000000       0.00000000     ( -7.11588655E-05, -4.49828804E-03) (  0.00000000    ,  0.00000000    ) (  1.52736902E-02,  5.15952706E-03)
   0.00000000       1.00000000       1.00000000     (  7.50645995E-03,  5.75557351E-03) (  2.37021595E-03, -1.21304765E-03) ( -2.37021595E-03,  1.21304765E-03)
   0.00000000       1.00000000       2.00000000     (  2.32830644E-04, -2.88709998E-04) ( -1.39698386E-04,  1.30385160E-04) (  6.98491931E-05, -6.51925802E-05)
   0.00000000       2.00000000       0.00000000     (  3.91155481E-04,  1.76951289E-04) (  0.00000000    ,  0.00000000    ) ( -1.58324838E-04,  9.77888703E-05)
   0.00000000       2.00000000       1.00000000     (  3.72529030E-04, -1.44354999E-04) ( -5.82076609E-05, -8.84756446E-05) (  1.16415322E-04,  1.76951289E-04)
   0.00000000      -2.00000000       0.00000000     (  3.91155481E-04, -1.76951289E-04) (  0.00000000    ,  0.00000000    ) ( -1.58324838E-04, -9.77888703E-05)
   0.00000000      -2.00000000       1.00000000     ( -2.32830644E-04,  8.38190317E-05) ( -2.14204192E-04, -2.32830644E-04) ( -4.28408384E-04, -4.65661287E-04)
   0.00000000      -1.00000000       0.00000000     ( -7.11588655E-05,  4.49828804E-03) (  0.00000000    ,  0.00000000    ) (  1.52736902E-02, -5.15952706E-03)
   0.00000000      -1.00000000       1.00000000     ( -6.85453415E-03, -2.54809856E-02) ( -9.70438123E-03,  3.74391675E-03) ( -9.70438123E-03,  3.74391675E-03)
   0.00000000      -1.00000000       2.00000000     (  2.23517418E-04, -1.53668225E-04) (  2.14204192E-04, -5.58793545E-05) (  1.07102096E-04, -2.79396772E-05)
   1.00000000       0.00000000       0.00000000     (  0.00000000    ,  0.00000000    ) ( -3.21120024E-02,  2.17556953E-02) (  1.81421638E-02, -8.17235559E-04)
   1.00000000       0.00000000       1.00000000     ( -3.26894224E-03,  4.13274392E-04) ( -1.35600567E-02, -1.80676579E-02) (  3.26894224E-03, -4.13274392E-04)
   1.00000000       0.00000000       2.00000000     ( -4.28408384E-04, -2.60770321E-04) (  2.23517418E-04,  1.58324838E-04) (  2.14204192E-04,  1.30385160E-04)
   1.00000000       1.00000000       0.00000000     (  3.23168933E-03,  4.69386578E-03) ( -3.23168933E-03, -4.69386578E-03) ( -2.77534127E-03,  1.13993883E-02)
   1.00000000       1.00000000       1.00000000     (  1.86264515E-04,  2.23517418E-04) ( -6.14672899E-04,  5.12227416E-05) (  4.28408384E-04, -2.79396772E-04)
   1.00000000       1.00000000       2.00000000     ( -6.70552254E-04,  1.21071935E-04) (  2.98023224E-04,  4.09781933E-04) (  1.86264515E-04, -2.60770321E-04)
   1.00000000       2.00000000       0.00000000     ( -1.02445483E-04,  2.42143869E-04) (  5.12227416E-05, -1.21071935E-04) ( -2.23517418E-04, -5.58793545E-05)
   1.00000000       2.00000000       1.00000000     (  3.34694050E-06,  1.35041773E-04) ( -1.58324838E-04, -1.97906047E-05) (  3.16649675E-04, -9.31322575E-05)
   1.00000000      -2.00000000       0.00000000     (  3.60887498E-05,  2.51457095E-04) (  1.80443749E-05,  1.25728548E-04) ( -1.86264515E-04, -3.72529030E-04)
   1.00000000      -2.00000000       1.00000000     ( -3.91155481E-04, -8.38190317E-05) ( -1.02445483E-04, -6.11180440E-06) (  1.86264515E-04,  7.21774995E-05)
   1.00000000      -1.00000000       0.00000000     (  1.29919499E-03, -4.31202352E-03) (  1.29919499E-03, -4.31202352E-03) ( -7.97212124E-03,  3.13669443E-02)
   1.00000000      -1.00000000       1.00000000     (  7.82310963E-04,  3.53902578E-04) (  3.25962901E-05, -6.33299351E-04) ( -7.82310963E-04, -1.00582838E-03)
   1.00000000      -1.00000000       2.00000000     ( -3.35276127E-04, -1.97906047E-05) ( -1.02445483E-04,  2.79396772E-04) (  1.16415322E-04,  1.49011612E-04)
   2.00000000       0.00000000       0.00000000     (  0.00000000    ,  0.00000000    ) (  1.39698386E-04,  5.40167093E-04) ( -2.32830644E-04, -9.77888703E-05)
   2.00000000       0.00000000       1.00000000     ( -6.05359674E-05,  2.56113708E-05) ( -7.45058060E-05,  7.21774995E-05) (  1.21071935E-04, -5.12227416E-05)
   2.00000000       1.00000000       0.00000000     (  5.82076609E-05,  3.95812094E-05) ( -1.16415322E-04, -7.91624188E-05) (  1.02445483E-04,  1.67638063E-04)
   2.00000000       1.00000000       1.00000000     ( -1.92085281E-05, -6.05359674E-05) ( -2.42143869E-04,  1.86264515E-04) (  2.79396772E-04, -6.98491931E-05)
   2.00000000      -1.00000000       0.00000000     ( -1.58324838E-04, -1.11758709E-04) ( -3.16649675E-04, -2.23517418E-04) (  3.95812094E-05, -8.14907253E-06)
   2.00000000      -1.00000000       1.00000000     ( -4.88944352E-05, -3.35276127E-04) ( -1.67638063E-04, -2.23517418E-04) ( -6.75208867E-05,  4.47034836E-04)
