   0.00000000       0.00000000      -2.00000000     ( -2.88709998E-04, -2.83122063E-03) (  2.25380063E-03, -1.05239451E-03) (  0.00000000    ,  0.00000000    )
   0.00000000       0.00000000      -1.00000000     (  2.69711018E-02, -6.22123480E-03) (  3.10689211E-02,  3.28570604E-02) (  0.00000000    ,  0.00000000    )
   0.00000000       1.00000000      -2.00000000     (  2.28174031E-04, -4.98257577E-04) (  5.82076609E-05, -1.02445483E-03) (  2.91038305E-05, -5.12227416E-04)
   0.00000000       1.00000000      -1.00000000     (  6.22123480E-03,  3.05473804E-02) ( -1.58790499E-03, -3.00817192E-03) ( -1.58790499E-03, -3.00817192E-03)
   0.00000000       2.00000000      -1.00000000     (  3.94880772E-03,  5.82076609E-04) (  7.21774995E-04,  4.28408384E-04) (  1.44354999E-03,  8.56816769E-04)
   0.00000000      -2.00000000      -1.00000000     ( -1.20140612E-03,  8.94069672E-04) (  9.77888703E-04,  3.44589353E-04) ( -1.95577741E-03, -6.89178705E-04)
   0.00000000      -1.00000000      -2.00000000     (  2.30967999E-03,  7.56699592E-05) (  9.12696123E-04,  6.47269189E-04) ( -4.56348062E-04, -3.23634595E-04)
   0.00000000      -1.00000000      -1.00000000     (  8.41915607E-03, -6.27711415E-03) ( -2.28174031E-03,  9.18284059E-03) (  2.28174031E-03, -9.18284059E-03)
   1.00000000       0.00000000      -2.00000000     (  1.30385160E-03, -9.68575478E-04) (  1.42492354E-03, -1.14552677E-03) (  6.51925802E-04, -4.84287739E-04)
   1.00000000       0.00000000      -1.00000000     (  9.76026058E-03, -3.97674739E-03) ( -9.89064574E-03, -3.20374966E-03) (  9.76026058E-03, -3.97674739E-03)
   1.00000000       1.00000000      -2.00000000     (  1.38767064E-03,  7.21774995E-05) (  1.62981451E-05,  1.71363354E-03) (  6.98491931E-04,  8.94069672E-04)
   1.00000000       1.00000000      -1.00000000     (  8.66129994E-04, -1.50175765E-04) ( -1.95577741E-03, -1.10827386E-03) ( -1.09896064E-03, -1.25728548E-03)
   1.00000000       2.00000000      -1.00000000     ( -8.38190317E-05, -1.07102096E-03) (  4.98257577E-04,  1.08266249E-04) (  9.12696123E-04, -8.56816769E-04)
   1.00000000      -2.00000000      -1.00000000     ( -1.63912773E-03, -6.00703061E-04) ( -1.10827386E-03, -1.17346644E-03) (  5.77419996E-04,  1.75088644E-03)
   1.00000000      -1.00000000      -2.00000000     ( -6.70552254E-04,  1.32247806E-03) ( -3.30619514E-04, -3.23052518E-05) ( -1.69966370E-04,  6.79865479E-04)
   1.00000000      -1.00000000      -1.00000000     (  7.72997737E-04, -1.49011612E-03) (  2.01165676E-03, -4.74974513E-04) ( -1.22934580E-03, -1.01514161E-03)
   2.00000000       0.00000000      -1.00000000     (  8.28877091E-04,  2.09547579E-04) (  1.26892701E-04, -2.46800482E-04) (  1.65775418E-03,  4.19095159E-04)
   2.00000000       1.00000000      -1.00000000     (  8.94069672E-04,  3.65544111E-04) ( -1.46217644E-03,  7.72997737E-04) (  3.30619514E-04,  1.50874257E-03)
   2.00000000      -1.00000000      -1.00000000     (  6.62112143E-06, -3.77185643E-04) ( -1.12690032E-03,  1.05239451E-03) (  1.13621354E-03, -1.80676579E-03)
