    0.000000        0.000000        1.000000      (2.1010637E-02,1.1585653E-02)
   (-9.1269612E-03,-1.6316772E-02)  (0.000000,0.000000)
    0.000000        0.000000        2.000000      
 (6.6496432E-03,-1.5366822E-03)  (6.1281025E-03,4.8894435E-03)  
 (0.000000,0.000000)
    0.000000        1.000000        0.000000      (1.4761463E-03,8.0093741E-03)
   (0.000000,0.000000)  (3.6694109E-03,-2.1886081E-03)
    0.000000        1.000000        1.000000      (4.3958426E-03,3.1478703E-03)
   (5.9604645E-03,-4.5262277E-03)  (-5.9604645E-03,4.5262277E-03)
    0.000000        1.000000        2.000000      
 (-8.2515180E-03,-2.4540350E-03)  (-4.7031790E-03,-1.6391277E-03)  
 (2.3515895E-03,8.1956387E-04)
    0.000000        2.000000        0.000000      
 (-3.9860606E-03,-3.7951395E-04)  (0.000000,0.000000)  
 (-6.6240318E-04,3.0174851E-03)
    0.000000        2.000000        1.000000      
 (9.7975135E-03,-2.9988587E-03)  (-4.1094609E-04,-1.8207356E-03)  
 (8.2189217E-04,3.6414713E-03)
    0.000000       -2.000000        0.000000      
 (-3.9860606E-03,3.7951395E-04)  (0.000000,0.000000)  
 (-6.6240318E-04,-3.0174851E-03)
    0.000000       -2.000000        1.000000      
 (-1.2591481E-02,-1.1511147E-02)  (-3.6880374E-03,1.0337681E-03)  
 (-7.3760748E-03,2.0675361E-03)
    0.000000       -1.000000        0.000000      
 (1.4761463E-03,-8.0093741E-03)  (0.000000,0.000000)  
 (3.6694109E-03,2.1886081E-03)
    0.000000       -1.000000        1.000000      
 (6.4820051E-03,-5.6251884E-03)  (-1.7695129E-03,-4.5634806E-03)  
 (-1.7695129E-03,-4.5634806E-03)
    0.000000       -1.000000        2.000000      
 (-1.3560057E-02,1.5879050E-03)  (-2.7241185E-03,5.0989911E-04)  
 (-1.3620593E-03,2.5494955E-04)
    1.000000        0.000000        0.000000      (0.000000,0.000000)  
 (-2.5555491E-02,5.0477684E-03)  (1.6838312E-02,1.7657876E-02)
    1.000000        0.000000        1.000000      
 (-2.3096800E-03,-3.1292439E-03)  (-1.8402934E-02,1.4081597E-02)  
 (2.3096800E-03,3.1292439E-03)
    1.000000        0.000000        2.000000      (5.4016709E-04,1.6158447E-03)
   (4.6193600E-03,1.0188669E-02)  (-2.7008355E-04,-8.0792233E-04)
    1.000000        1.000000        0.000000      
 (3.2689422E-03,-1.4947727E-03)  (-3.2689422E-03,1.4947727E-03)  
 (-2.0954758E-03,2.3841858E-03)
    1.000000        1.000000        1.000000      (1.3899989E-03,4.3120235E-03)
   (-2.8172508E-03,-3.3061951E-03)  (1.4249235E-03,-1.0104850E-03)
    1.000000        1.000000        2.000000      
 (-4.2095780E-03,1.4295802E-03)  (-1.2223609E-04,-5.1781535E-03)  
 (2.1653250E-03,1.8766150E-03)
    1.000000        2.000000        0.000000      (2.9802322E-03,2.1466985E-03)
   (-1.4901161E-03,-1.0733493E-03)  (3.9208680E-03,8.5867941E-03)
    1.000000        2.000000        1.000000      (3.2782555E-03,3.2689422E-03)
   (-2.1420419E-03,6.7520887E-04)  (1.0058284E-03,-4.6193600E-03)
    1.000000       -2.000000        0.000000      (1.1478551E-03,7.6740980E-03)
   (5.7392754E-04,3.8370490E-03)  (-5.8487058E-03,-9.8487362E-04)
    1.000000       -2.000000        1.000000      
 (-2.6123598E-03,-6.8102963E-04)  (-5.7159923E-04,-3.8649887E-04)  
 (1.4668331E-03,-9.1677066E-05)
    1.000000       -1.000000        0.000000      
 (-1.3131648E-03,4.9825758E-04)  (-1.3131648E-03,4.9825758E-04)  
 (-5.5693090E-03,3.4458935E-03)
    1.000000       -1.000000        1.000000      
 (1.3671815E-02,-1.3387762E-03)  (4.3306500E-03,2.1478627E-04)  
 (-9.3504786E-03,1.5506521E-03)
    1.000000       -1.000000        2.000000      
 (-3.8370490E-03,-7.4040145E-04)  (-7.3015690E-03,-4.4982880E-03)  
 (-1.7369166E-03,-1.8812716E-03)
    2.000000        0.000000        0.000000      (0.000000,0.000000)  
 (1.2405217E-02,-3.6787242E-03)  (-4.6682544E-04,8.6612999E-04)
    2.000000        0.000000        1.000000      
 (-2.8777868E-03,5.3923577E-03)  (4.0512532E-03,9.3691051E-03)  
 (5.7555735E-03,-1.0784715E-02)
    2.000000        1.000000        0.000000      
 (-1.9883737E-03,-2.9709190E-03)  (3.9767474E-03,5.9418380E-03)  
 (-7.7486038E-03,4.6752393E-03)
    2.000000        1.000000        1.000000      (3.2410026E-03,4.4144690E-03)
   (-4.3306500E-03,-1.3485551E-02)  (-2.1466985E-03,4.6566129E-03)
    2.000000       -1.000000        0.000000      
 (-3.2875687E-03,-3.2689422E-03)  (-6.5751374E-03,-6.5378845E-03)  
 (1.4901161E-03,4.2095780E-03)
    2.000000       -1.000000        1.000000      
 (-4.4796616E-03,2.6496127E-03)  (-3.6135316E-03,7.2829425E-03)  
 (5.3457916E-03,1.9790605E-03)
