   0.00000000       0.00000000       1.00000000     (  1.10641122E-02, -1.12131238E-02) (  4.12762165E-02, -9.59262252E-03) (  0.00000000    ,  0.00000000    )
   0.00000000       0.00000000       2.00000000     (  4.84287739E-04, -1.58324838E-04) ( -4.28408384E-04, -7.45058060E-05) (  0.00000000    ,  0.00000000    )
   0.00000000       1.00000000       0.00000000     ( -5.07570803E-04, -4.52622771E-03) (  0.00000000    ,  0.00000000    ) (  1.51246786E-02,  5.81145287E-03)
   0.00000000       1.00000000       1.00000000     (  7.89761543E-03,  6.18398190E-03) (  2.16532499E-03, -1.24797225E-03) ( -2.16532499E-03,  1.24797225E-03)
   0.00000000       1.00000000       2.00000000     (  1.67638063E-04, -2.04890966E-04) ( -1.16415322E-04,  9.77888703E-05) (  5.82076609E-05, -4.88944352E-05)
   0.00000000       2.00000000       0.00000000     (  2.79396772E-04,  1.39698386E-04) (  0.00000000    ,  0.00000000    ) ( -1.39698386E-04,  6.98491931E-05)
   0.00000000       2.00000000       1.00000000     (  3.16649675E-04, -1.02445483E-04) ( -5.12227416E-05, -6.98491931E-05) (  1.02445483E-04,  1.39698386E-04)
   0.00000000      -2.00000000       0.00000000     (  2.79396772E-04, -1.39698386E-04) (  0.00000000    ,  0.00000000    ) ( -1.39698386E-04, -6.98491931E-05)
   0.00000000      -2.00000000       1.00000000     ( -1.76951289E-04,  4.19095159E-05) ( -1.58324838E-04, -1.86264515E-04) ( -3.16649675E-04, -3.72529030E-04)
   0.00000000      -1.00000000       0.00000000     ( -5.07570803E-04,  4.52622771E-03) (  0.00000000    ,  0.00000000    ) (  1.51246786E-02, -5.81145287E-03)
   0.00000000      -1.00000000       1.00000000     ( -6.83590770E-03, -2.63005495E-02) ( -9.76026058E-03,  3.67872417E-03) ( -9.76026058E-03,  3.67872417E-03)
   0.00000000      -1.00000000       2.00000000     (  1.76951289E-04, -1.07102096E-04) (  1.49011612E-04, -4.88944352E-05) (  7.45058060E-05, -2.44472176E-05)
   1.00000000       0.00000000       0.00000000     (  0.00000000    ,  0.00000000    ) ( -3.21120024E-02,  2.22027302E-02) (  1.84774399E-02, -3.42261046E-04)
   1.00000000       0.00000000       1.00000000     ( -3.38070095E-03,  4.74974513E-04) ( -1.43796206E-02, -1.81794167E-02) (  3.38070095E-03, -4.74974513E-04)
   1.00000000       0.00000000       2.00000000     ( -3.35276127E-04, -1.86264515E-04) (  1.76951289E-04,  1.21071935E-04) (  1.67638063E-04,  9.31322575E-05)
   1.00000000       1.00000000       0.00000000     (  3.08267772E-03,  4.79631126E-03) ( -3.08267772E-03, -4.79631126E-03) ( -3.29688191E-03,  1.15483999E-02)
   1.00000000       1.00000000       1.00000000     (  1.49011612E-04,  1.76951289E-04) ( -4.84287739E-04,  3.02679837E-05) (  3.35276127E-04, -2.04890966E-04)
   1.00000000       1.00000000       2.00000000     ( -5.21540642E-04,  9.31322575E-05) (  2.23517418E-04,  3.16649675E-04) (  1.49011612E-04, -2.04890966E-04)
   1.00000000       2.00000000       0.00000000     ( -7.45058060E-05,  1.58324838E-04) (  3.72529030E-05, -7.91624188E-05) ( -1.76951289E-04, -3.72529030E-05)
   1.00000000       2.00000000       1.00000000     ( -1.16415322E-05,  9.31322575E-05) ( -1.30385160E-04, -8.14907253E-06) (  2.60770321E-04, -7.91624188E-05)
   1.00000000      -2.00000000       0.00000000     (  1.22236088E-05,  1.86264515E-04) (  6.11180440E-06,  9.31322575E-05) ( -1.39698386E-04, -2.98023224E-04)
   1.00000000      -2.00000000       1.00000000     ( -2.98023224E-04, -7.91624188E-05) ( -6.98491931E-05, -1.62981451E-05) (  1.49011612E-04,  4.65661287E-05)
   1.00000000      -1.00000000       0.00000000     (  1.18277967E-03, -4.52622771E-03) (  1.18277967E-03, -4.52622771E-03) ( -8.15838575E-03,  3.22610140E-02)
   1.00000000      -1.00000000       1.00000000     (  6.33299351E-04,  2.79396772E-04) (  2.44472176E-05, -4.84287739E-04) ( -5.96046448E-04, -7.82310963E-04)
   1.00000000      -1.00000000       2.00000000     ( -2.60770321E-04, -1.33877620E-05) ( -9.31322575E-05,  2.23517418E-04) (  7.91624188E-05,  1.21071935E-04)
   2.00000000       0.00000000       0.00000000     (  0.00000000    ,  0.00000000    ) (  1.16415322E-04,  4.09781933E-04) ( -1.86264515E-04, -6.05359674E-05)
   2.00000000       0.00000000       1.00000000     ( -4.65661287E-05,  1.74622983E-05) ( -4.19095159E-05,  6.98491931E-05) (  9.31322575E-05, -3.49245965E-05)
   2.00000000       1.00000000       0.00000000     (  5.12227416E-05,  3.49245965E-05) ( -1.02445483E-04, -6.98491931E-05) (  6.98491931E-05,  1.39698386E-04)
   2.00000000       1.00000000       1.00000000     ( -1.04773790E-05, -5.12227416E-05) ( -1.86264515E-04,  1.39698386E-04) (  2.04890966E-04, -3.95812094E-05)
   2.00000000      -1.00000000       0.00000000     ( -1.21071935E-04, -7.91624188E-05) ( -2.42143869E-04, -1.58324838E-04) (  9.31322575E-06, -1.62981451E-05)
   2.00000000      -1.00000000       1.00000000     ( -4.19095159E-05, -2.42143869E-04) ( -1.30385160E-04, -1.67638063E-04) ( -4.65661287E-05,  3.35276127E-04)
