    0.000000        0.000000        1.000000      (2.1010637E-02,1.1622906E-02)
   (-1.1660159E-02,-1.6316772E-02)  (0.000000,0.000000)
    0.000000        0.000000        2.000000      
 (4.4610351E-03,-9.7323209E-04)  (5.0477684E-03,4.2933971E-03)  
 (0.000000,0.000000)
    0.000000        1.000000        0.000000      (2.4586916E-03,5.7369471E-03)
   (0.000000,0.000000)  (4.2468309E-03,-1.3038516E-03)
    0.000000        1.000000        1.000000      (5.1781535E-03,5.7555735E-03)
   (5.2526593E-03,-4.1536987E-03)  (-5.2526593E-03,4.1536987E-03)
    0.000000        1.000000        2.000000      
 (-7.1711838E-03,-1.7648563E-03)  (-2.4586916E-03,-2.5331974E-03)  
 (1.2293458E-03,1.2665987E-03)
    0.000000        2.000000        0.000000      
 (-4.1909516E-03,1.1129305E-03)  (0.000000,0.000000)  
 (6.8685040E-04,2.4400651E-03)
    0.000000        2.000000        1.000000      
 (5.6624413E-03,-2.5052577E-03)  (-8.5448846E-04,-1.0384247E-03)  
 (1.7089769E-03,2.0768493E-03)
    0.000000       -2.000000        0.000000      
 (-4.1909516E-03,-1.1129305E-03)  (0.000000,0.000000)  
 (6.8685040E-04,-2.4400651E-03)
    0.000000       -2.000000        1.000000      
 (-9.6485019E-03,-9.8347664E-03)  (-2.4214387E-03,3.0267984E-04)  
 (-4.8428774E-03,6.0535967E-04)
    0.000000       -1.000000        0.000000      
 (2.4586916E-03,-5.7369471E-03)  (0.000000,0.000000)  
 (4.2468309E-03,1.3038516E-03)
    0.000000       -1.000000        1.000000      
 (7.6740980E-03,-4.3399632E-03)  (-1.2479722E-03,-5.2899122E-03)  
 (-1.2479722E-03,-5.2899122E-03)
    0.000000       -1.000000        2.000000      
 (-1.1362135E-02,-3.3760443E-04)  (-2.9988587E-03,-2.2957101E-03)  
 (-1.4994293E-03,-1.1478551E-03)
    1.000000        0.000000        0.000000      (0.000000,0.000000)  
 (-2.7120113E-02,5.7183206E-03)  (1.5869737E-02,1.8477440E-02)
    1.000000        0.000000        1.000000      
 (-3.2968819E-03,-2.4680048E-03)  (-1.6391277E-02,1.3411045E-02)  
 (3.2968819E-03,2.4680048E-03)
    1.000000        0.000000        2.000000      (1.5657861E-04,1.9650906E-03)
   (3.8463622E-03,7.4505806E-03)  (-7.8289304E-05,-9.8254532E-04)
    1.000000        1.000000        0.000000      
 (2.3748726E-03,-1.3876706E-03)  (-2.3748726E-03,1.3876706E-03)  
 (-8.9406967E-04,3.1478703E-03)
    1.000000        1.000000        1.000000      (2.1373853E-03,4.1071326E-03)
   (-3.4458935E-03,-3.7439167E-03)  (1.3038516E-03,-3.6787242E-04)
    1.000000        1.000000        2.000000      
 (-3.7625432E-03,2.0861626E-03)  (3.8184226E-04,-3.3248216E-03)  
 (1.6903505E-03,6.2165782E-04)
    1.000000        2.000000        0.000000      (3.7252903E-03,2.0768493E-03)
   (-1.8626451E-03,-1.0384247E-03)  (2.7008355E-03,6.3888729E-03)
    1.000000        2.000000        1.000000      (2.0209700E-03,2.3422763E-03)
   (-2.1653250E-03,1.0011718E-03)  (2.3096800E-03,-4.3399632E-03)
    1.000000       -2.000000        0.000000      (1.5832484E-03,5.3830445E-03)
   (7.9162419E-04,2.6915222E-03)  (-4.0791929E-03,-5.5762939E-04)
    1.000000       -2.000000        1.000000      
 (-3.3434480E-03,-1.7927960E-03)  (-1.4156103E-03,-1.3969839E-03)  
 (5.1921234E-04,-1.0035001E-03)
    1.000000       -1.000000        0.000000      
 (-1.3329554E-04,2.2817403E-04)  (-1.3329554E-04,2.2817403E-04)  
 (-6.3329935E-03,2.9336661E-03)
    1.000000       -1.000000        1.000000      
 (1.0468066E-02,-4.6379864E-03)  (2.7567148E-03,-2.2957101E-03)  
 (-7.6927245E-03,2.3422763E-03)
    1.000000       -1.000000        2.000000      
 (-4.6938658E-03,-1.8859282E-03)  (-7.3760748E-03,-4.2002648E-03)  
 (-1.3457611E-03,-1.1571683E-03)
    2.000000        0.000000        0.000000      (0.000000,0.000000)  
 (9.0524554E-03,-1.5972182E-03)  (-5.5762939E-04,-7.0314854E-04)
    2.000000        0.000000        1.000000      
 (-1.5087426E-03,4.9360096E-03)  (2.4866313E-03,6.6682696E-03)  
 (3.0174851E-03,-9.8720193E-03)
    2.000000        1.000000        0.000000      
 (-1.7369166E-03,-3.0640513E-03)  (3.4738332E-03,6.1281025E-03)  
 (-7.0780516E-03,6.4074993E-03)
    2.000000        1.000000        1.000000      (2.4586916E-03,2.9429793E-03)
   (-2.3329630E-03,-1.0691583E-02)  (-2.5890768E-03,4.8242509E-03)
    2.000000       -1.000000        0.000000      
 (-4.1816384E-03,-2.4959445E-03)  (-8.3632767E-03,-4.9918890E-03)  
 (-2.6600901E-04,3.4365803E-03)
    2.000000       -1.000000        1.000000      
 (-3.1478703E-03,2.1606684E-03)  (-1.8207356E-03,7.1711838E-03)  
 (4.4703484E-03,2.8498471E-03)
