   0.00000000       0.00000000      -2.00000000     (  1.45286322E-03,  2.98023224E-04) ( -1.52736902E-03,  6.42612576E-04) (  0.00000000    ,  0.00000000    )
   0.00000000       0.00000000      -1.00000000     (  6.40749931E-03,  1.23679638E-02) (  3.55392694E-02,  4.07919288E-03) (  0.00000000    ,  0.00000000    )
   0.00000000       1.00000000      -2.00000000     (  3.02679837E-04,  5.02914190E-04) (  6.42612576E-04, -1.77533366E-05) (  3.21306288E-04, -8.87666829E-06)
   0.00000000       1.00000000      -1.00000000     ( -6.91041350E-03,  2.06381083E-02) ( -8.99657607E-03, -4.38652933E-03) ( -8.99657607E-03, -4.38652933E-03)
   0.00000000       2.00000000      -1.00000000     ( -5.40167093E-04, -5.40167093E-04) ( -4.37721610E-04,  3.44589353E-04) ( -8.75443220E-04,  6.89178705E-04)
   0.00000000      -2.00000000      -1.00000000     (  2.74740160E-04,  6.05359674E-04) ( -3.02679837E-05,  3.78349796E-06) (  6.05359674E-05, -7.56699592E-06)
   0.00000000      -1.00000000      -2.00000000     (  7.26431608E-04,  8.75443220E-04) ( -1.60653144E-04, -4.09781933E-04) (  8.03265721E-05,  2.04890966E-04)
   0.00000000      -1.00000000      -1.00000000     (  4.31202352E-03, -3.10130417E-03) (  3.58559191E-03,  1.18743628E-03) ( -3.58559191E-03, -1.18743628E-03)
   1.00000000       0.00000000      -2.00000000     ( -5.12227416E-04, -1.90921128E-04) (  6.33299351E-04,  1.45286322E-03) ( -2.56113708E-04, -9.54605639E-05)
   1.00000000       0.00000000      -1.00000000     (  1.13993883E-02, -5.77419996E-03) ( -6.57513738E-03,  2.45869160E-02) (  1.13993883E-02, -5.77419996E-03)
   1.00000000       1.00000000      -2.00000000     (  4.00468707E-04,  5.58793545E-04) ( -9.31322575E-04, -1.58324838E-04) ( -2.65426934E-04,  2.00234354E-04)
   1.00000000       1.00000000      -1.00000000     ( -8.56816769E-04,  2.23517418E-03) ( -5.02914190E-04, -1.32247806E-03) ( -1.34110451E-03,  8.94069672E-04)
   1.00000000       2.00000000      -1.00000000     (  2.42143869E-04, -1.42026693E-04) ( -3.30619514E-04, -9.54605639E-05) ( -4.28408384E-04, -3.35276127E-04)
   1.00000000      -2.00000000      -1.00000000     ( -1.67638063E-04, -4.09781933E-04) (  8.84756446E-05, -1.60653144E-04) ( -3.44589353E-04, -8.61473382E-05)
   1.00000000      -1.00000000      -2.00000000     (  7.91624188E-05, -5.96046448E-04) ( -3.81842256E-04,  3.63215804E-04) (  2.28174031E-04, -4.84287739E-04)
   1.00000000      -1.00000000      -1.00000000     (  4.07453626E-06,  2.51457095E-04) ( -1.90921128E-04, -1.45519152E-05) (  1.95577741E-04,  2.70083547E-04)
   2.00000000       0.00000000      -1.00000000     ( -4.47034836E-04,  5.82076609E-05) (  2.14204192E-04, -7.26431608E-04) ( -8.94069672E-04,  1.16415322E-04)
   2.00000000       1.00000000      -1.00000000     (  1.97906047E-05, -2.00234354E-04) ( -5.96046448E-04,  3.81842256E-04) ( -5.58793545E-04, -2.32830644E-05)
   2.00000000      -1.00000000      -1.00000000     (  3.91155481E-04,  2.79396772E-05) (  1.86264515E-04,  4.47034836E-04) (  5.86733222E-04, -3.91155481E-04)
