   0.00000000       0.00000000       1.00000000     (  2.51829624E-02,  1.11013651E-02) (  9.49949026E-03, -2.94297934E-02) (  0.00000000    ,  0.00000000    )
   0.00000000       0.00000000       2.00000000     (  3.79979610E-03, -4.37721610E-03) ( -2.42143869E-03,  4.88944352E-04) (  0.00000000    ,  0.00000000    )
   0.00000000       1.00000000       0.00000000     ( -8.41915607E-03,  8.25151801E-03) (  0.00000000    ,  0.00000000    ) (  2.21189111E-03,  1.79745257E-03)
   0.00000000       1.00000000       1.00000000     (  4.45172191E-03, -5.17815351E-03) (  3.93949449E-03, -9.53674316E-03) ( -3.93949449E-03,  9.53674316E-03)
   0.00000000       1.00000000       2.00000000     ( -5.28991222E-03,  1.11293048E-03) ( -2.44937837E-03,  8.81846063E-05) (  1.22468919E-03, -4.40923031E-05)
   0.00000000       2.00000000       0.00000000     ( -3.53902578E-03, -3.37138772E-03) (  0.00000000    ,  0.00000000    ) ( -4.37721610E-03,  6.10016286E-04)
   0.00000000       2.00000000       1.00000000     (  1.71363354E-03,  4.39584255E-03) ( -1.93715096E-03, -1.23400241E-03) (  3.87430191E-03,  2.46800482E-03)
   0.00000000      -2.00000000       0.00000000     ( -3.53902578E-03,  3.37138772E-03) (  0.00000000    ,  0.00000000    ) ( -4.37721610E-03, -6.10016286E-04)
   0.00000000      -2.00000000       1.00000000     ( -8.56816769E-03,  2.08616257E-03) ( -1.43423676E-03,  1.24797225E-03) ( -2.86847353E-03,  2.49594450E-03)
   0.00000000      -1.00000000       0.00000000     ( -8.41915607E-03, -8.25151801E-03) (  0.00000000    ,  0.00000000    ) (  2.21189111E-03, -1.79745257E-03)
   0.00000000      -1.00000000       1.00000000     (  1.51246786E-02, -1.74343586E-02) ( -8.81846063E-05, -1.66706741E-03) ( -8.81846063E-05, -1.66706741E-03)
   0.00000000      -1.00000000       2.00000000     (  4.30736691E-04, -2.57045031E-03) (  6.05359674E-04, -1.62050128E-03) (  3.02679837E-04, -8.10250640E-04)
   1.00000000       0.00000000       0.00000000     (  0.00000000    ,  0.00000000    ) ( -1.56462193E-02,  7.17118382E-03) (  2.86102295E-02,  2.39908695E-02)
   1.00000000       0.00000000       1.00000000     (  4.46103513E-03, -2.57045031E-03) ( -2.95042992E-02,  1.50129199E-02) ( -4.46103513E-03,  2.57045031E-03)
   1.00000000       0.00000000       2.00000000     (  1.23865902E-03,  2.62632966E-03) (  6.78002834E-03,  2.83122063E-03) ( -6.19329512E-04, -1.31316483E-03)
   1.00000000       1.00000000       0.00000000     (  5.75557351E-03,  4.56348062E-03) ( -5.75557351E-03, -4.56348062E-03) ( -8.97794962E-03,  6.40749931E-03)
   1.00000000       1.00000000       1.00000000     ( -2.63564289E-03, -1.30850822E-03) (  1.38301402E-03,  4.02797014E-04) (  1.25728548E-03,  9.03382897E-04)
   1.00000000       1.00000000       2.00000000     ( -5.23868948E-04, -1.91852450E-03) ( -3.85567546E-03, -2.27009878E-04) (  2.19792128E-03,  1.07102096E-03)
   1.00000000       2.00000000       0.00000000     ( -1.40164047E-03,  5.19677997E-03) (  7.00820237E-04, -2.59838998E-03) ( -7.00820237E-04,  3.02679837E-03)
   1.00000000       2.00000000       1.00000000     (  4.99188900E-03,  1.50874257E-03) ( -3.65078449E-03, -2.02096999E-03) (  2.30967999E-03,  2.53319740E-03)
   1.00000000      -2.00000000       0.00000000     (  3.59723344E-04, -2.52388418E-03) (  1.79861672E-04, -1.26194209E-03) ( -1.02911144E-03,  2.41212547E-03)
   1.00000000      -2.00000000       1.00000000     ( -8.33533704E-04,  1.80676579E-03) ( -1.18277967E-03,  2.36555934E-03) ( -1.52736902E-03,  2.92435288E-03)
   1.00000000      -1.00000000       0.00000000     ( -6.01634383E-03, -1.12503767E-02) ( -6.01634383E-03, -1.12503767E-02) ( -6.57513738E-03,  6.92903996E-03)
   1.00000000      -1.00000000       1.00000000     (  2.03959644E-03,  3.96743417E-03) ( -1.95577741E-03,  1.63912773E-03) ( -4.00468707E-03, -2.32830644E-03)
   1.00000000      -1.00000000       2.00000000     (  2.41212547E-03,  3.27825546E-03) (  4.07919288E-03,  3.09199095E-03) (  8.38190317E-04, -9.34232958E-05)
   2.00000000       0.00000000       0.00000000     (  0.00000000    ,  0.00000000    ) (  6.59376383E-03, -1.80676579E-03) ( -3.93018126E-03,  3.52738425E-04)
   2.00000000       0.00000000       1.00000000     ( -1.40164047E-03, -2.05822289E-03) (  1.01048499E-03,  5.62518835E-03) (  2.80328095E-03,  4.11644578E-03)
   2.00000000       1.00000000       0.00000000     ( -2.25380063E-03,  2.68919393E-04) (  4.50760126E-03, -5.37838787E-04) (  6.02449290E-05, -7.04079866E-03)
   2.00000000       1.00000000       1.00000000     (  2.43308023E-04,  2.21654773E-03) ( -1.27591193E-03, -4.11644578E-03) (  7.91624188E-04, -3.16649675E-04)
   2.00000000      -1.00000000       0.00000000     (  1.29919499E-03,  1.43423676E-03) (  2.59838998E-03,  2.86847353E-03) ( -1.60653144E-04,  1.51805580E-03)
   2.00000000      -1.00000000       1.00000000     ( -2.39349902E-03,  6.93835318E-04) ( -1.75088644E-03, -8.66129994E-04) (  3.02679837E-03, -2.25380063E-03)
