   0.00000000       0.00000000       1.00000000     (  1.64657831E-02, -3.11061740E-03) (  3.75509262E-02, -1.82911754E-02) (  0.00000000    ,  0.00000000    )
   0.00000000       0.00000000       2.00000000     (  8.56816769E-04, -1.19209290E-03) ( -1.09896064E-03,  1.42026693E-04) (  0.00000000    ,  0.00000000    )
   0.00000000       1.00000000       0.00000000     ( -8.94069672E-03, -2.84053385E-03) (  0.00000000    ,  0.00000000    ) (  8.94069672E-03,  1.30385160E-02)
   0.00000000       1.00000000       1.00000000     (  8.53091478E-03,  1.05053186E-02) ( -1.59256160E-03, -2.27242708E-03) (  1.59256160E-03,  2.27242708E-03)
   0.00000000       1.00000000       2.00000000     ( -2.98023224E-04, -5.02914190E-04) ( -4.09781933E-04,  1.69966370E-04) (  2.04890966E-04, -8.49831849E-05)
   0.00000000       2.00000000       0.00000000     (  2.79396772E-04,  1.22934580E-03) (  0.00000000    ,  0.00000000    ) ( -1.60187483E-03,  6.51925802E-04)
   0.00000000       2.00000000       1.00000000     (  1.28522515E-03, -4.19095159E-04) ( -3.91155481E-04, -1.62981451E-05) (  7.82310963E-04,  3.25962901E-05)
   0.00000000      -2.00000000       0.00000000     (  2.79396772E-04, -1.22934580E-03) (  0.00000000    ,  0.00000000    ) ( -1.60187483E-03, -6.51925802E-04)
   0.00000000      -2.00000000       1.00000000     ( -4.84287739E-04, -2.04890966E-04) (  1.65891834E-05, -4.74974513E-04) (  3.31783667E-05, -9.49949026E-04)
   0.00000000      -1.00000000       0.00000000     ( -8.94069672E-03,  2.84053385E-03) (  0.00000000    ,  0.00000000    ) (  8.94069672E-03, -1.30385160E-02)
   0.00000000      -1.00000000       1.00000000     ( -3.76254320E-03, -3.02493572E-02) ( -7.09667802E-03,  2.14204192E-03) ( -7.09667802E-03,  2.14204192E-03)
   0.00000000      -1.00000000       2.00000000     (  7.26431608E-04, -2.56113708E-05) ( -8.96397978E-05, -4.28408384E-04) ( -4.48198989E-05, -2.14204192E-04)
   1.00000000       0.00000000       0.00000000     (  0.00000000    ,  0.00000000    ) ( -2.19792128E-02,  1.94087625E-02) (  2.25752592E-02,  8.58679414E-03)
   1.00000000       0.00000000       1.00000000     ( -3.25962901E-03, -4.10946086E-04) ( -2.25752592E-02, -1.16601586E-02) (  3.25962901E-03,  4.10946086E-04)
   1.00000000       0.00000000       2.00000000     ( -8.38190317E-04,  2.09547579E-04) (  5.49480319E-04,  5.68106771E-04) (  4.19095159E-04, -1.04773790E-04)
   1.00000000       1.00000000       0.00000000     (  8.41100700E-05,  2.59838998E-03) ( -8.41100700E-05, -2.59838998E-03) ( -9.14558768E-03,  1.16974115E-02)
   1.00000000       1.00000000       1.00000000     (  3.91155481E-04, -4.54747351E-09) ( -1.45286322E-03, -8.26548785E-05) (  1.08033419E-03,  8.26548785E-05)
   1.00000000       1.00000000       2.00000000     ( -1.60187483E-03,  9.77888703E-05) (  2.70083547E-04,  7.63684511E-04) (  6.70552254E-04, -4.28408384E-04)
   1.00000000       2.00000000       0.00000000     (  7.82310963E-04, -2.56113708E-04) ( -3.91155481E-04,  1.28056854E-04) ( -3.30619514E-04,  8.94069672E-04)
   1.00000000       2.00000000       1.00000000     (  1.60653144E-04,  3.58559191E-04) ( -4.65661287E-04,  1.23400241E-04) (  7.63684511E-04, -6.05359674E-04)
   1.00000000      -2.00000000       0.00000000     ( -7.35744834E-04,  1.25146471E-05) ( -3.67872417E-04,  6.25732355E-06) ( -6.70552254E-04, -1.02445483E-03)
   1.00000000      -2.00000000       1.00000000     ( -7.26431608E-04, -4.19095159E-04) ( -1.90921128E-04, -3.02679837E-04) (  3.44589353E-04, -1.86264515E-04)
   1.00000000      -1.00000000       0.00000000     ( -3.13157216E-04, -6.79865479E-03) ( -3.13157216E-04, -6.79865479E-03) ( -1.01327896E-02,  2.98023224E-02)
   1.00000000      -1.00000000       1.00000000     (  1.63912773E-03,  5.77419996E-04) ( -1.86264515E-04, -1.52736902E-03) ( -1.82539225E-03, -2.12341547E-03)
   1.00000000      -1.00000000       2.00000000     ( -1.04308128E-03,  7.07805157E-04) ( -7.45058060E-04,  6.98491931E-04) (  1.46683306E-04, -4.36557457E-06)
   2.00000000       0.00000000       0.00000000     (  0.00000000    ,  0.00000000    ) (  6.51925802E-04,  1.60187483E-03) ( -4.00468707E-04,  7.82310963E-04)
   2.00000000       0.00000000       1.00000000     (  4.48198989E-05, -2.32830644E-04) (  4.56348062E-04,  8.19563866E-04) ( -8.96397978E-05,  4.65661287E-04)
   2.00000000       1.00000000       0.00000000     (  3.25962901E-04,  5.21540642E-04) ( -6.51925802E-04, -1.04308128E-03) ( -7.26431608E-04,  1.34110451E-03)
   2.00000000       1.00000000       1.00000000     (  3.39932740E-04, -2.83762347E-06) ( -6.05359674E-04, -3.81842256E-04) ( -7.10133463E-05,  3.81842256E-04)
   2.00000000      -1.00000000       0.00000000     ( -2.32830644E-04,  1.16415322E-04) ( -4.65661287E-04,  2.32830644E-04) ( -6.05359674E-04, -1.53668225E-04)
   2.00000000      -1.00000000       1.00000000     ( -3.49245965E-04, -2.04890966E-04) ( -1.09896064E-03, -3.25962901E-04) ( -4.00468707E-04,  8.26548785E-05)
