    0.000000        0.000000       -2.000000      (8.2887709E-03,2.8684735E-03)
   (4.7124922E-03,-2.5192276E-03)  (0.000000,0.000000)
    0.000000        0.000000       -1.000000      
 (2.3171306E-02,-1.2330711E-02)  (-3.7625432E-03,2.0563602E-02)  
 (0.000000,0.000000)
    0.000000        1.000000       -2.000000      
 (-9.3504786E-03,-2.6449561E-03)  (-4.6449713E-04,-5.1409006E-03)  
 (-2.3224857E-04,-2.5704503E-03)
    0.000000        1.000000       -1.000000      (7.8603625E-03,1.0505319E-02)
   (-2.8498471E-03,3.4552068E-03)  (-2.8498471E-03,3.4552068E-03)
    0.000000        2.000000       -1.000000      
 (-1.1883676E-02,8.0838799E-03)  (-3.5297126E-03,-9.5460564E-04)  
 (-7.0594251E-03,-1.9092113E-03)
    0.000000       -2.000000       -1.000000      (1.0058284E-02,2.2305176E-03)
   (-3.7252903E-04,2.5704503E-03)  (7.4505806E-04,-5.1409006E-03)
    0.000000       -1.000000       -2.000000      
 (-8.2887709E-03,1.9650906E-03)  (-8.4191561E-03,-2.2118911E-04)  
 (4.2095780E-03,1.1059456E-04)
    0.000000       -1.000000       -1.000000      (3.8370490E-03,1.4295802E-03)
   (7.4133277E-03,6.2771142E-03)  (-7.4133277E-03,-6.2771142E-03)
    1.000000        0.000000       -2.000000      (6.1281025E-03,4.5821071E-03)
   (-2.4074689E-03,8.0652535E-03)  (3.0640513E-03,2.2910535E-03)
    1.000000        0.000000       -1.000000      (4.1164458E-03,9.4005372E-05)
   (9.6112490E-03,-1.9092113E-03)  (4.1164458E-03,9.4005372E-05)
    1.000000        1.000000       -2.000000      
 (-3.3248216E-03,-3.2503158E-03)  (2.3422763E-03,-1.2107193E-02)  
 (-4.9360096E-04,-7.6740980E-03)
    1.000000        1.000000       -1.000000      
 (-8.4564090E-03,-5.3551048E-03)  (3.9953738E-03,-5.4365955E-04)  
 (-4.4610351E-03,-5.9045851E-03)
    1.000000        2.000000       -1.000000      
 (-9.3504786E-03,-4.0885061E-03)  (1.7276034E-03,2.1047890E-03)  
 (-5.9045851E-03,1.1612428E-04)
    1.000000       -2.000000       -1.000000      
 (-5.2968971E-04,-5.9604645E-03)  (-1.3411045E-03,-3.8091093E-03)  
 (2.1513551E-03,1.6530976E-03)
    1.000000       -1.000000       -2.000000      (3.9115548E-03,2.5657937E-03)
   (-2.4121255E-03,2.6030466E-03)  (3.1571835E-03,-1.9244908E-05)
    1.000000       -1.000000       -1.000000      
 (-8.0280006E-03,2.2817403E-03)  (-8.4377825E-03,1.1292286E-03)  
 (4.0861778E-04,1.1548400E-03)
    2.000000        0.000000       -1.000000      
 (-1.0291114E-03,3.9488077E-03)  (-2.5937334E-03,6.5192580E-03)  
 (-2.0582229E-03,7.8976154E-03)
    2.000000        1.000000       -1.000000      (5.8906153E-04,7.9628080E-04)
   (3.8556755E-03,-6.8359077E-03)  (5.0384551E-03,-5.2433461E-03)
    2.000000       -1.000000       -1.000000      
 (-1.2433156E-03,-4.0512532E-04)  (1.4016405E-03,3.1571835E-03)  
 (-3.8836151E-03,-3.9674342E-03)
