   0.00000000       0.00000000      -2.00000000     (  5.73694706E-03,  5.30853868E-03) ( -1.89058483E-03, -1.17346644E-03) (  0.00000000    ,  0.00000000    )
   0.00000000       0.00000000      -1.00000000     (  2.38418579E-02, -1.09896064E-02) (  6.18398190E-03,  2.68965960E-02) (  0.00000000    ,  0.00000000    )
   0.00000000       1.00000000      -2.00000000     (  2.92857294E-06,  3.22237611E-03) (  7.05476850E-04,  5.40167093E-04) (  3.52738425E-04,  2.70083547E-04)
   0.00000000       1.00000000      -1.00000000     (  1.37835741E-02,  1.57579780E-02) ( -8.70786607E-04,  1.93249434E-03) ( -8.70786607E-04,  1.93249434E-03)
   0.00000000       2.00000000      -1.00000000     ( -1.02445483E-02, -1.63912773E-03) ( -1.53668225E-03, -1.54133886E-03) ( -3.07336450E-03, -3.08267772E-03)
   0.00000000      -2.00000000      -1.00000000     (  2.60770321E-03, -4.99188900E-03) ( -2.45869160E-03,  1.87661499E-03) (  4.91738319E-03, -3.75322998E-03)
   0.00000000      -1.00000000      -2.00000000     ( -6.98491931E-03, -5.16884029E-04) ( -4.35858965E-03, -2.25263648E-04) (  2.17929482E-03,  1.12631824E-04)
   0.00000000      -1.00000000      -1.00000000     (  3.54833901E-03,  5.10364771E-03) (  4.84287739E-03,  8.60542059E-03) ( -4.84287739E-03, -8.60542059E-03)
   1.00000000       0.00000000      -2.00000000     (  2.17114575E-04,  5.32716513E-03) ( -4.58210707E-03,  7.86036253E-03) (  1.08557288E-04,  2.66358256E-03)
   1.00000000       0.00000000      -1.00000000     (  3.46451998E-03,  3.31783667E-04) (  5.04776835E-03, -1.49011612E-03) (  3.46451998E-03,  3.31783667E-04)
   1.00000000       1.00000000      -2.00000000     ( -5.34579158E-03, -1.63912773E-03) (  6.20260835E-03, -5.12227416E-03) (  4.24915925E-04, -3.38070095E-03)
   1.00000000       1.00000000      -1.00000000     ( -7.86036253E-03, -3.45520675E-03) (  6.59376383E-03,  3.50410119E-04) ( -1.26194209E-03, -3.10130417E-03)
   1.00000000       2.00000000      -1.00000000     ( -3.07336450E-03,  8.91741365E-04) ( -7.13043846E-05,  1.90921128E-03) ( -3.21306288E-03,  4.71249223E-03)
   1.00000000      -2.00000000      -1.00000000     ( -2.71247700E-04, -1.80210918E-03) (  1.19674951E-03, -1.55996531E-03) ( -2.66358256E-03,  1.32247806E-03)
   1.00000000      -1.00000000      -2.00000000     ( -1.28988177E-03, -2.14204192E-03) (  7.91624188E-04, -2.01631337E-03) ( -1.04308128E-03, -6.49015419E-05)
   1.00000000      -1.00000000      -1.00000000     ( -2.44006515E-03,  4.21423465E-04) ( -5.28991222E-03,  7.49714673E-04) (  2.85916030E-03, -3.29455361E-04)
   2.00000000       0.00000000      -1.00000000     ( -2.13272870E-03, -4.36557457E-04) ( -8.71717930E-03,  2.31899321E-03) ( -4.26545739E-03, -8.73114914E-04)
   2.00000000       1.00000000      -1.00000000     (  2.50292942E-04,  1.56462193E-03) (  1.09430403E-03, -3.39932740E-03) (  1.59256160E-03, -2.65426934E-04)
   2.00000000      -1.00000000      -1.00000000     (  8.38190317E-04, -1.99303031E-03) (  2.03959644E-03, -4.41446900E-03) ( -3.63215804E-04,  4.26080078E-04)
