   0.00000000       0.00000000       1.00000000     (  2.48849392E-02,  1.10641122E-02) (  8.82893801E-03, -2.89082527E-02) (  0.00000000    ,  0.00000000    )
   0.00000000       0.00000000       2.00000000     (  4.13507223E-03, -4.56348062E-03) ( -2.39349902E-03,  6.07687980E-04) (  0.00000000    ,  0.00000000    )
   0.00000000       1.00000000       0.00000000     ( -7.97212124E-03,  8.45640898E-03) (  0.00000000    ,  0.00000000    ) (  2.13738531E-03,  1.46217644E-03)
   0.00000000       1.00000000       1.00000000     (  4.25614417E-03, -5.19677997E-03) (  4.09781933E-03, -9.35047865E-03) ( -4.09781933E-03,  9.35047865E-03)
   0.00000000       1.00000000       2.00000000     ( -5.58793545E-03,  1.03842467E-03) ( -2.73808837E-03,  9.89530236E-05) (  1.36904418E-03, -4.94765118E-05)
   0.00000000       2.00000000       0.00000000     ( -3.61353159E-03, -3.76254320E-03) (  0.00000000    ,  0.00000000    ) ( -4.69386578E-03,  5.61121851E-04)
   0.00000000       2.00000000       1.00000000     (  1.82539225E-03,  4.56348062E-03) ( -2.05822289E-03, -1.34110451E-03) (  4.11644578E-03,  2.68220901E-03)
   0.00000000      -2.00000000       0.00000000     ( -3.61353159E-03,  3.76254320E-03) (  0.00000000    ,  0.00000000    ) ( -4.69386578E-03, -5.61121851E-04)
   0.00000000      -2.00000000       1.00000000     ( -8.94069672E-03,  2.08616257E-03) ( -1.46217644E-03,  1.30850822E-03) ( -2.92435288E-03,  2.61701643E-03)
   0.00000000      -1.00000000       0.00000000     ( -7.97212124E-03, -8.45640898E-03) (  0.00000000    ,  0.00000000    ) (  2.13738531E-03, -1.46217644E-03)
   0.00000000      -1.00000000       1.00000000     (  1.48639083E-02, -1.70618296E-02) ( -2.26427801E-04, -1.72294676E-03) ( -2.26427801E-04, -1.72294676E-03)
   0.00000000      -1.00000000       2.00000000     (  4.07453626E-04, -2.73808837E-03) (  6.14672899E-04, -1.51339918E-03) (  3.07336450E-04, -7.56699592E-04)
   1.00000000       0.00000000       0.00000000     (  0.00000000    ,  0.00000000    ) ( -1.57579780E-02,  6.98491931E-03) (  2.81631947E-02,  2.35438347E-02)
   1.00000000       0.00000000       1.00000000     (  4.33064997E-03, -2.61701643E-03) ( -2.89827585E-02,  1.49756670E-02) ( -4.33064997E-03,  2.61701643E-03)
   1.00000000       0.00000000       2.00000000     (  1.25728548E-03,  2.74740160E-03) (  7.04079866E-03,  2.95229256E-03) ( -6.28642738E-04, -1.37370080E-03)
   1.00000000       1.00000000       0.00000000     (  5.69969416E-03,  4.33064997E-03) ( -5.69969416E-03, -4.33064997E-03) ( -8.82893801E-03,  6.14672899E-03)
   1.00000000       1.00000000       1.00000000     ( -2.85916030E-03, -1.23865902E-03) (  1.57393515E-03,  3.92319635E-04) (  1.28522515E-03,  8.47503543E-04)
   1.00000000       1.00000000       2.00000000     ( -6.21657819E-04, -2.07684934E-03) ( -4.15369868E-03, -3.44589353E-04) (  2.38418579E-03,  1.21537596E-03)
   1.00000000       2.00000000       0.00000000     ( -1.45751983E-03,  5.43892384E-03) (  7.28759915E-04, -2.71946192E-03) ( -8.47503543E-04,  3.52039933E-03)
   1.00000000       2.00000000       1.00000000     (  5.28991222E-03,  1.67638063E-03) ( -3.74391675E-03, -2.16998160E-03) (  2.20723450E-03,  2.65426934E-03)
   1.00000000      -2.00000000       0.00000000     (  3.78349796E-04, -2.66358256E-03) (  1.89174898E-04, -1.33179128E-03) ( -1.00582838E-03,  2.57045031E-03)
   1.00000000      -2.00000000       1.00000000     ( -9.31322575E-04,  1.73225999E-03) ( -1.27125531E-03,  2.36555934E-03) ( -1.61118805E-03,  2.99885869E-03)
   1.00000000      -1.00000000       0.00000000     ( -6.05359674E-03, -1.08033419E-02) ( -6.05359674E-03, -1.08033419E-02) ( -6.33299351E-03,  6.66826963E-03)
   1.00000000      -1.00000000       1.00000000     (  2.27242708E-03,  4.43309546E-03) ( -1.93715096E-03,  2.08616257E-03) ( -4.20957804E-03, -2.34693289E-03)
   1.00000000      -1.00000000       2.00000000     (  2.65426934E-03,  3.57627869E-03) (  4.52622771E-03,  3.27825546E-03) (  9.35979187E-04, -1.54832378E-04)
   2.00000000       0.00000000       0.00000000     (  0.00000000    ,  0.00000000    ) (  7.11530447E-03, -2.10478902E-03) ( -4.15369868E-03,  5.00585884E-04)
   2.00000000       0.00000000       1.00000000     ( -1.62050128E-03, -2.16998160E-03) (  1.12690032E-03,  6.14672899E-03) (  3.24100256E-03,  4.33996320E-03)
   2.00000000       1.00000000       0.00000000     ( -2.34693289E-03,  3.23634595E-04) (  4.69386578E-03, -6.47269189E-04) (  4.10364009E-05, -7.48783350E-03)
   2.00000000       1.00000000       1.00000000     (  3.49245965E-04,  2.43075192E-03) ( -1.58324838E-03, -4.43309546E-03) (  8.84756446E-04, -4.14438546E-04)
   2.00000000      -1.00000000       0.00000000     (  1.41095370E-03,  1.43423676E-03) (  2.82190740E-03,  2.86847353E-03) ( -1.62399374E-04,  1.53668225E-03)
   2.00000000      -1.00000000       1.00000000     ( -2.49594450E-03,  7.47386366E-04) ( -1.79745257E-03, -9.82545316E-04) (  3.19443643E-03, -2.47731805E-03)
