   0.00000000       0.00000000      -2.00000000     (  3.91155481E-03,  6.93835318E-04) ( -5.02914190E-03,  2.79396772E-03) (  0.00000000    ,  0.00000000    )
   0.00000000       0.00000000      -1.00000000     (  3.00817192E-03,  1.14738941E-02) (  2.80141830E-02, -3.27418093E-05) (  0.00000000    ,  0.00000000    )
   0.00000000       1.00000000      -2.00000000     (  1.05501385E-05,  1.70432031E-03) (  1.57393515E-03, -4.09781933E-04) (  7.86967576E-04, -2.04890966E-04)
   0.00000000       1.00000000      -1.00000000     ( -6.78002834E-03,  1.51246786E-02) ( -7.41332769E-03, -4.97326255E-03) ( -7.41332769E-03, -4.97326255E-03)
   0.00000000       2.00000000      -1.00000000     ( -1.08033419E-03, -1.40629709E-03) ( -9.03382897E-04,  3.32947820E-04) ( -1.80676579E-03,  6.65895641E-04)
   0.00000000      -2.00000000      -1.00000000     ( -3.84170562E-04,  2.58907676E-03) ( -2.93366611E-04, -6.79865479E-04) (  5.86733222E-04,  1.35973096E-03)
   0.00000000      -1.00000000      -2.00000000     (  2.60770321E-03,  2.77534127E-03) ( -4.74974513E-04, -1.49011612E-03) (  2.37487257E-04,  7.45058060E-04)
   0.00000000      -1.00000000      -1.00000000     (  8.12578946E-04, -7.49714673E-04) (  4.02331352E-03,  1.21537596E-03) ( -4.02331352E-03, -1.21537596E-03)
   1.00000000       0.00000000      -2.00000000     ( -1.15483999E-03, -5.07570803E-04) (  1.30385160E-03,  3.87430191E-03) ( -5.77419996E-04, -2.53785402E-04)
   1.00000000       0.00000000      -1.00000000     (  1.00955367E-02, -5.55068254E-03) ( -5.17815351E-03,  2.58535147E-02) (  1.00955367E-02, -5.55068254E-03)
   1.00000000       1.00000000      -2.00000000     (  1.42492354E-03,  1.69500709E-03) ( -3.44589353E-03,  2.17696652E-04) ( -1.00582838E-03,  9.49949026E-04)
   1.00000000       1.00000000      -1.00000000     ( -8.89413059E-04,  5.66244125E-03) ( -1.67638063E-03, -3.57627869E-03) ( -2.57045031E-03,  2.08616257E-03)
   1.00000000       2.00000000      -1.00000000     (  1.44354999E-03, -3.23634595E-04) ( -1.00582838E-03, -3.25962901E-04) ( -5.72763383E-04, -9.77888703E-04)
   1.00000000      -2.00000000      -1.00000000     ( -2.72411853E-04, -9.59262252E-04) ( -3.81260179E-05, -3.28291208E-04) ( -1.96741894E-04, -2.98023224E-04)
   1.00000000      -1.00000000      -2.00000000     ( -3.44589353E-04, -1.95577741E-03) ( -8.10250640E-04,  1.99303031E-03) (  2.32830644E-04, -1.97440386E-03)
   1.00000000      -1.00000000      -1.00000000     ( -1.09430403E-04,  4.51691449E-04) ( -4.56348062E-04, -1.06170774E-03) (  3.46917659E-04,  1.51805580E-03)
   2.00000000       0.00000000      -1.00000000     ( -1.13621354E-03,  1.68802217E-04) ( -3.43425199E-05, -1.35973096E-03) ( -2.27242708E-03,  3.37604433E-04)
   2.00000000       1.00000000      -1.00000000     (  2.64844857E-05, -3.72529030E-04) ( -1.95577741E-03, -1.04191713E-04) ( -1.89989805E-03, -8.52160156E-04)
   2.00000000      -1.00000000      -1.00000000     (  9.59262252E-04, -1.33877620E-04) (  7.07805157E-04,  1.17346644E-03) (  1.21071935E-03, -1.43423676E-03)
