   0.00000000       0.00000000      -2.00000000     ( -3.67872417E-04, -2.79396772E-03) (  2.21654773E-03, -9.68575478E-04) (  0.00000000    ,  0.00000000    )
   0.00000000       0.00000000      -1.00000000     (  2.57045031E-02, -4.95463610E-03) (  3.29315662E-02,  3.12179327E-02) (  0.00000000    ,  0.00000000    )
   0.00000000       1.00000000      -2.00000000     ( -7.39237294E-05, -3.30619514E-04) (  3.72529030E-04, -8.94069672E-04) (  1.86264515E-04, -4.47034836E-04)
   0.00000000       1.00000000      -1.00000000     (  3.99537385E-03,  3.15904617E-02) ( -2.55648047E-03, -3.39001417E-03) ( -2.55648047E-03, -3.39001417E-03)
   0.00000000       2.00000000      -1.00000000     (  3.57627869E-03,  4.47034836E-04) (  5.54136932E-04,  2.00234354E-04) (  1.10827386E-03,  4.00468707E-04)
   0.00000000      -2.00000000      -1.00000000     ( -1.32247806E-03,  4.47034836E-04) (  9.68575478E-04,  4.47034836E-04) ( -1.93715096E-03, -8.94069672E-04)
   0.00000000      -1.00000000      -2.00000000     (  2.03028321E-03, -1.90921128E-04) (  1.02445483E-03,  6.51925802E-04) ( -5.12227416E-04, -3.25962901E-04)
   0.00000000      -1.00000000      -1.00000000     (  8.34465027E-03, -7.84173608E-03) ( -2.68686563E-03,  8.04662704E-03) (  2.68686563E-03, -8.04662704E-03)
   1.00000000       0.00000000      -2.00000000     (  1.15483999E-03, -7.63684511E-04) (  1.45286322E-03, -9.31322575E-04) (  5.77419996E-04, -3.81842256E-04)
   1.00000000       0.00000000      -1.00000000     (  1.00024045E-02, -4.47966158E-03) ( -1.03935599E-02, -2.94297934E-03) (  1.00024045E-02, -4.47966158E-03)
   1.00000000       1.00000000      -2.00000000     (  1.15483999E-03,  3.49245965E-04) ( -8.32369551E-05,  1.73225999E-03) (  5.35510480E-04,  1.04308128E-03)
   1.00000000       1.00000000      -1.00000000     (  8.56816769E-04, -3.07336450E-04) ( -2.10478902E-03, -1.17346644E-03) ( -1.24797225E-03, -1.48080289E-03)
   1.00000000       2.00000000      -1.00000000     ( -6.28642738E-05, -1.19209290E-03) (  4.98257577E-04,  4.70317900E-04) (  9.40635800E-04, -2.53785402E-04)
   1.00000000      -2.00000000      -1.00000000     ( -1.75088644E-03, -7.63684511E-04) ( -1.12690032E-03, -1.12690032E-03) (  5.02914190E-04,  1.49011612E-03)
   1.00000000      -1.00000000      -2.00000000     ( -8.00937414E-04,  1.19209290E-03) ( -8.19563866E-04, -6.28642738E-05) (  6.62112143E-06,  6.28642738E-04)
   1.00000000      -1.00000000      -1.00000000     (  6.51925802E-04, -1.65775418E-03) (  2.01165676E-03, -5.40167093E-04) ( -1.35041773E-03, -1.11758709E-03)
   2.00000000       0.00000000      -1.00000000     (  7.82310963E-04,  1.79279596E-04) (  1.32713467E-04, -2.51457095E-04) (  1.56462193E-03,  3.58559191E-04)
   2.00000000       1.00000000      -1.00000000     (  8.10250640E-04,  3.00351530E-04) ( -1.32247806E-03,  7.17118382E-04) (  3.05008143E-04,  1.31316483E-03)
   2.00000000      -1.00000000      -1.00000000     ( -8.14907253E-05, -2.86381692E-04) ( -1.32247806E-03,  1.09896064E-03) (  1.16415322E-03, -1.67638063E-03)
