   0.00000000       0.00000000      -2.00000000     (  1.09896064E-03,  1.65775418E-03) ( -1.47148967E-03, -1.72294676E-04) (  0.00000000    ,  0.00000000    )
   0.00000000       0.00000000      -1.00000000     (  1.66893005E-02,  2.55182385E-03) (  3.68803740E-02,  1.87754631E-02) (  0.00000000    ,  0.00000000    )
   0.00000000       1.00000000      -2.00000000     (  9.49949026E-04,  2.91038305E-05) ( -1.95577741E-04,  5.96046448E-04) ( -9.77888703E-05,  2.98023224E-04)
   0.00000000       1.00000000      -1.00000000     ( -3.45520675E-03,  3.01748514E-02) ( -6.81728125E-03, -2.15601176E-03) ( -6.81728125E-03, -2.15601176E-03)
   0.00000000       2.00000000      -1.00000000     ( -7.35744834E-04,  2.60770321E-04) (  6.05359674E-05,  6.14672899E-04) (  1.21071935E-04,  1.22934580E-03)
   0.00000000      -2.00000000      -1.00000000     (  1.69500709E-03,  5.96046448E-04) ( -5.21540642E-04, -1.62981451E-05) (  1.04308128E-03,  3.25962901E-05)
   0.00000000      -1.00000000      -2.00000000     ( -4.74974513E-04,  6.79865479E-04) ( -5.58793545E-04, -2.02562660E-04) (  2.79396772E-04,  1.01281330E-04)
   0.00000000      -1.00000000      -1.00000000     (  8.40052962E-03, -1.04680657E-02) ( -1.76951289E-03,  2.40281224E-03) (  1.76951289E-03, -2.40281224E-03)
   1.00000000       0.00000000      -2.00000000     ( -7.72997737E-04, -2.07219273E-04) ( -4.98257577E-04,  1.06170774E-03) ( -3.86498868E-04, -1.03609636E-04)
   1.00000000       0.00000000      -1.00000000     (  9.10833478E-03, -5.19677997E-03) ( -9.87201929E-03,  3.47383320E-03) (  9.10833478E-03, -5.19677997E-03)
   1.00000000       1.00000000      -2.00000000     ( -4.74974513E-04, -6.22821972E-05) (  5.40167093E-04, -1.50874257E-03) (  3.20142135E-05, -7.82310963E-04)
   1.00000000       1.00000000      -1.00000000     ( -1.63912773E-03,  1.56462193E-03) (  1.56462193E-03, -1.58324838E-04) ( -6.75208867E-05,  1.39698386E-03)
   1.00000000       2.00000000      -1.00000000     (  3.39932740E-04, -6.79865479E-04) ( -3.95812094E-04, -3.31783667E-05) ( -4.56348062E-04, -7.45058060E-04)
   1.00000000      -2.00000000      -1.00000000     (  9.49949026E-04,  2.60770321E-04) (  7.17118382E-04,  3.91155481E-04) ( -4.88944352E-04, -5.12227416E-04)
   1.00000000      -1.00000000      -2.00000000     (  5.86733222E-04, -7.26431608E-04) (  5.86733222E-04, -4.74974513E-04) ( -2.40106601E-06, -1.28056854E-04)
   1.00000000      -1.00000000      -1.00000000     (  5.06406650E-05,  1.28522515E-03) ( -7.91624188E-04,  8.28877091E-04) (  8.38190317E-04,  4.51691449E-04)
   2.00000000       0.00000000      -1.00000000     ( -4.23751771E-04, -2.32830644E-04) (  6.23986125E-04, -5.40167093E-04) ( -8.47503543E-04, -4.65661287E-04)
   2.00000000       1.00000000      -1.00000000     (  4.70317900E-04,  2.70083547E-04) ( -5.12227416E-04,  6.89178705E-04) (  4.23751771E-04,  1.22934580E-03)
   2.00000000      -1.00000000      -1.00000000     (  3.21306288E-04,  1.08266249E-04) (  7.17118382E-04, -6.42612576E-04) ( -6.75208867E-05,  8.56816769E-04)
