   0.00000000       0.00000000      -2.00000000     ( -3.02679837E-04, -2.90572643E-03) (  2.30967999E-03, -1.07102096E-03) (  0.00000000    ,  0.00000000    )
   0.00000000       0.00000000      -1.00000000     (  2.68220901E-02, -5.99771738E-03) (  3.15159559E-02,  3.26335430E-02) (  0.00000000    ,  0.00000000    )
   0.00000000       1.00000000      -2.00000000     (  1.83936208E-04, -4.84287739E-04) (  1.19907781E-04, -1.03376806E-03) (  5.99538907E-05, -5.16884029E-04)
   0.00000000       1.00000000      -1.00000000     (  5.79282641E-03,  3.07708979E-02) ( -1.76951289E-03, -3.10130417E-03) ( -1.76951289E-03, -3.10130417E-03)
   0.00000000       2.00000000      -1.00000000     (  3.98606062E-03,  5.77419996E-04) (  7.17118382E-04,  4.00468707E-04) (  1.43423676E-03,  8.00937414E-04)
   0.00000000      -2.00000000      -1.00000000     ( -1.25728548E-03,  8.38190317E-04) (  1.00582838E-03,  3.79513949E-04) ( -2.01165676E-03, -7.59027898E-04)
   0.00000000      -1.00000000      -2.00000000     (  2.32830644E-03,  2.31375452E-05) (  9.68575478E-04,  6.75208867E-04) ( -4.84287739E-04, -3.37604433E-04)
   0.00000000      -1.00000000      -1.00000000     (  8.41915607E-03, -6.61239028E-03) ( -2.37952918E-03,  8.99657607E-03) (  2.37952918E-03, -8.99657607E-03)
   1.00000000       0.00000000      -2.00000000     (  1.31316483E-03, -9.49949026E-04) (  1.47148967E-03, -1.12690032E-03) (  6.56582415E-04, -4.74974513E-04)
   1.00000000       0.00000000      -1.00000000     (  9.83476639E-03, -4.08850610E-03) ( -1.00396574E-02, -3.17580998E-03) (  9.83476639E-03, -4.08850610E-03)
   1.00000000       1.00000000      -2.00000000     (  1.37835741E-03,  1.40862539E-04) (  1.26601662E-05,  1.75088644E-03) (  6.93835318E-04,  9.49949026E-04)
   1.00000000       1.00000000      -1.00000000     (  8.75443220E-04, -1.83936208E-04) ( -2.04890966E-03, -1.15483999E-03) ( -1.16415322E-03, -1.34110451E-03)
   1.00000000       2.00000000      -1.00000000     ( -7.85803422E-05, -1.13621354E-03) (  5.12227416E-04,  1.85100362E-04) (  9.40635800E-04, -7.63684511E-04)
   1.00000000      -2.00000000      -1.00000000     ( -1.71363354E-03, -6.51925802E-04) ( -1.14552677E-03, -1.20140612E-03) (  5.77419996E-04,  1.75088644E-03)
   1.00000000      -1.00000000      -2.00000000     ( -7.21774995E-04,  1.34110451E-03) ( -4.37721610E-04, -4.94765118E-05) ( -1.42026693E-04,  6.93835318E-04)
   1.00000000      -1.00000000      -1.00000000     (  7.77654350E-04, -1.56462193E-03) (  2.06753612E-03, -5.02914190E-04) ( -1.29453838E-03, -1.07102096E-03)
   2.00000000       0.00000000      -1.00000000     (  8.47503543E-04,  2.07219273E-04) (  1.30385160E-04, -2.56113708E-04) (  1.69500709E-03,  4.14438546E-04)
   2.00000000       1.00000000      -1.00000000     (  9.12696123E-04,  3.67872417E-04) ( -1.49011612E-03,  7.91624188E-04) (  3.39932740E-04,  1.52736902E-03)
   2.00000000      -1.00000000      -1.00000000     ( -1.20053301E-05, -3.72529030E-04) ( -1.20140612E-03,  1.08964741E-03) (  1.17346644E-03, -1.84401870E-03)
