    0.000000        0.000000        1.000000      (2.3096800E-02,1.2330711E-02)
   (-4.4144690E-03,-2.0042062E-02)  (0.000000,0.000000)
    0.000000        0.000000        2.000000      
 (8.5122883E-03,-2.6728958E-03)  (5.1409006E-03,2.8498471E-03)  
 (0.000000,0.000000)
    0.000000        1.000000        0.000000      
 (-2.9685907E-04,1.1585653E-02)  (0.000000,0.000000)  
 (2.9057264E-03,-3.4645200E-03)
    0.000000        1.000000        1.000000      
 (3.9115548E-03,-9.8254532E-04)  (7.3760748E-03,-6.0722232E-03)  
 (-7.3760748E-03,6.0722232E-03)
    0.000000        1.000000        2.000000      
 (-8.4750354E-03,-2.1606684E-03)  (-8.4191561E-03,1.1321390E-04)  
 (4.2095780E-03,-5.6606950E-05)
    0.000000        2.000000        0.000000      
 (-4.0745363E-04,-4.9080700E-03)  (0.000000,0.000000)  
 (-2.9895455E-03,2.0070001E-03)
    0.000000        2.000000        1.000000      
 (1.0728836E-02,-2.6589260E-03)  (-2.5785994E-04,-2.5797635E-03)  
 (5.1571988E-04,5.1595271E-03)
    0.000000       -2.000000        0.000000      
 (-4.0745363E-04,4.9080700E-03)  (0.000000,0.000000)  
 (-2.9895455E-03,-2.0070001E-03)
    0.000000       -2.000000        1.000000      
 (-1.2442470E-02,-8.9779496E-03)  (-3.8277358E-03,9.8953024E-04)  
 (-7.6554716E-03,1.9790605E-03)
    0.000000       -1.000000        0.000000      
 (-2.9685907E-04,-1.1585653E-02)  (0.000000,0.000000)  
 (2.9057264E-03,3.4645200E-03)
    0.000000       -1.000000        1.000000      
 (7.5250864E-03,-9.9837780E-03)  (-2.8125942E-03,-3.5855919E-03)  
 (-2.8125942E-03,-3.5855919E-03)
    0.000000       -1.000000        2.000000      
 (-1.0374933E-02,2.9616058E-03)  (-7.0431270E-04,5.1129609E-03)  
 (-3.5215635E-04,2.5564805E-03)
    1.000000        0.000000        0.000000      (0.000000,0.000000)  
 (-2.4363399E-02,4.9732625E-03)  (2.1383166E-02,1.8998981E-02)
    1.000000        0.000000        1.000000      
 (-1.9848812E-04,-4.4889748E-03)  (-2.3394823E-02,1.6167760E-02)  
 (1.9848812E-04,4.4889748E-03)
    1.000000        0.000000        2.000000      (1.2642704E-03,1.4901161E-03)
   (5.3737313E-03,9.7975135E-03)  (-6.3213520E-04,-7.4505806E-04)
    1.000000        1.000000        0.000000      
 (4.8056245E-03,-8.3819032E-04)  (-4.8056245E-03,8.3819032E-04)  
 (-4.9173832E-03,2.1327287E-03)
    1.000000        1.000000        1.000000      
 (-2.0535663E-03,2.9336661E-03)  (7.9162419E-04,-1.7555431E-03)  
 (1.2619421E-03,-1.1781231E-03)
    1.000000        1.000000        2.000000      
 (-3.2875687E-03,-1.4808029E-03)  (-2.7380884E-03,-5.8300793E-03)  
 (3.0174851E-03,3.6507845E-03)
    1.000000        2.000000        0.000000      
 (-3.8417056E-04,4.2468309E-03)  (1.9208528E-04,-2.1234155E-03)  
 (2.1001324E-03,1.0915101E-02)
    1.000000        2.000000        1.000000      (5.9977174E-03,4.3027103E-03)
   (-1.4714897E-03,-1.5087426E-03)  (-3.0454248E-03,-1.2828968E-03)
    1.000000       -2.000000        0.000000      
 (-1.0523945E-03,4.4051558E-03)  (-5.2619725E-04,2.2025779E-03)  
 (-6.3702464E-03,-7.7066943E-04)
    1.000000       -2.000000        1.000000      
 (-1.4482066E-03,9.8720193E-04)  (-4.8661605E-04,1.7788261E-03)  
 (4.7730282E-04,2.5751069E-03)
    1.000000       -1.000000        0.000000      
 (-3.8556755E-03,-8.2189217E-04)  (-3.8556755E-03,-8.2189217E-04)  
 (-4.7869980E-03,4.1164458E-03)
    1.000000       -1.000000        1.000000      (1.3597310E-02,6.7055225E-03)
   (4.8708171E-03,6.6496432E-03)  (-8.7358057E-03,-6.4173946E-05)
    1.000000       -1.000000        2.000000      (6.6356733E-04,4.0419400E-03)
   (6.4028427E-05,-1.8673018E-03)  (-3.0035153E-04,-2.9522926E-03)
    2.000000        0.000000        0.000000      (0.000000,0.000000)  
 (1.4640391E-02,-7.3015690E-03)  (-1.8253922E-03,4.5634806E-03)
    2.000000        0.000000        1.000000      
 (-5.0105155E-03,2.7054921E-03)  (5.6717545E-03,1.3075769E-02)  
 (1.0021031E-02,-5.4109842E-03)
    2.000000        1.000000        0.000000      
 (-1.7322600E-03,-1.0081567E-03)  (3.4645200E-03,2.0163134E-03)  
 (-4.6752393E-03,-1.9790605E-03)
    2.000000        1.000000        1.000000      (3.4738332E-03,5.8487058E-03)
   (-6.4074993E-03,-1.2554228E-02)  (-5.3551048E-04,8.3586201E-04)
    2.000000       -1.000000        0.000000      
 (-1.2718374E-04,-2.5797635E-03)  (-2.5436748E-04,-5.1595271E-03)  
 (1.9744039E-03,3.9581209E-03)
    2.000000       -1.000000        1.000000      
 (-5.6345016E-03,9.9651515E-04)  (-6.0163438E-03,9.6624717E-04)  
 (5.2526593E-03,-1.0267831E-03)
