   0.00000000       0.00000000       1.00000000     (  2.31713057E-02,  1.18091702E-02) ( -3.74857336E-04, -2.27242708E-02) (  0.00000000    ,  0.00000000    )
   0.00000000       0.00000000       2.00000000     (  6.66826963E-03, -3.73460352E-03) (  2.13738531E-03,  1.49942935E-03) (  0.00000000    ,  0.00000000    )
   0.00000000       1.00000000       0.00000000     ( -2.15135515E-03,  1.18091702E-02) (  0.00000000    ,  0.00000000    ) (  2.11410224E-03, -2.92435288E-03)
   0.00000000       1.00000000       1.00000000     (  3.30619514E-03, -3.34344804E-03) (  6.98491931E-03, -7.05942512E-03) ( -6.98491931E-03,  7.05942512E-03)
   0.00000000       1.00000000       2.00000000     ( -7.17118382E-03, -1.01281330E-03) ( -7.04079866E-03,  4.93600965E-04) (  3.52039933E-03, -2.46800482E-04)
   0.00000000       2.00000000       0.00000000     ( -1.05646905E-04, -6.18398190E-03) (  0.00000000    ,  0.00000000    ) ( -4.31202352E-03,  4.93600965E-04)
   0.00000000       2.00000000       1.00000000     (  6.20260835E-03,  6.68223947E-04) ( -1.12690032E-03, -2.41212547E-03) (  2.25380063E-03,  4.82425094E-03)
   0.00000000      -2.00000000       0.00000000     ( -1.05646905E-04,  6.18398190E-03) (  0.00000000    ,  0.00000000    ) ( -4.31202352E-03, -4.93600965E-04)
   0.00000000      -2.00000000       1.00000000     ( -9.12696123E-03, -3.44589353E-03) ( -1.87195837E-03,  9.33650881E-04) ( -3.74391675E-03,  1.86730176E-03)
   0.00000000      -1.00000000       0.00000000     ( -2.15135515E-03, -1.18091702E-02) (  0.00000000    ,  0.00000000    ) (  2.11410224E-03,  2.92435288E-03)
   0.00000000      -1.00000000       1.00000000     (  9.87201929E-03, -1.26287341E-02) ( -2.58907676E-03, -2.71014869E-03) ( -2.58907676E-03, -2.71014869E-03)
   0.00000000      -1.00000000       2.00000000     ( -4.29339707E-03,  2.52039172E-04) (  3.92319635E-04,  3.81842256E-03) (  1.96159817E-04,  1.90921128E-03)
   1.00000000       0.00000000       0.00000000     (  0.00000000    ,  0.00000000    ) ( -2.11596489E-02,  5.19677997E-03) (  2.36928463E-02,  1.97440386E-02)
   1.00000000       0.00000000       1.00000000     (  1.59721822E-03, -4.41446900E-03) ( -2.48849392E-02,  1.57952309E-02) ( -1.59721822E-03,  4.41446900E-03)
   1.00000000       0.00000000       2.00000000     (  1.05472282E-03,  2.01631337E-03) (  4.82425094E-03,  5.51342964E-03) ( -5.27361408E-04, -1.00815669E-03)
   1.00000000       1.00000000       0.00000000     (  5.23403287E-03,  7.47386366E-04) ( -5.23403287E-03, -7.47386366E-04) ( -6.53788447E-03,  2.79396772E-03)
   1.00000000       1.00000000       1.00000000     ( -3.06405127E-03,  1.22003257E-03) (  2.12341547E-03, -7.00820237E-04) (  9.42964107E-04, -5.19212335E-04)
   1.00000000       1.00000000       2.00000000     ( -2.22586095E-03, -2.34693289E-03) ( -4.12575901E-03, -3.95812094E-03) (  3.17580998E-03,  3.15718353E-03)
   1.00000000       2.00000000       0.00000000     ( -1.69500709E-03,  5.10364771E-03) (  8.47503543E-04, -2.55182385E-03) ( -2.07219273E-04,  9.38773155E-03)
   1.00000000       2.00000000       1.00000000     (  6.22123480E-03,  2.78465450E-03) ( -2.01631337E-03, -2.03493983E-03) ( -2.19792128E-03,  1.28522515E-03)
   1.00000000      -2.00000000       0.00000000     ( -6.37955964E-04, -7.72997737E-04) ( -3.18977982E-04, -3.86498868E-04) ( -2.92435288E-03,  4.23751771E-04)
   1.00000000      -2.00000000       1.00000000     ( -1.98837370E-03,  8.31205398E-04) ( -1.81607902E-03,  1.51339918E-03) ( -1.64378434E-03,  2.19792128E-03)
   1.00000000      -1.00000000       0.00000000     ( -5.40167093E-03, -3.40864062E-03) ( -5.40167093E-03, -3.40864062E-03) ( -4.33996320E-03,  4.30271029E-03)
   1.00000000      -1.00000000       1.00000000     (  8.19563866E-03,  7.95349479E-03) (  2.13272870E-03,  7.35744834E-03) ( -6.07222319E-03, -5.96046448E-04)
   1.00000000      -1.00000000       2.00000000     (  3.37138772E-03,  5.77419996E-03) (  5.08502126E-03,  1.47148967E-03) (  8.59145075E-04, -2.15135515E-03)
   2.00000000       0.00000000       0.00000000     (  0.00000000    ,  0.00000000    ) (  1.11758709E-02, -6.44475222E-03) ( -3.30619514E-03,  4.31202352E-03)
   2.00000000       0.00000000       1.00000000     ( -4.43309546E-03, -1.36788003E-04) (  3.78116965E-03,  1.09523535E-02) (  8.86619091E-03,  2.73576006E-04)
   2.00000000       1.00000000       0.00000000     ( -1.83470547E-03,  4.50527295E-04) (  3.66941094E-03, -9.01054591E-04) ( -1.57859176E-03, -5.92321157E-03)
   2.00000000       1.00000000       1.00000000     (  2.30036676E-03,  4.58210707E-03) ( -5.14090061E-03, -8.10250640E-03) (  5.47152013E-04, -1.05472282E-03)
   2.00000000      -1.00000000       0.00000000     (  1.14552677E-03, -8.54488462E-04) (  2.29105353E-03, -1.70897692E-03) (  6.19329512E-04,  2.18860805E-03)
   2.00000000      -1.00000000       1.00000000     ( -4.07919288E-03,  4.37721610E-04) ( -4.00468707E-03, -1.62981451E-03) (  4.15369868E-03, -2.50525773E-03)
