   0.00000000       0.00000000       1.00000000     (  1.59488991E-04, -1.09523535E-02) (  2.16066837E-02,  4.37721610E-03) (  0.00000000    ,  0.00000000    )
   0.00000000       0.00000000       2.00000000     (  8.45640898E-03, -2.57045031E-03) ( -1.24797225E-02, -6.20260835E-03) (  0.00000000    ,  0.00000000    )
   0.00000000       1.00000000       0.00000000     (  5.77419996E-03, -1.70897692E-03) (  0.00000000    ,  0.00000000    ) (  1.40815973E-02, -4.56348062E-03)
   0.00000000       1.00000000       1.00000000     ( -4.24683094E-03, -1.94646418E-03) (  4.07919288E-03, -1.26194209E-03) ( -4.07919288E-03,  1.26194209E-03)
   0.00000000       1.00000000       2.00000000     (  6.07222319E-03, -4.93600965E-03) ( -3.17580998E-03,  2.36555934E-03) (  1.58790499E-03, -1.18277967E-03)
   0.00000000       2.00000000       0.00000000     ( -9.08039510E-04,  7.41332769E-03) (  0.00000000    ,  0.00000000    ) ( -1.13621354E-03,  1.39698386E-03)
   0.00000000       2.00000000       1.00000000     ( -7.00820237E-04, -4.17232513E-03) ( -1.71363354E-03,  1.46683306E-03) (  3.42726707E-03, -2.93366611E-03)
   0.00000000      -2.00000000       0.00000000     ( -9.08039510E-04, -7.41332769E-03) (  0.00000000    ,  0.00000000    ) ( -1.13621354E-03, -1.39698386E-03)
   0.00000000      -2.00000000       1.00000000     (  1.79745257E-03,  7.66012818E-04) ( -7.12461770E-04,  2.28174031E-04) ( -1.42492354E-03,  4.56348062E-04)
   0.00000000      -1.00000000       0.00000000     (  5.77419996E-03,  1.70897692E-03) (  0.00000000    ,  0.00000000    ) (  1.40815973E-02,  4.56348062E-03)
   0.00000000      -1.00000000       1.00000000     ( -7.63684511E-03, -1.14366412E-02) ( -5.66244125E-03,  5.79282641E-03) ( -5.66244125E-03,  5.79282641E-03)
   0.00000000      -1.00000000       2.00000000     ( -1.96509063E-03, -3.21306288E-03) (  1.12690032E-03,  2.92435288E-03) (  5.63450158E-04,  1.46217644E-03)
   1.00000000       0.00000000       0.00000000     (  0.00000000    ,  0.00000000    ) ( -2.48849392E-02,  7.18981028E-03) (  1.51991844E-02, -4.50760126E-03)
   1.00000000       0.00000000       1.00000000     ( -1.52271241E-03, -1.99303031E-03) (  1.58324838E-03, -7.63684511E-03) (  1.52271241E-03,  1.99303031E-03)
   1.00000000       0.00000000       2.00000000     ( -4.20957804E-03, -1.63912773E-03) ( -1.01979822E-03,  2.98954546E-03) (  2.10478902E-03,  8.19563866E-04)
   1.00000000       1.00000000       0.00000000     (  1.10361725E-03,  5.89061528E-04) ( -1.10361725E-03, -5.89061528E-04) (  6.37024641E-03,  1.27777457E-02)
   1.00000000       1.00000000       1.00000000     ( -3.96743417E-03, -8.19563866E-04) (  1.65309757E-03,  4.32133675E-03) (  2.31899321E-03, -3.50177288E-03)
   1.00000000       1.00000000       2.00000000     ( -1.81607902E-03,  1.19674951E-03) (  2.91503966E-03,  1.46217644E-03) ( -5.51808625E-04, -1.32713467E-03)
   1.00000000       2.00000000       0.00000000     ( -1.99652277E-04,  1.05239451E-03) (  9.98261385E-05, -5.26197255E-04) ( -2.24448740E-03, -8.56816769E-04)
   1.00000000       2.00000000       1.00000000     (  3.16649675E-03,  4.07453626E-04) ( -1.19209290E-03, -2.65426934E-04) ( -7.79982656E-04,  1.25146471E-04)
   1.00000000      -2.00000000       0.00000000     ( -5.77419996E-04,  2.64262781E-04) ( -2.88709998E-04,  1.32131390E-04) ( -2.10478902E-03,  3.63215804E-03)
   1.00000000      -2.00000000       1.00000000     ( -7.38073140E-04, -2.39815563E-04) (  1.01514161E-03, -2.65426934E-04) (  2.77534127E-03, -2.89874151E-04)
   1.00000000      -1.00000000       0.00000000     (  5.34579158E-03,  1.42958015E-03) (  5.34579158E-03,  1.42958015E-03) ( -3.09199095E-03,  5.28991222E-03)
   1.00000000      -1.00000000       1.00000000     ( -1.65891834E-05,  4.15369868E-03) ( -8.89413059E-04, -4.45172191E-03) ( -8.75443220E-04, -8.60542059E-03)
   1.00000000      -1.00000000       2.00000000     ( -5.32716513E-03, -1.54133886E-03) (  1.92783773E-03,  1.31316483E-03) (  3.63215804E-03,  1.42492354E-03)
   2.00000000       0.00000000       0.00000000     (  0.00000000    ,  0.00000000    ) ( -2.62632966E-03,  3.85567546E-03) (  7.33416528E-04, -2.99885869E-03)
   2.00000000       0.00000000       1.00000000     ( -1.21537596E-03,  1.19674951E-03) ( -2.33761966E-03, -4.00468707E-03) (  2.43075192E-03, -2.39349902E-03)
   2.00000000       1.00000000       0.00000000     ( -1.10361725E-03, -1.45751983E-03) (  2.20723450E-03,  2.91503966E-03) (  2.64262781E-04,  3.83704901E-03)
   2.00000000       1.00000000       1.00000000     ( -7.91624188E-04,  4.19095159E-04) ( -2.10711733E-04,  1.18743628E-03) (  1.79745257E-03, -2.02096999E-03)
   2.00000000      -1.00000000       0.00000000     ( -2.85916030E-03, -1.27125531E-03) ( -5.71832061E-03, -2.54251063E-03) (  1.42026693E-03,  6.09084964E-03)
   2.00000000      -1.00000000       1.00000000     (  2.31899321E-03, -9.91858542E-04) ( -1.41095370E-03,  6.96163625E-04) ( -6.05359674E-03,  2.67289579E-03)
