   0.00000000       0.00000000      -2.00000000     (  4.09781933E-04,  1.65775418E-03) ( -1.28522515E-03,  4.28408384E-04) (  0.00000000    ,  0.00000000    )
   0.00000000       0.00000000      -1.00000000     (  2.77906656E-02, -9.18284059E-03) (  2.25752592E-02,  3.42726707E-02) (  0.00000000    ,  0.00000000    )
   0.00000000       1.00000000      -2.00000000     ( -1.81607902E-04,  4.56348062E-04) (  3.44589353E-04,  8.10250640E-04) (  1.72294676E-04,  4.05125320E-04)
   0.00000000       1.00000000      -1.00000000     (  1.27777457E-02,  2.45124102E-02) (  6.98491931E-04, -9.12696123E-04) (  6.98491931E-04, -9.12696123E-04)
   0.00000000       2.00000000      -1.00000000     ( -2.86847353E-03, -5.77419996E-04) ( -5.96046448E-04, -4.28408384E-04) ( -1.19209290E-03, -8.56816769E-04)
   0.00000000      -2.00000000      -1.00000000     (  6.51925802E-04, -1.17346644E-03) ( -5.30853868E-04,  9.31322575E-05) (  1.06170774E-03, -1.86264515E-04)
   0.00000000      -1.00000000      -2.00000000     ( -1.63912773E-03, -5.30853868E-04) ( -3.63215804E-04, -2.00234354E-04) (  1.81607902E-04,  1.00117177E-04)
   0.00000000      -1.00000000      -1.00000000     (  7.84173608E-03, -1.80443749E-04) ( -3.14321369E-05,  1.09337270E-02) (  3.14321369E-05, -1.09337270E-02)
   1.00000000       0.00000000      -2.00000000     ( -8.66129994E-04,  9.87201929E-04) ( -9.31322575E-04,  1.24797225E-03) ( -4.33064997E-04,  4.93600965E-04)
   1.00000000       0.00000000      -1.00000000     (  7.63684511E-03, -1.55530870E-03) ( -5.40167093E-03, -3.30619514E-03) (  7.63684511E-03, -1.55530870E-03)
   1.00000000       1.00000000      -2.00000000     ( -1.17346644E-03,  5.96046448E-04) (  4.28408384E-04, -1.26659870E-03) ( -3.72529030E-04, -3.39932740E-04)
   1.00000000       1.00000000      -1.00000000     ( -9.31322575E-04, -2.04890966E-04) (  1.09896064E-03,  4.65661287E-04) (  1.76951289E-04,  2.60770321E-04)
   1.00000000       2.00000000      -1.00000000     (  9.08039510E-05,  4.14438546E-04) ( -3.25962901E-04,  4.47034836E-04) ( -5.58793545E-04,  1.30385160E-03)
   1.00000000      -2.00000000      -1.00000000     (  5.21540642E-04,  3.84170562E-05) (  5.68106771E-04,  5.40167093E-04) ( -6.05359674E-04, -1.04308128E-03)
   1.00000000      -1.00000000      -2.00000000     ( -1.28056854E-05, -8.66129994E-04) ( -4.05125320E-04, -3.77185643E-04) (  1.95577741E-04, -2.46800482E-04)
   1.00000000      -1.00000000      -1.00000000     ( -5.12227416E-04,  4.56348062E-04) ( -1.04308128E-03,  1.83936208E-04) (  5.30853868E-04,  2.74740160E-04)
   2.00000000       0.00000000      -1.00000000     ( -4.56348062E-04, -2.28174031E-04) ( -3.11993062E-04,  7.56699592E-05) ( -9.12696123E-04, -4.56348062E-04)
   2.00000000       1.00000000      -1.00000000     ( -3.72529030E-04, -1.79279596E-04) (  6.79865479E-04, -4.00468707E-04) ( -6.17001206E-05, -7.63684511E-04)
   2.00000000      -1.00000000      -1.00000000     ( -1.42026693E-04,  1.35041773E-04) (  2.28174031E-04, -8.56816769E-04) ( -5.12227416E-04,  1.13621354E-03)
