   0.00000000       0.00000000      -2.00000000     (  2.90572643E-03,  5.16884029E-04) ( -3.53902578E-03,  1.86264515E-03) (  0.00000000    ,  0.00000000    )
   0.00000000       0.00000000      -1.00000000     (  3.86498868E-03,  1.16601586E-02) (  2.98768282E-02,  1.05705112E-03) (  0.00000000    ,  0.00000000    )
   0.00000000       1.00000000      -2.00000000     (  2.14204192E-04,  1.21071935E-03) (  1.25728548E-03, -2.09547579E-04) (  6.28642738E-04, -1.04773790E-04)
   0.00000000       1.00000000      -1.00000000     ( -6.72414899E-03,  1.64657831E-02) ( -7.82310963E-03, -4.76837158E-03) ( -7.82310963E-03, -4.76837158E-03)
   0.00000000       2.00000000      -1.00000000     ( -9.68575478E-04, -1.14552677E-03) ( -7.63684511E-04,  3.86498868E-04) ( -1.52736902E-03,  7.72997737E-04)
   0.00000000      -2.00000000      -1.00000000     ( -8.26548785E-05,  1.75088644E-03) ( -1.32713467E-04, -3.63215804E-04) (  2.65426934E-04,  7.26431608E-04)
   0.00000000      -1.00000000      -2.00000000     (  1.80676579E-03,  2.01165676E-03) ( -2.98023224E-04, -1.04308128E-03) (  1.49011612E-04,  5.21540642E-04)
   0.00000000      -1.00000000      -1.00000000     (  1.81142241E-03, -1.38301402E-03) (  3.93018126E-03,  1.19674951E-03) ( -3.93018126E-03, -1.19674951E-03)
   1.00000000       0.00000000      -2.00000000     ( -9.03382897E-04, -3.67872417E-04) (  1.11758709E-03,  2.90572643E-03) ( -4.51691449E-04, -1.83936208E-04)
   1.00000000       0.00000000      -1.00000000     (  1.03935599E-02, -5.56930900E-03) ( -5.53205609E-03,  2.54064798E-02) (  1.03935599E-02, -5.56930900E-03)
   1.00000000       1.00000000      -2.00000000     (  1.01514161E-03,  1.22934580E-03) ( -2.40281224E-03,  7.33416528E-05) ( -6.98491931E-04,  6.51925802E-04)
   1.00000000       1.00000000      -1.00000000     ( -1.00582838E-03,  4.35858965E-03) ( -1.24797225E-03, -2.68220901E-03) ( -2.25380063E-03,  1.65775418E-03)
   1.00000000       2.00000000      -1.00000000     (  9.40635800E-04, -2.53785402E-04) ( -7.82310963E-04, -2.58442014E-04) ( -6.19329512E-04, -7.72997737E-04)
   1.00000000      -2.00000000      -1.00000000     ( -2.74740160E-04, -8.00937414E-04) (  1.83354132E-05, -2.74740160E-04) ( -3.11993062E-04, -2.49128789E-04)
   1.00000000      -1.00000000      -2.00000000     ( -1.25728548E-04, -1.35973096E-03) ( -6.79865479E-04,  1.31316483E-03) (  2.79396772E-04, -1.34110451E-03)
   1.00000000      -1.00000000      -1.00000000     ( -2.21189111E-05,  3.86498868E-04) ( -3.18977982E-04, -5.72763383E-04) (  2.98023224E-04,  9.59262252E-04)
   2.00000000       0.00000000      -1.00000000     ( -8.66129994E-04,  1.35041773E-04) (  1.46683306E-04, -1.18277967E-03) ( -1.73225999E-03,  2.70083547E-04)
   2.00000000       1.00000000      -1.00000000     ( -8.44011083E-06, -3.44589353E-04) ( -1.35973096E-03,  1.83936208E-04) ( -1.37835741E-03, -5.07570803E-04)
   2.00000000      -1.00000000      -1.00000000     (  7.35744834E-04, -5.12227416E-05) (  4.47034836E-04,  9.31322575E-04) (  1.03376806E-03, -1.03376806E-03)
