    0.000000        0.000000        1.000000      (2.2277236E-02,1.2144446E-02)
   (-6.5937638E-03,-1.8253922E-02)  (0.000000,0.000000)
    0.000000        0.000000        2.000000      
 (8.1583858E-03,-1.9557774E-03)  (5.8859587E-03,3.9674342E-03)  
 (0.000000,0.000000)
    0.000000        1.000000        0.000000      (5.1921234E-04,1.0356307E-02)
   (0.000000,0.000000)  (3.2782555E-03,-3.0919909E-03)
    0.000000        1.000000        1.000000      (4.0978193E-03,7.4272975E-04)
   (6.9290400E-03,-5.3644180E-03)  (-6.9290400E-03,5.3644180E-03)
    0.000000        1.000000        2.000000      
 (-8.3446503E-03,-2.5378540E-03)  (-7.0780516E-03,-4.6333298E-04)  
 (3.5390258E-03,2.3166649E-04)
    0.000000        2.000000        0.000000      
 (-1.8719584E-03,-2.8638169E-03)  (0.000000,0.000000)  
 (-1.9464642E-03,2.8219074E-03)
    0.000000        2.000000        1.000000      
 (1.1455268E-02,-3.2782555E-03)  (-8.2072802E-05,-2.3422763E-03)  
 (1.6414560E-04,4.6845526E-03)
    0.000000       -2.000000        0.000000      
 (-1.8719584E-03,2.8638169E-03)  (0.000000,0.000000)  
 (-1.9464642E-03,-2.8219074E-03)
    0.000000       -2.000000        1.000000      
 (-1.3038516E-02,-1.0803342E-02)  (-4.1630119E-03,1.1129305E-03)  
 (-8.3260238E-03,2.2258610E-03)
    0.000000       -1.000000        0.000000      
 (5.1921234E-04,-1.0356307E-02)  (0.000000,0.000000)  
 (3.2782555E-03,3.0919909E-03)
    0.000000       -1.000000        1.000000      
 (6.6496432E-03,-8.0093741E-03)  (-2.4680048E-03,-4.0046871E-03)  
 (-2.4680048E-03,-4.0046871E-03)
    0.000000       -1.000000        2.000000      
 (-1.2628734E-02,3.0640513E-03)  (-1.6437843E-03,3.7718564E-03)  
 (-8.2189217E-04,1.8859282E-03)
    1.000000        0.000000        0.000000      (0.000000,0.000000)  
 (-2.5182962E-02,4.8987567E-03)  (1.9371510E-02,1.8328428E-02)
    1.000000        0.000000        1.000000      
 (-1.1781231E-03,-3.9860606E-03)  (-2.1457672E-02,1.5497208E-02)  
 (1.1781231E-03,3.9860606E-03)
    1.000000        0.000000        2.000000      (1.0943040E-03,1.2922101E-03)
   (5.1129609E-03,1.0784715E-02)  (-5.4715201E-04,-6.4610504E-04)
    1.000000        1.000000        0.000000      
 (4.2282045E-03,-1.3224781E-03)  (-4.2282045E-03,1.3224781E-03)  
 (-3.6880374E-03,2.0768493E-03)
    1.000000        1.000000        1.000000      
 (-5.7974830E-04,3.6973506E-03)  (-7.5902790E-04,-2.3841858E-03)  
 (1.3387762E-03,-1.3131648E-03)
    1.000000        1.000000        2.000000      
 (-3.7904829E-03,-1.5832484E-04)  (-1.4016405E-03,-5.9045851E-03)  
 (2.5937334E-03,3.0267984E-03)
    1.000000        2.000000        0.000000      (1.0756776E-03,2.9802322E-03)
   (-5.3783879E-04,-1.4901161E-03)  (3.4179538E-03,1.0058284E-02)
    1.000000        2.000000        1.000000      (4.8708171E-03,4.2282045E-03)
   (-1.5832484E-03,-5.7509169E-04)  (-1.7089769E-03,-3.0826777E-03)
    1.000000       -2.000000        0.000000      
 (-1.9441359E-04,6.8359077E-03)  (-9.7206794E-05,3.4179538E-03)  
 (-6.8731606E-03,-1.0710210E-03)
    1.000000       -2.000000        1.000000      
 (-1.4109537E-03,4.6216883E-04)  (1.8444553E-05,1.0221265E-03)  
 (1.4482066E-03,1.5832484E-03)
    1.000000       -1.000000        0.000000      
 (-2.7287751E-03,9.1094989E-05)  (-2.7287751E-03,9.1094989E-05)  
 (-5.1222742E-03,3.9488077E-03)
    1.000000       -1.000000        1.000000      (1.4565885E-02,3.5390258E-03)
   (5.2526593E-03,3.9767474E-03)  (-9.3318522E-03,4.4470653E-04)
    1.000000       -1.000000        2.000000      
 (-1.6391277E-03,1.7974526E-03)  (-3.7811697E-03,-3.4924597E-03)  
 (-1.0710210E-03,-2.6496127E-03)
    2.000000        0.000000        0.000000      (0.000000,0.000000)  
 (1.4379621E-02,-5.8859587E-03)  (-9.6391886E-04,3.1944364E-03)
    2.000000        0.000000        1.000000      
 (-4.2561442E-03,4.2002648E-03)  (5.4668635E-03,1.1958182E-02)  
 (8.5122883E-03,-8.4005296E-03)
    2.000000        1.000000        0.000000      
 (-1.7927960E-03,-1.9650906E-03)  (3.5855919E-03,3.9301813E-03)  
 (-6.4261258E-03,9.8021701E-04)
    2.000000        1.000000        1.000000      (3.6042184E-03,5.5413693E-03)
   (-5.9604645E-03,-1.3709068E-02)  (-1.2479722E-03,2.6309863E-03)
    2.000000       -1.000000        0.000000      
 (-1.4086254E-03,-3.1758100E-03)  (-2.8172508E-03,-6.3516200E-03)  
 (2.3283064E-03,4.2747706E-03)
    2.000000       -1.000000        1.000000      
 (-5.4296106E-03,1.7881393E-03)  (-5.4296106E-03,3.8649887E-03)  
 (5.4389238E-03,2.9162038E-04)
