   0.00000000       0.00000000      -2.00000000     (  2.42143869E-03,  4.42378223E-04) ( -2.83122063E-03,  1.41561031E-03) (  0.00000000    ,  0.00000000    )
   0.00000000       0.00000000      -1.00000000     (  4.56348062E-03,  1.19954348E-02) (  3.16649675E-02,  1.87661499E-03) (  0.00000000    ,  0.00000000    )
   0.00000000       1.00000000      -2.00000000     (  2.88709998E-04,  9.59262252E-04) (  1.07102096E-03, -1.30385160E-04) (  5.35510480E-04, -6.51925802E-05)
   0.00000000       1.00000000      -1.00000000     ( -6.79865479E-03,  1.77323818E-02) ( -8.21426511E-03, -4.69386578E-03) ( -8.21426511E-03, -4.69386578E-03)
   0.00000000       2.00000000      -1.00000000     ( -8.56816769E-04, -9.77888703E-04) ( -6.70552254E-04,  4.00468707E-04) ( -1.34110451E-03,  8.00937414E-04)
   0.00000000      -2.00000000      -1.00000000     (  6.86850399E-05,  1.32247806E-03) ( -7.56699592E-05, -2.09547579E-04) (  1.51339918E-04,  4.19095159E-04)
   0.00000000      -1.00000000      -2.00000000     (  1.41561031E-03,  1.62050128E-03) ( -2.37487257E-04, -8.19563866E-04) (  1.18743628E-04,  4.09781933E-04)
   0.00000000      -1.00000000      -1.00000000     (  2.52388418E-03, -1.86264515E-03) (  3.89292836E-03,  1.20140612E-03) ( -3.89292836E-03, -1.20140612E-03)
   1.00000000       0.00000000      -2.00000000     ( -7.82310963E-04, -3.07336450E-04) (  9.87201929E-04,  2.42143869E-03) ( -3.91155481E-04, -1.53668225E-04)
   1.00000000       0.00000000      -1.00000000     (  1.07660890E-02, -5.66244125E-03) ( -5.86733222E-03,  2.54064798E-02) (  1.07660890E-02, -5.66244125E-03)
   1.00000000       1.00000000      -2.00000000     (  8.00937414E-04,  9.96515155E-04) ( -1.89989805E-03, -1.55705493E-05) ( -5.44823706E-04,  4.93600965E-04)
   1.00000000       1.00000000      -1.00000000     ( -1.02445483E-03,  3.65078449E-03) ( -1.00582838E-03, -2.23517418E-03) ( -2.03028321E-03,  1.41561031E-03)
   1.00000000       2.00000000      -1.00000000     (  6.79865479E-04, -2.11875886E-04) ( -6.42612576E-04, -2.11875886E-04) ( -5.96046448E-04, -6.33299351E-04)
   1.00000000      -2.00000000      -1.00000000     ( -2.60770321E-04, -6.79865479E-04) (  4.71482053E-05, -2.42143869E-04) ( -3.53902578E-04, -2.00234354E-04)
   1.00000000      -1.00000000      -2.00000000     ( -3.25962901E-05, -1.08964741E-03) ( -6.05359674E-04,  9.68575478E-04) (  2.88709998E-04, -1.03376806E-03)
   1.00000000      -1.00000000      -1.00000000     (  1.50976120E-06,  3.49245965E-04) ( -2.67755240E-04, -3.44589353E-04) (  2.70083547E-04,  6.89178705E-04)
   2.00000000       0.00000000      -1.00000000     ( -7.35744834E-04,  1.12922862E-04) (  2.00234354E-04, -1.06170774E-03) ( -1.47148967E-03,  2.25845724E-04)
   2.00000000       1.00000000      -1.00000000     ( -8.51287041E-06, -3.11993062E-04) ( -1.08033419E-03,  2.93366611E-04) ( -1.09896064E-03, -3.30619514E-04)
   2.00000000      -1.00000000      -1.00000000     (  6.23986125E-04, -1.62981451E-05) (  3.39932740E-04,  7.82310963E-04) (  9.12696123E-04, -8.19563866E-04)
