    0.000000        0.000000        1.000000      (2.2202730E-02,1.2107193E-02)
   (-6.3702464E-03,-1.8328428E-02)  (0.000000,0.000000)
    0.000000        0.000000        2.000000      
 (8.2142651E-03,-2.0023435E-03)  (5.8487058E-03,3.8743019E-03)  
 (0.000000,0.000000)
    0.000000        1.000000        0.000000      (4.4936314E-04,1.0430813E-02)
   (0.000000,0.000000)  (3.2316893E-03,-3.1199306E-03)
    0.000000        1.000000        1.000000      (4.0791929E-03,5.8207661E-04)
   (6.9476664E-03,-5.3830445E-03)  (-6.9476664E-03,5.3830445E-03)
    0.000000        1.000000        2.000000      
 (-8.3632767E-03,-2.5192276E-03)  (-7.2270632E-03,-4.0163286E-04)  
 (3.6135316E-03,2.0081643E-04)
    0.000000        2.000000        0.000000      
 (-1.7182902E-03,-3.0454248E-03)  (0.000000,0.000000)  
 (-2.0302832E-03,2.7706847E-03)
    0.000000        2.000000        1.000000      
 (1.1473894E-02,-3.2689422E-03)  (-8.0908649E-05,-2.3655593E-03)  
 (1.6181730E-04,4.7311187E-03)
    0.000000       -2.000000        0.000000      
 (-1.7182902E-03,3.0454248E-03)  (0.000000,0.000000)  
 (-2.0302832E-03,-2.7706847E-03)
    0.000000       -2.000000        1.000000      
 (-1.3038516E-02,-1.0691583E-02)  (-4.1630119E-03,1.0989606E-03)  
 (-8.3260238E-03,2.1979213E-03)
    0.000000       -1.000000        0.000000      
 (4.4936314E-04,-1.0430813E-02)  (0.000000,0.000000)  
 (3.2316893E-03,3.1199306E-03)
    0.000000       -1.000000        1.000000      
 (6.6682696E-03,-8.1211329E-03)  (-2.4959445E-03,-3.9488077E-03)  
 (-2.4959445E-03,-3.9488077E-03)
    0.000000       -1.000000        2.000000      
 (-1.2479722E-02,3.1106174E-03)  (-1.5599653E-03,3.9488077E-03)  
 (-7.7998266E-04,1.9744039E-03)
    1.000000        0.000000        0.000000      (0.000000,0.000000)  
 (-2.4959445E-02,4.8801303E-03)  (1.9446015E-02,1.8328428E-02)
    1.000000        0.000000        1.000000      
 (-1.0896474E-03,-4.0233135E-03)  (-2.1532178E-02,1.5497208E-02)  
 (1.0896474E-03,4.0233135E-03)
    1.000000        0.000000        2.000000      (1.1245720E-03,1.2968667E-03)
   (5.1409006E-03,1.0747463E-02)  (-5.6228600E-04,-6.4843334E-04)
    1.000000        1.000000        0.000000      
 (4.2654574E-03,-1.2852252E-03)  (-4.2654574E-03,1.2852252E-03)  
 (-3.7811697E-03,2.0582229E-03)
    1.000000        1.000000        1.000000      
 (-7.2061084E-04,3.6414713E-03)  (-6.1118044E-04,-2.3283064E-03)  
 (1.3317913E-03,-1.3154931E-03)
    1.000000        1.000000        2.000000      
 (-3.7532300E-03,-2.7997885E-04)  (-1.5133992E-03,-5.9232116E-03)  
 (2.6356429E-03,3.1013042E-03)
    1.000000        2.000000        0.000000      (9.4296411E-04,3.0919909E-03)
   (-4.7148205E-04,-1.5459955E-03)  (3.3248216E-03,1.0151416E-02)
    1.000000        2.000000        1.000000      (4.9825758E-03,4.2747706E-03)
   (-1.5599653E-03,-6.6822395E-04)  (-1.8673018E-03,-2.9336661E-03)
    1.000000       -2.000000        0.000000      
 (-2.8754584E-04,6.6682696E-03)  (-1.4377292E-04,3.3341348E-03)  
 (-6.8917871E-03,-1.0570511E-03)
    1.000000       -2.000000        1.000000      
 (-1.3783574E-03,5.1222742E-04)  (6.5847416E-06,1.1012889E-03)  
 (1.3923272E-03,1.6903505E-03)
    1.000000       -1.000000        0.000000      
 (-2.8219074E-03,3.1141099E-05)  (-2.8219074E-03,3.1141099E-05)  
 (-5.0663948E-03,3.9488077E-03)
    1.000000       -1.000000        1.000000      (1.4565885E-02,3.8556755E-03)
   (5.2619725E-03,4.2468309E-03)  (-9.2945993E-03,3.8882717E-04)
    1.000000       -1.000000        2.000000      
 (-1.4575198E-03,1.9976869E-03)  (-3.4645200E-03,-3.3807009E-03)  
 (-1.0058284E-03,-2.6915222E-03)
    2.000000        0.000000        0.000000      (0.000000,0.000000)  
 (1.4454126E-02,-6.0349703E-03)  (-1.0244548E-03,3.3434480E-03)
    2.000000        0.000000        1.000000      
 (-4.3399632E-03,4.0885061E-03)  (5.5227429E-03,1.2107193E-02)  
 (8.6799264E-03,-8.1770122E-03)
    2.000000        1.000000        0.000000      
 (-1.7834827E-03,-1.8859282E-03)  (3.5669655E-03,3.7718564E-03)  
 (-6.2957406E-03,7.2526745E-04)
    2.000000        1.000000        1.000000      (3.6042184E-03,5.5972487E-03)
   (-6.0163438E-03,-1.3671815E-02)  (-1.1827797E-03,2.4726614E-03)
    2.000000       -1.000000        0.000000      
 (-1.2875535E-03,-3.1385571E-03)  (-2.5751069E-03,-6.2771142E-03)  
 (2.3283064E-03,4.2654574E-03)
    2.000000       -1.000000        1.000000      
 (-5.4761767E-03,1.7136335E-03)  (-5.5227429E-03,3.6042184E-03)  
 (5.4296106E-03,1.7171260E-04)
