   0.00000000       0.00000000       1.00000000     (  3.41096893E-04, -1.09151006E-02) (  2.19047070E-02,  4.02331352E-03) (  0.00000000    ,  0.00000000    )
   0.00000000       0.00000000       2.00000000     (  8.41915607E-03, -2.40281224E-03) ( -1.24052167E-02, -6.33299351E-03) (  0.00000000    ,  0.00000000    )
   0.00000000       1.00000000       0.00000000     (  5.58793545E-03, -1.94646418E-03) (  0.00000000    ,  0.00000000    ) (  1.40815973E-02, -4.28408384E-03)
   0.00000000       1.00000000       1.00000000     ( -3.74391675E-03, -1.69500709E-03) (  4.07919288E-03, -1.26194209E-03) ( -4.07919288E-03,  1.26194209E-03)
   0.00000000       1.00000000       2.00000000     (  6.12810254E-03, -5.14090061E-03) ( -2.96160579E-03,  2.48663127E-03) (  1.48080289E-03, -1.24331564E-03)
   0.00000000       2.00000000       0.00000000     ( -6.14672899E-04,  7.52508640E-03) (  0.00000000    ,  0.00000000    ) ( -1.17812306E-03,  1.77882612E-03)
   0.00000000       2.00000000       1.00000000     ( -8.70786607E-04, -4.60073352E-03) ( -1.72294676E-03,  1.57859176E-03) (  3.44589353E-03, -3.15718353E-03)
   0.00000000      -2.00000000       0.00000000     ( -6.14672899E-04, -7.52508640E-03) (  0.00000000    ,  0.00000000    ) ( -1.17812306E-03, -1.77882612E-03)
   0.00000000      -2.00000000       1.00000000     (  1.52271241E-03,  9.96515155E-04) ( -7.38073140E-04,  2.40979716E-04) ( -1.47614628E-03,  4.81959432E-04)
   0.00000000      -1.00000000       0.00000000     (  5.58793545E-03,  1.94646418E-03) (  0.00000000    ,  0.00000000    ) (  1.40815973E-02,  4.28408384E-03)
   0.00000000      -1.00000000       1.00000000     ( -7.48783350E-03, -1.15483999E-02) ( -5.75557351E-03,  5.73694706E-03) ( -5.75557351E-03,  5.73694706E-03)
   0.00000000      -1.00000000       2.00000000     ( -1.89989805E-03, -3.31550837E-03) (  1.35041773E-03,  2.77534127E-03) (  6.75208867E-04,  1.38767064E-03)
   1.00000000       0.00000000       0.00000000     (  0.00000000    ,  0.00000000    ) ( -2.47359276E-02,  7.48783350E-03) (  1.49011612E-02, -4.43309546E-03)
   1.00000000       0.00000000       1.00000000     ( -1.52271241E-03, -1.90921128E-03) (  1.14552677E-03, -7.97212124E-03) (  1.52271241E-03,  1.90921128E-03)
   1.00000000       0.00000000       2.00000000     ( -4.26545739E-03, -1.68569386E-03) ( -9.22009349E-04,  2.83122063E-03) (  2.13272870E-03,  8.42846930E-04)
   1.00000000       1.00000000       0.00000000     (  1.26194209E-03,  7.24103302E-04) ( -1.26194209E-03, -7.24103302E-04) (  6.23986125E-03,  1.24797225E-02)
   1.00000000       1.00000000       1.00000000     ( -3.68803740E-03, -7.77654350E-04) (  1.38767064E-03,  4.35858965E-03) (  2.30036676E-03, -3.57627869E-03)
   1.00000000       1.00000000       2.00000000     ( -2.15135515E-03,  1.17346644E-03) (  2.98954546E-03,  1.55065209E-03) ( -4.20259312E-04, -1.36438757E-03)
   1.00000000       2.00000000       0.00000000     ( -4.58385330E-05,  1.35041773E-03) (  2.29192665E-05, -6.75208867E-04) ( -2.49594450E-03, -5.61121851E-04)
   1.00000000       2.00000000       1.00000000     (  3.26894224E-03,  5.68106771E-04) ( -1.20606273E-03, -3.02679837E-04) ( -8.52160156E-04,  3.76894604E-05)
   1.00000000      -2.00000000       0.00000000     ( -3.00351530E-04,  3.81842256E-04) ( -1.50175765E-04,  1.90921128E-04) ( -2.26311386E-03,  3.52039933E-03)
   1.00000000      -2.00000000       1.00000000     ( -9.35979187E-04, -6.49015419E-05) (  9.03382897E-04, -1.00117177E-04) (  2.73808837E-03, -1.35623850E-04)
   1.00000000      -1.00000000       0.00000000     (  5.06639481E-03,  1.25728548E-03) (  5.06639481E-03,  1.25728548E-03) ( -3.24100256E-03,  6.07222319E-03)
   1.00000000      -1.00000000       1.00000000     (  4.33064997E-04,  4.20957804E-03) ( -8.14907253E-04, -4.65661287E-03) ( -1.24797225E-03, -8.86619091E-03)
   1.00000000      -1.00000000       2.00000000     ( -5.53205609E-03, -1.57859176E-03) (  1.93715096E-03,  1.13155693E-03) (  3.72529030E-03,  1.35507435E-03)
   2.00000000       0.00000000       0.00000000     (  0.00000000    ,  0.00000000    ) ( -2.56113708E-03,  4.02331352E-03) (  4.54019755E-04, -2.94297934E-03)
   2.00000000       0.00000000       1.00000000     ( -1.18743628E-03,  1.17346644E-03) ( -2.55182385E-03, -3.85567546E-03) (  2.37487257E-03, -2.34693289E-03)
   2.00000000       1.00000000       0.00000000     ( -1.04773790E-03, -1.42958015E-03) (  2.09547579E-03,  2.85916030E-03) (  4.13274392E-04,  3.70666385E-03)
   2.00000000       1.00000000       1.00000000     ( -7.54371285E-04,  3.86498868E-04) ( -3.45753506E-04,  1.21071935E-03) (  1.85333192E-03, -1.98371708E-03)
   2.00000000      -1.00000000       0.00000000     ( -2.92435288E-03, -1.30850822E-03) ( -5.84870577E-03, -2.61701643E-03) (  1.54599547E-03,  6.23986125E-03)
   2.00000000      -1.00000000       1.00000000     (  2.26311386E-03, -1.22468919E-03) ( -1.43423676E-03,  6.21657819E-04) ( -5.96046448E-03,  3.07336450E-03)
