    0.000000        0.000000        1.000000      (2.3022294E-02,1.2405217E-02)
   (-4.9360096E-03,-1.9744039E-02)  (0.000000,0.000000)
    0.000000        0.000000        2.000000      
 (8.5681677E-03,-2.5006011E-03)  (5.3923577E-03,3.1106174E-03)  
 (0.000000,0.000000)
    0.000000        1.000000        0.000000      
 (-1.0128133E-04,1.1436641E-02)  (0.000000,0.000000)  
 (3.0081719E-03,-3.4365803E-03)
    0.000000        1.000000        1.000000      
 (3.9860606E-03,-6.1234459E-04)  (7.3388219E-03,-5.9418380E-03)  
 (-7.3388219E-03,5.9418380E-03)
    0.000000        1.000000        2.000000      
 (-8.5122883E-03,-2.2863969E-03)  (-8.2515180E-03,7.0576789E-06)  
 (4.1257590E-03,-3.5288394E-06)
    0.000000        2.000000        0.000000      
 (-6.7637302E-04,-4.4982880E-03)  (0.000000,0.000000)  
 (-2.7660280E-03,2.2398308E-03)
    0.000000        2.000000        1.000000      
 (1.1101365E-02,-2.9057264E-03)  (-1.8277206E-04,-2.5518239E-03)  
 (3.6554411E-04,5.1036477E-03)
    0.000000       -2.000000        0.000000      
 (-6.7637302E-04,4.4982880E-03)  (0.000000,0.000000)  
 (-2.7660280E-03,-2.2398308E-03)
    0.000000       -2.000000        1.000000      
 (-1.2740493E-02,-9.5553696E-03)  (-3.9860606E-03,1.0128133E-03)  
 (-7.9721212E-03,2.0256266E-03)
    0.000000       -1.000000        0.000000      
 (-1.0128133E-04,-1.1436641E-02)  (0.000000,0.000000)  
 (3.0081719E-03,3.4365803E-03)
    0.000000       -1.000000        1.000000      
 (7.3201954E-03,-9.6112490E-03)  (-2.7753413E-03,-3.7066638E-03)  
 (-2.7753413E-03,-3.7066638E-03)
    0.000000       -1.000000        2.000000      
 (-1.1045486E-02,3.1199306E-03)  (-9.0571120E-04,4.9639493E-03)  
 (-4.5285560E-04,2.4819747E-03)
    1.000000        0.000000        0.000000      (0.000000,0.000000)  
 (-2.4735928E-02,4.9732625E-03)  (2.1010637E-02,1.8924475E-02)
    1.000000        0.000000        1.000000      
 (-4.2957254E-04,-4.4144690E-03)  (-2.3096800E-02,1.6093254E-02)  
 (4.2957254E-04,4.4144690E-03)
    1.000000        0.000000        2.000000      (1.2642704E-03,1.4272518E-03)
   (5.3737313E-03,1.0188669E-02)  (-6.3213520E-04,-7.1362592E-04)
    1.000000        1.000000        0.000000      
 (4.7124922E-03,-9.8254532E-04)  (-4.7124922E-03,9.8254532E-04)  
 (-4.6752393E-03,2.1047890E-03)
    1.000000        1.000000        1.000000      
 (-1.7648563E-03,3.1478703E-03)  (4.7730282E-04,-1.9045547E-03)  
 (1.2875535E-03,-1.2409873E-03)
    1.000000        1.000000        2.000000      
 (-3.4272671E-03,-1.2130477E-03)  (-2.4540350E-03,-5.9232116E-03)  
 (2.9429793E-03,3.5669655E-03)
    1.000000        2.000000        0.000000      
 (-7.9307938E-05,3.9860606E-03)  (3.9653969E-05,-1.9930303E-03)  
 (2.4447218E-03,1.0821968E-02)
    1.000000        2.000000        1.000000      (5.7928264E-03,4.3865293E-03)
   (-1.4714897E-03,-1.3387762E-03)  (-2.8591603E-03,-1.7089769E-03)
    1.000000       -2.000000        0.000000      
 (-9.1968104E-04,5.0850213E-03)  (-4.5984052E-04,2.5425106E-03)  
 (-6.6310167E-03,-8.6380169E-04)
    1.000000       -2.000000        1.000000      
 (-1.3806857E-03,8.8242814E-04)  (-3.1432137E-04,1.6530976E-03)  
 (7.5204298E-04,2.4260953E-03)
    1.000000       -1.000000        0.000000      
 (-3.6321580E-03,-5.7509169E-04)  (-3.6321580E-03,-5.7509169E-04)  
 (-4.8801303E-03,4.1164458E-03)
    1.000000       -1.000000        1.000000      (1.4044344E-02,6.1467290E-03)
   (5.0757080E-03,6.1653554E-03)  (-8.9593232E-03,3.0122465E-05)
    1.000000       -1.000000        2.000000      (1.2019882E-04,3.5669655E-03)
   (-8.2422048E-04,-2.3050234E-03)  (-4.7264621E-04,-2.9336661E-03)
    2.000000        0.000000        0.000000      (0.000000,0.000000)  
 (1.4789402E-02,-7.0966780E-03)  (-1.6065314E-03,4.3399632E-03)
    2.000000        0.000000        1.000000      
 (-4.9080700E-03,3.0919909E-03)  (5.7462603E-03,1.3001263E-02)  
 (9.8161399E-03,-6.1839819E-03)
    2.000000        1.000000        0.000000      
 (-1.7415732E-03,-1.2409873E-03)  (3.4831464E-03,2.4819747E-03)  
 (-5.1409006E-03,-1.3108365E-03)
    2.000000        1.000000        1.000000      (3.5483390E-03,5.8673322E-03)
   (-6.4074993E-03,-1.3001263E-02)  (-6.9616362E-04,1.2386590E-03)
    2.000000       -1.000000        0.000000      
 (-3.9581209E-04,-2.7567148E-03)  (-7.9162419E-04,-5.5134296E-03)  
 (2.1234155E-03,4.0885061E-03)
    2.000000       -1.000000        1.000000      
 (-5.6810677E-03,1.1688098E-03)  (-6.0163438E-03,1.5879050E-03)  
 (5.3457916E-03,-7.4971467E-04)
