   0.00000000       0.00000000       1.00000000     (  2.81259418E-03, -1.13993883E-02) (  2.75671482E-02,  2.81725079E-04) (  0.00000000    ,  0.00000000    )
   0.00000000       0.00000000       2.00000000     (  4.17232513E-03, -7.45058060E-04) ( -5.43892384E-03, -3.03611159E-03) (  0.00000000    ,  0.00000000    )
   0.00000000       1.00000000       0.00000000     (  4.09781933E-03, -3.35276127E-03) (  0.00000000    ,  0.00000000    ) (  1.51246786E-02, -1.78348273E-03)
   0.00000000       1.00000000       1.00000000     (  5.72763383E-04,  6.03031367E-04) (  4.04193997E-03, -1.22003257E-03) ( -4.04193997E-03,  1.22003257E-03)
   0.00000000       1.00000000       2.00000000     (  2.83122063E-03, -2.96160579E-03) ( -5.35510480E-04,  1.60187483E-03) (  2.67755240E-04, -8.00937414E-04)
   0.00000000       2.00000000       0.00000000     (  1.66706741E-03,  2.68220901E-03) (  0.00000000    ,  0.00000000    ) ( -1.86264515E-04,  1.60187483E-03)
   0.00000000       2.00000000       1.00000000     ( -4.65661287E-04, -2.81259418E-03) ( -3.46917659E-04,  7.68341124E-04) (  6.93835318E-04, -1.53668225E-03)
   0.00000000      -2.00000000       0.00000000     (  1.66706741E-03, -2.68220901E-03) (  0.00000000    ,  0.00000000    ) ( -1.86264515E-04, -1.60187483E-03)
   0.00000000      -2.00000000       1.00000000     ( -1.07102096E-03,  1.45286322E-03) ( -9.26665962E-04, -3.07336450E-04) ( -1.85333192E-03, -6.14672899E-04)
   0.00000000      -1.00000000       0.00000000     (  4.09781933E-03,  3.35276127E-03) (  0.00000000    ,  0.00000000    ) (  1.51246786E-02,  1.78348273E-03)
   0.00000000      -1.00000000       1.00000000     ( -6.79865479E-03, -1.48266554E-02) ( -7.30156898E-03,  5.02914190E-03) ( -7.30156898E-03,  5.02914190E-03)
   0.00000000      -1.00000000       2.00000000     ( -6.22821972E-05, -1.83470547E-03) (  1.63912773E-03,  4.74974513E-04) (  8.19563866E-04,  2.37487257E-04)
   1.00000000       0.00000000       0.00000000     (  0.00000000    ,  0.00000000    ) ( -2.68965960E-02,  1.21071935E-02) (  1.45658851E-02, -4.15369868E-03)
   1.00000000       0.00000000       1.00000000     ( -1.87195837E-03, -1.04308128E-03) ( -3.37138772E-03, -1.19209290E-02) (  1.87195837E-03,  1.04308128E-03)
   1.00000000       0.00000000       2.00000000     ( -2.51457095E-03, -1.49011612E-03) (  2.39815563E-04,  1.12690032E-03) (  1.25728548E-03,  7.45058060E-04)
   1.00000000       1.00000000       0.00000000     (  2.84984708E-03,  2.11410224E-03) ( -2.84984708E-03, -2.11410224E-03) (  4.20957804E-03,  1.07288361E-02)
   1.00000000       1.00000000       1.00000000     ( -3.65544111E-04,  1.47847459E-04) ( -1.06170774E-03,  1.78813934E-03) (  1.42492354E-03, -1.93715096E-03)
   1.00000000       1.00000000       2.00000000     ( -2.44006515E-03,  3.63215804E-04) (  1.70432031E-03,  1.65775418E-03) (  3.70200723E-04, -1.00582838E-03)
   1.00000000       2.00000000       0.00000000     (  2.42143869E-04,  2.10478902E-03) ( -1.21071935E-04, -1.05239451E-03) ( -1.73225999E-03,  5.30853868E-04)
   1.00000000       2.00000000       1.00000000     (  1.62981451E-03,  1.22003257E-03) ( -6.00703061E-04, -4.30736691E-04) ( -4.26080078E-04, -3.58559191E-04)
   1.00000000      -2.00000000       0.00000000     (  8.19563866E-04,  7.86967576E-04) (  4.09781933E-04,  3.93483788E-04) ( -1.51805580E-03,  3.02679837E-05)
   1.00000000      -2.00000000       1.00000000     ( -1.51805580E-03,  3.07336450E-04) ( -4.98257577E-04,  5.96046448E-04) (  5.16884029E-04,  8.84756446E-04)
   1.00000000      -1.00000000       0.00000000     (  3.05473804E-03, -6.33299351E-04) (  3.05473804E-03, -6.33299351E-04) ( -5.08502126E-03,  1.48639083E-02)
   1.00000000      -1.00000000       1.00000000     (  2.53319740E-03,  2.30967999E-03) ( -2.04890966E-04, -3.48314643E-03) ( -2.73808837E-03, -5.81145287E-03)
   1.00000000      -1.00000000       2.00000000     ( -3.03611159E-03, -8.14907253E-04) (  9.49949026E-04,  2.93366611E-04) (  1.99303031E-03,  5.54136932E-04)
   2.00000000       0.00000000       0.00000000     (  0.00000000    ,  0.00000000    ) ( -6.89178705E-04,  2.88709998E-03) ( -9.87201929E-04, -1.27591193E-03)
   2.00000000       0.00000000       1.00000000     ( -4.54019755E-04,  4.23751771E-04) ( -1.77882612E-03, -9.87201929E-04) (  9.08039510E-04, -8.47503543E-04)
   2.00000000       1.00000000       0.00000000     ( -2.49128789E-04, -4.09781933E-04) (  4.98257577E-04,  8.19563866E-04) (  5.21540642E-04,  1.05239451E-03)
   2.00000000       1.00000000       1.00000000     ( -2.72411853E-04,  6.92671165E-05) ( -8.52160156E-04,  8.10250640E-04) (  1.39698386E-03, -9.49949026E-04)
   2.00000000      -1.00000000       0.00000000     ( -1.49942935E-03, -1.00582838E-03) ( -2.99885869E-03, -2.01165676E-03) (  1.26659870E-03,  2.57045031E-03)
   2.00000000      -1.00000000       1.00000000     (  6.51925802E-04, -1.65775418E-03) ( -6.98491931E-04, -1.57160684E-05) ( -2.01165676E-03,  3.29688191E-03)
