   0.00000000       0.00000000       1.00000000     (  2.50339508E-02,  4.43309546E-03) (  3.33786011E-02, -3.03238630E-02) (  0.00000000    ,  0.00000000    )
   0.00000000       0.00000000       2.00000000     ( -3.63215804E-04,  2.36555934E-03) (  1.86264515E-03,  7.72997737E-04) (  0.00000000    ,  0.00000000    )
   0.00000000       1.00000000       0.00000000     ( -1.89989805E-02, -5.06406650E-04) (  0.00000000    ,  0.00000000    ) (  4.78699803E-03,  1.65402889E-02)
   0.00000000       1.00000000       1.00000000     (  8.27014446E-03,  8.30739737E-03) ( -2.77534127E-03, -7.52508640E-03) (  2.77534127E-03,  7.52508640E-03)
   0.00000000       1.00000000       2.00000000     (  1.63912773E-03,  2.44472176E-04) (  9.03382897E-04, -5.40167093E-04) ( -4.51691449E-04,  2.70083547E-04)
   0.00000000       2.00000000       0.00000000     ( -5.12227416E-04, -2.03028321E-03) (  0.00000000    ,  0.00000000    ) (  2.27242708E-03, -2.60770321E-03)
   0.00000000       2.00000000       1.00000000     ( -1.18277967E-03, -2.25845724E-04) (  8.10250640E-04, -4.00468707E-04) ( -1.62050128E-03,  8.00937414E-04)
   0.00000000      -2.00000000       0.00000000     ( -5.12227416E-04,  2.03028321E-03) (  0.00000000    ,  0.00000000    ) (  2.27242708E-03,  2.60770321E-03)
   0.00000000      -2.00000000       1.00000000     (  2.90572643E-03, -3.23634595E-04) (  4.05125320E-04, -8.73114914E-05) (  8.10250640E-04, -1.74622983E-04)
   0.00000000      -1.00000000       0.00000000     ( -1.89989805E-02,  5.06406650E-04) (  0.00000000    ,  0.00000000    ) (  4.78699803E-03, -1.65402889E-02)
   0.00000000      -1.00000000       1.00000000     (  3.18512321E-03, -3.17394733E-02) ( -2.92435288E-03,  3.45520675E-03) ( -2.92435288E-03,  3.45520675E-03)
   0.00000000      -1.00000000       2.00000000     ( -1.74622983E-04,  2.23517418E-04) (  4.19095159E-04,  7.35744834E-04) (  2.09547579E-04,  3.67872417E-04)
   1.00000000       0.00000000       0.00000000     (  0.00000000    ,  0.00000000    ) ( -1.49384141E-02,  1.67265534E-02) (  3.32295895E-02,  2.17929482E-02)
   1.00000000       0.00000000       1.00000000     (  1.69966370E-03, -3.79979610E-03) ( -3.43471766E-02, -5.15719876E-04) ( -1.69966370E-03,  3.79979610E-03)
   1.00000000       0.00000000       2.00000000     ( -2.05545803E-06, -1.52736902E-03) ( -1.43423676E-03, -1.32247806E-03) (  1.02772901E-06,  7.63684511E-04)
   1.00000000       1.00000000       0.00000000     (  3.25962901E-03,  4.05125320E-03) ( -3.25962901E-03, -4.05125320E-03) ( -1.10082328E-02,  1.29267573E-02)
   1.00000000       1.00000000       1.00000000     ( -1.16415322E-03,  1.22003257E-03) (  1.97440386E-03,  2.93948688E-05) ( -8.10250640E-04, -1.25728548E-03)
   1.00000000       1.00000000       2.00000000     (  1.08033419E-03,  2.58442014E-04) ( -1.54832378E-04, -2.67755240E-04) ( -4.65661287E-04,  5.09317033E-06)
   1.00000000       2.00000000       0.00000000     (  2.02562660E-04, -5.49480319E-04) ( -1.01281330E-04,  2.74740160E-04) ( -1.67638063E-03, -3.05008143E-04)
   1.00000000       2.00000000       1.00000000     ( -2.08616257E-03, -6.61239028E-04) (  1.41561031E-03,  4.56348062E-04) ( -7.54371285E-04, -2.51457095E-04)
   1.00000000      -2.00000000       0.00000000     (  7.54371285E-04,  1.09896064E-03) (  3.77185643E-04,  5.49480319E-04) (  1.04308128E-03,  1.37835741E-03)
   1.00000000      -2.00000000       1.00000000     (  5.96046448E-04, -1.07102096E-03) (  2.70083547E-04, -8.19563866E-04) ( -5.18048182E-05, -5.77419996E-04)
   1.00000000      -1.00000000       0.00000000     ( -1.44354999E-03, -1.35228038E-02) ( -1.44354999E-03, -1.35228038E-02) ( -1.39325857E-02,  2.23144889E-02)
   1.00000000      -1.00000000       1.00000000     ( -1.65775418E-03, -4.23751771E-04) (  8.66129994E-04,  2.86847353E-03) (  2.51457095E-03,  3.31550837E-03)
   1.00000000      -1.00000000       2.00000000     (  2.16066837E-03, -2.16066837E-03) (  6.89178705E-04, -6.70552254E-04) ( -7.35744834E-04,  7.54371285E-04)
   2.00000000       0.00000000       0.00000000     (  0.00000000    ,  0.00000000    ) ( -2.01165676E-03, -2.38418579E-03) (  1.02445483E-03, -1.89989805E-03)
   2.00000000       0.00000000       1.00000000     ( -6.98491931E-04,  1.14552677E-03) ( -4.61004674E-04, -1.32247806E-03) (  1.39698386E-03, -2.29105353E-03)
   2.00000000       1.00000000       0.00000000     (  4.74974513E-04, -8.38190317E-04) ( -9.49949026E-04,  1.67638063E-03) (  8.66129994E-04, -1.25728548E-03)
   2.00000000       1.00000000       1.00000000     ( -2.16532499E-04, -3.14321369E-04) ( -7.26431608E-04,  2.36555934E-03) (  1.15483999E-03, -1.75088644E-03)
   2.00000000      -1.00000000       0.00000000     (  4.65661287E-04, -9.40635800E-04) (  9.31322575E-04, -1.88127160E-03) (  6.42612576E-04, -6.33299351E-04)
   2.00000000      -1.00000000       1.00000000     (  9.87201929E-04, -1.17579475E-04) (  2.21654773E-03, -2.37487257E-04) (  2.37487257E-04, -2.47382559E-06)
