   0.00000000       0.00000000      -2.00000000     (  1.29453838E-03,  2.83122063E-03) ( -2.03028321E-03,  3.44589353E-04) (  0.00000000    ,  0.00000000    )
   0.00000000       0.00000000      -1.00000000     (  2.77906656E-02, -1.06915832E-02) (  1.72480941E-02,  3.37511301E-02) (  0.00000000    ,  0.00000000    )
   0.00000000       1.00000000      -2.00000000     (  6.75208867E-05,  1.08033419E-03) (  6.10016286E-04,  1.49011612E-03) (  3.05008143E-04,  7.45058060E-04)
   0.00000000       1.00000000      -1.00000000     (  1.56089664E-02,  2.13831663E-02) (  1.00350007E-03,  4.54019755E-04) (  1.00350007E-03,  4.54019755E-04)
   0.00000000       2.00000000      -1.00000000     ( -5.32716513E-03, -1.37835741E-03) ( -1.05239451E-03, -7.72997737E-04) ( -2.10478902E-03, -1.54599547E-03)
   0.00000000      -2.00000000      -1.00000000     (  1.12690032E-03, -2.51457095E-03) ( -9.77888703E-04,  4.47034836E-04) (  1.95577741E-03, -8.94069672E-04)
   0.00000000      -1.00000000      -2.00000000     ( -2.99885869E-03, -1.12690032E-03) ( -7.82310963E-04, -1.64145604E-04) (  3.91155481E-04,  8.20728019E-05)
   0.00000000      -1.00000000      -1.00000000     (  6.79865479E-03,  3.27825546E-03) (  1.76951289E-03,  1.10268593E-02) ( -1.76951289E-03, -1.10268593E-02)
   1.00000000       0.00000000      -2.00000000     ( -1.29453838E-03,  2.17929482E-03) ( -1.88127160E-03,  2.79396772E-03) ( -6.47269189E-04,  1.08964741E-03)
   1.00000000       0.00000000      -1.00000000     (  6.05359674E-03, -3.66708264E-04) ( -1.66241080E-03, -3.05473804E-03) (  6.05359674E-03, -3.66708264E-04)
   1.00000000       1.00000000      -2.00000000     ( -2.36555934E-03,  1.06170774E-03) (  1.61118805E-03, -2.49594450E-03) ( -3.74857336E-04, -7.21774995E-04)
   1.00000000       1.00000000      -1.00000000     ( -2.47731805E-03, -8.19563866E-04) (  2.30967999E-03,  6.37955964E-04) ( -1.68802217E-04, -1.85100362E-04)
   1.00000000       2.00000000      -1.00000000     ( -2.11875886E-04,  8.10250640E-04) ( -4.56348062E-04,  1.00582838E-03) ( -1.11758709E-03,  2.83122063E-03)
   1.00000000      -2.00000000      -1.00000000     (  3.86498868E-04, -2.09547579E-04) (  9.31322575E-04,  5.58793545E-04) ( -1.48080289E-03, -1.33179128E-03)
   1.00000000      -1.00000000      -2.00000000     ( -5.07570803E-04, -1.63912773E-03) ( -5.96046448E-04, -1.08964741E-03) (  4.51109372E-05, -2.77068466E-04)
   1.00000000      -1.00000000      -1.00000000     ( -8.66129994E-04,  4.84287739E-04) ( -1.84401870E-03,  3.32947820E-04) (  9.68575478E-04,  1.49011612E-04)
   2.00000000       0.00000000      -1.00000000     ( -7.82310963E-04, -4.98257577E-04) ( -1.45286322E-03,  1.78115442E-04) ( -1.56462193E-03, -9.96515155E-04)
   2.00000000       1.00000000      -1.00000000     ( -3.49245965E-04, -9.31322575E-05) (  8.00937414E-04, -6.93835318E-04) (  1.03609636E-04, -8.75443220E-04)
   2.00000000      -1.00000000      -1.00000000     ( -2.25845724E-04, -2.01398507E-04) (  1.81607902E-04, -2.14204192E-03) ( -6.33299351E-04,  1.75088644E-03)
