   0.00000000       0.00000000       1.00000000     (  1.82911754E-02,  2.84053385E-04) (  3.35276127E-02, -2.16811895E-02) (  0.00000000    ,  0.00000000    )
   0.00000000       0.00000000       2.00000000     (  1.07102096E-03, -2.51457095E-03) ( -2.01165676E-03, -1.26892701E-04) (  0.00000000    ,  0.00000000    )
   0.00000000       1.00000000       0.00000000     ( -1.28522515E-02, -1.49477273E-03) (  0.00000000    ,  0.00000000    ) (  6.29574060E-03,  1.43051147E-02)
   0.00000000       1.00000000       1.00000000     (  7.72997737E-03,  9.79751348E-03) ( -2.48663127E-03, -3.57627869E-03) (  2.48663127E-03,  3.57627869E-03)
   0.00000000       1.00000000       2.00000000     ( -1.09896064E-03, -8.00937414E-04) ( -9.31322575E-04,  2.42143869E-04) (  4.65661287E-04, -1.21071935E-04)
   0.00000000       2.00000000       0.00000000     (  7.54371285E-04,  2.62632966E-03) (  0.00000000    ,  0.00000000    ) ( -3.05473804E-03,  2.21654773E-03)
   0.00000000       2.00000000       1.00000000     (  1.88127160E-03, -8.00937414E-04) ( -7.07805157E-04,  2.77068466E-04) (  1.41561031E-03, -5.54136932E-04)
   0.00000000      -2.00000000       0.00000000     (  7.54371285E-04, -2.62632966E-03) (  0.00000000    ,  0.00000000    ) ( -3.05473804E-03, -2.21654773E-03)
   0.00000000      -2.00000000       1.00000000     ( -1.89989805E-03, -1.83936208E-04) (  1.05937943E-04, -5.82076609E-04) (  2.11875886E-04, -1.16415322E-03)
   0.00000000      -1.00000000       0.00000000     ( -1.28522515E-02,  1.49477273E-03) (  0.00000000    ,  0.00000000    ) (  6.29574060E-03, -1.43051147E-02)
   0.00000000      -1.00000000       1.00000000     ( -1.52736902E-03, -2.94297934E-02) ( -5.17815351E-03,  2.61701643E-03) ( -5.17815351E-03,  2.61701643E-03)
   0.00000000      -1.00000000       2.00000000     (  9.87201929E-04,  1.57160684E-05) ( -7.63684511E-04, -8.00937414E-04) ( -3.81842256E-04, -4.00468707E-04)
   1.00000000       0.00000000       0.00000000     (  0.00000000    ,  0.00000000    ) ( -1.70245767E-02,  1.69128180E-02) (  2.51829624E-02,  1.27777457E-02)
   1.00000000       0.00000000       1.00000000     ( -1.45751983E-03, -1.93715096E-03) ( -2.55554914E-02, -6.89178705E-03) (  1.45751983E-03,  1.93715096E-03)
   1.00000000       0.00000000       2.00000000     ( -9.59262252E-04,  1.29453838E-03) (  9.40635800E-04,  1.20140612E-03) (  4.79631126E-04, -6.47269189E-04)
   1.00000000       1.00000000       0.00000000     (  6.40284270E-04,  1.80676579E-03) ( -6.40284270E-04, -1.80676579E-03) ( -9.87201929E-03,  1.16229057E-02)
   1.00000000       1.00000000       1.00000000     (  1.05239451E-03, -6.47269189E-04) ( -2.55182385E-03, -1.43190846E-04) (  1.49011612E-03,  7.91624188E-04)
   1.00000000       1.00000000       2.00000000     ( -1.97440386E-03, -1.68802217E-04) (  3.14321369E-04,  1.00582838E-03) (  8.28877091E-04, -4.19095159E-04)
   1.00000000       2.00000000       0.00000000     (  1.23865902E-03, -2.16532499E-04) ( -6.19329512E-04,  1.08266249E-04) (  6.42612576E-04,  1.58324838E-03)
   1.00000000       2.00000000       1.00000000     (  1.22003257E-03,  1.06170774E-03) ( -1.06170774E-03, -1.45519152E-04) (  9.12696123E-04, -7.63684511E-04)
   1.00000000      -2.00000000       0.00000000     ( -1.37835741E-03, -4.56348062E-04) ( -6.89178705E-04, -2.28174031E-04) ( -1.22003257E-03, -1.75088644E-03)
   1.00000000      -2.00000000       1.00000000     ( -8.94069672E-04,  9.89530236E-06) ( -3.16649675E-04,  4.54019755E-05) (  2.63098627E-04,  8.09086487E-05)
   1.00000000      -1.00000000       0.00000000     ( -6.86850399E-04, -8.54954123E-03) ( -6.86850399E-04, -8.54954123E-03) ( -1.10641122E-02,  2.50339508E-02)
   1.00000000      -1.00000000       1.00000000     (  2.47731805E-03,  7.63684511E-04) ( -5.91389835E-04, -3.05473804E-03) ( -3.05473804E-03, -3.79979610E-03)
   1.00000000      -1.00000000       2.00000000     ( -2.34693289E-03,  2.16066837E-03) ( -1.08964741E-03,  1.24797225E-03) (  6.28642738E-04, -4.61004674E-04)
   2.00000000       0.00000000       0.00000000     (  0.00000000    ,  0.00000000    ) (  1.60187483E-03,  3.16649675E-03) ( -7.26431608E-04,  2.12341547E-03)
   2.00000000       0.00000000       1.00000000     (  4.33064997E-04, -8.84756446E-04) (  8.66129994E-04,  1.67638063E-03) ( -8.66129994E-04,  1.76951289E-03)
   2.00000000       1.00000000       0.00000000     (  1.45519152E-04,  1.19209290E-03) ( -2.91038305E-04, -2.38418579E-03) ( -1.60187483E-03,  2.64495611E-03)
   2.00000000       1.00000000       1.00000000     (  6.79865479E-04,  3.32947820E-04) ( -3.02679837E-04, -1.97440386E-03) ( -1.05239451E-03,  1.31316483E-03)
   2.00000000      -1.00000000       0.00000000     ( -5.49480319E-04,  5.63450158E-04) ( -1.09896064E-03,  1.12690032E-03) ( -9.68575478E-04, -3.49245965E-06)
   2.00000000      -1.00000000       1.00000000     ( -8.56816769E-04,  1.09430403E-04) ( -2.55182385E-03, -1.04773790E-04) ( -8.38190317E-04, -3.25962901E-04)
