   0.00000000       0.00000000      -2.00000000     (  8.41915607E-03,  2.65426934E-03) ( -1.24052167E-02,  6.05359674E-03) (  0.00000000    ,  0.00000000    )
   0.00000000       0.00000000      -1.00000000     (  5.28234523E-05,  1.09523535E-02) (  2.13831663E-02, -4.58210707E-03) (  0.00000000    ,  0.00000000    )
   0.00000000       1.00000000      -2.00000000     ( -1.96509063E-03,  3.11061740E-03) (  9.82545316E-04, -2.97091901E-03) (  4.91272658E-04, -1.48545951E-03)
   0.00000000       1.00000000      -1.00000000     ( -7.71135092E-03,  1.13248825E-02) ( -5.60656190E-03, -5.81145287E-03) ( -5.60656190E-03, -5.81145287E-03)
   0.00000000       2.00000000      -1.00000000     (  1.91852450E-03, -6.19329512E-04) ( -7.03148544E-04, -2.13040039E-04) ( -1.40629709E-03, -4.26080078E-04)
   0.00000000      -2.00000000      -1.00000000     ( -5.89061528E-04,  3.87430191E-03) ( -1.67638063E-03, -1.37835741E-03) (  3.35276127E-03,  2.75671482E-03)
   0.00000000      -1.00000000      -2.00000000     (  5.96046448E-03,  4.76837158E-03) ( -3.26894224E-03, -2.27242708E-03) (  1.63447112E-03,  1.13621354E-03)
   0.00000000      -1.00000000      -1.00000000     ( -4.52622771E-03,  2.09547579E-03) (  4.04193997E-03,  1.25728548E-03) ( -4.04193997E-03, -1.25728548E-03)
   1.00000000       0.00000000      -2.00000000     ( -1.94646418E-03, -1.35507435E-03) (  2.44472176E-04,  6.50063157E-03) ( -9.73232090E-04, -6.77537173E-04)
   1.00000000       0.00000000      -1.00000000     (  9.68575478E-03, -5.64381480E-03) ( -3.85567546E-03,  2.84612179E-02) (  9.68575478E-03, -5.64381480E-03)
   1.00000000       1.00000000      -2.00000000     (  1.77882612E-03,  2.73808837E-03) ( -5.17815351E-03, -5.40167093E-04) ( -1.70432031E-03,  1.09896064E-03)
   1.00000000       1.00000000      -1.00000000     (  2.52388418E-03,  7.45058060E-03) ( -1.40629709E-03, -5.02914190E-03) (  1.11293048E-03,  2.42143869E-03)
   1.00000000       2.00000000      -1.00000000     (  2.67289579E-03,  1.28056854E-03) ( -2.29338184E-04,  6.46105036E-05) (  2.21654773E-03,  1.40629709E-03)
   1.00000000      -2.00000000      -1.00000000     (  6.65895641E-04,  1.96509063E-03) (  6.00266503E-06,  3.83006409E-04) (  6.51925802E-04,  1.19674951E-03)
   1.00000000      -1.00000000      -2.00000000     ( -1.25262886E-03, -5.49480319E-03) ( -9.91858542E-04,  3.85567546E-03) ( -1.30967237E-04, -4.67523932E-03)
   1.00000000      -1.00000000      -1.00000000     ( -2.09547579E-03,  5.02914190E-04) ( -2.24448740E-03, -4.73111868E-03) (  1.55996531E-04,  5.23403287E-03)
   2.00000000       0.00000000      -1.00000000     ( -1.75088644E-03, -1.68802217E-04) ( -3.96743417E-03, -2.27009878E-04) ( -3.50177288E-03, -3.37604433E-04)
   2.00000000       1.00000000      -1.00000000     (  1.62515789E-03,  1.32247806E-03) ( -4.00468707E-03, -2.98954546E-03) ( -7.61356205E-04, -3.41096893E-04)
   2.00000000      -1.00000000      -1.00000000     (  6.84522092E-04, -8.56816769E-04) (  1.64844096E-03,  6.07687980E-04) ( -2.82889232E-04, -2.32830644E-03)
