   0.00000000       0.00000000      -2.00000000     (  1.22934580E-03,  1.97440386E-03) ( -1.71363354E-03, -1.76951289E-04) (  0.00000000    ,  0.00000000    )
   0.00000000       0.00000000      -1.00000000     (  1.68010592E-02,  2.12341547E-03) (  3.62843275E-02,  1.91107392E-02) (  0.00000000    ,  0.00000000    )
   0.00000000       1.00000000      -2.00000000     (  1.07102096E-03,  2.82307155E-05) ( -2.98023224E-04,  7.07805157E-04) ( -1.49011612E-04,  3.53902578E-04)
   0.00000000       1.00000000      -1.00000000     ( -3.19443643E-03,  3.00258398E-02) ( -6.59376383E-03, -2.18395144E-03) ( -6.59376383E-03, -2.18395144E-03)
   0.00000000       2.00000000      -1.00000000     ( -9.49949026E-04,  2.91038305E-04) (  9.77888703E-05,  6.89178705E-04) (  1.95577741E-04,  1.37835741E-03)
   0.00000000      -2.00000000      -1.00000000     (  1.93715096E-03,  7.17118382E-04) ( -6.05359674E-04, -5.29689714E-05) (  1.21071935E-03,  1.05937943E-04)
   0.00000000      -1.00000000      -2.00000000     ( -6.14672899E-04,  7.91624188E-04) ( -6.70552254E-04, -2.14204192E-04) (  3.35276127E-04,  1.07102096E-04)
   0.00000000      -1.00000000      -1.00000000     (  8.28877091E-03, -1.03935599E-02) ( -1.89989805E-03,  2.51457095E-03) (  1.89989805E-03, -2.51457095E-03)
   1.00000000       0.00000000      -2.00000000     ( -8.94069672E-04, -1.88592821E-04) ( -6.33299351E-04,  1.17346644E-03) ( -4.47034836E-04, -9.42964107E-05)
   1.00000000       0.00000000      -1.00000000     (  8.97794962E-03, -5.14090061E-03) ( -9.79751348E-03,  2.88709998E-03) (  8.97794962E-03, -5.14090061E-03)
   1.00000000       1.00000000      -2.00000000     ( -5.82076609E-04, -1.03609636E-04) (  6.61239028E-04, -1.78813934E-03) (  4.01632860E-05, -9.49949026E-04)
   1.00000000       1.00000000      -1.00000000     ( -1.82539225E-03,  1.69500709E-03) (  1.86264515E-03, -7.21774995E-05) (  4.42378223E-05,  1.62050128E-03)
   1.00000000       2.00000000      -1.00000000     (  4.05125320E-04, -6.70552254E-04) ( -4.93600965E-04, -1.18743628E-04) ( -5.86733222E-04, -9.03382897E-04)
   1.00000000      -2.00000000      -1.00000000     (  1.15483999E-03,  3.21306288E-04) (  8.38190317E-04,  4.65661287E-04) ( -5.21540642E-04, -6.05359674E-04)
   1.00000000      -1.00000000      -2.00000000     (  6.79865479E-04, -8.28877091E-04) (  7.35744834E-04, -5.63450158E-04) ( -2.96859071E-05, -1.32713467E-04)
   1.00000000      -1.00000000      -1.00000000     (  5.06406650E-05,  1.50874257E-03) ( -9.40635800E-04,  9.40635800E-04) (  9.96515155E-04,  5.68106771E-04)
   2.00000000       0.00000000      -1.00000000     ( -4.74974513E-04, -2.74740160E-04) (  6.70552254E-04, -5.54136932E-04) ( -9.49949026E-04, -5.49480319E-04)
   2.00000000       1.00000000      -1.00000000     (  5.02914190E-04,  3.16649675E-04) ( -5.35510480E-04,  6.98491931E-04) (  4.74974513E-04,  1.34110451E-03)
   2.00000000      -1.00000000      -1.00000000     (  3.63215804E-04,  1.12922862E-04) (  8.75443220E-04, -8.00937414E-04) ( -1.51339918E-04,  1.02445483E-03)
