    0.000000        0.000000        1.000000      (2.0861626E-02,1.1511147E-02)
   (-1.0877848E-02,-1.6167760E-02)  (0.000000,0.000000)
    0.000000        0.000000        2.000000      
 (5.1688403E-03,-1.1897646E-03)  (5.5506825E-03,4.6566129E-03)  
 (0.000000,0.000000)
    0.000000        1.000000        0.000000      (2.1513551E-03,6.3702464E-03)
   (0.000000,0.000000)  (4.0419400E-03,-1.5459955E-03)
    0.000000        1.000000        1.000000      (4.8987567E-03,4.9546361E-03)
   (5.4202974E-03,-4.2095780E-03)  (-5.4202974E-03,4.2095780E-03)
    0.000000        1.000000        2.000000      
 (-7.7113509E-03,-2.0302832E-03)  (-3.1106174E-03,-2.4028122E-03)  
 (1.5553087E-03,1.2014061E-03)
    0.000000        2.000000        0.000000      
 (-4.4144690E-03,8.1025064E-04)  (0.000000,0.000000)  
 (3.2945536E-04,2.6449561E-03)
    0.000000        2.000000        1.000000      
 (7.0035458E-03,-2.6915222E-03)  (-7.6135620E-04,-1.2759119E-03)  
 (1.5227124E-03,2.5518239E-03)
    0.000000       -2.000000        0.000000      
 (-4.4144690E-03,-8.1025064E-04)  (0.000000,0.000000)  
 (3.2945536E-04,-2.6449561E-03)
    0.000000       -2.000000        1.000000      
 (-1.0877848E-02,-1.0654330E-02)  (-2.8591603E-03,5.4249540E-04)  
 (-5.7183206E-03,1.0849908E-03)
    0.000000       -1.000000        0.000000      
 (2.1513551E-03,-6.3702464E-03)  (0.000000,0.000000)  
 (4.0419400E-03,1.5459955E-03)
    0.000000       -1.000000        1.000000      
 (7.1898103E-03,-4.6007335E-03)  (-1.3783574E-03,-5.0663948E-03)  
 (-1.3783574E-03,-5.0663948E-03)
    0.000000       -1.000000        2.000000      
 (-1.2405217E-02,1.4551915E-04)  (-3.0454248E-03,-1.6903505E-03)  
 (-1.5227124E-03,-8.4517524E-04)
    1.000000        0.000000        0.000000      (0.000000,0.000000)  
 (-2.6524067E-02,5.4761767E-03)  (1.6018748E-02,1.8030405E-02)
    1.000000        0.000000        1.000000      
 (-3.0174851E-03,-2.6356429E-03)  (-1.6838312E-02,1.3485551E-02)  
 (3.0174851E-03,2.6356429E-03)
    1.000000        0.000000        2.000000      (2.3981556E-04,1.9557774E-03)
   (4.1536987E-03,8.4936619E-03)  (-1.1990778E-04,-9.7788870E-04)
    1.000000        1.000000        0.000000      
 (2.6263297E-03,-1.4295802E-03)  (-2.6263297E-03,1.4295802E-03)  
 (-1.2107193E-03,2.8871000E-03)
    1.000000        1.000000        1.000000      (2.1047890E-03,4.3120235E-03)
   (-3.5017729E-03,-3.7439167E-03)  (1.3923272E-03,-5.7159923E-04)
    1.000000        1.000000        2.000000      
 (-4.0512532E-03,2.0163134E-03)  (2.8405339E-04,-3.9860606E-03)  
 (1.8812716E-03,9.8487362E-04)
    1.000000        2.000000        0.000000      (3.7252903E-03,2.1280721E-03)
   (-1.8626451E-03,-1.0640360E-03)  (3.2130629E-03,7.1525574E-03)
    1.000000        2.000000        1.000000      (2.3422763E-03,2.6077032E-03)
   (-2.2631139E-03,1.0360964E-03)  (2.1839514E-03,-4.6752393E-03)
    1.000000       -2.000000        0.000000      (1.5646219E-03,6.3516200E-03)
   (7.8231096E-04,3.1758100E-03)  (-4.6472996E-03,-7.1479008E-04)
    1.000000       -2.000000        1.000000      
 (-3.3341348E-03,-1.5832484E-03)  (-1.2642704E-03,-1.2083910E-03)  
 (8.0792233E-04,-8.3353370E-04)
    1.000000       -1.000000        0.000000      
 (-4.7031790E-04,3.4808181E-04)  (-4.7031790E-04,3.4808181E-04)  
 (-6.0722232E-03,3.0826777E-03)
    1.000000       -1.000000        1.000000      
 (1.1660159E-02,-4.0233135E-03)  (3.2410026E-03,-1.7927960E-03)  
 (-8.4377825E-03,2.2305176E-03)
    1.000000       -1.000000        2.000000      
 (-4.6845526E-03,-1.7136335E-03)  (-7.8044832E-03,-4.4517219E-03)  
 (-1.5599653E-03,-1.3690442E-03)
    2.000000        0.000000        0.000000      (0.000000,0.000000)  
 (1.0244548E-02,-2.1699816E-03)  (-4.9127266E-04,-3.6903657E-04)
    2.000000        0.000000        1.000000      
 (-1.8905848E-03,5.2899122E-03)  (2.9243529E-03,7.4878335E-03)  
 (3.7811697E-03,-1.0579824E-02)
    2.000000        1.000000        0.000000      
 (-1.8905848E-03,-3.1851232E-03)  (3.7811697E-03,6.3702464E-03)  
 (-7.5437129E-03,6.2771142E-03)
    2.000000        1.000000        1.000000      (2.7287751E-03,3.3993274E-03)
   (-2.9150397E-03,-1.1846423E-02)  (-2.5471672E-03,5.0477684E-03)
    2.000000       -1.000000        0.000000      
 (-4.1443855E-03,-2.8219074E-03)  (-8.2887709E-03,-5.6438148E-03)  
 (2.4738256E-04,3.7439167E-03)
    2.000000       -1.000000        1.000000      
 (-3.5949051E-03,2.4680048E-03)  (-2.3422763E-03,7.6740980E-03)  
 (4.8521906E-03,2.7474016E-03)
