   0.00000000       0.00000000      -2.00000000     (  2.57045031E-03,  4.65661287E-04) ( -3.05473804E-03,  1.54599547E-03) (  0.00000000    ,  0.00000000    )
   0.00000000       0.00000000      -1.00000000     (  4.37721610E-03,  1.18836761E-02) (  3.11434269E-02,  1.66706741E-03) (  0.00000000    ,  0.00000000    )
   0.00000000       1.00000000      -2.00000000     (  2.77068466E-04,  1.03376806E-03) (  1.14552677E-03, -1.51339918E-04) (  5.72763383E-04, -7.56699592E-05)
   0.00000000       1.00000000      -1.00000000     ( -6.76140189E-03,  1.73598528E-02) ( -8.10250640E-03, -4.69386578E-03) ( -8.10250640E-03, -4.69386578E-03)
   0.00000000       2.00000000      -1.00000000     ( -9.03382897E-04, -1.04308128E-03) ( -7.07805157E-04,  4.05125320E-04) ( -1.41561031E-03,  8.10250640E-04)
   0.00000000      -2.00000000      -1.00000000     (  3.55066732E-05,  1.45286322E-03) ( -8.84756446E-05, -2.49128789E-04) (  1.76951289E-04,  4.98257577E-04)
   0.00000000      -1.00000000      -2.00000000     (  1.54599547E-03,  1.73225999E-03) ( -2.53785402E-04, -8.84756446E-04) (  1.26892701E-04,  4.42378223E-04)
   0.00000000      -1.00000000      -1.00000000     (  2.34693289E-03, -1.73691660E-03) (  3.89292836E-03,  1.19674951E-03) ( -3.89292836E-03, -1.19674951E-03)
   1.00000000       0.00000000      -2.00000000     ( -8.28877091E-04, -3.25962901E-04) (  1.04308128E-03,  2.60770321E-03) ( -4.14438546E-04, -1.62981451E-04)
   1.00000000       0.00000000      -1.00000000     (  1.06170774E-02, -5.62518835E-03) ( -5.77419996E-03,  2.54064798E-02) (  1.06170774E-02, -5.62518835E-03)
   1.00000000       1.00000000      -2.00000000     (  8.66129994E-04,  1.07102096E-03) ( -2.04890966E-03,  5.45696821E-06) ( -5.91389835E-04,  5.40167093E-04)
   1.00000000       1.00000000      -1.00000000     ( -1.04308128E-03,  3.91155481E-03) ( -1.08033419E-03, -2.38418579E-03) ( -2.12341547E-03,  1.50874257E-03)
   1.00000000       2.00000000      -1.00000000     (  7.54371285E-04, -2.25845724E-04) ( -6.89178705E-04, -2.28174031E-04) ( -6.14672899E-04, -6.79865479E-04)
   1.00000000      -2.00000000      -1.00000000     ( -2.70083547E-04, -7.26431608E-04) (  4.13274392E-05, -2.53785402E-04) ( -3.53902578E-04, -2.16532499E-04)
   1.00000000      -1.00000000      -2.00000000     ( -5.35510480E-05, -1.17346644E-03) ( -6.42612576E-04,  1.07102096E-03) (  2.93366611E-04, -1.12690032E-03)
   1.00000000      -1.00000000      -1.00000000     ( -2.54658516E-06,  3.63215804E-04) ( -2.84053385E-04, -4.05125320E-04) (  2.81725079E-04,  7.63684511E-04)
   2.00000000       0.00000000      -1.00000000     ( -7.82310963E-04,  1.21071935E-04) (  1.95577741E-04, -1.11758709E-03) ( -1.56462193E-03,  2.42143869E-04)
   2.00000000       1.00000000      -1.00000000     ( -9.89530236E-06, -3.25962901E-04) ( -1.16415322E-03,  2.77068466E-04) ( -1.18277967E-03, -3.77185643E-04)
   2.00000000      -1.00000000      -1.00000000     (  6.61239028E-04, -2.41561793E-05) (  3.67872417E-04,  8.38190317E-04) (  9.59262252E-04, -8.84756446E-04)
