   0.00000000       0.00000000       1.00000000     (  1.54972076E-02, -6.27711415E-03) (  4.09036875E-02, -1.58697367E-02) (  0.00000000    ,  0.00000000    )
   0.00000000       0.00000000       2.00000000     ( -2.23517418E-04,  1.86264515E-04) (  2.42143869E-04, -2.32830644E-05) (  0.00000000    ,  0.00000000    )
   0.00000000       1.00000000       0.00000000     ( -5.84870577E-03, -3.83704901E-03) (  0.00000000    ,  0.00000000    ) (  1.14366412E-02,  1.13993883E-02)
   0.00000000       1.00000000       1.00000000     (  9.16421413E-03,  9.98377800E-03) ( -3.98140401E-04, -1.78813934E-03) (  3.98140401E-04,  1.78813934E-03)
   0.00000000       1.00000000       2.00000000     ( -2.61934474E-06,  1.02445483E-04) (  8.38190317E-05, -5.58793545E-05) ( -4.19095159E-05,  2.79396772E-05)
   0.00000000       2.00000000       0.00000000     ( -7.45058060E-05, -2.04890966E-04) (  0.00000000    ,  0.00000000    ) (  2.60770321E-04, -6.51925802E-05)
   0.00000000       2.00000000       1.00000000     ( -2.98023224E-04,  6.05359674E-05) (  8.38190317E-05,  3.25962901E-05) ( -1.67638063E-04, -6.51925802E-05)
   0.00000000      -2.00000000       0.00000000     ( -7.45058060E-05,  2.04890966E-04) (  0.00000000    ,  0.00000000    ) (  2.60770321E-04,  6.51925802E-05)
   0.00000000      -2.00000000       1.00000000     (  6.98491931E-05,  4.19095159E-05) (  4.65661287E-05,  1.21071935E-04) (  9.31322575E-05,  2.42143869E-04)
   0.00000000      -1.00000000       0.00000000     ( -5.84870577E-03,  3.83704901E-03) (  0.00000000    ,  0.00000000    ) (  1.14366412E-02, -1.13993883E-02)
   0.00000000      -1.00000000       1.00000000     ( -5.32716513E-03, -3.04728746E-02) ( -8.49366188E-03,  2.51457095E-03) ( -8.49366188E-03,  2.51457095E-03)
   0.00000000      -1.00000000       2.00000000     ( -1.67638063E-04,  1.39698386E-05) ( -2.79396772E-05,  6.98491931E-05) ( -1.39698386E-05,  3.49245965E-05)
   1.00000000       0.00000000       0.00000000     (  0.00000000    ,  0.00000000    ) ( -2.66730785E-02,  2.17556953E-02) (  2.11596489E-02,  5.49480319E-03)
   1.00000000       0.00000000       1.00000000     ( -3.95812094E-03,  4.02797014E-04) ( -2.05636024E-02, -1.51991844E-02) (  3.95812094E-03, -4.02797014E-04)
   1.00000000       0.00000000       2.00000000     (  2.04890966E-04,  3.25962901E-05) ( -1.30385160E-04, -1.02445483E-04) ( -1.02445483E-04, -1.62981451E-05)
   1.00000000       1.00000000       0.00000000     (  7.63684511E-04,  3.89292836E-03) ( -7.63684511E-04, -3.89292836E-03) ( -7.71135092E-03,  1.19581819E-02)
   1.00000000       1.00000000       1.00000000     ( -7.91624188E-05, -6.51925802E-05) (  3.35276127E-04,  1.74622983E-05) ( -2.42143869E-04,  4.65661287E-05)
   1.00000000       1.00000000       2.00000000     (  4.09781933E-04, -4.65661287E-05) ( -9.31322575E-05, -1.86264515E-04) ( -1.58324838E-04,  1.11758709E-04)
   1.00000000       2.00000000       0.00000000     ( -9.31322575E-05,  2.32830644E-05) (  4.65661287E-05, -1.16415322E-05) (  1.39698386E-04, -1.11758709E-04)
   1.00000000       2.00000000       1.00000000     (  2.79396772E-05, -3.95812094E-05) (  9.31322575E-05, -3.72529030E-05) ( -2.04890966E-04,  1.11758709E-04)
   1.00000000      -2.00000000       0.00000000     (  1.11758709E-04, -4.19095159E-05) (  5.58793545E-05, -2.09547579E-05) (  1.21071935E-04,  2.23517418E-04)
   1.00000000      -2.00000000       1.00000000     (  1.67638063E-04,  1.21071935E-04) (  3.02679837E-05,  8.38190317E-05) ( -1.11758709E-04,  3.95812094E-05)
   1.00000000      -1.00000000       0.00000000     (  6.00994099E-05, -5.92321157E-03) (  6.00994099E-05, -5.92321157E-03) ( -9.51811671E-03,  3.32295895E-02)
   1.00000000      -1.00000000       1.00000000     ( -3.72529030E-04, -1.49011612E-04) (  1.62981451E-05,  3.35276127E-04) (  4.09781933E-04,  4.84287739E-04)
   1.00000000      -1.00000000       2.00000000     (  1.86264515E-04, -6.51925802E-05) (  1.49011612E-04, -1.39698386E-04) ( -1.86264515E-05, -3.95812094E-05)
   2.00000000       0.00000000       0.00000000     (  0.00000000    ,  0.00000000    ) ( -1.11758709E-04, -2.98023224E-04) (  1.11758709E-04, -9.31322575E-05)
   2.00000000       0.00000000       1.00000000     (  1.51339918E-05,  1.39698386E-05) ( -6.98491931E-05, -1.30385160E-04) ( -3.02679837E-05, -2.79396772E-05)
   2.00000000       1.00000000       0.00000000     ( -7.91624188E-05, -7.45058060E-05) (  1.58324838E-04,  1.49011612E-04) (  7.91624188E-05, -2.04890966E-04)
   2.00000000       1.00000000       1.00000000     ( -4.19095159E-05,  3.49245965E-05) (  1.49011612E-04, -1.97906047E-05) ( -6.51925802E-05, -5.12227416E-05)
   2.00000000      -1.00000000       0.00000000     (  4.65661287E-05,  7.27595761E-07) (  9.31322575E-05,  1.45519152E-06) (  1.11758709E-04,  4.19095159E-05)
   2.00000000      -1.00000000       1.00000000     (  5.58793545E-05,  9.31322575E-05) (  1.67638063E-04,  9.31322575E-05) (  5.58793545E-05, -9.31322575E-05)
