   0.00000000       0.00000000       1.00000000     (  2.78651714E-02,  9.05245543E-03) (  2.31713057E-02, -3.43471766E-02) (  0.00000000    ,  0.00000000    )
   0.00000000       0.00000000       2.00000000     (  3.25962901E-04, -1.41561031E-03) ( -1.09896064E-03, -3.81842256E-04) (  0.00000000    ,  0.00000000    )
   0.00000000       1.00000000       0.00000000     ( -1.74343586E-02,  2.50525773E-03) (  0.00000000    ,  0.00000000    ) (  3.38070095E-03,  1.07102096E-02)
   0.00000000       1.00000000       1.00000000     (  7.91624188E-03,  5.73927537E-04) ( -2.02562660E-04, -1.09151006E-02) (  2.02562660E-04,  1.09151006E-02)
   0.00000000       1.00000000       2.00000000     ( -1.39698386E-03,  4.28408384E-04) ( -3.07336450E-04,  1.81607902E-04) (  1.53668225E-04, -9.08039510E-05)
   0.00000000       2.00000000       0.00000000     ( -5.96046448E-04,  2.42143869E-04) (  0.00000000    ,  0.00000000    ) ( -8.56816769E-04,  1.00582838E-03)
   0.00000000       2.00000000       1.00000000     (  5.58793545E-04,  9.68575478E-04) ( -4.47034836E-04, -6.40284270E-05) (  8.94069672E-04,  1.28056854E-04)
   0.00000000      -2.00000000       0.00000000     ( -5.96046448E-04, -2.42143869E-04) (  0.00000000    ,  0.00000000    ) ( -8.56816769E-04, -1.00582838E-03)
   0.00000000      -2.00000000       1.00000000     ( -2.42143869E-03,  4.65661287E-04) ( -5.02914190E-04,  3.63215804E-04) ( -1.00582838E-03,  7.26431608E-04)
   0.00000000      -1.00000000       0.00000000     ( -1.74343586E-02, -2.50525773E-03) (  0.00000000    ,  0.00000000    ) (  3.38070095E-03, -1.07102096E-02)
   0.00000000      -1.00000000       1.00000000     (  1.24424696E-02, -2.48849392E-02) (  6.12344593E-04,  1.05705112E-03) (  6.12344593E-04,  1.05705112E-03)
   0.00000000      -1.00000000       2.00000000     ( -1.69966370E-04, -3.72529030E-04) (  2.84053385E-04, -6.79865479E-04) (  1.42026693E-04, -3.39932740E-04)
   1.00000000       0.00000000       0.00000000     (  0.00000000    ,  0.00000000    ) ( -1.31502748E-02,  1.20699406E-02) (  3.46451998E-02,  2.79396772E-02)
   1.00000000       0.00000000       1.00000000     (  4.98257577E-03, -3.11993062E-03) ( -3.61353159E-02,  9.94652510E-03) ( -4.98257577E-03,  3.11993062E-03)
   1.00000000       0.00000000       2.00000000     (  3.67872417E-04,  7.45058060E-04) (  1.63912773E-03,  9.12696123E-04) ( -1.83936208E-04, -3.72529030E-04)
   1.00000000       1.00000000       0.00000000     (  6.33299351E-03,  7.13393092E-03) ( -6.33299351E-03, -7.13393092E-03) ( -1.02631748E-02,  1.06357038E-02)
   1.00000000       1.00000000       1.00000000     (  9.19681042E-05, -8.56816769E-04) ( -5.21540642E-04,  1.16415322E-04) (  4.28408384E-04,  7.45058060E-04)
   1.00000000       1.00000000       2.00000000     ( -1.81607902E-04, -1.95577741E-04) ( -4.28408384E-04,  1.37370080E-04) (  3.07336450E-04,  2.96859071E-05)
   1.00000000       2.00000000       0.00000000     ( -6.05359674E-04,  1.06170774E-03) (  3.02679837E-04, -5.30853868E-04) (  5.49480319E-04, -4.19095159E-04)
   1.00000000       2.00000000       1.00000000     (  1.30385160E-03, -2.85217538E-05) ( -1.13621354E-03, -3.07336450E-04) (  9.87201929E-04,  6.42612576E-04)
   1.00000000      -2.00000000       0.00000000     ( -7.33416528E-05, -8.00937414E-04) ( -3.66708264E-05, -4.00468707E-04) ( -7.26431608E-04, -8.03265721E-05)
   1.00000000      -2.00000000       1.00000000     ( -1.60653144E-04,  1.13621354E-03) ( -2.18860805E-04,  9.31322575E-04) ( -2.79396772E-04,  7.26431608E-04)
   1.00000000      -1.00000000       0.00000000     ( -3.37138772E-03, -1.65775418E-02) ( -3.37138772E-03, -1.65775418E-02) ( -1.18464231E-02,  1.37090683E-02)
   1.00000000      -1.00000000       1.00000000     (  5.30853868E-04,  2.28174031E-04) ( -7.45058060E-04, -1.11758709E-03) ( -1.28522515E-03, -1.34110451E-03)
   1.00000000      -1.00000000       2.00000000     ( -2.51457095E-04,  7.82310963E-04) ( -7.71251507E-06,  3.67872417E-04) (  1.23400241E-04, -2.09547579E-04)
   2.00000000       0.00000000       0.00000000     (  0.00000000    ,  0.00000000    ) (  1.35973096E-03,  4.74974513E-04) ( -8.38190317E-04,  2.32830644E-04)
   2.00000000       0.00000000       1.00000000     (  2.65426934E-04, -5.68106771E-04) (  1.49011612E-04,  7.45058060E-04) ( -5.30853868E-04,  1.13621354E-03)
   2.00000000       1.00000000       0.00000000     ( -5.86733222E-04,  1.42026693E-04) (  1.17346644E-03, -2.84053385E-04) (  1.85536919E-06, -8.56816769E-04)
   2.00000000       1.00000000       1.00000000     ( -1.69966370E-04,  2.37487257E-04) (  5.49480319E-04, -1.06170774E-03) ( -2.09547579E-04,  5.96046448E-04)
   2.00000000      -1.00000000       0.00000000     ( -7.45058060E-05,  5.77419996E-04) ( -1.49011612E-04,  1.15483999E-03) ( -1.04773790E-04,  6.33299351E-04)
   2.00000000      -1.00000000       1.00000000     ( -7.82310963E-04,  2.38651410E-05) ( -9.31322575E-04,  3.72529030E-05) (  6.14672899E-04, -1.01863407E-05)
