    0.000000        0.000000       -2.000000      
 (1.1455268E-03,-6.4610504E-05)  (1.6111881E-03,-1.4808029E-03)  
 (0.000000,0.000000)
    0.000000        0.000000       -1.000000      
 (2.3841858E-02,-1.3299286E-02)  (-1.6540289E-02,1.9520521E-02)  
 (0.000000,0.000000)
    0.000000        1.000000       -2.000000      
 (-3.8370490E-03,6.9849193E-04)  (-1.3224781E-03,1.8998981E-03)  
 (-6.6123903E-04,9.4994903E-04)
    0.000000        1.000000       -1.000000      (1.1399388E-02,3.9301813E-03)
   (-5.7974830E-04,6.7800283E-03)  (-5.7974830E-04,6.7800283E-03)
    0.000000        2.000000       -1.000000      
 (-2.5331974E-03,3.2223761E-03)  (-3.6787242E-04,2.3981556E-04)  
 (-7.3574483E-04,4.7963113E-04)
    0.000000       -2.000000       -1.000000      (7.0314854E-04,9.6857548E-04)
   (-6.3329935E-04,1.5716068E-04)  (1.2665987E-03,-3.1432137E-04)
    0.000000       -1.000000       -2.000000      
 (-2.6263297E-03,4.2375177E-04)  (6.8666850E-07,1.3411045E-03)  
 (-3.4333425E-07,-6.7055225E-04)
    0.000000       -1.000000       -1.000000      
 (7.5064600E-03,-1.0989606E-02)  (4.6007335E-03,4.4703484E-03)  
 (-4.6007335E-03,-4.4703484E-03)
    1.000000        0.000000       -2.000000      (2.2538006E-03,3.3527613E-04)
   (-2.0302832E-03,5.1688403E-04)  (1.1269003E-03,1.6763806E-04)
    1.000000        0.000000       -1.000000      
 (3.1385571E-03,-2.0302832E-03)  (3.6042184E-03,-9.3132257E-03)  
 (3.1385571E-03,-2.0302832E-03)
    1.000000        1.000000       -2.000000      
 (-1.4994293E-03,1.4621764E-03)  (-1.2014061E-03,-3.2037497E-03)  
 (-1.3504177E-03,-8.7544322E-04)
    1.000000        1.000000       -1.000000      
 (-2.5890768E-03,1.4621764E-03)  (1.5366822E-03,-6.6589564E-04)  
 (-1.0523945E-03,7.9628080E-04)
    1.000000        2.000000       -1.000000      
 (-1.5366822E-03,7.8231096E-04)  (1.1932570E-05,8.5681677E-04)  
 (-1.5087426E-03,2.4959445E-03)
    1.000000       -2.000000       -1.000000      
 (5.9138983E-04,-2.8871000E-04)  (6.2573235E-06,-5.4948032E-04)  
 (5.7742000E-04,8.1025064E-04)
    1.000000       -1.000000       -2.000000      
 (9.1269612E-04,-6.2398612E-04)  (-2.0861626E-03,6.1932951E-04)  
 (1.4994293E-03,-6.1932951E-04)
    1.000000       -1.000000       -1.000000      
 (-2.7380884E-03,2.2538006E-03)  (-7.4971467E-04,-1.9208528E-04)  
 (-1.9930303E-03,2.4586916E-03)
    2.000000        0.000000       -1.000000      (1.2107193E-03,4.1443855E-04)
   (4.3958426E-03,1.9557774E-03)  (2.4214387E-03,8.2887709E-04)
    2.000000        1.000000       -1.000000      
 (-6.7520887E-04,-1.0151416E-03)  (3.3760443E-04,8.4284693E-04)  
 (-1.0151416E-03,-1.1827797E-03)
    2.000000       -1.000000       -1.000000      
 (-6.7986548E-04,5.4016709E-04)  (-6.9849193E-04,1.3038516E-03)  
 (-6.6589564E-04,-2.1886081E-04)
