    0.000000        0.000000        1.000000      (2.3096800E-02,1.2442470E-02)
   (-5.1967800E-03,-1.9669533E-02)  (0.000000,0.000000)
    0.000000        0.000000        2.000000      
 (8.5495412E-03,-2.4167821E-03)  (5.4854900E-03,3.2316893E-03)  
 (0.000000,0.000000)
    0.000000        1.000000        0.000000      
 (-1.4406396E-05,1.1362135E-02)  (0.000000,0.000000)  
 (3.0640513E-03,-3.4272671E-03)
    0.000000        1.000000        1.000000      
 (4.0419400E-03,-4.4121407E-04)  (7.3388219E-03,-5.9045851E-03)  
 (-7.3388219E-03,5.9045851E-03)
    0.000000        1.000000        2.000000      
 (-8.4936619E-03,-2.3283064E-03)  (-8.1211329E-03,-4.6566129E-05)  
 (4.0605664E-03,2.3283064E-05)
    0.000000        2.000000        0.000000      
 (-8.1257895E-04,-4.2840838E-03)  (0.000000,0.000000)  
 (-2.6542693E-03,2.3329630E-03)
    0.000000        2.000000        1.000000      
 (1.1213124E-02,-2.9988587E-03)  (-1.5512342E-04,-2.5285408E-03)  
 (3.1024683E-04,5.0570816E-03)
    0.000000       -2.000000        0.000000      
 (-8.1257895E-04,4.2840838E-03)  (0.000000,0.000000)  
 (-2.6542693E-03,-2.3329630E-03)
    0.000000       -2.000000        1.000000      
 (-1.2814999E-02,-9.7602606E-03)  (-4.0326267E-03,1.0221265E-03)  
 (-8.0652535E-03,2.0442531E-03)
    0.000000       -1.000000        0.000000      
 (-1.4406396E-05,-1.1362135E-02)  (0.000000,0.000000)  
 (3.0640513E-03,3.4272671E-03)
    0.000000       -1.000000        1.000000      
 (7.2456896E-03,-9.4622374E-03)  (-2.7660280E-03,-3.7625432E-03)  
 (-2.7660280E-03,-3.7625432E-03)
    0.000000       -1.000000        2.000000      
 (-1.1306256E-02,3.1664968E-03)  (-9.9884346E-04,4.8521906E-03)  
 (-4.9942173E-04,2.4260953E-03)
    1.000000        0.000000        0.000000      (0.000000,0.000000)  
 (-2.4959445E-02,4.9918890E-03)  (2.0936131E-02,1.8998981E-02)
    1.000000        0.000000        1.000000      
 (-5.3551048E-04,-4.3958426E-03)  (-2.3096800E-02,1.6167760E-02)  
 (5.3551048E-04,4.3958426E-03)
    1.000000        0.000000        2.000000      (1.2549572E-03,1.3993122E-03)
   (5.3457916E-03,1.0319054E-02)  (-6.2747858E-04,-6.9965608E-04)
    1.000000        1.000000        0.000000      
 (4.6938658E-03,-1.0477379E-03)  (-4.6938658E-03,1.0477379E-03)  
 (-4.5821071E-03,2.1047890E-03)
    1.000000        1.000000        1.000000      
 (-1.6205013E-03,3.2223761E-03)  (3.2421667E-04,-1.9650906E-03)  
 (1.2968667E-03,-1.2619421E-03)
    1.000000        1.000000        2.000000      
 (-3.4831464E-03,-1.0780059E-03)  (-2.3143366E-03,-5.9418380E-03)  
 (2.8964132E-03,3.5110861E-03)
    1.000000        2.000000        0.000000      (6.7084329E-05,3.8463622E-03)
   (-3.3542165E-05,-1.9231811E-03)  (2.5937334E-03,1.0747463E-02)
    1.000000        2.000000        1.000000      (5.6810677E-03,4.3958426E-03)
   (-1.4714897E-03,-1.2479722E-03)  (-2.7427450E-03,-1.8998981E-03)
    1.000000       -2.000000        0.000000      
 (-8.4284693E-04,5.3551048E-03)  (-4.2142347E-04,2.6775524E-03)  
 (-6.7241490E-03,-9.0105459E-04)
    1.000000       -2.000000        1.000000      
 (-1.3550743E-03,8.2887709E-04)  (-2.4389010E-04,1.5785918E-03)  
 (8.6612999E-04,2.3329630E-03)
    1.000000       -1.000000        0.000000      
 (-3.5297126E-03,-4.7031790E-04)  (-3.5297126E-03,-4.7031790E-04)  
 (-4.9360096E-03,4.1164458E-03)
    1.000000       -1.000000        1.000000      (1.4156103E-02,5.8300793E-03)
   (5.1409006E-03,5.9045851E-03)  (-9.0338290E-03,7.6834112E-05)
    1.000000       -1.000000        2.000000      
 (-1.2805685E-04,3.3341348E-03)  (-1.2293458E-03,-2.4866313E-03)  
 (-5.5064447E-04,-2.9150397E-03)
    2.000000        0.000000        0.000000      (0.000000,0.000000)  
 (1.4789402E-02,-6.9662929E-03)  (-1.5087426E-03,4.2095780E-03)
    2.000000        0.000000        1.000000      
 (-4.8428774E-03,3.2503158E-03)  (5.7369471E-03,1.2889504E-02)  
 (9.6857548E-03,-6.5006316E-03)
    2.000000        1.000000        0.000000      
 (-1.7415732E-03,-1.3434328E-03)  (3.4831464E-03,2.6868656E-03)  
 (-5.3271651E-03,-1.0011718E-03)
    2.000000        1.000000        1.000000      (3.5669655E-03,5.8487058E-03)
   (-6.3702464E-03,-1.3113022E-02)  (-7.6601282E-04,1.4225952E-03)
    2.000000       -1.000000        0.000000      
 (-5.2270480E-04,-2.8265640E-03)  (-1.0454096E-03,-5.6531280E-03)  
 (2.1746382E-03,4.1350722E-03)
    2.000000       -1.000000        1.000000      
 (-5.6717545E-03,1.2479722E-03)  (-5.9604645E-03,1.8812716E-03)  
 (5.3737313E-03,-6.1467290E-04)
