   0.00000000       0.00000000      -2.00000000     (  1.35041773E-03,  2.64495611E-03) ( -2.16066837E-03, -7.10133463E-05) (  0.00000000    ,  0.00000000    )
   0.00000000       0.00000000      -1.00000000     (  1.75088644E-02,  8.52160156E-04) (  3.48687172E-02,  2.04145908E-02) (  0.00000000    ,  0.00000000    )
   0.00000000       1.00000000      -2.00000000     (  1.22003257E-03,  7.93079380E-06) ( -6.37955964E-04,  8.94069672E-04) ( -3.18977982E-04,  4.47034836E-04)
   0.00000000       1.00000000      -1.00000000     ( -2.38884240E-03,  2.98023224E-02) ( -5.90458512E-03, -2.37487257E-03) ( -5.90458512E-03, -2.37487257E-03)
   0.00000000       2.00000000      -1.00000000     ( -1.60187483E-03,  2.98023224E-04) (  1.64145604E-04,  7.63684511E-04) (  3.28291208E-04,  1.52736902E-03)
   0.00000000      -2.00000000      -1.00000000     (  2.23517418E-03,  9.40635800E-04) ( -7.54371285E-04, -1.93249434E-04) (  1.50874257E-03,  3.86498868E-04)
   0.00000000      -1.00000000      -2.00000000     ( -9.96515155E-04,  9.49949026E-04) ( -9.12696123E-04, -2.28174031E-04) (  4.56348062E-04,  1.14087015E-04)
   0.00000000      -1.00000000      -1.00000000     (  8.00937414E-03, -1.02072954E-02) ( -2.25845724E-03,  2.98023224E-03) (  2.25845724E-03, -2.98023224E-03)
   1.00000000       0.00000000      -2.00000000     ( -1.05239451E-03, -2.67755240E-05) ( -1.01514161E-03,  1.25728548E-03) ( -5.26197255E-04, -1.33877620E-05)
   1.00000000       0.00000000      -1.00000000     (  8.81031156E-03, -5.01051545E-03) ( -9.68575478E-03,  1.27125531E-03) (  8.81031156E-03, -5.01051545E-03)
   1.00000000       1.00000000      -2.00000000     ( -7.91624188E-04, -2.42143869E-04) (  9.03382897E-04, -2.32830644E-03) (  5.87897375E-05, -1.28522515E-03)
   1.00000000       1.00000000      -1.00000000     ( -1.97440386E-03,  1.63912773E-03) (  2.47731805E-03,  3.32947820E-04) (  5.02914190E-04,  1.97440386E-03)
   1.00000000       2.00000000      -1.00000000     (  4.93600965E-04, -3.18977982E-04) ( -7.12461770E-04, -4.65661287E-04) ( -9.31322575E-04, -1.24797225E-03)
   1.00000000      -2.00000000      -1.00000000     (  1.60187483E-03,  4.74974513E-04) (  1.05239451E-03,  6.19329512E-04) ( -4.98257577E-04, -7.63684511E-04)
   1.00000000      -1.00000000      -2.00000000     (  8.75443220E-04, -9.59262252E-04) (  1.16415322E-03, -6.98491931E-04) ( -1.44354999E-04, -1.29221007E-04)
   1.00000000      -1.00000000      -1.00000000     ( -5.56610757E-06,  1.95577741E-03) ( -1.33179128E-03,  1.07102096E-03) (  1.32247806E-03,  8.75443220E-04)
   2.00000000       0.00000000      -1.00000000     ( -5.40167093E-04, -3.44589353E-04) (  5.77419996E-04, -4.00468707E-04) ( -1.08033419E-03, -6.89178705E-04)
   2.00000000       1.00000000      -1.00000000     (  4.05125320E-04,  3.58559191E-04) ( -3.77185643E-04,  4.61004674E-04) (  4.37721610E-04,  1.17346644E-03)
   2.00000000      -1.00000000      -1.00000000     (  4.00468707E-04,  9.89530236E-05) (  1.27591193E-03, -1.17346644E-03) ( -4.84287739E-04,  1.37835741E-03)
