   0.00000000       0.00000000      -2.00000000     (  5.96046448E-04,  2.08616257E-03) ( -1.60187483E-03,  4.88944352E-04) (  0.00000000    ,  0.00000000    )
   0.00000000       0.00000000      -1.00000000     (  2.78651714E-02, -9.53674316E-03) (  2.15694308E-02,  3.43471766E-02) (  0.00000000    ,  0.00000000    )
   0.00000000       1.00000000      -2.00000000     ( -1.74622983E-04,  6.05359674E-04) (  4.61004674E-04,  1.05239451E-03) (  2.30502337E-04,  5.26197255E-04)
   0.00000000       1.00000000      -1.00000000     (  1.35228038E-02,  2.38418579E-02) (  8.47503543E-04, -6.28642738E-04) (  8.47503543E-04, -6.28642738E-04)
   0.00000000       2.00000000      -1.00000000     ( -3.68803740E-03, -7.91624188E-04) ( -7.63684511E-04, -5.54136932E-04) ( -1.52736902E-03, -1.10827386E-03)
   0.00000000      -2.00000000      -1.00000000     (  8.19563866E-04, -1.56462193E-03) ( -6.70552254E-04,  1.62981451E-04) (  1.34110451E-03, -3.25962901E-04)
   0.00000000      -1.00000000      -2.00000000     ( -2.10478902E-03, -7.26431608E-04) ( -4.65661287E-04, -2.21189111E-04) (  2.32830644E-04,  1.10594556E-04)
   0.00000000      -1.00000000      -1.00000000     (  7.69272447E-03,  5.92553988E-04) (  3.20724212E-04,  1.10268593E-02) ( -3.20724212E-04, -1.10268593E-02)
   1.00000000       0.00000000      -2.00000000     ( -1.08033419E-03,  1.32247806E-03) ( -1.21071935E-03,  1.67638063E-03) ( -5.40167093E-04,  6.61239028E-04)
   1.00000000       0.00000000      -1.00000000     (  7.33882189E-03, -1.26427040E-03) ( -4.67523932E-03, -3.28756869E-03) (  7.33882189E-03, -1.26427040E-03)
   1.00000000       1.00000000      -2.00000000     ( -1.52736902E-03,  7.91624188E-04) (  6.61239028E-04, -1.65775418E-03) ( -4.37721610E-04, -4.33064997E-04)
   1.00000000       1.00000000      -1.00000000     ( -1.28522515E-03, -3.21306288E-04) (  1.43423676E-03,  5.58793545E-04) (  1.46683306E-04,  2.39815563E-04)
   1.00000000       2.00000000      -1.00000000     (  8.49831849E-05,  5.30853868E-04) ( -4.05125320E-04,  6.05359674E-04) ( -7.26431608E-04,  1.75088644E-03)
   1.00000000      -2.00000000      -1.00000000     (  5.77419996E-04,  8.22183210E-06) (  7.07805157E-04,  6.42612576E-04) ( -8.28877091E-04, -1.26659870E-03)
   1.00000000      -1.00000000      -2.00000000     ( -8.84756446E-05, -1.10827386E-03) ( -5.26197255E-04, -5.49480319E-04) (  2.18860805E-04, -2.79396772E-04)
   1.00000000      -1.00000000      -1.00000000     ( -6.42612576E-04,  5.30853868E-04) ( -1.30385160E-03,  2.30502337E-04) (  6.61239028E-04,  2.98023224E-04)
   2.00000000       0.00000000      -1.00000000     ( -5.77419996E-04, -3.07336450E-04) ( -4.98257577E-04,  9.08039510E-05) ( -1.15483999E-03, -6.14672899E-04)
   2.00000000       1.00000000      -1.00000000     ( -4.23751771E-04, -2.02562660E-04) (  8.10250640E-04, -4.93600965E-04) ( -4.42378223E-05, -9.03382897E-04)
   2.00000000      -1.00000000      -1.00000000     ( -1.86264515E-04,  1.15251169E-04) (  2.42143869E-04, -1.17346644E-03) ( -6.14672899E-04,  1.41561031E-03)
