   0.00000000       0.00000000      -2.00000000     (  7.07805157E-04,  2.04890966E-04) ( -6.14672899E-04,  1.30385160E-04) (  0.00000000    ,  0.00000000    )
   0.00000000       0.00000000      -1.00000000     (  1.03190541E-02,  1.16229057E-02) (  4.06801701E-02,  8.67992640E-03) (  0.00000000    ,  0.00000000    )
   0.00000000       1.00000000      -2.00000000     (  2.32830644E-04,  1.67638063E-04) (  2.32830644E-04,  5.58793545E-05) (  1.16415322E-04,  2.79396772E-05)
   0.00000000       1.00000000      -1.00000000     ( -6.91041350E-03,  2.54809856E-02) ( -9.76026058E-03, -3.79979610E-03) ( -9.76026058E-03, -3.79979610E-03)
   0.00000000       2.00000000      -1.00000000     ( -2.51457095E-04, -9.77888703E-05) ( -2.23517418E-04,  2.42143869E-04) ( -4.47034836E-04,  4.84287739E-04)
   0.00000000      -2.00000000      -1.00000000     (  3.91155481E-04,  1.58324838E-04) ( -5.82076609E-05,  8.84756446E-05) (  1.16415322E-04, -1.76951289E-04)
   0.00000000      -1.00000000      -2.00000000     (  2.51457095E-04,  3.07336450E-04) ( -1.44354999E-04, -1.39698386E-04) (  7.21774995E-05,  6.98491931E-05)
   0.00000000      -1.00000000      -1.00000000     (  7.43195415E-03, -5.66244125E-03) (  2.45403498E-03,  1.21537596E-03) ( -2.45403498E-03, -1.21537596E-03)
   1.00000000       0.00000000      -2.00000000     ( -2.79396772E-04, -1.21071935E-04) (  2.42143869E-04,  6.70552254E-04) ( -1.39698386E-04, -6.05359674E-05)
   1.00000000       0.00000000      -1.00000000     (  1.17719173E-02, -5.79282641E-03) ( -7.76723027E-03,  2.02655792E-02) (  1.17719173E-02, -5.79282641E-03)
   1.00000000       1.00000000      -2.00000000     (  1.16415322E-04,  2.60770321E-04) ( -2.14204192E-04, -2.51457095E-04) ( -4.65661287E-05,  2.91038305E-06)
   1.00000000       1.00000000      -1.00000000     ( -6.14672899E-04,  1.08033419E-03) ( -5.35510480E-05, -5.96046448E-04) ( -6.70552254E-04,  4.84287739E-04)
   1.00000000       2.00000000      -1.00000000     (  1.74622983E-05, -1.44354999E-04) ( -1.02445483E-04,  3.02679837E-05) ( -1.86264515E-04, -8.38190317E-05)
   1.00000000      -2.00000000      -1.00000000     ( -1.16415322E-05, -1.58324838E-04) (  1.25728548E-04, -7.21774995E-05) ( -2.70083547E-04, -1.39698386E-05)
   1.00000000      -1.00000000      -2.00000000     (  1.21071935E-04, -2.70083547E-04) ( -1.16415322E-04,  3.20142135E-06) (  1.16415322E-04, -1.39698386E-04)
   1.00000000      -1.00000000      -1.00000000     ( -1.92085281E-05,  1.86264515E-04) ( -1.67638063E-04,  1.44354999E-04) (  1.44354999E-04,  3.72529030E-05)
   2.00000000       0.00000000      -1.00000000     ( -2.32830644E-04,  9.02218744E-06) (  1.76951289E-04, -3.91155481E-04) ( -4.65661287E-04,  1.80443749E-05)
   2.00000000       1.00000000      -1.00000000     (  6.51925802E-05, -7.45058060E-05) ( -2.79396772E-04,  3.72529030E-04) ( -1.49011612E-04,  2.14204192E-04)
   2.00000000      -1.00000000      -1.00000000     (  2.04890966E-04,  3.84170562E-05) (  1.21071935E-04,  1.58324838E-04) (  2.98023224E-04, -7.91624188E-05)
