    0.000000        0.000000       -2.000000      (6.9290400E-03,1.5832484E-03)
   (6.1094761E-03,-4.7776848E-03)  (0.000000,0.000000)
    0.000000        0.000000       -1.000000      
 (2.1234155E-02,-1.1697412E-02)  (-8.7171793E-03,1.6614795E-02)  
 (0.000000,0.000000)
    0.000000        1.000000       -2.000000      
 (-1.3485551E-02,-1.9231811E-03)  (-2.5564805E-03,-1.1269003E-03)  
 (-1.2782402E-03,-5.6345016E-04)
    0.000000        1.000000       -1.000000      (6.4261258E-03,5.9790909E-03)
   (-1.8905848E-03,4.4703484E-03)  (-1.8905848E-03,4.4703484E-03)
    0.000000        2.000000       -1.000000      
 (-1.2703240E-02,1.1436641E-02)  (-3.8184226E-03,-1.0966323E-03)  
 (-7.6368451E-03,-2.1932647E-03)
    0.000000       -2.000000       -1.000000      (1.0225922E-02,3.0547380E-03)
   (-3.2188836E-04,1.9231811E-03)  (6.4377673E-04,-3.8463622E-03)
    0.000000       -1.000000       -2.000000      
 (-8.2142651E-03,2.4959445E-03)  (-5.0850213E-03,1.4062971E-03)  
 (2.5425106E-03,-7.0314854E-04)
    0.000000       -1.000000       -1.000000      
 (4.3213367E-03,-2.7194619E-03)  (6.1467290E-03,4.6566129E-03)  
 (-6.1467290E-03,-4.6566129E-03)
    1.000000        0.000000       -2.000000      (8.6240470E-03,2.7753413E-03)
   (-3.5855919E-03,4.7124922E-03)  (4.3120235E-03,1.3876706E-03)
    1.000000        0.000000       -1.000000      
 (3.8370490E-03,-7.1711838E-04)  (7.4878335E-03,-4.2654574E-03)  
 (3.8370490E-03,-7.1711838E-04)
    1.000000        1.000000       -2.000000      
 (-3.3155084E-03,-4.1909516E-04)  (-2.6263297E-03,-1.3485551E-02)  
 (-2.9709190E-03,-6.9476664E-03)
    1.000000        1.000000       -1.000000      
 (-8.2328916E-03,-1.1594966E-03)  (2.1746382E-03,-1.3899989E-03)  
 (-6.0722232E-03,-2.5518239E-03)
    1.000000        2.000000       -1.000000      
 (-9.0524554E-03,-3.4284312E-04)  (1.5879050E-03,2.8498471E-03)  
 (-5.8859587E-03,5.3644180E-03)
    1.000000       -2.000000       -1.000000      
 (3.0326191E-04,-4.5448542E-03)  (-8.1723556E-04,-1.7322600E-03)  
 (1.9371510E-03,-1.0849908E-03)
    1.000000       -1.000000       -2.000000      (4.8987567E-03,5.1571988E-04)
   (-4.3027103E-03,1.6810372E-03)  (4.6007335E-03,-5.8324076E-04)
    1.000000       -1.000000       -1.000000      
 (-1.0225922E-02,4.3306500E-03)  (-6.5565109E-03,4.3655746E-04)  
 (-3.6694109E-03,3.8929284E-03)
    2.000000        0.000000       -1.000000      (1.8486753E-03,4.3213367E-03)
   (7.2084367E-03,7.5995922E-03)  (3.6973506E-03,8.6426735E-03)
    2.000000        1.000000       -1.000000      
 (-9.8720193E-04,-1.8021092E-03)  (3.9767474E-03,-5.0943345E-03)  
 (1.9976869E-03,-8.6985528E-03)
    2.000000       -1.000000       -1.000000      
 (-1.6484410E-03,2.4540350E-03)  (2.6018824E-04,6.2957406E-03)  
 (-3.5576522E-03,-1.3923272E-03)
