   0.00000000       0.00000000      -2.00000000     (  2.21654773E-03,  3.42726707E-03) ( -2.27242708E-03,  3.43425199E-05) (  0.00000000    ,  0.00000000    )
   0.00000000       0.00000000      -1.00000000     (  2.67475843E-02, -1.11013651E-02) (  1.32620335E-02,  3.18884850E-02) (  0.00000000    ,  0.00000000    )
   0.00000000       1.00000000      -2.00000000     (  3.09664756E-04,  1.67638063E-03) (  6.05359674E-04,  1.69500709E-03) (  3.02679837E-04,  8.47503543E-04)
   0.00000000       1.00000000      -1.00000000     (  1.59069896E-02,  1.93715096E-02) (  6.05359674E-04,  1.18976459E-03) (  6.05359674E-04,  1.18976459E-03)
   0.00000000       2.00000000      -1.00000000     ( -6.63101673E-03, -1.80676579E-03) ( -1.22003257E-03, -9.40635800E-04) ( -2.44006515E-03, -1.88127160E-03)
   0.00000000      -2.00000000      -1.00000000     (  1.32247806E-03, -3.33413482E-03) ( -1.34110451E-03,  7.54371285E-04) (  2.68220901E-03, -1.50874257E-03)
   0.00000000      -1.00000000      -2.00000000     ( -3.83704901E-03, -1.23865902E-03) ( -1.30385160E-03, -1.02445483E-04) (  6.51925802E-04,  5.12227416E-05)
   0.00000000      -1.00000000      -1.00000000     (  5.62518835E-03,  4.66592610E-03) (  2.94297934E-03,  1.04680657E-02) ( -2.94297934E-03, -1.04680657E-02)
   1.00000000       0.00000000      -2.00000000     ( -1.20140612E-03,  2.98023224E-03) ( -2.57045031E-03,  3.94880772E-03) ( -6.00703061E-04,  1.49011612E-03)
   1.00000000       0.00000000      -1.00000000     (  4.91738319E-03,  3.75439413E-05) (  8.89413059E-04, -2.60770321E-03) (  4.91738319E-03,  3.75439413E-05)
   1.00000000       1.00000000      -2.00000000     ( -3.14787030E-03,  8.52160156E-04) (  2.71946192E-03, -3.12924385E-03) ( -2.14204192E-04, -1.13621354E-03)
   1.00000000       1.00000000      -1.00000000     ( -3.78116965E-03, -1.42492354E-03) (  3.31550837E-03,  6.42612576E-04) ( -4.79631126E-04, -7.82310963E-04)
   1.00000000       2.00000000      -1.00000000     ( -7.96280801E-04,  1.07102096E-03) ( -3.79513949E-04,  1.34110451E-03) ( -1.55530870E-03,  3.74391675E-03)
   1.00000000      -2.00000000      -1.00000000     (  1.07684173E-04, -5.44823706E-04) (  1.08964741E-03,  2.29338184E-04) ( -2.07684934E-03, -1.00117177E-03)
   1.00000000      -1.00000000      -2.00000000     ( -9.45292413E-04, -2.09547579E-03) ( -4.07453626E-04, -1.55530870E-03) ( -2.70083547E-04, -2.70083547E-04)
   1.00000000      -1.00000000      -1.00000000     ( -1.09896064E-03,  4.07453626E-04) ( -2.45869160E-03,  4.37721610E-04) (  1.35041773E-03, -3.07045411E-05)
   2.00000000       0.00000000      -1.00000000     ( -1.03842467E-03, -6.33299351E-04) ( -2.92435288E-03,  4.91272658E-04) ( -2.07684934E-03, -1.26659870E-03)
   2.00000000       1.00000000      -1.00000000     ( -2.38651410E-04,  1.79279596E-04) (  7.82310963E-04, -1.05705112E-03) (  3.05008143E-04, -6.98491931E-04)
   2.00000000      -1.00000000      -1.00000000     ( -9.60426405E-05, -6.33299351E-04) (  3.46917659E-04, -3.01748514E-03) ( -5.35510480E-04,  1.76019967E-03)
