   0.00000000       0.00000000       1.00000000     ( -1.10361725E-03, -1.22934580E-02) (  2.15321779E-02,  7.43195415E-03) (  0.00000000    ,  0.00000000    )
   0.00000000       0.00000000       2.00000000     (  6.33299351E-03, -2.88709998E-03) ( -9.01520252E-03, -3.50177288E-03) (  0.00000000    ,  0.00000000    )
   0.00000000       1.00000000       0.00000000     (  7.65547156E-03,  1.21071935E-03) (  0.00000000    ,  0.00000000    ) (  1.50129199E-02, -7.54371285E-03)
   0.00000000       1.00000000       1.00000000     ( -8.49366188E-03, -4.11644578E-03) (  3.98606062E-03, -1.38301402E-03) ( -3.98606062E-03,  1.38301402E-03)
   0.00000000       1.00000000       2.00000000     (  3.66941094E-03, -2.30036676E-03) ( -3.24100256E-03,  1.49942935E-03) (  1.62050128E-03, -7.49714673E-04)
   0.00000000       2.00000000       0.00000000     ( -1.33179128E-03,  3.65078449E-03) (  0.00000000    ,  0.00000000    ) (  6.05359674E-05, -7.12461770E-04)
   0.00000000       2.00000000       1.00000000     (  3.77185643E-04, -3.37604433E-04) ( -6.47269189E-04,  5.91389835E-04) (  1.29453838E-03, -1.18277967E-03)
   0.00000000      -2.00000000       0.00000000     ( -1.33179128E-03, -3.65078449E-03) (  0.00000000    ,  0.00000000    ) (  6.05359674E-05,  7.12461770E-04)
   0.00000000      -2.00000000       1.00000000     (  1.56462193E-03, -6.28642738E-04) ( -8.66129994E-04,  3.47790774E-05) ( -1.73225999E-03,  6.95581548E-05)
   0.00000000      -1.00000000       0.00000000     (  7.65547156E-03, -1.21071935E-03) (  0.00000000    ,  0.00000000    ) (  1.50129199E-02,  7.54371285E-03)
   0.00000000      -1.00000000       1.00000000     ( -9.72300768E-03, -1.16601586E-02) ( -6.10947609E-03,  6.40749931E-03) ( -6.10947609E-03,  6.40749931E-03)
   0.00000000      -1.00000000       2.00000000     ( -1.35973096E-03, -1.87195837E-03) ( -2.37487257E-04,  2.32830644E-03) ( -1.18743628E-04,  1.16415322E-03)
   1.00000000       0.00000000       0.00000000     (  0.00000000    ,  0.00000000    ) ( -2.83867121E-02,  5.90458512E-03) (  1.89244747E-02, -5.51342964E-03)
   1.00000000       0.00000000       1.00000000     ( -1.69035047E-03, -2.54251063E-03) (  4.97326255E-03, -5.81145287E-03) (  1.69035047E-03,  2.54251063E-03)
   1.00000000       0.00000000       2.00000000     ( -2.96160579E-03, -1.28522515E-03) ( -1.02911144E-03,  3.18512321E-03) (  1.48080289E-03,  6.42612576E-04)
   1.00000000       1.00000000       0.00000000     (  1.30385160E-04, -3.78349796E-04) ( -1.30385160E-04,  3.78349796E-04) (  7.54371285E-03,  1.57207251E-02)
   1.00000000       1.00000000       1.00000000     ( -4.24683094E-03, -7.59027898E-04) (  2.19792128E-03,  2.58907676E-03) (  2.04890966E-03, -1.82539225E-03)
   1.00000000       1.00000000       2.00000000     (  1.97906047E-04,  1.01514161E-03) (  1.62050128E-03,  8.47503543E-04) ( -9.12696123E-04, -9.31322575E-04)
   1.00000000       2.00000000       0.00000000     ( -8.33533704E-04, -5.72763383E-04) (  4.16766852E-04,  2.86381692E-04) (  2.16532499E-04, -1.61118805E-03)
   1.00000000       2.00000000       1.00000000     (  1.52736902E-03, -9.66247171E-05) ( -6.10016286E-04, -8.55652615E-05) ( -3.07336450E-04,  2.68919393E-04)
   1.00000000      -2.00000000       0.00000000     ( -1.62050128E-03, -2.49128789E-04) ( -8.10250640E-04, -1.24564394E-04) ( -6.28642738E-04,  2.03028321E-03)
   1.00000000      -2.00000000       1.00000000     (  2.83762347E-05, -8.80099833E-04) (  8.42846930E-04, -4.00468707E-04) (  1.65775418E-03,  7.62520358E-05)
   1.00000000      -1.00000000       0.00000000     (  8.19563866E-03,  2.54251063E-03) (  8.19563866E-03,  2.54251063E-03) ( -2.53319740E-03, -5.58793545E-04)
   1.00000000      -1.00000000       1.00000000     ( -2.00234354E-03,  2.51457095E-03) ( -1.12224370E-03, -2.21654773E-03) (  8.80099833E-04, -4.73111868E-03)
   1.00000000      -1.00000000       2.00000000     ( -2.22586095E-03, -8.28877091E-04) (  1.84401870E-03,  1.83470547E-03) (  2.03959644E-03,  1.33179128E-03)
   2.00000000       0.00000000       0.00000000     (  0.00000000    ,  0.00000000    ) ( -2.11410224E-03,  1.96509063E-03) (  1.93715096E-03, -2.24448740E-03)
   2.00000000       0.00000000       1.00000000     ( -9.12696123E-04,  9.45292413E-04) (  6.02449290E-05, -3.37138772E-03) (  1.82539225E-03, -1.89058483E-03)
   2.00000000       1.00000000       0.00000000     ( -1.16415322E-03, -1.07567757E-03) (  2.32830644E-03,  2.15135515E-03) ( -5.05242497E-04,  3.24100256E-03)
   2.00000000       1.00000000       1.00000000     ( -7.49714673E-04,  2.95694917E-04) (  5.09899110E-04,  7.68341124E-04) (  9.87201929E-04, -1.35973096E-03)
   2.00000000      -1.00000000       0.00000000     ( -1.48080289E-03, -8.14907253E-04) ( -2.96160579E-03, -1.62981451E-03) (  3.28291208E-04,  3.25962901E-03)
   2.00000000      -1.00000000       1.00000000     (  1.89989805E-03,  4.65661287E-04) ( -4.02797014E-04,  8.98726285E-04) ( -4.20957804E-03, -3.39059625E-05)
