   0.00000000       0.00000000       1.00000000     (  2.30967999E-02,  1.17346644E-02) ( -7.85803422E-05, -2.27987766E-02) (  0.00000000    ,  0.00000000    )
   0.00000000       0.00000000       2.00000000     (  6.63101673E-03, -3.85567546E-03) (  1.94180757E-03,  1.47614628E-03) (  0.00000000    ,  0.00000000    )
   0.00000000       1.00000000       0.00000000     ( -2.30967999E-03,  1.17346644E-02) (  0.00000000    ,  0.00000000    ) (  2.05822289E-03, -2.82190740E-03)
   0.00000000       1.00000000       1.00000000     (  3.25962901E-03, -3.47383320E-03) (  6.89178705E-03, -7.11530447E-03) ( -6.89178705E-03,  7.11530447E-03)
   0.00000000       1.00000000       2.00000000     ( -7.18981028E-03, -9.61590558E-04) ( -6.96629286E-03,  5.08734956E-04) (  3.48314643E-03, -2.54367478E-04)
   0.00000000       2.00000000       0.00000000     ( -1.97323970E-04, -6.27711415E-03) (  0.00000000    ,  0.00000000    ) ( -4.47034836E-03,  4.49363142E-04)
   0.00000000       2.00000000       1.00000000     (  5.97909093E-03,  9.33650881E-04) ( -1.20606273E-03, -2.42143869E-03) (  2.41212547E-03,  4.84287739E-03)
   0.00000000      -2.00000000       0.00000000     ( -1.97323970E-04,  6.27711415E-03) (  0.00000000    ,  0.00000000    ) ( -4.47034836E-03, -4.49363142E-04)
   0.00000000      -2.00000000       1.00000000     ( -9.08970833E-03, -3.13855708E-03) ( -1.78348273E-03,  9.61590558E-04) ( -3.56696546E-03,  1.92318112E-03)
   0.00000000      -1.00000000       0.00000000     ( -2.30967999E-03, -1.17346644E-02) (  0.00000000    ,  0.00000000    ) (  2.05822289E-03,  2.82190740E-03)
   0.00000000      -1.00000000       1.00000000     (  1.00582838E-02, -1.27404928E-02) ( -2.53319740E-03, -2.64495611E-03) ( -2.53319740E-03, -2.64495611E-03)
   0.00000000      -1.00000000       2.00000000     ( -3.98606062E-03,  3.53611540E-05) (  4.48198989E-04,  3.68803740E-03) (  2.24099495E-04,  1.84401870E-03)
   1.00000000       0.00000000       0.00000000     (  0.00000000    ,  0.00000000    ) ( -2.08616257E-02,  5.23403287E-03) (  2.37673521E-02,  1.97440386E-02)
   1.00000000       0.00000000       1.00000000     (  1.71829015E-03, -4.35858965E-03) ( -2.48849392E-02,  1.57207251E-02) ( -1.71829015E-03,  4.35858965E-03)
   1.00000000       0.00000000       2.00000000     (  1.05006620E-03,  2.08616257E-03) (  4.89875674E-03,  5.32716513E-03) ( -5.25033101E-04, -1.04308128E-03)
   1.00000000       1.00000000       0.00000000     (  5.23403287E-03,  8.77771527E-04) ( -5.23403287E-03, -8.77771527E-04) ( -6.63101673E-03,  2.86847353E-03)
   1.00000000       1.00000000       1.00000000     ( -3.12924385E-03,  1.13621354E-03) (  2.18860805E-03, -6.54254109E-04) (  9.42964107E-04, -4.81959432E-04)
   1.00000000       1.00000000       2.00000000     ( -2.19792128E-03, -2.39349902E-03) ( -4.25614417E-03, -3.85567546E-03) (  3.22237611E-03,  3.11993062E-03)
   1.00000000       2.00000000       0.00000000     ( -1.74622983E-03,  5.17815351E-03) (  8.73114914E-04, -2.58907676E-03) ( -3.29455361E-04,  9.35047865E-03)
   1.00000000       2.00000000       1.00000000     (  6.29574060E-03,  2.73808837E-03) ( -2.10478902E-03, -2.08616257E-03) ( -2.08150595E-03,  1.42492354E-03)
   1.00000000      -2.00000000       0.00000000     ( -5.68106771E-04, -1.05472282E-03) ( -2.84053385E-04, -5.27361408E-04) ( -2.73808837E-03,  5.58793545E-04)
   1.00000000      -2.00000000       1.00000000     ( -2.02096999E-03,  7.93952495E-04) ( -1.89058483E-03,  1.48080289E-03) ( -1.76019967E-03,  2.16998160E-03)
   1.00000000      -1.00000000       0.00000000     ( -5.47617674E-03, -3.63215804E-03) ( -5.47617674E-03, -3.63215804E-03) ( -4.32133675E-03,  4.32133675E-03)
   1.00000000      -1.00000000       1.00000000     (  7.95349479E-03,  8.02800059E-03) (  1.96509063E-03,  7.37607479E-03) ( -5.99771738E-03, -6.54254109E-04)
   1.00000000      -1.00000000       2.00000000     (  3.49245965E-03,  5.84870577E-03) (  5.36441803E-03,  1.67172402E-03) (  9.31322575E-04, -2.09081918E-03)
   2.00000000       0.00000000       0.00000000     (  0.00000000    ,  0.00000000    ) (  1.11013651E-02, -6.38887286E-03) ( -3.44589353E-03,  4.25614417E-03)
   2.00000000       0.00000000       1.00000000     ( -4.41446900E-03, -3.05008143E-04) (  3.67872417E-03,  1.09151006E-02) (  8.82893801E-03,  6.10016286E-04)
   2.00000000       1.00000000       0.00000000     ( -1.88127160E-03,  5.15719876E-04) (  3.76254320E-03, -1.03143975E-03) ( -1.47148967E-03, -6.20260835E-03)
   2.00000000       1.00000000       1.00000000     (  2.24448740E-03,  4.52622771E-03) ( -5.10364771E-03, -7.95349479E-03) (  6.23986125E-04, -1.10827386E-03)
   2.00000000      -1.00000000       0.00000000     (  1.21071935E-03, -7.45058060E-04) (  2.42143869E-03, -1.49011612E-03) (  5.63450158E-04,  2.10944563E-03)
   2.00000000      -1.00000000       1.00000000     ( -4.01400030E-03,  4.54019755E-04) ( -3.87430191E-03, -1.70432031E-03) (  4.15369868E-03, -2.60770321E-03)
