    0.000000        0.000000       -2.000000      (7.9721212E-03,3.0547380E-03)
   (4.2188913E-03,-2.2165477E-03)  (0.000000,0.000000)
    0.000000        0.000000       -1.000000      
 (2.3320317E-02,-1.2293458E-02)  (-3.1013042E-03,2.1085143E-02)  
 (0.000000,0.000000)
    0.000000        1.000000       -2.000000      
 (-8.2328916E-03,-2.2305176E-03)  (-2.4621841E-04,-5.0291419E-03)  
 (-1.2310920E-04,-2.5145710E-03)
    0.000000        1.000000       -1.000000      (8.2701445E-03,1.1026859E-02)
   (-2.8591603E-03,3.3155084E-03)  (-2.8591603E-03,3.3155084E-03)
    0.000000        2.000000       -1.000000      
 (-1.1213124E-02,7.1153045E-03)  (-3.1851232E-03,-9.2200935E-04)  
 (-6.3702464E-03,-1.8440187E-03)
    0.000000       -2.000000       -1.000000      (9.2945993E-03,1.7136335E-03)
   (-5.0989911E-04,2.5471672E-03)  (1.0197982E-03,-5.0943345E-03)
    0.000000       -1.000000       -2.000000      
 (-8.0466270E-03,1.7508864E-03)  (-8.2887709E-03,-3.0500814E-04)  
 (4.1443855E-03,1.5250407E-04)
    0.000000       -1.000000       -1.000000      (3.7439167E-03,1.8673018E-03)
   (7.4133277E-03,6.4633787E-03)  (-7.4133277E-03,-6.4633787E-03)
    1.000000        0.000000       -2.000000      (5.4575503E-03,4.6472996E-03)
   (-2.5238842E-03,8.0652535E-03)  (2.7287751E-03,2.3236498E-03)
    1.000000        0.000000       -1.000000      (4.0791929E-03,1.7229468E-04)
   (9.6485019E-03,-1.6903505E-03)  (4.0791929E-03,1.7229468E-04)
    1.000000        1.000000       -2.000000      
 (-3.4179538E-03,-3.4086406E-03)  (2.8219074E-03,-1.1250377E-02)  
 (-2.9744115E-04,-7.3388219E-03)
    1.000000        1.000000       -1.000000      
 (-8.2515180E-03,-5.3457916E-03)  (4.1909516E-03,-4.6333298E-04)  
 (-4.0698797E-03,-5.8114529E-03)
    1.000000        2.000000       -1.000000      
 (-8.7544322E-03,-4.0605664E-03)  (1.5832484E-03,1.8859282E-03)  
 (-5.5879354E-03,-2.8754584E-04)
    1.000000       -2.000000       -1.000000      
 (-2.7939677E-04,-5.5506825E-03)  (-1.1129305E-03,-3.7718564E-03)  
 (1.9464642E-03,1.9790605E-03)
    1.000000       -1.000000       -2.000000      (3.4272671E-03,2.4633482E-03)
   (-1.8719584E-03,2.3469329E-03)  (2.6542693E-03,5.8062142E-05)
    1.000000       -1.000000       -1.000000      
 (-7.3947012E-03,2.0070001E-03)  (-8.1956387E-03,1.1269003E-03)  
 (8.0326572E-04,8.8242814E-04)
    2.000000        0.000000       -1.000000      
 (-1.2665987E-03,3.5669655E-03)  (-3.6321580E-03,6.0535967E-03)  
 (-2.5331974E-03,7.1339309E-03)
    2.000000        1.000000       -1.000000      (7.0314854E-04,1.0454096E-03)
   (3.5576522E-03,-6.5751374E-03)  (4.9639493E-03,-4.4889748E-03)
    2.000000       -1.000000       -1.000000      
 (-9.4063580E-04,-7.5902790E-04)  (1.5972182E-03,2.3981556E-03)  
 (-3.4738332E-03,-3.9208680E-03)
