   0.00000000       0.00000000      -2.00000000     (  2.98023224E-03,  3.93018126E-03) ( -2.42143869E-03, -1.97906047E-04) (  0.00000000    ,  0.00000000    )
   0.00000000       0.00000000      -1.00000000     (  2.59280205E-02, -1.11386180E-02) (  1.13248825E-02,  3.06218863E-02) (  0.00000000    ,  0.00000000    )
   0.00000000       1.00000000      -2.00000000     (  4.12110239E-04,  2.13272870E-03) (  6.07687980E-04,  1.76019967E-03) (  3.03843990E-04,  8.80099833E-04)
   0.00000000       1.00000000      -1.00000000     (  1.55717134E-02,  1.83284283E-02) (  2.79396772E-04,  1.45751983E-03) (  2.79396772E-04,  1.45751983E-03)
   0.00000000       2.00000000      -1.00000000     ( -7.71135092E-03, -2.02096999E-03) ( -1.35041773E-03, -1.09430403E-03) ( -2.70083547E-03, -2.18860805E-03)
   0.00000000      -2.00000000      -1.00000000     (  1.49942935E-03, -3.93018126E-03) ( -1.64844096E-03,  9.87201929E-04) (  3.29688191E-03, -1.97440386E-03)
   0.00000000      -1.00000000      -2.00000000     ( -4.58210707E-03, -1.24331564E-03) ( -1.80676579E-03, -8.49831849E-05) (  9.03382897E-04,  4.24915925E-05)
   0.00000000      -1.00000000      -1.00000000     (  5.01051545E-03,  5.01051545E-03) (  3.45520675E-03,  9.98377800E-03) ( -3.45520675E-03, -9.98377800E-03)
   1.00000000       0.00000000      -2.00000000     ( -1.07567757E-03,  3.57627869E-03) ( -3.12924385E-03,  4.88013029E-03) ( -5.37838787E-04,  1.78813934E-03)
   1.00000000       0.00000000      -1.00000000     (  4.41446900E-03,  1.47847459E-04) (  2.04425305E-03, -2.33296305E-03) (  4.41446900E-03,  1.47847459E-04)
   1.00000000       1.00000000      -2.00000000     ( -3.74391675E-03,  5.68106771E-04) (  3.53902578E-03, -3.61353159E-03) ( -1.01863407E-04, -1.52736902E-03)
   1.00000000       1.00000000      -1.00000000     ( -4.80562449E-03, -1.87195837E-03) (  4.13507223E-03,  6.37955964E-04) ( -6.70552254E-04, -1.23400241E-03)
   1.00000000       2.00000000      -1.00000000     ( -1.25262886E-03,  1.22468919E-03) ( -3.35276127E-04,  1.56462193E-03) ( -1.91852450E-03,  4.35858965E-03)
   1.00000000      -2.00000000      -1.00000000     ( -5.23868948E-05, -8.05594027E-04) (  1.19674951E-03, -4.33647074E-05) ( -2.44937837E-03, -7.17118382E-04)
   1.00000000      -1.00000000      -2.00000000     ( -1.21071935E-03, -2.37487257E-03) ( -2.31666490E-04, -1.85333192E-03) ( -4.88944352E-04, -2.63098627E-04)
   1.00000000      -1.00000000      -1.00000000     ( -1.32247806E-03,  3.93483788E-04) ( -3.01748514E-03,  5.16884029E-04) (  1.68569386E-03, -1.24564394E-04)
   2.00000000       0.00000000      -1.00000000     ( -1.28056854E-03, -7.03148544E-04) ( -4.13507223E-03,  8.10250640E-04) ( -2.56113708E-03, -1.40629709E-03)
   2.00000000       1.00000000      -1.00000000     ( -1.79279596E-04,  4.19095159E-04) (  8.42846930E-04, -1.43423676E-03) (  4.84287739E-04, -5.98374754E-04)
   2.00000000      -1.00000000      -1.00000000     (  5.90807758E-05, -9.40635800E-04) (  6.00703061E-04, -3.59490514E-03) ( -4.81959432E-04,  1.72294676E-03)
