    0.000000        0.000000       -2.000000      (3.9767474E-03,8.0559403E-04)
   (4.6566129E-03,-3.9953738E-03)  (0.000000,0.000000)
    0.000000        0.000000       -1.000000      
 (2.1159649E-02,-1.1734664E-02)  (-1.2218952E-02,1.6540289E-02)  
 (0.000000,0.000000)
    0.000000        1.000000       -2.000000      
 (-1.0542572E-02,6.2165782E-04)  (-2.9336661E-03,2.6263297E-03)  
 (-1.4668331E-03,1.3131648E-03)
    0.000000        1.000000       -1.000000      (8.0466270E-03,4.1909516E-03)
   (-1.1548400E-03,5.4575503E-03)  (-1.1548400E-03,5.4575503E-03)
    0.000000        2.000000       -1.000000      
 (-8.7358057E-03,9.1269612E-03)  (-2.1094456E-03,-1.4028046E-04)  
 (-4.2188913E-03,-2.8056093E-04)
    0.000000       -2.000000       -1.000000      (4.7311187E-03,2.3562461E-03)
   (-9.0338290E-04,8.8009983E-04)  (1.8067658E-03,-1.7601997E-03)
    0.000000       -1.000000       -2.000000      
 (-6.7241490E-03,1.5692785E-03)  (-2.0070001E-03,2.5797635E-03)  
 (1.0035001E-03,-1.2898818E-03)
    0.000000       -1.000000       -1.000000      
 (5.4202974E-03,-6.3516200E-03)  (5.1409006E-03,4.1350722E-03)  
 (-5.1409006E-03,-4.1350722E-03)
    1.000000        0.000000       -2.000000      (6.4261258E-03,1.6996637E-03)
   (-4.6007335E-03,1.8812716E-03)  (3.2130629E-03,8.4983185E-04)
    1.000000        0.000000       -1.000000      
 (3.3713877E-03,-1.3178214E-03)  (5.5134296E-03,-6.3888729E-03)  
 (3.3713877E-03,-1.3178214E-03)
    1.000000        1.000000       -2.000000      
 (-3.2782555E-03,1.8626451E-03)  (-3.3341348E-03,-1.0132790E-02)  
 (-3.3061951E-03,-4.1350722E-03)
    1.000000        1.000000       -1.000000      
 (-6.6496432E-03,2.0535663E-03)  (2.3376197E-03,-1.7043203E-03)  
 (-4.3120235E-03,3.4924597E-04)
    1.000000        2.000000       -1.000000      
 (-5.6251884E-03,1.6996637E-03)  (4.5052730E-04,2.2165477E-03)  
 (-4.7124922E-03,6.1281025E-03)
    1.000000       -2.000000       -1.000000      
 (1.5366822E-03,-1.2526289E-03)  (-1.1525117E-04,-5.5413693E-04)  
 (1.7695129E-03,-1.4202669E-04)
    1.000000       -1.000000       -2.000000      
 (3.2037497E-03,-1.0966323E-03)  (-4.1630119E-03,1.0500662E-03)  
 (3.6787242E-03,-1.0733493E-03)
    1.000000       -1.000000       -1.000000      
 (-7.9907477E-03,4.8056245E-03)  (-3.5017729E-03,6.5920176E-05)  
 (-4.4889748E-03,4.7311187E-03)
    2.000000        0.000000       -1.000000      (2.7567148E-03,2.2258610E-03)
   (9.6485019E-03,5.6810677E-03)  (5.5134296E-03,4.4517219E-03)
    2.000000        1.000000       -1.000000      
 (-1.4528632E-03,-2.2910535E-03)  (1.8347055E-03,-7.8231096E-04)  
 (-1.0663643E-03,-5.3644180E-03)
    2.000000       -1.000000       -1.000000      
 (-1.0943040E-03,2.1141022E-03)  (-1.8742867E-04,4.4330955E-03)  
 (-2.0023435E-03,-2.0081643E-04)
