   0.00000000       0.00000000      -2.00000000     (  6.76140189E-03,  5.60656190E-03) ( -9.49949026E-04, -1.50874257E-03) (  0.00000000    ,  0.00000000    )
   0.00000000       0.00000000      -1.00000000     (  2.31713057E-02, -1.09896064E-02) (  4.22820449E-03,  2.54064798E-02) (  0.00000000    ,  0.00000000    )
   0.00000000       1.00000000      -2.00000000     ( -8.07922333E-04,  2.98023224E-03) (  8.26548785E-04, -8.49831849E-04) (  4.13274392E-04, -4.24915925E-04)
   0.00000000       1.00000000      -1.00000000     (  1.27032399E-02,  1.47521496E-02) ( -1.39232725E-03,  2.05822289E-03) ( -1.39232725E-03,  2.05822289E-03)
   0.00000000       2.00000000      -1.00000000     ( -1.07660890E-02, -6.19329512E-04) ( -1.53668225E-03, -1.58790499E-03) ( -3.07336450E-03, -3.17580998E-03)
   0.00000000      -2.00000000      -1.00000000     (  3.63215804E-03, -4.63798642E-03) ( -2.47731805E-03,  2.33761966E-03) (  4.95463610E-03, -4.67523932E-03)
   0.00000000      -1.00000000      -2.00000000     ( -7.89761543E-03,  6.79574441E-05) ( -5.83007932E-03, -4.03961167E-04) (  2.91503966E-03,  2.01980583E-04)
   0.00000000      -1.00000000      -1.00000000     (  3.18512321E-03,  4.80562449E-03) (  5.43892384E-03,  8.04662704E-03) ( -5.43892384E-03, -8.04662704E-03)
   1.00000000       0.00000000      -2.00000000     (  1.12224370E-03,  5.77419996E-03) ( -4.80562449E-03,  8.81031156E-03) (  5.61121851E-04,  2.88709998E-03)
   1.00000000       0.00000000      -1.00000000     (  3.33413482E-03,  3.70200723E-04) (  6.25848770E-03, -1.17812306E-03) (  3.33413482E-03,  3.70200723E-04)
   1.00000000       1.00000000      -2.00000000     ( -5.66244125E-03, -2.89641321E-03) (  6.81728125E-03, -6.05359674E-03) (  5.76255843E-04, -4.47966158E-03)
   1.00000000       1.00000000      -1.00000000     ( -8.71717930E-03, -4.20026481E-03) (  7.15255737E-03,  1.37661118E-04) ( -1.56462193E-03, -4.06056643E-03)
   1.00000000       2.00000000      -1.00000000     ( -4.06056643E-03,  2.03726813E-05) (  1.39407348E-04,  1.81142241E-03) ( -3.78116965E-03,  3.65078449E-03)
   1.00000000      -2.00000000      -1.00000000     (  4.68571670E-05, -2.41212547E-03) (  1.05006620E-03, -2.47731805E-03) ( -2.05356628E-03,  2.53319740E-03)
   1.00000000      -1.00000000      -2.00000000     ( -7.00820237E-04, -1.24797225E-03) (  1.16415322E-03, -1.47614628E-03) ( -9.31322575E-04,  1.14669092E-04)
   1.00000000      -1.00000000      -1.00000000     ( -3.26894224E-03,  5.78584149E-04) ( -6.44475222E-03,  8.49831849E-04) (  3.17580998E-03, -2.72411853E-04)
   2.00000000       0.00000000      -1.00000000     ( -2.40281224E-03,  8.64383765E-05) ( -1.02072954E-02,  3.15718353E-03) ( -4.80562449E-03,  1.72876753E-04)
   2.00000000       1.00000000      -1.00000000     (  5.82076609E-04,  2.04425305E-03) (  1.34110451E-03, -4.48897481E-03) (  2.50525773E-03, -4.00468707E-04)
   2.00000000      -1.00000000      -1.00000000     (  1.03609636E-03, -2.32830644E-03) (  2.65426934E-03, -3.87430191E-03) ( -5.79748303E-04, -7.86967576E-04)
