   0.00000000       0.00000000      -2.00000000     (  1.24797225E-03,  2.04890966E-03) ( -1.76951289E-03, -1.76951289E-04) (  0.00000000    ,  0.00000000    )
   0.00000000       0.00000000      -1.00000000     (  1.68383121E-02,  2.05822289E-03) (  3.62098217E-02,  1.91852450E-02) (  0.00000000    ,  0.00000000    )
   0.00000000       1.00000000      -2.00000000     (  1.10827386E-03,  2.82307155E-05) ( -3.21306288E-04,  7.26431608E-04) ( -1.60653144E-04,  3.63215804E-04)
   0.00000000       1.00000000      -1.00000000     ( -3.15718353E-03,  3.00258398E-02) ( -6.55651093E-03, -2.18860805E-03) ( -6.55651093E-03, -2.18860805E-03)
   0.00000000       2.00000000      -1.00000000     ( -9.87201929E-04,  2.98023224E-04) (  1.03609636E-04,  7.07805157E-04) (  2.07219273E-04,  1.41561031E-03)
   0.00000000      -2.00000000      -1.00000000     (  1.97440386E-03,  7.45058060E-04) ( -6.23986125E-04, -6.05359674E-05) (  1.24797225E-03,  1.21071935E-04)
   0.00000000      -1.00000000      -2.00000000     ( -6.42612576E-04,  8.19563866E-04) ( -6.89178705E-04, -2.18860805E-04) (  3.44589353E-04,  1.09430403E-04)
   0.00000000      -1.00000000      -1.00000000     (  8.27014446E-03, -1.03935599E-02) ( -1.92318112E-03,  2.53319740E-03) (  1.92318112E-03, -2.53319740E-03)
   1.00000000       0.00000000      -2.00000000     ( -9.12696123E-04, -1.83936208E-04) ( -6.70552254E-04,  1.20140612E-03) ( -4.56348062E-04, -9.19681042E-05)
   1.00000000       0.00000000      -1.00000000     (  8.97794962E-03, -5.14090061E-03) ( -9.79751348E-03,  2.80328095E-03) (  8.97794962E-03, -5.14090061E-03)
   1.00000000       1.00000000      -2.00000000     ( -6.00703061E-04, -1.12922862E-04) (  6.89178705E-04, -1.84401870E-03) (  4.19095159E-05, -9.77888703E-04)
   1.00000000       1.00000000      -1.00000000     ( -1.86264515E-03,  1.71363354E-03) (  1.93715096E-03, -5.58793545E-05) (  6.57746568E-05,  1.65775418E-03)
   1.00000000       2.00000000      -1.00000000     (  4.19095159E-04, -6.70552254E-04) ( -5.16884029E-04, -1.35041773E-04) ( -6.14672899E-04, -9.40635800E-04)
   1.00000000      -2.00000000      -1.00000000     (  1.19209290E-03,  3.35276127E-04) (  8.66129994E-04,  4.79631126E-04) ( -5.30853868E-04, -6.23986125E-04)
   1.00000000      -1.00000000      -2.00000000     (  6.98491931E-04, -8.56816769E-04) (  7.72997737E-04, -5.82076609E-04) ( -3.49245965E-05, -1.35041773E-04)
   1.00000000      -1.00000000      -1.00000000     (  5.06406650E-05,  1.56462193E-03) ( -9.77888703E-04,  9.68575478E-04) (  1.02445483E-03,  5.91389835E-04)
   2.00000000       0.00000000      -1.00000000     ( -4.84287739E-04, -2.84053385E-04) (  6.79865479E-04, -5.58793545E-04) ( -9.68575478E-04, -5.68106771E-04)
   2.00000000       1.00000000      -1.00000000     (  5.12227416E-04,  3.25962901E-04) ( -5.40167093E-04,  7.07805157E-04) (  4.84287739E-04,  1.35973096E-03)
   2.00000000      -1.00000000      -1.00000000     (  3.67872417E-04,  1.15251169E-04) (  9.03382897E-04, -8.28877091E-04) ( -1.67638063E-04,  1.06170774E-03)
