   0.00000000       0.00000000       1.00000000     (  2.57790089E-02,  1.11386180E-02) (  1.09151006E-02, -3.03983688E-02) (  0.00000000    ,  0.00000000    )
   0.00000000       0.00000000       2.00000000     (  3.11061740E-03, -4.00468707E-03) ( -2.42143869E-03,  2.52621248E-04) (  0.00000000    ,  0.00000000    )
   0.00000000       1.00000000       0.00000000     ( -9.38773155E-03,  7.72997737E-03) (  0.00000000    ,  0.00000000    ) (  2.37487257E-03,  2.57976353E-03)
   0.00000000       1.00000000       1.00000000     (  4.89875674E-03, -5.06639481E-03) (  3.56696546E-03, -9.90927219E-03) ( -3.56696546E-03,  9.90927219E-03)
   0.00000000       1.00000000       2.00000000     ( -4.69386578E-03,  1.22003257E-03) ( -1.91852450E-03,  8.29459168E-05) (  9.59262252E-04, -4.14729584E-05)
   0.00000000       2.00000000       0.00000000     ( -3.29688191E-03, -2.60770321E-03) (  0.00000000    ,  0.00000000    ) ( -3.72529030E-03,  7.26431608E-04)
   0.00000000       2.00000000       1.00000000     (  1.52736902E-03,  4.00468707E-03) ( -1.69500709E-03, -1.02911144E-03) (  3.39001417E-03,  2.05822289E-03)
   0.00000000      -2.00000000       0.00000000     ( -3.29688191E-03,  2.60770321E-03) (  0.00000000    ,  0.00000000    ) ( -3.72529030E-03, -7.26431608E-04)
   0.00000000      -2.00000000       1.00000000     ( -7.86036253E-03,  2.03959644E-03) ( -1.36904418E-03,  1.12224370E-03) ( -2.73808837E-03,  2.24448740E-03)
   0.00000000      -1.00000000       0.00000000     ( -9.38773155E-03, -7.72997737E-03) (  0.00000000    ,  0.00000000    ) (  2.37487257E-03, -2.57976353E-03)
   0.00000000      -1.00000000       1.00000000     (  1.54972076E-02, -1.81421638E-02) (  2.05473043E-04, -1.50408596E-03) (  2.05473043E-04, -1.50408596E-03)
   0.00000000      -1.00000000       2.00000000     (  4.21423465E-04, -2.20723450E-03) (  6.03031367E-04, -1.74157321E-03) (  3.01515684E-04, -8.70786607E-04)
   1.00000000       0.00000000       0.00000000     (  0.00000000    ,  0.00000000    ) ( -1.53481960E-02,  7.61821866E-03) (  2.95042992E-02,  2.48104334E-02)
   1.00000000       0.00000000       1.00000000     (  4.73111868E-03, -2.48663127E-03) ( -3.04728746E-02,  1.49011612E-02) ( -4.73111868E-03,  2.48663127E-03)
   1.00000000       0.00000000       2.00000000     (  1.19209290E-03,  2.38418579E-03) (  6.18398190E-03,  2.57976353E-03) ( -5.96046448E-04, -1.19209290E-03)
   1.00000000       1.00000000       0.00000000     (  5.90458512E-03,  5.02914190E-03) ( -5.90458512E-03, -5.02914190E-03) ( -9.22009349E-03,  6.96629286E-03)
   1.00000000       1.00000000       1.00000000     ( -2.16998160E-03, -1.41561031E-03) (  9.87201929E-04,  4.09781933E-04) (  1.18743628E-03,  1.00582838E-03)
   1.00000000       1.00000000       2.00000000     ( -3.58559191E-04, -1.57393515E-03) ( -3.27825546E-03, -2.88127922E-05) (  1.82539225E-03,  8.00937414E-04)
   1.00000000       2.00000000       0.00000000     ( -1.30385160E-03,  4.65661287E-03) (  6.51925802E-04, -2.32830644E-03) ( -4.05125320E-04,  2.10478902E-03)
   1.00000000       2.00000000       1.00000000     (  4.41446900E-03,  1.17346644E-03) ( -3.42726707E-03, -1.72294676E-03) (  2.43075192E-03,  2.27242708E-03)
   1.00000000      -2.00000000       0.00000000     (  3.15485522E-04, -2.26311386E-03) (  1.57742761E-04, -1.13155693E-03) ( -1.08033419E-03,  2.04890966E-03)
   1.00000000      -2.00000000       1.00000000     ( -6.63567334E-04,  1.93715096E-03) ( -1.01514161E-03,  2.32830644E-03) ( -1.36904418E-03,  2.71946192E-03)
   1.00000000      -1.00000000       0.00000000     ( -5.88595867E-03, -1.22189522E-02) ( -5.88595867E-03, -1.22189522E-02) ( -7.11530447E-03,  7.50645995E-03)
   1.00000000      -1.00000000       1.00000000     (  1.62981451E-03,  3.11061740E-03) ( -1.95577741E-03,  8.14907253E-04) ( -3.59490514E-03, -2.29105353E-03)
   1.00000000      -1.00000000       2.00000000     (  1.90921128E-03,  2.70083547E-03) (  3.20374966E-03,  2.68220901E-03) (  6.49597496E-04, -9.67702363E-06)
   2.00000000       0.00000000       0.00000000     (  0.00000000    ,  0.00000000    ) (  5.62518835E-03, -1.24331564E-03) ( -3.44589353E-03,  1.10012479E-04)
   2.00000000       0.00000000       1.00000000     ( -9.73232090E-04, -1.83470547E-03) (  8.10250640E-04,  4.58210707E-03) (  1.94646418E-03,  3.66941094E-03)
   2.00000000       1.00000000       0.00000000     ( -2.03959644E-03,  1.76951289E-04) (  4.07919288E-03, -3.53902578E-04) (  8.90577212E-05, -6.14672899E-03)
   2.00000000       1.00000000       1.00000000     (  4.45288606E-05,  1.80676579E-03) ( -6.84522092E-04, -3.52039933E-03) (  5.93718141E-04, -1.06520019E-04)
   2.00000000      -1.00000000       0.00000000     (  1.05239451E-03,  1.39698386E-03) (  2.10478902E-03,  2.79396772E-03) ( -1.54250301E-04,  1.47148967E-03)
   2.00000000      -1.00000000       1.00000000     ( -2.18860805E-03,  5.72763383E-04) ( -1.67638063E-03, -6.54254109E-04) (  2.70083547E-03, -1.79745257E-03)
