   0.00000000       0.00000000      -2.00000000     (  1.67638063E-03,  3.30619514E-04) ( -1.86264515E-03,  8.38190317E-04) (  0.00000000    ,  0.00000000    )
   0.00000000       0.00000000      -1.00000000     (  5.71832061E-03,  1.22934580E-02) (  3.42726707E-02,  3.25031579E-03) (  0.00000000    ,  0.00000000    )
   0.00000000       1.00000000      -2.00000000     (  3.02679837E-04,  6.14672899E-04) (  7.54371285E-04, -4.71482053E-05) (  3.77185643E-04, -2.35741027E-05)
   0.00000000       1.00000000      -1.00000000     ( -6.89178705E-03,  1.95950270E-02) ( -8.73580575E-03, -4.50760126E-03) ( -8.73580575E-03, -4.50760126E-03)
   0.00000000       2.00000000      -1.00000000     ( -6.23986125E-04, -6.70552254E-04) ( -5.02914190E-04,  3.58559191E-04) ( -1.00582838E-03,  7.17118382E-04)
   0.00000000      -2.00000000      -1.00000000     (  2.18860805E-04,  7.82310963E-04) ( -3.55066732E-05, -4.88944352E-05) (  7.10133463E-05,  9.77888703E-05)
   0.00000000      -1.00000000      -2.00000000     (  9.12696123E-04,  1.06170774E-03) ( -1.74622983E-04, -5.12227416E-04) (  8.73114914E-05,  2.56113708E-04)
   0.00000000      -1.00000000      -1.00000000     (  3.66009772E-03, -2.63564289E-03) (  3.72529030E-03,  1.19674951E-03) ( -3.72529030E-03, -1.19674951E-03)
   1.00000000       0.00000000      -2.00000000     ( -5.77419996E-04, -2.18860805E-04) (  7.35744834E-04,  1.71363354E-03) ( -2.88709998E-04, -1.09430403E-04)
   1.00000000       0.00000000      -1.00000000     (  1.12131238E-02, -5.75557351E-03) ( -6.33299351E-03,  2.50339508E-02) (  1.12131238E-02, -5.75557351E-03)
   1.00000000       1.00000000      -2.00000000     (  5.02914190E-04,  6.70552254E-04) ( -1.17346644E-03, -1.16415322E-04) ( -3.35276127E-04,  2.74740160E-04)
   1.00000000       1.00000000      -1.00000000     ( -8.94069672E-04,  2.60770321E-03) ( -6.33299351E-04, -1.56462193E-03) ( -1.54599547E-03,  1.02445483E-03)
   1.00000000       2.00000000      -1.00000000     (  3.53902578E-04, -1.55996531E-04) ( -4.19095159E-04, -1.30385160E-04) ( -4.74974513E-04, -4.19095159E-04)
   1.00000000      -2.00000000      -1.00000000     ( -2.00234354E-04, -4.84287739E-04) (  7.56699592E-05, -1.81607902E-04) ( -3.49245965E-04, -1.18743628E-04)
   1.00000000      -1.00000000      -2.00000000     (  5.12227416E-05, -7.17118382E-04) ( -4.47034836E-04,  5.21540642E-04) (  2.46800482E-04, -6.23986125E-04)
   1.00000000      -1.00000000      -1.00000000     (  7.85803422E-06,  2.74740160E-04) ( -2.04890966E-04, -9.77888703E-05) (  2.14204192E-04,  3.72529030E-04)
   2.00000000       0.00000000      -1.00000000     ( -5.21540642E-04,  7.33416528E-05) (  2.14204192E-04, -8.19563866E-04) ( -1.04308128E-03,  1.46683306E-04)
   2.00000000       1.00000000      -1.00000000     (  8.00355338E-06, -2.32830644E-04) ( -7.17118382E-04,  3.58559191E-04) ( -6.98491931E-04, -1.09430403E-04)
   2.00000000      -1.00000000      -1.00000000     (  4.47034836E-04,  1.65891834E-05) (  2.18860805E-04,  5.40167093E-04) (  6.70552254E-04, -5.02914190E-04)
