   0.00000000       0.00000000      -2.00000000     (  7.26431608E-03,  2.96160579E-03) ( -1.05053186E-02,  4.45172191E-03) (  0.00000000    ,  0.00000000    )
   0.00000000       0.00000000      -1.00000000     ( -7.07805157E-04,  1.18836761E-02) (  2.15321779E-02, -6.44475222E-03) (  0.00000000    ,  0.00000000    )
   0.00000000       1.00000000      -2.00000000     ( -1.67638063E-03,  2.24448740E-03) (  7.01402314E-05, -2.77534127E-03) (  3.50701157E-05, -1.38767064E-03)
   0.00000000       1.00000000      -1.00000000     ( -9.01520252E-03,  1.16229057E-02) ( -5.83007932E-03, -6.27711415E-03) ( -5.83007932E-03, -6.27711415E-03)
   0.00000000       2.00000000      -1.00000000     (  1.93715096E-03,  3.25962901E-04) ( -7.96280801E-04, -7.13043846E-05) ( -1.59256160E-03, -1.42608769E-04)
   0.00000000      -2.00000000      -1.00000000     (  1.55414455E-04,  1.42492354E-03) ( -1.05705112E-03, -7.86967576E-04) (  2.11410224E-03,  1.57393515E-03)
   0.00000000      -1.00000000      -2.00000000     (  4.60073352E-03,  3.14787030E-03) ( -3.42726707E-03, -1.70432031E-03) (  1.71363354E-03,  8.52160156E-04)
   0.00000000      -1.00000000      -1.00000000     ( -7.07805157E-03,  3.41795385E-03) (  4.07919288E-03,  1.31782144E-03) ( -4.07919288E-03, -1.31782144E-03)
   1.00000000       0.00000000      -2.00000000     ( -1.49942935E-03, -1.06170774E-03) ( -2.18860805E-04,  4.97326255E-03) ( -7.49714673E-04, -5.30853868E-04)
   1.00000000       0.00000000      -1.00000000     (  1.08033419E-02, -5.94183803E-03) ( -3.87430191E-03,  3.20374966E-02) (  1.08033419E-02, -5.94183803E-03)
   1.00000000       1.00000000      -2.00000000     (  7.72997737E-04,  1.76951289E-03) ( -2.68220901E-03, -7.91624188E-04) ( -9.54605639E-04,  4.88944352E-04)
   1.00000000       1.00000000      -1.00000000     (  2.66358256E-03,  5.06639481E-03) ( -2.68919393E-04, -3.20374966E-03) (  2.39349902E-03,  1.88127160E-03)
   1.00000000       2.00000000      -1.00000000     (  1.85333192E-03,  1.74157321E-03) (  1.37952156E-04,  7.82893039E-05) (  2.13272870E-03,  1.89989805E-03)
   1.00000000      -2.00000000      -1.00000000     (  8.80099833E-04,  2.81259418E-03) (  1.71130523E-04,  8.80099833E-04) (  5.37838787E-04,  1.05705112E-03)
   1.00000000      -1.00000000      -2.00000000     ( -4.23751771E-04, -5.19677997E-03) ( -8.38190317E-04,  2.71946192E-03) (  2.07219273E-04, -3.96743417E-03)
   1.00000000      -1.00000000      -1.00000000     ( -2.45869160E-03,  6.10016286E-04) ( -2.48663127E-03, -4.69386578E-03) (  2.40106601E-05,  5.28991222E-03)
   2.00000000       0.00000000      -1.00000000     ( -1.31782144E-03, -4.86616045E-04) ( -4.65661287E-03,  4.93600965E-04) ( -2.63564289E-03, -9.73232090E-04)
   2.00000000       1.00000000      -1.00000000     (  1.98371708E-03,  1.95577741E-03) ( -3.14787030E-03, -2.86847353E-03) (  8.24220479E-04,  1.05705112E-03)
   2.00000000      -1.00000000      -1.00000000     ( -5.35510480E-05, -1.03842467E-03) (  5.26197255E-04, -2.02562660E-04) ( -6.33299351E-04, -1.87195837E-03)
