   0.00000000       0.00000000       1.00000000     (  2.35438347E-02,  1.10268593E-02) (  5.21540642E-03, -2.62260437E-02) (  0.00000000    ,  0.00000000    )
   0.00000000       0.00000000       2.00000000     (  6.31436706E-03, -5.51342964E-03) ( -1.49477273E-03,  1.36904418E-03) (  0.00000000    ,  0.00000000    )
   0.00000000       1.00000000       0.00000000     ( -5.55068254E-03,  9.83476639E-03) (  0.00000000    ,  0.00000000    ) (  1.79279596E-03, -3.87663022E-04)
   0.00000000       1.00000000       1.00000000     (  3.36207449E-03, -4.99188900E-03) (  5.14090061E-03, -8.34465027E-03) ( -5.14090061E-03,  8.34465027E-03)
   0.00000000       1.00000000       2.00000000     ( -7.48783350E-03,  2.36905180E-04) ( -5.10364771E-03,  3.07336450E-04) (  2.55182385E-03, -1.53668225E-04)
   0.00000000       2.00000000       0.00000000     ( -3.30619514E-03, -6.33299351E-03) (  0.00000000    ,  0.00000000    ) ( -6.51925802E-03,  3.57395038E-04)
   0.00000000       2.00000000       1.00000000     (  3.08267772E-03,  4.93600965E-03) ( -2.52388418E-03, -2.11410224E-03) (  5.04776835E-03,  4.22820449E-03)
   0.00000000      -2.00000000       0.00000000     ( -3.30619514E-03,  6.33299351E-03) (  0.00000000    ,  0.00000000    ) ( -6.51925802E-03, -3.57395038E-04)
   0.00000000      -2.00000000       1.00000000     ( -1.05798244E-02,  1.22468919E-03) ( -1.54599547E-03,  1.58790499E-03) ( -3.09199095E-03,  3.17580998E-03)
   0.00000000      -1.00000000       0.00000000     ( -5.55068254E-03, -9.83476639E-03) (  0.00000000    ,  0.00000000    ) (  1.79279596E-03,  3.87663022E-04)
   0.00000000      -1.00000000       1.00000000     (  1.32992864E-02, -1.53109431E-02) ( -1.13155693E-03, -1.99768692E-03) ( -1.13155693E-03, -1.99768692E-03)
   0.00000000      -1.00000000       2.00000000     ( -3.35276127E-04, -3.20374966E-03) (  7.66012818E-04,  8.73114914E-05) (  3.83006409E-04,  4.36557457E-05)
   1.00000000       0.00000000       0.00000000     (  0.00000000    ,  0.00000000    ) ( -1.69873238E-02,  6.09084964E-03) (  2.60770321E-02,  2.15321779E-02)
   1.00000000       0.00000000       1.00000000     (  3.46451998E-03, -3.12924385E-03) ( -2.66730785E-02,  1.50874257E-02) ( -3.46451998E-03,  3.12924385E-03)
   1.00000000       0.00000000       2.00000000     (  1.20140612E-03,  3.28756869E-03) (  7.80448318E-03,  3.72529030E-03) ( -6.00703061E-04, -1.64378434E-03)
   1.00000000       1.00000000       0.00000000     (  5.42029738E-03,  3.04542482E-03) ( -5.42029738E-03, -3.04542482E-03) ( -8.04662704E-03,  4.67523932E-03)
   1.00000000       1.00000000       1.00000000     ( -4.03262675E-03, -4.37721610E-04) (  2.69152224E-03,  1.13213900E-04) (  1.35041773E-03,  3.24798748E-04)
   1.00000000       1.00000000       2.00000000     ( -1.54599547E-03, -2.99885869E-03) ( -5.75557351E-03, -1.56927854E-03) (  3.65078449E-03,  2.28174031E-03)
   1.00000000       2.00000000       0.00000000     ( -1.95577741E-03,  6.63101673E-03) (  9.77888703E-04, -3.31550837E-03) ( -1.59721822E-03,  7.26431608E-03)
   1.00000000       2.00000000       1.00000000     (  7.17118382E-03,  2.71946192E-03) ( -3.97674739E-03, -2.97091901E-03) (  7.70669430E-04,  3.21306288E-03)
   1.00000000      -2.00000000       0.00000000     (  3.96976247E-04, -3.50177288E-03) (  1.98488124E-04, -1.75088644E-03) ( -9.61590558E-04,  3.09199095E-03)
   1.00000000      -2.00000000       1.00000000     ( -1.75088644E-03,  1.11293048E-03) ( -2.03959644E-03,  2.01631337E-03) ( -2.32830644E-03,  2.92435288E-03)
   1.00000000      -1.00000000       0.00000000     ( -6.18398190E-03, -8.02800059E-03) ( -6.18398190E-03, -8.02800059E-03) ( -5.12227416E-03,  5.40167093E-03)
   1.00000000      -1.00000000       1.00000000     (  4.47034836E-03,  7.65547156E-03) ( -1.06869265E-03,  5.49480319E-03) ( -5.55068254E-03, -2.15135515E-03)
   1.00000000      -1.00000000       2.00000000     (  4.29339707E-03,  5.73694706E-03) (  7.30156898E-03,  4.02331352E-03) (  1.50408596E-03, -8.63801688E-04)
   2.00000000       0.00000000       0.00000000     (  0.00000000    ,  0.00000000    ) (  1.03935599E-02, -4.41446900E-03) ( -5.34579158E-03,  2.08150595E-03)
   2.00000000       0.00000000       1.00000000     ( -3.34344804E-03, -2.50525773E-03) (  2.19792128E-03,  9.87201929E-03) (  6.68689609E-03,  5.01051545E-03)
   2.00000000       1.00000000       0.00000000     ( -2.80328095E-03,  7.68341124E-04) (  5.60656190E-03, -1.53668225E-03) ( -2.61352398E-04, -9.64850187E-03)
   2.00000000       1.00000000       1.00000000     (  1.20140612E-03,  3.86498868E-03) ( -3.79979610E-03, -6.72414899E-03) (  1.39698386E-03, -1.00350007E-03)
   2.00000000      -1.00000000       0.00000000     (  1.96043402E-03,  1.10827386E-03) (  3.92086804E-03,  2.21654773E-03) ( -8.23638402E-05,  1.62050128E-03)
   2.00000000      -1.00000000       1.00000000     ( -3.31550837E-03,  9.56933945E-04) ( -2.28174031E-03, -1.81607902E-03) (  4.33996320E-03, -3.73460352E-03)
