   0.00000000       0.00000000       1.00000000     (  9.98377800E-03, -1.16601586E-02) (  4.02331352E-02, -8.32602382E-03) (  0.00000000    ,  0.00000000    )
   0.00000000       0.00000000       2.00000000     (  7.45058060E-04, -2.04890966E-04) ( -6.70552254E-04, -1.49011612E-04) (  0.00000000    ,  0.00000000    )
   0.00000000       1.00000000       0.00000000     (  2.49128789E-04, -4.48897481E-03) (  0.00000000    ,  0.00000000    ) (  1.54599547E-02,  4.69386578E-03)
   0.00000000       1.00000000       1.00000000     (  7.20843673E-03,  5.43892384E-03) (  2.53319740E-03, -1.19907781E-03) ( -2.53319740E-03,  1.19907781E-03)
   0.00000000       1.00000000       2.00000000     (  2.79396772E-04, -3.35276127E-04) ( -1.49011612E-04,  1.49011612E-04) (  7.45058060E-05, -7.45058060E-05)
   0.00000000       2.00000000       0.00000000     (  4.47034836E-04,  1.86264515E-04) (  0.00000000    ,  0.00000000    ) ( -1.53668225E-04,  1.21071935E-04)
   0.00000000       2.00000000       1.00000000     (  3.91155481E-04, -1.76951289E-04) ( -5.58793545E-05, -9.31322575E-05) (  1.11758709E-04,  1.86264515E-04)
   0.00000000      -2.00000000       0.00000000     (  4.47034836E-04, -1.86264515E-04) (  0.00000000    ,  0.00000000    ) ( -1.53668225E-04, -1.21071935E-04)
   0.00000000      -2.00000000       1.00000000     ( -2.70083547E-04,  1.16415322E-04) ( -2.42143869E-04, -2.51457095E-04) ( -4.84287739E-04, -5.02914190E-04)
   0.00000000      -1.00000000       0.00000000     (  2.49128789E-04,  4.48897481E-03) (  0.00000000    ,  0.00000000    ) (  1.54599547E-02, -4.69386578E-03)
   0.00000000      -1.00000000       1.00000000     ( -6.89178705E-03, -2.50339508E-02) ( -9.68575478E-03,  3.81842256E-03) ( -9.68575478E-03,  3.81842256E-03)
   0.00000000      -1.00000000       2.00000000     (  2.42143869E-04, -1.86264515E-04) (  2.51457095E-04, -5.58793545E-05) (  1.25728548E-04, -2.79396772E-05)
   1.00000000       0.00000000       0.00000000     (  0.00000000    ,  0.00000000    ) ( -3.21865082E-02,  2.14576721E-02) (  1.79558992E-02, -1.16415322E-03)
   1.00000000       0.00000000       1.00000000     ( -3.20374966E-03,  3.63215804E-04) ( -1.30012631E-02, -1.79931521E-02) (  3.20374966E-03, -3.63215804E-04)
   1.00000000       0.00000000       2.00000000     ( -4.84287739E-04, -2.98023224E-04) (  2.51457095E-04,  1.76951289E-04) (  2.42143869E-04,  1.49011612E-04)
   1.00000000       1.00000000       0.00000000     (  3.35276127E-03,  4.62867320E-03) ( -3.35276127E-03, -4.62867320E-03) ( -2.37952918E-03,  1.13248825E-02)
   1.00000000       1.00000000       1.00000000     (  2.04890966E-04,  2.42143869E-04) ( -6.70552254E-04,  6.98491931E-05) (  4.65661287E-04, -3.16649675E-04)
   1.00000000       1.00000000       2.00000000     ( -7.45058060E-04,  1.30385160E-04) (  3.35276127E-04,  4.65661287E-04) (  1.95577741E-04, -2.98023224E-04)
   1.00000000       2.00000000       0.00000000     ( -1.21071935E-04,  2.88709998E-04) (  6.05359674E-05, -1.44354999E-04) ( -2.42143869E-04, -6.51925802E-05)
   1.00000000       2.00000000       1.00000000     (  2.03726813E-05,  1.62981451E-04) ( -1.76951289E-04, -3.02679837E-05) (  3.35276127E-04, -1.02445483E-04)
   1.00000000      -2.00000000       0.00000000     (  5.58793545E-05,  2.88709998E-04) (  2.79396772E-05,  1.44354999E-04) ( -2.14204192E-04, -4.09781933E-04)
   1.00000000      -2.00000000       1.00000000     ( -4.28408384E-04, -7.45058060E-05) ( -1.21071935E-04,  6.11180440E-06) (  1.95577741E-04,  8.84756446E-05)
   1.00000000      -1.00000000       0.00000000     (  1.39698386E-03, -4.15369868E-03) (  1.39698386E-03, -4.15369868E-03) ( -7.86036253E-03,  3.08454037E-02)
   1.00000000      -1.00000000       1.00000000     (  8.94069672E-04,  4.09781933E-04) (  3.60887498E-05, -7.45058060E-04) ( -8.56816769E-04, -1.11758709E-03)
   1.00000000      -1.00000000       2.00000000     ( -3.72529030E-04, -2.44472176E-05) ( -9.77888703E-05,  3.07336450E-04) (  1.39698386E-04,  1.62981451E-04)
   2.00000000       0.00000000       0.00000000     (  0.00000000    ,  0.00000000    ) (  1.44354999E-04,  5.96046448E-04) ( -2.60770321E-04, -1.21071935E-04)
   2.00000000       0.00000000       1.00000000     ( -6.75208867E-05,  2.91038305E-05) ( -1.02445483E-04,  6.75208867E-05) (  1.35041773E-04, -5.82076609E-05)
   2.00000000       1.00000000       0.00000000     (  5.35510480E-05,  3.95812094E-05) ( -1.07102096E-04, -7.91624188E-05) (  1.16415322E-04,  1.76951289E-04)
   2.00000000       1.00000000       1.00000000     ( -2.56113708E-05, -6.28642738E-05) ( -2.60770321E-04,  2.14204192E-04) (  3.16649675E-04, -8.84756446E-05)
   2.00000000      -1.00000000       0.00000000     ( -1.86264515E-04, -1.30385160E-04) ( -3.72529030E-04, -2.60770321E-04) (  6.75208867E-05,  3.78349796E-06)
   2.00000000      -1.00000000       1.00000000     ( -4.88944352E-05, -3.72529030E-04) ( -1.76951289E-04, -2.42143869E-04) ( -8.14907253E-05,  5.21540642E-04)
