   0.00000000       0.00000000      -2.00000000     (  6.72414899E-03,  4.52622771E-03) (  1.06869265E-03, -1.47148967E-03) (  0.00000000    ,  0.00000000    )
   0.00000000       0.00000000      -1.00000000     (  2.30967999E-02, -1.14738941E-02) (  1.28988177E-03,  2.36928463E-02) (  0.00000000    ,  0.00000000    )
   0.00000000       1.00000000      -2.00000000     ( -2.79396772E-03,  1.01979822E-03) (  6.82193786E-04, -3.01748514E-03) (  3.41096893E-04, -1.50874257E-03)
   0.00000000       1.00000000      -1.00000000     (  1.09523535E-02,  1.34482980E-02) ( -2.22586095E-03,  2.40281224E-03) ( -2.22586095E-03,  2.40281224E-03)
   0.00000000       2.00000000      -1.00000000     ( -9.46223736E-03,  1.87661499E-03) ( -1.54133886E-03, -1.16880983E-03) ( -3.08267772E-03, -2.33761966E-03)
   0.00000000      -2.00000000      -1.00000000     (  5.17815351E-03, -2.23051757E-03) ( -1.64378434E-03,  2.49594450E-03) (  3.28756869E-03, -4.99188900E-03)
   0.00000000      -1.00000000      -2.00000000     ( -7.52508640E-03,  7.61356205E-04) ( -6.81728125E-03, -5.61121851E-04) (  3.40864062E-03,  2.80560926E-04)
   0.00000000      -1.00000000      -1.00000000     (  3.11993062E-03,  4.02331352E-03) (  6.48200512E-03,  7.39470124E-03) ( -6.48200512E-03, -7.39470124E-03)
   1.00000000       0.00000000      -2.00000000     (  2.36555934E-03,  5.06639481E-03) ( -3.74391675E-03,  8.17701221E-03) (  1.18277967E-03,  2.53319740E-03)
   1.00000000       0.00000000      -1.00000000     (  3.52039933E-03,  4.01632860E-04) (  8.12113285E-03, -9.22009349E-04) (  3.52039933E-03,  4.01632860E-04)
   1.00000000       1.00000000      -2.00000000     ( -4.52622771E-03, -3.59490514E-03) (  5.42029738E-03, -7.18981028E-03) (  4.41214070E-04, -5.40167093E-03)
   1.00000000       1.00000000      -1.00000000     ( -7.93486834E-03, -4.56348062E-03) (  5.81145287E-03, -1.53668225E-04) ( -2.11875886E-03, -4.73111868E-03)
   1.00000000       2.00000000      -1.00000000     ( -5.28991222E-03, -1.89989805E-03) (  6.23986125E-04,  1.35041773E-03) ( -4.03262675E-03,  7.98609108E-04)
   1.00000000      -2.00000000      -1.00000000     (  5.98374754E-04, -3.33413482E-03) (  4.47034836E-04, -3.23168933E-03) ( -2.94530764E-04,  3.12924385E-03)
   1.00000000      -1.00000000      -2.00000000     (  7.17118382E-04,  7.19446689E-04) (  6.58910722E-04,  8.67294148E-05) (  2.96131475E-05,  3.16649675E-04)
   1.00000000      -1.00000000      -1.00000000     ( -4.35858965E-03,  9.38307494E-04) ( -6.87316060E-03,  8.94069672E-04) (  2.50525773E-03,  4.35102265E-05)
   2.00000000       0.00000000      -1.00000000     ( -2.10478902E-03,  1.28988177E-03) ( -8.51228833E-03,  3.88361514E-03) ( -4.20957804E-03,  2.57976353E-03)
   2.00000000       1.00000000      -1.00000000     (  9.08039510E-04,  1.89989805E-03) (  1.84401870E-03, -5.12227416E-03) (  3.66009772E-03, -1.31782144E-03)
   2.00000000      -1.00000000      -1.00000000     (  5.98374754E-04, -2.00234354E-03) (  2.46800482E-03, -1.53202564E-03) ( -1.27125531E-03, -2.46800482E-03)
