   0.00000000       0.00000000       1.00000000     (  2.30967999E-02,  1.15483999E-02) (  7.19446689E-04, -2.33203173E-02) (  0.00000000    ,  0.00000000    )
   0.00000000       0.00000000       2.00000000     (  6.63101673E-03, -4.22820449E-03) (  1.43423676E-03,  1.45751983E-03) (  0.00000000    ,  0.00000000    )
   0.00000000       1.00000000       0.00000000     ( -2.75671482E-03,  1.15483999E-02) (  0.00000000    ,  0.00000000    ) (  1.94646418E-03, -2.52388418E-03)
   0.00000000       1.00000000       1.00000000     (  3.16649675E-03, -3.80910933E-03) (  6.66826963E-03, -7.28294253E-03) ( -6.66826963E-03,  7.28294253E-03)
   0.00000000       1.00000000       2.00000000     ( -7.33882189E-03, -8.42846930E-04) ( -6.87316060E-03,  5.47152013E-04) (  3.43658030E-03, -2.73576006E-04)
   0.00000000       2.00000000       0.00000000     ( -5.21540642E-04, -6.55651093E-03) (  0.00000000    ,  0.00000000    ) ( -4.97326255E-03,  3.66708264E-04)
   0.00000000       2.00000000       1.00000000     (  5.49480319E-03,  1.68103725E-03) ( -1.45286322E-03, -2.46800482E-03) (  2.90572643E-03,  4.93600965E-03)
   0.00000000      -2.00000000       0.00000000     ( -5.21540642E-04,  6.55651093E-03) (  0.00000000    ,  0.00000000    ) ( -4.97326255E-03, -3.66708264E-04)
   0.00000000      -2.00000000       1.00000000     ( -9.23871994E-03, -2.38418579E-03) ( -1.61584467E-03,  1.07102096E-03) ( -3.23168933E-03,  2.14204192E-03)
   0.00000000      -1.00000000       0.00000000     ( -2.75671482E-03, -1.15483999E-02) (  0.00000000    ,  0.00000000    ) (  1.94646418E-03,  2.52388418E-03)
   0.00000000      -1.00000000       1.00000000     (  1.05798244E-02, -1.31502748E-02) ( -2.35624611E-03, -2.49594450E-03) ( -2.35624611E-03, -2.49594450E-03)
   0.00000000      -1.00000000       2.00000000     ( -3.25962901E-03, -5.68106771E-04) (  5.91389835E-04,  3.31550837E-03) (  2.95694917E-04,  1.65775418E-03)
   1.00000000       0.00000000       0.00000000     (  0.00000000    ,  0.00000000    ) ( -2.01165676E-02,  5.32716513E-03) (  2.41398811E-02,  1.98930502E-02)
   1.00000000       0.00000000       1.00000000     (  2.03959644E-03, -4.19095159E-03) ( -2.50339508E-02,  1.55717134E-02) ( -2.03959644E-03,  4.19095159E-03)
   1.00000000       0.00000000       2.00000000     (  1.04540959E-03,  2.31899321E-03) (  5.23403287E-03,  4.93600965E-03) ( -5.22704795E-04, -1.15949661E-03)
   1.00000000       1.00000000       0.00000000     (  5.27128577E-03,  1.23865902E-03) ( -5.27128577E-03, -1.23865902E-03) ( -6.87316060E-03,  3.09199095E-03)
   1.00000000       1.00000000       1.00000000     ( -3.36207449E-03,  9.31322575E-04) (  2.39349902E-03, -5.42495400E-04) (  9.70903784E-04, -3.88827175E-04)
   1.00000000       1.00000000       2.00000000     ( -2.15601176E-03, -2.53319740E-03) ( -4.65661287E-03, -3.59490514E-03) (  3.40864062E-03,  3.06405127E-03)
   1.00000000       2.00000000       0.00000000     ( -1.89058483E-03,  5.47617674E-03) (  9.45292413E-04, -2.73808837E-03) ( -6.54254109E-04,  9.35047865E-03)
   1.00000000       2.00000000       1.00000000     (  6.59376383E-03,  2.71014869E-03) ( -2.41212547E-03, -2.26311386E-03) ( -1.76951289E-03,  1.82073563E-03)
   1.00000000      -2.00000000       0.00000000     ( -3.83006409E-04, -1.77416950E-03) ( -1.91503204E-04, -8.87084752E-04) ( -2.30036676E-03,  9.75560397E-04)
   1.00000000      -2.00000000       1.00000000     ( -2.10944563E-03,  7.17118382E-04) ( -2.08616257E-03,  1.42958015E-03) ( -2.06287950E-03,  2.13738531E-03)
   1.00000000      -1.00000000       0.00000000     ( -5.68106771E-03, -4.26545739E-03) ( -5.68106771E-03, -4.26545739E-03) ( -4.32133675E-03,  4.43309546E-03)
   1.00000000      -1.00000000       1.00000000     (  7.43195415E-03,  8.28877091E-03) (  1.52736902E-03,  7.45058060E-03) ( -5.90458512E-03, -8.47503543E-04)
   1.00000000      -1.00000000       2.00000000     (  3.85567546E-03,  6.10947609E-03) (  6.12810254E-03,  2.22586095E-03) (  1.13155693E-03, -1.94180757E-03)
   2.00000000       0.00000000       0.00000000     (  0.00000000    ,  0.00000000    ) (  1.11013651E-02, -6.29574060E-03) ( -3.88361514E-03,  4.11644578E-03)
   2.00000000       0.00000000       1.00000000     ( -4.39584255E-03, -7.59027898E-04) (  3.47383320E-03,  1.09523535E-02) (  8.79168510E-03,  1.51805580E-03)
   2.00000000       1.00000000       0.00000000     ( -2.05356628E-03,  6.75208867E-04) (  4.10713255E-03, -1.35041773E-03) ( -1.23865902E-03, -7.00354576E-03)
   2.00000000       1.00000000       1.00000000     (  2.11875886E-03,  4.48897481E-03) ( -5.08502126E-03, -7.76723027E-03) (  8.38190317E-04, -1.22468919E-03)
   2.00000000      -1.00000000       0.00000000     (  1.39698386E-03, -4.49363142E-04) (  2.79396772E-03, -8.98726285E-04) (  4.42378223E-04,  1.93715096E-03)
   2.00000000      -1.00000000       1.00000000     ( -3.90224159E-03,  5.25033101E-04) ( -3.57627869E-03, -1.89058483E-03) (  4.22820449E-03, -2.94297934E-03)
