   0.00000000       0.00000000      -2.00000000     (  7.63684511E-04,  1.02445483E-03) ( -9.68575478E-04, -1.25728548E-04) (  0.00000000    ,  0.00000000    )
   0.00000000       0.00000000      -1.00000000     (  1.63912773E-02,  3.37138772E-03) (  3.78489494E-02,  1.81049109E-02) (  0.00000000    ,  0.00000000    )
   0.00000000       1.00000000      -2.00000000     (  6.42612576E-04,  2.38651410E-05) ( -5.70435077E-05,  3.72529030E-04) ( -2.85217538E-05,  1.86264515E-04)
   0.00000000       1.00000000      -1.00000000     ( -3.91155481E-03,  3.03238630E-02) ( -7.22706318E-03, -2.14204192E-03) ( -7.22706318E-03, -2.14204192E-03)
   0.00000000       2.00000000      -1.00000000     ( -4.00468707E-04,  1.81607902E-04) (  1.09139364E-06,  4.28408384E-04) (  2.18278728E-06,  8.56816769E-04)
   0.00000000      -2.00000000      -1.00000000     (  1.13621354E-03,  3.53902578E-04) ( -3.44589353E-04,  2.56113708E-05) (  6.89178705E-04, -5.12227416E-05)
   0.00000000      -1.00000000      -2.00000000     ( -2.37487257E-04,  4.37721610E-04) ( -3.53902578E-04, -1.55996531E-04) (  1.76951289E-04,  7.79982656E-05)
   0.00000000      -1.00000000      -1.00000000     (  8.60542059E-03, -1.04680657E-02) ( -1.49942935E-03,  2.22120434E-03) (  1.49942935E-03, -2.22120434E-03)
   1.00000000       0.00000000      -2.00000000     ( -5.21540642E-04, -1.86264515E-04) ( -2.65426934E-04,  7.45058060E-04) ( -2.60770321E-04, -9.31322575E-05)
   1.00000000       0.00000000      -1.00000000     (  9.31322575E-03, -5.28991222E-03) ( -9.94652510E-03,  4.61935997E-03) (  9.31322575E-03, -5.28991222E-03)
   1.00000000       1.00000000      -2.00000000     ( -2.70083547E-04, -2.98314262E-06) (  3.11993062E-04, -9.31322575E-04) (  1.92085281E-05, -4.65661287E-04)
   1.00000000       1.00000000      -1.00000000     ( -1.13621354E-03,  1.15483999E-03) (  9.68575478E-04, -2.23517418E-04) ( -1.76951289E-04,  9.31322575E-04)
   1.00000000       2.00000000      -1.00000000     (  2.04890966E-04, -5.40167093E-04) ( -2.23517418E-04,  5.82076609E-05) ( -2.42143869E-04, -4.28408384E-04)
   1.00000000      -2.00000000      -1.00000000     (  5.77419996E-04,  1.53668225E-04) (  4.74974513E-04,  2.37487257E-04) ( -3.72529030E-04, -3.21306288E-04)
   1.00000000      -1.00000000      -2.00000000     (  3.81842256E-04, -4.93600965E-04) (  3.35276127E-04, -2.88709998E-04) (  2.56113708E-05, -1.00117177E-04)
   1.00000000      -1.00000000      -1.00000000     (  3.60887498E-05,  8.00937414E-04) ( -4.93600965E-04,  5.49480319E-04) (  5.30853868E-04,  2.51457095E-04)
   2.00000000       0.00000000      -1.00000000     ( -2.98023224E-04, -1.44354999E-04) (  4.56348062E-04, -4.19095159E-04) ( -5.96046448E-04, -2.88709998E-04)
   2.00000000       1.00000000      -1.00000000     (  3.35276127E-04,  1.67638063E-04) ( -3.91155481E-04,  5.49480319E-04) (  2.84053385E-04,  8.94069672E-04)
   2.00000000      -1.00000000      -1.00000000     (  2.28174031E-04,  8.14907253E-05) (  4.28408384E-04, -3.63215804E-04) (  2.85217538E-05,  5.30853868E-04)
