    0.000000        0.000000        1.000000      (2.1532178E-02,1.1846423E-02)
   (-8.0093741E-03,-1.7061830E-02)  (0.000000,0.000000)
    0.000000        0.000000        2.000000      
 (7.3760748E-03,-1.6717240E-03)  (6.0722232E-03,4.5727938E-03)  
 (0.000000,0.000000)
    0.000000        1.000000        0.000000      (1.0570511E-03,9.0897083E-03)
   (0.000000,0.000000)  (3.5017729E-03,-2.6263297E-03)
    0.000000        1.000000        1.000000      (4.2095780E-03,2.0489097E-03)
   (6.4074993E-03,-4.8615038E-03)  (-6.4074993E-03,4.8615038E-03)
    0.000000        1.000000        2.000000      
 (-8.2328916E-03,-2.5518239E-03)  (-5.7462603E-03,-1.0593794E-03)  
 (2.8731301E-03,5.2968971E-04)
    0.000000        2.000000        0.000000      
 (-3.1292439E-03,-1.3923272E-03)  (0.000000,0.000000)  
 (-1.2619421E-03,3.0547380E-03)
    0.000000        2.000000        1.000000      
 (1.0859221E-02,-3.1664968E-03)  (-2.0489097E-04,-2.0815060E-03)  
 (4.0978193E-04,4.1630119E-03)
    0.000000       -2.000000        0.000000      
 (-3.1292439E-03,1.3923272E-03)  (0.000000,0.000000)  
 (-1.2619421E-03,-3.0547380E-03)
    0.000000       -2.000000        1.000000      
 (-1.2926757E-02,-1.1343509E-02)  (-3.9953738E-03,1.1525117E-03)  
 (-7.9907477E-03,2.3050234E-03)
    0.000000       -1.000000        0.000000      
 (1.0570511E-03,-9.0897083E-03)  (0.000000,0.000000)  
 (3.5017729E-03,2.6263297E-03)
    0.000000       -1.000000        1.000000      
 (6.3888729E-03,-6.5937638E-03)  (-2.0861626E-03,-4.3027103E-03)  
 (-2.0861626E-03,-4.3027103E-03)
    0.000000       -1.000000        2.000000      
 (-1.3373792E-02,2.4074689E-03)  (-2.2770837E-03,2.0908192E-03)  
 (-1.1385418E-03,1.0454096E-03)
    1.000000        0.000000        0.000000      (0.000000,0.000000)  
 (-2.5406480E-02,4.9360096E-03)  (1.7881393E-02,1.7881393E-02)
    1.000000        0.000000        1.000000      
 (-1.8253922E-03,-3.5203993E-03)  (-1.9744039E-02,1.4677644E-02)  
 (1.8253922E-03,3.5203993E-03)
    1.000000        0.000000        2.000000      (7.7998266E-04,1.3690442E-03)
   (4.7963113E-03,1.0617077E-02)  (-3.8999133E-04,-6.8452209E-04)
    1.000000        1.000000        0.000000      
 (3.7252903E-03,-1.4668331E-03)  (-3.7252903E-03,1.4668331E-03)  
 (-2.7753413E-03,2.1792948E-03)
    1.000000        1.000000        1.000000      (5.7392754E-04,4.0605664E-03)
   (-1.9464642E-03,-2.8684735E-03)  (1.3737008E-03,-1.1967495E-03)
    1.000000        1.000000        2.000000      
 (-4.0326267E-03,7.9162419E-04)  (-5.7509169E-04,-5.5879354E-03)  
 (2.3050234E-03,2.3981556E-03)
    1.000000        2.000000        0.000000      (2.1513551E-03,2.3376197E-03)
   (-1.0756776E-03,-1.1688098E-03)  (3.8929284E-03,9.2573464E-03)
    1.000000        2.000000        1.000000      (3.9581209E-03,3.7159771E-03)
   (-1.8673018E-03,1.6996637E-04)  (-2.3108441E-04,-4.0512532E-03)
    1.000000       -2.000000        0.000000      (5.9255399E-04,7.6368451E-03)
   (2.9627699E-04,3.8184226E-03)  (-6.4447522E-03,-1.0780059E-03)
    1.000000       -2.000000        1.000000      
 (-1.9418076E-03,-6.3882908E-05)  (-1.4901161E-04,2.8172508E-04)  
 (1.6437843E-03,6.2747858E-04)
    1.000000       -1.000000        0.000000      
 (-1.9185245E-03,4.2608008E-04)  (-1.9185245E-03,4.2608008E-04)  
 (-5.3457916E-03,3.6880374E-03)
    1.000000       -1.000000        1.000000      (1.4267862E-02,8.2887709E-04)
   (4.8615038E-03,1.8300489E-03)  (-9.3877316E-03,1.0035001E-03)
    1.000000       -1.000000        2.000000      
 (-2.9336661E-03,2.7823262E-04)  (-5.9977174E-03,-4.1816384E-03)  
 (-1.5366822E-03,-2.2258610E-03)
    2.000000        0.000000        0.000000      (0.000000,0.000000)  
 (1.3373792E-02,-4.6379864E-03)  (-5.9138983E-04,1.8905848E-03)
    2.000000        0.000000        1.000000      
 (-3.4924597E-03,4.9732625E-03)  (4.7404319E-03,1.0486692E-02)  
 (6.9849193E-03,-9.9465251E-03)
    2.000000        1.000000        0.000000      
 (-1.8998981E-03,-2.5518239E-03)  (3.7997961E-03,5.1036477E-03)  
 (-7.3015690E-03,3.0547380E-03)
    2.000000        1.000000        1.000000      (3.4552068E-03,4.9546361E-03)
   (-5.1409006E-03,-1.3746321E-02)  (-1.7648563E-03,3.8370490E-03)
    2.000000       -1.000000        0.000000      
 (-2.4354085E-03,-3.3061951E-03)  (-4.8708171E-03,-6.6123903E-03)  
 (2.0349398E-03,4.2654574E-03)
    2.000000       -1.000000        1.000000      
 (-4.9266964E-03,2.3422763E-03)  (-4.4424087E-03,5.9418380E-03)  
 (5.4016709E-03,1.2642704E-03)
