   0.00000000       0.00000000      -2.00000000     (  5.84870577E-03,  1.14087015E-03) ( -8.08387995E-03,  4.60073352E-03) (  0.00000000    ,  0.00000000    )
   0.00000000       0.00000000      -1.00000000     (  1.82539225E-03,  1.11013651E-02) (  2.52574682E-02, -1.59256160E-03) (  0.00000000    ,  0.00000000    )
   0.00000000       1.00000000      -2.00000000     ( -6.40284270E-04,  2.62632966E-03) (  1.92783773E-03, -1.03842467E-03) (  9.63918865E-04, -5.19212335E-04)
   0.00000000       1.00000000      -1.00000000     ( -6.91041350E-03,  1.32992864E-02) ( -6.74277544E-03, -5.27128577E-03) ( -6.74277544E-03, -5.27128577E-03)
   0.00000000       2.00000000      -1.00000000     ( -7.12461770E-04, -1.62050128E-03) ( -9.91858542E-04,  1.00117177E-04) ( -1.98371708E-03,  2.00234354E-04)
   0.00000000      -2.00000000      -1.00000000     ( -9.22009349E-04,  4.17232513E-03) ( -7.91624188E-04, -1.30385160E-03) (  1.58324838E-03,  2.60770321E-03)
   0.00000000      -1.00000000      -2.00000000     (  4.24683094E-03,  4.15369868E-03) ( -1.07567757E-03, -2.25380063E-03) (  5.37838787E-04,  1.12690032E-03)
   0.00000000      -1.00000000      -1.00000000     ( -7.72997737E-04,  1.76951289E-04) (  4.09781933E-03,  1.24331564E-03) ( -4.09781933E-03, -1.24331564E-03)
   1.00000000       0.00000000      -2.00000000     ( -1.57393515E-03, -8.10250640E-04) (  1.37835741E-03,  5.58793545E-03) ( -7.86967576E-04, -4.05125320E-04)
   1.00000000       0.00000000      -1.00000000     (  9.64850187E-03, -5.53205609E-03) ( -4.67523932E-03,  2.63005495E-02) (  9.64850187E-03, -5.53205609E-03)
   1.00000000       1.00000000      -2.00000000     (  2.08616257E-03,  2.50525773E-03) ( -5.28991222E-03,  3.11993062E-04) ( -1.60187483E-03,  1.40629709E-03)
   1.00000000       1.00000000      -1.00000000     ( -1.66473910E-04,  7.67409801E-03) ( -2.23517418E-03, -4.99188900E-03) ( -2.40281224E-03,  2.68220901E-03)
   1.00000000       2.00000000      -1.00000000     (  2.30967999E-03, -2.89874151E-04) ( -1.16415322E-03, -3.60887498E-04) ( -2.24099495E-05, -1.01048499E-03)
   1.00000000      -2.00000000      -1.00000000     ( -1.47265382E-04, -8.33533704E-04) ( -1.46101229E-04, -3.65544111E-04) (  1.44354999E-04, -1.05355866E-04)
   1.00000000      -1.00000000      -2.00000000     ( -8.89413059E-04, -3.18512321E-03) ( -9.63918865E-04,  3.18512321E-03) (  3.65253072E-05, -3.18512321E-03)
   1.00000000      -1.00000000      -1.00000000     ( -4.72646207E-04,  5.21540642E-04) ( -8.47503543E-04, -2.21654773E-03) (  3.72529030E-04,  2.73808837E-03)
   2.00000000       0.00000000      -1.00000000     ( -1.57393515E-03,  1.81607902E-04) ( -7.86967576E-04, -1.36904418E-03) ( -3.14787030E-03,  3.63215804E-04)
   2.00000000       1.00000000      -1.00000000     (  2.51457095E-04, -2.29338184E-04) ( -3.09199095E-03, -9.54605639E-04) ( -2.57976353E-03, -1.41561031E-03)
   2.00000000      -1.00000000      -1.00000000     (  1.27125531E-03, -3.30619514E-04) (  1.34110451E-03,  1.43423676E-03) (  1.20140612E-03, -2.08616257E-03)
