   0.00000000       0.00000000      -2.00000000     ( -2.95694917E-04, -2.86847353E-03) (  2.27242708E-03, -1.06170774E-03) (  0.00000000    ,  0.00000000    )
   0.00000000       0.00000000      -1.00000000     (  2.69711018E-02, -6.10947609E-03) (  3.14414501E-02,  3.28570604E-02) (  0.00000000    ,  0.00000000    )
   0.00000000       1.00000000      -2.00000000     (  2.04890966E-04, -4.88944352E-04) (  9.08039510E-05, -1.02445483E-03) (  4.54019755E-05, -5.12227416E-04)
   0.00000000       1.00000000      -1.00000000     (  6.01634383E-03,  3.07708979E-02) ( -1.69500709E-03, -3.07336450E-03) ( -1.69500709E-03, -3.07336450E-03)
   0.00000000       2.00000000      -1.00000000     (  3.94880772E-03,  5.77419996E-04) (  7.17118382E-04,  4.09781933E-04) (  1.43423676E-03,  8.19563866E-04)
   0.00000000      -2.00000000      -1.00000000     ( -1.22934580E-03,  8.56816769E-04) (  9.87201929E-04,  3.63215804E-04) ( -1.97440386E-03, -7.26431608E-04)
   0.00000000      -1.00000000      -2.00000000     (  2.30967999E-03,  4.68571670E-05) (  9.40635800E-04,  6.61239028E-04) ( -4.70317900E-04, -3.30619514E-04)
   0.00000000      -1.00000000      -1.00000000     (  8.43778253E-03, -6.48200512E-03) ( -2.34227628E-03,  9.10833478E-03) (  2.34227628E-03, -9.10833478E-03)
   1.00000000       0.00000000      -2.00000000     (  1.30385160E-03, -9.59262252E-04) (  1.44354999E-03, -1.12690032E-03) (  6.51925802E-04, -4.79631126E-04)
   1.00000000       0.00000000      -1.00000000     (  9.83476639E-03, -4.05125320E-03) ( -1.00024045E-02, -3.20374966E-03) (  9.83476639E-03, -4.05125320E-03)
   1.00000000       1.00000000      -2.00000000     (  1.37835741E-03,  1.09430403E-04) (  1.51339918E-05,  1.73225999E-03) (  6.93835318E-04,  9.12696123E-04)
   1.00000000       1.00000000      -1.00000000     (  8.66129994E-04, -1.67638063E-04) ( -1.99303031E-03, -1.12690032E-03) ( -1.12690032E-03, -1.29453838E-03)
   1.00000000       2.00000000      -1.00000000     ( -8.03265721E-05, -1.09896064E-03) (  5.02914190E-04,  1.49011612E-04) (  9.22009349E-04, -8.00937414E-04)
   1.00000000      -2.00000000      -1.00000000     ( -1.67638063E-03, -6.23986125E-04) ( -1.11758709E-03, -1.18277967E-03) (  5.72763383E-04,  1.75088644E-03)
   1.00000000      -1.00000000      -2.00000000     ( -6.93835318E-04,  1.33179128E-03) ( -3.86498868E-04, -4.22005542E-05) ( -1.54832378E-04,  6.84522092E-04)
   1.00000000      -1.00000000      -1.00000000     (  7.72997737E-04, -1.52736902E-03) (  2.03028321E-03, -4.88944352E-04) ( -1.25728548E-03, -1.04308128E-03)
   2.00000000       0.00000000      -1.00000000     (  8.38190317E-04,  2.07219273E-04) (  1.28056854E-04, -2.51457095E-04) (  1.67638063E-03,  4.14438546E-04)
   2.00000000       1.00000000      -1.00000000     (  9.03382897E-04,  3.65544111E-04) ( -1.47148967E-03,  7.82310963E-04) (  3.32947820E-04,  1.50874257E-03)
   2.00000000      -1.00000000      -1.00000000     ( -3.56521923E-06, -3.74857336E-04) ( -1.16415322E-03,  1.07102096E-03) (  1.15483999E-03, -1.82539225E-03)
