   0.00000000       0.00000000      -2.00000000     (  3.65078449E-03,  6.47269189E-04) ( -4.61935997E-03,  2.55182385E-03) (  0.00000000    ,  0.00000000    )
   0.00000000       0.00000000      -1.00000000     (  3.21306288E-03,  1.15111470E-02) (  2.84612179E-02,  2.36905180E-04) (  0.00000000    ,  0.00000000    )
   0.00000000       1.00000000      -2.00000000     (  7.79982656E-05,  1.58324838E-03) (  1.50874257E-03, -3.49245965E-04) (  7.54371285E-04, -1.74622983E-04)
   0.00000000       1.00000000      -1.00000000     ( -6.74277544E-03,  1.54227018E-02) ( -7.50645995E-03, -4.91738319E-03) ( -7.50645995E-03, -4.91738319E-03)
   0.00000000       2.00000000      -1.00000000     ( -1.07102096E-03, -1.35041773E-03) ( -8.75443220E-04,  3.53902578E-04) ( -1.75088644E-03,  7.07805157E-04)
   0.00000000      -2.00000000      -1.00000000     ( -3.00351530E-04,  2.36555934E-03) ( -2.44472176E-04, -5.96046448E-04) (  4.88944352E-04,  1.19209290E-03)
   0.00000000      -1.00000000      -2.00000000     (  2.40281224E-03,  2.58907676E-03) ( -4.19095159E-04, -1.37835741E-03) (  2.09547579E-04,  6.89178705E-04)
   0.00000000      -1.00000000      -1.00000000     (  1.06636435E-03, -9.05711204E-04) (  4.00468707E-03,  1.20606273E-03) ( -4.00468707E-03, -1.20606273E-03)
   1.00000000       0.00000000      -2.00000000     ( -1.08964741E-03, -4.70317900E-04) (  1.26659870E-03,  3.65078449E-03) ( -5.44823706E-04, -2.35158950E-04)
   1.00000000       0.00000000      -1.00000000     (  1.01327896E-02, -5.55068254E-03) ( -5.25265932E-03,  2.57045031E-02) (  1.01327896E-02, -5.55068254E-03)
   1.00000000       1.00000000      -2.00000000     (  1.32247806E-03,  1.57393515E-03) ( -3.18512321E-03,  1.82772055E-04) ( -9.31322575E-04,  8.75443220E-04)
   1.00000000       1.00000000      -1.00000000     ( -9.40635800E-04,  5.32716513E-03) ( -1.57393515E-03, -3.35276127E-03) ( -2.51457095E-03,  1.99303031E-03)
   1.00000000       2.00000000      -1.00000000     (  1.31316483E-03, -3.09664756E-04) ( -9.59262252E-04, -3.11993062E-04) ( -6.05359674E-04, -9.31322575E-04)
   1.00000000      -2.00000000      -1.00000000     ( -2.79396772E-04, -9.31322575E-04) ( -2.21189111E-05, -3.16649675E-04) ( -2.35158950E-04, -2.93366611E-04)
   1.00000000      -1.00000000      -2.00000000     ( -2.79396772E-04, -1.80676579E-03) ( -7.86967576E-04,  1.82539225E-03) (  2.51457095E-04, -1.80676579E-03)
   1.00000000      -1.00000000      -1.00000000     ( -7.97444955E-05,  4.37721610E-04) ( -4.16766852E-04, -9.31322575E-04) (  3.37604433E-04,  1.35973096E-03)
   2.00000000       0.00000000      -1.00000000     ( -1.07102096E-03,  1.61817297E-04) (  2.82307155E-05, -1.33179128E-03) ( -2.14204192E-03,  3.23634595E-04)
   2.00000000       1.00000000      -1.00000000     (  1.23691279E-05, -3.74857336E-04) ( -1.78813934E-03, -1.33877620E-05) ( -1.76951289E-03, -7.59027898E-04)
   2.00000000      -1.00000000      -1.00000000     (  9.12696123E-04, -1.09430403E-04) (  6.33299351E-04,  1.11758709E-03) (  1.18277967E-03, -1.33179128E-03)
