   0.00000000       0.00000000       1.00000000     (  2.45124102E-02,  1.10641122E-02) (  7.87898898E-03, -2.81631947E-02) (  0.00000000    ,  0.00000000    )
   0.00000000       0.00000000       2.00000000     (  4.69386578E-03, -4.84287739E-03) ( -2.29105353E-03,  8.07922333E-04) (  0.00000000    ,  0.00000000    )
   0.00000000       1.00000000       0.00000000     ( -7.30156898E-03,  8.82893801E-03) (  0.00000000    ,  0.00000000    ) (  2.03028321E-03,  9.54605639E-04)
   0.00000000       1.00000000       1.00000000     (  3.98606062E-03, -5.21540642E-03) (  4.37721610E-03, -9.08970833E-03) ( -4.37721610E-03,  9.08970833E-03)
   0.00000000       1.00000000       2.00000000     ( -6.07222319E-03,  8.89413059E-04) ( -3.25031579E-03,  1.28638931E-04) (  1.62515789E-03, -6.43194653E-05)
   0.00000000       2.00000000       0.00000000     ( -3.68803740E-03, -4.41446900E-03) (  0.00000000    ,  0.00000000    ) ( -5.21540642E-03,  4.84287739E-04)
   0.00000000       2.00000000       1.00000000     (  2.03959644E-03,  4.78699803E-03) ( -2.22586095E-03, -1.51805580E-03) (  4.45172191E-03,  3.03611159E-03)
   0.00000000      -2.00000000       0.00000000     ( -3.68803740E-03,  4.41446900E-03) (  0.00000000    ,  0.00000000    ) ( -5.21540642E-03, -4.84287739E-04)
   0.00000000      -2.00000000       1.00000000     ( -9.42498446E-03,  2.01165676E-03) ( -1.49477273E-03,  1.39698386E-03) ( -2.98954546E-03,  2.79396772E-03)
   0.00000000      -1.00000000       0.00000000     ( -7.30156898E-03, -8.82893801E-03) (  0.00000000    ,  0.00000000    ) (  2.03028321E-03, -9.54605639E-04)
   0.00000000      -1.00000000       1.00000000     (  1.45286322E-02, -1.66147947E-02) ( -4.54019755E-04, -1.81142241E-03) ( -4.54019755E-04, -1.81142241E-03)
   0.00000000      -1.00000000       2.00000000     (  3.27127054E-04, -2.96160579E-03) (  6.33299351E-04, -1.26659870E-03) (  3.16649675E-04, -6.33299351E-04)
   1.00000000       0.00000000       0.00000000     (  0.00000000    ,  0.00000000    ) ( -1.60560012E-02,  6.72414899E-03) (  2.76416540E-02,  2.30222940E-02)
   1.00000000       0.00000000       1.00000000     (  4.11644578E-03, -2.71946192E-03) ( -2.83122063E-02,  1.50501728E-02) ( -4.11644578E-03,  2.71946192E-03)
   1.00000000       0.00000000       2.00000000     (  1.26659870E-03,  2.92435288E-03) (  7.37607479E-03,  3.12924385E-03) ( -6.33299351E-04, -1.46217644E-03)
   1.00000000       1.00000000       0.00000000     (  5.60656190E-03,  3.99537385E-03) ( -5.60656190E-03, -3.99537385E-03) ( -8.64267349E-03,  5.75557351E-03)
   1.00000000       1.00000000       1.00000000     ( -3.20374966E-03, -1.08964741E-03) (  1.88127160E-03,  3.55066732E-04) (  1.32247806E-03,  7.35744834E-04)
   1.00000000       1.00000000       2.00000000     ( -8.12578946E-04, -2.34693289E-03) ( -4.58210707E-03, -5.72763383E-04) (  2.70083547E-03,  1.46217644E-03)
   1.00000000       2.00000000       0.00000000     ( -1.55996531E-03,  5.79282641E-03) (  7.79982656E-04, -2.89641321E-03) ( -1.08033419E-03,  4.37721610E-03)
   1.00000000       2.00000000       1.00000000     (  5.75557351E-03,  1.95577741E-03) ( -3.85567546E-03, -2.39349902E-03) (  1.95577741E-03,  2.84053385E-03)
   1.00000000      -2.00000000       0.00000000     (  4.01632860E-04, -2.88709998E-03) (  2.00816430E-04, -1.44354999E-03) ( -9.63918865E-04,  2.79396772E-03)
   1.00000000      -2.00000000       1.00000000     ( -1.10361725E-03,  1.58790499E-03) ( -1.43423676E-03,  2.32830644E-03) ( -1.76019967E-03,  3.06405127E-03)
   1.00000000      -1.00000000       0.00000000     ( -6.12810254E-03, -1.00955367E-02) ( -6.12810254E-03, -1.00955367E-02) ( -5.97909093E-03,  6.29574060E-03)
   1.00000000      -1.00000000       1.00000000     (  2.70083547E-03,  5.19677997E-03) ( -1.82539225E-03,  2.85916030E-03) ( -4.52622771E-03, -2.33761966E-03)
   1.00000000      -1.00000000       2.00000000     (  3.07336450E-03,  4.09781933E-03) (  5.25265932E-03,  3.53902578E-03) (  1.08964741E-03, -2.84053385E-04)
   2.00000000       0.00000000       0.00000000     (  0.00000000    ,  0.00000000    ) (  7.89761543E-03, -2.61701643E-03) ( -4.50760126E-03,  7.96280801E-04)
   2.00000000       0.00000000       1.00000000     ( -2.01165676E-03, -2.30967999E-03) (  1.33644789E-03,  7.04079866E-03) (  4.02331352E-03,  4.61935997E-03)
   2.00000000       1.00000000       0.00000000     ( -2.48663127E-03,  4.22587618E-04) (  4.97326255E-03, -8.45175236E-04) ( -1.92812877E-06, -8.12113285E-03)
   2.00000000       1.00000000       1.00000000     (  5.37838787E-04,  2.77534127E-03) ( -2.10478902E-03, -4.97326255E-03) (  1.02911144E-03, -5.72763383E-04)
   2.00000000      -1.00000000       0.00000000     (  1.57859176E-03,  1.41095370E-03) (  3.15718353E-03,  2.82190740E-03) ( -1.60653144E-04,  1.55065209E-03)
   2.00000000      -1.00000000       1.00000000     ( -2.67289579E-03,  8.26548785E-04) ( -1.86264515E-03, -1.17346644E-03) (  3.47383320E-03, -2.83122063E-03)
