   0.00000000       0.00000000       1.00000000     (  1.85146928E-02,  3.66708264E-04) (  3.36766243E-02, -2.19047070E-02) (  0.00000000    ,  0.00000000    )
   0.00000000       0.00000000       2.00000000     (  1.04308128E-03, -2.49594450E-03) ( -1.97440386E-03, -1.39698386E-04) (  0.00000000    ,  0.00000000    )
   0.00000000       1.00000000       0.00000000     ( -1.30757689E-02, -1.47614628E-03) (  0.00000000    ,  0.00000000    ) (  6.27711415E-03,  1.44541264E-02)
   0.00000000       1.00000000       1.00000000     (  7.76723027E-03,  9.83476639E-03) ( -2.51457095E-03, -3.65078449E-03) (  2.51457095E-03,  3.65078449E-03)
   0.00000000       1.00000000       2.00000000     ( -1.09896064E-03, -7.82310963E-04) ( -9.22009349E-04,  2.42143869E-04) (  4.61004674E-04, -1.21071935E-04)
   0.00000000       2.00000000       0.00000000     (  7.45058060E-04,  2.60770321E-03) (  0.00000000    ,  0.00000000    ) ( -3.01748514E-03,  2.21654773E-03)
   0.00000000       2.00000000       1.00000000     (  1.84401870E-03, -7.72997737E-04) ( -6.98491931E-04,  2.79396772E-04) (  1.39698386E-03, -5.58793545E-04)
   0.00000000      -2.00000000       0.00000000     (  7.45058060E-04, -2.60770321E-03) (  0.00000000    ,  0.00000000    ) ( -3.01748514E-03, -2.21654773E-03)
   0.00000000      -2.00000000       1.00000000     ( -1.89989805E-03, -1.72294676E-04) (  9.77888703E-05, -5.63450158E-04) (  1.95577741E-04, -1.12690032E-03)
   0.00000000      -1.00000000       0.00000000     ( -1.30757689E-02,  1.47614628E-03) (  0.00000000    ,  0.00000000    ) (  6.27711415E-03, -1.44541264E-02)
   0.00000000      -1.00000000       1.00000000     ( -1.47148967E-03, -2.96533108E-02) ( -5.17815351E-03,  2.65426934E-03) ( -5.17815351E-03,  2.65426934E-03)
   0.00000000      -1.00000000       2.00000000     (  9.59262252E-04,  1.64436642E-05) ( -7.63684511E-04, -7.82310963E-04) ( -3.81842256E-04, -3.91155481E-04)
   1.00000000       0.00000000       0.00000000     (  0.00000000    ,  0.00000000    ) ( -1.70618296E-02,  1.69873238E-02) (  2.54809856E-02,  1.30012631E-02)
   1.00000000       0.00000000       1.00000000     ( -1.41095370E-03, -1.99303031E-03) ( -2.58535147E-02, -6.81728125E-03) (  1.41095370E-03,  1.99303031E-03)
   1.00000000       0.00000000       2.00000000     ( -9.22009349E-04,  1.29453838E-03) (  9.31322575E-04,  1.18277967E-03) (  4.61004674E-04, -6.47269189E-04)
   1.00000000       1.00000000       0.00000000     (  6.79865479E-04,  1.82539225E-03) ( -6.79865479E-04, -1.82539225E-03) ( -9.94652510E-03,  1.16974115E-02)
   1.00000000       1.00000000       1.00000000     (  1.04308128E-03, -6.51925802E-04) ( -2.51457095E-03, -1.40862539E-04) (  1.47148967E-03,  7.91624188E-04)
   1.00000000       1.00000000       2.00000000     ( -1.91852450E-03, -1.74622983E-04) (  3.07336450E-04,  9.77888703E-04) (  8.10250640E-04, -4.00468707E-04)
   1.00000000       2.00000000       0.00000000     (  1.20140612E-03, -2.00234354E-04) ( -6.00703061E-04,  1.00117177E-04) (  6.70552254E-04,  1.54599547E-03)
   1.00000000       2.00000000       1.00000000     (  1.22934580E-03,  1.04308128E-03) ( -1.06170774E-03, -1.53668225E-04) (  8.94069672E-04, -7.45058060E-04)
   1.00000000      -2.00000000       0.00000000     ( -1.35973096E-03, -4.65661287E-04) ( -6.79865479E-04, -2.32830644E-04) ( -1.20140612E-03, -1.73225999E-03)
   1.00000000      -2.00000000       1.00000000     ( -8.75443220E-04,  3.28873284E-05) ( -3.09664756E-04,  6.28642738E-05) (  2.51457095E-04,  9.31322575E-05)
   1.00000000      -1.00000000       0.00000000     ( -7.03148544E-04, -8.67992640E-03) ( -7.03148544E-04, -8.67992640E-03) ( -1.11758709E-02,  2.51084566E-02)
   1.00000000      -1.00000000       1.00000000     (  2.42143869E-03,  7.45058060E-04) ( -5.91389835E-04, -3.01748514E-03) ( -3.01748514E-03, -3.76254320E-03)
   1.00000000      -1.00000000       2.00000000     ( -2.32830644E-03,  2.16066837E-03) ( -1.07102096E-03,  1.22003257E-03) (  6.28642738E-04, -4.65661287E-04)
   2.00000000       0.00000000       0.00000000     (  0.00000000    ,  0.00000000    ) (  1.58324838E-03,  3.12924385E-03) ( -7.26431608E-04,  2.10478902E-03)
   2.00000000       0.00000000       1.00000000     (  4.33064997E-04, -8.84756446E-04) (  8.47503543E-04,  1.65775418E-03) ( -8.66129994E-04,  1.76951289E-03)
   2.00000000       1.00000000       0.00000000     (  1.28056854E-04,  1.18277967E-03) ( -2.56113708E-04, -2.36555934E-03) ( -1.58324838E-03,  2.58907676E-03)
   2.00000000       1.00000000       1.00000000     (  6.65895641E-04,  3.32947820E-04) ( -2.72411853E-04, -1.97440386E-03) ( -1.06170774E-03,  1.31316483E-03)
   2.00000000      -1.00000000       0.00000000     ( -5.40167093E-04,  5.68106771E-04) ( -1.08033419E-03,  1.13621354E-03) ( -9.49949026E-04,  6.54836185E-06)
   2.00000000      -1.00000000       1.00000000     ( -8.47503543E-04,  1.16415322E-04) ( -2.51457095E-03, -9.08039510E-05) ( -8.28877091E-04, -3.23634595E-04)
