   0.00000000       0.00000000      -2.00000000     ( -2.14204192E-04, -9.87201929E-04) (  7.63684511E-04, -2.60770321E-04) (  0.00000000    ,  0.00000000    )
   0.00000000       0.00000000      -1.00000000     (  2.31713057E-02, -3.24100256E-03) (  3.38256359E-02,  2.79396772E-02) (  0.00000000    ,  0.00000000    )
   0.00000000       1.00000000      -2.00000000     ( -1.76951289E-04, -4.07453626E-05) (  2.56113708E-04, -2.88709998E-04) (  1.28056854E-04, -1.44354999E-04)
   0.00000000       1.00000000      -1.00000000     (  1.51805580E-03,  3.15159559E-02) ( -3.66941094E-03, -3.40864062E-03) ( -3.66941094E-03, -3.40864062E-03)
   0.00000000       2.00000000      -1.00000000     (  1.08033419E-03,  7.45058060E-05) (  1.04773790E-04, -4.54019755E-05) (  2.09547579E-04, -9.08039510E-05)
   0.00000000      -2.00000000      -1.00000000     ( -5.40167093E-04, -4.54019755E-05) (  3.25962901E-04,  1.67638063E-04) ( -6.51925802E-04, -3.35276127E-04)
   0.00000000      -1.00000000      -2.00000000     (  5.96046448E-04, -1.72294676E-04) (  3.91155481E-04,  1.95577741E-04) ( -1.95577741E-04, -9.77888703E-05)
   0.00000000      -1.00000000      -1.00000000     (  8.08387995E-03, -9.08970833E-03) ( -2.84984708E-03,  6.29574060E-03) (  2.84984708E-03, -6.29574060E-03)
   1.00000000       0.00000000      -2.00000000     (  3.53902578E-04, -1.95577741E-04) (  5.12227416E-04, -2.88709998E-04) (  1.76951289E-04, -9.77888703E-05)
   1.00000000       0.00000000      -1.00000000     (  9.74163413E-03, -4.78699803E-03) ( -1.02818012E-02, -2.23983079E-03) (  9.74163413E-03, -4.78699803E-03)
   1.00000000       1.00000000      -2.00000000     (  3.25962901E-04,  1.67638063E-04) ( -1.44354999E-04,  6.70552254E-04) (  9.08039510E-05,  4.19095159E-04)
   1.00000000       1.00000000      -1.00000000     (  3.53902578E-04, -1.95577741E-04) ( -8.19563866E-04, -4.09781933E-04) ( -4.56348062E-04, -5.96046448E-04)
   1.00000000       2.00000000      -1.00000000     ( -4.77302819E-05, -4.00468707E-04) (  2.04890966E-04,  2.88709998E-04) (  3.53902578E-04,  1.72294676E-04)
   1.00000000      -2.00000000      -1.00000000     ( -6.51925802E-04, -2.98023224E-04) ( -4.00468707E-04, -3.44589353E-04) (  1.58324838E-04,  3.91155481E-04)
   1.00000000      -1.00000000      -2.00000000     ( -3.07336450E-04,  3.53902578E-04) ( -4.56348062E-04,  3.14321369E-05) (  7.21774995E-05,  1.62981451E-04)
   1.00000000      -1.00000000      -1.00000000     (  1.62981451E-04, -6.51925802E-04) (  6.89178705E-04, -2.28174031E-04) ( -5.12227416E-04, -4.19095159E-04)
   2.00000000       0.00000000      -1.00000000     (  2.42143869E-04,  6.75208867E-05) (  3.37604433E-05, -7.21774995E-05) (  4.84287739E-04,  1.35041773E-04)
   2.00000000       1.00000000      -1.00000000     (  2.09547579E-04,  5.00585884E-05) ( -3.44589353E-04,  1.95577741E-04) (  7.45058060E-05,  2.98023224E-04)
   2.00000000      -1.00000000      -1.00000000     ( -6.17001206E-05, -5.70435077E-05) ( -5.30853868E-04,  4.28408384E-04) (  4.09781933E-04, -5.40167093E-04)
