   0.00000000       0.00000000       1.00000000     (  1.58324838E-02, -5.51342964E-03) (  4.03076410E-02, -1.65402889E-02) (  0.00000000    ,  0.00000000    )
   0.00000000       0.00000000       2.00000000     ( -7.45058060E-05,  7.45058060E-05) (  7.45058060E-05, -9.31322575E-06) (  0.00000000    ,  0.00000000    )
   0.00000000       1.00000000       0.00000000     ( -6.63101673E-03, -3.64147127E-03) (  0.00000000    ,  0.00000000    ) (  1.08405948E-02,  1.19209290E-02)
   0.00000000       1.00000000       1.00000000     (  9.07108188E-03,  1.02445483E-02) ( -7.21774995E-04, -1.89524144E-03) (  7.21774995E-04,  1.89524144E-03)
   0.00000000       1.00000000       2.00000000     (  4.65661287E-06,  3.72529030E-05) (  2.79396772E-05, -1.86264515E-05) ( -1.39698386E-05,  9.31322575E-06)
   0.00000000       2.00000000       0.00000000     ( -2.32830644E-05, -7.45058060E-05) (  0.00000000    ,  0.00000000    ) (  1.11758709E-04, -2.79396772E-05)
   0.00000000       2.00000000       1.00000000     ( -1.11758709E-04,  2.32830644E-05) (  2.79396772E-05,  9.31322575E-06) ( -5.58793545E-05, -1.86264515E-05)
   0.00000000      -2.00000000       0.00000000     ( -2.32830644E-05,  7.45058060E-05) (  0.00000000    ,  0.00000000    ) (  1.11758709E-04,  2.79396772E-05)
   0.00000000      -2.00000000       1.00000000     (  2.79396772E-05,  1.39698386E-05) (  1.16415322E-05,  3.72529030E-05) (  2.32830644E-05,  7.45058060E-05)
   0.00000000      -1.00000000       0.00000000     ( -6.63101673E-03,  3.64147127E-03) (  0.00000000    ,  0.00000000    ) (  1.08405948E-02, -1.19209290E-02)
   0.00000000      -1.00000000       1.00000000     ( -4.99188900E-03, -3.06218863E-02) ( -8.21426511E-03,  2.37487257E-03) ( -8.21426511E-03,  2.37487257E-03)
   0.00000000      -1.00000000       2.00000000     ( -5.58793545E-05,  3.49245965E-06) ( -6.98491931E-06,  2.79396772E-05) ( -3.49245965E-06,  1.39698386E-05)
   1.00000000       0.00000000       0.00000000     (  0.00000000    ,  0.00000000    ) ( -2.57045031E-02,  2.13086605E-02) (  2.16066837E-02,  6.27711415E-03)
   1.00000000       0.00000000       1.00000000     ( -3.87430191E-03,  2.60188244E-04) ( -2.11596489E-02, -1.44541264E-02) (  3.87430191E-03, -2.60188244E-04)
   1.00000000       0.00000000       2.00000000     (  7.45058060E-05,  5.82076609E-06) ( -4.65661287E-05, -3.72529030E-05) ( -3.72529030E-05, -2.91038305E-06)
   1.00000000       1.00000000       0.00000000     (  5.19212335E-04,  3.59490514E-03) ( -5.19212335E-04, -3.59490514E-03) ( -8.17701221E-03,  1.19581819E-02)
   1.00000000       1.00000000       1.00000000     ( -2.79396772E-05, -1.86264515E-05) (  1.11758709E-04,  6.98491931E-06) ( -9.31322575E-05,  1.16415322E-05)
   1.00000000       1.00000000       2.00000000     (  1.49011612E-04, -1.39698386E-05) ( -2.79396772E-05, -5.58793545E-05) ( -5.58793545E-05,  3.72529030E-05)
   1.00000000       2.00000000       0.00000000     ( -3.72529030E-05,  1.16415322E-05) (  1.86264515E-05, -5.82076609E-06) (  4.65661287E-05, -4.65661287E-05)
   1.00000000       2.00000000       1.00000000     (  5.82076609E-06, -1.39698386E-05) (  3.72529030E-05, -1.39698386E-05) ( -7.45058060E-05,  4.65661287E-05)
   1.00000000      -2.00000000       0.00000000     (  4.65661287E-05, -1.16415322E-05) (  2.32830644E-05, -5.82076609E-06) (  4.65661287E-05,  7.45058060E-05)
   1.00000000      -2.00000000       1.00000000     (  5.58793545E-05,  3.72529030E-05) (  1.16415322E-05,  2.79396772E-05) ( -3.72529030E-05,  1.39698386E-05)
   1.00000000      -1.00000000       0.00000000     ( -4.46743798E-05, -6.12810254E-03) ( -4.46743798E-05, -6.12810254E-03) ( -9.70438123E-03,  3.26335430E-02)
   1.00000000      -1.00000000       1.00000000     ( -1.49011612E-04, -4.65661287E-05) (  6.98491931E-06,  1.11758709E-04) (  1.49011612E-04,  1.49011612E-04)
   1.00000000      -1.00000000       2.00000000     (  7.45058060E-05, -2.79396772E-05) (  5.58793545E-05, -4.65661287E-05) ( -6.98491931E-06, -9.31322575E-06)
   2.00000000       0.00000000       0.00000000     (  0.00000000    ,  0.00000000    ) ( -4.65661287E-05, -1.11758709E-04) (  3.72529030E-05, -3.72529030E-05)
   2.00000000       0.00000000       1.00000000     (  3.49245965E-06,  6.98491931E-06) ( -2.79396772E-05, -4.65661287E-05) ( -6.98491931E-06, -1.39698386E-05)
   2.00000000       1.00000000       0.00000000     ( -2.79396772E-05, -2.79396772E-05) (  5.58793545E-05,  5.58793545E-05) (  3.72529030E-05, -7.45058060E-05)
   2.00000000       1.00000000       1.00000000     ( -1.86264515E-05,  9.31322575E-06) (  5.58793545E-05,  2.18278728E-07) ( -1.86264515E-05, -1.86264515E-05)
   2.00000000      -1.00000000       0.00000000     (  1.86264515E-05, -1.74622983E-06) (  3.72529030E-05, -3.49245965E-06) (  4.65661287E-05,  1.39698386E-05)
   2.00000000      -1.00000000       1.00000000     (  2.32830644E-05,  2.79396772E-05) (  5.58793545E-05,  2.79396772E-05) (  2.32830644E-05, -2.32830644E-05)
