    0.000000        0.000000        1.000000      (2.1010637E-02,1.1585653E-02)
   (-8.7916851E-03,-1.6391277E-02)  (0.000000,0.000000)
    0.000000        0.000000        2.000000      
 (6.8545341E-03,-1.5739352E-03)  (6.1281025E-03,4.8242509E-03)  
 (0.000000,0.000000)
    0.000000        1.000000        0.000000      (1.3550743E-03,8.2328916E-03)
   (0.000000,0.000000)  (3.5949051E-03,-2.2910535E-03)
    0.000000        1.000000        1.000000      (4.3027103E-03,2.8219074E-03)
   (6.0349703E-03,-4.5821071E-03)  (-6.0349703E-03,4.5821071E-03)
    0.000000        1.000000        2.000000      
 (-8.2328916E-03,-2.4866313E-03)  (-4.9732625E-03,-1.4761463E-03)  
 (2.4866313E-03,7.3807314E-04)
    0.000000        2.000000        0.000000      
 (-3.7718564E-03,-6.3679181E-04)  (0.000000,0.000000)  
 (-8.3120540E-04,3.0361116E-03)
    0.000000        2.000000        1.000000      
 (1.0114163E-02,-3.0361116E-03)  (-3.4749974E-04,-1.8952414E-03)  
 (6.9499947E-04,3.7904829E-03)
    0.000000       -2.000000        0.000000      
 (-3.7718564E-03,6.3679181E-04)  (0.000000,0.000000)  
 (-8.3120540E-04,-3.0361116E-03)
    0.000000       -2.000000        1.000000      
 (-1.2703240E-02,-1.1473894E-02)  (-3.7811697E-03,1.0803342E-03)  
 (-7.5623393E-03,2.1606684E-03)
    0.000000       -1.000000        0.000000      
 (1.3550743E-03,-8.2328916E-03)  (0.000000,0.000000)  
 (3.5949051E-03,2.2910535E-03)
    0.000000       -1.000000        1.000000      
 (6.3888729E-03,-5.8300793E-03)  (-1.8440187E-03,-4.4703484E-03)  
 (-1.8440187E-03,-4.4703484E-03)
    0.000000       -1.000000        2.000000      
 (-1.3522804E-02,1.8253922E-03)  (-2.6077032E-03,9.4529241E-04)  
 (-1.3038516E-03,4.7264621E-04)
    1.000000        0.000000        0.000000      (0.000000,0.000000)  
 (-2.5331974E-02,4.9732625E-03)  (1.6987324E-02,1.7583370E-02)
    1.000000        0.000000        1.000000      
 (-2.1699816E-03,-3.2037497E-03)  (-1.8626451E-02,1.4156103E-02)  
 (2.1699816E-03,3.2037497E-03)
    1.000000        0.000000        2.000000      (6.0070306E-04,1.5320256E-03)
   (4.6659261E-03,1.0337681E-02)  (-3.0035153E-04,-7.6601282E-04)
    1.000000        1.000000        0.000000      
 (3.3713877E-03,-1.4854595E-03)  (-3.3713877E-03,1.4854595E-03)  
 (-2.2631139E-03,2.3003668E-03)
    1.000000        1.000000        1.000000      (1.1851080E-03,4.2468309E-03)
   (-2.5937334E-03,-3.1758100E-03)  (1.4086254E-03,-1.0686927E-03)
    1.000000        1.000000        2.000000      
 (-4.1630119E-03,1.2689270E-03)  (-2.2700988E-04,-5.3085387E-03)  
 (2.1932647E-03,2.0209700E-03)
    1.000000        2.000000        0.000000      (2.7613714E-03,2.1699816E-03)
   (-1.3806857E-03,-1.0849908E-03)  (3.9394945E-03,8.7730587E-03)
    1.000000        2.000000        1.000000      (3.4552068E-03,3.3807009E-03)
   (-2.0675361E-03,5.5064447E-04)  (6.8685040E-04,-4.4889748E-03)
    1.000000       -2.000000        0.000000      (1.0104850E-03,7.7113509E-03)
   (5.0524250E-04,3.8556755E-03)  (-6.0163438E-03,-1.0151416E-03)
    1.000000       -2.000000        1.000000      
 (-2.4214387E-03,-5.0058588E-04)  (-4.4004992E-04,-2.0605512E-04)  
 (1.5413389E-03,8.8912202E-05)
    1.000000       -1.000000        0.000000      
 (-1.4668331E-03,4.9127266E-04)  (-1.4668331E-03,4.9127266E-04)  
 (-5.4575503E-03,3.4831464E-03)
    1.000000       -1.000000        1.000000      
 (1.3858080E-02,-7.5902790E-04)  (4.4796616E-03,6.4028427E-04)  
 (-9.3691051E-03,1.3993122E-03)
    1.000000       -1.000000        2.000000      
 (-3.5949051E-03,-4.8661605E-04)  (-7.0035458E-03,-4.4237822E-03)  
 (-1.7043203E-03,-1.9697472E-03)
    2.000000        0.000000        0.000000      (0.000000,0.000000)  
 (1.2665987E-02,-3.9301813E-03)  (-4.8661605E-04,1.1315569E-03)
    2.000000        0.000000        1.000000      
 (-3.0454248E-03,5.2992254E-03)  (4.2375177E-03,9.6485019E-03)  
 (6.0908496E-03,-1.0598451E-02)
    2.000000        1.000000        0.000000      
 (-1.9650906E-03,-2.8591603E-03)  (3.9301813E-03,5.7183206E-03)  
 (-7.6554716E-03,4.2468309E-03)
    2.000000        1.000000        1.000000      (3.2968819E-03,4.5634806E-03)
   (-4.5541674E-03,-1.3597310E-02)  (-2.0442531E-03,4.4517219E-03)
    2.000000       -1.000000        0.000000      
 (-3.0547380E-03,-3.2875687E-03)  (-6.1094761E-03,-6.5751374E-03)  
 (1.6624108E-03,4.2282045E-03)
    2.000000       -1.000000        1.000000      
 (-4.5914203E-03,2.5844201E-03)  (-3.8277358E-03,6.9662929E-03)  
 (5.3644180E-03,1.7927960E-03)
