   0.00000000       0.00000000      -2.00000000     (  1.08033419E-03,  2.60770321E-04) ( -1.04308128E-03,  3.25962901E-04) (  0.00000000    ,  0.00000000    )
   0.00000000       0.00000000      -1.00000000     (  8.36327672E-03,  1.22189522E-02) (  3.84449959E-02,  6.38887286E-03) (  0.00000000    ,  0.00000000    )
   0.00000000       1.00000000      -2.00000000     (  2.98023224E-04,  3.16649675E-04) (  4.28408384E-04,  3.60887498E-05) (  2.14204192E-04,  1.80443749E-05)
   0.00000000       1.00000000      -1.00000000     ( -6.94766641E-03,  2.31713057E-02) ( -9.49949026E-03, -4.07919288E-03) ( -9.49949026E-03, -4.07919288E-03)
   0.00000000       2.00000000      -1.00000000     ( -4.00468707E-04, -2.88709998E-04) ( -3.44589353E-04,  3.25962901E-04) ( -6.89178705E-04,  6.51925802E-04)
   0.00000000      -2.00000000      -1.00000000     (  3.91155481E-04,  3.35276127E-04) ( -4.42378223E-05,  8.14907253E-05) (  8.84756446E-05, -1.62981451E-04)
   0.00000000      -1.00000000      -2.00000000     (  4.65661287E-04,  5.58793545E-04) ( -1.62981451E-04, -2.46800482E-04) (  8.14907253E-05,  1.23400241E-04)
   0.00000000      -1.00000000      -1.00000000     (  5.99771738E-03, -4.35858965E-03) (  3.07336450E-03,  1.17346644E-03) ( -3.07336450E-03, -1.17346644E-03)
   1.00000000       0.00000000      -2.00000000     ( -4.00468707E-04, -1.58324838E-04) (  4.47034836E-04,  1.08033419E-03) ( -2.00234354E-04, -7.91624188E-05)
   1.00000000       0.00000000      -1.00000000     (  1.16974115E-02, -5.79282641E-03) ( -7.17118382E-03,  2.27987766E-02) (  1.16974115E-02, -5.79282641E-03)
   1.00000000       1.00000000      -2.00000000     (  2.37487257E-04,  4.00468707E-04) ( -5.02914190E-04, -2.51457095E-04) ( -1.35041773E-04,  7.45058060E-05)
   1.00000000       1.00000000      -1.00000000     ( -8.00937414E-04,  1.67638063E-03) ( -2.46800482E-04, -9.49949026E-04) ( -1.04308128E-03,  7.07805157E-04)
   1.00000000       2.00000000      -1.00000000     (  7.68341124E-05, -1.49011612E-04) ( -2.00234354E-04, -2.27009878E-05) ( -3.16649675E-04, -1.90921128E-04)
   1.00000000      -2.00000000      -1.00000000     ( -8.84756446E-05, -2.79396772E-04) (  1.25728548E-04, -1.21071935E-04) ( -3.35276127E-04, -3.60887498E-05)
   1.00000000      -1.00000000      -2.00000000     (  1.23400241E-04, -4.19095159E-04) ( -2.46800482E-04,  1.23400241E-04) (  1.86264515E-04, -2.70083547E-04)
   1.00000000      -1.00000000      -1.00000000     ( -1.13504939E-05,  2.28174031E-04) ( -1.90921128E-04,  1.16415322E-04) (  1.81607902E-04,  1.11758709E-04)
   2.00000000       0.00000000      -1.00000000     ( -3.44589353E-04,  3.02679837E-05) (  2.14204192E-04, -5.77419996E-04) ( -6.89178705E-04,  6.05359674E-05)
   2.00000000       1.00000000      -1.00000000     (  5.23868948E-05, -1.39698386E-04) ( -4.28408384E-04,  4.28408384E-04) ( -3.25962901E-04,  1.44354999E-04)
   2.00000000      -1.00000000      -1.00000000     (  3.07336450E-04,  4.42378223E-05) (  1.58324838E-04,  2.98023224E-04) (  4.47034836E-04, -2.04890966E-04)
