   0.00000000       0.00000000       1.00000000     (  4.95463610E-03, -1.21071935E-02) (  3.25590372E-02, -2.32830644E-03) (  0.00000000    ,  0.00000000    )
   0.00000000       0.00000000       2.00000000     (  2.16066837E-03, -4.05125320E-04) ( -2.49594450E-03, -1.21071935E-03) (  0.00000000    ,  0.00000000    )
   0.00000000       1.00000000       0.00000000     (  3.19443643E-03, -3.90224159E-03) (  0.00000000    ,  0.00000000    ) (  1.59442425E-02, -4.87489160E-05)
   0.00000000       1.00000000       1.00000000     (  2.90572643E-03,  2.11410224E-03) (  3.85567546E-03, -1.20140612E-03) ( -3.85567546E-03,  1.20140612E-03)
   0.00000000       1.00000000       2.00000000     (  1.24797225E-03, -1.43423676E-03) ( -2.14204192E-04,  7.17118382E-04) (  1.07102096E-04, -3.58559191E-04)
   0.00000000       2.00000000       0.00000000     (  1.30385160E-03,  8.66129994E-04) (  0.00000000    ,  0.00000000    ) ( -3.11410986E-05,  6.70552254E-04)
   0.00000000       2.00000000       1.00000000     (  1.30385160E-04, -1.13621354E-03) ( -5.70435077E-05,  1.46683306E-04) (  1.14087015E-04, -2.93366611E-04)
   0.00000000      -2.00000000       0.00000000     (  1.30385160E-03, -8.66129994E-04) (  0.00000000    ,  0.00000000    ) ( -3.11410986E-05, -6.70552254E-04)
   0.00000000      -2.00000000       1.00000000     ( -7.91624188E-04,  8.84756446E-04) ( -6.14672899E-04, -3.91155481E-04) ( -1.22934580E-03, -7.82310963E-04)
   0.00000000      -1.00000000       0.00000000     (  3.19443643E-03,  3.90224159E-03) (  0.00000000    ,  0.00000000    ) (  1.59442425E-02,  4.87489160E-05)
   0.00000000      -1.00000000       1.00000000     ( -6.83590770E-03, -1.83284283E-02) ( -8.40052962E-03,  4.63798642E-03) ( -8.40052962E-03,  4.63798642E-03)
   0.00000000      -1.00000000       2.00000000     (  3.02679837E-04, -8.38190317E-04) (  9.77888703E-04,  9.77888703E-05) (  4.88944352E-04,  4.88944352E-05)
   1.00000000       0.00000000       0.00000000     (  0.00000000    ,  0.00000000    ) ( -2.97278166E-02,  1.57952309E-02) (  1.57207251E-02, -3.73460352E-03)
   1.00000000       0.00000000       1.00000000     ( -2.36555934E-03, -5.05242497E-04) ( -6.46337867E-03, -1.47148967E-02) (  2.36555934E-03,  5.05242497E-04)
   1.00000000       0.00000000       2.00000000     ( -1.32247806E-03, -9.40635800E-04) (  3.67872417E-04,  5.77419996E-04) (  6.61239028E-04,  4.70317900E-04)
   1.00000000       1.00000000       0.00000000     (  3.52971256E-03,  3.03611159E-03) ( -3.52971256E-03, -3.03611159E-03) (  2.30967999E-03,  1.06915832E-02)
   1.00000000       1.00000000       1.00000000     (  2.09547579E-04,  3.39932740E-04) ( -1.13621354E-03,  6.51925802E-04) (  9.31322575E-04, -9.96515155E-04)
   1.00000000       1.00000000       2.00000000     ( -1.54599547E-03,  1.88592821E-04) (  9.40635800E-04,  1.13621354E-03) (  3.02679837E-04, -6.61239028E-04)
   1.00000000       2.00000000       0.00000000     ( -7.68341124E-05,  1.22934580E-03) (  3.84170562E-05, -6.14672899E-04) ( -7.63684511E-04,  1.08266249E-04)
   1.00000000       2.00000000       1.00000000     (  6.33299351E-04,  6.89178705E-04) ( -3.63215804E-04, -2.25845724E-04) (  8.84756446E-05, -2.37487257E-04)
   1.00000000      -2.00000000       0.00000000     (  4.51691449E-04,  6.05359674E-04) (  2.25845724E-04,  3.02679837E-04) ( -7.45058060E-04, -5.40167093E-04)
   1.00000000      -2.00000000       1.00000000     ( -1.02445483E-03,  1.03609636E-04) ( -4.14438546E-04,  2.88709998E-04) (  2.02562660E-04,  4.74974513E-04)
   1.00000000      -1.00000000       0.00000000     (  2.44937837E-03, -1.87661499E-03) (  2.44937837E-03, -1.87661499E-03) ( -6.20260835E-03,  2.10851431E-02)
   1.00000000      -1.00000000       1.00000000     (  1.88127160E-03,  1.19209290E-03) ( -2.85217538E-05, -1.99303031E-03) ( -1.91852450E-03, -3.20374966E-03)
   1.00000000      -1.00000000       2.00000000     ( -1.37835741E-03, -2.60770321E-04) (  2.74740160E-04,  3.21306288E-04) (  8.28877091E-04,  2.93366611E-04)
   2.00000000       0.00000000       0.00000000     (  0.00000000    ,  0.00000000    ) ( -7.10133463E-05,  1.62050128E-03) ( -6.42612576E-04, -6.14672899E-04)
   2.00000000       0.00000000       1.00000000     ( -2.09547579E-04,  1.53668225E-04) ( -8.00937414E-04, -2.42143869E-04) (  4.19095159E-04, -3.07336450E-04)
   2.00000000       1.00000000       0.00000000     ( -5.93718141E-05, -8.96397978E-05) (  1.18743628E-04,  1.79279596E-04) (  2.93366611E-04,  3.77185643E-04)
   2.00000000       1.00000000       1.00000000     ( -1.23400241E-04, -1.77533366E-05) ( -5.96046448E-04,  5.40167093E-04) (  8.47503543E-04, -5.02914190E-04)
   2.00000000      -1.00000000       0.00000000     ( -7.07805157E-04, -5.40167093E-04) ( -1.41561031E-03, -1.08033419E-03) (  6.79865479E-04,  7.91624188E-04)
   2.00000000      -1.00000000       1.00000000     (  1.19907781E-04, -1.06170774E-03) ( -4.19095159E-04, -2.98023224E-04) ( -6.61239028E-04,  1.82539225E-03)
