   0.00000000       0.00000000       1.00000000     (  1.83656812E-02,  2.96859071E-04) (  3.36766243E-02, -2.17556953E-02) (  0.00000000    ,  0.00000000    )
   0.00000000       0.00000000       2.00000000     (  1.06170774E-03, -2.51457095E-03) ( -2.01165676E-03, -1.29221007E-04) (  0.00000000    ,  0.00000000    )
   0.00000000       1.00000000       0.00000000     ( -1.29267573E-02, -1.49942935E-03) (  0.00000000    ,  0.00000000    ) (  6.31436706E-03,  1.43796206E-02)
   0.00000000       1.00000000       1.00000000     (  7.74860382E-03,  9.83476639E-03) ( -2.49594450E-03, -3.59490514E-03) (  2.49594450E-03,  3.59490514E-03)
   0.00000000       1.00000000       2.00000000     ( -1.09896064E-03, -8.00937414E-04) ( -9.31322575E-04,  2.42143869E-04) (  4.65661287E-04, -1.21071935E-04)
   0.00000000       2.00000000       0.00000000     (  7.54371285E-04,  2.62632966E-03) (  0.00000000    ,  0.00000000    ) ( -3.05473804E-03,  2.21654773E-03)
   0.00000000       2.00000000       1.00000000     (  1.88127160E-03, -8.00937414E-04) ( -7.07805157E-04,  2.77068466E-04) (  1.41561031E-03, -5.54136932E-04)
   0.00000000      -2.00000000       0.00000000     (  7.54371285E-04, -2.62632966E-03) (  0.00000000    ,  0.00000000    ) ( -3.05473804E-03, -2.21654773E-03)
   0.00000000      -2.00000000       1.00000000     ( -1.89989805E-03, -1.81607902E-04) (  1.04773790E-04, -5.82076609E-04) (  2.09547579E-04, -1.16415322E-03)
   0.00000000      -1.00000000       0.00000000     ( -1.29267573E-02,  1.49942935E-03) (  0.00000000    ,  0.00000000    ) (  6.31436706E-03, -1.43796206E-02)
   0.00000000      -1.00000000       1.00000000     ( -1.52271241E-03, -2.95788050E-02) ( -5.19677997E-03,  2.62632966E-03) ( -5.19677997E-03,  2.62632966E-03)
   0.00000000      -1.00000000       2.00000000     (  9.87201929E-04,  1.58615876E-05) ( -7.63684511E-04, -7.91624188E-04) ( -3.81842256E-04, -3.95812094E-04)
   1.00000000       0.00000000       0.00000000     (  0.00000000    ,  0.00000000    ) ( -1.70618296E-02,  1.69873238E-02) (  2.52574682E-02,  1.28522515E-02)
   1.00000000       0.00000000       1.00000000     ( -1.45751983E-03, -1.95112079E-03) ( -2.57045031E-02, -6.89178705E-03) (  1.45751983E-03,  1.95112079E-03)
   1.00000000       0.00000000       2.00000000     ( -9.59262252E-04,  1.30385160E-03) (  9.40635800E-04,  1.20140612E-03) (  4.79631126E-04, -6.51925802E-04)
   1.00000000       1.00000000       0.00000000     (  6.47269189E-04,  1.81607902E-03) ( -6.47269189E-04, -1.81607902E-03) ( -9.90927219E-03,  1.16601586E-02)
   1.00000000       1.00000000       1.00000000     (  1.05239451E-03, -6.47269189E-04) ( -2.55182385E-03, -1.43190846E-04) (  1.49011612E-03,  7.91624188E-04)
   1.00000000       1.00000000       2.00000000     ( -1.97440386E-03, -1.69966370E-04) (  3.14321369E-04,  1.00582838E-03) (  8.28877091E-04, -4.14438546E-04)
   1.00000000       2.00000000       0.00000000     (  1.23865902E-03, -2.14204192E-04) ( -6.19329512E-04,  1.07102096E-04) (  6.47269189E-04,  1.58324838E-03)
   1.00000000       2.00000000       1.00000000     (  1.22003257E-03,  1.06170774E-03) ( -1.07102096E-03, -1.46683306E-04) (  9.12696123E-04, -7.63684511E-04)
   1.00000000      -2.00000000       0.00000000     ( -1.37835741E-03, -4.61004674E-04) ( -6.89178705E-04, -2.30502337E-04) ( -1.22003257E-03, -1.75088644E-03)
   1.00000000      -2.00000000       1.00000000     ( -8.94069672E-04,  1.32422429E-05) ( -3.16649675E-04,  4.83123586E-05) (  2.60770321E-04,  8.26548785E-05)
   1.00000000      -1.00000000       0.00000000     ( -6.91507012E-04, -8.58679414E-03) ( -6.91507012E-04, -8.58679414E-03) ( -1.11013651E-02,  2.51084566E-02)
   1.00000000      -1.00000000       1.00000000     (  2.47731805E-03,  7.54371285E-04) ( -5.91389835E-04, -3.05473804E-03) ( -3.05473804E-03, -3.79979610E-03)
   1.00000000      -1.00000000       2.00000000     ( -2.34693289E-03,  2.17929482E-03) ( -1.08964741E-03,  1.24797225E-03) (  6.28642738E-04, -4.61004674E-04)
   2.00000000       0.00000000       0.00000000     (  0.00000000    ,  0.00000000    ) (  1.60187483E-03,  3.16649675E-03) ( -7.35744834E-04,  2.12341547E-03)
   2.00000000       0.00000000       1.00000000     (  4.33064997E-04, -8.84756446E-04) (  8.66129994E-04,  1.67638063E-03) ( -8.66129994E-04,  1.76951289E-03)
   2.00000000       1.00000000       0.00000000     (  1.43190846E-04,  1.19209290E-03) ( -2.86381692E-04, -2.38418579E-03) ( -1.60187483E-03,  2.64495611E-03)
   2.00000000       1.00000000       1.00000000     (  6.79865479E-04,  3.32947820E-04) ( -3.00351530E-04, -1.99303031E-03) ( -1.06170774E-03,  1.32247806E-03)
   2.00000000      -1.00000000       0.00000000     ( -5.49480319E-04,  5.63450158E-04) ( -1.09896064E-03,  1.12690032E-03) ( -9.68575478E-04, -2.05545803E-06)
   2.00000000      -1.00000000       1.00000000     ( -8.56816769E-04,  1.10594556E-04) ( -2.55182385E-03, -1.03609636E-04) ( -8.38190317E-04, -3.25962901E-04)
