   0.00000000       0.00000000      -2.00000000     (  2.65426934E-04,  1.21071935E-03) ( -9.49949026E-04,  3.35276127E-04) (  0.00000000    ,  0.00000000    )
   0.00000000       0.00000000      -1.00000000     (  2.77161598E-02, -8.90344381E-03) (  2.35438347E-02,  3.41981649E-02) (  0.00000000    ,  0.00000000    )
   0.00000000       1.00000000      -2.00000000     ( -1.53668225E-04,  3.16649675E-04) (  2.37487257E-04,  5.77419996E-04) (  1.18743628E-04,  2.88709998E-04)
   0.00000000       1.00000000      -1.00000000     (  1.21444464E-02,  2.51084566E-02) (  5.43659553E-04, -1.15483999E-03) (  5.43659553E-04, -1.15483999E-03)
   0.00000000       2.00000000      -1.00000000     ( -2.04890966E-03, -3.91155481E-04) ( -4.28408384E-04, -3.07336450E-04) ( -8.56816769E-04, -6.14672899E-04)
   0.00000000      -2.00000000      -1.00000000     (  4.74974513E-04, -8.00937414E-04) ( -3.81842256E-04,  4.54019755E-05) (  7.63684511E-04, -9.08039510E-05)
   0.00000000      -1.00000000      -2.00000000     ( -1.17346644E-03, -3.53902578E-04) ( -2.65426934E-04, -1.62981451E-04) (  1.32713467E-04,  8.14907253E-05)
   0.00000000      -1.00000000      -1.00000000     (  7.93486834E-03, -8.47503543E-04) ( -3.18977982E-04,  1.08405948E-02) (  3.18977982E-04, -1.08405948E-02)
   1.00000000       0.00000000      -2.00000000     ( -6.33299351E-04,  6.89178705E-04) ( -6.51925802E-04,  8.56816769E-04) ( -3.16649675E-04,  3.44589353E-04)
   1.00000000       0.00000000      -1.00000000     (  7.89761543E-03, -1.81607902E-03) ( -5.99771738E-03, -3.31550837E-03) (  7.89761543E-03, -1.81607902E-03)
   1.00000000       1.00000000      -2.00000000     ( -8.19563866E-04,  4.00468707E-04) (  2.56113708E-04, -8.94069672E-04) ( -2.84053385E-04, -2.46800482E-04)
   1.00000000       1.00000000      -1.00000000     ( -6.23986125E-04, -1.21071935E-04) (  8.00937414E-04,  3.53902578E-04) (  1.67638063E-04,  2.28174031E-04)
   1.00000000       2.00000000      -1.00000000     (  7.33416528E-05,  3.02679837E-04) ( -2.37487257E-04,  2.98023224E-04) ( -4.00468707E-04,  8.94069672E-04)
   1.00000000      -2.00000000      -1.00000000     (  4.19095159E-04,  4.77302819E-05) (  4.19095159E-04,  4.09781933E-04) ( -4.09781933E-04, -7.82310963E-04)
   1.00000000      -1.00000000      -2.00000000     (  2.50292942E-05, -6.23986125E-04) ( -2.74740160E-04, -2.37487257E-04) (  1.51339918E-04, -1.95577741E-04)
   1.00000000      -1.00000000      -1.00000000     ( -3.72529030E-04,  3.63215804E-04) ( -7.63684511E-04,  1.37370080E-04) (  3.91155481E-04,  2.28174031E-04)
   2.00000000       0.00000000      -1.00000000     ( -3.35276127E-04, -1.55996531E-04) ( -1.81607902E-04,  5.82076609E-05) ( -6.70552254E-04, -3.11993062E-04)
   2.00000000       1.00000000      -1.00000000     ( -2.93366611E-04, -1.42026693E-04) (  5.21540642E-04, -2.98023224E-04) ( -6.05359674E-05, -5.77419996E-04)
   2.00000000      -1.00000000      -1.00000000     ( -9.77888703E-05,  1.21071935E-04) (  1.95577741E-04, -5.86733222E-04) ( -3.91155481E-04,  8.19563866E-04)
