   0.00000000       0.00000000      -2.00000000     (  6.83590770E-03,  3.52039933E-03) (  2.58907676E-03, -1.57859176E-03) (  0.00000000    ,  0.00000000    )
   0.00000000       0.00000000      -1.00000000     (  2.32458115E-02, -1.19581819E-02) ( -1.02911144E-03,  2.23517418E-02) (  0.00000000    ,  0.00000000    )
   0.00000000       1.00000000      -2.00000000     ( -5.02914190E-03, -7.24103302E-04) (  2.63098627E-04, -4.12575901E-03) (  1.31549314E-04, -2.06287950E-03)
   0.00000000       1.00000000      -1.00000000     (  9.49949026E-03,  1.22934580E-02) ( -2.70083547E-03,  2.85916030E-03) ( -2.70083547E-03,  2.85916030E-03)
   0.00000000       2.00000000      -1.00000000     ( -9.35047865E-03,  4.17232513E-03) ( -2.10478902E-03, -8.89413059E-04) ( -4.20957804E-03, -1.77882612E-03)
   0.00000000      -2.00000000      -1.00000000     (  6.78002834E-03, -9.08039510E-05) ( -9.59262252E-04,  2.41212547E-03) (  1.91852450E-03, -4.82425094E-03)
   0.00000000      -1.00000000      -2.00000000     ( -7.22706318E-03,  1.14087015E-03) ( -7.24568963E-03, -4.56348062E-04) (  3.62284482E-03,  2.28174031E-04)
   0.00000000      -1.00000000      -1.00000000     (  3.41795385E-03,  3.03611159E-03) (  7.15255737E-03,  6.94766641E-03) ( -7.15255737E-03, -6.94766641E-03)
   1.00000000       0.00000000      -2.00000000     (  3.54833901E-03,  4.56348062E-03) ( -2.89641321E-03,  7.65547156E-03) (  1.77416950E-03,  2.28174031E-03)
   1.00000000       0.00000000      -1.00000000     (  3.85567546E-03,  3.37604433E-04) (  9.20146704E-03, -1.15949661E-03) (  3.85567546E-03,  3.37604433E-04)
   1.00000000       1.00000000      -2.00000000     ( -3.66941094E-03, -3.49245965E-03) (  3.92086804E-03, -8.62404704E-03) (  1.25437509E-04, -6.05359674E-03)
   1.00000000       1.00000000      -1.00000000     ( -7.50645995E-03, -4.82425094E-03) (  4.63798642E-03, -2.75322236E-04) ( -2.88709998E-03, -5.08502126E-03)
   1.00000000       2.00000000      -1.00000000     ( -6.63101673E-03, -3.17580998E-03) (  1.07567757E-03,  1.35041773E-03) ( -4.48897481E-03, -4.76138666E-04)
   1.00000000      -2.00000000      -1.00000000     (  3.79513949E-04, -4.21889126E-03) ( -2.96859071E-04, -3.41795385E-03) (  9.73232090E-04,  2.61701643E-03)
   1.00000000      -1.00000000      -2.00000000     (  1.93249434E-03,  1.76951289E-03) ( -4.23751771E-04,  1.27125531E-03) (  1.17812306E-03,  2.48546712E-04)
   1.00000000      -1.00000000      -1.00000000     ( -5.47617674E-03,  1.30850822E-03) ( -7.11530447E-03,  9.77888703E-04) (  1.64378434E-03,  3.30619514E-04)
   2.00000000       0.00000000      -1.00000000     ( -1.68103725E-03,  2.32830644E-03) ( -5.94183803E-03,  4.58210707E-03) ( -3.36207449E-03,  4.65661287E-03)
   2.00000000       1.00000000      -1.00000000     (  8.82428139E-04,  1.47614628E-03) (  2.51457095E-03, -5.51342964E-03) (  4.28408384E-03, -2.55182385E-03)
   2.00000000      -1.00000000      -1.00000000     ( -9.98261385E-05, -1.44820660E-03) (  1.96974725E-03,  3.70200723E-04) ( -2.16998160E-03, -3.26894224E-03)
