   0.00000000       0.00000000      -2.00000000     (  3.76254320E-03,  4.37721610E-03) ( -2.43075192E-03, -4.70317900E-04) (  0.00000000    ,  0.00000000    )
   0.00000000       0.00000000      -1.00000000     (  2.51829624E-02, -1.10641122E-02) (  9.57399607E-03,  2.94297934E-02) (  0.00000000    ,  0.00000000    )
   0.00000000       1.00000000      -2.00000000     (  4.33064997E-04,  2.55182385E-03) (  6.07687980E-04,  1.63912773E-03) (  3.03843990E-04,  8.19563866E-04)
   0.00000000       1.00000000      -1.00000000     (  1.51246786E-02,  1.74343586E-02) ( -6.60656951E-05,  1.64844096E-03) ( -6.60656951E-05,  1.64844096E-03)
   0.00000000       2.00000000      -1.00000000     ( -8.56816769E-03, -2.09547579E-03) ( -1.43423676E-03, -1.23865902E-03) ( -2.86847353E-03, -2.47731805E-03)
   0.00000000      -2.00000000      -1.00000000     (  1.70432031E-03, -4.37721610E-03) ( -1.92783773E-03,  1.22468919E-03) (  3.85567546E-03, -2.44937837E-03)
   0.00000000      -1.00000000      -2.00000000     ( -5.27128577E-03, -1.12690032E-03) ( -2.41212547E-03, -8.73114914E-05) (  1.20606273E-03,  4.36557457E-05)
   0.00000000      -1.00000000      -1.00000000     (  4.47034836E-03,  5.15952706E-03) (  3.90224159E-03,  9.53674316E-03) ( -3.90224159E-03, -9.53674316E-03)
   1.00000000       0.00000000      -2.00000000     ( -8.19563866E-04,  4.11644578E-03) ( -3.63215804E-03,  5.77419996E-03) ( -4.09781933E-04,  2.05822289E-03)
   1.00000000       0.00000000      -1.00000000     (  4.02331352E-03,  2.21189111E-04) (  3.05473804E-03, -2.05822289E-03) (  4.02331352E-03,  2.21189111E-04)
   1.00000000       1.00000000      -2.00000000     ( -4.28408384E-03,  8.90577212E-05) (  4.37721610E-03, -4.02331352E-03) (  4.42378223E-05, -1.96509063E-03)
   1.00000000       1.00000000      -1.00000000     ( -5.75557351E-03, -2.30967999E-03) (  4.89875674E-03,  5.86733222E-04) ( -8.56816769E-04, -1.72294676E-03)
   1.00000000       2.00000000      -1.00000000     ( -1.74157321E-03,  1.28988177E-03) ( -2.68919393E-04,  1.73225999E-03) ( -2.28174031E-03,  4.74974513E-03)
   1.00000000      -2.00000000      -1.00000000     ( -1.97906047E-04, -1.07102096E-03) (  1.23400241E-03, -4.00468707E-04) ( -2.67289579E-03, -2.70083547E-04)
   1.00000000      -1.00000000      -2.00000000     ( -1.37835741E-03, -2.49594450E-03) (  2.40106601E-05, -2.03959644E-03) ( -7.03148544E-04, -2.28174031E-04)
   1.00000000      -1.00000000      -1.00000000     ( -1.57393515E-03,  3.74857336E-04) ( -3.61353159E-03,  5.86733222E-04) (  2.03028321E-03, -2.10711733E-04)
   2.00000000       0.00000000      -1.00000000     ( -1.52736902E-03, -7.12461770E-04) ( -5.42029738E-03,  1.18743628E-03) ( -3.05473804E-03, -1.42492354E-03)
   2.00000000       1.00000000      -1.00000000     ( -9.28412192E-05,  7.17118382E-04) (  8.94069672E-04, -1.89989805E-03) (  7.10133463E-04, -4.67989594E-04)
   2.00000000      -1.00000000      -1.00000000     (  2.72411853E-04, -1.25262886E-03) (  9.54605639E-04, -4.02331352E-03) ( -4.09781933E-04,  1.52736902E-03)
