    0.000000        0.000000       -2.000000      (8.5122883E-03,2.5331974E-03)
   (5.2992254E-03,-3.0174851E-03)  (0.000000,0.000000)
    0.000000        0.000000       -1.000000      
 (2.3022294E-02,-1.2367964E-02)  (-4.7869980E-03,1.9818544E-02)  
 (0.000000,0.000000)
    0.000000        1.000000       -2.000000      
 (-1.0803342E-02,-3.0640513E-03)  (-8.4284693E-04,-4.9825758E-03)  
 (-4.2142347E-04,-2.4912879E-03)
    0.000000        1.000000       -1.000000      (7.3760748E-03,9.7230077E-03)
   (-2.7846545E-03,3.6600977E-03)  (-2.7846545E-03,3.6600977E-03)
    0.000000        2.000000       -1.000000      
 (-1.2591481E-02,9.3318522E-03)  (-3.9208680E-03,-1.0011718E-03)  
 (-7.8417361E-03,-2.0023435E-03)
    0.000000       -2.000000       -1.000000      (1.0952353E-02,2.8265640E-03)
   (-2.0139851E-04,2.5471672E-03)  (4.0279701E-04,-5.0943345E-03)
    0.000000       -1.000000       -2.000000      
 (-8.4564090E-03,2.2398308E-03)  (-8.2515180E-03,-3.8853614E-05)  
 (4.1257590E-03,1.9426807E-05)
    0.000000       -1.000000       -1.000000      (3.9674342E-03,7.1944669E-04)
   (7.3388219E-03,5.9790909E-03)  (-7.3388219E-03,-5.9790909E-03)
    1.000000        0.000000       -2.000000      (7.0407987E-03,4.3306500E-03)
   (-2.2724271E-03,7.8044832E-03)  (3.5203993E-03,2.1653250E-03)
    1.000000        0.000000       -1.000000      
 (4.1536987E-03,-4.4092303E-05)  (9.4994903E-03,-2.2910535E-03)  
 (4.1536987E-03,-4.4092303E-05)
    1.000000        1.000000       -2.000000      
 (-3.1571835E-03,-2.8591603E-03)  (1.4621764E-03,-1.3075769E-02)  
 (-8.4750354E-04,-7.9534948E-03)
    1.000000        1.000000       -1.000000      
 (-8.5867941E-03,-5.0570816E-03)  (3.6135316E-03,-6.6938810E-04)  
 (-4.9639493E-03,-5.7369471E-03)
    1.000000        2.000000       -1.000000      
 (-9.9278986E-03,-3.7997961E-03)  (1.8859282E-03,2.4074689E-03)  
 (-6.1467290E-03,1.0151416E-03)
    1.000000       -2.000000       -1.000000      
 (-8.2654878E-04,-6.3702464E-03)  (-1.5646219E-03,-3.7066638E-03)  
 (2.3003668E-03,1.0477379E-03)
    1.000000       -1.000000       -2.000000      (4.4703484E-03,2.5238842E-03)
   (-3.1571835E-03,2.7939677E-03)  (3.8184226E-03,-1.3387762E-04)
    1.000000       -1.000000       -1.000000      
 (-8.8475645E-03,2.6868656E-03)  (-8.5309148E-03,1.0547228E-03)  
 (-3.1606760E-04,1.6344711E-03)
    2.000000        0.000000       -1.000000      
 (-5.6927092E-04,4.4051558E-03)  (-7.5902790E-04,7.0594251E-03)  
 (-1.1385418E-03,8.8103116E-03)
    2.000000        1.000000       -1.000000      (3.6554411E-04,3.0966476E-04)
   (4.1630119E-03,-6.9849193E-03)  (4.8987567E-03,-6.3516200E-03)
    2.000000       -1.000000       -1.000000      
 (-1.6344711E-03,2.2409949E-04)  (1.0477379E-03,4.2468309E-03)  
 (-4.3120235E-03,-3.7997961E-03)
