   0.00000000       0.00000000       1.00000000     ( -7.03148544E-04, -1.18836761E-02) (  2.15321779E-02,  6.44475222E-03) (  0.00000000    ,  0.00000000    )
   0.00000000       0.00000000       2.00000000     (  7.26431608E-03, -2.96160579E-03) ( -1.05053186E-02, -4.47034836E-03) (  0.00000000    ,  0.00000000    )
   0.00000000       1.00000000       0.00000000     (  7.02217221E-03, -2.02999217E-05) (  0.00000000    ,  0.00000000    ) (  1.47894025E-02, -6.42612576E-03)
   0.00000000       1.00000000       1.00000000     ( -7.07805157E-03, -3.41795385E-03) (  4.07919288E-03, -1.31782144E-03) ( -4.07919288E-03,  1.31782144E-03)
   0.00000000       1.00000000       2.00000000     (  4.61935997E-03, -3.16649675E-03) ( -3.42726707E-03,  1.70432031E-03) (  1.71363354E-03, -8.52160156E-04)
   0.00000000       2.00000000       0.00000000     ( -1.47148967E-03,  5.02914190E-03) (  0.00000000    ,  0.00000000    ) ( -3.37604433E-04, -3.67872417E-04)
   0.00000000       2.00000000       1.00000000     (  1.51921995E-04, -1.43423676E-03) ( -1.05705112E-03,  7.86967576E-04) (  2.11410224E-03, -1.57393515E-03)
   0.00000000      -2.00000000       0.00000000     ( -1.47148967E-03, -5.02914190E-03) (  0.00000000    ,  0.00000000    ) ( -3.37604433E-04,  3.67872417E-04)
   0.00000000      -2.00000000       1.00000000     (  1.93715096E-03, -3.21306288E-04) ( -7.96280801E-04,  7.15954229E-05) ( -1.59256160E-03,  1.43190846E-04)
   0.00000000      -1.00000000       0.00000000     (  7.02217221E-03,  2.02999217E-05) (  0.00000000    ,  0.00000000    ) (  1.47894025E-02,  6.42612576E-03)
   0.00000000      -1.00000000       1.00000000     ( -9.01520252E-03, -1.16229057E-02) ( -5.83007932E-03,  6.27711415E-03) ( -5.83007932E-03,  6.27711415E-03)
   0.00000000      -1.00000000       2.00000000     ( -1.67638063E-03, -2.24448740E-03) (  7.42147677E-05,  2.77534127E-03) (  3.71073838E-05,  1.38767064E-03)
   1.00000000       0.00000000       0.00000000     (  0.00000000    ,  0.00000000    ) ( -2.71201134E-02,  6.25848770E-03) (  1.76578760E-02, -5.12227416E-03)
   1.00000000       0.00000000       1.00000000     ( -1.62050128E-03, -2.41212547E-03) (  3.87430191E-03, -6.42612576E-03) (  1.62050128E-03,  2.41212547E-03)
   1.00000000       0.00000000       2.00000000     ( -3.39001417E-03, -1.35973096E-03) ( -1.14552677E-03,  3.29688191E-03) (  1.69500709E-03,  6.79865479E-04)
   1.00000000       1.00000000       0.00000000     (  4.24915925E-04, -5.87897375E-05) ( -4.24915925E-04,  5.87897375E-05) (  7.17118382E-03,  1.48266554E-02)
   1.00000000       1.00000000       1.00000000     ( -4.45172191E-03, -8.10250640E-04) (  2.27242708E-03,  3.24100256E-03) (  2.18860805E-03, -2.42143869E-03)
   1.00000000       1.00000000       2.00000000     ( -2.33994797E-04,  1.09896064E-03) (  2.06753612E-03,  1.02911144E-03) ( -9.17352736E-04, -1.06636435E-03)
   1.00000000       2.00000000       0.00000000     ( -7.63684511E-04, -2.33994797E-04) (  3.81842256E-04,  1.16997398E-04) ( -5.09899110E-04, -1.65775418E-03)
   1.00000000       2.00000000       1.00000000     (  2.07684934E-03, -5.87897375E-05) ( -8.24220479E-04, -1.36788003E-04) ( -4.28408384E-04,  3.31783667E-04)
   1.00000000      -2.00000000       0.00000000     ( -1.52736902E-03, -1.75787136E-04) ( -7.63684511E-04, -8.78935680E-05) ( -1.01979822E-03,  2.73808837E-03)
   1.00000000      -2.00000000       1.00000000     ( -7.04312697E-05, -8.66129994E-04) (  1.00117177E-03, -5.65778464E-04) (  2.07684934E-03, -2.65426934E-04)
   1.00000000      -1.00000000       0.00000000     (  7.22706318E-03,  2.25380063E-03) (  7.22706318E-03,  2.25380063E-03) ( -2.68220901E-03,  1.42026693E-03)
   1.00000000      -1.00000000       1.00000000     ( -1.66706741E-03,  3.11061740E-03) ( -1.11293048E-03, -2.92435288E-03) (  5.51808625E-04, -6.03497028E-03)
   1.00000000      -1.00000000       2.00000000     ( -3.29688191E-03, -1.06170774E-03) (  1.85333192E-03,  1.87195837E-03) (  2.57045031E-03,  1.46217644E-03)
   2.00000000       0.00000000       0.00000000     (  0.00000000    ,  0.00000000    ) ( -2.41212547E-03,  2.59838998E-03) (  1.71363354E-03, -2.60770321E-03)
   2.00000000       0.00000000       1.00000000     ( -1.08964741E-03,  1.07102096E-03) ( -7.03148544E-04, -3.79979610E-03) (  2.17929482E-03, -2.14204192E-03)
   2.00000000       1.00000000       0.00000000     ( -1.18743628E-03, -1.26194209E-03) (  2.37487257E-03,  2.52388418E-03) ( -3.74857336E-04,  3.63215804E-03)
   2.00000000       1.00000000       1.00000000     ( -8.19563866E-04,  3.93483788E-04) (  3.67872417E-04,  9.03382897E-04) (  1.27591193E-03, -1.69500709E-03)
   2.00000000      -1.00000000       0.00000000     ( -1.97440386E-03, -9.63918865E-04) ( -3.94880772E-03, -1.92783773E-03) (  6.26314431E-04,  4.22820449E-03)
   2.00000000      -1.00000000       1.00000000     (  2.11410224E-03,  1.40862539E-04) ( -8.05594027E-04,  9.17352736E-04) ( -5.02914190E-03,  6.35627657E-04)
