   0.00000000       0.00000000      -2.00000000     (  6.29574060E-03,  5.53205609E-03) ( -1.51805580E-03, -1.36438757E-03) (  0.00000000    ,  0.00000000    )
   0.00000000       0.00000000      -1.00000000     (  2.36928463E-02, -1.10641122E-02) (  5.28991222E-03,  2.63750553E-02) (  0.00000000    ,  0.00000000    )
   0.00000000       1.00000000      -2.00000000     ( -3.20142135E-04,  3.22237611E-03) (  7.66012818E-04, -5.99538907E-05) (  3.83006409E-04, -2.99769454E-05)
   0.00000000       1.00000000      -1.00000000     (  1.33737922E-02,  1.53854489E-02) ( -1.12224370E-03,  2.00700015E-03) ( -1.12224370E-03,  2.00700015E-03)
   0.00000000       2.00000000      -1.00000000     ( -1.06170774E-02, -1.24797225E-03) ( -1.54599547E-03, -1.59256160E-03) ( -3.09199095E-03, -3.18512321E-03)
   0.00000000      -2.00000000      -1.00000000     (  3.06405127E-03, -4.95463610E-03) ( -2.52388418E-03,  2.10944563E-03) (  5.04776835E-03, -4.21889126E-03)
   0.00000000      -1.00000000      -2.00000000     ( -7.50645995E-03, -2.49128789E-04) ( -5.08502126E-03, -3.05008143E-04) (  2.54251063E-03,  1.52504072E-04)
   0.00000000      -1.00000000      -1.00000000     (  3.38070095E-03,  5.02914190E-03) (  5.15952706E-03,  8.38190317E-03) ( -5.15952706E-03, -8.38190317E-03)
   1.00000000       0.00000000      -2.00000000     (  6.35627657E-04,  5.62518835E-03) ( -4.78699803E-03,  8.41915607E-03) (  3.17813829E-04,  2.81259418E-03)
   1.00000000       0.00000000      -1.00000000     (  3.40864062E-03,  3.55066732E-04) (  5.66244125E-03, -1.34576112E-03) (  3.40864062E-03,  3.55066732E-04)
   1.00000000       1.00000000      -2.00000000     ( -5.58793545E-03, -2.26311386E-03) (  6.61239028E-03, -5.56930900E-03) (  5.16884029E-04, -3.92086804E-03)
   1.00000000       1.00000000      -1.00000000     ( -8.38190317E-03, -3.83704901E-03) (  6.98491931E-03,  2.55531631E-04) ( -1.40629709E-03, -3.57627869E-03)
   1.00000000       2.00000000      -1.00000000     ( -3.54833901E-03,  5.48316166E-04) (  1.57524482E-05,  1.89524144E-03) ( -3.52039933E-03,  4.33996320E-03)
   1.00000000      -2.00000000      -1.00000000     ( -1.58324838E-04, -2.08616257E-03) (  1.15018338E-03, -2.00234354E-03) ( -2.45869160E-03,  1.91386789E-03)
   1.00000000      -1.00000000      -2.00000000     ( -1.07102096E-03, -1.79745257E-03) (  1.01048499E-03, -1.83004886E-03) ( -1.04075298E-03,  1.52067514E-05)
   1.00000000      -1.00000000      -1.00000000     ( -2.82190740E-03,  4.81959432E-04) ( -5.88595867E-03,  8.03265721E-04) (  3.06405127E-03, -3.21306288E-04)
   2.00000000       0.00000000      -1.00000000     ( -2.29105353E-03, -2.29338184E-04) ( -9.61124897E-03,  2.72877514E-03) ( -4.58210707E-03, -4.58676368E-04)
   2.00000000       1.00000000      -1.00000000     (  4.01632860E-04,  1.82539225E-03) (  1.20140612E-03, -3.94880772E-03) (  2.00234354E-03, -2.89874151E-04)
   2.00000000      -1.00000000      -1.00000000     (  9.68575478E-04, -2.19326466E-03) (  2.37487257E-03, -4.27477062E-03) ( -4.35393304E-04, -1.09721441E-04)
