   0.00000000       0.00000000       1.00000000     (  5.40167093E-04, -1.08405948E-02) (  2.22027302E-02,  3.63215804E-03) (  0.00000000    ,  0.00000000    )
   0.00000000       0.00000000       2.00000000     (  8.27014446E-03, -2.19792128E-03) ( -1.21444464E-02, -6.37024641E-03) (  0.00000000    ,  0.00000000    )
   0.00000000       1.00000000       0.00000000     (  5.38304448E-03, -2.16066837E-03) (  0.00000000    ,  0.00000000    ) (  1.40815973E-02, -4.00468707E-03)
   0.00000000       1.00000000       1.00000000     ( -3.23168933E-03, -1.43889338E-03) (  4.07919288E-03, -1.26194209E-03) ( -4.07919288E-03,  1.26194209E-03)
   0.00000000       1.00000000       2.00000000     (  6.09084964E-03, -5.25265932E-03) ( -2.69152224E-03,  2.59838998E-03) (  1.34576112E-03, -1.29919499E-03)
   0.00000000       2.00000000       0.00000000     ( -2.64262781E-04,  7.45058060E-03) (  0.00000000    ,  0.00000000    ) ( -1.16880983E-03,  2.12341547E-03)
   0.00000000       2.00000000       1.00000000     ( -1.01514161E-03, -4.91738319E-03) ( -1.67172402E-03,  1.66706741E-03) (  3.34344804E-03, -3.33413482E-03)
   0.00000000      -2.00000000       0.00000000     ( -2.64262781E-04, -7.45058060E-03) (  0.00000000    ,  0.00000000    ) ( -1.16880983E-03, -2.12341547E-03)
   0.00000000      -2.00000000       1.00000000     (  1.16880983E-03,  1.21071935E-03) ( -7.82310963E-04,  2.35158950E-04) ( -1.56462193E-03,  4.70317900E-04)
   0.00000000      -1.00000000       0.00000000     (  5.38304448E-03,  2.16066837E-03) (  0.00000000    ,  0.00000000    ) (  1.40815973E-02,  4.00468707E-03)
   0.00000000      -1.00000000       1.00000000     ( -7.30156898E-03, -1.16601586E-02) ( -5.84870577E-03,  5.64381480E-03) ( -5.84870577E-03,  5.64381480E-03)
   0.00000000      -1.00000000       2.00000000     ( -1.78813934E-03, -3.37138772E-03) (  1.55996531E-03,  2.55182385E-03) (  7.79982656E-04,  1.27591193E-03)
   1.00000000       0.00000000       0.00000000     (  0.00000000    ,  0.00000000    ) ( -2.46614218E-02,  7.82310963E-03) (  1.46031380E-02, -4.37721610E-03)
   1.00000000       0.00000000       1.00000000     ( -1.52271241E-03, -1.81607902E-03) (  6.79865479E-04, -8.27014446E-03) (  1.52271241E-03,  1.81607902E-03)
   1.00000000       0.00000000       2.00000000     ( -4.30271029E-03, -1.74157321E-03) ( -7.96280801E-04,  2.64495611E-03) (  2.15135515E-03,  8.70786607E-04)
   1.00000000       1.00000000       0.00000000     (  1.42958015E-03,  8.61473382E-04) ( -1.42958015E-03, -8.61473382E-04) (  6.07222319E-03,  1.21444464E-02)
   1.00000000       1.00000000       1.00000000     ( -3.33413482E-03, -7.17118382E-04) (  1.07567757E-03,  4.32133675E-03) (  2.25380063E-03, -3.61353159E-03)
   1.00000000       1.00000000       2.00000000     ( -2.45869160E-03,  1.13621354E-03) (  3.01748514E-03,  1.64378434E-03) ( -2.77068466E-04, -1.38767064E-03)
   1.00000000       2.00000000       0.00000000     (  1.07102096E-04,  1.65775418E-03) ( -5.35510480E-05, -8.28877091E-04) ( -2.70083547E-03, -2.42143869E-04)
   1.00000000       2.00000000       1.00000000     (  3.30619514E-03,  7.47386366E-04) ( -1.19674951E-03, -3.45753506E-04) ( -9.17352736E-04, -5.50062396E-05)
   1.00000000      -2.00000000       0.00000000     ( -1.33877620E-05,  5.00585884E-04) ( -6.69388101E-06,  2.50292942E-04) ( -2.38418579E-03,  3.28756869E-03)
   1.00000000      -2.00000000       1.00000000     ( -1.15018338E-03,  1.02736522E-04) (  7.35744834E-04,  8.41100700E-05) (  2.62632966E-03,  6.51925802E-05)
   1.00000000      -1.00000000       0.00000000     (  4.74974513E-03,  1.06170774E-03) (  4.74974513E-03,  1.06170774E-03) ( -3.39001417E-03,  6.89178705E-03)
   1.00000000      -1.00000000       1.00000000     (  9.08039510E-04,  4.22820449E-03) ( -7.35744834E-04, -4.84287739E-03) ( -1.64378434E-03, -9.05245543E-03)
   1.00000000      -1.00000000       2.00000000     ( -5.62518835E-03, -1.60187483E-03) (  1.93715096E-03,  9.49949026E-04) (  3.78116965E-03,  1.27591193E-03)
   2.00000000       0.00000000       0.00000000     (  0.00000000    ,  0.00000000    ) ( -2.44937837E-03,  4.15369868E-03) (  1.53086148E-04, -2.84984708E-03)
   2.00000000       0.00000000       1.00000000     ( -1.14087015E-03,  1.14087015E-03) ( -2.71946192E-03, -3.65078449E-03) (  2.28174031E-03, -2.28174031E-03)
   2.00000000       1.00000000       0.00000000     ( -9.77888703E-04, -1.37370080E-03) (  1.95577741E-03,  2.74740160E-03) (  5.51808625E-04,  3.52039933E-03)
   2.00000000       1.00000000       1.00000000     ( -7.10133463E-04,  3.48081812E-04) ( -4.79631126E-04,  1.22468919E-03) (  1.89989805E-03, -1.91852450E-03)
   2.00000000      -1.00000000       0.00000000     ( -2.95229256E-03, -1.33644789E-03) ( -5.90458512E-03, -2.67289579E-03) (  1.65309757E-03,  6.27711415E-03)
   2.00000000      -1.00000000       1.00000000     (  2.16998160E-03, -1.44820660E-03) ( -1.42492354E-03,  5.49480319E-04) ( -5.75557351E-03,  3.44589353E-03)
