   0.00000000       0.00000000      -2.00000000     (  1.34110451E-03,  2.64495611E-03) ( -2.16066837E-03, -6.69388101E-05) (  0.00000000    ,  0.00000000    )
   0.00000000       0.00000000      -1.00000000     (  1.74716115E-02,  8.24220479E-04) (  3.47197056E-02,  2.03400850E-02) (  0.00000000    ,  0.00000000    )
   0.00000000       1.00000000      -2.00000000     (  1.21071935E-03,  7.27595761E-06) ( -6.42612576E-04,  8.94069672E-04) ( -3.21306288E-04,  4.47034836E-04)
   0.00000000       1.00000000      -1.00000000     ( -2.36555934E-03,  2.96533108E-02) ( -5.86733222E-03, -2.37021595E-03) ( -5.86733222E-03, -2.37021595E-03)
   0.00000000       2.00000000      -1.00000000     ( -1.60187483E-03,  2.95694917E-04) (  1.64145604E-04,  7.54371285E-04) (  3.28291208E-04,  1.50874257E-03)
   0.00000000      -2.00000000      -1.00000000     (  2.21654773E-03,  9.40635800E-04) ( -7.54371285E-04, -1.95577741E-04) (  1.50874257E-03,  3.91155481E-04)
   0.00000000      -1.00000000      -2.00000000     ( -1.00582838E-03,  9.49949026E-04) ( -9.22009349E-04, -2.28174031E-04) (  4.61004674E-04,  1.14087015E-04)
   0.00000000      -1.00000000      -1.00000000     (  7.97212124E-03, -1.01700425E-02) ( -2.25380063E-03,  2.98023224E-03) (  2.25380063E-03, -2.98023224E-03)
   1.00000000       0.00000000      -2.00000000     ( -1.05239451E-03, -2.27009878E-05) ( -1.02445483E-03,  1.24797225E-03) ( -5.26197255E-04, -1.13504939E-05)
   1.00000000       0.00000000      -1.00000000     (  8.77305865E-03, -4.99188900E-03) ( -9.64850187E-03,  1.23865902E-03) (  8.77305865E-03, -4.99188900E-03)
   1.00000000       1.00000000      -2.00000000     ( -7.91624188E-04, -2.44472176E-04) (  9.03382897E-04, -2.32830644E-03) (  5.87897375E-05, -1.28522515E-03)
   1.00000000       1.00000000      -1.00000000     ( -1.95577741E-03,  1.62050128E-03) (  2.47731805E-03,  3.39932740E-04) (  5.12227416E-04,  1.97440386E-03)
   1.00000000       2.00000000      -1.00000000     (  4.88944352E-04, -3.07336450E-04) ( -7.12461770E-04, -4.70317900E-04) ( -9.31322575E-04, -1.24797225E-03)
   1.00000000      -2.00000000      -1.00000000     (  1.62050128E-03,  4.74974513E-04) (  1.05239451E-03,  6.19329512E-04) ( -4.98257577E-04, -7.63684511E-04)
   1.00000000      -1.00000000      -2.00000000     (  8.75443220E-04, -9.49949026E-04) (  1.16415322E-03, -6.93835318E-04) ( -1.46683306E-04, -1.29221007E-04)
   1.00000000      -1.00000000      -1.00000000     ( -7.49423634E-06,  1.95577741E-03) ( -1.33179128E-03,  1.07102096E-03) (  1.32247806E-03,  8.84756446E-04)
   2.00000000       0.00000000      -1.00000000     ( -5.40167093E-04, -3.44589353E-04) (  5.72763383E-04, -3.95812094E-04) ( -1.08033419E-03, -6.89178705E-04)
   2.00000000       1.00000000      -1.00000000     (  4.00468707E-04,  3.56230885E-04) ( -3.70200723E-04,  4.51691449E-04) (  4.33064997E-04,  1.16415322E-03)
   2.00000000      -1.00000000      -1.00000000     (  3.95812094E-04,  9.77888703E-05) (  1.28522515E-03, -1.18277967E-03) ( -4.88944352E-04,  1.37835741E-03)
