   0.00000000       0.00000000       1.00000000     (  2.30222940E-02,  1.10641122E-02) (  3.30619514E-03, -2.48104334E-02) (  0.00000000    ,  0.00000000    )
   0.00000000       0.00000000       2.00000000     (  6.87316060E-03, -5.38304448E-03) ( -3.31783667E-04,  1.53668225E-03) (  0.00000000    ,  0.00000000    )
   0.00000000       1.00000000       0.00000000     ( -4.30271029E-03,  1.05425715E-02) (  0.00000000    ,  0.00000000    ) (  1.73691660E-03, -1.31782144E-03)
   0.00000000       1.00000000       1.00000000     (  3.09199095E-03, -4.61935997E-03) (  5.73694706E-03, -7.80448318E-03) ( -5.73694706E-03,  7.80448318E-03)
   0.00000000       1.00000000       2.00000000     ( -7.91624188E-03, -3.34111974E-04) ( -6.27711415E-03,  4.83123586E-04) (  3.13855708E-03, -2.41561793E-04)
   0.00000000       2.00000000       0.00000000     ( -2.20257789E-03, -7.05942512E-03) (  0.00000000    ,  0.00000000    ) ( -6.50063157E-03,  3.25962901E-04)
   0.00000000       2.00000000       1.00000000     (  4.10713255E-03,  4.03262675E-03) ( -2.27708369E-03, -2.44937837E-03) (  4.55416739E-03,  4.89875674E-03)
   0.00000000      -2.00000000       0.00000000     ( -2.20257789E-03,  7.05942512E-03) (  0.00000000    ,  0.00000000    ) ( -6.50063157E-03, -3.25962901E-04)
   0.00000000      -2.00000000       1.00000000     ( -1.04308128E-02, -9.37143341E-05) ( -1.49011612E-03,  1.49011612E-03) ( -2.98023224E-03,  2.98023224E-03)
   0.00000000      -1.00000000       0.00000000     ( -4.30271029E-03, -1.05425715E-02) (  0.00000000    ,  0.00000000    ) (  1.73691660E-03,  1.31782144E-03)
   0.00000000      -1.00000000       1.00000000     (  1.21816993E-02, -1.43423676E-02) ( -1.64844096E-03, -2.13272870E-03) ( -1.64844096E-03, -2.13272870E-03)
   0.00000000      -1.00000000       2.00000000     ( -1.33644789E-03, -2.50525773E-03) (  8.35862011E-04,  1.58324838E-03) (  4.17931005E-04,  7.91624188E-04)
   1.00000000       0.00000000       0.00000000     (  0.00000000    ,  0.00000000    ) ( -1.79558992E-02,  5.68106771E-03) (  2.50339508E-02,  2.06381083E-02)
   1.00000000       0.00000000       1.00000000     (  2.92435288E-03, -3.53902578E-03) ( -2.56299973E-02,  1.51246786E-02) ( -2.92435288E-03,  3.53902578E-03)
   1.00000000       0.00000000       2.00000000     (  1.09430403E-03,  3.12924385E-03) (  7.04079866E-03,  4.17232513E-03) ( -5.47152013E-04, -1.56462193E-03)
   1.00000000       1.00000000       0.00000000     (  5.30853868E-03,  2.31899321E-03) ( -5.30853868E-03, -2.31899321E-03) ( -7.54371285E-03,  3.94880772E-03)
   1.00000000       1.00000000       1.00000000     ( -4.07919288E-03,  1.92085281E-04) (  2.86847353E-03, -1.69966370E-04) (  1.21071935E-03, -2.26282282E-05)
   1.00000000       1.00000000       2.00000000     ( -1.99303031E-03, -3.01748514E-03) ( -5.84870577E-03, -2.52388418E-03) (  3.92086804E-03,  2.76602805E-03)
   1.00000000       2.00000000       0.00000000     ( -2.13272870E-03,  6.53788447E-03) (  1.06636435E-03, -3.26894224E-03) ( -1.49477273E-03,  8.92207026E-03)
   1.00000000       2.00000000       1.00000000     (  7.50645995E-03,  2.89641321E-03) ( -3.52971256E-03, -2.92435288E-03) ( -4.29572538E-04,  2.95229256E-03)
   1.00000000      -2.00000000       0.00000000     (  1.86846592E-04, -3.36207449E-03) (  9.34232958E-05, -1.68103725E-03) ( -1.27125531E-03,  2.53319740E-03)
   1.00000000      -2.00000000       1.00000000     ( -2.13738531E-03,  7.82310963E-04) ( -2.33761966E-03,  1.63447112E-03) ( -2.55182385E-03,  2.48663127E-03)
   1.00000000      -1.00000000       0.00000000     ( -6.05359674E-03, -6.40749931E-03) ( -6.05359674E-03, -6.40749931E-03) ( -4.60073352E-03,  4.88013029E-03)
   1.00000000      -1.00000000       1.00000000     (  5.90458512E-03,  8.71717930E-03) ( -1.68438419E-05,  7.04079866E-03) ( -5.92321157E-03, -1.67172402E-03)
   1.00000000      -1.00000000       2.00000000     (  4.62867320E-03,  6.46337867E-03) (  7.76723027E-03,  3.69735062E-03) (  1.56462193E-03, -1.37835741E-03)
   2.00000000       0.00000000       0.00000000     (  0.00000000    ,  0.00000000    ) (  1.13621354E-02, -5.60656190E-03) ( -5.23403287E-03,  3.20374966E-03)
   2.00000000       0.00000000       1.00000000     ( -4.12575901E-03, -2.08616257E-03) (  2.84053385E-03,  1.11013651E-02) (  8.25151801E-03,  4.17232513E-03)
   2.00000000       1.00000000       0.00000000     ( -2.67289579E-03,  9.19681042E-04) (  5.34579158E-03, -1.83936208E-03) ( -6.21657819E-04, -9.38773155E-03)
   2.00000000       1.00000000       1.00000000     (  1.68103725E-03,  4.39584255E-03) ( -4.74974513E-03, -7.54371285E-03) (  1.38767064E-03, -1.24331564E-03)
   2.00000000      -1.00000000       0.00000000     (  1.91852450E-03,  5.43659553E-04) (  3.83704901E-03,  1.08731911E-03) (  1.17579475E-04,  1.68103725E-03)
   2.00000000      -1.00000000       1.00000000     ( -3.66941094E-03,  8.56816769E-04) ( -2.76602805E-03, -2.11875886E-03) (  4.58210707E-03, -3.82773578E-03)
