   0.00000000       0.00000000       1.00000000     (  2.57045031E-02,  4.90806997E-03) (  3.30060720E-02, -3.11434269E-02) (  0.00000000    ,  0.00000000    )
   0.00000000       0.00000000       2.00000000     ( -3.67872417E-04,  2.75671482E-03) (  2.17929482E-03,  9.49949026E-04) (  0.00000000    ,  0.00000000    )
   0.00000000       1.00000000       0.00000000     ( -1.94460154E-02, -3.79513949E-04) (  0.00000000    ,  0.00000000    ) (  4.64729965E-03,  1.65030360E-02)
   0.00000000       1.00000000       1.00000000     (  8.34465027E-03,  7.89761543E-03) ( -2.70083547E-03, -7.99074769E-03) (  2.70083547E-03,  7.99074769E-03)
   0.00000000       1.00000000       2.00000000     (  1.99303031E-03,  1.97906047E-04) (  1.01514161E-03, -6.42612576E-04) ( -5.07570803E-04,  3.21306288E-04)
   0.00000000       2.00000000       0.00000000     ( -4.98257577E-04, -2.23517418E-03) (  0.00000000    ,  0.00000000    ) (  2.53319740E-03, -3.01748514E-03)
   0.00000000       2.00000000       1.00000000     ( -1.31316483E-03, -4.23751771E-04) (  9.59262252E-04, -4.47034836E-04) ( -1.91852450E-03,  8.94069672E-04)
   0.00000000      -2.00000000       0.00000000     ( -4.98257577E-04,  2.23517418E-03) (  0.00000000    ,  0.00000000    ) (  2.53319740E-03,  3.01748514E-03)
   0.00000000      -2.00000000       1.00000000     (  3.50177288E-03, -4.33064997E-04) (  5.40167093E-04, -1.88592821E-04) (  1.08033419E-03, -3.77185643E-04)
   0.00000000      -1.00000000       0.00000000     ( -1.94460154E-02,  3.79513949E-04) (  0.00000000    ,  0.00000000    ) (  4.64729965E-03, -1.65030360E-02)
   0.00000000      -1.00000000       1.00000000     (  3.92086804E-03, -3.16649675E-02) ( -2.59838998E-03,  3.40864062E-03) ( -2.59838998E-03,  3.40864062E-03)
   0.00000000      -1.00000000       2.00000000     ( -8.55652615E-05,  3.21306288E-04) (  3.77185643E-04,  8.84756446E-04) (  1.88592821E-04,  4.42378223E-04)
   1.00000000       0.00000000       0.00000000     (  0.00000000    ,  0.00000000    ) ( -1.47894025E-02,  1.65402889E-02) (  3.39746475E-02,  2.27987766E-02)
   1.00000000       0.00000000       1.00000000     (  2.08616257E-03, -3.91155481E-03) ( -3.50922346E-02,  3.85334715E-04) ( -2.08616257E-03,  3.91155481E-03)
   1.00000000       0.00000000       2.00000000     ( -9.89530236E-05, -1.76951289E-03) ( -1.78813934E-03, -1.56462193E-03) (  4.94765118E-05,  8.84756446E-04)
   1.00000000       1.00000000       0.00000000     (  3.62284482E-03,  4.45172191E-03) ( -3.62284482E-03, -4.45172191E-03) ( -1.10268593E-02,  1.29267573E-02)
   1.00000000       1.00000000       1.00000000     ( -1.32247806E-03,  1.49011612E-03) (  2.21654773E-03,  7.71251507E-06) ( -9.03382897E-04, -1.49942935E-03)
   1.00000000       1.00000000       2.00000000     (  1.19209290E-03,  2.88709998E-04) ( -1.43190846E-04, -2.56113708E-04) ( -5.21540642E-04, -1.71712600E-05)
   1.00000000       2.00000000       0.00000000     (  4.09781933E-04, -7.54371285E-04) ( -2.04890966E-04,  3.77185643E-04) ( -1.97440386E-03, -1.67638063E-04)
   1.00000000       2.00000000       1.00000000     ( -2.51457095E-03, -6.61239028E-04) (  1.71363354E-03,  5.49480319E-04) ( -9.22009349E-04, -4.33064997E-04)
   1.00000000      -2.00000000       0.00000000     (  7.91624188E-04,  1.34110451E-03) (  3.95812094E-04,  6.70552254E-04) (  1.24797225E-03,  1.54599547E-03)
   1.00000000      -2.00000000       1.00000000     (  6.70552254E-04, -1.36904418E-03) (  3.18977982E-04, -1.04308128E-03) ( -3.23052518E-05, -7.21774995E-04)
   1.00000000      -1.00000000       0.00000000     ( -1.55530870E-03, -1.40815973E-02) ( -1.55530870E-03, -1.40815973E-02) ( -1.41188502E-02,  2.18302011E-02)
   1.00000000      -1.00000000       1.00000000     ( -1.84401870E-03, -4.65661287E-04) (  1.06170774E-03,  3.31550837E-03) (  2.90572643E-03,  3.76254320E-03)
   1.00000000      -1.00000000       2.00000000     (  2.40281224E-03, -2.47731805E-03) (  7.54371285E-04, -7.21774995E-04) ( -8.28877091E-04,  8.75443220E-04)
   2.00000000       0.00000000       0.00000000     (  0.00000000    ,  0.00000000    ) ( -2.38418579E-03, -2.62632966E-03) (  1.23865902E-03, -2.12341547E-03)
   2.00000000       0.00000000       1.00000000     ( -8.19563866E-04,  1.33179128E-03) ( -4.84287739E-04, -1.50874257E-03) (  1.63912773E-03, -2.66358256E-03)
   2.00000000       1.00000000       0.00000000     (  6.10016286E-04, -9.12696123E-04) ( -1.22003257E-03,  1.82539225E-03) (  8.94069672E-04, -1.22003257E-03)
   2.00000000       1.00000000       1.00000000     ( -1.82772055E-04, -3.56230885E-04) ( -9.22009349E-04,  2.73808837E-03) (  1.28522515E-03, -2.03028321E-03)
   2.00000000      -1.00000000       0.00000000     (  5.21540642E-04, -1.13621354E-03) (  1.04308128E-03, -2.27242708E-03) (  7.03148544E-04, -8.28877091E-04)
   2.00000000      -1.00000000       1.00000000     (  1.19209290E-03, -1.11758709E-04) (  2.53319740E-03, -2.84053385E-04) (  1.50175765E-04, -5.99538907E-05)
