    0.000000        0.000000       -2.000000      (7.7113509E-03,1.7601997E-03)
   (6.0163438E-03,-4.3585896E-03)  (0.000000,0.000000)
    0.000000        0.000000       -1.000000      
 (2.1681190E-02,-1.1883676E-02)  (-7.4133277E-03,1.7359853E-02)  
 (0.000000,0.000000)
    0.000000        1.000000       -2.000000      
 (-1.3150275E-02,-2.7241185E-03)  (-2.0395964E-03,-2.8125942E-03)  
 (-1.0197982E-03,-1.4062971E-03)
    0.000000        1.000000       -1.000000      (6.4074993E-03,7.1153045E-03)
   (-2.2258610E-03,4.1536987E-03)  (-2.2258610E-03,4.1536987E-03)
    0.000000        2.000000       -1.000000      
 (-1.3001263E-02,1.1175871E-02)  (-4.0978193E-03,-1.1571683E-03)  
 (-8.1956387E-03,-2.3143366E-03)
    0.000000       -2.000000       -1.000000      (1.1194497E-02,3.2410026E-03)
   (-1.3416866E-04,2.1932647E-03)  (2.6833732E-04,-4.3865293E-03)
    0.000000       -1.000000       -2.000000      
 (-8.2515180E-03,2.5704503E-03)  (-6.2771142E-03,8.0093741E-04)  
 (3.1385571E-03,-4.0046871E-04)
    0.000000       -1.000000       -1.000000      
 (4.1350722E-03,-1.5133992E-03)  (6.5937638E-03,5.0291419E-03)  
 (-6.5937638E-03,-5.0291419E-03)
    1.000000        0.000000       -2.000000      (8.4750354E-03,3.2316893E-03)
   (-2.8125942E-03,5.9232116E-03)  (4.2375177E-03,1.6158447E-03)
    1.000000        0.000000       -1.000000      
 (3.9860606E-03,-4.8428774E-04)  (8.2701445E-03,-3.5203993E-03)  
 (3.9860606E-03,-4.8428774E-04)
    1.000000        1.000000       -2.000000      
 (-3.0733645E-03,-1.3364479E-03)  (-1.3527460E-03,-1.3709068E-02)  
 (-2.2118911E-03,-7.5250864E-03)
    1.000000        1.000000       -1.000000      
 (-8.3632767E-03,-2.7474016E-03)  (2.4819747E-03,-1.0966323E-03)  
 (-5.8859587E-03,-3.8463622E-03)
    1.000000        2.000000       -1.000000      
 (-9.7230077E-03,-1.5879050E-03)  (1.8719584E-03,2.8451905E-03)  
 (-5.9790909E-03,4.0978193E-03)
    1.000000       -2.000000       -1.000000      
 (-4.7963113E-04,-5.7742000E-03)  (-1.2689270E-03,-2.5704503E-03)  
 (2.0582229E-03,-6.3795596E-04)
    1.000000       -1.000000       -2.000000      (5.0198287E-03,1.3597310E-03)
   (-4.2095780E-03,2.1839514E-03)  (4.6100467E-03,-4.1327439E-04)
    1.000000       -1.000000       -1.000000      
 (-1.0058284E-02,3.7439167E-03)  (-7.4319541E-03,6.2049367E-04)  
 (-2.6263297E-03,3.1199306E-03)
    2.000000        0.000000       -1.000000      (1.0244548E-03,4.6752393E-03)
   (4.7776848E-03,7.6368451E-03)  (2.0489097E-03,9.3504786E-03)
    2.000000        1.000000       -1.000000      
 (-5.0058588E-04,-1.1897646E-03)  (4.2747706E-03,-6.1094761E-03)  
 (3.2689422E-03,-8.4936619E-03)
    2.000000       -1.000000       -1.000000      
 (-1.8579885E-03,1.8998981E-03)  (3.6670826E-04,6.0722232E-03)  
 (-4.0791929E-03,-2.2724271E-03)
