   0.00000000       0.00000000       1.00000000     (  1.89989805E-03, -1.11013651E-02) (  2.53319740E-02,  1.48080289E-03) (  0.00000000    ,  0.00000000    )
   0.00000000       0.00000000       2.00000000     (  5.69969416E-03, -1.09896064E-03) ( -7.86036253E-03, -4.47034836E-03) (  0.00000000    ,  0.00000000    )
   0.00000000       1.00000000       0.00000000     (  4.50760126E-03, -3.02679837E-03) (  0.00000000    ,  0.00000000    ) (  1.46031380E-02, -2.56113708E-03)
   0.00000000       1.00000000       1.00000000     ( -6.56582415E-04, -1.12922862E-04) (  4.07919288E-03, -1.23400241E-03) ( -4.07919288E-03,  1.23400241E-03)
   0.00000000       1.00000000       2.00000000     (  4.11644578E-03, -4.06056643E-03) ( -1.01514161E-03,  2.19792128E-03) (  5.07570803E-04, -1.09896064E-03)
   0.00000000       2.00000000       0.00000000     (  1.43423676E-03,  4.45172191E-03) (  0.00000000    ,  0.00000000    ) ( -4.84287739E-04,  2.21654773E-03)
   0.00000000       2.00000000       1.00000000     ( -8.89413059E-04, -4.06056643E-03) ( -7.45058060E-04,  1.26194209E-03) (  1.49011612E-03, -2.52388418E-03)
   0.00000000      -2.00000000       0.00000000     (  1.43423676E-03, -4.45172191E-03) (  0.00000000    ,  0.00000000    ) ( -4.84287739E-04, -2.21654773E-03)
   0.00000000      -2.00000000       1.00000000     ( -7.68341124E-04,  1.62050128E-03) ( -9.91858542E-04, -1.21071935E-04) ( -1.98371708E-03, -2.42143869E-04)
   0.00000000      -1.00000000       0.00000000     (  4.50760126E-03,  3.02679837E-03) (  0.00000000    ,  0.00000000    ) (  1.46031380E-02,  2.56113708E-03)
   0.00000000      -1.00000000       1.00000000     ( -6.87316060E-03, -1.33737922E-02) ( -6.76140189E-03,  5.21540642E-03) ( -6.76140189E-03,  5.21540642E-03)
   0.00000000      -1.00000000       2.00000000     ( -5.82076609E-04, -2.55182385E-03) (  1.91852450E-03,  9.77888703E-04) (  9.59262252E-04,  4.88944352E-04)
   1.00000000       0.00000000       0.00000000     (  0.00000000    ,  0.00000000    ) ( -2.57045031E-02,  1.03935599E-02) (  1.42306089E-02, -4.24683094E-03)
   1.00000000       0.00000000       1.00000000     ( -1.68569386E-03, -1.31316483E-03) ( -1.92783773E-03, -1.05053186E-02) (  1.68569386E-03,  1.31316483E-03)
   1.00000000       0.00000000       2.00000000     ( -3.33413482E-03, -1.72294676E-03) ( -1.29512046E-05,  1.56462193E-03) (  1.66706741E-03,  8.61473382E-04)
   1.00000000       1.00000000       0.00000000     (  2.39349902E-03,  1.67172402E-03) ( -2.39349902E-03, -1.67172402E-03) (  4.99188900E-03,  1.09896064E-02)
   1.00000000       1.00000000       1.00000000     ( -1.12690032E-03, -1.19325705E-04) ( -6.21657819E-04,  2.75671482E-03) (  1.75088644E-03, -2.64495611E-03)
   1.00000000       1.00000000       2.00000000     ( -2.88709998E-03,  6.00703061E-04) (  2.26311386E-03,  1.82539225E-03) (  3.06172296E-04, -1.21071935E-03)
   1.00000000       2.00000000       0.00000000     (  4.14438546E-04,  2.40281224E-03) ( -2.07219273E-04, -1.20140612E-03) ( -2.37487257E-03,  6.79865479E-04)
   1.00000000       2.00000000       1.00000000     (  2.37487257E-03,  1.35041773E-03) ( -8.05594027E-04, -4.98257577E-04) ( -7.68341124E-04, -3.56230885E-04)
   1.00000000      -2.00000000       0.00000000     (  8.80099833E-04,  8.28877091E-04) (  4.40049917E-04,  4.14438546E-04) ( -2.02096999E-03,  9.35979187E-04)
   1.00000000      -2.00000000       1.00000000     ( -1.68569386E-03,  4.21423465E-04) ( -3.09664756E-04,  6.75208867E-04) (  1.07102096E-03,  9.26665962E-04)
   1.00000000      -1.00000000       0.00000000     (  3.49245965E-03, -3.04135028E-05) (  3.49245965E-03, -3.04135028E-05) ( -4.48897481E-03,  1.19209290E-02)
   1.00000000      -1.00000000       1.00000000     (  2.53319740E-03,  3.12924385E-03) ( -3.51574272E-04, -4.33996320E-03) ( -2.88709998E-03, -7.48783350E-03)
   1.00000000      -1.00000000       2.00000000     ( -4.24683094E-03, -1.20606273E-03) (  1.42492354E-03,  3.56230885E-04) (  2.83122063E-03,  7.82310963E-04)
   2.00000000       0.00000000       0.00000000     (  0.00000000    ,  0.00000000    ) ( -1.28522515E-03,  3.65078449E-03) ( -9.77888703E-04, -1.79745257E-03)
   2.00000000       0.00000000       1.00000000     ( -6.79865479E-04,  6.70552254E-04) ( -2.38418579E-03, -1.76951289E-03) (  1.35973096E-03, -1.34110451E-03)
   2.00000000       1.00000000       0.00000000     ( -4.49363142E-04, -7.26431608E-04) (  8.98726285E-04,  1.45286322E-03) (  6.89178705E-04,  1.79745257E-03)
   2.00000000       1.00000000       1.00000000     ( -4.09781933E-04,  1.43190846E-04) ( -8.84756446E-04,  9.73232090E-04) (  1.70432031E-03, -1.25728548E-03)
   2.00000000      -1.00000000       0.00000000     ( -2.11410224E-03, -1.22468919E-03) ( -4.22820449E-03, -2.44937837E-03) (  1.57393515E-03,  4.11644578E-03)
   2.00000000      -1.00000000       1.00000000     (  1.15949661E-03, -1.87195837E-03) ( -9.40635800E-04,  2.11875886E-04) ( -3.25962901E-03,  3.94880772E-03)
