   0.00000000       0.00000000       1.00000000     (  2.63750553E-02,  1.11758709E-02) (  1.19954348E-02, -3.12179327E-02) (  0.00000000    ,  0.00000000    )
   0.00000000       0.00000000       2.00000000     (  2.70083547E-03, -3.74391675E-03) ( -2.36555934E-03,  1.13504939E-04) (  0.00000000    ,  0.00000000    )
   0.00000000       1.00000000       0.00000000     ( -1.01700425E-02,  7.41332769E-03) (  0.00000000    ,  0.00000000    ) (  2.49594450E-03,  3.16649675E-03)
   0.00000000       1.00000000       1.00000000     (  5.23403287E-03, -4.93600965E-03) (  3.31550837E-03, -1.02072954E-02) ( -3.31550837E-03,  1.02072954E-02)
   0.00000000       1.00000000       2.00000000     ( -4.30271029E-03,  1.24797225E-03) ( -1.61118805E-03,  8.90577212E-05) (  8.05594027E-04, -4.45288606E-05)
   0.00000000       2.00000000       0.00000000     ( -3.07336450E-03, -2.14204192E-03) (  0.00000000    ,  0.00000000    ) ( -3.31550837E-03,  8.00937414E-04)
   0.00000000       2.00000000       1.00000000     (  1.42492354E-03,  3.70666385E-03) ( -1.52736902E-03, -9.03382897E-04) (  3.05473804E-03,  1.80676579E-03)
   0.00000000      -2.00000000       0.00000000     ( -3.07336450E-03,  2.14204192E-03) (  0.00000000    ,  0.00000000    ) ( -3.31550837E-03, -8.00937414E-04)
   0.00000000      -2.00000000       1.00000000     ( -7.30156898E-03,  1.94646418E-03) ( -1.30385160E-03,  1.03842467E-03) ( -2.60770321E-03,  2.07684934E-03)
   0.00000000      -1.00000000       0.00000000     ( -1.01700425E-02, -7.41332769E-03) (  0.00000000    ,  0.00000000    ) (  2.49594450E-03, -3.16649675E-03)
   0.00000000      -1.00000000       1.00000000     (  1.57952309E-02, -1.87382102E-02) (  3.94647941E-04, -1.38301402E-03) (  3.94647941E-04, -1.38301402E-03)
   0.00000000      -1.00000000       2.00000000     (  3.81842256E-04, -1.96509063E-03) (  6.03031367E-04, -1.75088644E-03) (  3.01515684E-04, -8.75443220E-04)
   1.00000000       0.00000000       0.00000000     (  0.00000000    ,  0.00000000    ) ( -1.52364373E-02,  7.97212124E-03) (  3.03238630E-02,  2.55554914E-02)
   1.00000000       0.00000000       1.00000000     (  4.93600965E-03, -2.46800482E-03) ( -3.13669443E-02,  1.48639083E-02) ( -4.93600965E-03,  2.46800482E-03)
   1.00000000       0.00000000       2.00000000     (  1.14087015E-03,  2.21654773E-03) (  5.73694706E-03,  2.40281224E-03) ( -5.70435077E-04, -1.10827386E-03)
   1.00000000       1.00000000       0.00000000     (  6.03497028E-03,  5.38304448E-03) ( -6.03497028E-03, -5.38304448E-03) ( -9.44361091E-03,  7.37607479E-03)
   1.00000000       1.00000000       1.00000000     ( -1.86264515E-03, -1.44354999E-03) (  7.35744834E-04,  4.00468707E-04) (  1.13155693E-03,  1.04308128E-03)
   1.00000000       1.00000000       2.00000000     ( -2.77068466E-04, -1.36904418E-03) ( -2.90572643E-03,  6.51925802E-05) (  1.59256160E-03,  6.51925802E-04)
   1.00000000       2.00000000       0.00000000     ( -1.23865902E-03,  4.28408384E-03) (  6.19329512E-04, -2.14204192E-03) ( -2.24681571E-04,  1.58324838E-03)
   1.00000000       2.00000000       1.00000000     (  4.02331352E-03,  9.63918865E-04) ( -3.24100256E-03, -1.52736902E-03) (  2.44006515E-03,  2.08616257E-03)
   1.00000000      -2.00000000       0.00000000     (  2.81725079E-04, -2.09547579E-03) (  1.40862539E-04, -1.04773790E-03) ( -1.09430403E-03,  1.79745257E-03)
   1.00000000      -2.00000000       1.00000000     ( -5.68106771E-04,  1.98371708E-03) ( -9.12696123E-04,  2.26311386E-03) ( -1.25728548E-03,  2.55182385E-03)
   1.00000000      -1.00000000       0.00000000     ( -5.79282641E-03, -1.29267573E-02) ( -5.79282641E-03, -1.29267573E-02) ( -7.54371285E-03,  7.99074769E-03)
   1.00000000      -1.00000000       1.00000000     (  1.41561031E-03,  2.58907676E-03) ( -1.89989805E-03,  3.51574272E-04) ( -3.31550837E-03, -2.23517418E-03)
   1.00000000      -1.00000000       2.00000000     (  1.59256160E-03,  2.35624611E-03) (  2.66358256E-03,  2.38418579E-03) (  5.35510480E-04,  1.29512046E-05)
   2.00000000       0.00000000       0.00000000     (  0.00000000    ,  0.00000000    ) (  5.02914190E-03, -9.12696123E-04) ( -3.14787030E-03,  3.61978891E-06)
   2.00000000       0.00000000       1.00000000     ( -7.21774995E-04, -1.67638063E-03) (  6.98491931E-04,  3.96743417E-03) (  1.44354999E-03,  3.35276127E-03)
   2.00000000       1.00000000       0.00000000     ( -1.89058483E-03,  1.32713467E-04) (  3.78116965E-03, -2.65426934E-04) (  1.00117177E-04, -5.55068254E-03)
   2.00000000       1.00000000       1.00000000     ( -6.49015419E-05,  1.55530870E-03) ( -3.39932740E-04, -3.14787030E-03) (  4.70317900E-04,  2.66300049E-05)
   2.00000000      -1.00000000       0.00000000     (  8.89413059E-04,  1.35041773E-03) (  1.77882612E-03,  2.70083547E-03) ( -1.47847459E-04,  1.42492354E-03)
   2.00000000      -1.00000000       1.00000000     ( -2.04890966E-03,  4.88944352E-04) ( -1.61118805E-03, -5.30853868E-04) (  2.49594450E-03, -1.50874257E-03)
