   0.00000000       0.00000000      -2.00000000     ( -1.21071935E-04, -8.94069672E-04) (  7.07805157E-04, -3.07336450E-04) (  0.00000000    ,  0.00000000    )
   0.00000000       0.00000000      -1.00000000     (  2.76416540E-02, -7.80448318E-03) (  2.69711018E-02,  3.39746475E-02) (  0.00000000    ,  0.00000000    )
   0.00000000       1.00000000      -2.00000000     (  1.39698386E-04, -2.04890966E-04) ( -1.09430403E-04, -3.81842256E-04) ( -5.47152013E-05, -1.90921128E-04)
   0.00000000       1.00000000      -1.00000000     (  9.64850187E-03,  2.75671482E-02) ( -2.31084414E-04, -2.03028321E-03) ( -2.31084414E-04, -2.03028321E-03)
   0.00000000       2.00000000      -1.00000000     (  1.41561031E-03,  2.28174031E-04) (  2.88709998E-04,  2.04890966E-04) (  5.77419996E-04,  4.09781933E-04)
   0.00000000      -2.00000000      -1.00000000     ( -3.53902578E-04,  4.65661287E-04) (  2.88709998E-04,  3.02679837E-05) ( -5.77419996E-04, -6.05359674E-05)
   0.00000000      -1.00000000      -2.00000000     (  8.19563866E-04,  1.62981451E-04) (  2.23517418E-04,  1.62981451E-04) ( -1.11758709E-04, -8.14907253E-05)
   0.00000000      -1.00000000      -1.00000000     (  8.25151801E-03, -3.32482159E-03) ( -1.28988177E-03,  1.03376806E-02) (  1.28988177E-03, -1.03376806E-02)
   1.00000000       0.00000000      -2.00000000     (  4.56348062E-04, -4.19095159E-04) (  4.47034836E-04, -5.02914190E-04) (  2.28174031E-04, -2.09547579E-04)
   1.00000000       0.00000000      -1.00000000     (  8.81031156E-03, -2.82656401E-03) ( -8.04662704E-03, -3.31550837E-03) (  8.81031156E-03, -2.82656401E-03)
   1.00000000       1.00000000      -2.00000000     (  5.40167093E-04, -1.67638063E-04) ( -6.05359674E-05,  5.96046448E-04) (  2.32830644E-04,  2.09547579E-04)
   1.00000000       1.00000000      -1.00000000     (  3.44589353E-04,  2.44472176E-05) ( -5.77419996E-04, -2.98023224E-04) ( -2.28174031E-04, -2.70083547E-04)
   1.00000000       2.00000000      -1.00000000     ( -5.00585884E-05, -2.51457095E-04) (  1.67638063E-04, -1.30385160E-04) (  2.88709998E-04, -5.21540642E-04)
   1.00000000      -2.00000000      -1.00000000     ( -4.19095159E-04, -9.77888703E-05) ( -3.25962901E-04, -3.44589353E-04) (  2.32830644E-04,  5.96046448E-04)
   1.00000000      -1.00000000      -2.00000000     ( -1.09430403E-04,  4.47034836E-04) (  1.09430403E-04,  7.45058060E-05) ( -1.09430403E-04,  1.86264515E-04)
   1.00000000      -1.00000000      -1.00000000     (  2.70083547E-04, -3.53902578E-04) (  5.96046448E-04, -1.16415322E-04) ( -3.25962901E-04, -2.32830644E-04)
   2.00000000       0.00000000      -1.00000000     (  2.60770321E-04,  9.08039510E-05) (  6.28642738E-05, -5.82076609E-05) (  5.21540642E-04,  1.81607902E-04)
   2.00000000       1.00000000      -1.00000000     (  2.60770321E-04,  1.21071935E-04) ( -4.47034836E-04,  2.42143869E-04) (  8.14907253E-05,  4.84287739E-04)
   2.00000000      -1.00000000      -1.00000000     (  4.88944352E-05, -1.25728548E-04) ( -2.32830644E-04,  3.53902578E-04) (  3.25962901E-04, -6.14672899E-04)
