   0.00000000       0.00000000       1.00000000     (  2.30967999E-02,  1.13621354E-02) (  1.87195837E-03, -2.40653753E-02) (  0.00000000    ,  0.00000000    )
   0.00000000       0.00000000       2.00000000     (  6.79865479E-03, -4.82425094E-03) (  6.79865479E-04,  1.49477273E-03) (  0.00000000    ,  0.00000000    )
   0.00000000       1.00000000       0.00000000     ( -3.44589353E-03,  1.11758709E-02) (  0.00000000    ,  0.00000000    ) (  1.82539225E-03, -2.02096999E-03)
   0.00000000       1.00000000       1.00000000     (  3.09199095E-03, -4.22820449E-03) (  6.29574060E-03, -7.52508640E-03) ( -6.29574060E-03,  7.52508640E-03)
   0.00000000       1.00000000       2.00000000     ( -7.69272447E-03, -6.65895641E-04) ( -6.74277544E-03,  5.59957698E-04) (  3.37138772E-03, -2.79978849E-04)
   0.00000000       2.00000000       0.00000000     ( -1.17812306E-03, -6.92903996E-03) (  0.00000000    ,  0.00000000    ) ( -5.75557351E-03,  3.22470441E-04)
   0.00000000       2.00000000       1.00000000     (  4.88013029E-03,  2.78465450E-03) ( -1.83936208E-03, -2.51457095E-03) (  3.67872417E-03,  5.02914190E-03)
   0.00000000      -2.00000000       0.00000000     ( -1.17812306E-03,  6.92903996E-03) (  0.00000000    ,  0.00000000    ) ( -5.75557351E-03, -3.22470441E-04)
   0.00000000      -2.00000000       1.00000000     ( -9.76026058E-03, -1.35973096E-03) ( -1.49477273E-03,  1.26659870E-03) ( -2.98954546E-03,  2.53319740E-03)
   0.00000000      -1.00000000       0.00000000     ( -3.44589353E-03, -1.11758709E-02) (  0.00000000    ,  0.00000000    ) (  1.82539225E-03,  2.02096999E-03)
   0.00000000      -1.00000000       1.00000000     (  1.13248825E-02, -1.37463212E-02) ( -2.07684934E-03, -2.31899321E-03) ( -2.07684934E-03, -2.31899321E-03)
   0.00000000      -1.00000000       2.00000000     ( -2.34693289E-03, -1.47614628E-03) (  7.54371285E-04,  2.66358256E-03) (  3.77185643E-04,  1.33179128E-03)
   1.00000000       0.00000000       0.00000000     (  0.00000000    ,  0.00000000    ) ( -1.91479921E-02,  5.47617674E-03) (  2.45869160E-02,  2.02655792E-02)
   1.00000000       0.00000000       1.00000000     (  2.46800482E-03, -3.93018126E-03) ( -2.53319740E-02,  1.53854489E-02) ( -2.46800482E-03,  3.93018126E-03)
   1.00000000       0.00000000       2.00000000     (  1.05239451E-03,  2.71014869E-03) (  5.97909093E-03,  4.56348062E-03) ( -5.26197255E-04, -1.35507435E-03)
   1.00000000       1.00000000       0.00000000     (  5.28991222E-03,  1.73691660E-03) ( -5.28991222E-03, -1.73691660E-03) ( -7.20843673E-03,  3.45520675E-03)
   1.00000000       1.00000000       1.00000000     ( -3.72529030E-03,  6.35627657E-04) (  2.67289579E-03, -3.88827175E-04) (  1.05705112E-03, -2.47382559E-04)
   1.00000000       1.00000000       2.00000000     ( -2.12341547E-03, -2.77534127E-03) ( -5.28991222E-03, -3.18512321E-03) (  3.70666385E-03,  2.98023224E-03)
   1.00000000       2.00000000       0.00000000     ( -2.05822289E-03,  5.99771738E-03) (  1.02911144E-03, -2.99885869E-03) ( -1.08499080E-03,  9.35047865E-03)
   1.00000000       2.00000000       1.00000000     (  7.09667802E-03,  2.78465450E-03) ( -2.92435288E-03, -2.57976353E-03) ( -1.25262886E-03,  2.38418579E-03)
   1.00000000      -2.00000000       0.00000000     ( -1.16415322E-04, -2.65426934E-03) ( -5.82076609E-05, -1.32713467E-03) ( -1.78348273E-03,  1.68103725E-03)
   1.00000000      -2.00000000       1.00000000     ( -2.19792128E-03,  6.82193786E-04) ( -2.30036676E-03,  1.44354999E-03) ( -2.39349902E-03,  2.20723450E-03)
   1.00000000      -1.00000000       0.00000000     ( -5.90458512E-03, -5.23403287E-03) ( -5.90458512E-03, -5.23403287E-03) ( -4.39584255E-03,  4.61935997E-03)
   1.00000000      -1.00000000       1.00000000     (  6.79865479E-03,  8.67992640E-03) (  8.77771527E-04,  7.48783350E-03) ( -5.92321157E-03, -1.19209290E-03)
   1.00000000      -1.00000000       2.00000000     (  4.33064997E-03,  6.42612576E-03) (  7.09667802E-03,  2.98023224E-03) (  1.38301402E-03, -1.72294676E-03)
   2.00000000       0.00000000       0.00000000     (  0.00000000    ,  0.00000000    ) (  1.12876296E-02, -6.12810254E-03) ( -4.56348062E-03,  3.84636223E-03)
   2.00000000       0.00000000       1.00000000     ( -4.37721610E-03, -1.39698386E-03) (  3.22237611E-03,  1.11758709E-02) (  8.75443220E-03,  2.79396772E-03)
   2.00000000       1.00000000       0.00000000     ( -2.34693289E-03,  8.47503543E-04) (  4.69386578E-03, -1.69500709E-03) ( -9.59262252E-04, -8.21426511E-03)
   2.00000000       1.00000000       1.00000000     (  1.95112079E-03,  4.50760126E-03) ( -5.04776835E-03, -7.71135092E-03) (  1.13621354E-03, -1.29919499E-03)
   2.00000000      -1.00000000       0.00000000     (  1.66706741E-03, -1.10594556E-05) (  3.33413482E-03, -2.21189111E-05) (  3.05008143E-04,  1.77416950E-03)
   2.00000000      -1.00000000       1.00000000     ( -3.81842256E-03,  6.72880560E-04) ( -3.21306288E-03, -2.07684934E-03) (  4.42378223E-03, -3.42726707E-03)
