   0.00000000       0.00000000       1.00000000     (  2.34693289E-02,  1.10268593E-02) (  5.04776835E-03, -2.60770321E-02) (  0.00000000    ,  0.00000000    )
   0.00000000       0.00000000       2.00000000     (  6.40749931E-03, -5.55068254E-03) ( -1.41095370E-03,  1.40164047E-03) (  0.00000000    ,  0.00000000    )
   0.00000000       1.00000000       0.00000000     ( -5.43892384E-03,  9.90927219E-03) (  0.00000000    ,  0.00000000    ) (  1.77882612E-03, -4.72646207E-04)
   0.00000000       1.00000000       1.00000000     (  3.32482159E-03, -4.97326255E-03) (  5.19677997E-03, -8.27014446E-03) ( -5.19677997E-03,  8.27014446E-03)
   0.00000000       1.00000000       2.00000000     ( -7.58096576E-03,  1.84518285E-04) ( -5.23403287E-03,  3.24798748E-04) (  2.61701643E-03, -1.62399374E-04)
   0.00000000       2.00000000       0.00000000     ( -3.24100256E-03, -6.44475222E-03) (  0.00000000    ,  0.00000000    ) ( -6.57513738E-03,  3.55066732E-04)
   0.00000000       2.00000000       1.00000000     (  3.17580998E-03,  4.91738319E-03) ( -2.52388418E-03, -2.16066837E-03) (  5.04776835E-03,  4.32133675E-03)
   0.00000000      -2.00000000       0.00000000     ( -3.24100256E-03,  6.44475222E-03) (  0.00000000    ,  0.00000000    ) ( -6.57513738E-03, -3.55066732E-04)
   0.00000000      -2.00000000       1.00000000     ( -1.06543303E-02,  1.13155693E-03) ( -1.54599547E-03,  1.59721822E-03) ( -3.09199095E-03,  3.19443643E-03)
   0.00000000      -1.00000000       0.00000000     ( -5.43892384E-03, -9.90927219E-03) (  0.00000000    ,  0.00000000    ) (  1.77882612E-03,  4.72646207E-04)
   0.00000000      -1.00000000       1.00000000     (  1.31875277E-02, -1.52364373E-02) ( -1.17346644E-03, -2.00700015E-03) ( -1.17346644E-03, -2.00700015E-03)
   0.00000000      -1.00000000       2.00000000     ( -4.08617780E-04, -3.18512321E-03) (  7.79982656E-04,  2.13040039E-04) (  3.89991328E-04,  1.06520019E-04)
   1.00000000       0.00000000       0.00000000     (  0.00000000    ,  0.00000000    ) ( -1.70618296E-02,  6.05359674E-03) (  2.60025263E-02,  2.14576721E-02)
   1.00000000       0.00000000       1.00000000     (  3.41795385E-03, -3.15718353E-03) ( -2.65240669E-02,  1.50874257E-02) ( -3.41795385E-03,  3.15718353E-03)
   1.00000000       0.00000000       2.00000000     (  1.19674951E-03,  3.30619514E-03) (  7.80448318E-03,  3.77185643E-03) ( -5.98374754E-04, -1.65309757E-03)
   1.00000000       1.00000000       0.00000000     (  5.40167093E-03,  2.98023224E-03) ( -5.40167093E-03, -2.98023224E-03) ( -8.00937414E-03,  4.60073352E-03)
   1.00000000       1.00000000       1.00000000     ( -4.07919288E-03, -3.84170562E-04) (  2.72877514E-03,  8.96397978E-05) (  1.34576112E-03,  2.94530764E-04)
   1.00000000       1.00000000       2.00000000     ( -1.60187483E-03, -3.02679837E-03) ( -5.83007932E-03, -1.65775418E-03) (  3.71597707E-03,  2.33761966E-03)
   1.00000000       2.00000000       0.00000000     ( -1.98371708E-03,  6.68689609E-03) (  9.91858542E-04, -3.34344804E-03) ( -1.61584467E-03,  7.48783350E-03)
   1.00000000       2.00000000       1.00000000     (  7.26431608E-03,  2.76602805E-03) ( -3.96743417E-03, -2.99885869E-03) (  6.68223947E-04,  3.22237611E-03)
   1.00000000      -2.00000000       0.00000000     (  3.88827175E-04, -3.52971256E-03) (  1.94413587E-04, -1.76485628E-03) ( -9.77888703E-04,  3.08267772E-03)
   1.00000000      -2.00000000       1.00000000     ( -1.80210918E-03,  1.08499080E-03) ( -2.08150595E-03,  1.98837370E-03) ( -2.36555934E-03,  2.89641321E-03)
   1.00000000      -1.00000000       0.00000000     ( -6.16535544E-03, -7.87898898E-03) ( -6.16535544E-03, -7.87898898E-03) ( -5.06639481E-03,  5.34579158E-03)
   1.00000000      -1.00000000       1.00000000     (  4.61935997E-03,  7.80448318E-03) ( -9.91858542E-04,  5.68106771E-03) ( -5.60656190E-03, -2.12341547E-03)
   1.00000000      -1.00000000       2.00000000     (  4.36790287E-03,  5.84870577E-03) (  7.41332769E-03,  4.03262675E-03) (  1.52736902E-03, -9.12696123E-04)
   2.00000000       0.00000000       0.00000000     (  0.00000000    ,  0.00000000    ) (  1.05425715E-02, -4.54485416E-03) ( -5.38304448E-03,  2.18860805E-03)
   2.00000000       0.00000000       1.00000000     ( -3.43658030E-03, -2.49594450E-03) (  2.26311386E-03,  1.00582838E-02) (  6.87316060E-03,  4.99188900E-03)
   2.00000000       1.00000000       0.00000000     ( -2.81259418E-03,  7.91624188E-04) (  5.62518835E-03, -1.58324838E-03) ( -2.88709998E-04, -9.68575478E-03)
   2.00000000       1.00000000       1.00000000     (  1.25262886E-03,  3.93949449E-03) ( -3.92086804E-03, -6.83590770E-03) (  1.41095370E-03, -1.03376806E-03)
   2.00000000      -1.00000000       0.00000000     (  1.97440386E-03,  1.07334927E-03) (  3.94880772E-03,  2.14669853E-03) ( -6.98491931E-05,  1.62981451E-03)
   2.00000000      -1.00000000       1.00000000     ( -3.36207449E-03,  9.59262252E-04) ( -2.32830644E-03, -1.86264515E-03) (  4.39584255E-03, -3.78116965E-03)
