   0.00000000       0.00000000      -2.00000000     (  8.34465027E-03,  2.29105353E-03) ( -1.22562051E-02,  6.35161996E-03) (  0.00000000    ,  0.00000000    )
   0.00000000       0.00000000      -1.00000000     (  4.47034836E-04,  1.08405948E-02) (  2.20537186E-02, -3.79979610E-03) (  0.00000000    ,  0.00000000    )
   0.00000000       1.00000000      -2.00000000     ( -1.84401870E-03,  3.35276127E-03) (  1.46683306E-03, -2.65426934E-03) (  7.33416528E-04, -1.32713467E-03)
   0.00000000       1.00000000      -1.00000000     ( -7.37607479E-03,  1.15856528E-02) ( -5.79282641E-03, -5.66244125E-03) ( -5.79282641E-03, -5.66244125E-03)
   0.00000000       2.00000000      -1.00000000     (  1.33179128E-03, -1.11758709E-03) ( -7.59027898E-04, -2.39815563E-04) ( -1.51805580E-03, -4.79631126E-04)
   0.00000000      -2.00000000      -1.00000000     ( -9.54605639E-04,  4.78699803E-03) ( -1.69500709E-03, -1.62981451E-03) (  3.39001417E-03,  3.25962901E-03)
   0.00000000      -1.00000000      -2.00000000     (  6.10947609E-03,  5.19677997E-03) ( -2.81259418E-03, -2.54251063E-03) (  1.40629709E-03,  1.27125531E-03)
   0.00000000      -1.00000000      -1.00000000     ( -3.46451998E-03,  1.55065209E-03) (  4.06056643E-03,  1.25728548E-03) ( -4.06056643E-03, -1.25728548E-03)
   1.00000000       0.00000000      -2.00000000     ( -2.01165676E-03, -1.33179128E-03) (  6.23986125E-04,  6.89178705E-03) ( -1.00582838E-03, -6.65895641E-04)
   1.00000000       0.00000000      -1.00000000     (  9.49949026E-03, -5.58793545E-03) ( -4.00468707E-03,  2.75671482E-02) (  9.49949026E-03, -5.58793545E-03)
   1.00000000       1.00000000      -2.00000000     (  2.18860805E-03,  3.02679837E-03) ( -6.12810254E-03, -2.64262781E-04) ( -1.96509063E-03,  1.38301402E-03)
   1.00000000       1.00000000      -1.00000000     (  1.97440386E-03,  8.34465027E-03) ( -1.92783773E-03, -5.62518835E-03) (  4.11819201E-05,  2.70083547E-03)
   1.00000000       2.00000000      -1.00000000     (  2.89641321E-03,  7.72997737E-04) ( -5.37838787E-04, -6.49015419E-05) (  1.82539225E-03,  6.42612576E-04)
   1.00000000      -2.00000000      -1.00000000     (  4.35393304E-04,  1.09896064E-03) ( -9.69157554E-05,  7.74161890E-05) (  6.26314431E-04,  9.45292413E-04)
   1.00000000      -1.00000000      -2.00000000     ( -1.45286322E-03, -5.17815351E-03) ( -1.02911144E-03,  4.11644578E-03) ( -2.14204192E-04, -4.65661287E-03)
   1.00000000      -1.00000000      -1.00000000     ( -1.68569386E-03,  4.91272658E-04) ( -1.91852450E-03, -4.32133675E-03) (  2.29338184E-04,  4.80562449E-03)
   2.00000000       0.00000000      -1.00000000     ( -1.87195837E-03, -1.70257408E-05) ( -3.20374966E-03, -6.10016286E-04) ( -3.74391675E-03, -3.40514816E-05)
   2.00000000       1.00000000      -1.00000000     (  1.24797225E-03,  8.35862011E-04) ( -4.17232513E-03, -2.69152224E-03) ( -1.68569386E-03, -1.02445483E-03)
   2.00000000      -1.00000000      -1.00000000     (  1.02911144E-03, -7.14790076E-04) (  1.93715096E-03,  1.02911144E-03) (  1.21071935E-04, -2.45869160E-03)
