   0.00000000       0.00000000      -2.00000000     (  2.02096999E-03,  3.29688191E-03) ( -2.21654773E-03,  9.72067937E-05) (  0.00000000    ,  0.00000000    )
   0.00000000       0.00000000      -1.00000000     (  2.70456076E-02, -1.11013651E-02) (  1.39698386E-02,  3.24100256E-02) (  0.00000000    ,  0.00000000    )
   0.00000000       1.00000000      -2.00000000     (  2.70083547E-04,  1.55530870E-03) (  6.05359674E-04,  1.66706741E-03) (  3.02679837E-04,  8.33533704E-04)
   0.00000000       1.00000000      -1.00000000     (  1.59814954E-02,  1.97440386E-02) (  6.98491931E-04,  1.08964741E-03) (  6.98491931E-04,  1.08964741E-03)
   0.00000000       2.00000000      -1.00000000     ( -6.37024641E-03, -1.73225999E-03) ( -1.19209290E-03, -9.03382897E-04) ( -2.38418579E-03, -1.80676579E-03)
   0.00000000      -2.00000000      -1.00000000     (  1.27591193E-03, -3.16649675E-03) ( -1.25728548E-03,  6.93835318E-04) (  2.51457095E-03, -1.38767064E-03)
   0.00000000      -1.00000000      -2.00000000     ( -3.66941094E-03, -1.22934580E-03) ( -1.18277967E-03, -1.10594556E-04) (  5.91389835E-04,  5.52972779E-05)
   0.00000000      -1.00000000      -1.00000000     (  5.84870577E-03,  4.51691449E-03) (  2.76602805E-03,  1.06170774E-02) ( -2.76602805E-03, -1.06170774E-02)
   1.00000000       0.00000000      -2.00000000     ( -1.22934580E-03,  2.81259418E-03) ( -2.44006515E-03,  3.70666385E-03) ( -6.14672899E-04,  1.40629709E-03)
   1.00000000       0.00000000      -1.00000000     (  5.10364771E-03, -9.44055500E-06) (  4.88944352E-04, -2.70083547E-03) (  5.10364771E-03, -9.44055500E-06)
   1.00000000       1.00000000      -2.00000000     ( -2.98023224E-03,  9.12696123E-04) (  2.49594450E-03, -2.99885869E-03) ( -2.45636329E-04, -1.04308128E-03)
   1.00000000       1.00000000      -1.00000000     ( -3.52039933E-03, -1.30385160E-03) (  3.09199095E-03,  6.42612576E-04) ( -4.23751771E-04, -6.61239028E-04)
   1.00000000       2.00000000      -1.00000000     ( -6.75208867E-04,  1.02445483E-03) ( -3.93483788E-04,  1.27591193E-03) ( -1.46217644E-03,  3.57627869E-03)
   1.00000000      -2.00000000      -1.00000000     (  1.57160684E-04, -4.74974513E-04) (  1.06170774E-03,  3.00351530E-04) ( -1.97440386E-03, -1.07102096E-03)
   1.00000000      -1.00000000      -2.00000000     ( -8.66129994E-04, -2.01165676E-03) ( -4.51691449E-04, -1.47148967E-03) ( -2.08383426E-04, -2.72411853E-04)
   1.00000000      -1.00000000      -1.00000000     ( -1.04308128E-03,  4.16766852E-04) ( -2.30967999E-03,  4.16766852E-04) (  1.26659870E-03, -1.10048859E-06)
   2.00000000       0.00000000      -1.00000000     ( -9.82545316E-04, -6.10016286E-04) ( -2.60770321E-03,  4.14438546E-04) ( -1.96509063E-03, -1.22003257E-03)
   2.00000000       1.00000000      -1.00000000     ( -2.56113708E-04,  1.19325705E-04) (  7.77654350E-04, -9.68575478E-04) (  2.63098627E-04, -7.31088221E-04)
   2.00000000      -1.00000000      -1.00000000     ( -1.31549314E-04, -5.49480319E-04) (  2.93366611E-04, -2.86847353E-03) ( -5.54136932E-04,  1.76019967E-03)
