   0.00000000       0.00000000       1.00000000     (  5.99771738E-03, -1.23307109E-02) (  3.47942114E-02, -3.58559191E-03) (  0.00000000    ,  0.00000000    )
   0.00000000       0.00000000       2.00000000     (  1.60187483E-03, -3.21306288E-04) ( -1.75088644E-03, -7.63684511E-04) (  0.00000000    ,  0.00000000    )
   0.00000000       1.00000000       0.00000000     (  2.69152224E-03, -4.11644578E-03) (  0.00000000    ,  0.00000000    ) (  1.61677599E-02,  8.42846930E-04)
   0.00000000       1.00000000       1.00000000     (  3.92086804E-03,  2.82190740E-03) (  3.67872417E-03, -1.19209290E-03) ( -3.67872417E-03,  1.19209290E-03)
   0.00000000       1.00000000       2.00000000     (  8.38190317E-04, -9.87201929E-04) ( -1.69966370E-04,  4.74974513E-04) (  8.49831849E-05, -2.37487257E-04)
   0.00000000       2.00000000       0.00000000     (  1.02445483E-03,  5.30853868E-04) (  0.00000000    ,  0.00000000    ) ( -4.59840521E-05,  4.47034836E-04)
   0.00000000       2.00000000       1.00000000     (  2.46800482E-04, -7.17118382E-04) ( -3.25962901E-05,  2.56113708E-05) (  6.51925802E-05, -5.12227416E-05)
   0.00000000      -2.00000000       0.00000000     (  1.02445483E-03, -5.30853868E-04) (  0.00000000    ,  0.00000000    ) ( -4.59840521E-05, -4.47034836E-04)
   0.00000000      -2.00000000       1.00000000     ( -5.96046448E-04,  6.23986125E-04) ( -4.84287739E-04, -3.58559191E-04) ( -9.68575478E-04, -7.17118382E-04)
   0.00000000      -1.00000000       0.00000000     (  2.69152224E-03,  4.11644578E-03) (  0.00000000    ,  0.00000000    ) (  1.61677599E-02, -8.42846930E-04)
   0.00000000      -1.00000000       1.00000000     ( -6.91041350E-03, -2.00420618E-02) ( -8.84756446E-03,  4.47034836E-03) ( -8.84756446E-03,  4.47034836E-03)
   0.00000000      -1.00000000       2.00000000     (  3.07336450E-04, -5.77419996E-04) (  7.17118382E-04,  3.49245965E-05) (  3.58559191E-04,  1.74622983E-05)
   1.00000000       0.00000000       0.00000000     (  0.00000000    ,  0.00000000    ) ( -3.08454037E-02,  1.73598528E-02) (  1.63540244E-02, -3.39932740E-03)
   1.00000000       0.00000000       1.00000000     ( -2.58907676E-03, -2.81725079E-04) ( -7.89761543E-03, -1.58324838E-02) (  2.58907676E-03,  2.81725079E-04)
   1.00000000       0.00000000       2.00000000     ( -9.87201929E-04, -7.17118382E-04) (  3.39932740E-04,  4.19095159E-04) (  4.93600965E-04,  3.58559191E-04)
   1.00000000       1.00000000       0.00000000     (  3.68803740E-03,  3.45520675E-03) ( -3.68803740E-03, -3.45520675E-03) (  1.33644789E-03,  1.08405948E-02)
   1.00000000       1.00000000       1.00000000     (  2.51457095E-04,  3.30619514E-04) ( -1.00582838E-03,  4.00468707E-04) (  7.45058060E-04, -7.26431608E-04)
   1.00000000       1.00000000       2.00000000     ( -1.22934580E-03,  1.60653144E-04) (  7.17118382E-04,  8.94069672E-04) (  2.56113708E-04, -5.21540642E-04)
   1.00000000       2.00000000       0.00000000     ( -1.30385160E-04,  8.94069672E-04) (  6.51925802E-05, -4.47034836E-04) ( -5.21540642E-04,  8.00355338E-06)
   1.00000000       2.00000000       1.00000000     (  3.81842256E-04,  4.93600965E-04) ( -2.88709998E-04, -1.55996531E-04) (  1.95577741E-04, -1.79279596E-04)
   1.00000000      -2.00000000       0.00000000     (  3.11993062E-04,  5.21540642E-04) (  1.55996531E-04,  2.60770321E-04) ( -5.30853868E-04, -5.30853868E-04)
   1.00000000      -2.00000000       1.00000000     ( -8.38190317E-04,  5.12227416E-05) ( -3.25962901E-04,  1.86264515E-04) (  1.83936208E-04,  3.21306288E-04)
   1.00000000      -1.00000000       0.00000000     (  2.22586095E-03, -2.43075192E-03) (  2.22586095E-03, -2.43075192E-03) ( -6.63101673E-03,  2.36928463E-02)
   1.00000000      -1.00000000       1.00000000     (  1.52736902E-03,  8.75443220E-04) (  8.58562998E-06, -1.49011612E-03) ( -1.52736902E-03, -2.38418579E-03)
   1.00000000      -1.00000000       2.00000000     ( -9.49949026E-04, -1.42026693E-04) (  1.16415322E-04,  3.21306288E-04) (  5.40167093E-04,  2.32830644E-04)
   2.00000000       0.00000000       0.00000000     (  0.00000000    ,  0.00000000    ) (  3.37604433E-05,  1.21071935E-03) ( -5.02914190E-04, -4.37721610E-04)
   2.00000000       0.00000000       1.00000000     ( -1.49011612E-04,  9.54605639E-05) ( -5.21540642E-04, -1.07102096E-04) (  2.98023224E-04, -1.90921128E-04)
   2.00000000       1.00000000       0.00000000     ( -2.00816430E-05, -3.14321369E-05) (  4.01632860E-05,  6.28642738E-05) (  2.32830644E-04,  2.60770321E-04)
   2.00000000       1.00000000       1.00000000     ( -8.73114914E-05, -3.60887498E-05) ( -4.74974513E-04,  4.28408384E-04) (  6.51925802E-04, -3.53902578E-04)
   2.00000000      -1.00000000       0.00000000     ( -4.93600965E-04, -3.81842256E-04) ( -9.87201929E-04, -7.63684511E-04) (  4.65661287E-04,  4.19095159E-04)
   2.00000000      -1.00000000       1.00000000     (  3.14321369E-05, -8.19563866E-04) ( -3.25962901E-04, -3.16649675E-04) ( -3.91155481E-04,  1.32247806E-03)
