   0.00000000       0.00000000      -2.00000000     (  0.00000000    ,  0.00000000    ) (  0.00000000    ,  0.00000000    ) (  0.00000000    ,  0.00000000    )
   0.00000000       0.00000000      -1.00000000     (  1.34110451E-02,  9.44361091E-03) (  4.23192978E-02,  1.25914812E-02) (  0.00000000    ,  0.00000000    )
   0.00000000       1.00000000      -2.00000000     (  0.00000000    ,  0.00000000    ) (  0.00000000    ,  0.00000000    ) (  0.00000000    ,  0.00000000    )
   0.00000000       1.00000000      -1.00000000     ( -6.44475222E-03,  2.87592411E-02) ( -9.53674316E-03, -3.24100256E-03) ( -9.53674316E-03, -3.24100256E-03)
   0.00000000       2.00000000      -1.00000000     (  0.00000000    ,  0.00000000    ) (  0.00000000    ,  0.00000000    ) (  0.00000000    ,  0.00000000    )
   0.00000000      -2.00000000      -1.00000000     (  0.00000000    ,  0.00000000    ) (  0.00000000    ,  0.00000000    ) (  0.00000000    ,  0.00000000    )
   0.00000000      -1.00000000      -2.00000000     (  0.00000000    ,  0.00000000    ) (  0.00000000    ,  0.00000000    ) (  0.00000000    ,  0.00000000    )
   0.00000000      -1.00000000      -1.00000000     (  8.99657607E-03, -8.06525350E-03) (  1.10827386E-03,  1.42958015E-03) ( -1.10827386E-03, -1.42958015E-03)
   1.00000000       0.00000000      -2.00000000     (  0.00000000    ,  0.00000000    ) (  0.00000000    ,  0.00000000    ) (  0.00000000    ,  0.00000000    )
   1.00000000       0.00000000      -1.00000000     (  1.12876296E-02, -5.68106771E-03) ( -8.82893801E-03,  1.47894025E-02) (  1.12876296E-02, -5.68106771E-03)
   1.00000000       1.00000000      -2.00000000     (  0.00000000    ,  0.00000000    ) (  0.00000000    ,  0.00000000    ) (  0.00000000    ,  0.00000000    )
   1.00000000       1.00000000      -1.00000000     (  0.00000000    ,  0.00000000    ) (  0.00000000    ,  0.00000000    ) (  0.00000000    ,  0.00000000    )
   1.00000000       2.00000000      -1.00000000     (  0.00000000    ,  0.00000000    ) (  0.00000000    ,  0.00000000    ) (  0.00000000    ,  0.00000000    )
   1.00000000      -2.00000000      -1.00000000     (  0.00000000    ,  0.00000000    ) (  0.00000000    ,  0.00000000    ) (  0.00000000    ,  0.00000000    )
   1.00000000      -1.00000000      -2.00000000     (  0.00000000    ,  0.00000000    ) (  0.00000000    ,  0.00000000    ) (  0.00000000    ,  0.00000000    )
   1.00000000      -1.00000000      -1.00000000     (  0.00000000    ,  0.00000000    ) (  0.00000000    ,  0.00000000    ) (  0.00000000    ,  0.00000000    )
   2.00000000       0.00000000      -1.00000000     (  0.00000000    ,  0.00000000    ) (  0.00000000    ,  0.00000000    ) (  0.00000000    ,  0.00000000    )
   2.00000000       1.00000000      -1.00000000     (  0.00000000    ,  0.00000000    ) (  0.00000000    ,  0.00000000    ) (  0.00000000    ,  0.00000000    )
   2.00000000      -1.00000000      -1.00000000     (  0.00000000    ,  0.00000000    ) (  0.00000000    ,  0.00000000    ) (  0.00000000    ,  0.00000000    )
