    0.000000        0.000000        1.000000      (2.0936131E-02,1.1585653E-02)
   (-1.1213124E-02,-1.6242266E-02)  (0.000000,0.000000)
    0.000000        0.000000        2.000000      
 (4.8708171E-03,-1.1036173E-03)  (5.3457916E-03,4.5076013E-03)  
 (0.000000,0.000000)
    0.000000        1.000000        0.000000      (2.2724271E-03,6.1281025E-03)
   (0.000000,0.000000)  (4.1350722E-03,-1.4482066E-03)
    0.000000        1.000000        1.000000      (5.0105155E-03,5.2712858E-03)
   (5.3457916E-03,-4.1909516E-03)  (-5.3457916E-03,4.1909516E-03)
    0.000000        1.000000        2.000000      
 (-7.4878335E-03,-1.9231811E-03)  (-2.8405339E-03,-2.4633482E-03)  
 (1.4202669E-03,1.2316741E-03)
    0.000000        2.000000        0.000000      
 (-4.3399632E-03,9.4529241E-04)  (0.000000,0.000000)  
 (4.7846697E-04,2.5518239E-03)
    0.000000        2.000000        1.000000      
 (6.4447522E-03,-2.6170164E-03)  (-8.0093741E-04,-1.1757948E-03)  
 (1.6018748E-03,2.3515895E-03)
    0.000000       -2.000000        0.000000      
 (-4.3399632E-03,-9.4529241E-04)  (0.000000,0.000000)  
 (4.7846697E-04,-2.5518239E-03)
    0.000000       -2.000000        1.000000      
 (-1.0393560E-02,-1.0319054E-02)  (-2.6822090E-03,4.4354238E-04)  
 (-5.3644180E-03,8.8708475E-04)
    0.000000       -1.000000        0.000000      
 (2.2724271E-03,-6.1281025E-03)  (0.000000,0.000000)  
 (4.1350722E-03,1.4482066E-03)
    0.000000       -1.000000        1.000000      
 (7.3760748E-03,-4.4889748E-03)  (-1.3271347E-03,-5.1595271E-03)  
 (-1.3271347E-03,-5.1595271E-03)
    0.000000       -1.000000        2.000000      
 (-1.1958182E-02,-6.2573235E-05)  (-3.0267984E-03,-1.9557774E-03)  
 (-1.5133992E-03,-9.7788870E-04)
    1.000000        0.000000        0.000000      (0.000000,0.000000)  
 (-2.6822090E-02,5.5693090E-03)  (1.5944242E-02,1.8253922E-02)
    1.000000        0.000000        1.000000      
 (-3.1385571E-03,-2.5704503E-03)  (-1.6689301E-02,1.3485551E-02)  
 (3.1385571E-03,2.5704503E-03)
    1.000000        0.000000        2.000000      (2.0198058E-04,1.9650906E-03)
   (4.0326267E-03,8.0652535E-03)  (-1.0099029E-04,-9.8254532E-04)
    1.000000        1.000000        0.000000      
 (2.5238842E-03,-1.4156103E-03)  (-2.5238842E-03,1.4156103E-03)  
 (-1.0803342E-03,2.9988587E-03)
    1.000000        1.000000        1.000000      (2.1280721E-03,4.2282045E-03)
   (-3.4831464E-03,-3.7439167E-03)  (1.3597310E-03,-4.8778020E-04)
    1.000000        1.000000        2.000000      
 (-3.9394945E-03,2.0535663E-03)  (3.2596290E-04,-3.7159771E-03)  
 (1.8067658E-03,8.3353370E-04)
    1.000000        2.000000        0.000000      (3.7346035E-03,2.1047890E-03)
   (-1.8673018E-03,-1.0523945E-03)  (3.0081719E-03,6.8359077E-03)
    1.000000        2.000000        1.000000      (2.2025779E-03,2.4912879E-03)
   (-2.2258610E-03,1.0291114E-03)  (2.2491440E-03,-4.5541674E-03)
    1.000000       -2.000000        0.000000      (1.5739352E-03,5.9604645E-03)
   (7.8696758E-04,2.9802322E-03)  (-4.4051558E-03,-6.5192580E-04)
    1.000000       -2.000000        1.000000      
 (-3.3527613E-03,-1.6763806E-03)  (-1.3317913E-03,-1.2945384E-03)  
 (6.8685040E-04,-9.0803951E-04)
    1.000000       -1.000000        0.000000      
 (-3.3527613E-04,3.0384399E-04)  (-3.3527613E-04,3.0384399E-04)  
 (-6.1839819E-03,3.0267984E-03)
    1.000000       -1.000000        1.000000      
 (1.1175871E-02,-4.2933971E-03)  (3.0361116E-03,-2.0116568E-03)  
 (-8.1211329E-03,2.2817403E-03)
    1.000000       -1.000000        2.000000      
 (-4.7031790E-03,-1.7927960E-03)  (-7.6554716E-03,-4.3492764E-03)  
 (-1.4761463E-03,-1.2805685E-03)
    2.000000        0.000000        0.000000      (0.000000,0.000000)  
 (9.7416341E-03,-1.9278377E-03)  (-5.1455572E-04,-5.1455572E-04)
    2.000000        0.000000        1.000000      
 (-1.7229468E-03,5.1409006E-03)  (2.7380884E-03,7.1339309E-03)  
 (3.4458935E-03,-1.0281801E-02)
    2.000000        1.000000        0.000000      
 (-1.8300489E-03,-3.1385571E-03)  (3.6600977E-03,6.2771142E-03)  
 (-7.3574483E-03,6.3516200E-03)
    2.000000        1.000000        1.000000      (2.6170164E-03,3.2037497E-03)
   (-2.6635826E-03,-1.1362135E-02)  (-2.5704503E-03,4.9639493E-03)
    2.000000       -1.000000        0.000000      
 (-4.1630119E-03,-2.6915222E-03)  (-8.3260238E-03,-5.3830445E-03)  
 (3.2232492E-05,3.6135316E-03)
    2.000000       -1.000000        1.000000      
 (-3.4086406E-03,2.3469329E-03)  (-2.1234155E-03,7.4878335E-03)  
 (4.6938658E-03,2.7939677E-03)
