    0.000000        0.000000       -2.000000      (8.4750354E-03,2.2910535E-03)
   (5.5972487E-03,-3.4086406E-03)  (0.000000,0.000000)
    0.000000        0.000000       -1.000000      
 (2.2798777E-02,-1.2330711E-02)  (-5.5134296E-03,1.9222498E-02)  
 (0.000000,0.000000)
    0.000000        1.000000       -2.000000      
 (-1.1660159E-02,-3.1944364E-03)  (-1.1478551E-03,-4.6472996E-03)  
 (-5.7392754E-04,-2.3236498E-03)
    0.000000        1.000000       -1.000000      (7.0407987E-03,9.0524554E-03)
   (-2.6915222E-03,3.7997961E-03)  (-2.6915222E-03,3.7997961E-03)
    0.000000        2.000000       -1.000000      
 (-1.2889504E-02,1.0058284E-02)  (-4.0885061E-03,-1.0407530E-03)  
 (-8.1770122E-03,-2.0815060E-03)
    0.000000       -2.000000       -1.000000      (1.1343509E-02,3.1013042E-03)
   (-1.2048986E-04,2.4912879E-03)  (2.4097972E-04,-4.9825758E-03)
    0.000000       -1.000000       -2.000000      
 (-8.4564090E-03,2.3888424E-03)  (-7.8976154E-03,1.3562385E-04)  
 (3.9488077E-03,-6.7811925E-05)
    0.000000       -1.000000       -1.000000      (4.0419400E-03,1.6239937E-04)
   (7.2270632E-03,5.7369471E-03)  (-7.2270632E-03,-5.7369471E-03)
    1.000000        0.000000       -2.000000      (7.5809658E-03,4.0698797E-03)
   (-2.2677705E-03,7.4692070E-03)  (3.7904829E-03,2.0349398E-03)
    1.000000        0.000000       -1.000000      
 (4.1536987E-03,-1.5541445E-04)  (9.2759728E-03,-2.5983900E-03)  
 (4.1536987E-03,-1.5541445E-04)
    1.000000        1.000000       -2.000000      
 (-3.0640513E-03,-2.5052577E-03)  (7.5902790E-04,-1.3485551E-02)  
 (-1.1501834E-03,-7.9907477E-03)
    1.000000        1.000000       -1.000000      
 (-8.5867941E-03,-4.6472996E-03)  (3.3061951E-03,-7.6601282E-04)  
 (-5.2805990E-03,-5.4109842E-03)
    1.000000        2.000000       -1.000000      
 (-1.0095537E-02,-3.3620745E-03)  (1.9511208E-03,2.5844201E-03)  
 (-6.1839819E-03,1.8114224E-03)
    1.000000       -2.000000       -1.000000      
 (-9.2666596E-04,-6.4820051E-03)  (-1.6111881E-03,-3.5297126E-03)  
 (2.3003668E-03,5.7392754E-04)
    1.000000       -1.000000       -2.000000      (4.7590584E-03,2.3515895E-03)
   (-3.5855919E-03,2.7706847E-03)  (4.1723251E-03,-2.1012966E-04)
    1.000000       -1.000000       -1.000000      
 (-9.3132257E-03,2.9616058E-03)  (-8.4005296E-03,9.5460564E-04)  
 (-9.0338290E-04,2.0116568E-03)
    2.000000        0.000000       -1.000000      
 (-1.8393621E-04,4.6286732E-03)  (6.8801455E-04,7.3388219E-03)  
 (-3.6787242E-04,9.2573464E-03)
    2.000000        1.000000       -1.000000      
 (1.7054845E-04,-9.3423296E-05)  (4.2933971E-03,-6.9104135E-03)  
 (4.6379864E-03,-7.0966780E-03)
    2.000000       -1.000000       -1.000000      
 (-1.8207356E-03,7.0198439E-04)  (8.0326572E-04,4.9360096E-03)  
 (-4.4424087E-03,-3.5297126E-03)
