   0.00000000       0.00000000       1.00000000     (  2.65985727E-02,  1.12131238E-02) (  1.24797225E-02, -3.15904617E-02) (  0.00000000    ,  0.00000000    )
   0.00000000       0.00000000       2.00000000     (  2.53319740E-03, -3.65078449E-03) ( -2.34693289E-03,  5.76255843E-05) (  0.00000000    ,  0.00000000    )
   0.00000000       1.00000000       0.00000000     ( -1.05053186E-02,  7.24568963E-03) (  0.00000000    ,  0.00000000    ) (  2.54251063E-03,  3.43658030E-03)
   0.00000000       1.00000000       1.00000000     (  5.40167093E-03, -4.88013029E-03) (  3.19443643E-03, -1.03190541E-02) ( -3.19443643E-03,  1.03190541E-02)
   0.00000000       1.00000000       2.00000000     ( -4.15369868E-03,  1.25728548E-03) ( -1.49942935E-03,  9.37143341E-05) (  7.49714673E-04, -4.68571670E-05)
   0.00000000       2.00000000       0.00000000     ( -2.99885869E-03, -1.95577741E-03) (  0.00000000    ,  0.00000000    ) ( -3.14787030E-03,  8.33533704E-04)
   0.00000000       2.00000000       1.00000000     (  1.39698386E-03,  3.57627869E-03) ( -1.47148967E-03, -8.52160156E-04) (  2.94297934E-03,  1.70432031E-03)
   0.00000000      -2.00000000       0.00000000     ( -2.99885869E-03,  1.95577741E-03) (  0.00000000    ,  0.00000000    ) ( -3.14787030E-03, -8.33533704E-04)
   0.00000000      -2.00000000       1.00000000     ( -7.11530447E-03,  1.90921128E-03) ( -1.28522515E-03,  1.00582838E-03) ( -2.57045031E-03,  2.01165676E-03)
   0.00000000      -1.00000000       0.00000000     ( -1.05053186E-02, -7.24568963E-03) (  0.00000000    ,  0.00000000    ) (  2.54251063E-03, -3.43658030E-03)
   0.00000000      -1.00000000       1.00000000     (  1.59069896E-02, -1.90362334E-02) (  4.73810360E-04, -1.32247806E-03) (  4.73810360E-04, -1.32247806E-03)
   0.00000000      -1.00000000       2.00000000     (  3.60887498E-04, -1.86264515E-03) (  6.05359674E-04, -1.74157321E-03) (  3.02679837E-04, -8.70786607E-04)
   1.00000000       0.00000000       0.00000000     (  0.00000000    ,  0.00000000    ) ( -1.51619315E-02,  8.13975930E-03) (  3.06218863E-02,  2.58535147E-02)
   1.00000000       0.00000000       1.00000000     (  5.01051545E-03, -2.46800482E-03) ( -3.17394733E-02,  1.48639083E-02) ( -5.01051545E-03,  2.46800482E-03)
   1.00000000       0.00000000       2.00000000     (  1.11758709E-03,  2.15135515E-03) (  5.55068254E-03,  2.32830644E-03) ( -5.58793545E-04, -1.07567757E-03)
   1.00000000       1.00000000       0.00000000     (  6.10947609E-03,  5.53205609E-03) ( -6.10947609E-03, -5.53205609E-03) ( -9.53674316E-03,  7.56233931E-03)
   1.00000000       1.00000000       1.00000000     ( -1.74157321E-03, -1.45286322E-03) (  6.33299351E-04,  3.95812094E-04) (  1.10827386E-03,  1.06170774E-03)
   1.00000000       1.00000000       2.00000000     ( -2.49128789E-04, -1.28522515E-03) ( -2.75671482E-03,  9.83709469E-05) (  1.50874257E-03,  5.91389835E-04)
   1.00000000       2.00000000       0.00000000     ( -1.21071935E-03,  4.13507223E-03) (  6.05359674E-04, -2.06753612E-03) ( -1.51339918E-04,  1.37835741E-03)
   1.00000000       2.00000000       1.00000000     (  3.89292836E-03,  8.80099833E-04) ( -3.16649675E-03, -1.45286322E-03) (  2.44006515E-03,  2.02096999E-03)
   1.00000000      -2.00000000       0.00000000     (  2.66591087E-04, -2.03028321E-03) (  1.33295543E-04, -1.01514161E-03) ( -1.10361725E-03,  1.68569386E-03)
   1.00000000      -2.00000000       1.00000000     ( -5.30853868E-04,  2.00234354E-03) ( -8.75443220E-04,  2.24448740E-03) ( -1.22003257E-03,  2.47731805E-03)
   1.00000000      -1.00000000       0.00000000     ( -5.73694706E-03, -1.32247806E-02) ( -5.73694706E-03, -1.32247806E-02) ( -7.72997737E-03,  8.21426511E-03)
   1.00000000      -1.00000000       1.00000000     (  1.33179128E-03,  2.38418579E-03) ( -1.88127160E-03,  1.69966370E-04) ( -3.22237611E-03, -2.22586095E-03)
   1.00000000      -1.00000000       2.00000000     (  1.46217644E-03,  2.23517418E-03) (  2.44006515E-03,  2.26311386E-03) (  4.91272658E-04,  1.59343472E-05)
   2.00000000       0.00000000       0.00000000     (  0.00000000    ,  0.00000000    ) (  4.80562449E-03, -7.86967576E-04) ( -3.01748514E-03, -3.09955794E-05)
   2.00000000       0.00000000       1.00000000     ( -6.23986125E-04, -1.61118805E-03) (  6.61239028E-04,  3.72529030E-03) (  1.24797225E-03,  3.22237611E-03)
   2.00000000       1.00000000       0.00000000     ( -1.83470547E-03,  1.17579475E-04) (  3.66941094E-03, -2.35158950E-04) (  1.03609636E-04, -5.28991222E-03)
   2.00000000       1.00000000       1.00000000     ( -1.07102096E-04,  1.46217644E-03) ( -2.06055120E-04, -2.99885869E-03) (  4.19095159E-04,  8.26548785E-05)
   2.00000000      -1.00000000       0.00000000     (  8.19563866E-04,  1.33179128E-03) (  1.63912773E-03,  2.66358256E-03) ( -1.44937076E-04,  1.40629709E-03)
   2.00000000      -1.00000000       1.00000000     ( -2.00234354E-03,  4.56348062E-04) ( -1.59256160E-03, -4.81959432E-04) (  2.40281224E-03, -1.39698386E-03)
