   0.00000000       0.00000000      -2.00000000     (  6.79865479E-03,  3.56696546E-03) (  2.49594450E-03, -1.55996531E-03) (  0.00000000    ,  0.00000000    )
   0.00000000       0.00000000      -1.00000000     (  2.32458115E-02, -1.19209290E-02) ( -8.96397978E-04,  2.24262476E-02) (  0.00000000    ,  0.00000000    )
   0.00000000       1.00000000      -2.00000000     ( -4.88013029E-03, -6.28642738E-04) (  2.91038305E-04, -4.06987965E-03) (  1.45519152E-04, -2.03493983E-03)
   0.00000000       1.00000000      -1.00000000     (  9.57399607E-03,  1.23679638E-02) ( -2.68220901E-03,  2.83122063E-03) ( -2.68220901E-03,  2.83122063E-03)
   0.00000000       2.00000000      -1.00000000     ( -9.27597284E-03,  4.02331352E-03) ( -2.05356628E-03, -8.98726285E-04) ( -4.10713255E-03, -1.79745257E-03)
   0.00000000      -2.00000000      -1.00000000     (  6.64964318E-03, -2.08383426E-04) ( -9.94186848E-04,  2.41212547E-03) (  1.98837370E-03, -4.82425094E-03)
   0.00000000      -1.00000000      -2.00000000     ( -7.20843673E-03,  1.11758709E-03) ( -7.20843673E-03, -4.64497134E-04) (  3.60421836E-03,  2.32248567E-04)
   0.00000000      -1.00000000      -1.00000000     (  3.39001417E-03,  3.10130417E-03) (  7.13393092E-03,  6.96629286E-03) ( -7.13393092E-03, -6.96629286E-03)
   1.00000000       0.00000000      -2.00000000     (  3.46451998E-03,  4.58210707E-03) ( -2.93366611E-03,  7.67409801E-03) (  1.73225999E-03,  2.29105353E-03)
   1.00000000       0.00000000      -1.00000000     (  3.82773578E-03,  3.43425199E-04) (  9.12696123E-03, -1.13621354E-03) (  3.82773578E-03,  3.43425199E-04)
   1.00000000       1.00000000      -2.00000000     ( -3.70666385E-03, -3.50177288E-03) (  4.00468707E-03, -8.51228833E-03) (  1.46101229E-04, -6.01634383E-03)
   1.00000000       1.00000000      -1.00000000     ( -7.50645995E-03, -4.78699803E-03) (  4.67523932E-03, -2.67755240E-04) ( -2.83122063E-03, -5.06639481E-03)
   1.00000000       2.00000000      -1.00000000     ( -6.53788447E-03, -3.11061740E-03) (  1.04773790E-03,  1.33179128E-03) ( -4.44240868E-03, -4.42378223E-04)
   1.00000000      -2.00000000      -1.00000000     (  4.08617780E-04, -4.16301191E-03) ( -2.48546712E-04, -3.40864062E-03) (  9.05711204E-04,  2.65426934E-03)
   1.00000000      -1.00000000      -2.00000000     (  1.85333192E-03,  1.72294676E-03) ( -3.49245965E-04,  1.20606273E-03) (  1.10128894E-03,  2.57859938E-04)
   1.00000000      -1.00000000      -1.00000000     ( -5.38304448E-03,  1.28056854E-03) ( -7.07805157E-03,  9.70903784E-04) (  1.69500709E-03,  3.09664756E-04)
   2.00000000       0.00000000      -1.00000000     ( -1.70432031E-03,  2.26311386E-03) ( -6.09084964E-03,  4.52622771E-03) ( -3.40864062E-03,  4.52622771E-03)
   2.00000000       1.00000000      -1.00000000     (  8.91741365E-04,  1.49942935E-03) (  2.46800482E-03, -5.45755029E-03) (  4.24683094E-03, -2.46800482E-03)
   2.00000000      -1.00000000      -1.00000000     ( -5.47152013E-05, -1.48545951E-03) (  1.99303031E-03,  2.59606168E-04) ( -2.10478902E-03, -3.22237611E-03)
