   0.00000000       0.00000000       1.00000000     (  2.78651714E-02,  9.89064574E-03) (  2.03773379E-02, -3.42726707E-02) (  0.00000000    ,  0.00000000    )
   0.00000000       0.00000000       2.00000000     (  8.00937414E-04, -2.44006515E-03) ( -1.84401870E-03, -4.98257577E-04) (  0.00000000    ,  0.00000000    )
   0.00000000       1.00000000       0.00000000     ( -1.57952309E-02,  3.75322998E-03) (  0.00000000    ,  0.00000000    ) (  3.17580998E-03,  8.67992640E-03)
   0.00000000       1.00000000       1.00000000     (  7.48783350E-03, -1.41561031E-03) (  7.19446689E-04, -1.11013651E-02) ( -7.19446689E-04,  1.11013651E-02)
   0.00000000       1.00000000       2.00000000     ( -2.47731805E-03,  9.03382897E-04) ( -5.63450158E-04,  2.21189111E-04) (  2.81725079E-04, -1.10594556E-04)
   0.00000000       2.00000000       0.00000000     ( -1.41561031E-03,  5.02041075E-06) (  0.00000000    ,  0.00000000    ) ( -1.54599547E-03,  1.39698386E-03)
   0.00000000       2.00000000       1.00000000     (  9.68575478E-04,  1.91852450E-03) ( -7.91624188E-04, -2.44472176E-04) (  1.58324838E-03,  4.88944352E-04)
   0.00000000      -2.00000000       0.00000000     ( -1.41561031E-03, -5.02041075E-06) (  0.00000000    ,  0.00000000    ) ( -1.54599547E-03, -1.39698386E-03)
   0.00000000      -2.00000000       1.00000000     ( -4.39584255E-03,  1.00582838E-03) ( -9.03382897E-04,  6.51925802E-04) ( -1.80676579E-03,  1.30385160E-03)
   0.00000000      -1.00000000       0.00000000     ( -1.57952309E-02, -3.75322998E-03) (  0.00000000    ,  0.00000000    ) (  3.17580998E-03, -8.67992640E-03)
   0.00000000      -1.00000000       1.00000000     (  1.42306089E-02, -2.30967999E-02) (  9.61590558E-04,  3.16067599E-04) (  9.61590558E-04,  3.16067599E-04)
   0.00000000      -1.00000000       2.00000000     ( -1.29221007E-04, -7.63684511E-04) (  5.49480319E-04, -1.25728548E-03) (  2.74740160E-04, -6.28642738E-04)
   1.00000000       0.00000000       0.00000000     (  0.00000000    ,  0.00000000    ) ( -1.34482980E-02,  1.09151006E-02) (  3.39001417E-02,  2.80886889E-02)
   1.00000000       0.00000000       1.00000000     (  5.28991222E-03, -2.79396772E-03) ( -3.54647636E-02,  1.18464231E-02) ( -5.28991222E-03,  2.79396772E-03)
   1.00000000       0.00000000       2.00000000     (  6.98491931E-04,  1.30385160E-03) (  3.09199095E-03,  1.54599547E-03) ( -3.49245965E-04, -6.51925802E-04)
   1.00000000       1.00000000       0.00000000     (  6.51925802E-03,  7.07805157E-03) ( -6.51925802E-03, -7.07805157E-03) ( -1.01700425E-02,  9.92789865E-03)
   1.00000000       1.00000000       1.00000000     ( -2.09547579E-04, -1.39698386E-03) ( -5.54136932E-04,  2.30502337E-04) (  7.63684511E-04,  1.17346644E-03)
   1.00000000       1.00000000       2.00000000     ( -1.79279596E-04, -4.42378223E-04) ( -1.03376806E-03,  2.56113708E-04) (  6.10016286E-04,  9.31322575E-05)
   1.00000000       2.00000000       0.00000000     ( -9.77888703E-04,  2.12341547E-03) (  4.88944352E-04, -1.06170774E-03) (  6.79865479E-04, -4.79631126E-04)
   1.00000000       2.00000000       1.00000000     (  2.27242708E-03,  3.05590220E-05) ( -2.04890966E-03, -6.05359674E-04) (  1.80676579E-03,  1.18277967E-03)
   1.00000000      -2.00000000       0.00000000     ( -4.91127139E-06, -1.35973096E-03) ( -2.45563569E-06, -6.79865479E-04) ( -1.14552677E-03,  2.44472176E-04)
   1.00000000      -2.00000000       1.00000000     ( -2.32830644E-04,  1.91852450E-03) ( -4.28408384E-04,  1.65775418E-03) ( -6.19329512E-04,  1.41561031E-03)
   1.00000000      -1.00000000       0.00000000     ( -4.05125320E-03, -1.63167715E-02) ( -4.05125320E-03, -1.63167715E-02) ( -1.07288361E-02,  1.20699406E-02)
   1.00000000      -1.00000000       1.00000000     (  8.10250640E-04,  5.63450158E-04) ( -1.34110451E-03, -1.49011612E-03) ( -2.14204192E-03, -2.06753612E-03)
   1.00000000      -1.00000000       2.00000000     ( -2.70665623E-05,  1.24797225E-03) (  2.86381692E-04,  8.10250640E-04) (  1.57160684E-04, -2.21189111E-04)
   2.00000000       0.00000000       0.00000000     (  0.00000000    ,  0.00000000    ) (  2.44006515E-03,  4.74974513E-04) ( -1.56462193E-03,  1.25728548E-04)
   2.00000000       0.00000000       1.00000000     (  2.88709998E-04, -9.59262252E-04) (  3.00351530E-04,  1.47148967E-03) ( -5.77419996E-04,  1.91852450E-03)
   2.00000000       1.00000000       0.00000000     ( -1.08964741E-03,  1.44354999E-04) (  2.17929482E-03, -2.88709998E-04) (  7.21774995E-05, -2.08616257E-03)
   2.00000000       1.00000000       1.00000000     ( -3.30619514E-04,  5.07570803E-04) (  8.28877091E-04, -1.76951289E-03) ( -1.72294676E-04,  7.45058060E-04)
   2.00000000      -1.00000000       0.00000000     (  2.32830644E-05,  9.68575478E-04) (  4.65661287E-05,  1.93715096E-03) ( -1.29221007E-04,  1.06170774E-03)
   2.00000000      -1.00000000       1.00000000     ( -1.35973096E-03,  9.66247171E-05) ( -1.45286322E-03, -1.41153578E-05) (  1.27591193E-03, -2.07219273E-04)
