   0.00000000       0.00000000      -2.00000000     (  1.15483999E-03,  2.70083547E-04) ( -1.11758709E-03,  3.81842256E-04) (  0.00000000    ,  0.00000000    )
   0.00000000       0.00000000      -1.00000000     (  7.95349479E-03,  1.23679638E-02) (  3.80724669E-02,  5.88595867E-03) (  0.00000000    ,  0.00000000    )
   0.00000000       1.00000000      -2.00000000     (  3.07336450E-04,  3.53902578E-04) (  4.74974513E-04,  2.67755240E-05) (  2.37487257E-04,  1.33877620E-05)
   0.00000000       1.00000000      -1.00000000     ( -6.98491931E-03,  2.27242708E-02) ( -9.44361091E-03, -4.17232513E-03) ( -9.44361091E-03, -4.17232513E-03)
   0.00000000       2.00000000      -1.00000000     ( -4.37721610E-04, -3.44589353E-04) ( -3.63215804E-04,  3.35276127E-04) ( -7.26431608E-04,  6.70552254E-04)
   0.00000000      -2.00000000      -1.00000000     (  3.81842256E-04,  3.81842256E-04) ( -3.95812094E-05,  6.98491931E-05) (  7.91624188E-05, -1.39698386E-04)
   0.00000000      -1.00000000      -2.00000000     (  5.21540642E-04,  6.33299351E-04) ( -1.62981451E-04, -2.79396772E-04) (  8.14907253E-05,  1.39698386E-04)
   0.00000000      -1.00000000      -1.00000000     (  5.66244125E-03, -4.08850610E-03) (  3.21306288E-03,  1.17812306E-03) ( -3.21306288E-03, -1.17812306E-03)
   1.00000000       0.00000000      -2.00000000     ( -4.28408384E-04, -1.67638063E-04) (  4.93600965E-04,  1.15483999E-03) ( -2.14204192E-04, -8.38190317E-05)
   1.00000000       0.00000000      -1.00000000     (  1.16974115E-02, -5.83007932E-03) ( -7.07805157E-03,  2.33948231E-02) (  1.16974115E-02, -5.83007932E-03)
   1.00000000       1.00000000      -2.00000000     (  2.70083547E-04,  4.37721610E-04) ( -5.96046448E-04, -2.37487257E-04) ( -1.62981451E-04,  9.77888703E-05)
   1.00000000       1.00000000      -1.00000000     ( -8.19563866E-04,  1.78813934E-03) ( -2.98023224E-04, -1.04308128E-03) ( -1.11758709E-03,  7.45058060E-04)
   1.00000000       2.00000000      -1.00000000     (  1.02445483E-04, -1.44354999E-04) ( -2.23517418E-04, -3.84170562E-05) ( -3.44589353E-04, -2.23517418E-04)
   1.00000000      -2.00000000      -1.00000000     ( -1.07102096E-04, -3.07336450E-04) (  1.18743628E-04, -1.32713467E-04) ( -3.44589353E-04, -4.54019755E-05)
   1.00000000      -1.00000000      -2.00000000     (  1.16415322E-04, -4.56348062E-04) ( -2.79396772E-04,  1.67638063E-04) (  1.95577741E-04, -3.07336450E-04)
   1.00000000      -1.00000000      -1.00000000     ( -7.85803422E-06,  2.32830644E-04) ( -1.95577741E-04,  9.54605639E-05) (  1.86264515E-04,  1.39698386E-04)
   2.00000000       0.00000000      -1.00000000     ( -3.63215804E-04,  3.60887498E-05) (  2.18860805E-04, -6.14672899E-04) ( -7.26431608E-04,  7.21774995E-05)
   2.00000000       1.00000000      -1.00000000     (  4.65661287E-05, -1.53668225E-04) ( -4.65661287E-04,  4.28408384E-04) ( -3.72529030E-04,  1.14087015E-04)
   2.00000000      -1.00000000      -1.00000000     (  3.25962901E-04,  4.30736691E-05) (  1.62981451E-04,  3.25962901E-04) (  4.84287739E-04, -2.42143869E-04)
