   0.00000000       0.00000000      -2.00000000     (  1.49011612E-04,  7.45058060E-04) ( -5.77419996E-04,  2.14204192E-04) (  0.00000000    ,  0.00000000    )
   0.00000000       0.00000000      -1.00000000     (  2.76416540E-02, -8.66129994E-03) (  2.41398811E-02,  3.41236591E-02) (  0.00000000    ,  0.00000000    )
   0.00000000       1.00000000      -2.00000000     ( -1.02445483E-04,  1.90921128E-04) (  1.39698386E-04,  3.53902578E-04) (  6.98491931E-05,  1.76951289E-04)
   0.00000000       1.00000000      -1.00000000     (  1.16229057E-02,  2.55554914E-02) (  4.06289473E-04, -1.33411959E-03) (  4.06289473E-04, -1.33411959E-03)
   0.00000000       2.00000000      -1.00000000     ( -1.26659870E-03, -2.23517418E-04) ( -2.60770321E-04, -1.86264515E-04) ( -5.21540642E-04, -3.72529030E-04)
   0.00000000      -2.00000000      -1.00000000     (  2.88709998E-04, -4.84287739E-04) ( -2.42143869E-04,  1.74622983E-05) (  4.84287739E-04, -3.49245965E-05)
   0.00000000      -1.00000000      -2.00000000     ( -7.26431608E-04, -2.04890966E-04) ( -1.67638063E-04, -1.07102096E-04) (  8.38190317E-05,  5.35510480E-05)
   0.00000000      -1.00000000      -1.00000000     (  8.00937414E-03, -1.35973096E-03) ( -5.30853868E-04,  1.07288361E-02) (  5.30853868E-04, -1.07288361E-02)
   1.00000000       0.00000000      -2.00000000     ( -3.91155481E-04,  4.09781933E-04) ( -3.91155481E-04,  5.02914190E-04) ( -1.95577741E-04,  2.04890966E-04)
   1.00000000       0.00000000      -1.00000000     (  8.08387995E-03, -2.01631337E-03) ( -6.44475222E-03, -3.30619514E-03) (  8.08387995E-03, -2.01631337E-03)
   1.00000000       1.00000000      -2.00000000     ( -5.02914190E-04,  2.32830644E-04) (  1.30385160E-04, -5.40167093E-04) ( -1.81607902E-04, -1.58324838E-04)
   1.00000000       1.00000000      -1.00000000     ( -3.63215804E-04, -6.28642738E-05) (  4.84287739E-04,  2.23517418E-04) (  1.21071935E-04,  1.62981451E-04)
   1.00000000       2.00000000      -1.00000000     (  4.77302819E-05,  1.90921128E-04) ( -1.44354999E-04,  1.72294676E-04) ( -2.42143869E-04,  5.40167093E-04)
   1.00000000      -2.00000000      -1.00000000     (  2.79396772E-04,  3.95812094E-05) (  2.60770321E-04,  2.60770321E-04) ( -2.42143869E-04, -4.84287739E-04)
   1.00000000      -1.00000000      -2.00000000     (  3.14321369E-05, -3.81842256E-04) ( -1.58324838E-04, -1.25728548E-04) (  9.54605639E-05, -1.25728548E-04)
   1.00000000      -1.00000000      -1.00000000     ( -2.32830644E-04,  2.42143869E-04) ( -4.84287739E-04,  8.61473382E-05) (  2.42143869E-04,  1.53668225E-04)
   2.00000000       0.00000000      -1.00000000     ( -2.14204192E-04, -9.31322575E-05) ( -9.54605639E-05,  3.84170562E-05) ( -4.28408384E-04, -1.86264515E-04)
   2.00000000       1.00000000      -1.00000000     ( -1.90921128E-04, -9.08039510E-05) (  3.35276127E-04, -1.86264515E-04) ( -4.42378223E-05, -3.72529030E-04)
   2.00000000      -1.00000000      -1.00000000     ( -5.82076609E-05,  8.38190317E-05) (  1.35041773E-04, -3.44589353E-04) ( -2.51457095E-04,  5.21540642E-04)
