   0.00000000       0.00000000      -2.00000000     (  1.34110451E-03,  2.84053385E-04) ( -1.41561031E-03,  5.86733222E-04) (  0.00000000    ,  0.00000000    )
   0.00000000       0.00000000      -1.00000000     (  6.55651093E-03,  1.24052167E-02) (  3.59117985E-02,  4.22820449E-03) (  0.00000000    ,  0.00000000    )
   0.00000000       1.00000000      -2.00000000     (  2.93366611E-04,  4.65661287E-04) (  6.05359674E-04, -1.30967237E-05) (  3.02679837E-04, -6.54836185E-06)
   0.00000000       1.00000000      -1.00000000     ( -6.94766641E-03,  2.08616257E-02) ( -9.07108188E-03, -4.38652933E-03) ( -9.07108188E-03, -4.38652933E-03)
   0.00000000       2.00000000      -1.00000000     ( -5.12227416E-04, -5.02914190E-04) ( -4.19095159E-04,  3.25962901E-04) ( -8.38190317E-04,  6.51925802E-04)
   0.00000000      -2.00000000      -1.00000000     (  2.74740160E-04,  5.58793545E-04) ( -2.91038305E-05,  1.01863407E-05) (  5.82076609E-05, -2.03726813E-05)
   0.00000000      -1.00000000      -2.00000000     (  6.89178705E-04,  8.19563866E-04) ( -1.53668225E-04, -3.81842256E-04) (  7.68341124E-05,  1.90921128E-04)
   0.00000000      -1.00000000      -1.00000000     (  4.43309546E-03, -3.18512321E-03) (  3.56696546E-03,  1.18743628E-03) ( -3.56696546E-03, -1.18743628E-03)
   1.00000000       0.00000000      -2.00000000     ( -4.84287739E-04, -1.81607902E-04) (  5.96046448E-04,  1.37835741E-03) ( -2.42143869E-04, -9.08039510E-05)
   1.00000000       0.00000000      -1.00000000     (  1.14738941E-02, -5.79282641E-03) ( -6.64964318E-03,  2.45869160E-02) (  1.14738941E-02, -5.79282641E-03)
   1.00000000       1.00000000      -2.00000000     (  3.72529030E-04,  5.30853868E-04) ( -8.56816769E-04, -1.58324838E-04) ( -2.46800482E-04,  1.81607902E-04)
   1.00000000       1.00000000      -1.00000000     ( -8.19563866E-04,  2.08616257E-03) ( -4.65661287E-04, -1.24797225E-03) ( -1.26659870E-03,  8.56816769E-04)
   1.00000000       2.00000000      -1.00000000     (  2.18860805E-04, -1.37370080E-04) ( -3.11993062E-04, -8.84756446E-05) ( -4.00468707E-04, -3.11993062E-04)
   1.00000000      -2.00000000      -1.00000000     ( -1.55996531E-04, -3.81842256E-04) (  8.84756446E-05, -1.51339918E-04) ( -3.35276127E-04, -7.91624188E-05)
   1.00000000      -1.00000000      -2.00000000     (  7.91624188E-05, -5.58793545E-04) ( -3.53902578E-04,  3.35276127E-04) (  2.18860805E-04, -4.47034836E-04)
   1.00000000      -1.00000000      -1.00000000     (  3.12866177E-06,  2.42143869E-04) ( -1.86264515E-04, -3.71073838E-06) (  1.86264515E-04,  2.46800482E-04)
   2.00000000       0.00000000      -1.00000000     ( -4.28408384E-04,  5.35510480E-05) (  2.09547579E-04, -6.89178705E-04) ( -8.56816769E-04,  1.07102096E-04)
   2.00000000       1.00000000      -1.00000000     (  2.09547579E-05, -1.90921128E-04) ( -5.58793545E-04,  3.72529030E-04) ( -5.21540642E-04, -1.10594556E-05)
   2.00000000      -1.00000000      -1.00000000     (  3.63215804E-04,  2.79396772E-05) (  1.76951289E-04,  4.19095159E-04) (  5.58793545E-04, -3.63215804E-04)
