    0.000000        0.000000       -2.000000      (7.5437129E-03,3.2410026E-03)
   (3.6228448E-03,-1.9278377E-03)  (0.000000,0.000000)
    0.000000        0.000000       -1.000000      
 (2.3245811E-02,-1.2181699E-02)  (-2.3283064E-03,2.1532178E-02)  
 (0.000000,0.000000)
    0.000000        1.000000       -2.000000      
 (-6.9849193E-03,-1.6903505E-03)  (-3.2741809E-05,-4.7683716E-03)  
 (-1.6370905E-05,-2.3841858E-03)
    0.000000        1.000000       -1.000000      (8.6799264E-03,1.1511147E-02)
   (-2.8219074E-03,3.1478703E-03)  (-2.8219074E-03,3.1478703E-03)
    0.000000        2.000000       -1.000000      
 (-1.0430813E-02,5.9790909E-03)  (-2.7660280E-03,-8.9406967E-04)  
 (-5.5320561E-03,-1.7881393E-03)
    0.000000       -2.000000       -1.000000      (8.3260238E-03,1.0617077E-03)
   (-6.7288056E-04,2.5052577E-03)  (1.3457611E-03,-5.0105155E-03)
    0.000000       -1.000000       -2.000000      
 (-7.7299774E-03,1.5087426E-03)  (-7.9534948E-03,-3.7485734E-04)  
 (3.9767474E-03,1.8742867E-04)
    0.000000       -1.000000       -1.000000      (3.6228448E-03,2.3283064E-03)
   (7.3574483E-03,6.6496432E-03)  (-7.3574483E-03,-6.6496432E-03)
    1.000000        0.000000       -2.000000      (4.6938658E-03,4.6472996E-03)
   (-2.6635826E-03,7.9534948E-03)  (2.3469329E-03,2.3236498E-03)
    1.000000        0.000000       -1.000000      (4.0046871E-03,2.4563633E-04)
   (9.5367432E-03,-1.4621764E-03)  (4.0046871E-03,2.4563633E-04)
    1.000000        1.000000       -2.000000      
 (-3.5110861E-03,-3.5017729E-03)  (3.2875687E-03,-1.0244548E-02)  
 (-1.1292286E-04,-6.8731606E-03)
    1.000000        1.000000       -1.000000      
 (-7.9907477E-03,-5.2154064E-03)  (4.3679029E-03,-3.8184226E-04)  
 (-3.6135316E-03,-5.5879354E-03)
    1.000000        2.000000       -1.000000      
 (-7.9907477E-03,-3.8370490E-03)  (1.4016405E-03,1.6530976E-03)  
 (-5.1781535E-03,-5.3434633E-04)
    1.000000       -2.000000       -1.000000      
 (3.8744474E-06,-5.0477684E-03)  (-8.1257895E-04,-3.6694109E-03)  
 (1.6298145E-03,2.2770837E-03)
    1.000000       -1.000000       -2.000000      (2.8591603E-03,2.2584572E-03)
   (-1.2852252E-03,1.9790605E-03)  (2.0721927E-03,1.4057150E-04)
    1.000000       -1.000000       -1.000000      
 (-6.6496432E-03,1.7182902E-03)  (-7.8231096E-03,1.0873191E-03)  
 (1.1734664E-03,6.3097104E-04)
    2.000000        0.000000       -1.000000      
 (-1.4668331E-03,3.1013042E-03)  (-4.6286732E-03,5.4761767E-03)  
 (-2.9336661E-03,6.2026083E-03)
    2.000000        1.000000       -1.000000      (8.0093741E-04,1.2526289E-03)
   (3.1758100E-03,-6.2026083E-03)  (4.7776848E-03,-3.6880374E-03)
    2.000000       -1.000000       -1.000000      
 (-6.0186721E-04,-1.0803342E-03)  (1.7695129E-03,1.5832484E-03)  
 (-2.9709190E-03,-3.7439167E-03)
