   0.00000000       0.00000000       1.00000000     (  2.78651714E-02,  1.04494393E-02) (  1.84029341E-02, -3.40491533E-02) (  0.00000000    ,  0.00000000    )
   0.00000000       0.00000000       2.00000000     (  1.10827386E-03, -2.73808837E-03) ( -1.99303031E-03, -4.14438546E-04) (  0.00000000    ,  0.00000000    )
   0.00000000       1.00000000       0.00000000     ( -1.45658851E-02,  4.72180545E-03) (  0.00000000    ,  0.00000000    ) (  3.04542482E-03,  7.26431608E-03)
   0.00000000       1.00000000       1.00000000     (  7.07805157E-03, -2.67289579E-03) (  1.39698386E-03, -1.11013651E-02) ( -1.39698386E-03,  1.11013651E-02)
   0.00000000       1.00000000       2.00000000     ( -2.84984708E-03,  1.08033419E-03) ( -6.98491931E-04,  1.86264515E-04) (  3.49245965E-04, -9.31322575E-05)
   0.00000000       2.00000000       0.00000000     ( -1.84401870E-03, -3.39932740E-04) (  0.00000000    ,  0.00000000    ) ( -1.82539225E-03,  1.29453838E-03)
   0.00000000       2.00000000       1.00000000     (  1.08033419E-03,  2.32830644E-03) ( -9.12696123E-04, -3.77185643E-04) (  1.82539225E-03,  7.54371285E-04)
   0.00000000      -2.00000000       0.00000000     ( -1.84401870E-03,  3.39932740E-04) (  0.00000000    ,  0.00000000    ) ( -1.82539225E-03, -1.29453838E-03)
   0.00000000      -2.00000000       1.00000000     ( -5.06639481E-03,  1.26659870E-03) ( -1.01514161E-03,  7.40401447E-04) ( -2.03028321E-03,  1.48080289E-03)
   0.00000000      -1.00000000       0.00000000     ( -1.45658851E-02, -4.72180545E-03) (  0.00000000    ,  0.00000000    ) (  3.04542482E-03, -7.26431608E-03)
   0.00000000      -1.00000000       1.00000000     (  1.52364373E-02, -2.20537186E-02) (  1.03376806E-03, -1.90339051E-04) (  1.03376806E-03, -1.90339051E-04)
   0.00000000      -1.00000000       2.00000000     ( -5.71162673E-06, -9.68575478E-04) (  6.05359674E-04, -1.43423676E-03) (  3.02679837E-04, -7.17118382E-04)
   1.00000000       0.00000000       0.00000000     (  0.00000000    ,  0.00000000    ) ( -1.38953328E-02,  1.01886690E-02) (  3.33786011E-02,  2.79396772E-02)
   1.00000000       0.00000000       1.00000000     (  5.40167093E-03, -2.62632966E-03) ( -3.48687172E-02,  1.30012631E-02) ( -5.40167093E-03,  2.62632966E-03)
   1.00000000       0.00000000       2.00000000     (  8.19563866E-04,  1.49942935E-03) (  3.68803740E-03,  1.71363354E-03) ( -4.09781933E-04, -7.49714673E-04)
   1.00000000       1.00000000       0.00000000     (  6.53788447E-03,  6.87316060E-03) ( -6.53788447E-03, -6.87316060E-03) ( -1.01141632E-02,  9.42498446E-03)
   1.00000000       1.00000000       1.00000000     ( -5.26197255E-04, -1.47148967E-03) ( -3.39932740E-04,  2.79396772E-04) (  8.66129994E-04,  1.19209290E-03)
   1.00000000       1.00000000       2.00000000     ( -1.42026693E-04, -5.96046448E-04) ( -1.38767064E-03,  2.65426934E-04) (  7.63684511E-04,  1.65309757E-04)
   1.00000000       2.00000000       0.00000000     ( -1.03376806E-03,  2.60770321E-03) (  5.16884029E-04, -1.30385160E-03) (  5.35510480E-04, -2.30502337E-04)
   1.00000000       2.00000000       1.00000000     (  2.60770321E-03,  1.58324838E-04) ( -2.32830644E-03, -7.63684511E-04) (  2.04890966E-03,  1.36904418E-03)
   1.00000000      -2.00000000       0.00000000     (  7.50878826E-05, -1.52736902E-03) (  3.75439413E-05, -7.63684511E-04) ( -1.16415322E-03,  5.68106771E-04)
   1.00000000      -2.00000000       1.00000000     ( -2.65426934E-04,  2.03028321E-03) ( -5.21540642E-04,  1.86264515E-03) ( -7.82310963E-04,  1.67638063E-03)
   1.00000000      -1.00000000       0.00000000     ( -4.57279384E-03, -1.58697367E-02) ( -4.57279384E-03, -1.58697367E-02) ( -9.98377800E-03,  1.10268593E-02)
   1.00000000      -1.00000000       1.00000000     (  8.66129994E-04,  8.47503543E-04) ( -1.50874257E-03, -1.26659870E-03) ( -2.36555934E-03, -2.12341547E-03)
   1.00000000      -1.00000000       2.00000000     (  2.74740160E-04,  1.38767064E-03) (  6.37955964E-04,  1.09896064E-03) (  1.81607902E-04, -1.44354999E-04)
   2.00000000       0.00000000       0.00000000     (  0.00000000    ,  0.00000000    ) (  2.84984708E-03,  2.67755240E-04) ( -1.88127160E-03, -7.78527465E-06)
   2.00000000       0.00000000       1.00000000     (  1.53668225E-04, -1.08964741E-03) (  3.70200723E-04,  1.84401870E-03) ( -3.07336450E-04,  2.17929482E-03)
   2.00000000       1.00000000       0.00000000     ( -1.26659870E-03,  1.03609636E-04) (  2.53319740E-03, -2.07219273E-04) (  1.00117177E-04, -2.79396772E-03)
   2.00000000       1.00000000       1.00000000     ( -3.56230885E-04,  6.70552254E-04) (  7.63684511E-04, -1.97440386E-03) ( -5.47152013E-05,  6.23986125E-04)
   2.00000000      -1.00000000       0.00000000     (  1.68802217E-04,  1.07102096E-03) (  3.37604433E-04,  2.14204192E-03) ( -1.23400241E-04,  1.16415322E-03)
   2.00000000      -1.00000000       1.00000000     ( -1.52736902E-03,  1.59488991E-04) ( -1.49011612E-03, -9.02218744E-05) (  1.56462193E-03, -4.09781933E-04)
