   0.00000000       0.00000000      -2.00000000     (  8.75443220E-04,  2.25380063E-03) ( -1.78813934E-03,  1.95577741E-04) (  0.00000000    ,  0.00000000    )
   0.00000000       0.00000000      -1.00000000     (  1.89617276E-02, -7.56699592E-04) (  3.35276127E-02,  2.25752592E-02) (  0.00000000    ,  0.00000000    )
   0.00000000       1.00000000      -2.00000000     (  8.19563866E-04, -1.64436642E-05) ( -7.17118382E-04,  6.89178705E-04) ( -3.58559191E-04,  3.44589353E-04)
   0.00000000       1.00000000      -1.00000000     ( -1.13621354E-03,  2.97278166E-02) ( -4.95463610E-03, -2.76602805E-03) ( -4.95463610E-03, -2.76602805E-03)
   0.00000000       2.00000000      -1.00000000     ( -1.84401870E-03,  1.17579475E-04) (  5.64614311E-05,  4.61004674E-04) (  1.12922862E-04,  9.22009349E-04)
   0.00000000      -2.00000000      -1.00000000     (  1.60187483E-03,  6.51925802E-04) ( -6.42612576E-04, -2.77068466E-04) (  1.28522515E-03,  5.54136932E-04)
   0.00000000      -1.00000000      -2.00000000     ( -1.04308128E-03,  6.70552254E-04) ( -8.56816769E-04, -2.44472176E-04) (  4.28408384E-04,  1.22236088E-04)
   0.00000000      -1.00000000      -1.00000000     (  7.72997737E-03, -9.72300768E-03) ( -2.58907676E-03,  3.93018126E-03) (  2.58907676E-03, -3.93018126E-03)
   1.00000000       0.00000000      -2.00000000     ( -8.00937414E-04,  1.97906047E-04) ( -1.03376806E-03,  8.10250640E-04) ( -4.00468707E-04,  9.89530236E-05)
   1.00000000       0.00000000      -1.00000000     (  8.84756446E-03, -4.83356416E-03) ( -9.57399607E-03, -4.50527295E-04) (  8.84756446E-03, -4.83356416E-03)
   1.00000000       1.00000000      -2.00000000     ( -6.51925802E-04, -3.09664756E-04) (  6.98491931E-04, -1.82539225E-03) (  1.94995664E-05, -1.07102096E-03)
   1.00000000       1.00000000      -1.00000000     ( -1.24797225E-03,  8.94069672E-04) (  2.04890966E-03,  6.61239028E-04) (  8.10250640E-04,  1.56462193E-03)
   1.00000000       2.00000000      -1.00000000     (  3.05008143E-04,  3.53902578E-04) ( -5.91389835E-04, -6.61239028E-04) ( -8.84756446E-04, -9.68575478E-04)
   1.00000000      -2.00000000      -1.00000000     (  1.47148967E-03,  5.30853868E-04) (  9.03382897E-04,  5.77419996E-04) ( -3.39932740E-04, -6.23986125E-04)
   1.00000000      -1.00000000      -2.00000000     (  7.45058060E-04, -7.17118382E-04) (  1.17346644E-03, -4.28408384E-04) ( -2.16532499E-04, -1.44354999E-04)
   1.00000000      -1.00000000      -1.00000000     ( -1.42026693E-04,  1.60187483E-03) ( -1.32247806E-03,  7.26431608E-04) (  1.17346644E-03,  8.84756446E-04)
   2.00000000       0.00000000      -1.00000000     ( -4.51691449E-04, -2.42143869E-04) (  1.74622983E-04, -5.06406650E-05) ( -9.03382897E-04, -4.84287739E-04)
   2.00000000       1.00000000      -1.00000000     ( -1.48429535E-05,  1.58324838E-04) (  1.36205927E-04, -3.95812094E-05) (  1.05937943E-04,  2.77068466E-04)
   2.00000000      -1.00000000      -1.00000000     (  2.53785402E-04,  5.87897375E-05) (  1.22003257E-03, -1.06170774E-03) ( -7.07805157E-04,  1.18277967E-03)
