   0.00000000       0.00000000      -2.00000000     (  5.58793545E-04,  1.76951289E-04) ( -5.02914190E-04,  9.31322575E-05) (  0.00000000    ,  0.00000000    )
   0.00000000       0.00000000      -1.00000000     (  1.07660890E-02,  1.12876296E-02) (  4.08291817E-02,  9.27597284E-03) (  0.00000000    ,  0.00000000    )
   0.00000000       1.00000000      -2.00000000     (  2.04890966E-04,  1.30385160E-04) (  1.76951289E-04,  5.35510480E-05) (  8.84756446E-05,  2.67755240E-05)
   0.00000000       1.00000000      -1.00000000     ( -6.83590770E-03,  2.59280205E-02) ( -9.72300768E-03, -3.69735062E-03) ( -9.72300768E-03, -3.69735062E-03)
   0.00000000       2.00000000      -1.00000000     ( -2.04890966E-04, -5.82076609E-05) ( -1.86264515E-04,  2.14204192E-04) ( -3.72529030E-04,  4.28408384E-04)
   0.00000000      -2.00000000      -1.00000000     (  3.53902578E-04,  1.21071935E-04) ( -5.58793545E-05,  7.91624188E-05) (  1.11758709E-04, -1.58324838E-04)
   0.00000000      -1.00000000      -2.00000000     (  1.95577741E-04,  2.42143869E-04) ( -1.30385160E-04, -1.11758709E-04) (  6.51925802E-05,  5.58793545E-05)
   0.00000000      -1.00000000      -1.00000000     (  7.72997737E-03, -5.99771738E-03) (  2.24914402E-03,  1.23167410E-03) ( -2.24914402E-03, -1.23167410E-03)
   1.00000000       0.00000000      -2.00000000     ( -2.32830644E-04, -1.07102096E-04) (  1.86264515E-04,  5.58793545E-04) ( -1.16415322E-04, -5.35510480E-05)
   1.00000000       0.00000000      -1.00000000     (  1.16601586E-02, -5.75557351E-03) ( -7.87898898E-03,  1.93715096E-02) (  1.16601586E-02, -5.75557351E-03)
   1.00000000       1.00000000      -2.00000000     (  8.84756446E-05,  2.14204192E-04) ( -1.49011612E-04, -2.32830644E-04) ( -3.02679837E-05, -7.85803422E-06)
   1.00000000       1.00000000      -1.00000000     ( -5.40167093E-04,  8.94069672E-04) ( -1.68802217E-05, -4.84287739E-04) ( -5.40167093E-04,  4.09781933E-04)
   1.00000000       2.00000000      -1.00000000     (  1.16415322E-05, -1.35041773E-04) ( -7.91624188E-05,  3.72529030E-05) ( -1.49011612E-04, -6.28642738E-05)
   1.00000000      -2.00000000      -1.00000000     (  3.63797881E-06, -1.25728548E-04) (  1.16415322E-04, -5.58793545E-05) ( -2.32830644E-04, -1.16415322E-05)
   1.00000000      -1.00000000      -2.00000000     (  1.07102096E-04, -2.23517418E-04) ( -8.38190317E-05, -1.16415322E-05) (  9.77888703E-05, -1.07102096E-04)
   1.00000000      -1.00000000      -1.00000000     ( -1.86264515E-05,  1.58324838E-04) ( -1.49011612E-04,  1.35041773E-04) (  1.30385160E-04,  2.56113708E-05)
   2.00000000       0.00000000      -1.00000000     ( -1.95577741E-04,  4.36557457E-06) (  1.49011612E-04, -3.35276127E-04) ( -3.91155481E-04,  8.73114914E-06)
   2.00000000       1.00000000      -1.00000000     (  6.28642738E-05, -5.58793545E-05) ( -2.32830644E-04,  3.16649675E-04) ( -1.07102096E-04,  2.04890966E-04)
   2.00000000      -1.00000000      -1.00000000     (  1.76951289E-04,  3.37604433E-05) (  1.02445483E-04,  1.21071935E-04) (  2.42143869E-04, -5.12227416E-05)
