   0.00000000       0.00000000       1.00000000     (  3.45520675E-03, -1.15856528E-02) (  2.89827585E-02, -5.30853868E-04) (  0.00000000    ,  0.00000000    )
   0.00000000       0.00000000       2.00000000     (  3.31550837E-03, -5.86733222E-04) ( -4.13507223E-03, -2.25380063E-03) (  0.00000000    ,  0.00000000    )
   0.00000000       1.00000000       0.00000000     (  3.81842256E-03, -3.52971256E-03) (  0.00000000    ,  0.00000000    ) (  1.53109431E-02, -1.24797225E-03)
   0.00000000       1.00000000       1.00000000     (  1.34110451E-03,  1.08033419E-03) (  3.98606062E-03, -1.20606273E-03) ( -3.98606062E-03,  1.20606273E-03)
   0.00000000       1.00000000       2.00000000     (  2.14204192E-03, -2.32830644E-03) ( -3.65544111E-04,  1.22934580E-03) (  1.82772055E-04, -6.14672899E-04)
   0.00000000       2.00000000       0.00000000     (  1.58324838E-03,  1.82539225E-03) (  0.00000000    ,  0.00000000    ) ( -8.32369551E-05,  1.21071935E-03)
   0.00000000       2.00000000       1.00000000     ( -2.11875886E-04, -2.10478902E-03) ( -1.93249434E-04,  4.93600965E-04) (  3.86498868E-04, -9.87201929E-04)
   0.00000000      -2.00000000       0.00000000     (  1.58324838E-03, -1.82539225E-03) (  0.00000000    ,  0.00000000    ) ( -8.32369551E-05, -1.21071935E-03)
   0.00000000      -2.00000000       1.00000000     ( -1.02445483E-03,  1.25728548E-03) ( -8.19563866E-04, -3.65544111E-04) ( -1.63912773E-03, -7.31088221E-04)
   0.00000000      -1.00000000       0.00000000     (  3.81842256E-03,  3.52971256E-03) (  0.00000000    ,  0.00000000    ) (  1.53109431E-02,  1.24797225E-03)
   0.00000000      -1.00000000       1.00000000     ( -6.76140189E-03, -1.58697367E-02) ( -7.63684511E-03,  4.88013029E-03) ( -7.63684511E-03,  4.88013029E-03)
   0.00000000      -1.00000000       2.00000000     (  1.35041773E-04, -1.41561031E-03) (  1.39698386E-03,  2.86381692E-04) (  6.98491931E-04,  1.43190846E-04)
   1.00000000       0.00000000       0.00000000     (  0.00000000    ,  0.00000000    ) ( -2.77161598E-02,  1.32247806E-02) (  1.48266554E-02, -4.04193997E-03)
   1.00000000       0.00000000       1.00000000     ( -2.02096999E-03, -8.59145075E-04) ( -4.33996320E-03, -1.27777457E-02) (  2.02096999E-03,  8.59145075E-04)
   1.00000000       0.00000000       2.00000000     ( -2.01165676E-03, -1.29453838E-03) (  3.21306288E-04,  9.03382897E-04) (  1.00582838E-03,  6.47269189E-04)
   1.00000000       1.00000000       0.00000000     (  3.10130417E-03,  2.39349902E-03) ( -3.10130417E-03, -2.39349902E-03) (  3.63215804E-03,  1.06170774E-02)
   1.00000000       1.00000000       1.00000000     ( -6.92671165E-05,  2.49128789E-04) ( -1.15483999E-03,  1.29453838E-03) (  1.22934580E-03, -1.54599547E-03)
   1.00000000       1.00000000       2.00000000     ( -2.10478902E-03,  2.70083547E-04) (  1.37835741E-03,  1.47148967E-03) (  3.56230885E-04, -8.75443220E-04)
   1.00000000       2.00000000       0.00000000     (  1.10594556E-04,  1.80676579E-03) ( -5.52972779E-05, -9.03382897E-04) ( -1.33179128E-03,  3.67872417E-04)
   1.00000000       2.00000000       1.00000000     (  1.21071935E-03,  1.03376806E-03) ( -4.98257577E-04, -3.56230885E-04) ( -2.14204192E-04, -3.23634595E-04)
   1.00000000      -2.00000000       0.00000000     (  6.93835318E-04,  7.21774995E-04) (  3.46917659E-04,  3.60887498E-04) ( -1.20140612E-03, -2.88709998E-04)
   1.00000000      -2.00000000       1.00000000     ( -1.33179128E-03,  2.23517418E-04) ( -4.98257577E-04,  4.88944352E-04) (  3.35276127E-04,  7.54371285E-04)
   1.00000000      -1.00000000       0.00000000     (  2.82190740E-03, -1.02911144E-03) (  2.82190740E-03, -1.02911144E-03) ( -5.43892384E-03,  1.67638063E-02)
   1.00000000      -1.00000000       1.00000000     (  2.34693289E-03,  1.84401870E-03) ( -1.28056854E-04, -2.90572643E-03) ( -2.47731805E-03, -4.73111868E-03)
   1.00000000      -1.00000000       2.00000000     ( -2.32830644E-03, -5.77419996E-04) (  6.65895641E-04,  2.88709998E-04) (  1.49942935E-03,  4.33064997E-04)
   2.00000000       0.00000000       0.00000000     (  0.00000000    ,  0.00000000    ) ( -4.05125320E-04,  2.36555934E-03) ( -8.75443220E-04, -9.96515155E-04)
   2.00000000       0.00000000       1.00000000     ( -3.44589353E-04,  3.00351530E-04) ( -1.37835741E-03, -6.37955964E-04) (  6.89178705E-04, -6.00703061E-04)
   2.00000000       1.00000000       0.00000000     ( -1.61817297E-04, -2.60770321E-04) (  3.23634595E-04,  5.21540642E-04) (  4.19095159E-04,  7.21774995E-04)
   2.00000000       1.00000000       1.00000000     ( -2.04890966E-04,  3.25962901E-05) ( -7.72997737E-04,  7.07805157E-04) (  1.18277967E-03, -7.72997737E-04)
   2.00000000      -1.00000000       0.00000000     ( -1.16415322E-03, -8.38190317E-04) ( -2.32830644E-03, -1.67638063E-03) (  1.04308128E-03,  1.78813934E-03)
   2.00000000      -1.00000000       1.00000000     (  4.05125320E-04, -1.44354999E-03) ( -5.82076609E-04, -1.43190846E-04) ( -1.39698386E-03,  2.73808837E-03)
