   0.00000000       0.00000000       1.00000000     (  2.48104334E-02,  4.25614417E-03) (  3.35276127E-02, -3.00258398E-02) (  0.00000000    ,  0.00000000    )
   0.00000000       0.00000000       2.00000000     ( -3.53902578E-04,  2.19792128E-03) (  1.73225999E-03,  6.98491931E-04) (  0.00000000    ,  0.00000000    )
   0.00000000       1.00000000       0.00000000     ( -1.88499689E-02, -5.52972779E-04) (  0.00000000    ,  0.00000000    ) (  4.84287739E-03,  1.65775418E-02)
   0.00000000       1.00000000       1.00000000     (  8.25151801E-03,  8.47503543E-03) ( -2.80328095E-03, -7.35744834E-03) (  2.80328095E-03,  7.35744834E-03)
   0.00000000       1.00000000       2.00000000     (  1.49011612E-03,  2.51457095E-04) (  8.38190317E-04, -4.93600965E-04) ( -4.19095159E-04,  2.46800482E-04)
   0.00000000       2.00000000       0.00000000     ( -5.02914190E-04, -1.91852450E-03) (  0.00000000    ,  0.00000000    ) (  2.14204192E-03, -2.42143869E-03)
   0.00000000       2.00000000       1.00000000     ( -1.10827386E-03, -1.60653144E-04) (  7.54371285E-04, -3.72529030E-04) ( -1.50874257E-03,  7.45058060E-04)
   0.00000000      -2.00000000       0.00000000     ( -5.02914190E-04,  1.91852450E-03) (  0.00000000    ,  0.00000000    ) (  2.14204192E-03,  2.42143869E-03)
   0.00000000      -2.00000000       1.00000000     (  2.68220901E-03, -2.79396772E-04) (  3.53902578E-04, -5.35510480E-05) (  7.07805157E-04, -1.07102096E-04)
   0.00000000      -1.00000000       0.00000000     ( -1.88499689E-02,  5.52972779E-04) (  0.00000000    ,  0.00000000    ) (  4.84287739E-03, -1.65775418E-02)
   0.00000000      -1.00000000       1.00000000     (  2.91503966E-03, -3.18139791E-02) ( -3.04542482E-03,  3.47383320E-03) ( -3.04542482E-03,  3.47383320E-03)
   0.00000000      -1.00000000       2.00000000     ( -1.97906047E-04,  1.88592821E-04) (  4.19095159E-04,  6.70552254E-04) (  2.09547579E-04,  3.35276127E-04)
   1.00000000       0.00000000       0.00000000     (  0.00000000    ,  0.00000000    ) ( -1.50501728E-02,  1.68010592E-02) (  3.30060720E-02,  2.14576721E-02)
   1.00000000       0.00000000       1.00000000     (  1.55530870E-03, -3.75322998E-03) ( -3.40491533E-02, -8.49831849E-04) ( -1.55530870E-03,  3.75322998E-03)
   1.00000000       0.00000000       2.00000000     (  2.82307155E-05, -1.43423676E-03) ( -1.28522515E-03, -1.21071935E-03) ( -1.41153578E-05,  7.17118382E-04)
   1.00000000       1.00000000       0.00000000     (  3.12924385E-03,  3.91155481E-03) ( -3.12924385E-03, -3.91155481E-03) ( -1.10082328E-02,  1.29267573E-02)
   1.00000000       1.00000000       1.00000000     ( -1.08964741E-03,  1.11758709E-03) (  1.86264515E-03,  3.49245965E-05) ( -7.63684511E-04, -1.14552677E-03)
   1.00000000       1.00000000       2.00000000     (  1.02445483E-03,  2.42143869E-04) ( -1.53668225E-04, -2.67755240E-04) ( -4.33064997E-04,  1.28056854E-05)
   1.00000000       2.00000000       0.00000000     (  1.33877620E-04, -4.74974513E-04) ( -6.69388101E-05,  2.37487257E-04) ( -1.52736902E-03, -3.39932740E-04)
   1.00000000       2.00000000       1.00000000     ( -1.91852450E-03, -6.42612576E-04) (  1.30385160E-03,  4.14438546E-04) ( -6.79865479E-04, -1.88592821E-04)
   1.00000000      -2.00000000       0.00000000     (  7.26431608E-04,  1.00582838E-03) (  3.63215804E-04,  5.02914190E-04) (  9.59262252E-04,  1.30385160E-03)
   1.00000000      -2.00000000       1.00000000     (  5.54136932E-04, -9.49949026E-04) (  2.51457095E-04, -7.35744834E-04) ( -5.52972779E-05, -5.16884029E-04)
   1.00000000      -1.00000000       0.00000000     ( -1.40629709E-03, -1.33365393E-02) ( -1.40629709E-03, -1.33365393E-02) ( -1.38580799E-02,  2.25752592E-02)
   1.00000000      -1.00000000       1.00000000     ( -1.56462193E-03, -4.00468707E-04) (  7.91624188E-04,  2.68220901E-03) (  2.34693289E-03,  3.09199095E-03)
   1.00000000      -1.00000000       2.00000000     (  2.03028321E-03, -2.03028321E-03) (  6.51925802E-04, -6.33299351E-04) ( -6.89178705E-04,  6.98491931E-04)
   2.00000000       0.00000000       0.00000000     (  0.00000000    ,  0.00000000    ) ( -1.84401870E-03, -2.23517418E-03) (  9.40635800E-04, -1.78813934E-03)
   2.00000000       0.00000000       1.00000000     ( -6.42612576E-04,  1.05239451E-03) ( -4.42378223E-04, -1.24797225E-03) (  1.28522515E-03, -2.10478902E-03)
   2.00000000       1.00000000       0.00000000     (  4.19095159E-04, -7.91624188E-04) ( -8.38190317E-04,  1.58324838E-03) (  8.38190317E-04, -1.22934580E-03)
   2.00000000       1.00000000       1.00000000     ( -2.21189111E-04, -2.93366611E-04) ( -6.42612576E-04,  2.19792128E-03) (  1.08033419E-03, -1.62050128E-03)
   2.00000000      -1.00000000       0.00000000     (  4.37721610E-04, -8.66129994E-04) (  8.75443220E-04, -1.73225999E-03) (  6.05359674E-04, -5.58793545E-04)
   2.00000000      -1.00000000       1.00000000     (  9.03382897E-04, -1.16415322E-04) (  2.06753612E-03, -2.16532499E-04) (  2.56113708E-04,  1.61526259E-05)
