   0.00000000       0.00000000      -2.00000000     (  6.85453415E-03,  4.89875674E-03) (  6.21657819E-04, -1.50874257E-03) (  0.00000000    ,  0.00000000    )
   0.00000000       0.00000000      -1.00000000     (  2.31713057E-02, -1.13993883E-02) (  1.97440386E-03,  2.42143869E-02) (  0.00000000    ,  0.00000000    )
   0.00000000       1.00000000      -2.00000000     ( -2.29105353E-03,  1.55996531E-03) (  7.66012818E-04, -2.61701643E-03) (  3.83006409E-04, -1.30850822E-03)
   0.00000000       1.00000000      -1.00000000     (  1.14366412E-02,  1.38208270E-02) ( -2.05822289E-03,  2.31899321E-03) ( -2.05822289E-03,  2.31899321E-03)
   0.00000000       2.00000000      -1.00000000     ( -9.87201929E-03,  1.28522515E-03) ( -1.49942935E-03, -1.28988177E-03) ( -2.99885869E-03, -2.57976353E-03)
   0.00000000      -2.00000000      -1.00000000     (  4.86150384E-03, -2.88709998E-03) ( -1.88127160E-03,  2.52388418E-03) (  3.76254320E-03, -5.04776835E-03)
   0.00000000      -1.00000000      -2.00000000     ( -7.74860382E-03,  6.51925802E-04) ( -6.76140189E-03, -5.61121851E-04) (  3.38070095E-03,  2.80560926E-04)
   0.00000000      -1.00000000      -1.00000000     (  3.10130417E-03,  4.28408384E-03) (  6.27711415E-03,  7.58096576E-03) ( -6.27711415E-03, -7.58096576E-03)
   1.00000000       0.00000000      -2.00000000     (  2.10478902E-03,  5.32716513E-03) ( -4.06987965E-03,  8.47503543E-03) (  1.05239451E-03,  2.66358256E-03)
   1.00000000       0.00000000      -1.00000000     (  3.45520675E-03,  4.01632860E-04) (  7.74860382E-03, -9.40635800E-04) (  3.45520675E-03,  4.01632860E-04)
   1.00000000       1.00000000      -2.00000000     ( -4.88013029E-03, -3.59490514E-03) (  5.90458512E-03, -6.94766641E-03) (  5.11063263E-04, -5.27128577E-03)
   1.00000000       1.00000000      -1.00000000     ( -8.25151801E-03, -4.56348062E-03) (  6.27711415E-03, -1.05937943E-04) ( -1.97440386E-03, -4.67523932E-03)
   1.00000000       2.00000000      -1.00000000     ( -5.02914190E-03, -1.49011612E-03) (  5.07570803E-04,  1.45286322E-03) ( -4.01400030E-03,  1.41561031E-03)
   1.00000000      -2.00000000      -1.00000000     (  5.36674634E-04, -3.12924385E-03) (  6.21657819E-04, -3.15718353E-03) ( -7.07805157E-04,  3.18512321E-03)
   1.00000000      -1.00000000      -2.00000000     (  3.98140401E-04,  3.07336450E-04) (  8.91741365E-04, -2.78814696E-04) ( -2.46800482E-04,  2.93366611E-04)
   1.00000000      -1.00000000      -1.00000000     ( -4.14438546E-03,  8.56816769E-04) ( -6.91041350E-03,  8.91741365E-04) (  2.75671482E-03, -3.63797881E-05)
   2.00000000       0.00000000      -1.00000000     ( -2.23517418E-03,  1.00582838E-03) ( -9.27597284E-03,  3.78116965E-03) ( -4.47034836E-03,  2.01165676E-03)
   2.00000000       1.00000000      -1.00000000     (  8.75443220E-04,  2.02096999E-03) (  1.72294676E-03, -5.08502126E-03) (  3.47383320E-03, -1.04773790E-03)
   2.00000000      -1.00000000      -1.00000000     (  7.66012818E-04, -2.15601176E-03) (  2.61701643E-03, -2.12807208E-03) ( -1.08964741E-03, -2.18395144E-03)
