   0.00000000       0.00000000      -2.00000000     (  8.19563866E-03,  2.07684934E-03) ( -1.19581819E-02,  6.37024641E-03) (  0.00000000    ,  0.00000000    )
   0.00000000       0.00000000      -1.00000000     (  6.89178705E-04,  1.09151006E-02) (  2.26497650E-02, -3.38070095E-03) (  0.00000000    ,  0.00000000    )
   0.00000000       1.00000000      -2.00000000     ( -1.69500709E-03,  3.40864062E-03) (  1.70432031E-03, -2.39349902E-03) (  8.52160156E-04, -1.19674951E-03)
   0.00000000       1.00000000      -1.00000000     ( -7.26431608E-03,  1.18464231E-02) ( -5.97909093E-03, -5.62518835E-03) ( -5.97909093E-03, -5.62518835E-03)
   0.00000000       2.00000000      -1.00000000     (  9.03382897E-04, -1.34576112E-03) ( -8.26548785E-04, -2.18860805E-04) ( -1.65309757E-03, -4.37721610E-04)
   0.00000000      -2.00000000      -1.00000000     ( -1.09896064E-03,  5.10364771E-03) ( -1.61584467E-03, -1.71363354E-03) (  3.23168933E-03,  3.42726707E-03)
   0.00000000      -1.00000000      -2.00000000     (  6.05359674E-03,  5.32716513E-03) ( -2.50525773E-03, -2.66358256E-03) (  1.25262886E-03,  1.33179128E-03)
   0.00000000      -1.00000000      -1.00000000     ( -2.90572643E-03,  1.27125531E-03) (  4.09781933E-03,  1.26659870E-03) ( -4.09781933E-03, -1.26659870E-03)
   1.00000000       0.00000000      -2.00000000     ( -2.01165676E-03, -1.27591193E-03) (  8.52160156E-04,  7.00354576E-03) ( -1.00582838E-03, -6.37955964E-04)
   1.00000000       0.00000000      -1.00000000     (  9.49949026E-03, -5.58793545E-03) ( -4.15369868E-03,  2.72691250E-02) (  9.49949026E-03, -5.58793545E-03)
   1.00000000       1.00000000      -2.00000000     (  2.34693289E-03,  3.11993062E-03) ( -6.46337867E-03, -9.89530236E-05) ( -2.05822289E-03,  1.50874257E-03)
   1.00000000       1.00000000      -1.00000000     (  1.57393515E-03,  8.67992640E-03) ( -2.16998160E-03, -5.86733222E-03) ( -5.98374754E-04,  2.84053385E-03)
   1.00000000       2.00000000      -1.00000000     (  2.96160579E-03,  4.81959432E-04) ( -7.26431608E-04, -1.53668225E-04) (  1.50408596E-03,  1.74622983E-04)
   1.00000000      -2.00000000      -1.00000000     (  2.98023224E-04,  5.91389835E-04) ( -1.43772922E-04, -7.36326911E-05) (  5.84404916E-04,  7.38073140E-04)
   1.00000000      -1.00000000      -2.00000000     ( -1.48080289E-03, -4.93600965E-03) ( -1.05239451E-03,  4.19095159E-03) ( -2.15368345E-04, -4.56348062E-03)
   1.00000000      -1.00000000      -1.00000000     ( -1.43889338E-03,  5.05242497E-04) ( -1.71363354E-03, -4.02331352E-03) (  2.75904313E-04,  4.52622771E-03)
   2.00000000       0.00000000      -1.00000000     ( -1.90921128E-03,  5.29689714E-05) ( -2.72877514E-03, -8.21892172E-04) ( -3.81842256E-03,  1.05937943E-04)
   2.00000000       1.00000000      -1.00000000     (  1.02445483E-03,  5.63450158E-04) ( -4.19095159E-03, -2.44937837E-03) ( -2.14204192E-03, -1.31782144E-03)
   2.00000000      -1.00000000      -1.00000000     (  1.19209290E-03, -6.40284270E-04) (  1.99303031E-03,  1.22934580E-03) (  3.94647941E-04, -2.50525773E-03)
