   0.00000000       0.00000000      -2.00000000     (  6.05359674E-04,  1.71363354E-03) ( -1.35973096E-03,  2.16532499E-04) (  0.00000000    ,  0.00000000    )
   0.00000000       0.00000000      -1.00000000     (  1.97440386E-02, -1.27125531E-03) (  3.34531069E-02,  2.36183405E-02) (  0.00000000    ,  0.00000000    )
   0.00000000       1.00000000      -2.00000000     (  5.68106771E-04, -9.02218744E-06) ( -5.58793545E-04,  5.12227416E-04) ( -2.79396772E-04,  2.56113708E-04)
   0.00000000       1.00000000      -1.00000000     ( -6.65895641E-04,  3.00258398E-02) ( -4.68455255E-03, -2.92435288E-03) ( -4.68455255E-03, -2.92435288E-03)
   0.00000000       2.00000000      -1.00000000     ( -1.52736902E-03,  4.65661287E-05) (  3.31056071E-06,  2.98023224E-04) (  6.62112143E-06,  5.96046448E-04)
   0.00000000      -2.00000000      -1.00000000     (  1.15483999E-03,  4.23751771E-04) ( -5.02914190E-04, -2.35158950E-04) (  1.00582838E-03,  4.70317900E-04)
   0.00000000      -1.00000000      -2.00000000     ( -8.38190317E-04,  4.70317900E-04) ( -6.70552254E-04, -2.16532499E-04) (  3.35276127E-04,  1.08266249E-04)
   0.00000000      -1.00000000      -1.00000000     (  7.76723027E-03, -9.64850187E-03) ( -2.67289579E-03,  4.35858965E-03) (  2.67289579E-03, -4.35858965E-03)
   1.00000000       0.00000000      -2.00000000     ( -5.96046448E-04,  1.97906047E-04) ( -8.19563866E-04,  5.77419996E-04) ( -2.98023224E-04,  9.89530236E-05)
   1.00000000       0.00000000      -1.00000000     (  8.99657607E-03, -4.83356416E-03) ( -9.68575478E-03, -9.03382897E-04) (  8.99657607E-03, -4.83356416E-03)
   1.00000000       1.00000000      -2.00000000     ( -5.02914190E-04, -2.56113708E-04) (  4.84287739E-04, -1.34110451E-03) ( -6.91215973E-06, -8.00937414E-04)
   1.00000000       1.00000000      -1.00000000     ( -8.66129994E-04,  5.96046448E-04) (  1.54599547E-03,  5.77419996E-04) (  6.79865479E-04,  1.17346644E-03)
   1.00000000       2.00000000      -1.00000000     (  1.97906047E-04,  4.00468707E-04) ( -4.33064997E-04, -5.40167093E-04) ( -6.70552254E-04, -6.79865479E-04)
   1.00000000      -2.00000000      -1.00000000     (  1.13621354E-03,  4.37721610E-04) (  6.89178705E-04,  4.65661287E-04) ( -2.56113708E-04, -4.93600965E-04)
   1.00000000      -1.00000000      -2.00000000     (  5.68106771E-04, -5.49480319E-04) (  9.12696123E-04, -2.70083547E-04) ( -1.74622983E-04, -1.37370080E-04)
   1.00000000      -1.00000000      -1.00000000     ( -1.46683306E-04,  1.21071935E-03) ( -1.06170774E-03,  5.12227416E-04) (  9.03382897E-04,  6.98491931E-04)
   2.00000000       0.00000000      -1.00000000     ( -3.58559191E-04, -1.67638063E-04) (  7.21774995E-05,  1.32422429E-05) ( -7.17118382E-04, -3.35276127E-04)
   2.00000000       1.00000000      -1.00000000     ( -1.00117177E-04,  7.56699592E-05) (  2.23517418E-04, -1.16415322E-04) (  2.15368345E-05,  3.43425199E-05)
   2.00000000      -1.00000000      -1.00000000     (  1.74622983E-04,  4.77302819E-05) (  9.40635800E-04, -8.10250640E-04) ( -5.96046448E-04,  9.03382897E-04)
