   0.00000000       0.00000000      -2.00000000     (  1.54599547E-03,  2.98023224E-03) ( -2.08616257E-03,  2.51457095E-04) (  0.00000000    ,  0.00000000    )
   0.00000000       0.00000000      -1.00000000     (  2.74926424E-02, -1.08778477E-02) (  1.58324838E-02,  3.31550837E-02) (  0.00000000    ,  0.00000000    )
   0.00000000       1.00000000      -2.00000000     (  1.51339918E-04,  1.23865902E-03) (  6.05359674E-04,  1.55530870E-03) (  3.02679837E-04,  7.77654350E-04)
   0.00000000       1.00000000      -1.00000000     (  1.58324838E-02,  2.06381083E-02) (  9.12696123E-04,  7.40401447E-04) (  9.12696123E-04,  7.40401447E-04)
   0.00000000       2.00000000      -1.00000000     ( -5.66244125E-03, -1.51805580E-03) ( -1.09896064E-03, -8.10250640E-04) ( -2.19792128E-03, -1.62050128E-03)
   0.00000000      -2.00000000      -1.00000000     (  1.17346644E-03, -2.73808837E-03) ( -1.06170774E-03,  5.35510480E-04) (  2.12341547E-03, -1.07102096E-03)
   0.00000000      -1.00000000      -2.00000000     ( -3.20374966E-03, -1.17346644E-03) ( -9.12696123E-04, -1.38534233E-04) (  4.56348062E-04,  6.92671165E-05)
   0.00000000      -1.00000000      -1.00000000     (  6.40749931E-03,  3.86498868E-03) (  2.19326466E-03,  1.08778477E-02) ( -2.19326466E-03, -1.08778477E-02)
   1.00000000       0.00000000      -2.00000000     ( -1.26659870E-03,  2.38418579E-03) ( -2.06753612E-03,  3.11061740E-03) ( -6.33299351E-04,  1.19209290E-03)
   1.00000000       0.00000000      -1.00000000     (  5.64381480E-03, -1.89174898E-04) ( -7.42729753E-04, -2.91503966E-03) (  5.64381480E-03, -1.89174898E-04)
   1.00000000       1.00000000      -2.00000000     ( -2.57045031E-03,  1.01514161E-03) (  1.91852450E-03, -2.66358256E-03) ( -3.23634595E-04, -8.24220479E-04)
   1.00000000       1.00000000      -1.00000000     ( -2.83122063E-03, -9.96515155E-04) (  2.57045031E-03,  6.33299351E-04) ( -2.70083547E-04, -3.60887498E-04)
   1.00000000       2.00000000      -1.00000000     ( -3.77185643E-04,  8.84756446E-04) ( -4.28408384E-04,  1.09896064E-03) ( -1.22934580E-03,  3.09199095E-03)
   1.00000000      -2.00000000      -1.00000000     (  2.91038305E-04, -3.02679837E-04) (  9.77888703E-04,  4.61004674E-04) ( -1.65775418E-03, -1.22934580E-03)
   1.00000000      -1.00000000      -2.00000000     ( -6.42612576E-04, -1.76951289E-03) ( -5.44823706E-04, -1.22934580E-03) ( -5.00585884E-05, -2.70083547E-04)
   1.00000000      -1.00000000      -1.00000000     ( -9.22009349E-04,  4.47034836E-04) ( -1.97440386E-03,  3.60887498E-04) (  1.06170774E-03,  8.55652615E-05)
   2.00000000       0.00000000      -1.00000000     ( -8.42846930E-04, -5.40167093E-04) ( -1.84401870E-03,  2.46800482E-04) ( -1.68569386E-03, -1.08033419E-03)
   2.00000000       1.00000000      -1.00000000     ( -3.05008143E-04, -1.94995664E-05) (  7.72997737E-04, -7.72997737E-04) (  1.59488991E-04, -8.10250640E-04)
   2.00000000      -1.00000000      -1.00000000     ( -2.00234354E-04, -3.30619514E-04) (  1.97906047E-04, -2.40281224E-03) ( -6.00703061E-04,  1.74157321E-03)
