    0.000000        0.000000        1.000000      (2.1755695E-02,1.1920929E-02)
   (-7.2643161E-03,-1.7508864E-02)  (0.000000,0.000000)
    0.000000        0.000000        2.000000      
 (7.7858567E-03,-1.7834827E-03)  (5.9977174E-03,4.2840838E-03)  
 (0.000000,0.000000)
    0.000000        1.000000        0.000000      (7.8463927E-04,9.7230077E-03)
   (0.000000,0.000000)  (3.3713877E-03,-2.8591603E-03)
    0.000000        1.000000        1.000000      (4.1350722E-03,1.3737008E-03)
   (6.6496432E-03,-5.0850213E-03)  (-6.6496432E-03,5.0850213E-03)
    0.000000        1.000000        2.000000      
 (-8.2515180E-03,-2.5657937E-03)  (-6.4261258E-03,-7.3341653E-04)  
 (3.2130629E-03,3.6670826E-04)
    0.000000        2.000000        0.000000      
 (-2.4959445E-03,-2.1141022E-03)  (0.000000,0.000000)  
 (-1.6065314E-03,2.9709190E-03)
    0.000000        2.000000        1.000000      
 (1.1250377E-02,-3.2596290E-03)  (-1.1903467E-04,-2.2165477E-03)  
 (2.3806933E-04,4.4330955E-03)
    0.000000       -2.000000        0.000000      
 (-2.4959445E-03,2.1141022E-03)  (0.000000,0.000000)  
 (-1.6065314E-03,-2.9709190E-03)
    0.000000       -2.000000        1.000000      
 (-1.3001263E-02,-1.1101365E-02)  (-4.1071326E-03,1.1501834E-03)  
 (-8.2142651E-03,2.3003668E-03)
    0.000000       -1.000000        0.000000      
 (7.8463927E-04,-9.7230077E-03)  (0.000000,0.000000)  
 (3.3713877E-03,2.8591603E-03)
    0.000000       -1.000000        1.000000      
 (6.4447522E-03,-7.2643161E-03)  (-2.2724271E-03,-4.1350722E-03)  
 (-2.2724271E-03,-4.1350722E-03)
    0.000000       -1.000000        2.000000      
 (-1.3038516E-02,2.7939677E-03)  (-1.9650906E-03,2.9988587E-03)  
 (-9.8254532E-04,1.4994293E-03)
    1.000000        0.000000        0.000000      (0.000000,0.000000)  
 (-2.5182962E-02,4.8801303E-03)  (1.8551946E-02,1.8030405E-02)
    1.000000        0.000000        1.000000      
 (-1.4901161E-03,-3.7439167E-03)  (-2.0489097E-02,1.5050173E-02)  
 (1.4901161E-03,3.7439167E-03)
    1.000000        0.000000        2.000000      (9.4762072E-04,1.2968667E-03)
   (4.9453229E-03,1.0747463E-02)  (-4.7381036E-04,-6.4843334E-04)
    1.000000        1.000000        0.000000      
 (3.9674342E-03,-1.4016405E-03)  (-3.9674342E-03,1.4016405E-03)  
 (-3.2130629E-03,2.0954758E-03)
    1.000000        1.000000        1.000000      
 (-3.7925929E-06,3.8836151E-03)  (-1.3504177E-03,-2.6123598E-03)  
 (1.3550743E-03,-1.2735836E-03)
    1.000000        1.000000        2.000000      
 (-3.9115548E-03,3.2363459E-04)  (-9.6159056E-04,-5.7555735E-03)  
 (2.4354085E-03,2.7194619E-03)
    1.000000        2.000000        0.000000      (1.6065314E-03,2.6077032E-03)
   (-8.0326572E-04,-1.3038516E-03)  (3.6973506E-03,9.6485019E-03)
    1.000000        2.000000        1.000000      (4.4144690E-03,3.9953738E-03)
   (-1.6996637E-03,-2.0023435E-04)  (-1.0197982E-03,-3.5949051E-03)
    1.000000       -2.000000        0.000000      (1.9266736E-04,7.3201954E-03)
   (9.6333679E-05,3.6600977E-03)  (-6.7241490E-03,-1.0966323E-03)
    1.000000       -2.000000        1.000000      
 (-1.6158447E-03,2.3690518E-04)  (-6.3300831E-06,6.7870133E-04)  
 (1.6018748E-03,1.1222437E-03)
    1.000000       -1.000000        0.000000      
 (-2.3096800E-03,2.8871000E-04)  (-2.3096800E-03,2.8871000E-04)  
 (-5.1967800E-03,3.8184226E-03)
    1.000000       -1.000000        1.000000      (1.4491379E-02,2.2118911E-03)
   (5.1129609E-03,2.9057264E-03)  (-9.3691051E-03,6.9499947E-04)
    1.000000       -1.000000        2.000000      
 (-2.3096800E-03,1.0221265E-03)  (-4.9546361E-03,-3.8743019E-03)  
 (-1.3224781E-03,-2.4493784E-03)
    2.000000        0.000000        0.000000      (0.000000,0.000000)  
 (1.3895333E-02,-5.2619725E-03)  (-7.5204298E-04,2.5657937E-03)
    2.000000        0.000000        1.000000      
 (-3.8836151E-03,4.6007335E-03)  (5.1409006E-03,1.1231750E-02)  
 (7.7672303E-03,-9.2014670E-03)
    2.000000        1.000000        0.000000      
 (-1.8393621E-03,-2.2584572E-03)  (3.6787242E-03,4.5169145E-03)  
 (-6.8917871E-03,1.9930303E-03)
    2.000000        1.000000        1.000000      (3.5483390E-03,5.2619725E-03)
   (-5.5879354E-03,-1.3783574E-02)  (-1.5040860E-03,3.2410026E-03)
    2.000000       -1.000000        0.000000      
 (-1.8998981E-03,-3.2689422E-03)  (-3.7997961E-03,-6.5378845E-03)  
 (2.2444874E-03,4.2747706E-03)
    2.000000       -1.000000        1.000000      
 (-5.1967800E-03,2.0675361E-03)  (-4.9732625E-03,4.9080700E-03)  
 (5.4202974E-03,7.7299774E-04)
