   0.00000000       0.00000000       1.00000000     (  2.30967999E-02,  1.11013651E-02) (  3.16649675E-03, -2.47359276E-02) (  0.00000000    ,  0.00000000    )
   0.00000000       0.00000000       2.00000000     (  6.87316060E-03, -5.34579158E-03) ( -2.27591954E-04,  1.53668225E-03) (  0.00000000    ,  0.00000000    )
   0.00000000       1.00000000       0.00000000     ( -4.22820449E-03,  1.06170774E-02) (  0.00000000    ,  0.00000000    ) (  1.74622983E-03, -1.39232725E-03)
   0.00000000       1.00000000       1.00000000     (  3.09199095E-03, -4.58210707E-03) (  5.81145287E-03, -7.78585672E-03) ( -5.81145287E-03,  7.78585672E-03)
   0.00000000       1.00000000       2.00000000     ( -7.91624188E-03, -3.74857336E-04) ( -6.35161996E-03,  4.94765118E-04) (  3.17580998E-03, -2.47382559E-04)
   0.00000000       2.00000000       0.00000000     ( -2.10013241E-03, -7.07805157E-03) (  0.00000000    ,  0.00000000    ) ( -6.46337867E-03,  3.23634595E-04)
   0.00000000       2.00000000       1.00000000     (  4.19095159E-03,  3.92086804E-03) ( -2.23983079E-03, -2.45869160E-03) (  4.47966158E-03,  4.91738319E-03)
   0.00000000      -2.00000000       0.00000000     ( -2.10013241E-03,  7.07805157E-03) (  0.00000000    ,  0.00000000    ) ( -6.46337867E-03, -3.23634595E-04)
   0.00000000      -2.00000000       1.00000000     ( -1.03935599E-02, -2.18860805E-04) ( -1.48545951E-03,  1.47148967E-03) ( -2.97091901E-03,  2.94297934E-03)
   0.00000000      -1.00000000       0.00000000     ( -4.22820449E-03, -1.06170774E-02) (  0.00000000    ,  0.00000000    ) (  1.74622983E-03,  1.39232725E-03)
   0.00000000      -1.00000000       1.00000000     (  1.21071935E-02, -1.43051147E-02) ( -1.69500709E-03, -2.15135515E-03) ( -1.69500709E-03, -2.15135515E-03)
   0.00000000      -1.00000000       2.00000000     ( -1.43423676E-03, -2.42143869E-03) (  8.33533704E-04,  1.70432031E-03) (  4.16766852E-04,  8.52160156E-04)
   1.00000000       0.00000000       0.00000000     (  0.00000000    ,  0.00000000    ) ( -1.81049109E-02,  5.66244125E-03) (  2.50339508E-02,  2.05636024E-02)
   1.00000000       0.00000000       1.00000000     (  2.88709998E-03, -3.57627869E-03) ( -2.56299973E-02,  1.51619315E-02) ( -2.88709998E-03,  3.57627869E-03)
   1.00000000       0.00000000       2.00000000     (  1.08964741E-03,  3.09199095E-03) (  6.94766641E-03,  4.20957804E-03) ( -5.44823706E-04, -1.54599547E-03)
   1.00000000       1.00000000       0.00000000     (  5.30853868E-03,  2.26311386E-03) ( -5.30853868E-03, -2.26311386E-03) ( -7.52508640E-03,  3.89292836E-03)
   1.00000000       1.00000000       1.00000000     ( -4.06056643E-03,  2.41561793E-04) (  2.85916030E-03, -1.92667358E-04) (  1.19674951E-03, -4.84578777E-05)
   1.00000000       1.00000000       2.00000000     ( -2.01631337E-03, -2.99885869E-03) ( -5.81145287E-03, -2.59838998E-03) (  3.91155481E-03,  2.79396772E-03)
   1.00000000       2.00000000       0.00000000     ( -2.13272870E-03,  6.50063157E-03) (  1.06636435E-03, -3.25031579E-03) ( -1.46217644E-03,  8.99657607E-03)
   1.00000000       2.00000000       1.00000000     (  7.48783350E-03,  2.89641321E-03) ( -3.48314643E-03, -2.90572643E-03) ( -5.21540642E-04,  2.91503966E-03)
   1.00000000      -2.00000000       0.00000000     (  1.60071068E-04, -3.31550837E-03) (  8.00355338E-05, -1.65775418E-03) ( -1.31782144E-03,  2.45869160E-03)
   1.00000000      -2.00000000       1.00000000     ( -2.15135515E-03,  7.63684511E-04) ( -2.34693289E-03,  1.60653144E-03) ( -2.55182385E-03,  2.44937837E-03)
   1.00000000      -1.00000000       0.00000000     ( -6.05359674E-03, -6.29574060E-03) ( -6.05359674E-03, -6.29574060E-03) ( -4.58210707E-03,  4.86150384E-03)
   1.00000000      -1.00000000       1.00000000     (  5.99771738E-03,  8.75443220E-03) (  7.59609975E-05,  7.13393092E-03) ( -5.92321157E-03, -1.62515789E-03)
   1.00000000      -1.00000000       2.00000000     (  4.61935997E-03,  6.48200512E-03) (  7.72997737E-03,  3.64147127E-03) (  1.55530870E-03, -1.41561031E-03)
   2.00000000       0.00000000       0.00000000     (  0.00000000    ,  0.00000000    ) (  1.13621354E-02, -5.68106771E-03) ( -5.19677997E-03,  3.28756869E-03)
   2.00000000       0.00000000       1.00000000     ( -4.17232513E-03, -2.03028321E-03) (  2.88709998E-03,  1.11386180E-02) (  8.34465027E-03,  4.06056643E-03)
   2.00000000       1.00000000       0.00000000     ( -2.65426934E-03,  9.22009349E-04) (  5.30853868E-03, -1.84401870E-03) ( -6.56582415E-04, -9.29459929E-03)
   2.00000000       1.00000000       1.00000000     (  1.71363354E-03,  4.41446900E-03) ( -4.80562449E-03, -7.58096576E-03) (  1.36904418E-03, -1.25728548E-03)
   2.00000000      -1.00000000       0.00000000     (  1.89989805E-03,  4.88944352E-04) (  3.79979610E-03,  9.77888703E-04) (  1.37079041E-04,  1.68569386E-03)
   2.00000000      -1.00000000       1.00000000     ( -3.69735062E-03,  8.40518624E-04) ( -2.81259418E-03, -2.12341547E-03) (  4.57279384E-03, -3.80910933E-03)
