    0.000000        0.000000       -2.000000      (2.0302832E-03,1.2980308E-04)
   (2.6915222E-03,-2.4121255E-03)  (0.000000,0.000000)
    0.000000        0.000000       -1.000000      
 (2.2873282E-02,-1.2703240E-02)  (-1.5050173E-02,1.8328428E-02)  
 (0.000000,0.000000)
    0.000000        1.000000       -2.000000      
 (-6.3329935E-03,9.7323209E-04)  (-2.0582229E-03,2.6635826E-03)  
 (-1.0291114E-03,1.3317913E-03)
    0.000000        1.000000       -1.000000      (1.0170043E-02,3.9488077E-03)
   (-7.9628080E-04,6.3516200E-03)  (-7.9628080E-04,6.3516200E-03)
    0.000000        2.000000       -1.000000      
 (-4.5448542E-03,5.4016709E-03)  (-8.4750354E-04,2.5494955E-04)  
 (-1.6950071E-03,5.0989911E-04)
    0.000000       -2.000000       -1.000000      (1.6577542E-03,1.5180558E-03)
   (-8.5216016E-04,3.3527613E-04)  (1.7043203E-03,-6.7055225E-04)
    0.000000       -1.000000       -2.000000      
 (-4.2095780E-03,7.6834112E-04)  (-4.4237822E-04,2.0395964E-03)  
 (2.2118911E-04,-1.0197982E-03)
    0.000000       -1.000000       -1.000000      
 (6.7427754E-03,-9.3132257E-03)  (4.8056245E-03,4.3027103E-03)  
 (-4.8056245E-03,-4.3027103E-03)
    1.000000        0.000000       -2.000000      (3.7066638E-03,7.6368451E-04)
   (-3.1851232E-03,8.6612999E-04)  (1.8533319E-03,3.8184226E-04)
    1.000000        0.000000       -1.000000      
 (3.2223761E-03,-1.7834827E-03)  (4.3213367E-03,-8.2701445E-03)  
 (3.2223761E-03,-1.7834827E-03)
    1.000000        1.000000       -2.000000      
 (-2.2724271E-03,1.9650906E-03)  (-2.0302832E-03,-5.6251884E-03)  
 (-2.1513551E-03,-1.8253922E-03)
    1.000000        1.000000       -1.000000      
 (-4.1723251E-03,2.0395964E-03)  (2.0954758E-03,-1.0943040E-03)  
 (-2.0675361E-03,9.4529241E-04)
    1.000000        2.000000       -1.000000      
 (-2.7753413E-03,1.3178214E-03)  (7.9453457E-05,1.3783574E-03)  
 (-2.6170164E-03,4.0605664E-03)
    1.000000       -2.000000       -1.000000      
 (9.9651515E-04,-4.4470653E-04)  (-1.5788828E-05,-6.1467290E-04)  
 (1.0244548E-03,7.8231096E-04)
    1.000000       -1.000000       -2.000000      
 (1.6298145E-03,-9.4994903E-04)  (-3.1106174E-03,8.5681677E-04)  
 (2.3655593E-03,-9.0338290E-04)
    1.000000       -1.000000       -1.000000      
 (-4.6379864E-03,3.4272671E-03)  (-1.5366822E-03,-1.6298145E-04)  
 (-3.1106174E-03,3.5949051E-03)
    2.000000        0.000000       -1.000000      (1.9185245E-03,8.9872628E-04)
   (6.8545341E-03,3.2782555E-03)  (3.8370490E-03,1.7974526E-03)
    2.000000        1.000000       -1.000000      
 (-1.0244548E-03,-1.5925616E-03)  (6.4726919E-04,8.3819032E-04)  
 (-1.4062971E-03,-2.3562461E-03)
    2.000000       -1.000000       -1.000000      
 (-9.0338290E-04,1.0384247E-03)  (-6.9849193E-04,2.3189932E-03)  
 (-1.1082739E-03,-2.4097972E-04)
