   0.00000000       0.00000000       1.00000000     (  2.75671482E-02,  7.35744834E-03) (  2.83122063E-02, -3.38256359E-02) (  0.00000000    ,  0.00000000    )
   0.00000000       0.00000000       2.00000000     ( -1.95577741E-04,  1.67638063E-03) (  1.32247806E-03,  5.96046448E-04) (  0.00000000    ,  0.00000000    )
   0.00000000       1.00000000       0.00000000     ( -1.95577741E-02,  8.10250640E-04) (  0.00000000    ,  0.00000000    ) (  3.86498868E-03,  1.41188502E-02)
   0.00000000       1.00000000       1.00000000     (  8.34465027E-03,  4.27477062E-03) ( -1.62981451E-03, -1.00769103E-02) (  1.62981451E-03,  1.00769103E-02)
   0.00000000       1.00000000       2.00000000     (  1.49011612E-03, -2.28174031E-04) (  4.47034836E-04, -3.35276127E-04) ( -2.23517418E-04,  1.67638063E-04)
   0.00000000       2.00000000       0.00000000     (  1.81607902E-04, -7.82310963E-04) (  0.00000000    ,  0.00000000    ) (  1.15483999E-03, -1.58324838E-03)
   0.00000000       2.00000000       1.00000000     ( -6.61239028E-04, -7.72997737E-04) (  5.49480319E-04, -1.03609636E-04) ( -1.09896064E-03,  2.07219273E-04)
   0.00000000      -2.00000000       0.00000000     (  1.81607902E-04,  7.82310963E-04) (  0.00000000    ,  0.00000000    ) (  1.15483999E-03,  1.58324838E-03)
   0.00000000      -2.00000000       1.00000000     (  2.53319740E-03, -4.00468707E-04) (  5.02914190E-04, -3.49245965E-04) (  1.00582838E-03, -6.98491931E-04)
   0.00000000      -1.00000000       0.00000000     ( -1.95577741E-02, -8.10250640E-04) (  0.00000000    ,  0.00000000    ) (  3.86498868E-03, -1.41188502E-02)
   0.00000000      -1.00000000       1.00000000     (  8.62404704E-03, -2.85357237E-02) ( -6.11180440E-04,  2.36090273E-03) ( -6.11180440E-04,  2.36090273E-03)
   0.00000000      -1.00000000       2.00000000     (  2.46800482E-04,  3.63215804E-04) ( -1.42026693E-04,  6.89178705E-04) ( -7.10133463E-05,  3.44589353E-04)
   1.00000000       0.00000000       0.00000000     (  0.00000000    ,  0.00000000    ) ( -1.34855509E-02,  1.42678618E-02) (  3.53902578E-02,  2.66730785E-02)
   1.00000000       0.00000000       1.00000000     (  3.98606062E-03, -3.76254320E-03) ( -3.68058681E-02,  5.88595867E-03) ( -3.98606062E-03,  3.76254320E-03)
   1.00000000       0.00000000       2.00000000     ( -3.16649675E-04, -9.31322575E-04) ( -1.54599547E-03, -1.04308128E-03) (  1.58324838E-04,  4.65661287E-04)
   1.00000000       1.00000000       0.00000000     (  5.42961061E-03,  6.44475222E-03) ( -5.42961061E-03, -6.44475222E-03) ( -1.05611980E-02,  1.19209290E-02)
   1.00000000       1.00000000       1.00000000     ( -5.12227416E-04,  1.04308128E-03) (  9.87201929E-04, -8.61473382E-05) ( -4.74974513E-04, -9.49949026E-04)
   1.00000000       1.00000000       2.00000000     (  4.47034836E-04,  1.60653144E-04) (  1.69966370E-04, -9.89530236E-05) ( -3.07336450E-04, -3.08500603E-05)
   1.00000000       2.00000000       0.00000000     (  6.70552254E-04, -8.94069672E-04) ( -3.35276127E-04,  4.47034836E-04) ( -9.87201929E-04,  4.37721610E-04)
   1.00000000       2.00000000       1.00000000     ( -1.58324838E-03, -4.94765118E-05) (  1.22934580E-03,  3.35276127E-04) ( -8.94069672E-04, -6.14672899E-04)
   1.00000000      -2.00000000       0.00000000     (  2.42143869E-04,  9.31322575E-04) (  1.21071935E-04,  4.65661287E-04) (  8.94069672E-04,  5.40167093E-04)
   1.00000000      -2.00000000       1.00000000     (  3.02679837E-04, -1.19209290E-03) (  2.23517418E-04, -9.31322575E-04) (  1.42026693E-04, -6.51925802E-04)
   1.00000000      -1.00000000       0.00000000     ( -2.37952918E-03, -1.62050128E-02) ( -2.37952918E-03, -1.62050128E-02) ( -1.35228038E-02,  1.73598528E-02)
   1.00000000      -1.00000000       1.00000000     ( -8.19563866E-04, -2.11875886E-04) (  8.00937414E-04,  1.71363354E-03) (  1.62050128E-03,  1.93715096E-03)
   1.00000000      -1.00000000       2.00000000     (  8.56816769E-04, -1.19209290E-03) (  2.46800482E-04, -3.49245965E-04) ( -3.02679837E-04,  4.19095159E-04)
   2.00000000       0.00000000       0.00000000     (  0.00000000    ,  0.00000000    ) ( -1.56462193E-03, -1.02445483E-03) (  8.66129994E-04, -7.45058060E-04)
   2.00000000       0.00000000       1.00000000     ( -4.56348062E-04,  7.45058060E-04) ( -1.74622983E-04, -8.00937414E-04) (  9.12696123E-04, -1.49011612E-03)
   2.00000000       1.00000000       0.00000000     (  5.58793545E-04, -3.30619514E-04) ( -1.11758709E-03,  6.61239028E-04) (  1.88592821E-04,  2.11875886E-04)
   2.00000000       1.00000000       1.00000000     (  9.19681042E-05, -2.16532499E-04) ( -6.89178705E-04,  1.45286322E-03) (  5.02914190E-04, -1.02445483E-03)
   2.00000000      -1.00000000       0.00000000     (  2.18860805E-04, -7.17118382E-04) (  4.37721610E-04, -1.43423676E-03) (  2.37487257E-04, -7.17118382E-04)
   2.00000000      -1.00000000       1.00000000     (  8.47503543E-04, -4.22005542E-06) (  1.30385160E-03, -1.25728548E-04) ( -3.86498868E-04, -1.16415322E-04)
