   0.00000000       0.00000000      -2.00000000     (  2.23517418E-04,  7.45058060E-04) ( -5.77419996E-04,  1.35041773E-04) (  0.00000000    ,  0.00000000    )
   0.00000000       0.00000000      -1.00000000     (  2.10851431E-02, -2.00700015E-03) (  3.37511301E-02,  2.52574682E-02) (  0.00000000    ,  0.00000000    )
   0.00000000       1.00000000      -2.00000000     (  2.04890966E-04,  3.63797881E-06) ( -2.32830644E-04,  2.14204192E-04) ( -1.16415322E-04,  1.07102096E-04)
   0.00000000       1.00000000      -1.00000000     (  6.76664058E-05,  3.07708979E-02) ( -4.33996320E-03, -3.14787030E-03) ( -4.33996320E-03, -3.14787030E-03)
   0.00000000       2.00000000      -1.00000000     ( -7.26431608E-04, -8.14907253E-06) ( -2.67755240E-05,  9.54605639E-05) ( -5.35510480E-05,  1.90921128E-04)
   0.00000000      -2.00000000      -1.00000000     (  4.65661287E-04,  1.35041773E-04) ( -2.23517418E-04, -1.11758709E-04) (  4.47034836E-04,  2.23517418E-04)
   0.00000000      -1.00000000      -2.00000000     ( -3.91155481E-04,  1.76951289E-04) ( -2.98023224E-04, -1.16415322E-04) (  1.49011612E-04,  5.82076609E-05)
   0.00000000      -1.00000000      -1.00000000     (  7.87898898E-03, -9.55536962E-03) ( -2.78465450E-03,  5.05708158E-03) (  2.78465450E-03, -5.05708158E-03)
   1.00000000       0.00000000      -2.00000000     ( -2.51457095E-04,  1.11758709E-04) ( -3.72529030E-04,  2.23517418E-04) ( -1.25728548E-04,  5.58793545E-05)
   1.00000000       0.00000000      -1.00000000     (  9.31322575E-03, -4.85219061E-03) ( -9.94652510E-03, -1.47148967E-03) (  9.31322575E-03, -4.85219061E-03)
   1.00000000       1.00000000      -2.00000000     ( -2.23517418E-04, -1.21071935E-04) (  1.76951289E-04, -5.58793545E-04) ( -2.21189111E-05, -3.35276127E-04)
   1.00000000       1.00000000      -1.00000000     ( -3.25962901E-04,  2.04890966E-04) (  6.51925802E-04,  2.79396772E-04) (  3.25962901E-04,  4.84287739E-04)
   1.00000000       2.00000000      -1.00000000     (  6.51925802E-05,  2.32830644E-04) ( -1.76951289E-04, -2.42143869E-04) ( -2.88709998E-04, -2.42143869E-04)
   1.00000000      -2.00000000      -1.00000000     (  4.84287739E-04,  2.04890966E-04) (  2.98023224E-04,  2.23517418E-04) ( -1.11758709E-04, -2.32830644E-04)
   1.00000000      -1.00000000      -2.00000000     (  2.42143869E-04, -2.42143869E-04) (  3.91155481E-04, -7.91624188E-05) ( -7.45058060E-05, -8.14907253E-05)
   1.00000000      -1.00000000      -1.00000000     ( -8.61473382E-05,  5.02914190E-04) ( -4.84287739E-04,  2.00234354E-04) (  3.91155481E-04,  3.07336450E-04)
   2.00000000       0.00000000      -1.00000000     ( -1.62981451E-04, -6.28642738E-05) (  2.40106601E-06,  2.91038305E-05) ( -3.25962901E-04, -1.25728548E-04)
   2.00000000       1.00000000      -1.00000000     ( -9.31322575E-05,  4.65661287E-06) (  1.62981451E-04, -9.31322575E-05) ( -2.09547579E-05, -8.38190317E-05)
   2.00000000      -1.00000000      -1.00000000     (  6.28642738E-05,  2.56113708E-05) (  4.09781933E-04, -3.44589353E-04) ( -2.79396772E-04,  3.91155481E-04)
