    0.000000        0.000000        1.000000      (2.3096800E-02,1.2405217E-02)
   (-4.6752393E-03,-1.9967556E-02)  (0.000000,0.000000)
    0.000000        0.000000        2.000000      
 (8.5309148E-03,-2.5844201E-03)  (5.2619725E-03,2.9709190E-03)  
 (0.000000,0.000000)
    0.000000        1.000000        0.000000      
 (-2.0139851E-04,1.1548400E-02)  (0.000000,0.000000)  
 (2.9616058E-03,-3.4645200E-03)
    0.000000        1.000000        1.000000      
 (3.9674342E-03,-8.0559403E-04)  (7.3760748E-03,-6.0349703E-03)  
 (-7.3760748E-03,6.0349703E-03)
    0.000000        1.000000        2.000000      
 (-8.4750354E-03,-2.2212043E-03)  (-8.3260238E-03,6.3591870E-05)  
 (4.1630119E-03,-3.1795935E-05)
    0.000000        2.000000        0.000000      
 (-5.3085387E-04,-4.7031790E-03)  (0.000000,0.000000)  
 (-2.8777868E-03,2.1187589E-03)
    0.000000        2.000000        1.000000      
 (1.0896474E-02,-2.7846545E-03)  (-2.1827873E-04,-2.5611371E-03)  
 (4.3655746E-04,5.1222742E-03)
    0.000000       -2.000000        0.000000      
 (-5.3085387E-04,4.7031790E-03)  (0.000000,0.000000)  
 (-2.8777868E-03,-2.1187589E-03)
    0.000000       -2.000000        1.000000      
 (-1.2554228E-02,-9.2387199E-03)  (-3.9022416E-03,9.9884346E-04)  
 (-7.8044832E-03,1.9976869E-03)
    0.000000       -1.000000        0.000000      
 (-2.0139851E-04,-1.1548400E-02)  (0.000000,0.000000)  
 (2.9616058E-03,3.4645200E-03)
    0.000000       -1.000000        1.000000      
 (7.4505806E-03,-9.8347664E-03)  (-2.8032809E-03,-3.6507845E-03)  
 (-2.8032809E-03,-3.6507845E-03)
    0.000000       -1.000000        2.000000      
 (-1.0691583E-02,3.0454248E-03)  (-7.9860911E-04,5.0384551E-03)  
 (-3.9930455E-04,2.5192276E-03)
    1.000000        0.000000        0.000000      (0.000000,0.000000)  
 (-2.4586916E-02,4.9918890E-03)  (2.1234155E-02,1.8998981E-02)
    1.000000        0.000000        1.000000      
 (-3.1199306E-04,-4.4703484E-03)  (-2.3320317E-02,1.6167760E-02)  
 (3.1199306E-04,4.4703484E-03)
    1.000000        0.000000        2.000000      (1.2642704E-03,1.4575198E-03)
   (5.3644180E-03,9.9837780E-03)  (-6.3213520E-04,-7.2875991E-04)
    1.000000        1.000000        0.000000      
 (4.7683716E-03,-9.1269612E-04)  (-4.7683716E-03,9.1269612E-04)  
 (-4.8242509E-03,2.1234155E-03)
    1.000000        1.000000        1.000000      
 (-1.9138679E-03,3.0267984E-03)  (6.4028427E-04,-1.8207356E-03)  
 (1.2712553E-03,-1.2083910E-03)
    1.000000        1.000000        2.000000      
 (-3.3527613E-03,-1.3527460E-03)  (-2.5983900E-03,-5.8673322E-03)  
 (2.9709190E-03,3.6135316E-03)
    1.000000        2.000000        0.000000      
 (-2.3865141E-04,4.1164458E-03)  (1.1932570E-04,-2.0582229E-03)  
 (2.2631139E-03,1.0859221E-02)
    1.000000        2.000000        1.000000      (5.8859587E-03,4.3399632E-03)
   (-1.4668331E-03,-1.4272518E-03)  (-2.9522926E-03,-1.4854595E-03)
    1.000000       -2.000000        0.000000      
 (-9.9185854E-04,4.7311187E-03)  (-4.9592927E-04,2.3655593E-03)  
 (-6.5006316E-03,-8.1490725E-04)
    1.000000       -2.000000        1.000000      
 (-1.4109537E-03,9.3597919E-04)  (-3.9930455E-04,1.7182902E-03)  
 (6.1234459E-04,2.5006011E-03)
    1.000000       -1.000000        0.000000      
 (-3.7625432E-03,-7.0082024E-04)  (-3.7625432E-03,-7.0082024E-04)  
 (-4.8428774E-03,4.1350722E-03)
    1.000000       -1.000000        1.000000      (1.3783574E-02,6.4261258E-03)
   (4.9639493E-03,6.4074993E-03)  (-8.8289380E-03,-1.9790605E-05)
    1.000000       -1.000000        2.000000      (3.9930455E-04,3.8091093E-03)
   (-3.6437996E-04,-2.0768493E-03)  (-3.8184226E-04,-2.9429793E-03)
    2.000000        0.000000        0.000000      (0.000000,0.000000)  
 (1.4714897E-02,-7.1898103E-03)  (-1.7136335E-03,4.4517219E-03)
    2.000000        0.000000        1.000000      
 (-4.9546361E-03,2.8871000E-03)  (5.6996942E-03,1.3001263E-02)  
 (9.9092722E-03,-5.7742000E-03)
    2.000000        1.000000        0.000000      
 (-1.7322600E-03,-1.1199154E-03)  (3.4645200E-03,2.2398308E-03)  
 (-4.8894435E-03,-1.6530976E-03)
    2.000000        1.000000        1.000000      (3.5110861E-03,5.8487058E-03)
   (-6.4074993E-03,-1.2740493E-02)  (-6.1118044E-04,1.0267831E-03)
    2.000000       -1.000000        0.000000      
 (-2.5436748E-04,-2.6635826E-03)  (-5.0873496E-04,-5.3271651E-03)  
 (2.0442531E-03,4.0140003E-03)
    2.000000       -1.000000        1.000000      
 (-5.6531280E-03,1.0756776E-03)  (-6.0163438E-03,1.2596138E-03)  
 (5.2899122E-03,-8.9174137E-04)
