    0.000000        0.000000       -2.000000      (6.6123903E-03,1.5320256E-03)
   (6.1094761E-03,-4.8801303E-03)  (0.000000,0.000000)
    0.000000        0.000000       -1.000000      
 (2.1010637E-02,-1.1585653E-02)  (-9.1642141E-03,1.6316772E-02)  
 (0.000000,0.000000)
    0.000000        1.000000       -2.000000      
 (-1.3522804E-02,-1.5646219E-03)  (-2.7241185E-03,-4.7497451E-04)  
 (-1.3620593E-03,-2.3748726E-04)
    0.000000        1.000000       -1.000000      (6.5006316E-03,5.6065619E-03)
   (-1.7695129E-03,4.5821071E-03)  (-1.7695129E-03,4.5821071E-03)
    0.000000        2.000000       -1.000000      
 (-1.2554228E-02,1.1473894E-02)  (-3.6694109E-03,-1.0244548E-03)  
 (-7.3388219E-03,-2.0489097E-03)
    0.000000       -2.000000       -1.000000      (9.7416341E-03,2.9895455E-03)
   (-4.1443855E-04,1.8067658E-03)  (8.2887709E-04,-3.6135316E-03)
    0.000000       -1.000000       -2.000000      
 (-8.2328916E-03,2.4400651E-03)  (-4.6659261E-03,1.6484410E-03)  
 (2.3329630E-03,-8.2422048E-04)
    0.000000       -1.000000       -1.000000      
 (4.3958426E-03,-3.1664968E-03)  (5.9604645E-03,4.5262277E-03)  
 (-5.9604645E-03,-4.5262277E-03)
    1.000000        0.000000       -2.000000      (8.6054206E-03,2.6402995E-03)
   (-3.9208680E-03,4.2840838E-03)  (4.3027103E-03,1.3201497E-03)
    1.000000        0.000000       -1.000000      
 (3.7439167E-03,-7.9860911E-04)  (7.1898103E-03,-4.5262277E-03)  
 (3.7439167E-03,-7.9860911E-04)
    1.000000        1.000000       -2.000000      
 (-3.4272671E-03,-5.1659299E-05)  (-2.9988587E-03,-1.3373792E-02)  
 (-3.2130629E-03,-6.7055225E-03)
    1.000000        1.000000       -1.000000      
 (-8.2142651E-03,-5.6461431E-04)  (2.1420419E-03,-1.5087426E-03)  
 (-6.0722232E-03,-2.0721927E-03)
    1.000000        2.000000       -1.000000      
 (-8.7730587E-03,7.9016900E-05)  (1.4482066E-03,2.8405339E-03)  
 (-5.8859587E-03,5.7555735E-03)
    1.000000       -2.000000       -1.000000      
 (6.2049367E-04,-4.0419400E-03)  (-6.5541826E-04,-1.4482066E-03)  
 (1.9324943E-03,-1.1408702E-03)
    1.000000       -1.000000       -2.000000      (4.8149377E-03,2.0430889E-04)
   (-4.3399632E-03,1.5273690E-03)  (4.5727938E-03,-6.6123903E-04)
    1.000000       -1.000000       -1.000000      
 (-1.0225922E-02,4.5541674E-03)  (-6.2212348E-03,3.8417056E-04)  
 (-4.0046871E-03,4.1723251E-03)
    2.000000        0.000000       -1.000000      (2.1280721E-03,4.1350722E-03)
   (8.0280006E-03,7.5437129E-03)  (4.2561442E-03,8.2701445E-03)
    2.000000        1.000000       -1.000000      
 (-1.1501834E-03,-1.9976869E-03)  (3.8091093E-03,-4.6193600E-03)  
 (1.5087426E-03,-8.6054206E-03)
    2.000000       -1.000000       -1.000000      
 (-1.5599653E-03,2.5890768E-03)  (2.3923349E-04,6.2957406E-03)  
 (-3.3620745E-03,-1.1129305E-03)
