   0.00000000       0.00000000       1.00000000     (  3.10130417E-03, -1.14738941E-02) (  2.82377005E-02, -9.45874490E-05) (  0.00000000    ,  0.00000000    )
   0.00000000       0.00000000       2.00000000     (  3.72529030E-03, -6.61239028E-04) ( -4.76837158E-03, -2.64495611E-03) (  0.00000000    ,  0.00000000    )
   0.00000000       1.00000000       0.00000000     (  3.96743417E-03, -3.43658030E-03) (  0.00000000    ,  0.00000000    ) (  1.51991844E-02, -1.53668225E-03)
   0.00000000       1.00000000       1.00000000     (  9.33650881E-04,  8.24220479E-04) (  4.02331352E-03, -1.21071935E-03) ( -4.02331352E-03,  1.21071935E-03)
   0.00000000       1.00000000       2.00000000     (  2.47731805E-03, -2.64495611E-03) ( -4.42378223E-04,  1.41561031E-03) (  2.21189111E-04, -7.07805157E-04)
   0.00000000       2.00000000       0.00000000     (  1.63912773E-03,  2.23517418E-03) (  0.00000000    ,  0.00000000    ) ( -1.29221007E-04,  1.40629709E-03)
   0.00000000       2.00000000       1.00000000     ( -3.39932740E-04, -2.45869160E-03) ( -2.65426934E-04,  6.33299351E-04) (  5.30853868E-04, -1.26659870E-03)
   0.00000000      -2.00000000       0.00000000     (  1.63912773E-03, -2.23517418E-03) (  0.00000000    ,  0.00000000    ) ( -1.29221007E-04, -1.40629709E-03)
   0.00000000      -2.00000000       1.00000000     ( -1.06170774E-03,  1.35973096E-03) ( -8.75443220E-04, -3.39932740E-04) ( -1.75088644E-03, -6.79865479E-04)
   0.00000000      -1.00000000       0.00000000     (  3.96743417E-03,  3.43658030E-03) (  0.00000000    ,  0.00000000    ) (  1.51991844E-02,  1.53668225E-03)
   0.00000000      -1.00000000       1.00000000     ( -6.76140189E-03, -1.52736902E-02) ( -7.45058060E-03,  4.95463610E-03) ( -7.45058060E-03,  4.95463610E-03)
   0.00000000      -1.00000000       2.00000000     (  4.30736691E-05, -1.62981451E-03) (  1.51805580E-03,  3.74857336E-04) (  7.59027898E-04,  1.87428668E-04)
   1.00000000       0.00000000       0.00000000     (  0.00000000    ,  0.00000000    ) ( -2.72691250E-02,  1.26287341E-02) (  1.46403909E-02, -4.09781933E-03)
   1.00000000       0.00000000       1.00000000     ( -1.93715096E-03, -9.54605639E-04) ( -3.81842256E-03, -1.22934580E-02) (  1.93715096E-03,  9.54605639E-04)
   1.00000000       0.00000000       2.00000000     ( -2.27242708E-03, -1.39698386E-03) (  2.84053385E-04,  1.01514161E-03) (  1.13621354E-03,  6.98491931E-04)
   1.00000000       1.00000000       0.00000000     (  2.97091901E-03,  2.24448740E-03) ( -2.97091901E-03, -2.24448740E-03) (  3.94880772E-03,  1.06543303E-02)
   1.00000000       1.00000000       1.00000000     ( -2.08383426E-04,  2.01398507E-04) ( -1.11758709E-03,  1.53668225E-03) (  1.32247806E-03, -1.73225999E-03)
   1.00000000       1.00000000       2.00000000     ( -2.27242708E-03,  3.11993062E-04) (  1.53668225E-03,  1.57393515E-03) (  3.67872417E-04, -9.40635800E-04)
   1.00000000       2.00000000       0.00000000     (  1.79279596E-04,  1.97440386E-03) ( -8.96397978E-05, -9.87201929E-04) ( -1.52736902E-03,  4.51691449E-04)
   1.00000000       2.00000000       1.00000000     (  1.42492354E-03,  1.13621354E-03) ( -5.49480319E-04, -3.95812094E-04) ( -3.23634595E-04, -3.42261046E-04)
   1.00000000      -2.00000000       0.00000000     (  7.63684511E-04,  7.54371285E-04) (  3.81842256E-04,  3.77185643E-04) ( -1.36904418E-03, -1.43190846E-04)
   1.00000000      -2.00000000       1.00000000     ( -1.42492354E-03,  2.67755240E-04) ( -5.02914190E-04,  5.49480319E-04) (  4.19095159E-04,  8.28877091E-04)
   1.00000000      -1.00000000       0.00000000     (  2.94297934E-03, -8.17235559E-04) (  2.94297934E-03, -8.17235559E-04) ( -5.23403287E-03,  1.57207251E-02)
   1.00000000      -1.00000000       1.00000000     (  2.45869160E-03,  2.08616257E-03) ( -1.66473910E-04, -3.20374966E-03) ( -2.62632966E-03, -5.28991222E-03)
   1.00000000      -1.00000000       2.00000000     ( -2.68220901E-03, -6.93835318E-04) (  8.05594027E-04,  2.88709998E-04) (  1.75088644E-03,  4.93600965E-04)
   2.00000000       0.00000000       0.00000000     (  0.00000000    ,  0.00000000    ) ( -5.44823706E-04,  2.62632966E-03) ( -9.31322575E-04, -1.13621354E-03)
   2.00000000       0.00000000       1.00000000     ( -3.98140401E-04,  3.60887498E-04) ( -1.58324838E-03, -8.05594027E-04) (  7.96280801E-04, -7.21774995E-04)
   2.00000000       1.00000000       0.00000000     ( -2.03726813E-04, -3.32947820E-04) (  4.07453626E-04,  6.65895641E-04) (  4.70317900E-04,  8.75443220E-04)
   2.00000000       1.00000000       1.00000000     ( -2.37487257E-04,  5.09317033E-05) ( -8.14907253E-04,  7.59027898E-04) (  1.29453838E-03, -8.56816769E-04)
   2.00000000      -1.00000000       0.00000000     ( -1.33179128E-03, -9.22009349E-04) ( -2.66358256E-03, -1.84401870E-03) (  1.15483999E-03,  2.17929482E-03)
   2.00000000      -1.00000000       1.00000000     (  5.26197255E-04, -1.55530870E-03) ( -6.37955964E-04, -7.97444955E-05) ( -1.69500709E-03,  3.01748514E-03)
