   0.00000000       0.00000000      -2.00000000     (  1.35973096E-03,  2.55182385E-03) ( -2.12341547E-03, -1.05937943E-04) (  0.00000000    ,  0.00000000    )
   0.00000000       0.00000000      -1.00000000     (  1.72480941E-02,  1.10594556E-03) (  3.50177288E-02,  2.00420618E-02) (  0.00000000    ,  0.00000000    )
   0.00000000       1.00000000      -2.00000000     (  1.22003257E-03,  1.41153578E-05) ( -5.72763383E-04,  8.75443220E-04) ( -2.86381692E-04,  4.37721610E-04)
   0.00000000       1.00000000      -1.00000000     ( -2.55182385E-03,  2.97278166E-02) ( -6.01634383E-03, -2.31433660E-03) ( -6.01634383E-03, -2.31433660E-03)
   0.00000000       2.00000000      -1.00000000     ( -1.47148967E-03,  3.07336450E-04) (  1.60653144E-04,  7.63684511E-04) (  3.21306288E-04,  1.52736902E-03)
   0.00000000      -2.00000000      -1.00000000     (  2.21654773E-03,  9.22009349E-04) ( -7.35744834E-04, -1.64145604E-04) (  1.47148967E-03,  3.28291208E-04)
   0.00000000      -1.00000000      -2.00000000     ( -9.31322575E-04,  9.40635800E-04) ( -8.75443220E-04, -2.25845724E-04) (  4.37721610E-04,  1.12922862E-04)
   0.00000000      -1.00000000      -1.00000000     (  8.02800059E-03, -1.02072954E-02) ( -2.17929482E-03,  2.84984708E-03) (  2.17929482E-03, -2.84984708E-03)
   1.00000000       0.00000000      -2.00000000     ( -1.04308128E-03, -6.86850399E-05) ( -9.49949026E-04,  1.27591193E-03) ( -5.21540642E-04, -3.43425199E-05)
   1.00000000       0.00000000      -1.00000000     (  8.79168510E-03, -5.01051545E-03) ( -9.64850187E-03,  1.57859176E-03) (  8.79168510E-03, -5.01051545E-03)
   1.00000000       1.00000000      -2.00000000     ( -7.63684511E-04, -2.14204192E-04) (  8.75443220E-04, -2.27242708E-03) (  5.64614311E-05, -1.23865902E-03)
   1.00000000       1.00000000      -1.00000000     ( -1.99303031E-03,  1.69500709E-03) (  2.40281224E-03,  2.42143869E-04) (  4.05125320E-04,  1.93715096E-03)
   1.00000000       2.00000000      -1.00000000     (  4.88944352E-04, -4.23751771E-04) ( -6.79865479E-04, -3.91155481E-04) ( -8.75443220E-04, -1.20140612E-03)
   1.00000000      -2.00000000      -1.00000000     (  1.54599547E-03,  4.47034836E-04) (  1.02445483E-03,  5.96046448E-04) ( -5.16884029E-04, -7.45058060E-04)
   1.00000000      -1.00000000      -2.00000000     (  8.47503543E-04, -9.49949026E-04) (  1.08964741E-03, -6.89178705E-04) ( -1.19907781E-04, -1.30385160E-04)
   1.00000000      -1.00000000      -1.00000000     (  1.30967237E-05,  1.89989805E-03) ( -1.26659870E-03,  1.07102096E-03) (  1.27591193E-03,  8.28877091E-04)
   2.00000000       0.00000000      -1.00000000     ( -5.35510480E-04, -3.39932740E-04) (  6.19329512E-04, -4.51691449E-04) ( -1.07102096E-03, -6.79865479E-04)
   2.00000000       1.00000000      -1.00000000     (  4.51691449E-04,  3.63215804E-04) ( -4.37721610E-04,  5.35510480E-04) (  4.65661287E-04,  1.26659870E-03)
   2.00000000      -1.00000000      -1.00000000     (  4.00468707E-04,  1.04773790E-04) (  1.21071935E-03, -1.11758709E-03) ( -4.09781933E-04,  1.33179128E-03)
