    0.000000        0.000000        1.000000      (2.1085143E-02,1.1660159E-02)
   (-8.9034438E-03,-1.6465783E-02)  (0.000000,0.000000)
    0.000000        0.000000        2.000000      
 (6.8172812E-03,-1.5692785E-03)  (6.1281025E-03,4.8335642E-03)  
 (0.000000,0.000000)
    0.000000        1.000000        0.000000      (1.3783574E-03,8.2701445E-03)
   (0.000000,0.000000)  (3.6321580E-03,-2.2910535E-03)
    0.000000        1.000000        1.000000      (4.3399632E-03,2.8871000E-03)
   (6.0535967E-03,-4.6007335E-03)  (-6.0535967E-03,4.6007335E-03)
    0.000000        1.000000        2.000000      
 (-8.2515180E-03,-2.4819747E-03)  (-4.9360096E-03,-1.5040860E-03)  
 (2.4680048E-03,7.5204298E-04)
    0.000000        2.000000        0.000000      
 (-3.8091093E-03,-5.9721060E-04)  (0.000000,0.000000)  
 (-8.0559403E-04,3.0361116E-03)
    0.000000        2.000000        1.000000      
 (1.0076910E-02,-3.0361116E-03)  (-3.5739504E-04,-1.8859282E-03)  
 (7.1479008E-04,3.7718564E-03)
    0.000000       -2.000000        0.000000      
 (-3.8091093E-03,5.9721060E-04)  (0.000000,0.000000)  
 (-8.0559403E-04,-3.0361116E-03)
    0.000000       -2.000000        1.000000      
 (-1.2703240E-02,-1.1511147E-02)  (-3.7718564E-03,1.0756776E-03)  
 (-7.5437129E-03,2.1513551E-03)
    0.000000       -1.000000        0.000000      
 (1.3783574E-03,-8.2701445E-03)  (0.000000,0.000000)  
 (3.6321580E-03,2.2910535E-03)
    0.000000       -1.000000        1.000000      
 (6.4447522E-03,-5.8300793E-03)  (-1.8440187E-03,-4.5076013E-03)  
 (-1.8440187E-03,-4.5076013E-03)
    0.000000       -1.000000        2.000000      
 (-1.3560057E-02,1.7927960E-03)  (-2.6263297E-03,8.7777153E-04)  
 (-1.3131648E-03,4.3888576E-04)
    1.000000        0.000000        0.000000      (0.000000,0.000000)  
 (-2.5555491E-02,5.0105155E-03)  (1.7061830E-02,1.7732382E-02)
    1.000000        0.000000        1.000000      
 (-2.2072345E-03,-3.2130629E-03)  (-1.8700957E-02,1.4230609E-02)  
 (2.2072345E-03,3.2130629E-03)
    1.000000        0.000000        2.000000      (5.9138983E-04,1.5459955E-03)
   (4.6566129E-03,1.0319054E-02)  (-2.9569492E-04,-7.7299774E-04)
    1.000000        1.000000        0.000000      
 (3.3713877E-03,-1.4947727E-03)  (-3.3713877E-03,1.4947727E-03)  
 (-2.2538006E-03,2.3283064E-03)
    1.000000        1.000000        1.000000      (1.2177043E-03,4.2561442E-03)
   (-2.6309863E-03,-3.1944364E-03)  (1.4109537E-03,-1.0593794E-03)
    1.000000        1.000000        2.000000      
 (-4.1723251E-03,1.2945384E-03)  (-2.1012966E-04,-5.2899122E-03)  
 (2.1886081E-03,1.9976869E-03)
    1.000000        2.000000        0.000000      (2.7986243E-03,2.1653250E-03)
   (-1.3993122E-03,-1.0826625E-03)  (3.9394945E-03,8.7358057E-03)
    1.000000        2.000000        1.000000      (3.4272671E-03,3.3620745E-03)
   (-2.0815060E-03,5.7159923E-04)  (7.3807314E-04,-4.5076013E-03)
    1.000000       -2.000000        0.000000      (1.0337681E-03,7.7113509E-03)
   (5.1688403E-04,3.8556755E-03)  (-5.9977174E-03,-1.0104850E-03)
    1.000000       -2.000000        1.000000      
 (-2.4493784E-03,-5.2852556E-04)  (-4.5984052E-04,-2.3399480E-04)  
 (1.5320256E-03,6.0535967E-05)
    1.000000       -1.000000        0.000000      
 (-1.4528632E-03,4.9592927E-04)  (-1.4528632E-03,4.9592927E-04)  
 (-5.5134296E-03,3.5017729E-03)
    1.000000       -1.000000        1.000000      
 (1.3820827E-02,-8.4750354E-04)  (4.4610351E-03,5.7509169E-04)  
 (-9.3691051E-03,1.4225952E-03)
    1.000000       -1.000000        2.000000      
 (-3.6321580E-03,-5.2619725E-04)  (-7.0594251E-03,-4.4330955E-03)  
 (-1.7089769E-03,-1.9557774E-03)
    2.000000        0.000000        0.000000      (0.000000,0.000000)  
 (1.2628734E-02,-3.8929284E-03)  (-4.8312359E-04,1.0919757E-03)
    2.000000        0.000000        1.000000      
 (-3.0174851E-03,5.3178519E-03)  (4.2095780E-03,9.6112490E-03)  
 (6.0349703E-03,-1.0635704E-02)
    2.000000        1.000000        0.000000      
 (-1.9697472E-03,-2.8777868E-03)  (3.9394945E-03,5.7555735E-03)  
 (-7.6740980E-03,4.3213367E-03)
    2.000000        1.000000        1.000000      (3.2875687E-03,4.5448542E-03)
   (-4.5169145E-03,-1.3560057E-02)  (-2.0628795E-03,4.4796616E-03)
    2.000000       -1.000000        0.000000      
 (-3.0919909E-03,-3.2875687E-03)  (-6.1839819E-03,-6.5751374E-03)  
 (1.6344711E-03,4.2282045E-03)
    2.000000       -1.000000        1.000000      
 (-4.5821071E-03,2.5983900E-03)  (-3.7997961E-03,7.0221722E-03)  
 (5.3644180E-03,1.8207356E-03)
