   0.00000000       0.00000000       1.00000000     (  2.75671482E-02,  7.80448318E-03) (  2.68220901E-02, -3.39001417E-02) (  0.00000000    ,  0.00000000    )
   0.00000000       0.00000000       2.00000000     ( -1.21071935E-04,  8.94069672E-04) (  7.07805157E-04,  3.07336450E-04) (  0.00000000    ,  0.00000000    )
   0.00000000       1.00000000       0.00000000     ( -1.90362334E-02,  1.19674951E-03) (  0.00000000    ,  0.00000000    ) (  3.69735062E-03,  1.31875277E-02)
   0.00000000       1.00000000       1.00000000     (  8.23289156E-03,  3.27825546E-03) ( -1.27125531E-03, -1.03190541E-02) (  1.27125531E-03,  1.03190541E-02)
   0.00000000       1.00000000       2.00000000     (  8.19563866E-04, -1.67638063E-04) (  2.23517418E-04, -1.62981451E-04) ( -1.11758709E-04,  8.14907253E-05)
   0.00000000       2.00000000       0.00000000     (  1.67638063E-04, -3.44589353E-04) (  0.00000000    ,  0.00000000    ) (  5.77419996E-04, -8.00937414E-04)
   0.00000000       2.00000000       1.00000000     ( -3.53902578E-04, -4.65661287E-04) (  2.88709998E-04, -2.85217538E-05) ( -5.77419996E-04,  5.70435077E-05)
   0.00000000      -2.00000000       0.00000000     (  1.67638063E-04,  3.44589353E-04) (  0.00000000    ,  0.00000000    ) (  5.77419996E-04,  8.00937414E-04)
   0.00000000      -2.00000000       1.00000000     (  1.41561031E-03, -2.28174031E-04) (  2.88709998E-04, -2.04890966E-04) (  5.77419996E-04, -4.09781933E-04)
   0.00000000      -1.00000000       0.00000000     ( -1.90362334E-02, -1.19674951E-03) (  0.00000000    ,  0.00000000    ) (  3.69735062E-03, -1.31875277E-02)
   0.00000000      -1.00000000       1.00000000     (  9.64850187E-03, -2.74181366E-02) ( -2.15950422E-04,  2.01165676E-03) ( -2.15950422E-04,  2.01165676E-03)
   0.00000000      -1.00000000       2.00000000     (  1.39698386E-04,  2.04890966E-04) ( -1.11758709E-04,  3.81842256E-04) ( -5.58793545E-05,  1.90921128E-04)
   1.00000000       0.00000000       0.00000000     (  0.00000000    ,  0.00000000    ) ( -1.32247806E-02,  1.35973096E-02) (  3.50922346E-02,  2.70456076E-02)
   1.00000000       0.00000000       1.00000000     (  4.29339707E-03, -3.58559191E-03) ( -3.65823507E-02,  7.04079866E-03) ( -4.29339707E-03,  3.58559191E-03)
   1.00000000       0.00000000       2.00000000     ( -1.90921128E-04, -4.84287739E-04) ( -8.75443220E-04, -5.77419996E-04) (  9.54605639E-05,  2.42143869E-04)
   1.00000000       1.00000000       0.00000000     (  5.71832061E-03,  6.70552254E-03) ( -5.71832061E-03, -6.70552254E-03) ( -1.04121864E-02,  1.15111470E-02)
   1.00000000       1.00000000       1.00000000     ( -2.18860805E-04,  5.58793545E-04) (  4.84287739E-04, -5.47152013E-05) ( -2.51457095E-04, -5.02914190E-04)
   1.00000000       1.00000000       2.00000000     (  2.04890966E-04,  9.08039510E-05) (  1.35041773E-04, -6.05359674E-05) ( -1.67638063E-04, -1.51339918E-05)
   1.00000000       2.00000000       0.00000000     (  3.81842256E-04, -5.21540642E-04) ( -1.90921128E-04,  2.60770321E-04) ( -4.84287739E-04,  2.60770321E-04)
   1.00000000       2.00000000       1.00000000     ( -8.38190317E-04, -1.89174898E-06) (  6.70552254E-04,  1.76951289E-04) ( -5.21540642E-04, -3.53902578E-04)
   1.00000000      -2.00000000       0.00000000     (  1.07102096E-04,  5.02914190E-04) (  5.35510480E-05,  2.51457095E-04) (  4.84287739E-04,  2.28174031E-04)
   1.00000000      -2.00000000       1.00000000     (  1.44354999E-04, -6.70552254E-04) (  1.21071935E-04, -5.21540642E-04) (  1.02445483E-04, -3.72529030E-04)
   1.00000000      -1.00000000       0.00000000     ( -2.60770321E-03, -1.63167715E-02) ( -2.60770321E-03, -1.63167715E-02) ( -1.30757689E-02,  1.62422657E-02)
   1.00000000      -1.00000000       1.00000000     ( -4.09781933E-04, -1.14087015E-04) (  4.37721610E-04,  8.75443220E-04) (  8.38190317E-04,  9.68575478E-04)
   1.00000000      -1.00000000       2.00000000     (  3.72529030E-04, -5.96046448E-04) (  1.02445483E-04, -1.90921128E-04) ( -1.35041773E-04,  2.00234354E-04)
   2.00000000       0.00000000       0.00000000     (  0.00000000    ,  0.00000000    ) ( -8.38190317E-04, -4.84287739E-04) (  4.84287739E-04, -3.25962901E-04)
   2.00000000       0.00000000       1.00000000     ( -2.28174031E-04,  3.81842256E-04) ( -8.84756446E-05, -4.28408384E-04) (  4.56348062E-04, -7.63684511E-04)
   2.00000000       1.00000000       0.00000000     (  3.16649675E-04, -1.49011612E-04) ( -6.33299351E-04,  2.98023224E-04) (  6.51925802E-05,  2.32830644E-04)
   2.00000000       1.00000000       1.00000000     (  6.75208867E-05, -1.21071935E-04) ( -3.63215804E-04,  7.45058060E-04) (  2.32830644E-04, -5.02914190E-04)
   2.00000000      -1.00000000       0.00000000     (  1.02445483E-04, -3.81842256E-04) (  2.04890966E-04, -7.63684511E-04) (  1.07102096E-04, -3.91155481E-04)
   2.00000000      -1.00000000       1.00000000     (  4.65661287E-04, -1.70985004E-06) (  6.70552254E-04, -5.58793545E-05) ( -2.60770321E-04, -5.23868948E-05)
