   0.00000000       0.00000000       1.00000000     (  1.68383121E-02, -2.05822289E-03) (  3.62098217E-02, -1.91852450E-02) (  0.00000000    ,  0.00000000    )
   0.00000000       0.00000000       2.00000000     (  1.24797225E-03, -2.04890966E-03) ( -1.76951289E-03,  1.76951289E-04) (  0.00000000    ,  0.00000000    )
   0.00000000       1.00000000       0.00000000     ( -1.00582838E-02, -2.43075192E-03) (  0.00000000    ,  0.00000000    ) (  8.08387995E-03,  1.34482980E-02)
   0.00000000       1.00000000       1.00000000     (  8.27014446E-03,  1.03935599E-02) ( -1.92318112E-03, -2.53319740E-03) (  1.92318112E-03,  2.53319740E-03)
   0.00000000       1.00000000       2.00000000     ( -6.42612576E-04, -8.19563866E-04) ( -6.89178705E-04,  2.18860805E-04) (  3.44589353E-04, -1.09430403E-04)
   0.00000000       2.00000000       0.00000000     (  4.93600965E-04,  2.12341547E-03) (  0.00000000    ,  0.00000000    ) ( -2.68220901E-03,  1.32247806E-03)
   0.00000000       2.00000000       1.00000000     (  1.97440386E-03, -7.45058060E-04) ( -6.23986125E-04,  6.05359674E-05) (  1.24797225E-03, -1.21071935E-04)
   0.00000000      -2.00000000       0.00000000     (  4.93600965E-04, -2.12341547E-03) (  0.00000000    ,  0.00000000    ) ( -2.68220901E-03, -1.32247806E-03)
   0.00000000      -2.00000000       1.00000000     ( -9.87201929E-04, -2.98023224E-04) (  1.03609636E-04, -7.07805157E-04) (  2.07219273E-04, -1.41561031E-03)
   0.00000000      -1.00000000       0.00000000     ( -1.00582838E-02,  2.43075192E-03) (  0.00000000    ,  0.00000000    ) (  8.08387995E-03, -1.34482980E-02)
   0.00000000      -1.00000000       1.00000000     ( -3.15718353E-03, -3.00258398E-02) ( -6.55651093E-03,  2.18860805E-03) ( -6.55651093E-03,  2.18860805E-03)
   0.00000000      -1.00000000       2.00000000     (  1.10827386E-03, -2.82307155E-05) ( -3.21306288E-04, -7.26431608E-04) ( -1.60653144E-04, -3.63215804E-04)
   1.00000000       0.00000000       0.00000000     (  0.00000000    ,  0.00000000    ) ( -2.03400850E-02,  1.85891986E-02) (  2.31713057E-02,  9.72300768E-03)
   1.00000000       0.00000000       1.00000000     ( -2.82190740E-03, -8.17235559E-04) ( -2.33203173E-02, -1.02818012E-02) (  2.82190740E-03,  8.17235559E-04)
   1.00000000       0.00000000       2.00000000     ( -1.22934580E-03,  5.86733222E-04) (  8.38190317E-04,  9.59262252E-04) (  6.14672899E-04, -2.93366611E-04)
   1.00000000       1.00000000       0.00000000     (  9.02218744E-05,  2.20723450E-03) ( -9.02218744E-05, -2.20723450E-03) ( -9.44361091E-03,  1.16229057E-02)
   1.00000000       1.00000000       1.00000000     (  6.89178705E-04, -1.74622983E-04) ( -2.32830644E-03, -1.26892701E-04) (  1.63912773E-03,  3.02679837E-04)
   1.00000000       1.00000000       2.00000000     ( -2.36555934E-03,  7.21774995E-05) (  3.77185643E-04,  1.16415322E-03) (  9.87201929E-04, -6.14672899E-04)
   1.00000000       2.00000000       0.00000000     (  1.34110451E-03, -4.00468707E-04) ( -6.70552254E-04,  2.00234354E-04) ( -2.46800482E-04,  1.52736902E-03)
   1.00000000       2.00000000       1.00000000     (  4.84287739E-04,  6.98491931E-04) ( -7.91624188E-04,  1.17579475E-04) (  1.09896064E-03, -9.31322575E-04)
   1.00000000      -2.00000000       0.00000000     ( -1.24797225E-03, -8.61473382E-05) ( -6.23986125E-04, -4.30736691E-05) ( -1.11758709E-03, -1.62050128E-03)
   1.00000000      -2.00000000       1.00000000     ( -1.08033419E-03, -5.07570803E-04) ( -3.11993062E-04, -3.67872417E-04) (  4.51691449E-04, -2.25845724E-04)
   1.00000000      -1.00000000       0.00000000     ( -4.22587618E-04, -7.20843673E-03) ( -4.22587618E-04, -7.20843673E-03) ( -1.03563070E-02,  2.83867121E-02)
   1.00000000      -1.00000000       1.00000000     (  2.53319740E-03,  8.66129994E-04) ( -3.67872417E-04, -2.53319740E-03) ( -2.90572643E-03, -3.39001417E-03)
   1.00000000      -1.00000000       2.00000000     ( -1.78813934E-03,  1.39698386E-03) ( -1.15483999E-03,  1.16415322E-03) (  3.16649675E-04, -1.16415322E-04)
   2.00000000       0.00000000       0.00000000     (  0.00000000    ,  0.00000000    ) (  1.14552677E-03,  2.71946192E-03) ( -6.00703061E-04,  1.47148967E-03)
   2.00000000       0.00000000       1.00000000     (  1.55996531E-04, -4.93600965E-04) (  7.82310963E-04,  1.39698386E-03) ( -3.11993062E-04,  9.87201929E-04)
   2.00000000       1.00000000       0.00000000     (  4.37721610E-04,  9.40635800E-04) ( -8.75443220E-04, -1.88127160E-03) ( -1.32247806E-03,  2.32830644E-03)
   2.00000000       1.00000000       1.00000000     (  5.96046448E-04,  1.03609636E-04) ( -8.28877091E-04, -9.49949026E-04) ( -3.63215804E-04,  7.45058060E-04)
   2.00000000      -1.00000000       0.00000000     ( -4.05125320E-04,  2.63098627E-04) ( -8.10250640E-04,  5.26197255E-04) ( -9.59262252E-04, -1.95577741E-04)
   2.00000000      -1.00000000       1.00000000     ( -6.23986125E-04, -1.88592821E-04) ( -1.95577741E-03, -4.09781933E-04) ( -7.07805157E-04, -3.52156349E-05)
