   0.00000000       0.00000000      -2.00000000     (  6.03497028E-03,  2.81259418E-03) ( -8.53091478E-03,  3.24100256E-03) (  0.00000000    ,  0.00000000    )
   0.00000000       0.00000000      -1.00000000     ( -1.19674951E-03,  1.23679638E-02) (  2.14576721E-02, -7.65547156E-03) (  0.00000000    ,  0.00000000    )
   0.00000000       1.00000000      -2.00000000     ( -1.26659870E-03,  1.77882612E-03) ( -2.91038305E-04, -2.18860805E-03) ( -1.45519152E-04, -1.09430403E-03)
   0.00000000       1.00000000      -1.00000000     ( -9.87201929E-03,  1.16229057E-02) ( -6.20260835E-03, -6.40749931E-03) ( -6.20260835E-03, -6.40749931E-03)
   0.00000000       2.00000000      -1.00000000     (  1.44354999E-03,  6.65895641E-04) ( -8.66129994E-04, -3.23052518E-05) ( -1.73225999E-03, -6.46105036E-05)
   0.00000000      -2.00000000      -1.00000000     (  4.02797014E-04,  1.16997398E-04) ( -5.47152013E-04, -5.54136932E-04) (  1.09430403E-03,  1.10827386E-03)
   0.00000000      -1.00000000      -2.00000000     (  3.40864062E-03,  2.08616257E-03) ( -3.14787030E-03, -1.44354999E-03) (  1.57393515E-03,  7.21774995E-04)
   0.00000000      -1.00000000      -1.00000000     ( -8.79168510E-03,  4.28408384E-03) (  3.94880772E-03,  1.40629709E-03) ( -3.94880772E-03, -1.40629709E-03)
   1.00000000       0.00000000      -2.00000000     ( -1.11758709E-03, -7.72997737E-04) ( -2.93366611E-04,  3.93018126E-03) ( -5.58793545E-04, -3.86498868E-04)
   1.00000000       0.00000000      -1.00000000     (  1.15483999E-02, -5.90458512E-03) ( -3.94880772E-03,  3.42726707E-02) (  1.15483999E-02, -5.90458512E-03)
   1.00000000       1.00000000      -2.00000000     (  2.88709998E-04,  1.13621354E-03) ( -1.35041773E-03, -7.63684511E-04) ( -5.33182174E-04,  1.86264515E-04)
   1.00000000       1.00000000      -1.00000000     (  2.27242708E-03,  3.68803740E-03) (  3.09664756E-04, -2.06753612E-03) (  2.58907676E-03,  1.61118805E-03)
   1.00000000       2.00000000      -1.00000000     (  1.35041773E-03,  1.52736902E-03) (  1.94413587E-04, -2.38651410E-05) (  1.74157321E-03,  1.47148967E-03)
   1.00000000      -2.00000000      -1.00000000     (  7.59027898E-04,  2.64495611E-03) (  1.79279596E-04,  9.82545316E-04) (  3.98140401E-04,  6.84522092E-04)
   1.00000000      -1.00000000      -2.00000000     (  1.11176632E-04, -4.54485416E-03) ( -7.26431608E-04,  1.88127160E-03) (  4.16766852E-04, -3.22237611E-03)
   1.00000000      -1.00000000      -1.00000000     ( -2.42143869E-03,  7.12461770E-04) ( -2.34693289E-03, -4.20957804E-03) ( -7.85803422E-05,  4.91738319E-03)
   2.00000000       0.00000000      -1.00000000     ( -9.96515155E-04, -6.47269189E-04) ( -4.50760126E-03,  8.70786607E-04) ( -1.99303031E-03, -1.29453838E-03)
   2.00000000       1.00000000      -1.00000000     (  1.90921128E-03,  2.05822289E-03) ( -2.49594450E-03, -2.44006515E-03) (  1.32247806E-03,  1.67638063E-03)
   2.00000000      -1.00000000      -1.00000000     ( -4.02797014E-04, -1.05705112E-03) ( -2.23517418E-04, -5.63450158E-04) ( -5.82076609E-04, -1.55530870E-03)
