    0.000000        0.000000       -2.000000      (4.5914203E-03,1.0151416E-03)
   (5.1409006E-03,-4.3585896E-03)  (0.000000,0.000000)
    0.000000        0.000000       -1.000000      
 (2.1010637E-02,-1.1622906E-02)  (-1.1511147E-02,1.6316772E-02)  
 (0.000000,0.000000)
    0.000000        1.000000       -2.000000      
 (-1.1548400E-02,2.5553163E-04)  (-3.0081719E-03,2.1932647E-03)  
 (-1.5040860E-03,1.0966323E-03)
    0.000000        1.000000       -1.000000      (7.5995922E-03,4.3958426E-03)
   (-1.2759119E-03,5.2526593E-03)  (-1.2759119E-03,5.2526593E-03)
    0.000000        2.000000       -1.000000      
 (-9.8720193E-03,9.9837780E-03)  (-2.5052577E-03,-3.4575351E-04)  
 (-5.0105155E-03,-6.9150701E-04)
    0.000000       -2.000000       -1.000000      (5.8859587E-03,2.5331974E-03)
   (-8.3819032E-04,1.0803342E-03)  (1.6763806E-03,-2.1606684E-03)
    0.000000       -1.000000       -2.000000      
 (-7.2643161E-03,1.8160790E-03)  (-2.5704503E-03,2.5145710E-03)  
 (1.2852252E-03,-1.2572855E-03)
    0.000000       -1.000000       -1.000000      
 (5.1409006E-03,-5.6065619E-03)  (5.2899122E-03,4.1723251E-03)  
 (-5.2899122E-03,-4.1723251E-03)
    1.000000        0.000000       -2.000000      (7.1153045E-03,1.9371510E-03)
   (-4.7124922E-03,2.3236498E-03)  (3.5576522E-03,9.6857548E-04)
    1.000000        0.000000       -1.000000      
 (3.4458935E-03,-1.2014061E-03)  (5.8859587E-03,-5.9418380E-03)  
 (3.4458935E-03,-1.2014061E-03)
    1.000000        1.000000       -2.000000      
 (-3.4365803E-03,1.5739352E-03)  (-3.5297126E-03,-1.1213124E-02)  
 (-3.4831464E-03,-4.8149377E-03)
    1.000000        1.000000       -1.000000      
 (-7.1711838E-03,1.7276034E-03)  (2.2770837E-03,-1.7695129E-03)  
 (-4.8987567E-03,-4.3073669E-05)
    1.000000        2.000000       -1.000000      
 (-6.4447522E-03,1.5459955E-03)  (6.3097104E-04,2.4167821E-03)  
 (-5.1781535E-03,6.3888729E-03)
    1.000000       -2.000000       -1.000000      
 (1.5459955E-03,-1.7089769E-03)  (-1.6763806E-04,-6.1001629E-04)  
 (1.8812716E-03,-4.9127266E-04)
    1.000000       -1.000000       -2.000000      
 (3.6507845E-03,-9.5926225E-04)  (-4.2654574E-03,1.0943040E-03)  
 (3.9581209E-03,-1.0267831E-03)
    1.000000       -1.000000       -1.000000      
 (-8.7730587E-03,4.9546361E-03)  (-4.1350722E-03,1.4493708E-04)  
 (-4.6379864E-03,4.8056245E-03)
    2.000000        0.000000       -1.000000      (2.8032809E-03,2.6822090E-03)
   (9.8347664E-03,6.2584877E-03)  (5.6065619E-03,5.3644180E-03)
    2.000000        1.000000       -1.000000      
 (-1.4901161E-03,-2.3609027E-03)  (2.3236498E-03,-1.5972182E-03)  
 (-6.5425411E-04,-6.3143671E-03)
    2.000000       -1.000000       -1.000000      
 (-1.1594966E-03,2.3795292E-03)  (-3.6161509E-05,5.0105155E-03)  
 (-2.2817403E-03,-2.5553163E-04)
