   0.00000000       0.00000000       1.00000000     (  2.68220901E-02,  1.11386180E-02) (  1.33737922E-02, -3.20374966E-02) (  0.00000000    ,  0.00000000    )
   0.00000000       0.00000000       2.00000000     (  2.21654773E-03, -3.44589353E-03) ( -2.27242708E-03, -4.36557457E-05) (  0.00000000    ,  0.00000000    )
   0.00000000       1.00000000       0.00000000     ( -1.11386180E-02,  6.87316060E-03) (  0.00000000    ,  0.00000000    ) (  2.62632966E-03,  3.97674739E-03)
   0.00000000       1.00000000       1.00000000     (  5.66244125E-03, -4.65661287E-03) (  2.92435288E-03, -1.05053186E-02) ( -2.92435288E-03,  1.05053186E-02)
   0.00000000       1.00000000       2.00000000     ( -3.85567546E-03,  1.24797225E-03) ( -1.29453838E-03,  1.04191713E-04) (  6.47269189E-04, -5.20958565E-05)
   0.00000000       2.00000000       0.00000000     ( -2.79396772E-03, -1.60187483E-03) (  0.00000000    ,  0.00000000    ) ( -2.83122063E-03,  9.03382897E-04)
   0.00000000       2.00000000       1.00000000     (  1.32247806E-03,  3.33413482E-03) ( -1.34110451E-03, -7.54371285E-04) (  2.68220901E-03,  1.50874257E-03)
   0.00000000      -2.00000000       0.00000000     ( -2.79396772E-03,  1.60187483E-03) (  0.00000000    ,  0.00000000    ) ( -2.83122063E-03, -9.03382897E-04)
   0.00000000      -2.00000000       1.00000000     ( -6.66826963E-03,  1.80676579E-03) ( -1.22934580E-03,  9.45292413E-04) ( -2.45869160E-03,  1.89058483E-03)
   0.00000000      -1.00000000       0.00000000     ( -1.11386180E-02, -6.87316060E-03) (  0.00000000    ,  0.00000000    ) (  2.62632966E-03, -3.97674739E-03)
   0.00000000      -1.00000000       1.00000000     (  1.59442425E-02, -1.94460154E-02) (  6.19329512E-04, -1.17812306E-03) (  6.19329512E-04, -1.17812306E-03)
   0.00000000      -1.00000000       2.00000000     (  3.07336450E-04, -1.66706741E-03) (  6.10016286E-04, -1.70432031E-03) (  3.05008143E-04, -8.52160156E-04)
   1.00000000       0.00000000       0.00000000     (  0.00000000    ,  0.00000000    ) ( -1.49384141E-02,  8.43778253E-03) (  3.10689211E-02,  2.62260437E-02)
   1.00000000       0.00000000       1.00000000     (  5.12227416E-03, -2.44937837E-03) ( -3.22610140E-02,  1.46403909E-02) ( -5.12227416E-03,  2.44937837E-03)
   1.00000000       0.00000000       2.00000000     (  1.06636435E-03,  2.01165676E-03) (  5.17815351E-03,  2.17929482E-03) ( -5.33182174E-04, -1.00582838E-03)
   1.00000000       1.00000000       0.00000000     (  6.16535544E-03,  5.77419996E-03) ( -6.16535544E-03, -5.77419996E-03) ( -9.62987542E-03,  7.87898898E-03)
   1.00000000       1.00000000       1.00000000     ( -1.49011612E-03, -1.46217644E-03) (  4.35393304E-04,  3.79513949E-04) (  1.05705112E-03,  1.08033419E-03)
   1.00000000       1.00000000       2.00000000     ( -2.02562660E-04, -1.12690032E-03) ( -2.45869160E-03,  1.51339918E-04) (  1.33179128E-03,  4.86616045E-04)
   1.00000000       2.00000000       0.00000000     ( -1.16415322E-03,  3.81842256E-03) (  5.82076609E-04, -1.90921128E-03) ( -1.41153578E-05,  1.00117177E-03)
   1.00000000       2.00000000       1.00000000     (  3.59490514E-03,  7.21774995E-04) ( -2.99885869E-03, -1.29453838E-03) (  2.38418579E-03,  1.87195837E-03)
   1.00000000      -2.00000000       0.00000000     (  2.37487257E-04, -1.90921128E-03) (  1.18743628E-04, -9.54605639E-04) ( -1.10827386E-03,  1.47148967E-03)
   1.00000000      -2.00000000       1.00000000     ( -4.63332981E-04,  2.02096999E-03) ( -7.96280801E-04,  2.16066837E-03) ( -1.13621354E-03,  2.32830644E-03)
   1.00000000      -1.00000000       0.00000000     ( -5.58793545E-03, -1.37090683E-02) ( -5.58793545E-03, -1.37090683E-02) ( -8.06525350E-03,  8.60542059E-03)
   1.00000000      -1.00000000       1.00000000     (  1.19209290E-03,  2.02096999E-03) ( -1.81607902E-03, -1.54832378E-04) ( -2.99885869E-03, -2.17929482E-03)
   1.00000000      -1.00000000       2.00000000     (  1.22003257E-03,  2.00234354E-03) (  2.03959644E-03,  2.02096999E-03) (  4.09781933E-04,  1.11322151E-05)
   2.00000000       0.00000000       0.00000000     (  0.00000000    ,  0.00000000    ) (  4.32133675E-03, -5.49480319E-04) ( -2.77534127E-03, -7.91624188E-05)
   2.00000000       0.00000000       1.00000000     ( -4.47034836E-04, -1.49011612E-03) (  5.86733222E-04,  3.27825546E-03) (  8.94069672E-04,  2.98023224E-03)
   2.00000000       1.00000000       0.00000000     ( -1.71363354E-03,  9.42964107E-05) (  3.42726707E-03, -1.88592821E-04) (  1.08266249E-04, -4.80562449E-03)
   2.00000000       1.00000000       1.00000000     ( -1.79279596E-04,  1.27591193E-03) (  3.57977115E-05, -2.73808837E-03) (  3.23634595E-04,  1.88592821E-04)
   2.00000000      -1.00000000       0.00000000     (  6.89178705E-04,  1.27591193E-03) (  1.37835741E-03,  2.55182385E-03) ( -1.38534233E-04,  1.35973096E-03)
   2.00000000      -1.00000000       1.00000000     ( -1.89058483E-03,  3.91155481E-04) ( -1.54599547E-03, -3.93483788E-04) (  2.23517418E-03, -1.17346644E-03)
