    0.000000        0.000000       -2.000000      (2.7380884E-03,3.5855919E-04)
   (3.4831464E-03,-3.0547380E-03)  (0.000000,0.000000)
    0.000000        0.000000       -1.000000      
 (2.2277236E-02,-1.2330711E-02)  (-1.4007092E-02,1.7657876E-02)  
 (0.000000,0.000000)
    0.000000        1.000000       -2.000000      
 (-8.0466270E-03,1.0011718E-03)  (-2.4959445E-03,2.9057264E-03)  
 (-1.2479722E-03,1.4528632E-03)
    0.000000        1.000000       -1.000000      (9.3504786E-03,4.0046871E-03)
   (-9.4063580E-04,6.0349703E-03)  (-9.4063580E-04,6.0349703E-03)
    0.000000        2.000000       -1.000000      
 (-6.1281025E-03,6.9290400E-03)  (-1.2898818E-03,1.7171260E-04)  
 (-2.5797635E-03,3.4342520E-04)
    0.000000       -2.000000       -1.000000      (2.6356429E-03,1.8719584E-03)
   (-9.2666596E-04,5.1222742E-04)  (1.8533319E-03,-1.0244548E-03)
    0.000000       -1.000000       -2.000000      
 (-5.2712858E-03,1.0570511E-03)  (-9.4529241E-04,2.3841858E-03)  
 (4.7264621E-04,-1.1920929E-03)
    0.000000       -1.000000       -1.000000      
 (6.2398612E-03,-8.1956387E-03)  (4.9360096E-03,4.2282045E-03)  
 (-4.9360096E-03,-4.2282045E-03)
    1.000000        0.000000       -2.000000      (4.7683716E-03,1.1222437E-03)
   (-3.8929284E-03,1.1781231E-03)  (2.3841858E-03,5.6112185E-04)
    1.000000        0.000000       -1.000000      
 (3.2782555E-03,-1.6065314E-03)  (4.8242509E-03,-7.5250864E-03)  
 (3.2782555E-03,-1.6065314E-03)
    1.000000        1.000000       -2.000000      
 (-2.7380884E-03,2.0954758E-03)  (-2.6077032E-03,-7.4133277E-03)  
 (-2.6728958E-03,-2.6635826E-03)
    1.000000        1.000000       -1.000000      
 (-5.2154064E-03,2.2351742E-03)  (2.2910535E-03,-1.3737008E-03)  
 (-2.9150397E-03,8.5681677E-04)
    1.000000        2.000000       -1.000000      
 (-3.8184226E-03,1.6065314E-03)  (1.7753337E-04,1.7182902E-03)  
 (-3.4645200E-03,5.0477684E-03)
    1.000000       -2.000000       -1.000000      
 (1.2619421E-03,-6.3795596E-04)  (-4.4965418E-05,-5.8673322E-04)  
 (1.3504177E-03,5.3551048E-04)
    1.000000       -1.000000       -2.000000      
 (2.2072345E-03,-1.0989606E-03)  (-3.6507845E-03,9.5926225E-04)  
 (2.9336661E-03,-1.0291114E-03)
    1.000000       -1.000000       -1.000000      
 (-5.9977174E-03,4.0978193E-03)  (-2.2258610E-03,-9.4296411E-05)  
 (-3.7811697E-03,4.1909516E-03)
    2.000000        0.000000       -1.000000      (2.3376197E-03,1.3504177E-03)
   (8.2701445E-03,4.2468309E-03)  (4.6752393E-03,2.7008355E-03)
    2.000000        1.000000       -1.000000      
 (-1.2293458E-03,-1.9371510E-03)  (9.9185854E-04,4.7031790E-04)  
 (-1.4714897E-03,-3.3993274E-03)
    2.000000       -1.000000       -1.000000      
 (-9.9185854E-04,1.4482066E-03)  (-5.4715201E-04,3.1106174E-03)  
 (-1.4388934E-03,-2.1769665E-04)
