   0.00000000       0.00000000      -2.00000000     (  5.53205609E-03,  5.21540642E-03) ( -1.97906047E-03, -1.10827386E-03) (  0.00000000    ,  0.00000000    )
   0.00000000       0.00000000      -1.00000000     (  2.39908695E-02, -1.10268593E-02) (  6.50063157E-03,  2.71946192E-02) (  0.00000000    ,  0.00000000    )
   0.00000000       1.00000000      -2.00000000     (  8.00355338E-05,  3.19443643E-03) (  6.86850399E-04,  6.96163625E-04) (  3.43425199E-04,  3.48081812E-04)
   0.00000000       1.00000000      -1.00000000     (  1.39698386E-02,  1.59442425E-02) ( -7.98609108E-04,  1.91852450E-03) ( -7.98609108E-04,  1.91852450E-03)
   0.00000000       2.00000000      -1.00000000     ( -1.00582838E-02, -1.72294676E-03) ( -1.52271241E-03, -1.51339918E-03) ( -3.04542482E-03, -3.02679837E-03)
   0.00000000      -2.00000000      -1.00000000     (  2.47731805E-03, -4.97326255E-03) ( -2.42143869E-03,  1.80210918E-03) (  4.84287739E-03, -3.60421836E-03)
   0.00000000      -1.00000000      -2.00000000     ( -6.79865479E-03, -5.89061528E-04) ( -4.13507223E-03, -2.03144737E-04) (  2.06753612E-03,  1.01572368E-04)
   0.00000000      -1.00000000      -1.00000000     (  3.63215804E-03,  5.14090061E-03) (  4.76837158E-03,  8.67992640E-03) ( -4.76837158E-03, -8.67992640E-03)
   1.00000000       0.00000000      -2.00000000     (  9.69157554E-05,  5.21540642E-03) ( -4.50760126E-03,  7.65547156E-03) (  4.84578777E-05,  2.60770321E-03)
   1.00000000       0.00000000      -1.00000000     (  3.51108611E-03,  3.24798748E-04) (  4.89875674E-03, -1.54133886E-03) (  3.51108611E-03,  3.24798748E-04)
   1.00000000       1.00000000      -2.00000000     ( -5.25265932E-03, -1.44820660E-03) (  6.03497028E-03, -4.99188900E-03) (  3.92319635E-04, -3.21306288E-03)
   1.00000000       1.00000000      -1.00000000     ( -7.65547156E-03, -3.32482159E-03) (  6.44475222E-03,  3.77185643E-04) ( -1.22003257E-03, -2.95229256E-03)
   1.00000000       2.00000000      -1.00000000     ( -2.92435288E-03,  9.70903784E-04) ( -9.37143341E-05,  1.89989805E-03) ( -3.11061740E-03,  4.76837158E-03)
   1.00000000      -2.00000000      -1.00000000     ( -2.88709998E-04, -1.71363354E-03) (  1.20140612E-03, -1.42958015E-03) ( -2.69152224E-03,  1.14087015E-03)
   1.00000000      -1.00000000      -2.00000000     ( -1.33179128E-03, -2.21654773E-03) (  7.17118382E-04, -2.04890966E-03) ( -1.02445483E-03, -8.61473382E-05)
   1.00000000      -1.00000000      -1.00000000     ( -2.32830644E-03,  4.07453626E-04) ( -5.10364771E-03,  7.33416528E-04) (  2.77534127E-03, -3.24798748E-04)
   2.00000000       0.00000000      -1.00000000     ( -2.06753612E-03, -4.84287739E-04) ( -8.38190317E-03,  2.18860805E-03) ( -4.13507223E-03, -9.68575478E-04)
   2.00000000       1.00000000      -1.00000000     (  2.07801349E-04,  1.47614628E-03) (  1.06636435E-03, -3.22237611E-03) (  1.48080289E-03, -2.68919393E-04)
   2.00000000      -1.00000000      -1.00000000     (  7.89295882E-04, -1.92318112E-03) (  1.92783773E-03, -4.41446900E-03) ( -3.50410119E-04,  5.68106771E-04)
