    0.000000        0.000000       -2.000000      (7.0035458E-03,3.4272671E-03)
   (2.8777868E-03,-1.6624108E-03)  (0.000000,0.000000)
    0.000000        0.000000       -1.000000      
 (2.3320317E-02,-1.2069941E-02)  (-1.4249235E-03,2.2202730E-02)  
 (0.000000,0.000000)
    0.000000        1.000000       -2.000000      
 (-5.5506825E-03,-1.0104850E-03)  (1.8218998E-04,-4.3213367E-03)  
 (9.1094989E-05,-2.1606684E-03)
    0.000000        1.000000       -1.000000      (9.2759728E-03,1.2107193E-02)
   (-2.7567148E-03,2.9522926E-03)  (-2.7567148E-03,2.9522926E-03)
    0.000000        2.000000       -1.000000      
 (-9.6112490E-03,4.6752393E-03)  (-2.2770837E-03,-8.8009983E-04)  
 (-4.5541674E-03,-1.7601997E-03)
    0.000000       -2.000000       -1.000000      (7.1898103E-03,2.4971087E-04)
   (-8.7078661E-04,2.4307519E-03)  (1.7415732E-03,-4.8615038E-03)
    0.000000       -1.000000       -2.000000      
 (-7.3388219E-03,1.2386590E-03)  (-7.4505806E-03,-4.3422915E-04)  
 (3.7252903E-03,2.1711458E-04)
    0.000000       -1.000000       -1.000000      (3.4831464E-03,2.8405339E-03)
   (7.2456896E-03,6.8731606E-03)  (-7.2456896E-03,-6.8731606E-03)
    1.000000        0.000000       -2.000000      (3.8556755E-03,4.5821071E-03)
   (-2.8219074E-03,7.7299774E-03)  (1.9278377E-03,2.2910535E-03)
    1.000000        0.000000       -1.000000      (3.9115548E-03,3.1548552E-04)
   (9.3504786E-03,-1.2433156E-03)  (3.9115548E-03,3.1548552E-04)
    1.000000        1.000000       -2.000000      
 (-3.6135316E-03,-3.5017729E-03)  (3.7346035E-03,-9.0524554E-03)  
 (6.2864274E-05,-6.2771142E-03)
    1.000000        1.000000       -1.000000      
 (-7.6182187E-03,-4.9360096E-03)  (4.5355409E-03,-3.0267984E-04)  
 (-3.0826777E-03,-5.2340329E-03)
    1.000000        2.000000       -1.000000      
 (-7.0035458E-03,-3.3900142E-03)  (1.1688098E-03,1.4202669E-03)  
 (-4.6752393E-03,-5.4948032E-04)
    1.000000       -2.000000       -1.000000      
 (2.8521754E-04,-4.4424087E-03)  (-4.4354238E-04,-3.4831464E-03)  
 (1.1734664E-03,2.5238842E-03)
    1.000000       -1.000000       -2.000000      (2.1886081E-03,1.9231811E-03)
   (-6.5425411E-04,1.4808029E-03)  (1.4202669E-03,2.2060703E-04)
    1.000000       -1.000000       -1.000000      
 (-5.7742000E-03,1.4109537E-03)  (-7.3015690E-03,1.0104850E-03)  
 (1.5133992E-03,4.0279701E-04)
    2.000000        0.000000       -1.000000      
 (-1.6251579E-03,2.5425106E-03)  (-5.5693090E-03,4.8242509E-03)  
 (-3.2503158E-03,5.0850213E-03)
    2.000000        1.000000       -1.000000      (8.6612999E-04,1.4156103E-03)
   (2.7008355E-03,-5.6810677E-03)  (4.4330955E-03,-2.8498471E-03)
    2.000000       -1.000000       -1.000000      
 (-2.3690518E-04,-1.3550743E-03)  (1.9138679E-03,7.0547685E-04)  
 (-2.3841858E-03,-3.4086406E-03)
