    0.000000        0.000000        1.000000      (2.1010637E-02,1.1622906E-02)
   (-1.1473894E-02,-1.6316772E-02)  (0.000000,0.000000)
    0.000000        0.000000        2.000000      
 (4.6566129E-03,-1.0384247E-03)  (5.1967800E-03,4.3958426E-03)  
 (0.000000,0.000000)
    0.000000        1.000000        0.000000      (2.3748726E-03,5.9604645E-03)
   (0.000000,0.000000)  (4.2095780E-03,-1.3830140E-03)
    0.000000        1.000000        1.000000      (5.1036477E-03,5.5320561E-03)
   (5.3085387E-03,-4.1909516E-03)  (-5.3085387E-03,4.1909516E-03)
    0.000000        1.000000        2.000000      
 (-7.3201954E-03,-1.8393621E-03)  (-2.6356429E-03,-2.4959445E-03)  
 (1.3178214E-03,1.2479722E-03)
    0.000000        2.000000        0.000000      
 (-4.2654574E-03,1.0314398E-03)  (0.000000,0.000000)  
 (5.8324076E-04,2.4866313E-03)
    0.000000        2.000000        1.000000      
 (6.0349703E-03,-2.5518239E-03)  (-8.2654878E-04,-1.1036173E-03)  
 (1.6530976E-03,2.2072345E-03)
    0.000000       -2.000000        0.000000      
 (-4.2654574E-03,-1.0314398E-03)  (0.000000,0.000000)  
 (5.8324076E-04,-2.4866313E-03)
    0.000000       -2.000000        1.000000      
 (-9.9837780E-03,-1.0058284E-02)  (-2.5518239E-03,3.7136488E-04)  
 (-5.1036477E-03,7.4272975E-04)
    0.000000       -1.000000        0.000000      
 (2.3748726E-03,-5.9604645E-03)  (0.000000,0.000000)  
 (4.2095780E-03,1.3830140E-03)
    0.000000       -1.000000        1.000000      
 (7.5623393E-03,-4.4330955E-03)  (-1.2898818E-03,-5.2340329E-03)  
 (-1.2898818E-03,-5.2340329E-03)
    0.000000       -1.000000        2.000000      
 (-1.1660159E-02,-2.0430889E-04)  (-3.0081719E-03,-2.1280721E-03)  
 (-1.5040860E-03,-1.0640360E-03)
    1.000000        0.000000        0.000000      (0.000000,0.000000)  
 (-2.7120113E-02,5.6624413E-03)  (1.5944242E-02,1.8402934E-02)
    1.000000        0.000000        1.000000      
 (-3.2223761E-03,-2.5331974E-03)  (-1.6614795E-02,1.3485551E-02)  
 (3.2223761E-03,2.5331974E-03)
    1.000000        0.000000        2.000000      (1.7753337E-04,1.9650906E-03)
   (3.9301813E-03,7.7486038E-03)  (-8.8766683E-05,-9.8254532E-04)
    1.000000        1.000000        0.000000      
 (2.4586916E-03,-1.4062971E-03)  (-2.4586916E-03,1.4062971E-03)  
 (-9.9185854E-04,3.0826777E-03)
    1.000000        1.000000        1.000000      (2.1327287E-03,4.1630119E-03)
   (-3.4645200E-03,-3.7346035E-03)  (1.3271347E-03,-4.2608008E-04)
    1.000000        1.000000        2.000000      
 (-3.8463622E-03,2.0675361E-03)  (3.5390258E-04,-3.5110861E-03)  
 (1.7462298E-03,7.2410330E-04)
    1.000000        2.000000        0.000000      (3.7252903E-03,2.0861626E-03)
   (-1.8626451E-03,-1.0430813E-03)  (2.8498471E-03,6.5937638E-03)
    1.000000        2.000000        1.000000      (2.1047890E-03,2.4074689E-03)
   (-2.1932647E-03,1.0174699E-03)  (2.2770837E-03,-4.4424087E-03)
    1.000000       -2.000000        0.000000      (1.5785918E-03,5.6624413E-03)
   (7.8929588E-04,2.8312206E-03)  (-4.2282045E-03,-6.0419552E-04)
    1.000000       -2.000000        1.000000      
 (-3.3434480E-03,-1.7369166E-03)  (-1.3737008E-03,-1.3457611E-03)  
 (5.9953891E-04,-9.5460564E-04)
    1.000000       -1.000000        0.000000      
 (-2.3632310E-04,2.6891939E-04)  (-2.3632310E-04,2.6891939E-04)  
 (-6.2771142E-03,2.9895455E-03)
    1.000000       -1.000000        1.000000      
 (1.0766089E-02,-4.4703484E-03)  (2.8871000E-03,-2.1560118E-03)  
 (-7.8976154E-03,2.3096800E-03)
    1.000000       -1.000000        2.000000      
 (-4.6938658E-03,-1.8393621E-03)  (-7.5064600E-03,-4.2654574E-03)  
 (-1.4062971E-03,-1.2153760E-03)
    2.000000        0.000000        0.000000      (0.000000,0.000000)  
 (9.3877316E-03,-1.7555431E-03)  (-5.3318217E-04,-6.1001629E-04)
    2.000000        0.000000        1.000000      
 (-1.6111881E-03,5.0291419E-03)  (2.6077032E-03,6.8731606E-03)  
 (3.2223761E-03,-1.0058284E-02)
    2.000000        1.000000        0.000000      
 (-1.7788261E-03,-3.1013042E-03)  (3.5576522E-03,6.2026083E-03)  
 (-7.2084367E-03,6.3702464E-03)
    2.000000        1.000000        1.000000      (2.5331974E-03,3.0640513E-03)
   (-2.4866313E-03,-1.1026859E-02)  (-2.5797635E-03,4.8801303E-03)
    2.000000       -1.000000        0.000000      
 (-4.1723251E-03,-2.5890768E-03)  (-8.3446503E-03,-5.1781535E-03)  
 (-1.1932570E-04,3.5203993E-03)
    2.000000       -1.000000        1.000000      
 (-3.2689422E-03,2.2538006E-03)  (-1.9650906E-03,7.3201954E-03)  
 (4.5727938E-03,2.8219074E-03)
