   0.00000000       0.00000000      -2.00000000     (  5.73694706E-03,  1.11758709E-03) ( -7.93486834E-03,  4.50760126E-03) (  0.00000000    ,  0.00000000    )
   0.00000000       0.00000000      -1.00000000     (  1.86264515E-03,  1.11013651E-02) (  2.52574682E-02, -1.53668225E-03) (  0.00000000    ,  0.00000000    )
   0.00000000       1.00000000      -2.00000000     ( -6.10016286E-04,  2.57045031E-03) (  1.91852450E-03, -1.00582838E-03) (  9.59262252E-04, -5.02914190E-04)
   0.00000000       1.00000000      -1.00000000     ( -6.89178705E-03,  1.33365393E-02) ( -6.74277544E-03, -5.25265932E-03) ( -6.74277544E-03, -5.25265932E-03)
   0.00000000       2.00000000      -1.00000000     ( -7.40401447E-04, -1.61118805E-03) ( -9.87201929E-04,  1.10012479E-04) ( -1.97440386E-03,  2.20024958E-04)
   0.00000000      -2.00000000      -1.00000000     ( -9.03382897E-04,  4.09781933E-03) ( -7.68341124E-04, -1.27591193E-03) (  1.53668225E-03,  2.55182385E-03)
   0.00000000      -1.00000000      -2.00000000     (  4.17232513E-03,  4.09781933E-03) ( -1.04308128E-03, -2.21654773E-03) (  5.21540642E-04,  1.10827386E-03)
   0.00000000      -1.00000000      -1.00000000     ( -7.14790076E-04,  1.44937076E-04) (  4.07919288E-03,  1.23865902E-03) ( -4.07919288E-03, -1.23865902E-03)
   1.00000000       0.00000000      -2.00000000     ( -1.55530870E-03, -7.96280801E-04) (  1.36904418E-03,  5.51342964E-03) ( -7.77654350E-04, -3.98140401E-04)
   1.00000000       0.00000000      -1.00000000     (  9.64850187E-03, -5.53205609E-03) ( -4.67523932E-03,  2.63005495E-02) (  9.64850187E-03, -5.53205609E-03)
   1.00000000       1.00000000      -2.00000000     (  2.05822289E-03,  2.47731805E-03) ( -5.21540642E-03,  3.13157216E-04) ( -1.58324838E-03,  1.39698386E-03)
   1.00000000       1.00000000      -1.00000000     ( -2.03726813E-04,  7.56233931E-03) ( -2.21654773E-03, -4.91738319E-03) ( -2.42143869E-03,  2.64495611E-03)
   1.00000000       2.00000000      -1.00000000     (  2.27242708E-03, -2.96859071E-04) ( -1.16415322E-03, -3.60887498E-04) ( -5.44241630E-05, -1.01979822E-03)
   1.00000000      -2.00000000      -1.00000000     ( -1.54250301E-04, -8.47503543E-04) ( -1.42608769E-04, -3.65544111E-04) (  1.29803084E-04, -1.19907781E-04)
   1.00000000      -1.00000000      -2.00000000     ( -8.66129994E-04, -3.12924385E-03) ( -9.54605639E-04,  3.14787030E-03) (  4.54019755E-05, -3.12924385E-03)
   1.00000000      -1.00000000      -1.00000000     ( -4.51691449E-04,  5.16884029E-04) ( -8.24220479E-04, -2.16066837E-03) (  3.72529030E-04,  2.68220901E-03)
   2.00000000       0.00000000      -1.00000000     ( -1.55530870E-03,  1.81607902E-04) ( -7.45058060E-04, -1.36904418E-03) ( -3.11061740E-03,  3.63215804E-04)
   2.00000000       1.00000000      -1.00000000     (  2.37487257E-04, -2.39815563E-04) ( -3.03611159E-03, -9.12696123E-04) ( -2.55182385E-03, -1.38767064E-03)
   2.00000000      -1.00000000      -1.00000000     (  1.25728548E-03, -3.21306288E-04) (  1.31316483E-03,  1.42492354E-03) (  1.20606273E-03, -2.05822289E-03)
