   0.00000000       0.00000000      -2.00000000     (  2.04890966E-03,  3.86498868E-04) ( -2.34693289E-03,  1.11758709E-03) (  0.00000000    ,  0.00000000    )
   0.00000000       0.00000000      -1.00000000     (  5.04776835E-03,  1.21444464E-02) (  3.27825546E-02,  2.45869160E-03) (  0.00000000    ,  0.00000000    )
   0.00000000       1.00000000      -2.00000000     (  2.98023224E-04,  7.91624188E-04) (  9.22009349E-04, -8.73114914E-05) (  4.61004674E-04, -4.36557457E-05)
   0.00000000       1.00000000      -1.00000000     ( -6.83590770E-03,  1.84774399E-02) ( -8.43778253E-03, -4.61935997E-03) ( -8.43778253E-03, -4.61935997E-03)
   0.00000000       2.00000000      -1.00000000     ( -7.45058060E-04, -8.28877091E-04) ( -5.86733222E-04,  3.81842256E-04) ( -1.17346644E-03,  7.63684511E-04)
   0.00000000      -2.00000000      -1.00000000     (  1.44354999E-04,  1.06170774E-03) ( -5.18048182E-05, -1.25728548E-04) (  1.03609636E-04,  2.51457095E-04)
   0.00000000      -1.00000000      -2.00000000     (  1.15483999E-03,  1.34110451E-03) ( -2.02562660E-04, -6.70552254E-04) (  1.01281330E-04,  3.35276127E-04)
   0.00000000      -1.00000000      -1.00000000     (  3.01748514E-03, -2.18860805E-03) (  3.82773578E-03,  1.20140612E-03) ( -3.82773578E-03, -1.20140612E-03)
   1.00000000       0.00000000      -2.00000000     ( -6.79865479E-04, -2.60770321E-04) (  8.66129994E-04,  2.08616257E-03) ( -3.39932740E-04, -1.30385160E-04)
   1.00000000       0.00000000      -1.00000000     (  1.09523535E-02, -5.69969416E-03) ( -6.07222319E-03,  2.52574682E-02) (  1.09523535E-02, -5.69969416E-03)
   1.00000000       1.00000000      -2.00000000     (  6.51925802E-04,  8.38190317E-04) ( -1.52736902E-03, -6.51925802E-05) ( -4.42378223E-04,  3.86498868E-04)
   1.00000000       1.00000000      -1.00000000     ( -9.68575478E-04,  3.12924385E-03) ( -8.28877091E-04, -1.89989805E-03) ( -1.78813934E-03,  1.22934580E-03)
   1.00000000       2.00000000      -1.00000000     (  5.12227416E-04, -1.83936208E-04) ( -5.30853868E-04, -1.72294676E-04) ( -5.40167093E-04, -5.30853868E-04)
   1.00000000      -2.00000000      -1.00000000     ( -2.35158950E-04, -5.86733222E-04) (  6.05359674E-05, -2.11875886E-04) ( -3.53902578E-04, -1.60653144E-04)
   1.00000000      -1.00000000      -2.00000000     (  1.22236088E-05, -9.03382897E-04) ( -5.30853868E-04,  7.45058060E-04) (  2.70083547E-04, -8.28877091E-04)
   1.00000000      -1.00000000      -1.00000000     (  7.42147677E-06,  3.11993062E-04) ( -2.35158950E-04, -2.16532499E-04) (  2.42143869E-04,  5.30853868E-04)
   2.00000000       0.00000000      -1.00000000     ( -6.33299351E-04,  9.42964107E-05) (  2.11875886E-04, -9.40635800E-04) ( -1.26659870E-03,  1.88592821E-04)
   2.00000000       1.00000000      -1.00000000     ( -2.51020538E-06, -2.74740160E-04) ( -8.94069672E-04,  3.30619514E-04) ( -9.03382897E-04, -2.21189111E-04)
   2.00000000      -1.00000000      -1.00000000     (  5.30853868E-04,  1.01863407E-06) (  2.74740160E-04,  6.61239028E-04) (  7.91624188E-04, -6.61239028E-04)
