   0.00000000       0.00000000       1.00000000     (  1.55344605E-02, -6.09084964E-03) (  4.06801701E-02, -1.59814954E-02) (  0.00000000    ,  0.00000000    )
   0.00000000       0.00000000       2.00000000     ( -2.04890966E-04,  1.67638063E-04) (  2.04890966E-04, -2.09547579E-05) (  0.00000000    ,  0.00000000    )
   0.00000000       1.00000000       0.00000000     ( -6.01634383E-03, -3.79048288E-03) (  0.00000000    ,  0.00000000    ) (  1.12876296E-02,  1.15111470E-02)
   0.00000000       1.00000000       1.00000000     (  9.12696123E-03,  1.00210309E-02) ( -4.72646207E-04, -1.81142241E-03) (  4.72646207E-04,  1.81142241E-03)
   0.00000000       1.00000000       2.00000000     (  1.01863407E-06,  8.38190317E-05) (  7.45058060E-05, -5.12227416E-05) ( -3.72529030E-05,  2.56113708E-05)
   0.00000000       2.00000000       0.00000000     ( -6.05359674E-05, -1.86264515E-04) (  0.00000000    ,  0.00000000    ) (  2.42143869E-04, -6.05359674E-05)
   0.00000000       2.00000000       1.00000000     ( -2.60770321E-04,  5.58793545E-05) (  7.45058060E-05,  2.79396772E-05) ( -1.49011612E-04, -5.58793545E-05)
   0.00000000      -2.00000000       0.00000000     ( -6.05359674E-05,  1.86264515E-04) (  0.00000000    ,  0.00000000    ) (  2.42143869E-04,  6.05359674E-05)
   0.00000000      -2.00000000       1.00000000     (  6.51925802E-05,  3.72529030E-05) (  3.72529030E-05,  1.02445483E-04) (  7.45058060E-05,  2.04890966E-04)
   0.00000000      -1.00000000       0.00000000     ( -6.01634383E-03,  3.79048288E-03) (  0.00000000    ,  0.00000000    ) (  1.12876296E-02, -1.15111470E-02)
   0.00000000      -1.00000000       1.00000000     ( -5.23403287E-03, -3.04728746E-02) ( -8.41915607E-03,  2.47731805E-03) ( -8.41915607E-03,  2.47731805E-03)
   0.00000000      -1.00000000       2.00000000     ( -1.49011612E-04,  1.16415322E-05) ( -2.32830644E-05,  6.05359674E-05) ( -1.16415322E-05,  3.02679837E-05)
   1.00000000       0.00000000       0.00000000     (  0.00000000    ,  0.00000000    ) ( -2.64495611E-02,  2.16066837E-02) (  2.12341547E-02,  5.66244125E-03)
   1.00000000       0.00000000       1.00000000     ( -3.93018126E-03,  3.72529030E-04) ( -2.06381083E-02, -1.50129199E-02) (  3.93018126E-03, -3.72529030E-04)
   1.00000000       0.00000000       2.00000000     (  1.67638063E-04,  2.56113708E-05) ( -1.11758709E-04, -9.31322575E-05) ( -8.38190317E-05, -1.28056854E-05)
   1.00000000       1.00000000       0.00000000     (  7.03148544E-04,  3.81842256E-03) ( -7.03148544E-04, -3.81842256E-03) ( -7.80448318E-03,  1.19581819E-02)
   1.00000000       1.00000000       1.00000000     ( -6.98491931E-05, -5.58793545E-05) (  2.98023224E-04,  1.62981451E-05) ( -2.23517418E-04,  3.72529030E-05)
   1.00000000       1.00000000       2.00000000     (  3.35276127E-04, -3.72529030E-05) ( -7.45058060E-05, -1.49011612E-04) ( -1.39698386E-04,  9.31322575E-05)
   1.00000000       2.00000000       0.00000000     ( -8.38190317E-05,  2.32830644E-05) (  4.19095159E-05, -1.16415322E-05) (  1.21071935E-04, -1.02445483E-04)
   1.00000000       2.00000000       1.00000000     (  2.32830644E-05, -3.72529030E-05) (  8.38190317E-05, -3.25962901E-05) ( -1.86264515E-04,  1.02445483E-04)
   1.00000000      -2.00000000       0.00000000     (  1.02445483E-04, -3.72529030E-05) (  5.12227416E-05, -1.86264515E-05) (  1.11758709E-04,  2.04890966E-04)
   1.00000000      -2.00000000       1.00000000     (  1.49011612E-04,  1.02445483E-04) (  2.79396772E-05,  7.45058060E-05) ( -1.02445483E-04,  3.72529030E-05)
   1.00000000      -1.00000000       0.00000000     (  3.49973561E-05, -5.96046448E-03) (  3.49973561E-05, -5.96046448E-03) ( -9.55536962E-03,  3.30805779E-02)
   1.00000000      -1.00000000       1.00000000     ( -3.35276127E-04, -1.30385160E-04) (  1.62981451E-05,  2.98023224E-04) (  3.72529030E-04,  4.09781933E-04)
   1.00000000      -1.00000000       2.00000000     (  1.67638063E-04, -6.05359674E-05) (  1.39698386E-04, -1.21071935E-04) ( -1.62981451E-05, -3.25962901E-05)
   2.00000000       0.00000000       0.00000000     (  0.00000000    ,  0.00000000    ) ( -1.02445483E-04, -2.79396772E-04) (  9.31322575E-05, -8.38190317E-05)
   2.00000000       0.00000000       1.00000000     (  1.28056854E-05,  1.28056854E-05) ( -6.05359674E-05, -1.21071935E-04) ( -2.56113708E-05, -2.56113708E-05)
   2.00000000       1.00000000       0.00000000     ( -6.98491931E-05, -6.51925802E-05) (  1.39698386E-04,  1.30385160E-04) (  7.45058060E-05, -1.86264515E-04)
   2.00000000       1.00000000       1.00000000     ( -3.72529030E-05,  3.02679837E-05) (  1.30385160E-04, -1.28056854E-05) ( -5.58793545E-05, -4.65661287E-05)
   2.00000000      -1.00000000       0.00000000     (  4.19095159E-05, -5.82076609E-07) (  8.38190317E-05, -1.16415322E-06) (  1.02445483E-04,  3.72529030E-05)
   2.00000000      -1.00000000       1.00000000     (  5.12227416E-05,  8.38190317E-05) (  1.49011612E-04,  8.38190317E-05) (  5.12227416E-05, -7.45058060E-05)
