    0.000000        0.000000        1.000000      (2.4139881E-02,1.3485551E-02)
   (-1.6912818E-02,-1.9818544E-02)  (0.000000,0.000000)
    0.000000        0.000000        2.000000      (1.0710210E-03,7.7998266E-05)
   (1.5180558E-03,1.3969839E-03)  (0.000000,0.000000)
    0.000000        1.000000        0.000000      (4.7683716E-03,1.8021092E-03)
   (0.000000,0.000000)  (6.0535967E-03,5.9662852E-06)
    0.000000        1.000000        1.000000      (7.6554716E-03,1.1287630E-02)
   (4.6007335E-03,-4.5262277E-03)  (-4.6007335E-03,4.5262277E-03)
    0.000000        1.000000        2.000000      
 (-2.4959445E-03,-3.9581209E-04)  (3.3178367E-05,-1.2759119E-03)  
 (-1.6589183E-05,6.3795596E-04)
    0.000000        2.000000        0.000000      
 (-1.1548400E-03,8.5681677E-04)  (0.000000,0.000000)  
 (9.6857548E-04,1.0337681E-03)
    0.000000        2.000000        1.000000      
 (6.3329935E-04,-9.2200935E-04)  (-6.1001629E-04,-1.4319085E-04)  
 (1.2200326E-03,2.8638169E-04)
    0.000000       -2.000000        0.000000      
 (-1.1548400E-03,-8.5681677E-04)  (0.000000,0.000000)  
 (9.6857548E-04,-1.0337681E-03)
    0.000000       -2.000000        1.000000      
 (-2.3655593E-03,-3.0174851E-03)  (-3.2829121E-04,-2.3515895E-04)  
 (-6.5658242E-04,-4.7031790E-04)
    0.000000       -1.000000        0.000000      
 (4.7683716E-03,-1.8021092E-03)  (0.000000,0.000000)  
 (6.0535967E-03,-5.9662852E-06)
    0.000000       -1.000000        1.000000      
 (1.1660159E-02,-3.9674342E-03)  (-5.5646524E-04,-6.8917871E-03)  
 (-5.5646524E-04,-6.8917871E-03)
    0.000000       -1.000000        2.000000      
 (-3.6135316E-03,-6.6589564E-04)  (-1.2479722E-03,-1.8253922E-03)  
 (-6.2398612E-04,-9.1269612E-04)
    1.000000        0.000000        0.000000      (0.000000,0.000000)  
 (-3.3229589E-02,8.0466270E-03)  (1.6987324E-02,2.2947788E-02)
    1.000000        0.000000        1.000000      
 (-5.1781535E-03,-1.6810372E-03)  (-1.5012920E-02,1.4305115E-02)  
 (5.1781535E-03,1.6810372E-03)
    1.000000        0.000000        2.000000      
 (-7.7125151E-06,8.4750354E-04)  (1.2759119E-03,1.7881393E-03)  
 (3.8562575E-06,-4.2375177E-04)
    1.000000        1.000000        0.000000      
 (9.6857548E-04,-1.0523945E-03)  (-9.6857548E-04,1.0523945E-03)  
 (6.3795596E-04,5.2526593E-03)
    1.000000        1.000000        1.000000      (8.4750354E-04,1.6391277E-03)
   (-1.2479722E-03,-1.9185245E-03)  (4.0046871E-04,2.7706847E-04)
    1.000000        1.000000        2.000000      
 (-1.2107193E-03,1.0151416E-03)  (3.7252903E-04,-3.8417056E-04)  
 (4.1909516E-04,-3.1432137E-04)
    1.000000        2.000000        0.000000      (1.7881393E-03,8.4750354E-04)
   (-8.9406967E-04,-4.2375177E-04)  (3.4226105E-04,1.5273690E-03)
    1.000000        2.000000        1.000000      (6.0535967E-04,8.3819032E-04)
   (-8.1025064E-04,1.9674189E-04)  (1.0151416E-03,-1.2293458E-03)
    1.000000       -2.000000        0.000000      (7.8231096E-04,7.4040145E-04)
   (3.9115548E-04,3.7020072E-04)  (-1.1175871E-03,2.3719622E-05)
    1.000000       -2.000000        1.000000      
 (-1.3131648E-03,-8.1956387E-04)  (-7.4040145E-04,-7.3574483E-04)  
 (-1.6298145E-04,-6.6123903E-04)
    1.000000       -1.000000        0.000000      
 (2.0861626E-03,-8.7078661E-04)  (2.0861626E-03,-8.7078661E-04)  
 (-8.7916851E-03,1.5739352E-03)
    1.000000       -1.000000        1.000000      
 (3.0919909E-03,-2.8871000E-03)  (6.5658242E-04,-1.6391277E-03)  
 (-2.4214387E-03,1.2293458E-03)
    1.000000       -1.000000        2.000000      
 (-1.9185245E-03,-1.0244548E-03)  (-2.1792948E-03,-1.4621764E-03)  
 (-1.2805685E-04,-2.1886081E-04)
    2.000000        0.000000        0.000000      (0.000000,0.000000)  
 (2.3841858E-03,1.5716068E-04)  (-5.8673322E-04,-7.9628080E-04)
    2.000000        0.000000        1.000000      
 (-2.5844201E-04,1.5832484E-03)  (7.2177500E-04,2.2351742E-03)  
 (5.1688403E-04,-3.1664968E-03)
    2.000000        1.000000        0.000000      
 (-4.8428774E-04,-1.1455268E-03)  (9.6857548E-04,2.2910535E-03)  
 (-2.4586916E-03,3.0361116E-03)
    2.000000        1.000000        1.000000      (8.4750354E-04,7.6834112E-04)
   (-3.8184226E-04,-3.2410026E-03)  (-1.3038516E-03,1.6950071E-03)
    2.000000       -1.000000        0.000000      
 (-1.8812716E-03,-5.5879354E-04)  (-3.7625432E-03,-1.1175871E-03)  
 (-8.9406967E-04,1.3317913E-03)
    2.000000       -1.000000        1.000000      
 (-7.4505806E-04,3.4226105E-04)  (2.6775524E-05,1.9744039E-03)  
 (1.5180558E-03,1.2852252E-03)
