   0.00000000       0.00000000      -2.00000000     ( -3.09664756E-04, -2.92435288E-03) (  2.32830644E-03, -1.07102096E-03) (  0.00000000    ,  0.00000000    )
   0.00000000       0.00000000      -1.00000000     (  2.67475843E-02, -5.90458512E-03) (  3.16649675E-02,  3.25590372E-02) (  0.00000000    ,  0.00000000    )
   0.00000000       1.00000000      -2.00000000     (  1.62981451E-04, -4.74974513E-04) (  1.44354999E-04, -1.02445483E-03) (  7.21774995E-05, -5.12227416E-04)
   0.00000000       1.00000000      -1.00000000     (  5.63450158E-03,  3.09199095E-02) ( -1.84401870E-03, -3.13855708E-03) ( -1.84401870E-03, -3.13855708E-03)
   0.00000000       2.00000000      -1.00000000     (  3.98606062E-03,  5.68106771E-04) (  7.07805157E-04,  3.86498868E-04) (  1.41561031E-03,  7.72997737E-04)
   0.00000000      -2.00000000      -1.00000000     ( -1.27591193E-03,  8.10250640E-04) (  1.01514161E-03,  3.91155481E-04) ( -2.03028321E-03, -7.82310963E-04)
   0.00000000      -1.00000000      -2.00000000     (  2.32830644E-03,  1.58252078E-06) (  9.87201929E-04,  6.79865479E-04) ( -4.93600965E-04, -3.39932740E-04)
   0.00000000      -1.00000000      -1.00000000     (  8.41915607E-03, -6.74277544E-03) ( -2.41678208E-03,  8.92207026E-03) (  2.41678208E-03, -8.92207026E-03)
   1.00000000       0.00000000      -2.00000000     (  1.31316483E-03, -9.40635800E-04) (  1.48080289E-03, -1.11758709E-03) (  6.56582415E-04, -4.70317900E-04)
   1.00000000       0.00000000      -1.00000000     (  9.87201929E-03, -4.13507223E-03) ( -1.00955367E-02, -3.15718353E-03) (  9.87201929E-03, -4.13507223E-03)
   1.00000000       1.00000000      -2.00000000     (  1.36904418E-03,  1.66473910E-04) (  8.94942787E-06,  1.76951289E-03) (  6.89178705E-04,  9.68575478E-04)
   1.00000000       1.00000000      -1.00000000     (  8.84756446E-04, -1.97906047E-04) ( -2.06753612E-03, -1.17346644E-03) ( -1.18277967E-03, -1.36904418E-03)
   1.00000000       2.00000000      -1.00000000     ( -7.62520358E-05, -1.15483999E-03) (  5.12227416E-04,  2.14204192E-04) (  9.49949026E-04, -7.21774995E-04)
   1.00000000      -2.00000000      -1.00000000     ( -1.73225999E-03, -6.70552254E-04) ( -1.15483999E-03, -1.21071935E-03) (  5.72763383E-04,  1.75088644E-03)
   1.00000000      -1.00000000      -2.00000000     ( -7.35744834E-04,  1.34110451E-03) ( -4.79631126E-04, -5.52972779E-05) ( -1.29221007E-04,  6.98491931E-04)
   1.00000000      -1.00000000      -1.00000000     (  7.72997737E-04, -1.60187483E-03) (  2.08616257E-03, -5.12227416E-04) ( -1.31316483E-03, -1.08033419E-03)
   2.00000000       0.00000000      -1.00000000     (  8.47503543E-04,  2.04890966E-04) (  1.31549314E-04, -2.58442014E-04) (  1.69500709E-03,  4.09781933E-04)
   2.00000000       1.00000000      -1.00000000     (  9.12696123E-04,  3.65544111E-04) ( -1.49011612E-03,  7.91624188E-04) (  3.39932740E-04,  1.51805580E-03)
   2.00000000      -1.00000000      -1.00000000     ( -1.93540473E-05, -3.70200723E-04) ( -1.22003257E-03,  1.09896064E-03) (  1.18277967E-03, -1.84401870E-03)
