   0.00000000       0.00000000      -2.00000000     (  5.73694706E-03,  5.28991222E-03) ( -1.85333192E-03, -1.18277967E-03) (  0.00000000    ,  0.00000000    )
   0.00000000       0.00000000      -1.00000000     (  2.38418579E-02, -1.10268593E-02) (  6.10947609E-03,  2.68965960E-02) (  0.00000000    ,  0.00000000    )
   0.00000000       1.00000000      -2.00000000     ( -2.05909600E-05,  3.20374966E-03) (  7.05476850E-04,  4.90108505E-04) (  3.52738425E-04,  2.45054252E-04)
   0.00000000       1.00000000      -1.00000000     (  1.37463212E-02,  1.57579780E-02) ( -8.94069672E-04,  1.94180757E-03) ( -8.94069672E-04,  1.94180757E-03)
   0.00000000       2.00000000      -1.00000000     ( -1.02072954E-02, -1.59721822E-03) ( -1.52736902E-03, -1.53202564E-03) ( -3.05473804E-03, -3.06405127E-03)
   0.00000000      -2.00000000      -1.00000000     (  2.62632966E-03, -4.97326255E-03) ( -2.44937837E-03,  1.88592821E-03) (  4.89875674E-03, -3.77185643E-03)
   0.00000000      -1.00000000      -2.00000000     ( -6.98491931E-03, -4.91272658E-04) ( -4.37721610E-03, -2.29920261E-04) (  2.18860805E-03,  1.14960130E-04)
   0.00000000      -1.00000000      -1.00000000     (  3.53902578E-03,  5.10364771E-03) (  4.88013029E-03,  8.56816769E-03) ( -4.88013029E-03, -8.56816769E-03)
   1.00000000       0.00000000      -2.00000000     (  2.50292942E-04,  5.32716513E-03) ( -4.58210707E-03,  7.86036253E-03) (  1.25146471E-04,  2.66358256E-03)
   1.00000000       0.00000000      -1.00000000     (  3.46451998E-03,  3.34111974E-04) (  5.12227416E-03, -1.48080289E-03) (  3.46451998E-03,  3.34111974E-04)
   1.00000000       1.00000000      -2.00000000     ( -5.34579158E-03, -1.68103725E-03) (  6.20260835E-03, -5.12227416E-03) (  4.30736691E-04, -3.40864062E-03)
   1.00000000       1.00000000      -1.00000000     ( -7.86036253E-03, -3.45520675E-03) (  6.59376383E-03,  3.41096893E-04) ( -1.26659870E-03, -3.11993062E-03)
   1.00000000       2.00000000      -1.00000000     ( -3.09199095E-03,  8.61473382E-04) ( -6.40284270E-05,  1.89524144E-03) ( -3.22237611E-03,  4.65661287E-03)
   1.00000000      -2.00000000      -1.00000000     ( -2.61934474E-04, -1.81142241E-03) (  1.18277967E-03, -1.58790499E-03) ( -2.62632966E-03,  1.35973096E-03)
   1.00000000      -1.00000000      -2.00000000     ( -1.26659870E-03, -2.10478902E-03) (  8.07922333E-04, -1.98837370E-03) ( -1.03842467E-03, -5.80621418E-05)
   1.00000000      -1.00000000      -1.00000000     ( -2.45869160E-03,  4.22587618E-04) ( -5.30853868E-03,  7.49714673E-04) (  2.85916030E-03, -3.27127054E-04)
   2.00000000       0.00000000      -1.00000000     ( -2.13272870E-03, -4.17931005E-04) ( -8.71717930E-03,  2.33761966E-03) ( -4.26545739E-03, -8.35862011E-04)
   2.00000000       1.00000000      -1.00000000     (  2.60770321E-04,  1.57859176E-03) (  1.09430403E-03, -3.41795385E-03) (  1.61584467E-03, -2.63098627E-04)
   2.00000000      -1.00000000      -1.00000000     (  8.45175236E-04, -1.99768692E-03) (  2.05822289E-03, -4.37721610E-03) ( -3.64379957E-04,  3.80678102E-04)
