   0.00000000       0.00000000       1.00000000     (  2.31713057E-02,  1.11758709E-02) (  3.11993062E-03, -2.48104334E-02) (  0.00000000    ,  0.00000000    )
   0.00000000       0.00000000       2.00000000     (  6.91041350E-03, -5.34579158E-03) ( -1.82189979E-04,  1.54599547E-03) (  0.00000000    ,  0.00000000    )
   0.00000000       1.00000000       0.00000000     ( -4.20957804E-03,  1.07288361E-02) (  0.00000000    ,  0.00000000    ) (  1.75554305E-03, -1.43423676E-03)
   0.00000000       1.00000000       1.00000000     (  3.11061740E-03, -4.60073352E-03) (  5.86733222E-03, -7.80448318E-03) ( -5.86733222E-03,  7.80448318E-03)
   0.00000000       1.00000000       2.00000000     ( -7.95349479E-03, -3.93483788E-04) ( -6.40749931E-03,  5.01750037E-04) (  3.20374966E-03, -2.50875019E-04)
   0.00000000       2.00000000       0.00000000     ( -2.05822289E-03, -7.11530447E-03) (  0.00000000    ,  0.00000000    ) ( -6.46337867E-03,  3.24798748E-04)
   0.00000000       2.00000000       1.00000000     (  4.24683094E-03,  3.88361514E-03) ( -2.23051757E-03, -2.47731805E-03) (  4.46103513E-03,  4.95463610E-03)
   0.00000000      -2.00000000       0.00000000     ( -2.05822289E-03,  7.11530447E-03) (  0.00000000    ,  0.00000000    ) ( -6.46337867E-03, -3.24798748E-04)
   0.00000000      -2.00000000       1.00000000     ( -1.03935599E-02, -2.75904313E-04) ( -1.49011612E-03,  1.47148967E-03) ( -2.98023224E-03,  2.94297934E-03)
   0.00000000      -1.00000000       0.00000000     ( -4.20957804E-03, -1.07288361E-02) (  0.00000000    ,  0.00000000    ) (  1.75554305E-03,  1.43423676E-03)
   0.00000000      -1.00000000       1.00000000     (  1.21444464E-02, -1.43423676E-02) ( -1.72294676E-03, -2.16998160E-03) ( -1.72294676E-03, -2.16998160E-03)
   0.00000000      -1.00000000       2.00000000     ( -1.48545951E-03, -2.38418579E-03) (  8.35862011E-04,  1.76485628E-03) (  4.17931005E-04,  8.82428139E-04)
   1.00000000       0.00000000       0.00000000     (  0.00000000    ,  0.00000000    ) ( -1.82539225E-02,  5.68106771E-03) (  2.51084566E-02,  2.07126141E-02)
   1.00000000       0.00000000       1.00000000     (  2.88709998E-03, -3.61353159E-03) ( -2.57790089E-02,  1.52364373E-02) ( -2.88709998E-03,  3.61353159E-03)
   1.00000000       0.00000000       2.00000000     (  1.09197572E-03,  3.09199095E-03) (  6.92903996E-03,  4.23751771E-03) ( -5.45987859E-04, -1.54599547E-03)
   1.00000000       1.00000000       0.00000000     (  5.34579158E-03,  2.25380063E-03) ( -5.34579158E-03, -2.25380063E-03) ( -7.54371285E-03,  3.89292836E-03)
   1.00000000       1.00000000       1.00000000     ( -4.06056643E-03,  2.64262781E-04) (  2.86847353E-03, -2.04308890E-04) (  1.19209290E-03, -5.99538907E-05)
   1.00000000       1.00000000       2.00000000     ( -2.03028321E-03, -2.99885869E-03) ( -5.81145287E-03, -2.64495611E-03) (  3.93018126E-03,  2.82190740E-03)
   1.00000000       2.00000000       0.00000000     ( -2.14204192E-03,  6.50063157E-03) (  1.07102096E-03, -3.25031579E-03) ( -1.45751983E-03,  9.07108188E-03)
   1.00000000       2.00000000       1.00000000     (  7.50645995E-03,  2.90572643E-03) ( -3.47383320E-03, -2.90572643E-03) ( -5.64614311E-04,  2.90572643E-03)
   1.00000000      -2.00000000       0.00000000     (  1.48429535E-04, -3.30619514E-03) (  7.42147677E-05, -1.65309757E-03) ( -1.34110451E-03,  2.43075192E-03)
   1.00000000      -2.00000000       1.00000000     ( -2.16998160E-03,  7.59027898E-04) ( -2.36555934E-03,  1.60187483E-03) ( -2.56113708E-03,  2.44006515E-03)
   1.00000000      -1.00000000       0.00000000     ( -6.07222319E-03, -6.27711415E-03) ( -6.07222319E-03, -6.27711415E-03) ( -4.60073352E-03,  4.88013029E-03)
   1.00000000      -1.00000000       1.00000000     (  6.07222319E-03,  8.81031156E-03) (  1.17579475E-04,  7.18981028E-03) ( -5.96046448E-03, -1.61118805E-03)
   1.00000000      -1.00000000       2.00000000     (  4.63798642E-03,  6.51925802E-03) (  7.74860382E-03,  3.63215804E-03) (  1.55530870E-03, -1.43889338E-03)
   2.00000000       0.00000000       0.00000000     (  0.00000000    ,  0.00000000    ) (  1.14366412E-02, -5.73694706E-03) ( -5.19677997E-03,  3.33413482E-03)
   2.00000000       0.00000000       1.00000000     ( -4.20026481E-03, -2.01165676E-03) (  2.92435288E-03,  1.12131238E-02) (  8.40052962E-03,  4.02331352E-03)
   2.00000000       1.00000000       0.00000000     ( -2.65426934E-03,  9.26665962E-04) (  5.30853868E-03, -1.85333192E-03) ( -6.72880560E-04, -9.29459929E-03)
   2.00000000       1.00000000       1.00000000     (  1.73691660E-03,  4.44240868E-03) ( -4.84287739E-03, -7.61821866E-03) (  1.36904418E-03, -1.26659870E-03)
   2.00000000      -1.00000000       0.00000000     (  1.89989805E-03,  4.66825441E-04) (  3.79979610E-03,  9.33650881E-04) (  1.46683306E-04,  1.69500709E-03)
   2.00000000      -1.00000000       1.00000000     ( -3.71597707E-03,  8.35862011E-04) ( -2.84053385E-03, -2.13738531E-03) (  4.59142029E-03, -3.80910933E-03)
