    0.000000        0.000000        1.000000      (2.1532178E-02,1.1809170E-02)
   (-7.9348683E-03,-1.7061830E-02)  (0.000000,0.000000)
    0.000000        0.000000        2.000000      
 (7.4133277E-03,-1.6810372E-03)  (6.0722232E-03,4.5448542E-03)  
 (0.000000,0.000000)
    0.000000        1.000000        0.000000      (1.0291114E-03,9.1642141E-03)
   (0.000000,0.000000)  (3.4831464E-03,-2.6449561E-03)
    0.000000        1.000000        1.000000      (4.2095780E-03,1.9744039E-03)
   (6.4261258E-03,-4.8801303E-03)  (-6.4261258E-03,4.8801303E-03)
    0.000000        1.000000        2.000000      
 (-8.2328916E-03,-2.5564805E-03)  (-5.8114529E-03,-1.0244548E-03)  
 (2.9057264E-03,5.1222742E-04)
    0.000000        2.000000        0.000000      
 (-3.0640513E-03,-1.4621764E-03)  (0.000000,0.000000)  
 (-1.2968667E-03,3.0454248E-03)
    0.000000        2.000000        1.000000      
 (1.0896474E-02,-3.1758100E-03)  (-1.9441359E-04,-2.0954758E-03)  
 (3.8882717E-04,4.1909516E-03)
    0.000000       -2.000000        0.000000      
 (-3.0640513E-03,1.4621764E-03)  (0.000000,0.000000)  
 (-1.2968667E-03,-3.0454248E-03)
    0.000000       -2.000000        1.000000      
 (-1.2926757E-02,-1.1306256E-02)  (-4.0046871E-03,1.1548400E-03)  
 (-8.0093741E-03,2.3096800E-03)
    0.000000       -1.000000        0.000000      
 (1.0291114E-03,-9.1642141E-03)  (0.000000,0.000000)  
 (3.4831464E-03,2.6449561E-03)
    0.000000       -1.000000        1.000000      
 (6.3888729E-03,-6.6496432E-03)  (-2.0954758E-03,-4.2840838E-03)  
 (-2.0954758E-03,-4.2840838E-03)
    0.000000       -1.000000        2.000000      
 (-1.3336539E-02,2.4493784E-03)  (-2.2444874E-03,2.1839514E-03)  
 (-1.1222437E-03,1.0919757E-03)
    1.000000        0.000000        0.000000      (0.000000,0.000000)  
 (-2.5331974E-02,4.9173832E-03)  (1.7881393E-02,1.7881393E-02)
    1.000000        0.000000        1.000000      
 (-1.7881393E-03,-3.5390258E-03)  (-1.9818544E-02,1.4752150E-02)  
 (1.7881393E-03,3.5390258E-03)
    1.000000        0.000000        2.000000      (7.9628080E-04,1.3574027E-03)
   (4.8056245E-03,1.0635704E-02)  (-3.9814040E-04,-6.7870133E-04)
    1.000000        1.000000        0.000000      
 (3.7439167E-03,-1.4621764E-03)  (-3.7439167E-03,1.4621764E-03)  
 (-2.8219074E-03,2.1606684E-03)
    1.000000        1.000000        1.000000      (5.1804818E-04,4.0419400E-03)
   (-1.8905848E-03,-2.8405339E-03)  (1.3713725E-03,-1.2060627E-03)
    1.000000        1.000000        2.000000      
 (-4.0140003E-03,7.4738637E-04)  (-6.1001629E-04,-5.5972487E-03)  
 (2.3143366E-03,2.4260953E-03)
    1.000000        2.000000        0.000000      (2.0954758E-03,2.3562461E-03)
   (-1.0477379E-03,-1.1781231E-03)  (3.8743019E-03,9.2759728E-03)
    1.000000        2.000000        1.000000      (4.0046871E-03,3.7439167E-03)
   (-1.8440187E-03,1.3445970E-04)  (-3.1082891E-04,-4.0140003E-03)
    1.000000       -2.000000        0.000000      (5.5297278E-04,7.5995922E-03)
   (2.7648639E-04,3.7997961E-03)  (-6.4820051E-03,-1.0826625E-03)
    1.000000       -2.000000        1.000000      
 (-1.9045547E-03,-3.0486262E-05)  (-1.2951205E-04,3.2247044E-04)  
 (1.6437843E-03,6.7520887E-04)
    1.000000       -1.000000        0.000000      
 (-1.9557774E-03,4.1443855E-04)  (-1.9557774E-03,4.1443855E-04)  
 (-5.3271651E-03,3.6880374E-03)
    1.000000       -1.000000        1.000000      (1.4267862E-02,9.6624717E-04)
   (4.8894435E-03,1.9371510E-03)  (-9.3877316E-03,9.7090378E-04)
    1.000000       -1.000000        2.000000      
 (-2.8684735E-03,3.4866389E-04)  (-5.9045851E-03,-4.1443855E-03)  
 (-1.5180558E-03,-2.2491440E-03)
    2.000000        0.000000        0.000000      (0.000000,0.000000)  
 (1.3411045E-02,-4.6938658E-03)  (-6.0303137E-04,1.9557774E-03)
    2.000000        0.000000        1.000000      
 (-3.5297126E-03,4.9360096E-03)  (4.7776848E-03,1.0561198E-02)  
 (7.0594251E-03,-9.8720193E-03)
    2.000000        1.000000        0.000000      
 (-1.8952414E-03,-2.5192276E-03)  (3.7904829E-03,5.0384551E-03)  
 (-7.2643161E-03,2.9429793E-03)
    2.000000        1.000000        1.000000      (3.4645200E-03,4.9825758E-03)
   (-5.1781535E-03,-1.3746321E-02)  (-1.7415732E-03,3.7718564E-03)
    2.000000       -1.000000        0.000000      
 (-2.3795292E-03,-3.3061951E-03)  (-4.7590584E-03,-6.6123903E-03)  
 (2.0582229E-03,4.2654574E-03)
    2.000000       -1.000000        1.000000      
 (-4.9453229E-03,2.3143366E-03)  (-4.4982880E-03,5.8487058E-03)  
 (5.4016709E-03,1.2153760E-03)
