   0.00000000       0.00000000       1.00000000     (  2.31713057E-02,  1.15856528E-02) (  8.73114914E-04, -2.34693289E-02) (  0.00000000    ,  0.00000000    )
   0.00000000       0.00000000       2.00000000     (  6.68689609E-03, -4.33064997E-03) (  1.34576112E-03,  1.46683306E-03) (  0.00000000    ,  0.00000000    )
   0.00000000       1.00000000       0.00000000     ( -2.85916030E-03,  1.15483999E-02) (  0.00000000    ,  0.00000000    ) (  1.93249434E-03, -2.46800482E-03)
   0.00000000       1.00000000       1.00000000     (  3.16649675E-03, -3.89292836E-03) (  6.64964318E-03, -7.33882189E-03) ( -6.64964318E-03,  7.33882189E-03)
   0.00000000       1.00000000       2.00000000     ( -7.41332769E-03, -8.26548785E-04) ( -6.89178705E-03,  5.54136932E-04) (  3.44589353E-03, -2.77068466E-04)
   0.00000000       2.00000000       0.00000000     ( -5.98374754E-04, -6.63101673E-03) (  0.00000000    ,  0.00000000    ) ( -5.08502126E-03,  3.58559191E-04)
   0.00000000       2.00000000       1.00000000     (  5.43892384E-03,  1.83004886E-03) ( -1.50874257E-03, -2.48663127E-03) (  3.01748514E-03,  4.97326255E-03)
   0.00000000      -2.00000000       0.00000000     ( -5.98374754E-04,  6.63101673E-03) (  0.00000000    ,  0.00000000    ) ( -5.08502126E-03, -3.58559191E-04)
   0.00000000      -2.00000000       1.00000000     ( -9.35047865E-03, -2.26311386E-03) ( -1.59721822E-03,  1.09896064E-03) ( -3.19443643E-03,  2.19792128E-03)
   0.00000000      -1.00000000       0.00000000     ( -2.85916030E-03, -1.15483999E-02) (  0.00000000    ,  0.00000000    ) (  1.93249434E-03,  2.46800482E-03)
   0.00000000      -1.00000000       1.00000000     (  1.07288361E-02, -1.32992864E-02) ( -2.33761966E-03, -2.47731805E-03) ( -2.33761966E-03, -2.47731805E-03)
   0.00000000      -1.00000000       2.00000000     ( -3.14787030E-03, -6.89178705E-04) (  6.19329512E-04,  3.25031579E-03) (  3.09664756E-04,  1.62515789E-03)
   1.00000000       0.00000000       0.00000000     (  0.00000000    ,  0.00000000    ) ( -2.00420618E-02,  5.36441803E-03) (  2.42888927E-02,  2.00420618E-02)
   1.00000000       0.00000000       1.00000000     (  2.10478902E-03, -4.19095159E-03) ( -2.51829624E-02,  1.55717134E-02) ( -2.10478902E-03,  4.19095159E-03)
   1.00000000       0.00000000       2.00000000     (  1.05006620E-03,  2.38418579E-03) (  5.34579158E-03,  4.89875674E-03) ( -5.25033101E-04, -1.19209290E-03)
   1.00000000       1.00000000       0.00000000     (  5.28991222E-03,  1.30850822E-03) ( -5.28991222E-03, -1.30850822E-03) ( -6.94766641E-03,  3.14787030E-03)
   1.00000000       1.00000000       1.00000000     ( -3.41795385E-03,  8.98726285E-04) (  2.44006515E-03, -5.26197255E-04) (  9.82545316E-04, -3.73693183E-04)
   1.00000000       1.00000000       2.00000000     ( -2.16066837E-03, -2.57976353E-03) ( -4.76837158E-03, -3.56696546E-03) (  3.46451998E-03,  3.07336450E-03)
   1.00000000       2.00000000       0.00000000     ( -1.92318112E-03,  5.56930900E-03) (  9.61590558E-04, -2.78465450E-03) ( -7.14790076E-04,  9.38773155E-03)
   1.00000000       2.00000000       1.00000000     (  6.68689609E-03,  2.71946192E-03) ( -2.48663127E-03, -2.30967999E-03) ( -1.71829015E-03,  1.89989805E-03)
   1.00000000      -2.00000000       0.00000000     ( -3.49245965E-04, -1.90455467E-03) ( -1.74622983E-04, -9.52277333E-04) ( -2.24448740E-03,  1.06636435E-03)
   1.00000000      -2.00000000       1.00000000     ( -2.13738531E-03,  7.12461770E-04) ( -2.12807208E-03,  1.42958015E-03) ( -2.12341547E-03,  2.14669853E-03)
   1.00000000      -1.00000000       0.00000000     ( -5.73694706E-03, -4.41446900E-03) ( -5.73694706E-03, -4.41446900E-03) ( -4.33996320E-03,  4.47034836E-03)
   1.00000000      -1.00000000       1.00000000     (  7.37607479E-03,  8.40052962E-03) (  1.45286322E-03,  7.50645995E-03) ( -5.92321157E-03, -8.91741365E-04)
   1.00000000      -1.00000000       2.00000000     (  3.93949449E-03,  6.18398190E-03) (  6.29574060E-03,  2.33761966E-03) (  1.17346644E-03, -1.92318112E-03)
   2.00000000       0.00000000       0.00000000     (  0.00000000    ,  0.00000000    ) (  1.11758709E-02, -6.31436706E-03) ( -3.98606062E-03,  4.10713255E-03)
   2.00000000       0.00000000       1.00000000     ( -4.41446900E-03, -8.47503543E-04) (  3.45520675E-03,  1.10268593E-02) (  8.82893801E-03,  1.69500709E-03)
   2.00000000       1.00000000       0.00000000     ( -2.10013241E-03,  7.05476850E-04) (  4.20026481E-03, -1.41095370E-03) ( -1.20606273E-03, -7.20843673E-03)
   2.00000000       1.00000000       1.00000000     (  2.10944563E-03,  4.52622771E-03) ( -5.10364771E-03, -7.78585672E-03) (  8.82428139E-04, -1.24797225E-03)
   2.00000000      -1.00000000       0.00000000     (  1.43889338E-03, -3.95812094E-04) (  2.87778676E-03, -7.91624188E-04) (  4.26080078E-04,  1.92318112E-03)
   2.00000000      -1.00000000       1.00000000     ( -3.90224159E-03,  5.44823706E-04) ( -3.54833901E-03, -1.92783773E-03) (  4.26545739E-03, -3.01748514E-03)
