   0.00000000       0.00000000       1.00000000     (  2.63750553E-02,  5.46686351E-03) (  3.24100256E-02, -3.20374966E-02) (  0.00000000    ,  0.00000000    )
   0.00000000       0.00000000       2.00000000     ( -3.39932740E-04,  2.94297934E-03) (  2.34693289E-03,  1.06170774E-03) (  0.00000000    ,  0.00000000    )
   0.00000000       1.00000000       0.00000000     ( -1.98185444E-02, -1.99652277E-04) (  0.00000000    ,  0.00000000    ) (  4.47966158E-03,  1.62795186E-02)
   0.00000000       1.00000000       1.00000000     (  8.40052962E-03,  7.30156898E-03) ( -2.56579369E-03, -8.53091478E-03) (  2.56579369E-03,  8.53091478E-03)
   0.00000000       1.00000000       2.00000000     (  2.25380063E-03,  9.72067937E-05) (  1.04308128E-03, -6.93835318E-04) ( -5.21540642E-04,  3.46917659E-04)
   0.00000000       2.00000000       0.00000000     ( -3.91155481E-04, -2.19792128E-03) (  0.00000000    ,  0.00000000    ) (  2.55182385E-03, -3.20374966E-03)
   0.00000000       2.00000000       1.00000000     ( -1.34110451E-03, -6.56582415E-04) (  1.02445483E-03, -4.37721610E-04) ( -2.04890966E-03,  8.75443220E-04)
   0.00000000      -2.00000000       0.00000000     ( -3.91155481E-04,  2.19792128E-03) (  0.00000000    ,  0.00000000    ) (  2.55182385E-03,  3.20374966E-03)
   0.00000000      -2.00000000       1.00000000     (  3.91155481E-03, -5.30853868E-04) (  6.56582415E-04, -3.09664756E-04) (  1.31316483E-03, -6.19329512E-04)
   0.00000000      -1.00000000       0.00000000     ( -1.98185444E-02,  1.99652277E-04) (  0.00000000    ,  0.00000000    ) (  4.47966158E-03, -1.62795186E-02)
   0.00000000      -1.00000000       1.00000000     (  4.85219061E-03, -3.13669443E-02) ( -2.18860805E-03,  3.28756869E-03) ( -2.18860805E-03,  3.28756869E-03)
   0.00000000      -1.00000000       2.00000000     (  5.52972779E-05,  4.19095159E-04) (  2.63098627E-04,  9.96515155E-04) (  1.31549314E-04,  4.98257577E-04)
   1.00000000       0.00000000       0.00000000     (  0.00000000    ,  0.00000000    ) ( -1.44913793E-02,  1.62050128E-02) (  3.46451998E-02,  2.39163637E-02)
   1.00000000       0.00000000       1.00000000     (  2.53785402E-03, -3.98606062E-03) ( -3.58372927E-02,  1.51339918E-03) ( -2.53785402E-03,  3.98606062E-03)
   1.00000000       0.00000000       2.00000000     ( -2.21189111E-04, -1.84401870E-03) ( -2.06753612E-03, -1.71363354E-03) (  1.10594556E-04,  9.22009349E-04)
   1.00000000       1.00000000       0.00000000     (  4.05125320E-03,  4.93600965E-03) ( -4.05125320E-03, -4.93600965E-03) ( -1.09896064E-02,  1.28522515E-02)
   1.00000000       1.00000000       1.00000000     ( -1.35041773E-03,  1.65775418E-03) (  2.27242708E-03, -2.61934474E-05) ( -9.22009349E-04, -1.63912773E-03)
   1.00000000       1.00000000       2.00000000     (  1.18277967E-03,  2.95694917E-04) ( -9.25501809E-05, -2.16532499E-04) ( -5.44823706E-04, -3.98722477E-05)
   1.00000000       2.00000000       0.00000000     (  6.47269189E-04, -9.68575478E-04) ( -3.23634595E-04,  4.84287739E-04) ( -2.08616257E-03,  5.82076609E-05)
   1.00000000       2.00000000       1.00000000     ( -2.75671482E-03, -5.63450158E-04) (  1.91852450E-03,  5.96046448E-04) ( -1.08033419E-03, -6.33299351E-04)
   1.00000000      -2.00000000       0.00000000     (  7.45058060E-04,  1.50874257E-03) (  3.72529030E-04,  7.54371285E-04) (  1.39698386E-03,  1.54599547E-03)
   1.00000000      -2.00000000       1.00000000     (  6.84522092E-04, -1.62050128E-03) (  3.46917659E-04, -1.22934580E-03) (  8.29459168E-06, -8.38190317E-04)
   1.00000000      -1.00000000       0.00000000     ( -1.69966370E-03, -1.47148967E-02) ( -1.69966370E-03, -1.47148967E-02) ( -1.42306089E-02,  2.10478902E-02)
   1.00000000      -1.00000000       1.00000000     ( -1.86264515E-03, -4.65661287E-04) (  1.20140612E-03,  3.46451998E-03) (  3.05473804E-03,  3.91155481E-03)
   1.00000000      -1.00000000       2.00000000     (  2.40281224E-03, -2.55182385E-03) (  7.45058060E-04, -7.07805157E-04) ( -8.28877091E-04,  9.22009349E-04)
   2.00000000       0.00000000       0.00000000     (  0.00000000    ,  0.00000000    ) ( -2.60770321E-03, -2.62632966E-03) (  1.36904418E-03, -2.10478902E-03)
   2.00000000       0.00000000       1.00000000     ( -8.84756446E-04,  1.42492354E-03) ( -4.61004674E-04, -1.54599547E-03) (  1.76951289E-03, -2.84984708E-03)
   2.00000000       1.00000000       0.00000000     (  7.26431608E-04, -8.94069672E-04) ( -1.45286322E-03,  1.78813934E-03) (  8.19563866E-04, -9.87201929E-04)
   2.00000000       1.00000000       1.00000000     ( -1.10594556E-04, -3.70200723E-04) ( -1.07102096E-03,  2.86847353E-03) (  1.29453838E-03, -2.12341547E-03)
   2.00000000      -1.00000000       0.00000000     (  5.30853868E-04, -1.24797225E-03) (  1.06170774E-03, -2.49594450E-03) (  6.89178705E-04, -9.96515155E-04)
   2.00000000      -1.00000000       1.00000000     (  1.32247806E-03, -8.78935680E-05) (  2.62632966E-03, -3.02679837E-04) ( -1.01135811E-05, -1.26892701E-04)
