   0.00000000       0.00000000      -2.00000000     (  1.56462193E-03,  3.11993062E-04) ( -1.67638063E-03,  7.45058060E-04) (  0.00000000    ,  0.00000000    )
   0.00000000       0.00000000      -1.00000000     (  6.01634383E-03,  1.23307109E-02) (  3.47942114E-02,  3.61353159E-03) (  0.00000000    ,  0.00000000    )
   0.00000000       1.00000000      -2.00000000     (  3.02679837E-04,  5.58793545E-04) (  6.98491931E-04, -3.31783667E-05) (  3.49245965E-04, -1.65891834E-05)
   0.00000000       1.00000000      -1.00000000     ( -6.89178705E-03,  2.00420618E-02) ( -8.84756446E-03, -4.45172191E-03) ( -8.84756446E-03, -4.45172191E-03)
   0.00000000       2.00000000      -1.00000000     ( -5.86733222E-04, -6.05359674E-04) ( -4.65661287E-04,  3.49245965E-04) ( -9.31322575E-04,  6.98491931E-04)
   0.00000000      -2.00000000      -1.00000000     (  2.42143869E-04,  6.98491931E-04) ( -3.20142135E-05, -2.32830644E-05) (  6.40284270E-05,  4.65661287E-05)
   0.00000000      -1.00000000      -2.00000000     (  8.19563866E-04,  9.68575478E-04) ( -1.67638063E-04, -4.56348062E-04) (  8.38190317E-05,  2.28174031E-04)
   0.00000000      -1.00000000      -1.00000000     (  3.94880772E-03, -2.84053385E-03) (  3.66941094E-03,  1.19209290E-03) ( -3.66941094E-03, -1.19209290E-03)
   1.00000000       0.00000000      -2.00000000     ( -5.40167093E-04, -2.04890966E-04) (  6.89178705E-04,  1.56462193E-03) ( -2.70083547E-04, -1.02445483E-04)
   1.00000000       0.00000000      -1.00000000     (  1.12876296E-02, -5.75557351E-03) ( -6.44475222E-03,  2.48849392E-02) (  1.12876296E-02, -5.75557351E-03)
   1.00000000       1.00000000      -2.00000000     (  4.47034836E-04,  6.14672899E-04) ( -1.06170774E-03, -1.35041773E-04) ( -3.02679837E-04,  2.37487257E-04)
   1.00000000       1.00000000      -1.00000000     ( -8.75443220E-04,  2.42143869E-03) ( -5.68106771E-04, -1.45286322E-03) ( -1.45286322E-03,  9.68575478E-04)
   1.00000000       2.00000000      -1.00000000     (  2.98023224E-04, -1.49011612E-04) ( -3.72529030E-04, -1.14087015E-04) ( -4.47034836E-04, -3.72529030E-04)
   1.00000000      -2.00000000      -1.00000000     ( -1.86264515E-04, -4.47034836E-04) (  8.14907253E-05, -1.69966370E-04) ( -3.49245965E-04, -1.02445483E-04)
   1.00000000      -1.00000000      -2.00000000     (  6.51925802E-05, -6.61239028E-04) ( -4.09781933E-04,  4.47034836E-04) (  2.37487257E-04, -5.49480319E-04)
   1.00000000      -1.00000000      -1.00000000     (  6.54836185E-06,  2.65426934E-04) ( -2.00234354E-04, -5.70435077E-05) (  2.04890966E-04,  3.21306288E-04)
   2.00000000       0.00000000      -1.00000000     ( -4.84287739E-04,  6.63567334E-05) (  2.14204192E-04, -7.63684511E-04) ( -9.68575478E-04,  1.32713467E-04)
   2.00000000       1.00000000      -1.00000000     (  1.30967237E-05, -2.18860805E-04) ( -6.51925802E-04,  3.63215804E-04) ( -6.23986125E-04, -6.86850399E-05)
   2.00000000      -1.00000000      -1.00000000     (  4.19095159E-04,  2.21189111E-05) (  2.04890966E-04,  4.93600965E-04) (  6.33299351E-04, -4.47034836E-04)
