    0.000000        0.000000       -2.000000      (8.2515180E-03,2.0302832E-03)
   (5.8207661E-03,-3.8277358E-03)  (0.000000,0.000000)
    0.000000        0.000000       -1.000000      
 (2.2351742E-02,-1.2144446E-02)  (-6.2957406E-03,1.8402934E-02)  
 (0.000000,0.000000)
    0.000000        1.000000       -2.000000      
 (-1.2405217E-02,-3.1292439E-03)  (-1.5180558E-03,-4.0326267E-03)  
 (-7.5902790E-04,-2.0163134E-03)
    0.000000        1.000000       -1.000000      (6.7055225E-03,8.2328916E-03)
   (-2.5238842E-03,3.9301813E-03)  (-2.5238842E-03,3.9301813E-03)
    0.000000        2.000000       -1.000000      
 (-1.3038516E-02,1.0635704E-02)  (-4.1630119E-03,-1.0919757E-03)  
 (-8.3260238E-03,-2.1839514E-03)
    0.000000       -2.000000       -1.000000      (1.1473894E-02,3.2596290E-03)
   (-8.1490725E-05,2.3795292E-03)  (1.6298145E-04,-4.7590584E-03)
    0.000000       -1.000000       -2.000000      
 (-8.3632767E-03,2.5099143E-03)  (-7.3015690E-03,3.7252903E-04)  
 (3.6507845E-03,-1.8626451E-04)
    0.000000       -1.000000       -1.000000      
 (4.0791929E-03,-5.0524250E-04)  (6.9849193E-03,5.4389238E-03)  
 (-6.9849193E-03,-5.4389238E-03)
    1.000000        0.000000       -2.000000      (8.0280006E-03,3.7159771E-03)
   (-2.3841858E-03,6.8917871E-03)  (4.0140003E-03,1.8579885E-03)
    1.000000        0.000000       -1.000000      
 (4.0978193E-03,-2.8871000E-04)  (8.9034438E-03,-2.9616058E-03)  
 (4.0978193E-03,-2.8871000E-04)
    1.000000        1.000000       -2.000000      
 (-2.9988587E-03,-2.0535663E-03)  (-9.1677066E-05,-1.3709068E-02)  
 (-1.5459955E-03,-7.8789890E-03)
    1.000000        1.000000       -1.000000      
 (-8.5122883E-03,-3.9767474E-03)  (2.9336661E-03,-8.8242814E-04)  
 (-5.5599958E-03,-4.8521906E-03)
    1.000000        2.000000       -1.000000      
 (-1.0039657E-02,-2.6915222E-03)  (1.9650906E-03,2.7287751E-03)  
 (-6.1094761E-03,2.7613714E-03)
    1.000000       -2.000000       -1.000000      
 (-8.7544322E-04,-6.3702464E-03)  (-1.5459955E-03,-3.2037497E-03)  
 (2.2165477E-03,3.9435690E-05)
    1.000000       -1.000000       -2.000000      (4.9360096E-03,2.0163134E-03)
   (-3.9301813E-03,2.5937334E-03)  (4.4330955E-03,-2.8929207E-04)
    1.000000       -1.000000       -1.000000      
 (-9.6857548E-03,3.2689422E-03)  (-8.0838799E-03,8.1723556E-04)  
 (-1.6065314E-03,2.4493784E-03)
    2.000000        0.000000       -1.000000      (2.9103830E-04,4.7404319E-03)
   (2.3795292E-03,7.5064600E-03)  (5.8207661E-04,9.4808638E-03)
    2.000000        1.000000       -1.000000      
 (-8.2945917E-05,-5.5762939E-04)  (4.3399632E-03,-6.6868961E-03)  
 (4.1816384E-03,-7.7858567E-03)
    2.000000       -1.000000       -1.000000      
 (-1.9092113E-03,1.2270175E-03)  (5.7276338E-04,5.5320561E-03)  
 (-4.3958426E-03,-3.0733645E-03)
