   0.00000000       0.00000000      -2.00000000     (  2.60770321E-03,  4.74974513E-04) ( -3.09199095E-03,  1.60187483E-03) (  0.00000000    ,  0.00000000    )
   0.00000000       0.00000000      -1.00000000     (  4.30271029E-03,  1.19209290E-02) (  3.10689211E-02,  1.56462193E-03) (  0.00000000    ,  0.00000000    )
   0.00000000       1.00000000      -2.00000000     (  2.67755240E-04,  1.06170774E-03) (  1.15483999E-03, -1.58324838E-04) (  5.77419996E-04, -7.91624188E-05)
   0.00000000       1.00000000      -1.00000000     ( -6.79865479E-03,  1.72853470E-02) ( -8.10250640E-03, -4.73111868E-03) ( -8.10250640E-03, -4.73111868E-03)
   0.00000000       2.00000000      -1.00000000     ( -9.12696123E-04, -1.05239451E-03) ( -7.17118382E-04,  4.00468707E-04) ( -1.43423676E-03,  8.00937414E-04)
   0.00000000      -2.00000000      -1.00000000     (  1.57160684E-05,  1.49011612E-03) ( -9.42964107E-05, -2.65426934E-04) (  1.88592821E-04,  5.30853868E-04)
   0.00000000      -1.00000000      -2.00000000     (  1.56462193E-03,  1.76951289E-03) ( -2.58442014E-04, -9.12696123E-04) (  1.29221007E-04,  4.56348062E-04)
   0.00000000      -1.00000000      -1.00000000     (  2.26311386E-03, -1.68103725E-03) (  3.92086804E-03,  1.20606273E-03) ( -3.92086804E-03, -1.20606273E-03)
   1.00000000       0.00000000      -2.00000000     ( -8.38190317E-04, -3.30619514E-04) (  1.05239451E-03,  2.64495611E-03) ( -4.19095159E-04, -1.65309757E-04)
   1.00000000       0.00000000      -1.00000000     (  1.06543303E-02, -5.64381480E-03) ( -5.75557351E-03,  2.55554914E-02) (  1.06543303E-02, -5.64381480E-03)
   1.00000000       1.00000000      -2.00000000     (  8.84756446E-04,  1.08964741E-03) ( -2.10478902E-03,  1.70257408E-05) ( -6.05359674E-04,  5.54136932E-04)
   1.00000000       1.00000000      -1.00000000     ( -1.03376806E-03,  3.94880772E-03) ( -1.10827386E-03, -2.42143869E-03) ( -2.14204192E-03,  1.52736902E-03)
   1.00000000       2.00000000      -1.00000000     (  7.82310963E-04, -2.30502337E-04) ( -6.98491931E-04, -2.32830644E-04) ( -6.14672899E-04, -6.89178705E-04)
   1.00000000      -2.00000000      -1.00000000     ( -2.70083547E-04, -7.35744834E-04) (  3.72529030E-05, -2.56113708E-04) ( -3.44589353E-04, -2.21189111E-04)
   1.00000000      -1.00000000      -2.00000000     ( -6.46105036E-05, -1.20140612E-03) ( -6.42612576E-04,  1.10827386E-03) (  2.88709998E-04, -1.15483999E-03)
   1.00000000      -1.00000000      -1.00000000     ( -5.16592991E-06,  3.67872417E-04) ( -2.88709998E-04, -4.28408384E-04) (  2.81725079E-04,  7.91624188E-04)
   2.00000000       0.00000000      -1.00000000     ( -7.91624188E-04,  1.23400241E-04) (  1.86264515E-04, -1.11758709E-03) ( -1.58324838E-03,  2.46800482E-04)
   2.00000000       1.00000000      -1.00000000     ( -1.01863407E-05, -3.30619514E-04) ( -1.19209290E-03,  2.60770321E-04) ( -1.21071935E-03, -4.00468707E-04)
   2.00000000      -1.00000000      -1.00000000     (  6.70552254E-04, -2.82307155E-05) (  3.77185643E-04,  8.47503543E-04) (  9.68575478E-04, -9.03382897E-04)
