   0.00000000       0.00000000      -2.00000000     ( -2.65426934E-04, -1.30385160E-03) (  1.02445483E-03, -3.63215804E-04) (  0.00000000    ,  0.00000000    )
   0.00000000       0.00000000      -1.00000000     (  2.36928463E-02, -3.51108611E-03) (  3.39001417E-02,  2.86102295E-02) (  0.00000000    ,  0.00000000    )
   0.00000000       1.00000000      -2.00000000     ( -2.04890966E-04, -6.86850399E-05) (  3.21306288E-04, -3.81842256E-04) (  1.60653144E-04, -1.90921128E-04)
   0.00000000       1.00000000      -1.00000000     (  1.86264515E-03,  3.17394733E-02) ( -3.52971256E-03, -3.45520675E-03) ( -3.52971256E-03, -3.45520675E-03)
   0.00000000       2.00000000      -1.00000000     (  1.49011612E-03,  1.16415322E-04) (  1.55996531E-04, -3.66708264E-05) (  3.11993062E-04, -7.33416528E-05)
   0.00000000      -2.00000000      -1.00000000     ( -7.07805157E-04, -2.15368345E-05) (  4.37721610E-04,  2.23517418E-04) ( -8.75443220E-04, -4.47034836E-04)
   0.00000000      -1.00000000      -2.00000000     (  8.19563866E-04, -2.09547579E-04) (  5.12227416E-04,  2.70083547E-04) ( -2.56113708E-04, -1.35041773E-04)
   0.00000000      -1.00000000      -1.00000000     (  8.15838575E-03, -8.99657607E-03) ( -2.85916030E-03,  6.59376383E-03) (  2.85916030E-03, -6.59376383E-03)
   1.00000000       0.00000000      -2.00000000     (  4.74974513E-04, -2.74740160E-04) (  6.79865479E-04, -3.81842256E-04) (  2.37487257E-04, -1.37370080E-04)
   1.00000000       0.00000000      -1.00000000     (  9.85339284E-03, -4.77768481E-03) ( -1.03749335E-02, -2.37952918E-03) (  9.85339284E-03, -4.77768481E-03)
   1.00000000       1.00000000      -2.00000000     (  4.47034836E-04,  2.18860805E-04) ( -1.65309757E-04,  8.75443220E-04) (  1.39698386E-04,  5.49480319E-04)
   1.00000000       1.00000000      -1.00000000     (  4.56348062E-04, -2.37487257E-04) ( -1.06170774E-03, -5.49480319E-04) ( -6.05359674E-04, -7.82310963E-04)
   1.00000000       2.00000000      -1.00000000     ( -5.47152013E-05, -5.49480319E-04) (  2.60770321E-04,  3.63215804E-04) (  4.65661287E-04,  1.79279596E-04)
   1.00000000      -2.00000000      -1.00000000     ( -8.56816769E-04, -3.91155481E-04) ( -5.30853868E-04, -4.65661287E-04) (  2.14204192E-04,  5.40167093E-04)
   1.00000000      -1.00000000      -2.00000000     ( -4.09781933E-04,  4.84287739E-04) ( -5.77419996E-04,  2.50292942E-05) (  8.49831849E-05,  2.28174031E-04)
   1.00000000      -1.00000000      -1.00000000     (  2.32830644E-04, -8.38190317E-04) (  9.12696123E-04, -2.93366611E-04) ( -6.79865479E-04, -5.49480319E-04)
   2.00000000       0.00000000      -1.00000000     (  3.30619514E-04,  8.73114914E-05) (  5.12227416E-05, -1.00117177E-04) (  6.61239028E-04,  1.74622983E-04)
   2.00000000       1.00000000      -1.00000000     (  2.98023224E-04,  8.03265721E-05) ( -4.93600965E-04,  2.74740160E-04) (  1.07102096E-04,  4.37721610E-04)
   2.00000000      -1.00000000      -1.00000000     ( -7.56699592E-05, -8.26548785E-05) ( -6.89178705E-04,  5.58793545E-04) (  5.40167093E-04, -7.26431608E-04)
