   0.00000000       0.00000000       1.00000000     (  2.38418579E-02,  1.10268593E-02) (  6.05359674E-03, -2.68965960E-02) (  0.00000000    ,  0.00000000    )
   0.00000000       0.00000000       2.00000000     (  5.79282641E-03, -5.32716513E-03) ( -1.83936208E-03,  1.20140612E-03) (  0.00000000    ,  0.00000000    )
   0.00000000       1.00000000       0.00000000     ( -6.10947609E-03,  9.53674316E-03) (  0.00000000    ,  0.00000000    ) (  1.85333192E-03,  2.70665623E-05)
   0.00000000       1.00000000       1.00000000     (  3.52971256E-03, -5.10364771E-03) (  4.89875674E-03, -8.56816769E-03) ( -4.89875674E-03,  8.56816769E-03)
   0.00000000       1.00000000       2.00000000     ( -7.04079866E-03,  4.76138666E-04) ( -4.45172191E-03,  2.35158950E-04) (  2.22586095E-03, -1.17579475E-04)
   0.00000000       2.00000000       0.00000000     ( -3.52971256E-03, -5.71832061E-03) (  0.00000000    ,  0.00000000    ) ( -6.14672899E-03,  3.80678102E-04)
   0.00000000       2.00000000       1.00000000     (  2.66358256E-03,  4.99188900E-03) ( -2.46800482E-03, -1.90455467E-03) (  4.93600965E-03,  3.80910933E-03)
   0.00000000      -2.00000000       0.00000000     ( -3.52971256E-03,  5.71832061E-03) (  0.00000000    ,  0.00000000    ) ( -6.14672899E-03, -3.80678102E-04)
   0.00000000      -2.00000000       1.00000000     ( -1.02445483E-02,  1.58324838E-03) ( -1.53202564E-03,  1.54599547E-03) ( -3.06405127E-03,  3.09199095E-03)
   0.00000000      -1.00000000       0.00000000     ( -6.10947609E-03, -9.53674316E-03) (  0.00000000    ,  0.00000000    ) (  1.85333192E-03, -2.70665623E-05)
   0.00000000      -1.00000000       1.00000000     (  1.37463212E-02, -1.57579780E-02) ( -9.10367817E-04, -1.94646418E-03) ( -9.10367817E-04, -1.94646418E-03)
   0.00000000      -1.00000000       2.00000000     ( -3.88536137E-05, -3.22237611E-03) (  7.12461770E-04, -4.56348062E-04) (  3.56230885E-04, -2.28174031E-04)
   1.00000000       0.00000000       0.00000000     (  0.00000000    ,  0.00000000    ) ( -1.66893005E-02,  6.27711415E-03) (  2.65985727E-02,  2.19792128E-02)
   1.00000000       0.00000000       1.00000000     (  3.68803740E-03, -2.98023224E-03) ( -2.71946192E-02,  1.50874257E-02) ( -3.68803740E-03,  2.98023224E-03)
   1.00000000       0.00000000       2.00000000     (  1.23400241E-03,  3.19443643E-03) (  7.76723027E-03,  3.50177288E-03) ( -6.17001206E-04, -1.59721822E-03)
   1.00000000       1.00000000       0.00000000     (  5.47617674E-03,  3.35276127E-03) ( -5.47617674E-03, -3.35276127E-03) ( -8.25151801E-03,  5.01051545E-03)
   1.00000000       1.00000000       1.00000000     ( -3.80910933E-03, -6.79865479E-04) (  2.44937837E-03,  2.14786269E-04) (  1.35507435E-03,  4.65661287E-04)
   1.00000000       1.00000000       2.00000000     ( -1.28988177E-03, -2.82190740E-03) ( -5.42029738E-03, -1.18743628E-03) (  3.35276127E-03,  2.00234354E-03)
   1.00000000       2.00000000       0.00000000     ( -1.81142241E-03,  6.40749931E-03) (  9.05711204E-04, -3.20374966E-03) ( -1.47614628E-03,  6.29574060E-03)
   1.00000000       2.00000000       1.00000000     (  6.72414899E-03,  2.49594450E-03) ( -3.97674739E-03, -2.81259418E-03) (  1.22468919E-03,  3.12924385E-03)
   1.00000000      -2.00000000       0.00000000     (  4.17931005E-04, -3.32482159E-03) (  2.08965503E-04, -1.66241080E-03) ( -9.22009349E-04,  3.07336450E-03)
   1.00000000      -2.00000000       1.00000000     ( -1.52271241E-03,  1.26659870E-03) ( -1.82539225E-03,  2.14204192E-03) ( -2.12341547E-03,  3.00817192E-03)
   1.00000000      -1.00000000       0.00000000     ( -6.20260835E-03, -8.71717930E-03) ( -6.20260835E-03, -8.71717930E-03) ( -5.38304448E-03,  5.68106771E-03)
   1.00000000      -1.00000000       1.00000000     (  3.81842256E-03,  6.85453415E-03) ( -1.39232725E-03,  4.60073352E-03) ( -5.21540642E-03, -2.24448740E-03)
   1.00000000      -1.00000000       2.00000000     (  3.91155481E-03,  5.21540642E-03) (  6.68689609E-03,  3.92086804E-03) (  1.38301402E-03, -6.44940883E-04)
   2.00000000       0.00000000       0.00000000     (  0.00000000    ,  0.00000000    ) (  9.57399607E-03, -3.78116965E-03) ( -5.12227416E-03,  1.59256160E-03)
   2.00000000       0.00000000       1.00000000     ( -2.88709998E-03, -2.49594450E-03) (  1.88127160E-03,  8.94069672E-03) (  5.77419996E-03,  4.99188900E-03)
   2.00000000       1.00000000       0.00000000     ( -2.71946192E-03,  6.51925802E-04) (  5.43892384E-03, -1.30385160E-03) ( -1.48429535E-04, -9.23871994E-03)
   2.00000000       1.00000000       1.00000000     (  9.70903784E-04,  3.50177288E-03) ( -3.24100256E-03, -6.14672899E-03) (  1.29453838E-03, -8.63801688E-04)
   2.00000000      -1.00000000       0.00000000     (  1.85798854E-03,  1.25262886E-03) (  3.71597707E-03,  2.50525773E-03) ( -1.26310624E-04,  1.58324838E-03)
   2.00000000      -1.00000000       1.00000000     ( -3.08267772E-03,  9.33650881E-04) ( -2.10478902E-03, -1.60187483E-03) (  4.06056643E-03, -3.47383320E-03)
