   0.00000000       0.00000000       1.00000000     (  6.05359674E-03, -1.22934580E-02) (  3.47942114E-02, -3.66009772E-03) (  0.00000000    ,  0.00000000    )
   0.00000000       0.00000000       2.00000000     (  1.52736902E-03, -3.07336450E-04) ( -1.63912773E-03, -7.07805157E-04) (  0.00000000    ,  0.00000000    )
   0.00000000       1.00000000       0.00000000     (  2.64495611E-03, -4.10713255E-03) (  0.00000000    ,  0.00000000    ) (  1.60932541E-02,  9.08039510E-04)
   0.00000000       1.00000000       1.00000000     (  3.98606062E-03,  2.85916030E-03) (  3.65078449E-03, -1.18743628E-03) ( -3.65078449E-03,  1.18743628E-03)
   0.00000000       1.00000000       2.00000000     (  8.00937414E-04, -9.49949026E-04) ( -1.62981451E-04,  4.47034836E-04) (  8.14907253E-05, -2.23517418E-04)
   0.00000000       2.00000000       0.00000000     (  9.87201929E-04,  4.93600965E-04) (  0.00000000    ,  0.00000000    ) ( -4.65661287E-05,  4.19095159E-04)
   0.00000000       2.00000000       1.00000000     (  2.42143869E-04, -6.70552254E-04) ( -3.14321369E-05,  1.92085281E-05) (  6.28642738E-05, -3.84170562E-05)
   0.00000000      -2.00000000       0.00000000     (  9.87201929E-04, -4.93600965E-04) (  0.00000000    ,  0.00000000    ) ( -4.65661287E-05, -4.19095159E-04)
   0.00000000      -2.00000000       1.00000000     ( -5.68106771E-04,  5.86733222E-04) ( -4.56348062E-04, -3.44589353E-04) ( -9.12696123E-04, -6.89178705E-04)
   0.00000000      -1.00000000       0.00000000     (  2.64495611E-03,  4.10713255E-03) (  0.00000000    ,  0.00000000    ) (  1.60932541E-02, -9.08039510E-04)
   0.00000000      -1.00000000       1.00000000     ( -6.89178705E-03, -2.00420618E-02) ( -8.84756446E-03,  4.43309546E-03) ( -8.84756446E-03,  4.43309546E-03)
   0.00000000      -1.00000000       2.00000000     (  2.98023224E-04, -5.40167093E-04) (  6.79865479E-04,  3.08500603E-05) (  3.39932740E-04,  1.54250301E-05)
   1.00000000       0.00000000       0.00000000     (  0.00000000    ,  0.00000000    ) ( -3.08454037E-02,  1.74343586E-02) (  1.63167715E-02, -3.36207449E-03)
   1.00000000       0.00000000       1.00000000     ( -2.59838998E-03, -2.64844857E-04) ( -7.97212124E-03, -1.58324838E-02) (  2.59838998E-03,  2.64844857E-04)
   1.00000000       0.00000000       2.00000000     ( -9.31322575E-04, -6.79865479E-04) (  3.25962901E-04,  4.00468707E-04) (  4.65661287E-04,  3.39932740E-04)
   1.00000000       1.00000000       0.00000000     (  3.68803740E-03,  3.47383320E-03) ( -3.68803740E-03, -3.47383320E-03) (  1.26194209E-03,  1.08033419E-02)
   1.00000000       1.00000000       1.00000000     (  2.46800482E-04,  3.16649675E-04) ( -9.68575478E-04,  3.72529030E-04) (  7.26431608E-04, -6.89178705E-04)
   1.00000000       1.00000000       2.00000000     ( -1.17346644E-03,  1.55996531E-04) (  6.79865479E-04,  8.38190317E-04) (  2.46800482E-04, -5.02914190E-04)
   1.00000000       2.00000000       0.00000000     ( -1.30385160E-04,  8.56816769E-04) (  6.51925802E-05, -4.28408384E-04) ( -4.93600965E-04,  2.83762347E-06)
   1.00000000       2.00000000       1.00000000     (  3.63215804E-04,  4.65661287E-04) ( -2.79396772E-04, -1.49011612E-04) (  1.95577741E-04, -1.69966370E-04)
   1.00000000      -2.00000000       0.00000000     (  2.93366611E-04,  4.93600965E-04) (  1.46683306E-04,  2.46800482E-04) ( -5.02914190E-04, -5.12227416E-04)
   1.00000000      -2.00000000       1.00000000     ( -8.00937414E-04,  4.65661287E-05) ( -3.07336450E-04,  1.74622983E-04) (  1.76951289E-04,  3.02679837E-04)
   1.00000000      -1.00000000       0.00000000     (  2.20257789E-03, -2.45869160E-03) (  2.20257789E-03, -2.45869160E-03) ( -6.64964318E-03,  2.38418579E-02)
   1.00000000      -1.00000000       1.00000000     (  1.45286322E-03,  8.38190317E-04) (  1.01863407E-05, -1.41561031E-03) ( -1.45286322E-03, -2.27242708E-03)
   1.00000000      -1.00000000       2.00000000     ( -8.94069672E-04, -1.32713467E-04) (  1.04773790E-04,  3.11993062E-04) (  5.02914190E-04,  2.23517418E-04)
   2.00000000       0.00000000       0.00000000     (  0.00000000    ,  0.00000000    ) (  3.78349796E-05,  1.15483999E-03) ( -4.84287739E-04, -4.09781933E-04)
   2.00000000       0.00000000       1.00000000     ( -1.42026693E-04,  9.08039510E-05) ( -4.93600965E-04, -9.77888703E-05) (  2.84053385E-04, -1.81607902E-04)
   2.00000000       1.00000000       0.00000000     ( -1.74622983E-05, -2.73576006E-05) (  3.49245965E-05,  5.47152013E-05) (  2.18860805E-04,  2.46800482E-04)
   2.00000000       1.00000000       1.00000000     ( -8.26548785E-05, -3.60887498E-05) ( -4.56348062E-04,  4.09781933E-04) (  6.23986125E-04, -3.35276127E-04)
   2.00000000      -1.00000000       0.00000000     ( -4.65661287E-04, -3.63215804E-04) ( -9.31322575E-04, -7.26431608E-04) (  4.37721610E-04,  3.91155481E-04)
   2.00000000      -1.00000000       1.00000000     (  2.61934474E-05, -7.82310963E-04) ( -3.07336450E-04, -3.07336450E-04) ( -3.63215804E-04,  1.26659870E-03)
