   0.00000000       0.00000000       1.00000000     ( -5.98374754E-04, -1.17346644E-02) (  2.14576721E-02,  6.16535544E-03) (  0.00000000    ,  0.00000000    )
   0.00000000       0.00000000       2.00000000     (  7.41332769E-03, -2.92435288E-03) ( -1.08033419E-02, -4.67523932E-03) (  0.00000000    ,  0.00000000    )
   0.00000000       1.00000000       0.00000000     (  6.85453415E-03, -2.81725079E-04) (  0.00000000    ,  0.00000000    ) (  1.46776438E-02, -6.14672899E-03)
   0.00000000       1.00000000       1.00000000     ( -6.70552254E-03, -3.22237611E-03) (  4.07919288E-03, -1.30385160E-03) ( -4.07919288E-03,  1.30385160E-03)
   0.00000000       1.00000000       2.00000000     (  4.80562449E-03, -3.37138772E-03) ( -3.42726707E-03,  1.75088644E-03) (  1.71363354E-03, -8.75443220E-04)
   0.00000000       2.00000000       0.00000000     ( -1.46217644E-03,  5.34579158E-03) (  0.00000000    ,  0.00000000    ) ( -4.49363142E-04, -2.21189111E-04)
   0.00000000       2.00000000       1.00000000     (  7.07223080E-05, -1.73225999E-03) ( -1.15483999E-03,  8.47503543E-04) (  2.30967999E-03, -1.69500709E-03)
   0.00000000      -2.00000000       0.00000000     ( -1.46217644E-03, -5.34579158E-03) (  0.00000000    ,  0.00000000    ) ( -4.49363142E-04,  2.21189111E-04)
   0.00000000      -2.00000000       1.00000000     (  1.99303031E-03, -2.16532499E-04) ( -7.68341124E-04,  8.67294148E-05) ( -1.53668225E-03,  1.73458830E-04)
   0.00000000      -1.00000000       0.00000000     (  6.85453415E-03,  2.81725079E-04) (  0.00000000    ,  0.00000000    ) (  1.46776438E-02,  6.14672899E-03)
   0.00000000      -1.00000000       1.00000000     ( -8.79168510E-03, -1.15483999E-02) ( -5.75557351E-03,  6.22123480E-03) ( -5.75557351E-03,  6.22123480E-03)
   0.00000000      -1.00000000       2.00000000     ( -1.73225999E-03, -2.33761966E-03) (  1.73458830E-04,  2.83122063E-03) (  8.67294148E-05,  1.41561031E-03)
   1.00000000       0.00000000       0.00000000     (  0.00000000    ,  0.00000000    ) ( -2.67475843E-02,  6.33299351E-03) (  1.72853470E-02, -5.02914190E-03)
   1.00000000       0.00000000       1.00000000     ( -1.60187483E-03, -2.36555934E-03) (  3.58559191E-03, -6.55651093E-03) (  1.60187483E-03,  2.36555934E-03)
   1.00000000       0.00000000       2.00000000     ( -3.46451998E-03, -1.37835741E-03) ( -1.15018338E-03,  3.27825546E-03) (  1.73225999E-03,  6.89178705E-04)
   1.00000000       1.00000000       0.00000000     (  4.98257577E-04,  2.11002771E-05) ( -4.98257577E-04, -2.11002771E-05) (  7.05942512E-03,  1.45658851E-02)
   1.00000000       1.00000000       1.00000000     ( -4.43309546E-03, -8.19563866E-04) (  2.23517418E-03,  3.37138772E-03) (  2.19792128E-03, -2.56113708E-03)
   1.00000000       1.00000000       2.00000000     ( -3.79513949E-04,  1.11293048E-03) (  2.16998160E-03,  1.06636435E-03) ( -8.98726285E-04, -1.08964741E-03)
   1.00000000       2.00000000       0.00000000     ( -7.17118382E-04, -1.17579475E-04) (  3.58559191E-04,  5.87897375E-05) ( -7.12461770E-04, -1.62050128E-03)
   1.00000000       2.00000000       1.00000000     (  2.20723450E-03, -3.30328476E-05) ( -8.70786607E-04, -1.48429535E-04) ( -4.58676368E-04,  3.30619514E-04)
   1.00000000      -2.00000000       0.00000000     ( -1.45286322E-03, -1.41444616E-04) ( -7.26431608E-04, -7.07223080E-05) ( -1.13155693E-03,  2.88709998E-03)
   1.00000000      -2.00000000       1.00000000     ( -1.14087015E-04, -8.24220479E-04) (  1.02911144E-03, -5.77419996E-04) (  2.16998160E-03, -3.29455361E-04)
   1.00000000      -1.00000000       0.00000000     (  6.96629286E-03,  2.16066837E-03) (  6.96629286E-03,  2.16066837E-03) ( -2.71014869E-03,  1.89989805E-03)
   1.00000000      -1.00000000       1.00000000     ( -1.52736902E-03,  3.22237611E-03) ( -1.08964741E-03, -3.09199095E-03) (  4.33064997E-04, -6.33299351E-03)
   1.00000000      -1.00000000       2.00000000     ( -3.53902578E-03, -1.11758709E-03) (  1.83470547E-03,  1.83470547E-03) (  2.69152224E-03,  1.47148967E-03)
   2.00000000       0.00000000       0.00000000     (  0.00000000    ,  0.00000000    ) ( -2.45869160E-03,  2.74740160E-03) (  1.62050128E-03, -2.67289579E-03)
   2.00000000       0.00000000       1.00000000     ( -1.11758709E-03,  1.08964741E-03) ( -9.03382897E-04, -3.85567546E-03) (  2.23517418E-03, -2.17929482E-03)
   2.00000000       1.00000000       0.00000000     ( -1.17812306E-03, -1.29453838E-03) (  2.35624611E-03,  2.58907676E-03) ( -3.20142135E-04,  3.68803740E-03)
   2.00000000       1.00000000       1.00000000     ( -8.24220479E-04,  4.09781933E-04) (  3.15485522E-04,  9.31322575E-04) (  1.33644789E-03, -1.75088644E-03)
   2.00000000      -1.00000000       0.00000000     ( -2.08616257E-03, -9.96515155E-04) ( -4.17232513E-03, -1.99303031E-03) (  7.07805157E-04,  4.43309546E-03)
   2.00000000      -1.00000000       1.00000000     (  2.15135515E-03,  3.24507710E-05) ( -8.98726285E-04,  9.03382897E-04) ( -5.19677997E-03,  8.38190317E-04)
