    0.000000        0.000000       -2.000000      
 (1.1734664E-03,-6.5774657E-05)  (1.6484410E-03,-1.5087426E-03)  
 (0.000000,0.000000)
    0.000000        0.000000       -1.000000      
 (2.4065375E-02,-1.3411045E-02)  (-1.6763806E-02,1.9744039E-02)  
 (0.000000,0.000000)
    0.000000        1.000000       -2.000000      
 (-3.9115548E-03,7.1246177E-04)  (-1.3504177E-03,1.9371510E-03)  
 (-6.7520887E-04,9.6857548E-04)
    0.000000        1.000000       -1.000000      (1.1511147E-02,3.9674342E-03)
   (-5.8673322E-04,6.8545341E-03)  (-5.8673322E-04,6.8545341E-03)
    0.000000        2.000000       -1.000000      
 (-2.5890768E-03,3.2782555E-03)  (-3.7485734E-04,2.4680048E-04)  
 (-7.4971467E-04,4.9360096E-04)
    0.000000       -2.000000       -1.000000      (7.1711838E-04,9.9651515E-04)
   (-6.4726919E-04,1.5948899E-04)  (1.2945384E-03,-3.1897798E-04)
    0.000000       -1.000000       -2.000000      
 (-2.6822090E-03,4.3306500E-04)  (1.1095835E-06,1.3690442E-03)  
 (-5.5479177E-07,-6.8452209E-04)
    0.000000       -1.000000       -1.000000      
 (7.5809658E-03,-1.1101365E-02)  (4.6379864E-03,4.5076013E-03)  
 (-4.6379864E-03,-4.5076013E-03)
    1.000000        0.000000       -2.000000      (2.2910535E-03,3.4226105E-04)
   (-2.0861626E-03,5.2619725E-04)  (1.1455268E-03,1.7113052E-04)
    1.000000        0.000000       -1.000000      
 (3.1664968E-03,-2.0489097E-03)  (3.6321580E-03,-9.4249845E-03)  
 (3.1664968E-03,-2.0489097E-03)
    1.000000        1.000000       -2.000000      
 (-1.5273690E-03,1.4901161E-03)  (-1.2293458E-03,-3.2782555E-03)  
 (-1.3783574E-03,-8.9406967E-04)
    1.000000        1.000000       -1.000000      
 (-2.6449561E-03,1.4994293E-03)  (1.5739352E-03,-6.8452209E-04)  
 (-1.0710210E-03,8.1490725E-04)
    1.000000        2.000000       -1.000000      
 (-1.5646219E-03,8.0093741E-04)  (1.2150849E-05,8.7544322E-04)  
 (-1.5459955E-03,2.5518239E-03)
    1.000000       -2.000000       -1.000000      
 (6.0535967E-04,-2.9569492E-04)  (6.4028427E-06,-5.6345016E-04)  
 (5.9138983E-04,8.2422048E-04)
    1.000000       -1.000000       -2.000000      
 (9.3132257E-04,-6.3795596E-04)  (-2.1234155E-03,6.3329935E-04)  
 (1.5273690E-03,-6.3329935E-04)
    1.000000       -1.000000       -1.000000      
 (-2.7939677E-03,2.3096800E-03)  (-7.6834112E-04,-1.9557774E-04)  
 (-2.0302832E-03,2.5145710E-03)
    2.000000        0.000000       -1.000000      (1.2293458E-03,4.2375177E-04)
   (4.4703484E-03,1.9930303E-03)  (2.4586916E-03,8.4750354E-04)
    2.000000        1.000000       -1.000000      
 (-6.8917871E-04,-1.0337681E-03)  (3.4691766E-04,8.6147338E-04)  
 (-1.0337681E-03,-1.2107193E-03)
    2.000000       -1.000000       -1.000000      
 (-6.9849193E-04,5.5413693E-04)  (-7.1246177E-04,1.3317913E-03)  
 (-6.7986548E-04,-2.2351742E-04)
