   0.00000000       0.00000000      -2.00000000     (  7.56233931E-03,  1.75088644E-03) ( -1.09523535E-02,  5.99771738E-03) (  0.00000000    ,  0.00000000    )
   0.00000000       0.00000000      -1.00000000     (  1.01048499E-03,  1.09151006E-02) (  2.33203173E-02, -2.83122063E-03) (  0.00000000    ,  0.00000000    )
   0.00000000       1.00000000      -2.00000000     ( -1.39698386E-03,  3.25962901E-03) (  1.89058483E-03, -1.94646418E-03) (  9.45292413E-04, -9.73232090E-04)
   0.00000000       1.00000000      -1.00000000     ( -7.11530447E-03,  1.21816993E-02) ( -6.18398190E-03, -5.51342964E-03) ( -6.18398190E-03, -5.51342964E-03)
   0.00000000       2.00000000      -1.00000000     (  3.03843990E-04, -1.52736902E-03) ( -8.98726285E-04, -1.46683306E-04) ( -1.79745257E-03, -2.93366611E-04)
   0.00000000      -2.00000000      -1.00000000     ( -1.15949661E-03,  5.08502126E-03) ( -1.39232725E-03, -1.68569386E-03) (  2.78465450E-03,  3.37138772E-03)
   0.00000000      -1.00000000      -2.00000000     (  5.62518835E-03,  5.14090061E-03) ( -2.02096999E-03, -2.65426934E-03) (  1.01048499E-03,  1.32713467E-03)
   0.00000000      -1.00000000      -1.00000000     ( -2.20723450E-03,  9.22009349E-04) (  4.09781933E-03,  1.26194209E-03) ( -4.09781933E-03, -1.26194209E-03)
   1.00000000       0.00000000      -2.00000000     ( -1.90921128E-03, -1.14087015E-03) (  1.09896064E-03,  6.78002834E-03) ( -9.54605639E-04, -5.70435077E-04)
   1.00000000       0.00000000      -1.00000000     (  9.49949026E-03, -5.56930900E-03) ( -4.30271029E-03,  2.68965960E-02) (  9.49949026E-03, -5.56930900E-03)
   1.00000000       1.00000000      -2.00000000     (  2.38418579E-03,  3.04542482E-03) ( -6.40749931E-03,  9.37143341E-05) ( -2.01165676E-03,  1.56927854E-03)
   1.00000000       1.00000000      -1.00000000     (  9.82545316E-04,  8.67992640E-03) ( -2.32830644E-03, -5.79282641E-03) ( -1.34576112E-03,  2.88709998E-03)
   1.00000000       2.00000000      -1.00000000     (  2.85916030E-03,  1.36788003E-04) ( -9.35979187E-04, -2.51457095E-04) (  9.87201929E-04, -3.66708264E-04)
   1.00000000      -2.00000000      -1.00000000     (  1.25728548E-04, -1.92812877E-05) ( -1.75205059E-04, -2.25845724E-04) (  4.74974513E-04,  4.33064997E-04)
   1.00000000      -1.00000000      -2.00000000     ( -1.37370080E-03, -4.43309546E-03) ( -1.04308128E-03,  4.02331352E-03) ( -1.65309757E-04, -4.22820449E-03)
   1.00000000      -1.00000000      -1.00000000     ( -1.08964741E-03,  5.16884029E-04) ( -1.41095370E-03, -3.48314643E-03) (  3.23634595E-04,  4.00468707E-03)
   2.00000000       0.00000000      -1.00000000     ( -1.86264515E-03,  1.18161552E-04) ( -2.03028321E-03, -1.05239451E-03) ( -3.72529030E-03,  2.36323103E-04)
   2.00000000       1.00000000      -1.00000000     (  7.24103302E-04,  2.35158950E-04) ( -3.96743417E-03, -1.99303031E-03) ( -2.51457095E-03, -1.51805580E-03)
   2.00000000      -1.00000000      -1.00000000     (  1.30850822E-03, -5.35510480E-04) (  1.88127160E-03,  1.38301402E-03) (  7.31088221E-04, -2.45869160E-03)
