    0.000000        0.000000       -2.000000      (7.6554716E-03,1.7415732E-03)
   (6.0349703E-03,-4.4144690E-03)  (0.000000,0.000000)
    0.000000        0.000000       -1.000000      
 (2.1606684E-02,-1.1846423E-02)  (-7.5250864E-03,1.7210841E-02)  
 (0.000000,0.000000)
    0.000000        1.000000       -2.000000      
 (-1.3224781E-02,-2.6635826E-03)  (-2.0954758E-03,-2.6635826E-03)  
 (-1.0477379E-03,-1.3317913E-03)
    0.000000        1.000000       -1.000000      (6.3888729E-03,6.9662929E-03)
   (-2.1886081E-03,4.1723251E-03)  (-2.1886081E-03,4.1723251E-03)
    0.000000        2.000000       -1.000000      
 (-1.3001263E-02,1.1231750E-02)  (-4.0885061E-03,-1.1594966E-03)  
 (-8.1770122E-03,-2.3189932E-03)
    0.000000       -2.000000       -1.000000      (1.1138618E-02,3.2316893E-03)
   (-1.4726538E-04,2.1699816E-03)  (2.9453076E-04,-4.3399632E-03)
    0.000000       -1.000000       -2.000000      
 (-8.2515180E-03,2.5751069E-03)  (-6.1839819E-03,8.5448846E-04)  
 (3.0919909E-03,-4.2724423E-04)
    0.000000       -1.000000       -1.000000      
 (4.1350722E-03,-1.6205013E-03)  (6.5378845E-03,4.9732625E-03)  
 (-6.5378845E-03,-4.9732625E-03)
    1.000000        0.000000       -2.000000      (8.5122883E-03,3.1851232E-03)
   (-2.8777868E-03,5.8114529E-03)  (4.2561442E-03,1.5925616E-03)
    1.000000        0.000000       -1.000000      
 (3.9674342E-03,-5.0524250E-04)  (8.1583858E-03,-3.5949051E-03)  
 (3.9674342E-03,-5.0524250E-04)
    1.000000        1.000000       -2.000000      
 (-3.0919909E-03,-1.2549572E-03)  (-1.4854595E-03,-1.3709068E-02)  
 (-2.2910535E-03,-7.4878335E-03)
    1.000000        1.000000       -1.000000      
 (-8.3632767E-03,-2.6077032E-03)  (2.4447218E-03,-1.1222437E-03)  
 (-5.9232116E-03,-3.7346035E-03)
    1.000000        2.000000       -1.000000      
 (-9.6857548E-03,-1.4668331E-03)  (1.8579885E-03,2.8545037E-03)  
 (-5.9604645E-03,4.2375177E-03)
    1.000000       -2.000000       -1.000000      
 (-4.1676685E-04,-5.6810677E-03)  (-1.2316741E-03,-2.4912879E-03)  
 (2.0442531E-03,-6.9849193E-04)
    1.000000       -1.000000       -2.000000      (5.0198287E-03,1.2828968E-03)
   (-4.2282045E-03,2.1373853E-03)  (4.6193600E-03,-4.2840838E-04)
    1.000000       -1.000000       -1.000000      
 (-1.0095537E-02,3.7997961E-03)  (-7.3574483E-03,6.0186721E-04)  
 (-2.7380884E-03,3.2037497E-03)
    2.000000        0.000000       -1.000000      (1.1082739E-03,4.6659261E-03)
   (5.0291419E-03,7.6554716E-03)  (2.2165477E-03,9.3318522E-03)
    2.000000        1.000000       -1.000000      
 (-5.4831617E-04,-1.2572855E-03)  (4.2561442E-03,-6.0535967E-03)  
 (3.1664968E-03,-8.5495412E-03)
    2.000000       -1.000000       -1.000000      
 (-1.8440187E-03,1.9650906E-03)  (3.5215635E-04,6.1281025E-03)  
 (-4.0419400E-03,-2.1886081E-03)
