   0.00000000       0.00000000      -2.00000000     (  1.93715096E-03,  3.67872417E-04) ( -2.16066837E-03,  1.00582838E-03) (  0.00000000    ,  0.00000000    )
   0.00000000       0.00000000      -1.00000000     (  5.36441803E-03,  1.22189522E-02) (  3.35276127E-02,  2.82190740E-03) (  0.00000000    ,  0.00000000    )
   0.00000000       1.00000000      -2.00000000     (  3.11993062E-04,  7.26431608E-04) (  8.66129994E-04, -6.86850399E-05) (  4.33064997E-04, -3.43425199E-05)
   0.00000000       1.00000000      -1.00000000     ( -6.87316060E-03,  1.89989805E-02) ( -8.58679414E-03, -4.56348062E-03) ( -8.58679414E-03, -4.56348062E-03)
   0.00000000       2.00000000      -1.00000000     ( -7.07805157E-04, -7.72997737E-04) ( -5.58793545E-04,  3.81842256E-04) ( -1.11758709E-03,  7.63684511E-04)
   0.00000000      -2.00000000      -1.00000000     (  1.86264515E-04,  9.49949026E-04) ( -4.36557457E-05, -8.96397978E-05) (  8.73114914E-05,  1.79279596E-04)
   0.00000000      -1.00000000      -2.00000000     (  1.06170774E-03,  1.24797225E-03) ( -1.93249434E-04, -6.05359674E-04) (  9.66247171E-05,  3.02679837E-04)
   0.00000000      -1.00000000      -1.00000000     (  3.31550837E-03, -2.40281224E-03) (  3.79048288E-03,  1.20140612E-03) ( -3.79048288E-03, -1.20140612E-03)
   1.00000000       0.00000000      -2.00000000     ( -6.51925802E-04, -2.46800482E-04) (  8.28877091E-04,  1.93715096E-03) ( -3.25962901E-04, -1.23400241E-04)
   1.00000000       0.00000000      -1.00000000     (  1.11013651E-02, -5.73694706E-03) ( -6.20260835E-03,  2.52574682E-02) (  1.11013651E-02, -5.73694706E-03)
   1.00000000       1.00000000      -2.00000000     (  5.96046448E-04,  7.72997737E-04) ( -1.39698386E-03, -9.31322575E-05) ( -4.00468707E-04,  3.39932740E-04)
   1.00000000       1.00000000      -1.00000000     ( -9.68575478E-04,  2.94297934E-03) ( -7.54371285E-04, -1.78813934E-03) ( -1.71363354E-03,  1.15483999E-03)
   1.00000000       2.00000000      -1.00000000     (  4.47034836E-04, -1.74622983E-04) ( -4.84287739E-04, -1.55996531E-04) ( -5.30853868E-04, -4.84287739E-04)
   1.00000000      -2.00000000      -1.00000000     ( -2.23517418E-04, -5.49480319E-04) (  6.98491931E-05, -2.04890966E-04) ( -3.67872417E-04, -1.44354999E-04)
   1.00000000      -1.00000000      -2.00000000     (  3.37604433E-05, -8.38190317E-04) ( -5.02914190E-04,  6.51925802E-04) (  2.70083547E-04, -7.45058060E-04)
   1.00000000      -1.00000000      -1.00000000     (  8.58562998E-06,  3.02679837E-04) ( -2.28174031E-04, -1.60653144E-04) (  2.32830644E-04,  4.65661287E-04)
   2.00000000       0.00000000      -1.00000000     ( -5.96046448E-04,  8.61473382E-05) (  2.21189111E-04, -9.12696123E-04) ( -1.19209290E-03,  1.72294676E-04)
   2.00000000       1.00000000      -1.00000000     (  2.18278728E-06, -2.65426934E-04) ( -8.28877091E-04,  3.58559191E-04) ( -8.19563866E-04, -1.69966370E-04)
   2.00000000      -1.00000000      -1.00000000     (  5.02914190E-04,  9.45874490E-06) (  2.56113708E-04,  6.23986125E-04) (  7.54371285E-04, -6.05359674E-04)
