   0.00000000       0.00000000       1.00000000     (  2.73808837E-03, -1.13621354E-02) (  2.73436308E-02,  3.78349796E-04) (  0.00000000    ,  0.00000000    )
   0.00000000       0.00000000       2.00000000     (  4.28408384E-03, -7.68341124E-04) ( -5.62518835E-03, -3.14787030E-03) (  0.00000000    ,  0.00000000    )
   0.00000000       1.00000000       0.00000000     (  4.13507223E-03, -3.32482159E-03) (  0.00000000    ,  0.00000000    ) (  1.50501728E-02, -1.84867531E-03)
   0.00000000       1.00000000       1.00000000     (  4.77302819E-04,  5.44823706E-04) (  4.04193997E-03, -1.22003257E-03) ( -4.04193997E-03,  1.22003257E-03)
   0.00000000       1.00000000       2.00000000     (  2.92435288E-03, -3.07336450E-03) ( -5.63450158E-04,  1.65775418E-03) (  2.81725079E-04, -8.28877091E-04)
   0.00000000       2.00000000       0.00000000     (  1.66706741E-03,  2.81259418E-03) (  0.00000000    ,  0.00000000    ) ( -2.03726813E-04,  1.65775418E-03)
   0.00000000       2.00000000       1.00000000     ( -4.98257577E-04, -2.92435288E-03) ( -3.72529030E-04,  8.10250640E-04) (  7.45058060E-04, -1.62050128E-03)
   0.00000000      -2.00000000       0.00000000     (  1.66706741E-03, -2.81259418E-03) (  0.00000000    ,  0.00000000    ) ( -2.03726813E-04, -1.65775418E-03)
   0.00000000      -2.00000000       1.00000000     ( -1.07102096E-03,  1.47148967E-03) ( -9.40635800E-04, -2.98023224E-04) ( -1.88127160E-03, -5.96046448E-04)
   0.00000000      -1.00000000       0.00000000     (  4.13507223E-03,  3.32482159E-03) (  0.00000000    ,  0.00000000    ) (  1.50501728E-02,  1.84867531E-03)
   0.00000000      -1.00000000       1.00000000     ( -6.79865479E-03, -1.46776438E-02) ( -7.26431608E-03,  5.02914190E-03) ( -7.26431608E-03,  5.02914190E-03)
   0.00000000      -1.00000000       2.00000000     ( -9.42964107E-05, -1.89989805E-03) (  1.67638063E-03,  5.07570803E-04) (  8.38190317E-04,  2.53785402E-04)
   1.00000000       0.00000000       0.00000000     (  0.00000000    ,  0.00000000    ) ( -2.68220901E-02,  1.19581819E-02) (  1.45286322E-02, -4.17232513E-03)
   1.00000000       0.00000000       1.00000000     ( -1.86264515E-03, -1.06170774E-03) ( -3.25962901E-03, -1.17719173E-02) (  1.86264515E-03,  1.06170774E-03)
   1.00000000       0.00000000       2.00000000     ( -2.58907676E-03, -1.51805580E-03) (  2.25845724E-04,  1.16415322E-03) (  1.29453838E-03,  7.59027898E-04)
   1.00000000       1.00000000       0.00000000     (  2.82190740E-03,  2.07684934E-03) ( -2.82190740E-03, -2.07684934E-03) (  4.28408384E-03,  1.07288361E-02)
   1.00000000       1.00000000       1.00000000     ( -4.12110239E-04,  1.31549314E-04) ( -1.04308128E-03,  1.86264515E-03) (  1.46217644E-03, -1.99303031E-03)
   1.00000000       1.00000000       2.00000000     ( -2.49594450E-03,  3.79513949E-04) (  1.75088644E-03,  1.68569386E-03) (  3.72529030E-04, -1.03376806E-03)
   1.00000000       2.00000000       0.00000000     (  2.60770321E-04,  2.16066837E-03) ( -1.30385160E-04, -1.08033419E-03) ( -1.78813934E-03,  5.49480319E-04)
   1.00000000       2.00000000       1.00000000     (  1.69500709E-03,  1.24797225E-03) ( -6.19329512E-04, -4.40049917E-04) ( -4.56348062E-04, -3.63215804E-04)
   1.00000000      -2.00000000       0.00000000     (  8.33533704E-04,  7.96280801E-04) (  4.16766852E-04,  3.98140401E-04) ( -1.56462193E-03,  8.32369551E-05)
   1.00000000      -2.00000000       1.00000000     ( -1.53668225E-03,  3.18977982E-04) ( -4.93600965E-04,  6.10016286E-04) (  5.49480319E-04,  9.03382897E-04)
   1.00000000      -1.00000000       0.00000000     (  3.08267772E-03, -5.84404916E-04) (  3.08267772E-03, -5.84404916E-04) ( -5.02914190E-03,  1.46403909E-02)
   1.00000000      -1.00000000       1.00000000     (  2.57045031E-03,  2.38418579E-03) ( -2.15368345E-04, -3.57627869E-03) ( -2.77534127E-03, -5.96046448E-03)
   1.00000000      -1.00000000       2.00000000     ( -3.12924385E-03, -8.47503543E-04) (  9.87201929E-04,  2.95694917E-04) (  2.06753612E-03,  5.72763383E-04)
   2.00000000       0.00000000       0.00000000     (  0.00000000    ,  0.00000000    ) ( -7.35744834E-04,  2.96160579E-03) ( -9.96515155E-04, -1.32247806E-03)
   2.00000000       0.00000000       1.00000000     ( -4.72646207E-04,  4.42378223E-04) ( -1.83470547E-03, -1.04308128E-03) (  9.45292413E-04, -8.84756446E-04)
   2.00000000       1.00000000       0.00000000     ( -2.63098627E-04, -4.33064997E-04) (  5.26197255E-04,  8.66129994E-04) (  5.35510480E-04,  1.09896064E-03)
   2.00000000       1.00000000       1.00000000     ( -2.81725079E-04,  7.45058060E-05) ( -8.66129994E-04,  8.24220479E-04) (  1.42492354E-03, -9.73232090E-04)
   2.00000000      -1.00000000       0.00000000     ( -1.55530870E-03, -1.03376806E-03) ( -3.11061740E-03, -2.06753612E-03) (  1.29453838E-03,  2.70083547E-03)
   2.00000000      -1.00000000       1.00000000     (  6.89178705E-04, -1.68569386E-03) ( -7.17118382E-04,  1.85536919E-06) ( -2.10478902E-03,  3.37138772E-03)
