   0.00000000       0.00000000       1.00000000     (  2.01910734E-02,  1.55530870E-03) (  3.34531069E-02, -2.42143869E-02) (  0.00000000    ,  0.00000000    )
   0.00000000       0.00000000       2.00000000     (  4.47034836E-04, -1.35973096E-03) ( -1.06170774E-03, -2.00234354E-04) (  0.00000000    ,  0.00000000    )
   0.00000000       1.00000000       0.00000000     ( -1.49011612E-02, -1.13155693E-03) (  0.00000000    ,  0.00000000    ) (  5.68106771E-03,  1.52364373E-02)
   0.00000000       1.00000000       1.00000000     (  7.78585672E-03,  9.59262252E-03) ( -2.71946192E-03, -4.61004674E-03) (  2.71946192E-03,  4.61004674E-03)
   0.00000000       1.00000000       2.00000000     ( -6.79865479E-04, -3.49245965E-04) ( -5.30853868E-04,  1.86264515E-04) (  2.65426934E-04, -9.31322575E-05)
   0.00000000       2.00000000       0.00000000     (  4.28408384E-04,  1.37835741E-03) (  0.00000000    ,  0.00000000    ) ( -1.56462193E-03,  1.34110451E-03)
   0.00000000       2.00000000       1.00000000     (  8.75443220E-04, -2.98023224E-04) ( -4.00468707E-04,  1.90921128E-04) (  8.00937414E-04, -3.81842256E-04)
   0.00000000      -2.00000000       0.00000000     (  4.28408384E-04, -1.37835741E-03) (  0.00000000    ,  0.00000000    ) ( -1.56462193E-03, -1.34110451E-03)
   0.00000000      -2.00000000       1.00000000     ( -1.24797225E-03, -1.68802217E-05) ( -1.68802217E-05, -2.09547579E-04) ( -3.37604433E-05, -4.19095159E-04)
   0.00000000      -1.00000000       0.00000000     ( -1.49011612E-02,  1.13155693E-03) (  0.00000000    ,  0.00000000    ) (  5.68106771E-03, -1.52364373E-02)
   0.00000000      -1.00000000       1.00000000     ( -3.86498868E-04, -3.02493572E-02) ( -4.53554094E-03,  3.00817192E-03) ( -4.53554094E-03,  3.00817192E-03)
   0.00000000      -1.00000000       2.00000000     (  4.19095159E-04,  3.12866177E-06) ( -4.37721610E-04, -4.00468707E-04) ( -2.18860805E-04, -2.00234354E-04)
   1.00000000       0.00000000       0.00000000     (  0.00000000    ,  0.00000000    ) ( -1.60932541E-02,  1.68010592E-02) (  2.75671482E-02,  1.53481960E-02)
   1.00000000       0.00000000       1.00000000     ( -5.51808625E-04, -2.62632966E-03) ( -2.81631947E-02, -5.10364771E-03) (  5.51808625E-04,  2.62632966E-03)
   1.00000000       0.00000000       2.00000000     ( -3.39932740E-04,  8.00937414E-04) (  5.58793545E-04,  6.70552254E-04) (  1.69966370E-04, -4.00468707E-04)
   1.00000000       1.00000000       0.00000000     (  1.28056854E-03,  2.14669853E-03) ( -1.28056854E-03, -2.14669853E-03) ( -1.03190541E-02,  1.20699406E-02)
   1.00000000       1.00000000       1.00000000     (  6.33299351E-04, -4.65661287E-04) ( -1.30385160E-03, -7.10133463E-05) (  6.70552254E-04,  5.40167093E-04)
   1.00000000       1.00000000       2.00000000     ( -8.75443220E-04, -1.42026693E-04) (  1.44354999E-04,  4.00468707E-04) (  3.63215804E-04, -1.32713467E-04)
   1.00000000       2.00000000       0.00000000     (  4.37721610E-04,  5.45696821E-06) ( -2.18860805E-04, -2.72848411E-06) (  6.14672899E-04,  6.79865479E-04)
   1.00000000       2.00000000       1.00000000     (  8.56816769E-04,  5.68106771E-04) ( -6.33299351E-04, -1.51339918E-04) (  4.19095159E-04, -2.65426934E-04)
   1.00000000      -2.00000000       0.00000000     ( -6.61239028E-04, -3.72529030E-04) ( -3.30619514E-04, -1.86264515E-04) ( -6.05359674E-04, -8.94069672E-04)
   1.00000000      -2.00000000       1.00000000     ( -4.00468707E-04,  2.00234354E-04) ( -1.58324838E-04,  1.76951289E-04) (  8.84756446E-05,  1.53668225E-04)
   1.00000000      -1.00000000       0.00000000     ( -8.87084752E-04, -9.89064574E-03) ( -8.87084752E-04, -9.89064574E-03) ( -1.19581819E-02,  2.41398811E-02)
   1.00000000      -1.00000000       1.00000000     (  1.19209290E-03,  3.39932740E-04) ( -3.67872417E-04, -1.63912773E-03) ( -1.56462193E-03, -2.01165676E-03)
   1.00000000      -1.00000000       2.00000000     ( -1.32247806E-03,  1.24797225E-03) ( -5.12227416E-04,  5.77419996E-04) (  4.00468707E-04, -3.35276127E-04)
   2.00000000       0.00000000       0.00000000     (  0.00000000    ,  0.00000000    ) (  9.49949026E-04,  1.63912773E-03) ( -4.47034836E-04,  1.19209290E-03)
   2.00000000       0.00000000       1.00000000     (  3.02679837E-04, -5.49480319E-04) (  4.09781933E-04,  8.75443220E-04) ( -6.05359674E-04,  1.09896064E-03)
   2.00000000       1.00000000       0.00000000     ( -4.59840521E-05,  6.14672899E-04) (  9.19681042E-05, -1.22934580E-03) ( -7.82310963E-04,  1.26659870E-03)
   2.00000000       1.00000000       1.00000000     (  3.11993062E-04,  2.00234354E-04) (  5.47152013E-05, -1.24797225E-03) ( -6.70552254E-04,  8.38190317E-04)
   2.00000000      -1.00000000       0.00000000     ( -3.02679837E-04,  3.81842256E-04) ( -6.05359674E-04,  7.63684511E-04) ( -4.65661287E-04,  9.54605639E-05)
   2.00000000      -1.00000000       1.00000000     ( -4.84287739E-04,  1.02445483E-04) ( -1.37835741E-03,  3.66708264E-05) ( -4.00468707E-04, -1.65309757E-04)
