   0.00000000       0.00000000       1.00000000     (  2.57790089E-02,  5.00120223E-03) (  3.28570604E-02, -3.12179327E-02) (  0.00000000    ,  0.00000000    )
   0.00000000       0.00000000       2.00000000     ( -3.63215804E-04,  2.79396772E-03) (  2.21654773E-03,  9.68575478E-04) (  0.00000000    ,  0.00000000    )
   0.00000000       1.00000000       0.00000000     ( -1.94832683E-02, -3.48663889E-04) (  0.00000000    ,  0.00000000    ) (  4.61004674E-03,  1.64657831E-02)
   0.00000000       1.00000000       1.00000000     (  8.34465027E-03,  7.78585672E-03) ( -2.67289579E-03, -8.08387995E-03) (  2.67289579E-03,  8.08387995E-03)
   0.00000000       1.00000000       2.00000000     (  2.04890966E-03,  1.82772055E-04) (  1.02445483E-03, -6.51925802E-04) ( -5.12227416E-04,  3.25962901E-04)
   0.00000000       2.00000000       0.00000000     ( -4.84287739E-04, -2.23517418E-03) (  0.00000000    ,  0.00000000    ) (  2.55182385E-03, -3.05473804E-03)
   0.00000000       2.00000000       1.00000000     ( -1.32247806E-03, -4.61004674E-04) (  9.68575478E-04, -4.47034836E-04) ( -1.93715096E-03,  8.94069672E-04)
   0.00000000      -2.00000000       0.00000000     ( -4.84287739E-04,  2.23517418E-03) (  0.00000000    ,  0.00000000    ) (  2.55182385E-03,  3.05473804E-03)
   0.00000000      -2.00000000       1.00000000     (  3.57627869E-03, -4.51691449E-04) (  5.58793545E-04, -2.09547579E-04) (  1.11758709E-03, -4.19095159E-04)
   0.00000000      -1.00000000       0.00000000     ( -1.94832683E-02,  3.48663889E-04) (  0.00000000    ,  0.00000000    ) (  4.61004674E-03, -1.64657831E-02)
   0.00000000      -1.00000000       1.00000000     (  4.07919288E-03, -3.15159559E-02) ( -2.51922756E-03,  3.38070095E-03) ( -2.51922756E-03,  3.38070095E-03)
   0.00000000      -1.00000000       2.00000000     ( -6.11180440E-05,  3.37604433E-04) (  3.60887498E-04,  9.03382897E-04) (  1.80443749E-04,  4.51691449E-04)
   1.00000000       0.00000000       0.00000000     (  0.00000000    ,  0.00000000    ) ( -1.46776438E-02,  1.64657831E-02) (  3.40491533E-02,  2.29477882E-02)
   1.00000000       0.00000000       1.00000000     (  2.16066837E-03, -3.92086804E-03) ( -3.51667404E-02,  5.83240762E-04) ( -2.16066837E-03,  3.92086804E-03)
   1.00000000       0.00000000       2.00000000     ( -1.19907781E-04, -1.78813934E-03) ( -1.82539225E-03, -1.58324838E-03) (  5.99538907E-05,  8.94069672E-04)
   1.00000000       1.00000000       0.00000000     (  3.68803740E-03,  4.53554094E-03) ( -3.68803740E-03, -4.53554094E-03) ( -1.10082328E-02,  1.28895044E-02)
   1.00000000       1.00000000       1.00000000     ( -1.33179128E-03,  1.52736902E-03) (  2.23517418E-03,  1.98269845E-06) ( -9.03382897E-04, -1.52736902E-03)
   1.00000000       1.00000000       2.00000000     (  1.19209290E-03,  2.91038305E-04) ( -1.36205927E-04, -2.46800482E-04) ( -5.26197255E-04, -2.15368345E-05)
   1.00000000       2.00000000       0.00000000     (  4.51691449E-04, -7.91624188E-04) ( -2.25845724E-04,  3.95812094E-04) ( -1.99303031E-03, -1.29221007E-04)
   1.00000000       2.00000000       1.00000000     ( -2.55182385E-03, -6.47269189E-04) (  1.75088644E-03,  5.58793545E-04) ( -9.49949026E-04, -4.70317900E-04)
   1.00000000      -2.00000000       0.00000000     (  7.91624188E-04,  1.37835741E-03) (  3.95812094E-04,  6.89178705E-04) (  1.27591193E-03,  1.54599547E-03)
   1.00000000      -2.00000000       1.00000000     (  6.75208867E-04, -1.41561031E-03) (  3.23634595E-04, -1.08033419E-03) ( -2.61934474E-05, -7.40401447E-04)
   1.00000000      -1.00000000       0.00000000     ( -1.57859176E-03, -1.41933560E-02) ( -1.57859176E-03, -1.41933560E-02) ( -1.41188502E-02,  2.16439366E-02)
   1.00000000      -1.00000000       1.00000000     ( -1.84401870E-03, -4.65661287E-04) (  1.08964741E-03,  3.35276127E-03) (  2.92435288E-03,  3.79979610E-03)
   1.00000000      -1.00000000       2.00000000     (  2.42143869E-03, -2.49594450E-03) (  7.54371285E-04, -7.17118382E-04) ( -8.28877091E-04,  8.84756446E-04)
   2.00000000       0.00000000       0.00000000     (  0.00000000    ,  0.00000000    ) ( -2.44006515E-03, -2.62632966E-03) (  1.25728548E-03, -2.12341547E-03)
   2.00000000       0.00000000       1.00000000     ( -8.38190317E-04,  1.35041773E-03) ( -4.79631126E-04, -1.50874257E-03) (  1.67638063E-03, -2.70083547E-03)
   2.00000000       1.00000000       0.00000000     (  6.33299351E-04, -9.12696123E-04) ( -1.26659870E-03,  1.82539225E-03) (  8.84756446E-04, -1.18277967E-03)
   2.00000000       1.00000000       1.00000000     ( -1.69966370E-04, -3.58559191E-04) ( -9.49949026E-04,  2.75671482E-03) (  1.29453838E-03, -2.04890966E-03)
   2.00000000      -1.00000000       0.00000000     (  5.26197255E-04, -1.15483999E-03) (  1.05239451E-03, -2.30967999E-03) (  7.03148544E-04, -8.56816769E-04)
   2.00000000      -1.00000000       1.00000000     (  1.21071935E-03, -1.08266249E-04) (  2.55182385E-03, -2.88709998E-04) (  1.23400241E-04, -7.21774995E-05)
