    0.000000        0.000000        1.000000      (2.3394823E-02,1.2107193E-02)
   (-1.5739352E-03,-2.2128224E-02)  (0.000000,0.000000)
    0.000000        0.000000        2.000000      
 (7.0966780E-03,-3.3993274E-03)  (2.9988587E-03,1.6996637E-03)  
 (0.000000,0.000000)
    0.000000        1.000000        0.000000      
 (-1.5599653E-03,1.2032688E-02)  (0.000000,0.000000)  
 (2.3376197E-03,-3.2596290E-03)
    0.000000        1.000000        1.000000      
 (3.5110861E-03,-2.7660280E-03)  (7.2829425E-03,-6.8545341E-03)  
 (-7.2829425E-03,6.8545341E-03)
    0.000000        1.000000        2.000000      
 (-7.3947012E-03,-1.2805685E-03)  (-7.5437129E-03,4.2608008E-04)  
 (3.7718564E-03,-2.1304004E-04)
    0.000000        2.000000        0.000000      
 (1.2194505E-04,-5.9790909E-03)  (0.000000,0.000000)  
 (-3.8556755E-03,7.7066943E-04)
    0.000000        2.000000        1.000000      
 (7.3760748E-03,-3.8184226E-04)  (-8.3819032E-04,-2.4400651E-03)  
 (1.6763806E-03,4.8801303E-03)
    0.000000       -2.000000        0.000000      (1.2194505E-04,5.9790909E-03)
   (0.000000,0.000000)  (-3.8556755E-03,-7.7066943E-04)
    0.000000       -2.000000        1.000000      
 (-9.7230077E-03,-4.8801303E-03)  (-2.3562461E-03,8.8009983E-04)  
 (-4.7124922E-03,1.7601997E-03)
    0.000000       -1.000000        0.000000      
 (-1.5599653E-03,-1.2032688E-02)  (0.000000,0.000000)  
 (2.3376197E-03,3.2596290E-03)
    0.000000       -1.000000        1.000000      
 (9.2014670E-03,-1.2032688E-02)  (-2.7753413E-03,-2.9895455E-03)  
 (-2.7753413E-03,-2.9895455E-03)
    0.000000       -1.000000        2.000000      
 (-5.7742000E-03,1.1222437E-03)  (1.4959369E-04,4.4051558E-03)  
 (7.4796844E-05,2.2025779E-03)
    1.000000        0.000000        0.000000      (0.000000,0.000000)  
 (-2.2351742E-02,5.1409006E-03)  (2.3245811E-02,1.9669533E-02)
    1.000000        0.000000        1.000000      
 (1.0849908E-03,-4.5821071E-03)  (-2.4735928E-02,1.6093254E-02)  
 (-1.0849908E-03,4.5821071E-03)
    1.000000        0.000000        2.000000      (1.0919757E-03,1.8207356E-03)
   (4.8242509E-03,6.5565109E-03)  (-5.4598786E-04,-9.1036782E-04)
    1.000000        1.000000        0.000000      (5.2154064E-03,2.2526365E-04)
   (-5.2154064E-03,-2.2526365E-04)  (-6.1839819E-03,2.5425106E-03)
    1.000000        1.000000        1.000000      
 (-2.8684735E-03,1.6251579E-03)  (1.8719584E-03,-9.3597919E-04)  
 (9.9651515E-04,-6.8917871E-04)
    1.000000        1.000000        2.000000      
 (-2.4307519E-03,-2.2165477E-03)  (-3.7439167E-03,-4.4889748E-03)  
 (3.0919909E-03,3.3527613E-03)
    1.000000        2.000000        0.000000      
 (-1.4668331E-03,4.9173832E-03)  (7.3341653E-04,-2.4586916E-03)  
 (3.3178367E-04,9.7975135E-03)
    1.000000        2.000000        1.000000      (6.1467290E-03,3.1292439E-03)
   (-1.7415732E-03,-1.9092113E-03)  (-2.6635826E-03,6.9616362E-04)
    1.000000       -2.000000        0.000000      
 (-9.0338290E-04,4.8661605E-04)  (-4.5169145E-04,2.4330802E-04)  
 (-3.8184226E-03,-3.9726729E-05)
    1.000000       -2.000000        1.000000      
 (-1.8719584E-03,1.0011718E-03)  (-1.4947727E-03,1.6950071E-03)  
 (-1.1199154E-03,2.3934990E-03)
    1.000000       -1.000000        0.000000      
 (-5.0477684E-03,-2.5611371E-03)  (-5.0477684E-03,-2.5611371E-03)  
 (-4.4517219E-03,4.2282045E-03)
    1.000000       -1.000000        1.000000      (9.5739961E-03,7.8231096E-03)
   (2.8964132E-03,7.4133277E-03)  (-6.6682696E-03,-4.1793101E-04)
    1.000000       -1.000000        2.000000      (2.8498471E-03,5.4948032E-03)
   (3.9581209E-03,6.1700121E-04)  (5.5530109E-04,-2.4400651E-03)
    2.000000        0.000000        0.000000      (0.000000,0.000000)  
 (1.1958182E-02,-6.8172812E-03)  (-2.8498471E-03,4.5727938E-03)
    2.000000        0.000000        1.000000      
 (-4.6379864E-03,5.7625584E-04)  (4.3213367E-03,1.1511147E-02)  
 (9.2759728E-03,-1.1525117E-03)
    2.000000        1.000000        0.000000      
 (-1.7229468E-03,1.4377292E-04)  (3.4458935E-03,-2.8754584E-04)  
 (-2.1699816E-03,-4.9360096E-03)
    2.000000        1.000000        1.000000      (2.6077032E-03,4.8987567E-03)
   (-5.4761767E-03,-9.0524554E-03)  (2.5960617E-04,-7.5902790E-04)
    2.000000       -1.000000        0.000000      
 (8.8475645E-04,-1.3317913E-03)  (1.7695129E-03,-2.6635826E-03)  
 (9.1968104E-04,2.6356429E-03)
    2.000000       -1.000000        1.000000      
 (-4.5169145E-03,4.4121407E-04)  (-4.6752393E-03,-1.2433156E-03)  
 (4.3399632E-03,-2.1234155E-03)
