   0.00000000       0.00000000       1.00000000     (  2.33948231E-02,  1.19954348E-02) ( -9.15024430E-04, -2.25752592E-02) (  0.00000000    ,  0.00000000    )
   0.00000000       0.00000000       2.00000000     (  6.76140189E-03, -3.53902578E-03) (  2.49594450E-03,  1.55530870E-03) (  0.00000000    ,  0.00000000    )
   0.00000000       1.00000000       0.00000000     ( -1.89058483E-03,  1.19954348E-02) (  0.00000000    ,  0.00000000    ) (  2.21654773E-03, -3.11061740E-03)
   0.00000000       1.00000000       1.00000000     (  3.40864062E-03, -3.11061740E-03) (  7.17118382E-03, -7.00354576E-03) ( -7.17118382E-03,  7.00354576E-03)
   0.00000000       1.00000000       2.00000000     ( -7.17118382E-03, -1.11293048E-03) ( -7.18981028E-03,  4.61004674E-04) (  3.59490514E-03, -2.30502337E-04)
   0.00000000       2.00000000       0.00000000     (  2.40106601E-05, -6.03497028E-03) (  0.00000000    ,  0.00000000    ) ( -4.06056643E-03,  5.93718141E-04)
   0.00000000       2.00000000       1.00000000     (  6.63101673E-03,  1.94413587E-04) ( -9.84873623E-04, -2.40281224E-03) (  1.96974725E-03,  4.80562449E-03)
   0.00000000      -2.00000000       0.00000000     (  2.40106601E-05,  6.03497028E-03) (  0.00000000    ,  0.00000000    ) ( -4.06056643E-03, -5.93718141E-04)
   0.00000000      -2.00000000       1.00000000     ( -9.23871994E-03, -4.02331352E-03) ( -2.04890966E-03,  8.91741365E-04) ( -4.09781933E-03,  1.78348273E-03)
   0.00000000      -1.00000000       0.00000000     ( -1.89058483E-03, -1.19954348E-02) (  0.00000000    ,  0.00000000    ) (  2.21654773E-03,  3.11061740E-03)
   0.00000000      -1.00000000       1.00000000     (  9.61124897E-03, -1.24052167E-02) ( -2.69152224E-03, -2.84053385E-03) ( -2.69152224E-03, -2.84053385E-03)
   0.00000000      -1.00000000       2.00000000     ( -4.88013029E-03,  6.37955964E-04) (  2.86381692E-04,  4.05125320E-03) (  1.43190846E-04,  2.02562660E-03)
   1.00000000       0.00000000       0.00000000     (  0.00000000    ,  0.00000000    ) ( -2.17556953E-02,  5.19677997E-03) (  2.36183405E-02,  1.97440386E-02)
   1.00000000       0.00000000       1.00000000     (  1.37835741E-03, -4.52622771E-03) ( -2.49594450E-02,  1.60187483E-02) ( -1.37835741E-03,  4.52622771E-03)
   1.00000000       0.00000000       2.00000000     (  1.06170774E-03,  1.90455467E-03) (  4.74974513E-03,  5.88595867E-03) ( -5.30853868E-04, -9.52277333E-04)
   1.00000000       1.00000000       0.00000000     (  5.25265932E-03,  5.12227416E-04) ( -5.25265932E-03, -5.12227416E-04) ( -6.40749931E-03,  2.68220901E-03)
   1.00000000       1.00000000       1.00000000     ( -2.95229256E-03,  1.37835741E-03) (  1.99768692E-03, -7.89295882E-04) (  9.49949026E-04, -5.86733222E-04)
   1.00000000       1.00000000       2.00000000     ( -2.29105353E-03, -2.27242708E-03) ( -3.91155481E-03, -4.15369868E-03) (  3.10130417E-03,  3.21306288E-03)
   1.00000000       2.00000000       0.00000000     ( -1.58790499E-03,  4.95463610E-03) (  7.93952495E-04, -2.47731805E-03) (  2.34285835E-05,  9.46223736E-03)
   1.00000000       2.00000000       1.00000000     (  6.10947609E-03,  2.88709998E-03) ( -1.86264515E-03, -1.95577741E-03) ( -2.39349902E-03,  1.02212653E-03)
   1.00000000      -2.00000000       0.00000000     ( -7.56699592E-04, -2.35741027E-04) ( -3.78349796E-04, -1.17870513E-04) ( -3.26894224E-03,  2.00234354E-04)
   1.00000000      -2.00000000       1.00000000     ( -1.92783773E-03,  9.01054591E-04) ( -1.66706741E-03,  1.57859176E-03) ( -1.41095370E-03,  2.26311386E-03)
   1.00000000      -1.00000000       0.00000000     ( -5.27128577E-03, -3.03611159E-03) ( -5.27128577E-03, -3.03611159E-03) ( -4.39584255E-03,  4.28408384E-03)
   1.00000000      -1.00000000       1.00000000     (  8.69855285E-03,  7.82310963E-03) (  2.44006515E-03,  7.32019544E-03) ( -6.23986125E-03, -5.02914190E-04)
   1.00000000      -1.00000000       2.00000000     (  3.11993062E-03,  5.60656190E-03) (  4.56348062E-03,  1.08964741E-03) (  7.21774995E-04, -2.26311386E-03)
   2.00000000       0.00000000       0.00000000     (  0.00000000    ,  0.00000000    ) (  1.13621354E-02, -6.55651093E-03) ( -3.07336450E-03,  4.39584255E-03)
   2.00000000       0.00000000       1.00000000     ( -4.47034836E-03,  1.72294676E-04) (  3.97674739E-03,  1.10641122E-02) (  8.94069672E-03, -3.44589353E-04)
   2.00000000       1.00000000       0.00000000     ( -1.76019967E-03,  3.21306288E-04) (  3.52039933E-03, -6.42612576E-04) ( -1.79745257E-03, -5.43892384E-03)
   2.00000000       1.00000000       1.00000000     (  2.41212547E-03,  4.65661287E-03) ( -5.23403287E-03, -8.40052962E-03) (  4.15602699E-04, -9.33650881E-04)
   2.00000000      -1.00000000       0.00000000     (  1.02678314E-03, -1.05472282E-03) (  2.05356628E-03, -2.10944563E-03) (  7.33416528E-04,  2.35624611E-03)
   2.00000000      -1.00000000       1.00000000     ( -4.21889126E-03,  4.22587618E-04) ( -4.26545739E-03, -1.46683306E-03) (  4.18163836E-03, -2.30967999E-03)
