    0.000000        0.000000       -2.000000      (7.7858567E-03,3.1478703E-03)
   (3.9581209E-03,-2.0815060E-03)  (0.000000,0.000000)
    0.000000        0.000000       -1.000000      
 (2.3320317E-02,-1.2256205E-02)  (-2.7660280E-03,2.1383166E-02)  
 (0.000000,0.000000)
    0.000000        1.000000       -2.000000      
 (-7.6740980E-03,-1.9930303E-03)  (-1.4551915E-04,-4.9360096E-03)  
 (-7.2759576E-05,-2.4680048E-03)
    0.000000        1.000000       -1.000000      (8.4564090E-03,1.1287630E-02)
   (-2.8591603E-03,3.2503158E-03)  (-2.8591603E-03,3.2503158E-03)
    0.000000        2.000000       -1.000000      
 (-1.0877848E-02,6.5937638E-03)  (-2.9988587E-03,-9.0803951E-04)  
 (-5.9977174E-03,-1.8160790E-03)
    0.000000       -2.000000       -1.000000      (8.8661909E-03,1.4249235E-03)
   (-5.8324076E-04,2.5285408E-03)  (1.1664815E-03,-5.0570816E-03)
    0.000000       -1.000000       -2.000000      
 (-7.9162419E-03,1.6391277E-03)  (-8.1583858E-03,-3.3993274E-04)  
 (4.0791929E-03,1.6996637E-04)
    0.000000       -1.000000       -1.000000      (3.6973506E-03,2.0861626E-03)
   (7.4133277E-03,6.5565109E-03)  (-7.4133277E-03,-6.5565109E-03)
    1.000000        0.000000       -2.000000      (5.1222742E-03,4.6566129E-03)
   (-2.5890768E-03,8.0280006E-03)  (2.5611371E-03,2.3283064E-03)
    1.000000        0.000000       -1.000000      (4.0605664E-03,2.0780135E-04)
   (9.6112490E-03,-1.5879050E-03)  (4.0605664E-03,2.0780135E-04)
    1.000000        1.000000       -2.000000      
 (-3.4645200E-03,-3.4645200E-03)  (3.0454248E-03,-1.0803342E-02)  
 (-2.0954758E-04,-7.1339309E-03)
    1.000000        1.000000       -1.000000      
 (-8.1397593E-03,-5.3085387E-03)  (4.2747706E-03,-4.2491592E-04)  
 (-3.8649887E-03,-5.7369471E-03)
    1.000000        2.000000       -1.000000      
 (-8.4191561E-03,-3.9860606E-03)  (1.5040860E-03,1.7788261E-03)  
 (-5.4202974E-03,-4.2724423E-04)
    1.000000       -2.000000       -1.000000      
 (-1.4872057E-04,-5.3457916E-03)  (-9.8254532E-04,-3.7346035E-03)  
 (1.8160790E-03,2.1280721E-03)
    1.000000       -1.000000       -2.000000      (3.1758100E-03,2.3841858E-03)
   (-1.6018748E-03,2.1886081E-03)  (2.3888424E-03,9.6624717E-05)
    1.000000       -1.000000       -1.000000      
 (-7.0594251E-03,1.8766150E-03)  (-8.0466270E-03,1.1129305E-03)  
 (9.8021701E-04,7.6135620E-04)
    2.000000        0.000000       -1.000000      
 (-1.3643876E-03,3.3620745E-03)  (-4.1071326E-03,5.7928264E-03)  
 (-2.7287751E-03,6.7241490E-03)
    2.000000        1.000000       -1.000000      (7.5204298E-04,1.1478551E-03)
   (3.3900142E-03,-6.4261258E-03)  (4.8987567E-03,-4.1164458E-03)
    2.000000       -1.000000       -1.000000      
 (-7.8463927E-04,-9.1502443E-04)  (1.6810372E-03,2.0256266E-03)  
 (-3.2503158E-03,-3.8556755E-03)
