   0.00000000       0.00000000       1.00000000     (  2.75671482E-03, -1.13621354E-02) (  2.73436308E-02,  3.42261046E-04) (  0.00000000    ,  0.00000000    )
   0.00000000       0.00000000       2.00000000     (  4.24683094E-03, -7.63684511E-04) ( -5.55068254E-03, -3.11061740E-03) (  0.00000000    ,  0.00000000    )
   0.00000000       1.00000000       0.00000000     (  4.11644578E-03, -3.33413482E-03) (  0.00000000    ,  0.00000000    ) (  1.50501728E-02, -1.82073563E-03)
   0.00000000       1.00000000       1.00000000     (  5.12227416E-04,  5.65778464E-04) (  4.04193997E-03, -1.21537596E-03) ( -4.04193997E-03,  1.21537596E-03)
   0.00000000       1.00000000       2.00000000     (  2.88709998E-03, -3.03611159E-03) ( -5.54136932E-04,  1.63912773E-03) (  2.77068466E-04, -8.19563866E-04)
   0.00000000       2.00000000       0.00000000     (  1.66706741E-03,  2.75671482E-03) (  0.00000000    ,  0.00000000    ) ( -1.96741894E-04,  1.63912773E-03)
   0.00000000       2.00000000       1.00000000     ( -4.88944352E-04, -2.88709998E-03) ( -3.63215804E-04,  7.96280801E-04) (  7.26431608E-04, -1.59256160E-03)
   0.00000000      -2.00000000       0.00000000     (  1.66706741E-03, -2.75671482E-03) (  0.00000000    ,  0.00000000    ) ( -1.96741894E-04, -1.63912773E-03)
   0.00000000      -2.00000000       1.00000000     ( -1.07102096E-03,  1.46217644E-03) ( -9.35979187E-04, -3.02679837E-04) ( -1.87195837E-03, -6.05359674E-04)
   0.00000000      -1.00000000       0.00000000     (  4.11644578E-03,  3.33413482E-03) (  0.00000000    ,  0.00000000    ) (  1.50501728E-02,  1.82073563E-03)
   0.00000000      -1.00000000       1.00000000     ( -6.78002834E-03, -1.47148967E-02) ( -7.26431608E-03,  5.02914190E-03) ( -7.26431608E-03,  5.02914190E-03)
   0.00000000      -1.00000000       2.00000000     ( -8.20728019E-05, -1.88127160E-03) (  1.65775418E-03,  4.93600965E-04) (  8.28877091E-04,  2.46800482E-04)
   1.00000000       0.00000000       0.00000000     (  0.00000000    ,  0.00000000    ) ( -2.68220901E-02,  1.19954348E-02) (  1.44913793E-02, -4.15369868E-03)
   1.00000000       0.00000000       1.00000000     ( -1.86264515E-03, -1.05239451E-03) ( -3.29688191E-03, -1.18091702E-02) (  1.86264515E-03,  1.05239451E-03)
   1.00000000       0.00000000       2.00000000     ( -2.55182385E-03, -1.50874257E-03) (  2.30502337E-04,  1.15483999E-03) (  1.27591193E-03,  7.54371285E-04)
   1.00000000       1.00000000       0.00000000     (  2.82190740E-03,  2.08616257E-03) ( -2.82190740E-03, -2.08616257E-03) (  4.24683094E-03,  1.07288361E-02)
   1.00000000       1.00000000       1.00000000     ( -3.95812094E-04,  1.37370080E-04) ( -1.05239451E-03,  1.84401870E-03) (  1.45286322E-03, -1.97440386E-03)
   1.00000000       1.00000000       2.00000000     ( -2.47731805E-03,  3.72529030E-04) (  1.73225999E-03,  1.67638063E-03) (  3.72529030E-04, -1.02445483E-03)
   1.00000000       2.00000000       0.00000000     (  2.53785402E-04,  2.14204192E-03) ( -1.26892701E-04, -1.07102096E-03) ( -1.76951289E-03,  5.44823706E-04)
   1.00000000       2.00000000       1.00000000     (  1.67638063E-03,  1.23865902E-03) ( -6.14672899E-04, -4.37721610E-04) ( -4.47034836E-04, -3.60887498E-04)
   1.00000000      -2.00000000       0.00000000     (  8.28877091E-04,  7.96280801E-04) (  4.14438546E-04,  3.98140401E-04) ( -1.55530870E-03,  6.34463504E-05)
   1.00000000      -2.00000000       1.00000000     ( -1.52736902E-03,  3.16649675E-04) ( -4.93600965E-04,  6.05359674E-04) (  5.40167093E-04,  8.98726285E-04)
   1.00000000      -1.00000000       0.00000000     (  3.07336450E-03, -6.00703061E-04) (  3.07336450E-03, -6.00703061E-04) ( -5.02914190E-03,  1.46776438E-02)
   1.00000000      -1.00000000       1.00000000     (  2.55182385E-03,  2.36555934E-03) ( -2.11875886E-04, -3.55765224E-03) ( -2.77534127E-03, -5.92321157E-03)
   1.00000000      -1.00000000       2.00000000     ( -3.09199095E-03, -8.38190317E-04) (  9.77888703E-04,  2.95694917E-04) (  2.03028321E-03,  5.68106771E-04)
   2.00000000       0.00000000       0.00000000     (  0.00000000    ,  0.00000000    ) ( -7.17118382E-04,  2.92435288E-03) ( -9.96515155E-04, -1.30385160E-03)
   2.00000000       0.00000000       1.00000000     ( -4.65661287E-04,  4.35393304E-04) ( -1.81607902E-03, -1.02445483E-03) (  9.31322575E-04, -8.70786607E-04)
   2.00000000       1.00000000       0.00000000     ( -2.58442014E-04, -4.23751771E-04) (  5.16884029E-04,  8.47503543E-04) (  5.30853868E-04,  1.08033419E-03)
   2.00000000       1.00000000       1.00000000     ( -2.79396772E-04,  7.21774995E-05) ( -8.61473382E-04,  8.19563866E-04) (  1.41561031E-03, -9.63918865E-04)
   2.00000000      -1.00000000       0.00000000     ( -1.53668225E-03, -1.02445483E-03) ( -3.07336450E-03, -2.04890966E-03) (  1.28522515E-03,  2.64495611E-03)
   2.00000000      -1.00000000       1.00000000     (  6.75208867E-04, -1.67638063E-03) ( -7.12461770E-04, -4.80213203E-06) ( -2.06753612E-03,  3.35276127E-03)
