   0.00000000       0.00000000       1.00000000     (  3.76254320E-03, -1.16601586E-02) (  2.96533108E-02, -9.28994268E-04) (  0.00000000    ,  0.00000000    )
   0.00000000       0.00000000       2.00000000     (  3.01748514E-03, -5.40167093E-04) ( -3.72529030E-03, -1.97440386E-03) (  0.00000000    ,  0.00000000    )
   0.00000000       1.00000000       0.00000000     (  3.66009772E-03, -3.59490514E-03) (  0.00000000    ,  0.00000000    ) (  1.53854489E-02, -9.75560397E-04)
   0.00000000       1.00000000       1.00000000     (  1.69966370E-03,  1.30850822E-03) (  3.94880772E-03, -1.19674951E-03) ( -3.94880772E-03,  1.19674951E-03)
   0.00000000       1.00000000       2.00000000     (  1.89989805E-03, -2.10478902E-03) ( -3.14321369E-04,  1.09896064E-03) (  1.57160684E-04, -5.49480319E-04)
   0.00000000       2.00000000       0.00000000     (  1.54599547E-03,  1.54599547E-03) (  0.00000000    ,  0.00000000    ) ( -5.70435077E-05,  1.07102096E-03)
   0.00000000       2.00000000       1.00000000     ( -1.12922862E-04, -1.84401870E-03) ( -1.46683306E-04,  3.95812094E-04) (  2.93366611E-04, -7.91624188E-04)
   0.00000000      -2.00000000       0.00000000     (  1.54599547E-03, -1.54599547E-03) (  0.00000000    ,  0.00000000    ) ( -5.70435077E-05, -1.07102096E-03)
   0.00000000      -2.00000000       1.00000000     ( -9.96515155E-04,  1.18277967E-03) ( -7.82310963E-04, -3.86498868E-04) ( -1.56462193E-03, -7.72997737E-04)
   0.00000000      -1.00000000       0.00000000     (  3.66009772E-03,  3.59490514E-03) (  0.00000000    ,  0.00000000    ) (  1.53854489E-02,  9.75560397E-04)
   0.00000000      -1.00000000       1.00000000     ( -6.72414899E-03, -1.63167715E-02) ( -7.76723027E-03,  4.78699803E-03) ( -7.76723027E-03,  4.78699803E-03)
   0.00000000      -1.00000000       2.00000000     (  2.00234354E-04, -1.26659870E-03) (  1.30385160E-03,  2.28174031E-04) (  6.51925802E-04,  1.14087015E-04)
   1.00000000       0.00000000       0.00000000     (  0.00000000    ,  0.00000000    ) ( -2.80141830E-02,  1.37463212E-02) (  1.49384141E-02, -3.96743417E-03)
   1.00000000       0.00000000       1.00000000     ( -2.08616257E-03, -7.70669430E-04) ( -4.78699803E-03, -1.31502748E-02) (  2.08616257E-03,  7.70669430E-04)
   1.00000000       0.00000000       2.00000000     ( -1.84401870E-03, -1.22003257E-03) (  3.46917659E-04,  8.19563866E-04) (  9.22009349E-04,  6.10016286E-04)
   1.00000000       1.00000000       0.00000000     (  3.19443643E-03,  2.52388418E-03) ( -3.19443643E-03, -2.52388418E-03) (  3.31550837E-03,  1.05425715E-02)
   1.00000000       1.00000000       1.00000000     (  2.85217538E-05,  2.86381692E-04) ( -1.18277967E-03,  1.11758709E-03) (  1.15483999E-03, -1.39698386E-03)
   1.00000000       1.00000000       2.00000000     ( -1.97440386E-03,  2.44472176E-04) (  1.27591193E-03,  1.39698386E-03) (  3.49245965E-04, -8.28877091E-04)
   1.00000000       2.00000000       0.00000000     (  5.64614311E-05,  1.67638063E-03) ( -2.82307155E-05, -8.38190317E-04) ( -1.18277967E-03,  2.98023224E-04)
   1.00000000       2.00000000       1.00000000     (  1.06170774E-03,  9.59262252E-04) ( -4.65661287E-04, -3.25962901E-04) ( -1.30385160E-04, -3.07336450E-04)
   1.00000000      -2.00000000       0.00000000     (  6.42612576E-04,  6.98491931E-04) (  3.21306288E-04,  3.49245965E-04) ( -1.08964741E-03, -3.91155481E-04)
   1.00000000      -2.00000000       1.00000000     ( -1.26659870E-03,  1.93249434E-04) ( -4.93600965E-04,  4.42378223E-04) (  2.86381692E-04,  6.93835318E-04)
   1.00000000      -1.00000000       0.00000000     (  2.71014869E-03, -1.22003257E-03) (  2.71014869E-03, -1.22003257E-03) ( -5.58793545E-03,  1.76578760E-02)
   1.00000000      -1.00000000       1.00000000     (  2.27242708E-03,  1.67638063E-03) ( -1.00117177E-04, -2.68220901E-03) ( -2.36555934E-03, -4.35858965E-03)
   1.00000000      -1.00000000       2.00000000     ( -2.08616257E-03, -4.88944352E-04) (  5.58793545E-04,  2.98023224E-04) (  1.32247806E-03,  3.91155481E-04)
   2.00000000       0.00000000       0.00000000     (  0.00000000    ,  0.00000000    ) ( -3.07336450E-04,  2.19792128E-03) ( -8.28877091E-04, -9.03382897E-04)
   2.00000000       0.00000000       1.00000000     ( -3.07336450E-04,  2.58442014E-04) ( -1.23865902E-03, -5.21540642E-04) (  6.14672899E-04, -5.16884029E-04)
   2.00000000       1.00000000       0.00000000     ( -1.31549314E-04, -2.09547579E-04) (  2.63098627E-04,  4.19095159E-04) (  3.86498868E-04,  6.19329512E-04)
   2.00000000       1.00000000       1.00000000     ( -1.81607902E-04,  1.84809323E-05) ( -7.35744834E-04,  6.70552254E-04) (  1.09896064E-03, -7.07805157E-04)
   2.00000000      -1.00000000       0.00000000     ( -1.04308128E-03, -7.63684511E-04) ( -2.08616257E-03, -1.52736902E-03) (  9.59262252E-04,  1.50874257E-03)
   2.00000000      -1.00000000       1.00000000     (  3.21306288E-04, -1.35973096E-03) ( -5.44823706E-04, -1.95577741E-04) ( -1.18277967E-03,  2.53319740E-03)
