     kz              E+_uu           E+_vv           E+_ww           E+_pp
-------------------------------------------------------------------------------
  0.0000000e+00	  2.3340928e-02	  8.3994542e-05	  5.0903696e-03	  1.9764567e-01
  6.6666667e-01	  4.1978755e-02	  1.6810298e-04	  1.1730025e-02	  2.7696217e-01
  1.3333333e+00	  6.0987854e-02	  1.6828521e-04	  1.1930200e-02	  2.4917580e-01
  2.0000000e+00	  7.5819459e-02	  1.6795153e-04	  1.3002294e-02	  2.1590570e-01
  2.6666667e+00	  9.2340664e-02	  1.7041930e-04	  1.7331358e-02	  2.0513072e-01
  3.3333333e+00	  7.2966646e-02	  1.7070864e-04	  1.5522714e-02	  1.8985626e-01
  4.0000000e+00	  1.2159926e-01	  1.7223141e-04	  1.9151398e-02	  1.7096253e-01
  4.6666667e+00	  9.9656497e-02	  1.7458882e-04	  1.9179744e-02	  1.5759825e-01
  5.3333333e+00	  8.6759430e-02	  1.7510570e-04	  1.5799606e-02	  1.5291673e-01
  6.0000000e+00	  6.3535319e-02	  1.7686125e-04	  1.5118180e-02	  1.3964574e-01
  6.6666667e+00	  9.0099752e-02	  1.8038705e-04	  1.6888349e-02	  1.3319868e-01
  7.3333333e+00	  7.8056988e-02	  1.8296379e-04	  1.6675609e-02	  1.2469778e-01
  8.0000000e+00	  6.0620060e-02	  1.8168076e-04	  1.4526366e-02	  1.1585577e-01
  8.6666667e+00	  6.2199777e-02	  1.8685740e-04	  1.5087351e-02	  1.1232799e-01
  9.3333333e+00	  6.2990396e-02	  1.8718153e-04	  1.4264051e-02	  1.0840446e-01
  1.0000000e+01	  6.0233630e-02	  1.9187055e-04	  1.5008338e-02	  1.0213739e-01
  1.0666667e+01	  6.4987621e-02	  1.9573158e-04	  1.4387339e-02	  9.6680712e-02
  1.1333333e+01	  5.8004815e-02	  1.9950869e-04	  1.4012094e-02	  9.4387655e-02
  1.2000000e+01	  6.0282363e-02	  2.0175252e-04	  1.4107758e-02	  9.1312002e-02
  1.2666667e+01	  5.6614706e-02	  2.0611533e-04	  1.3670442e-02	  8.8759542e-02
  1.3333333e+01	  5.6742444e-02	  2.0929520e-04	  1.3365973e-02	  8.5719105e-02
  1.4000000e+01	  5.8286786e-02	  2.1259772e-04	  1.3338330e-02	  8.4433214e-02
  1.4666667e+01	  5.5035335e-02	  2.1576274e-04	  1.3104093e-02	  8.0907319e-02
  1.5333333e+01	  5.2939264e-02	  2.2235803e-04	  1.3216958e-02	  7.9811912e-02
  1.6000000e+01	  5.1736563e-02	  2.2405226e-04	  1.2601588e-02	  7.5668203e-02
  1.6666667e+01	  5.5326168e-02	  2.3158898e-04	  1.3019428e-02	  7.4904959e-02
  1.7333333e+01	  5.3045752e-02	  2.3207588e-04	  1.2432114e-02	  7.1469785e-02
  1.8000000e+01	  5.3345503e-02	  2.3623819e-04	  1.2570776e-02	  7.1578843e-02
  1.8666667e+01	  4.9419252e-02	  2.4133891e-04	  1.2329407e-02	  6.8059464e-02
  1.9333333e+01	  5.4313992e-02	  2.5098508e-04	  1.2568879e-02	  6.6577530e-02
  2.0000000e+01	  5.3317707e-02	  2.5489789e-04	  1.2307938e-02	  6.5212640e-02
  2.0666667e+01	  5.2827991e-02	  2.6019638e-04	  1.1944418e-02	  6.4801458e-02
  2.1333333e+01	  5.4241347e-02	  2.6808887e-04	  1.2005185e-02	  6.3733685e-02
  2.2000000e+01	  5.2543893e-02	  2.7484017e-04	  1.2062365e-02	  6.1451563e-02
  2.2666667e+01	  5.3831548e-02	  2.7800449e-04	  1.1893862e-02	  6.0219736e-02
  2.3333333e+01	  5.1919901e-02	  2.8137353e-04	  1.1417572e-02	  5.8201770e-02
  2.4000000e+01	  5.6167912e-02	  2.8695839e-04	  1.1573917e-02	  5.7447877e-02
  2.4666667e+01	  5.6997035e-02	  2.9648376e-04	  1.1474930e-02	  5.5642234e-02
  2.5333333e+01	  5.2861790e-02	  2.9865434e-04	  1.1203199e-02	  5.5306491e-02
  2.6000000e+01	  5.3792465e-02	  3.0948192e-04	  1.1149674e-02	  5.3433225e-02
  2.6666667e+01	  5.4921764e-02	  3.1701923e-04	  1.1202541e-02	  5.3345588e-02
  2.7333333e+01	  5.2345203e-02	  3.2370302e-04	  1.1032766e-02	  5.1728768e-02
  2.8000000e+01	  5.5921366e-02	  3.3859849e-04	  1.1251271e-02	  5.1179069e-02
  2.8666667e+01	  5.2581556e-02	  3.3479727e-04	  1.0687059e-02	  4.9464104e-02
  2.9333333e+01	  5.3457686e-02	  3.4529876e-04	  1.0787252e-02	  4.8574255e-02
  3.0000000e+01	  5.5708504e-02	  3.5770840e-04	  1.0822578e-02	  4.8054724e-02
  3.0666667e+01	  5.4417670e-02	  3.6276762e-04	  1.0583262e-02	  4.7557658e-02
  3.1333333e+01	  5.5824126e-02	  3.7824723e-04	  1.0691194e-02	  4.6413197e-02
  3.2000000e+01	  5.5519819e-02	  3.7329245e-04	  1.0300220e-02	  4.4994056e-02
  3.2666667e+01	  5.3016079e-02	  3.8201245e-04	  9.9978039e-03	  4.4066592e-02
  3.3333333e+01	  5.4481698e-02	  3.9783430e-04	  1.0176122e-02	  4.3471348e-02
  3.4000000e+01	  5.5550730e-02	  4.0763292e-04	  1.0371273e-02	  4.3051191e-02
  3.4666667e+01	  5.4677700e-02	  4.0792794e-04	  9.9135552e-03	  4.2039815e-02
  3.5333333e+01	  5.5079518e-02	  4.2682873e-04	  9.9722695e-03	  4.1614527e-02
  3.6000000e+01	  5.5579094e-02	  4.3463724e-04	  9.9242227e-03	  4.0589001e-02
  3.6666667e+01	  5.5067693e-02	  4.3242165e-04	  9.6034847e-03	  3.9888824e-02
  3.7333333e+01	  5.1284704e-02	  4.3883993e-04	  9.4738190e-03	  3.9183787e-02
  3.8000000e+01	  5.4313548e-02	  4.5151833e-04	  9.4147937e-03	  3.8547151e-02
  3.8666667e+01	  5.4416762e-02	  4.7218330e-04	  9.5497316e-03	  3.8047679e-02
  3.9333333e+01	  5.3213803e-02	  4.6466043e-04	  9.1649438e-03	  3.6778238e-02
  4.0000000e+01	  5.3399329e-02	  4.8559115e-04	  9.2173294e-03	  3.6925859e-02
  4.0666667e+01	  5.5477112e-02	  4.9406923e-04	  9.1418490e-03	  3.5811621e-02
  4.1333333e+01	  5.4109916e-02	  5.0745452e-04	  9.0687310e-03	  3.5252816e-02
  4.2000000e+01	  5.3635561e-02	  5.0708650e-04	  8.9650994e-03	  3.4597049e-02
  4.2666667e+01	  5.3390279e-02	  5.1913082e-04	  8.8301102e-03	  3.4056668e-02
  4.3333333e+01	  4.9452701e-02	  5.1442192e-04	  8.3752542e-03	  3.3332390e-02
  4.4000000e+01	  5.0967006e-02	  5.2544387e-04	  8.4365237e-03	  3.2434163e-02
  4.4666667e+01	  5.0402569e-02	  5.3178716e-04	  8.3136400e-03	  3.2244845e-02
  4.5333333e+01	  5.0790835e-02	  5.4040318e-04	  8.2728031e-03	  3.1319823e-02
  4.6000000e+01	  5.0703879e-02	  5.5701406e-04	  8.2985625e-03	  3.1045571e-02
  4.6666667e+01	  4.9263229e-02	  5.6189942e-04	  7.9640952e-03	  3.0326285e-02
  4.7333333e+01	  4.9659096e-02	  5.6400921e-04	  7.8696062e-03	  2.9829863e-02
  4.8000000e+01	  4.8683799e-02	  5.8287136e-04	  7.8365664e-03	  2.9423176e-02
  4.8666667e+01	  4.8515412e-02	  5.8761068e-04	  7.6860244e-03	  2.8705166e-02
  4.9333333e+01	  4.8705957e-02	  5.9262661e-04	  7.6224262e-03	  2.7981736e-02
  5.0000000e+01	  4.7671080e-02	  5.9823085e-04	  7.4667197e-03	  2.8001297e-02
  5.0666667e+01	  4.7196327e-02	  6.0513543e-04	  7.3436244e-03	  2.7260414e-02
  5.1333333e+01	  4.6533014e-02	  6.1485956e-04	  7.2653875e-03	  2.6914421e-02
  5.2000000e+01	  4.5208202e-02	  6.1418785e-04	  7.1280136e-03	  2.6340761e-02
  5.2666667e+01	  4.4451329e-02	  6.2567889e-04	  7.0146622e-03	  2.5636895e-02
  5.3333333e+01	  4.6014342e-02	  6.4611564e-04	  7.0062238e-03	  2.5485758e-02
  5.4000000e+01	  4.3950326e-02	  6.3486812e-04	  6.7390471e-03	  2.4729199e-02
  5.4666667e+01	  4.3898666e-02	  6.3470209e-04	  6.7008990e-03	  2.4228636e-02
  5.5333333e+01	  4.4290345e-02	  6.5397324e-04	  6.6924485e-03	  2.4278241e-02
  5.6000000e+01	  4.3580186e-02	  6.5334679e-04	  6.5368413e-03	  2.3316328e-02
  5.6666667e+01	  4.3156298e-02	  6.6763221e-04	  6.4322529e-03	  2.3210542e-02
  5.7333333e+01	  4.1216451e-02	  6.6194794e-04	  6.2502549e-03	  2.2725933e-02
  5.8000000e+01	  4.1957502e-02	  6.8325425e-04	  6.2221218e-03	  2.2396529e-02
  5.8666667e+01	  4.0929460e-02	  6.7520069e-04	  6.0474754e-03	  2.1823984e-02
  5.9333333e+01	  4.0683365e-02	  6.8437674e-04	  5.9840409e-03	  2.1532902e-02
  6.0000000e+01	  3.9436012e-02	  6.8724491e-04	  5.8877629e-03	  2.1030128e-02
  6.0666667e+01	  3.9307544e-02	  6.8734853e-04	  5.7205756e-03	  2.0591335e-02
  6.1333333e+01	  3.8769596e-02	  6.9152485e-04	  5.6723731e-03	  2.0387725e-02
  6.2000000e+01	  3.7621977e-02	  6.9446452e-04	  5.5209333e-03	  1.9899083e-02
  6.2666667e+01	  3.7254717e-02	  6.9696002e-04	  5.4487662e-03	  1.9374647e-02
  6.3333333e+01	  3.6192603e-02	  6.9781847e-04	  5.2451805e-03	  1.9143829e-02
  6.4000000e+01	  3.6338224e-02	  7.1258782e-04	  5.2765799e-03	  1.9142360e-02
  6.4666667e+01	  3.6491782e-02	  7.0802030e-04	  5.1711778e-03	  1.8369637e-02
  6.5333333e+01	  3.4985312e-02	  7.1492760e-04	  5.0540542e-03	  1.8315559e-02
  6.6000000e+01	  3.4514866e-02	  7.0983920e-04	  4.9114385e-03	  1.7835138e-02
  6.6666667e+01	  3.3559371e-02	  7.1877235e-04	  4.8816994e-03	  1.7645802e-02
  6.7333333e+01	  3.2829403e-02	  7.0525078e-04	  4.7112758e-03	  1.7209741e-02
  6.8000000e+01	  3.2292538e-02	  7.0915981e-04	  4.6447669e-03	  1.6918855e-02
  6.8666667e+01	  3.2301606e-02	  7.1089054e-04	  4.5348005e-03	  1.6670767e-02
  6.9333333e+01	  3.1516777e-02	  7.0884181e-04	  4.4429341e-03	  1.6309683e-02
  7.0000000e+01	  3.1595984e-02	  7.2166495e-04	  4.3892386e-03	  1.6124128e-02
  7.0666667e+01	  3.0591700e-02	  7.1572726e-04	  4.2906472e-03	  1.5645520e-02
  7.1333333e+01	  3.0608902e-02	  7.2417025e-04	  4.2294601e-03	  1.5361440e-02
  7.2000000e+01	  2.9434467e-02	  7.2611114e-04	  4.1201381e-03	  1.5093420e-02
  7.2666667e+01	  2.9488269e-02	  7.2434521e-04	  4.0575310e-03	  1.4929530e-02
  7.3333333e+01	  2.8881913e-02	  7.1798933e-04	  3.9778718e-03	  1.4514960e-02
  7.4000000e+01	  2.7983994e-02	  7.1878275e-04	  3.8826128e-03	  1.4283457e-02
  7.4666667e+01	  2.8168349e-02	  7.3391538e-04	  3.8658090e-03	  1.4196676e-02
  7.5333333e+01	  2.7068765e-02	  7.2041806e-04	  3.7605806e-03	  1.3899256e-02
  7.6000000e+01	  2.6739955e-02	  7.1135858e-04	  3.6395558e-03	  1.3509161e-02
  7.6666667e+01	  2.6226511e-02	  7.2248647e-04	  3.5770193e-03	  1.3314614e-02
  7.7333333e+01	  2.5834954e-02	  7.2211252e-04	  3.5120040e-03	  1.3095744e-02
  7.8000000e+01	  2.5634067e-02	  7.1602239e-04	  3.4156928e-03	  1.2807690e-02
  7.8666667e+01	  2.5095182e-02	  7.1849668e-04	  3.3876968e-03	  1.2593623e-02
  7.9333333e+01	  2.4183216e-02	  7.1153789e-04	  3.2935051e-03	  1.2352458e-02
  8.0000000e+01	  2.4165682e-02	  7.2051060e-04	  3.2430080e-03	  1.2168971e-02
  8.0666667e+01	  2.3703150e-02	  7.1302692e-04	  3.1711951e-03	  1.1937751e-02
  8.1333333e+01	  2.3215631e-02	  7.1805714e-04	  3.1206442e-03	  1.1824438e-02
  8.2000000e+01	  2.2903412e-02	  7.1495411e-04	  3.0609631e-03	  1.1596372e-02
  8.2666667e+01	  2.2391879e-02	  7.1163675e-04	  2.9860723e-03	  1.1326917e-02
  8.3333333e+01	  2.1598765e-02	  7.0943366e-04	  2.9110843e-03	  1.1174329e-02
  8.4000000e+01	  2.1712390e-02	  7.0946760e-04	  2.8637994e-03	  1.0949364e-02
  8.4666667e+01	  2.1227588e-02	  7.0255495e-04	  2.7905497e-03	  1.0658667e-02
  8.5333333e+01	  2.0890069e-02	  6.9603146e-04	  2.7336181e-03	  1.0517922e-02
  8.6000000e+01	  2.0140227e-02	  6.9109437e-04	  2.6739535e-03	  1.0346021e-02
  8.6666667e+01	  2.0107221e-02	  7.0546061e-04	  2.6509813e-03	  1.0184576e-02
  8.7333333e+01	  1.9978466e-02	  6.9987416e-04	  2.5858728e-03	  1.0028801e-02
  8.8000000e+01	  1.9602925e-02	  6.9614908e-04	  2.5565434e-03	  9.8755587e-03
  8.8666667e+01	  1.9168134e-02	  6.9397776e-04	  2.4826093e-03	  9.6826272e-03
  8.9333333e+01	  1.8500473e-02	  6.7929262e-04	  2.3966148e-03	  9.4068598e-03
  9.0000000e+01	  1.8362364e-02	  6.8836058e-04	  2.3747987e-03	  9.3528627e-03
  9.0666667e+01	  1.7974524e-02	  6.8618892e-04	  2.3192835e-03	  9.2162859e-03
  9.1333333e+01	  1.7358104e-02	  6.7512503e-04	  2.2573245e-03	  9.0463416e-03
  9.2000000e+01	  1.7587677e-02	  6.8096264e-04	  2.2514421e-03	  8.8592310e-03
  9.2666667e+01	  1.7355471e-02	  6.7917347e-04	  2.1928455e-03	  8.7131207e-03
  9.3333333e+01	  1.6653359e-02	  6.6754341e-04	  2.1415129e-03	  8.4913281e-03
  9.4000000e+01	  1.6461823e-02	  6.6439386e-04	  2.0891873e-03	  8.4141013e-03
  9.4666667e+01	  1.6043274e-02	  6.6605276e-04	  2.0446789e-03	  8.2850723e-03
  9.5333333e+01	  1.5837995e-02	  6.5864179e-04	  2.0129112e-03	  8.0843240e-03
  9.6000000e+01	  1.5326201e-02	  6.5757791e-04	  1.9697153e-03	  7.9739997e-03
  9.6666667e+01	  1.5215057e-02	  6.4539808e-04	  1.9187880e-03	  7.7991797e-03
  9.7333333e+01	  1.4715710e-02	  6.5135847e-04	  1.8884396e-03	  7.7668763e-03
  9.8000000e+01	  1.4501927e-02	  6.3969676e-04	  1.8389901e-03	  7.5343163e-03
  9.8666667e+01	  1.4061193e-02	  6.3016007e-04	  1.7917242e-03	  7.3983764e-03
  9.9333333e+01	  1.4191535e-02	  6.3726934e-04	  1.7728116e-03	  7.2950187e-03
  1.0000000e+02	  1.3876790e-02	  6.3633799e-04	  1.7496918e-03	  7.1968925e-03
  1.0066667e+02	  1.3504104e-02	  6.2706097e-04	  1.6959989e-03	  7.0267552e-03
  1.0133333e+02	  1.3406218e-02	  6.3121827e-04	  1.6719503e-03	  6.9691126e-03
  1.0200000e+02	  1.3132742e-02	  6.2433122e-04	  1.6307984e-03	  6.7928942e-03
  1.0266667e+02	  1.2929405e-02	  6.2258373e-04	  1.6135315e-03	  6.7221251e-03
  1.0333333e+02	  1.2559679e-02	  6.1603322e-04	  1.5607711e-03	  6.6071055e-03
  1.0400000e+02	  1.2366660e-02	  6.1712739e-04	  1.5351158e-03	  6.5153009e-03
  1.0466667e+02	  1.2152514e-02	  6.0815189e-04	  1.4974692e-03	  6.3619949e-03
  1.0533333e+02	  1.1898659e-02	  6.0014434e-04	  1.4643623e-03	  6.2482979e-03
  1.0600000e+02	  1.1836445e-02	  6.0618074e-04	  1.4527670e-03	  6.2058315e-03
  1.0666667e+02	  1.1557737e-02	  5.9883272e-04	  1.4179140e-03	  6.1001371e-03
  1.0733333e+02	  1.1320971e-02	  5.9636480e-04	  1.3869899e-03	  5.9383445e-03
  1.0800000e+02	  1.1061062e-02	  5.8396345e-04	  1.3516739e-03	  5.8292634e-03
  1.0866667e+02	  1.0896784e-02	  5.7997617e-04	  1.3274603e-03	  5.7610942e-03
  1.0933333e+02	  1.0622147e-02	  5.8101015e-04	  1.3129434e-03	  5.6587527e-03
  1.1000000e+02	  1.0355863e-02	  5.7279570e-04	  1.2702397e-03	  5.5789695e-03
  1.1066667e+02	  1.0173915e-02	  5.7234975e-04	  1.2509879e-03	  5.4886890e-03
  1.1133333e+02	  1.0076450e-02	  5.6775796e-04	  1.2263130e-03	  5.4468988e-03
  1.1200000e+02	  9.8911831e-03	  5.6218859e-04	  1.2048950e-03	  5.2969752e-03
  1.1266667e+02	  9.7222403e-03	  5.5518411e-04	  1.1795030e-03	  5.1725221e-03
  1.1333333e+02	  9.7072283e-03	  5.5621803e-04	  1.1560319e-03	  5.1090020e-03
  1.1400000e+02	  9.3349017e-03	  5.4908921e-04	  1.1319232e-03	  5.0268659e-03
  1.1466667e+02	  9.3401749e-03	  5.5168572e-04	  1.1064853e-03	  4.9870832e-03
  1.1533333e+02	  9.0278797e-03	  5.4038937e-04	  1.0952285e-03	  4.8686845e-03
  1.1600000e+02	  8.8795122e-03	  5.3271516e-04	  1.0621696e-03	  4.7839261e-03
  1.1666667e+02	  8.6661618e-03	  5.2650722e-04	  1.0374198e-03	  4.7111610e-03
  1.1733333e+02	  8.6081928e-03	  5.3056137e-04	  1.0286747e-03	  4.6513681e-03
  1.1800000e+02	  8.4096992e-03	  5.2477679e-04	  1.0070897e-03	  4.5609285e-03
  1.1866667e+02	  8.2113920e-03	  5.1682982e-04	  9.7644669e-04	  4.4718303e-03
  1.1933333e+02	  8.0648360e-03	  5.1082111e-04	  9.6059143e-04	  4.4075914e-03
  1.2000000e+02	  8.0026604e-03	  5.1360556e-04	  9.4134239e-04	  4.3439077e-03
  1.2066667e+02	  7.7746116e-03	  5.0232001e-04	  9.1978509e-04	  4.2475720e-03
  1.2133333e+02	  7.5496489e-03	  5.0050495e-04	  9.0516644e-04	  4.1876158e-03
  1.2200000e+02	  7.5868625e-03	  4.9670971e-04	  8.9572816e-04	  4.1096340e-03
  1.2266667e+02	  7.3414876e-03	  4.8965719e-04	  8.6605595e-04	  4.0500014e-03
  1.2333333e+02	  7.2037199e-03	  4.9049235e-04	  8.5264331e-04	  3.9991700e-03
  1.2400000e+02	  7.0927541e-03	  4.9104895e-04	  8.3978556e-04	  3.9337102e-03
  1.2466667e+02	  6.9901906e-03	  4.7808779e-04	  8.2073133e-04	  3.8698754e-03
  1.2533333e+02	  6.8013169e-03	  4.7854773e-04	  8.0239733e-04	  3.8074708e-03
  1.2600000e+02	  6.8051308e-03	  4.7691867e-04	  7.9499290e-04	  3.7505679e-03
  1.2666667e+02	  6.6199079e-03	  4.6814107e-04	  7.7149382e-04	  3.7038436e-03
  1.2733333e+02	  6.6048444e-03	  4.7166207e-04	  7.6300138e-04	  3.6432376e-03
  1.2800000e+02	  6.4206114e-03	  4.6563640e-04	  7.4940507e-04	  3.5698622e-03
  1.2866667e+02	  6.2224514e-03	  4.5425504e-04	  7.2416276e-04	  3.5215564e-03
  1.2933333e+02	  6.1648098e-03	  4.5457267e-04	  7.1871478e-04	  3.4698488e-03
  1.3000000e+02	  6.0673807e-03	  4.5288449e-04	  7.0465234e-04	  3.4240218e-03
  1.3066667e+02	  5.9864946e-03	  4.4757352e-04	  6.9378876e-04	  3.3584308e-03
  1.3133333e+02	  5.8867114e-03	  4.4241261e-04	  6.7904046e-04	  3.3059213e-03
  1.3200000e+02	  5.7041836e-03	  4.3865611e-04	  6.6031115e-04	  3.2356410e-03
  1.3266667e+02	  5.6525581e-03	  4.3765096e-04	  6.5810225e-04	  3.2165655e-03
  1.3333333e+02	  5.5546787e-03	  4.3272667e-04	  6.4569090e-04	  3.1523050e-03
  1.3400000e+02	  5.4300086e-03	  4.2732616e-04	  6.2941911e-04	  3.1130726e-03
  1.3466667e+02	  5.3694881e-03	  4.2239812e-04	  6.1753586e-04	  3.0380418e-03
  1.3533333e+02	  5.2034871e-03	  4.1852719e-04	  6.0328850e-04	  3.0324900e-03
  1.3600000e+02	  5.2337098e-03	  4.1670987e-04	  5.9572081e-04	  2.9599433e-03
  1.3666667e+02	  5.1119200e-03	  4.1320134e-04	  5.8874430e-04	  2.9297968e-03
  1.3733333e+02	  5.0278029e-03	  4.0635809e-04	  5.7103546e-04	  2.8692054e-03
  1.3800000e+02	  4.9242807e-03	  4.0484389e-04	  5.6046101e-04	  2.8140315e-03
  1.3866667e+02	  4.8183840e-03	  4.0027584e-04	  5.4837137e-04	  2.7941374e-03
  1.3933333e+02	  4.7146760e-03	  3.9643792e-04	  5.4008428e-04	  2.7441730e-03
  1.4000000e+02	  4.6607684e-03	  3.9149168e-04	  5.3169352e-04	  2.7028462e-03
  1.4066667e+02	  4.6006344e-03	  3.8781476e-04	  5.1930440e-04	  2.6506756e-03
  1.4133333e+02	  4.5090641e-03	  3.8247260e-04	  5.0827131e-04	  2.6068935e-03
  1.4200000e+02	  4.4293965e-03	  3.8693260e-04	  5.0614672e-04	  2.5842052e-03
  1.4266667e+02	  4.3440294e-03	  3.7556515e-04	  4.9268082e-04	  2.5208369e-03
  1.4333333e+02	  4.2851519e-03	  3.7256773e-04	  4.8159494e-04	  2.5006515e-03
  1.4400000e+02	  4.1898736e-03	  3.6866126e-04	  4.7535256e-04	  2.4500522e-03
  1.4466667e+02	  4.1326901e-03	  3.6885579e-04	  4.6699586e-04	  2.4241592e-03
  1.4533333e+02	  4.0778521e-03	  3.6244130e-04	  4.5690162e-04	  2.3704979e-03
  1.4600000e+02	  3.9970796e-03	  3.5907860e-04	  4.4945645e-04	  2.3452495e-03
  1.4666667e+02	  3.9510407e-03	  3.5596979e-04	  4.4154932e-04	  2.3095136e-03
  1.4733333e+02	  3.8637396e-03	  3.4915494e-04	  4.3095523e-04	  2.2670389e-03
  1.4800000e+02	  3.8078937e-03	  3.4819316e-04	  4.2667847e-04	  2.2269555e-03
  1.4866667e+02	  3.7816222e-03	  3.4602843e-04	  4.1766231e-04	  2.2129937e-03
  1.4933333e+02	  3.6851217e-03	  3.4151291e-04	  4.1165987e-04	  2.1736277e-03
  1.5000000e+02	  3.6290373e-03	  3.3770896e-04	  4.0285459e-04	  2.1309192e-03
  1.5066667e+02	  3.5489343e-03	  3.3542586e-04	  3.9739185e-04	  2.1009019e-03
  1.5133333e+02	  3.4924924e-03	  3.3189663e-04	  3.8981829e-04	  2.0804469e-03
  1.5200000e+02	  3.4337402e-03	  3.2613917e-04	  3.8156965e-04	  2.0397197e-03
  1.5266667e+02	  3.3813537e-03	  3.2449974e-04	  3.7489273e-04	  2.0184662e-03
  1.5333333e+02	  3.3384595e-03	  3.2291858e-04	  3.6907975e-04	  1.9790532e-03
  1.5400000e+02	  3.2679360e-03	  3.1850536e-04	  3.6027194e-04	  1.9541960e-03
  1.5466667e+02	  3.2132106e-03	  3.1501877e-04	  3.5551218e-04	  1.9195799e-03
  1.5533333e+02	  3.1638285e-03	  3.0936278e-04	  3.4725224e-04	  1.8802156e-03
  1.5600000e+02	  3.0924197e-03	  3.0659058e-04	  3.3983597e-04	  1.8509929e-03
  1.5666667e+02	  3.0755732e-03	  3.0602710e-04	  3.3611400e-04	  1.8304178e-03
  1.5733333e+02	  2.9921102e-03	  3.0189308e-04	  3.3041621e-04	  1.8106978e-03
  1.5800000e+02	  2.9584665e-03	  3.0029037e-04	  3.2492099e-04	  1.7748330e-03
  1.5866667e+02	  2.9259036e-03	  2.9695175e-04	  3.2021168e-04	  1.7636544e-03
  1.5933333e+02	  2.8648896e-03	  2.9028920e-04	  3.1476605e-04	  1.7265200e-03
  1.6000000e+02	  2.7933095e-03	  2.8900439e-04	  3.0699457e-04	  1.7008562e-03
  1.6066667e+02	  2.7573310e-03	  2.8737366e-04	  3.0214454e-04	  1.6767541e-03
  1.6133333e+02	  2.7316706e-03	  2.8275771e-04	  2.9732478e-04	  1.6449512e-03
  1.6200000e+02	  2.6652357e-03	  2.8321039e-04	  2.9367703e-04	  1.6287735e-03
  1.6266667e+02	  2.6327360e-03	  2.7680288e-04	  2.8701801e-04	  1.5961617e-03
  1.6333333e+02	  2.5841913e-03	  2.7400406e-04	  2.8195979e-04	  1.5670590e-03
  1.6400000e+02	  2.5626231e-03	  2.7088225e-04	  2.7790092e-04	  1.5552943e-03
  1.6466667e+02	  2.5042905e-03	  2.7070813e-04	  2.7276260e-04	  1.5316956e-03
  1.6533333e+02	  2.4705475e-03	  2.6443203e-04	  2.6596791e-04	  1.4991010e-03
  1.6600000e+02	  2.4114345e-03	  2.6214303e-04	  2.6244485e-04	  1.4819821e-03
  1.6666667e+02	  2.4015383e-03	  2.6116703e-04	  2.5910772e-04	  1.4584166e-03
  1.6733333e+02	  2.3638743e-03	  2.5885589e-04	  2.5556332e-04	  1.4349760e-03
  1.6800000e+02	  2.3291076e-03	  2.5458237e-04	  2.4915255e-04	  1.4187332e-03
  1.6866667e+02	  2.2772748e-03	  2.5272758e-04	  2.4597398e-04	  1.3973861e-03
  1.6933333e+02	  2.2515301e-03	  2.4960738e-04	  2.4288145e-04	  1.3727857e-03
  1.7000000e+02	  2.2046983e-03	  2.4779171e-04	  2.3747942e-04	  1.3557356e-03
  1.7066667e+02	  2.1681321e-03	  2.4496861e-04	  2.3298748e-04	  1.3351812e-03
  1.7133333e+02	  2.1472320e-03	  2.4174277e-04	  2.3005126e-04	  1.3217282e-03
  1.7200000e+02	  2.1065867e-03	  2.3935161e-04	  2.2569180e-04	  1.3005415e-03
  1.7266667e+02	  2.0998269e-03	  2.3658934e-04	  2.2379110e-04	  1.2730264e-03
  1.7333333e+02	  2.0642598e-03	  2.3571386e-04	  2.1839778e-04	  1.2645962e-03
  1.7400000e+02	  2.0202785e-03	  2.3217947e-04	  2.1516780e-04	  1.2346857e-03
  1.7466667e+02	  1.9874731e-03	  2.2817425e-04	  2.1142212e-04	  1.2189453e-03
  1.7533333e+02	  1.9770788e-03	  2.2766801e-04	  2.0953535e-04	  1.2031332e-03
  1.7600000e+02	  1.9152653e-03	  2.2432191e-04	  2.0393601e-04	  1.1898428e-03
  1.7666667e+02	  1.9000344e-03	  2.2155154e-04	  1.9989237e-04	  1.1737255e-03
  1.7733333e+02	  1.8575112e-03	  2.1988340e-04	  1.9856681e-04	  1.1507652e-03
  1.7800000e+02	  1.8372940e-03	  2.1736307e-04	  1.9356150e-04	  1.1371043e-03
  1.7866667e+02	  1.8020493e-03	  2.1566457e-04	  1.9115294e-04	  1.1156182e-03
  1.7933333e+02	  1.7768449e-03	  2.1120015e-04	  1.8768222e-04	  1.0989045e-03
  1.8000000e+02	  1.7478606e-03	  2.1050065e-04	  1.8434981e-04	  1.0798427e-03
  1.8066667e+02	  1.7170561e-03	  2.0845745e-04	  1.8155359e-04	  1.0737430e-03
  1.8133333e+02	  1.6999898e-03	  2.0587136e-04	  1.7887656e-04	  1.0578400e-03
  1.8200000e+02	  1.6691356e-03	  2.0461505e-04	  1.7632879e-04	  1.0442949e-03
  1.8266667e+02	  1.6441942e-03	  1.9955625e-04	  1.7245697e-04	  1.0226087e-03
  1.8333333e+02	  1.6420930e-03	  1.9882724e-04	  1.7131048e-04	  1.0063333e-03
  1.8400000e+02	  1.6039032e-03	  1.9930784e-04	  1.6726298e-04	  1.0007213e-03
  1.8466667e+02	  1.5759690e-03	  1.9420029e-04	  1.6481462e-04	  9.7737804e-04
  1.8533333e+02	  1.5538737e-03	  1.9210103e-04	  1.6111226e-04	  9.6659975e-04
  1.8600000e+02	  1.5342498e-03	  1.9225406e-04	  1.5947727e-04	  9.5313748e-04
  1.8666667e+02	  1.5111683e-03	  1.8967969e-04	  1.5694346e-04	  9.3797885e-04
  1.8733333e+02	  1.4896737e-03	  1.8641993e-04	  1.5381886e-04	  9.2773387e-04
  1.8800000e+02	  1.4680039e-03	  1.8453663e-04	  1.5169846e-04	  9.1032914e-04
  1.8866667e+02	  1.4497246e-03	  1.8356011e-04	  1.4916020e-04	  9.0095328e-04
  1.8933333e+02	  1.4269311e-03	  1.7977806e-04	  1.4758022e-04	  8.8926397e-04
  1.9000000e+02	  1.3854452e-03	  1.7729830e-04	  1.4418357e-04	  8.7374260e-04
  1.9066667e+02	  1.3820725e-03	  1.7533842e-04	  1.4198532e-04	  8.6247512e-04
  1.9133333e+02	  1.3584480e-03	  1.7512172e-04	  1.4019849e-04	  8.4894259e-04
  1.9200000e+02	  1.3289369e-03	  1.7127659e-04	  1.3728854e-04	  8.3340482e-04
  1.9266667e+02	  1.3229760e-03	  1.7037109e-04	  1.3560052e-04	  8.2360907e-04
  1.9333333e+02	  1.2936733e-03	  1.6909395e-04	  1.3306747e-04	  8.1350953e-04
  1.9400000e+02	  1.2715620e-03	  1.6733514e-04	  1.3105511e-04	  8.0361049e-04
  1.9466667e+02	  1.2639520e-03	  1.6497702e-04	  1.2916334e-04	  7.8708046e-04
  1.9533333e+02	  1.2516805e-03	  1.6247217e-04	  1.2711282e-04	  7.7862599e-04
  1.9600000e+02	  1.2248151e-03	  1.6102461e-04	  1.2484998e-04	  7.6721994e-04
  1.9666667e+02	  1.2090608e-03	  1.5930563e-04	  1.2299137e-04	  7.5736255e-04
  1.9733333e+02	  1.1934886e-03	  1.5694938e-04	  1.2074869e-04	  7.4389258e-04
  1.9800000e+02	  1.1713016e-03	  1.5574835e-04	  1.1942647e-04	  7.3839112e-04
  1.9866667e+02	  1.1551408e-03	  1.5337945e-04	  1.1715307e-04	  7.2303840e-04
  1.9933333e+02	  1.1395487e-03	  1.5352628e-04	  1.1558428e-04	  7.1470200e-04
  2.0000000e+02	  1.1168149e-03	  1.5113093e-04	  1.1356055e-04	  7.0209637e-04
  2.0066667e+02	  1.1007685e-03	  1.4943779e-04	  1.1168154e-04	  6.9445146e-04
  2.0133333e+02	  1.0877818e-03	  1.4788413e-04	  1.0959559e-04	  6.8505041e-04
  2.0200000e+02	  1.0767318e-03	  1.4560823e-04	  1.0869480e-04	  6.7159144e-04
  2.0266667e+02	  1.0607916e-03	  1.4395600e-04	  1.0632358e-04	  6.6502885e-04
  2.0333333e+02	  1.0518696e-03	  1.4298880e-04	  1.0544803e-04	  6.5867219e-04
  2.0400000e+02	  1.0319530e-03	  1.4099792e-04	  1.0334599e-04	  6.4920305e-04
  2.0466667e+02	  1.0182030e-03	  1.3957210e-04	  1.0172772e-04	  6.3518990e-04
  2.0533333e+02	  1.0002586e-03	  1.3725326e-04	  1.0001467e-04	  6.2793431e-04
  2.0600000e+02	  9.8774530e-04	  1.3685219e-04	  9.8893573e-05	  6.1970052e-04
  2.0666667e+02	  9.7670446e-04	  1.3594289e-04	  9.7445841e-05	  6.0973672e-04
  2.0733333e+02	  9.5807217e-04	  1.3274368e-04	  9.5336255e-05	  6.0175552e-04
  2.0800000e+02	  9.4652657e-04	  1.3179411e-04	  9.4219555e-05	  5.9473121e-04
  2.0866667e+02	  9.3306367e-04	  1.3010847e-04	  9.2801247e-05	  5.8406881e-04
  2.0933333e+02	  9.0950611e-04	  1.2883328e-04	  9.0739659e-05	  5.7684052e-04
  2.1000000e+02	  9.0758567e-04	  1.2813088e-04	  9.0301754e-05	  5.7090601e-04
  2.1066667e+02	  8.9165550e-04	  1.2598617e-04	  8.8464891e-05	  5.6074737e-04
  2.1133333e+02	  8.8250884e-04	  1.2464724e-04	  8.7278177e-05	  5.5450422e-04
  2.1200000e+02	  8.6485400e-04	  1.2366789e-04	  8.5778138e-05	  5.4717362e-04
  2.1266667e+02	  8.4840481e-04	  1.2123512e-04	  8.4069345e-05	  5.3767257e-04
  2.1333333e+02	  8.4412613e-04	  1.2021357e-04	  8.3091923e-05	  5.3058480e-04
  2.1400000e+02	  8.3565510e-04	  1.1841402e-04	  8.1715032e-05	  5.2285550e-04
  2.1466667e+02	  8.1631274e-04	  1.1779142e-04	  8.0349526e-05	  5.1459612e-04
  2.1533333e+02	  8.0979156e-04	  1.1681118e-04	  7.9605561e-05	  5.1026953e-04
  2.1600000e+02	  7.9757283e-04	  1.1555690e-04	  7.8257623e-05	  5.0312395e-04
  2.1666667e+02	  7.8394671e-04	  1.1379552e-04	  7.6932570e-05	  4.9468069e-04
  2.1733333e+02	  7.7280883e-04	  1.1185787e-04	  7.5547107e-05	  4.8703826e-04
  2.1800000e+02	  7.6068723e-04	  1.1139367e-04	  7.4324825e-05	  4.7915478e-04
  2.1866667e+02	  7.5474749e-04	  1.0972479e-04	  7.3426434e-05	  4.7330860e-04
  2.1933333e+02	  7.3970663e-04	  1.0851105e-04	  7.2159801e-05	  4.6676120e-04
  2.2000000e+02	  7.3705811e-04	  1.0733687e-04	  7.1518370e-05	  4.5892834e-04
  2.2066667e+02	  7.2592416e-04	  1.0611285e-04	  7.0156499e-05	  4.5423634e-04
  2.2133333e+02	  7.1705757e-04	  1.0539864e-04	  6.9216818e-05	  4.4741020e-04
  2.2200000e+02	  7.0695041e-04	  1.0370498e-04	  6.8153277e-05	  4.4197360e-04
  2.2266667e+02	  6.9266558e-04	  1.0239940e-04	  6.7337463e-05	  4.3475735e-04
  2.2333333e+02	  6.7996134e-04	  1.0093508e-04	  6.5997669e-05	  4.2839016e-04
  2.2400000e+02	  6.7772111e-04	  1.0042431e-04	  6.5085621e-05	  4.2352178e-04
  2.2466667e+02	  6.6617399e-04	  9.8931383e-05	  6.3927230e-05	  4.1685773e-04
  2.2533333e+02	  6.5641077e-04	  9.7963133e-05	  6.3360374e-05	  4.1065349e-04
  2.2600000e+02	  6.4645447e-04	  9.7134086e-05	  6.2192049e-05	  4.0757876e-04
  2.2666667e+02	  6.4015003e-04	  9.6034006e-05	  6.1336598e-05	  4.0200482e-04
  2.2733333e+02	  6.2850275e-04	  9.4531660e-05	  6.0459625e-05	  3.9462691e-04
  2.2800000e+02	  6.2105489e-04	  9.3615797e-05	  5.9600597e-05	  3.8941847e-04
  2.2866667e+02	  6.1248167e-04	  9.2296103e-05	  5.8633096e-05	  3.8356641e-04
  2.2933333e+02	  6.0426388e-04	  9.1817317e-05	  5.7678365e-05	  3.7861816e-04
  2.3000000e+02	  5.9651656e-04	  9.0238476e-05	  5.6806570e-05	  3.7248252e-04
  2.3066667e+02	  5.8964488e-04	  8.9811328e-05	  5.5973979e-05	  3.6867083e-04
  2.3133333e+02	  5.8172266e-04	  8.8214857e-05	  5.5226245e-05	  3.6285519e-04
  2.3200000e+02	  5.7651837e-04	  8.7617129e-05	  5.4474412e-05	  3.5795118e-04
  2.3266667e+02	  5.6346006e-04	  8.6773291e-05	  5.3511957e-05	  3.5171539e-04
  2.3333333e+02	  5.6061899e-04	  8.5790097e-05	  5.2917135e-05	  3.4765994e-04
  2.3400000e+02	  5.5697186e-04	  8.4854061e-05	  5.2220678e-05	  3.4241979e-04
  2.3466667e+02	  5.4411877e-04	  8.3619696e-05	  5.1294743e-05	  3.3851266e-04
  2.3533333e+02	  5.3587864e-04	  8.2638641e-05	  5.0504183e-05	  3.3346056e-04
  2.3600000e+02	  5.3345671e-04	  8.1730420e-05	  4.9852883e-05	  3.2904746e-04
  2.3666667e+02	  5.2134515e-04	  8.1166011e-05	  4.9087330e-05	  3.2651581e-04
  2.3733333e+02	  5.1836267e-04	  7.9817903e-05	  4.8308968e-05	  3.1993131e-04
  2.3800000e+02	  5.1161298e-04	  7.9149624e-05	  4.7628395e-05	  3.1698455e-04
  2.3866667e+02	  5.0282113e-04	  7.8264797e-05	  4.7013873e-05	  3.1067706e-04
  2.3933333e+02	  4.9557101e-04	  7.7230968e-05	  4.6159184e-05	  3.0684414e-04
  2.4000000e+02	  4.9147255e-04	  7.6369836e-05	  4.5605864e-05	  3.0264431e-04
  2.4066667e+02	  4.8221321e-04	  7.5369172e-05	  4.4897251e-05	  2.9868589e-04
  2.4133333e+02	  4.7293004e-04	  7.4476901e-05	  4.4320995e-05	  2.9568764e-04
  2.4200000e+02	  4.6890196e-04	  7.3476848e-05	  4.3526535e-05	  2.9063691e-04
  2.4266667e+02	  4.6283834e-04	  7.3150545e-05	  4.3021097e-05	  2.8748372e-04
  2.4333333e+02	  4.5917879e-04	  7.2103817e-05	  4.2200226e-05	  2.8142619e-04
  2.4400000e+02	  4.5063096e-04	  7.1223649e-05	  4.1613314e-05	  2.7902363e-04
  2.4466667e+02	  4.4582575e-04	  7.0412731e-05	  4.1204826e-05	  2.7476077e-04
  2.4533333e+02	  4.3762734e-04	  6.9914030e-05	  4.0490697e-05	  2.7128666e-04
  2.4600000e+02	  4.3278728e-04	  6.8947222e-05	  4.0023164e-05	  2.6791250e-04
  2.4666667e+02	  4.2980886e-04	  6.8068873e-05	  3.9552743e-05	  2.6416506e-04
  2.4733333e+02	  4.2608191e-04	  6.6879569e-05	  3.8929134e-05	  2.6002102e-04
  2.4800000e+02	  4.1829963e-04	  6.6395910e-05	  3.8282333e-05	  2.5706301e-04
  2.4866667e+02	  4.1411804e-04	  6.5950611e-05	  3.7830689e-05	  2.5332295e-04
  2.4933333e+02	  4.0719656e-04	  6.5259931e-05	  3.7372526e-05	  2.5081353e-04
  2.5000000e+02	  4.0429509e-04	  6.4459656e-05	  3.6771640e-05	  2.4728701e-04
  2.5066667e+02	  3.9741959e-04	  6.3436785e-05	  3.6289305e-05	  2.4332036e-04
  2.5133333e+02	  3.9457555e-04	  6.2792218e-05	  3.5842782e-05	  2.4049223e-04
  2.5200000e+02	  3.8742078e-04	  6.1906881e-05	  3.5091364e-05	  2.3674147e-04
  2.5266667e+02	  3.8308707e-04	  6.1467469e-05	  3.4667295e-05	  2.3415370e-04
  2.5333333e+02	  3.8071435e-04	  6.0606179e-05	  3.4312156e-05	  2.3053262e-04
  2.5400000e+02	  3.7107420e-04	  5.9976423e-05	  3.3784322e-05	  2.2807952e-04
  2.5466667e+02	  3.6844710e-04	  5.9070146e-05	  3.3110256e-05	  2.2446511e-04
  2.5533333e+02	  3.6359504e-04	  5.8879995e-05	  3.2727617e-05	  2.2088740e-04
  2.5600000e+02	  3.5931722e-04	  5.7770040e-05	  3.2346310e-05	  2.1821318e-04
  2.5666667e+02	  3.5414079e-04	  5.7150775e-05	  3.1831421e-05	  2.1524668e-04
  2.5733333e+02	  3.5097524e-04	  5.6496869e-05	  3.1335045e-05	  2.1226853e-04
  2.5800000e+02	  3.4401253e-04	  5.6347892e-05	  3.0917402e-05	  2.0899816e-04
  2.5866667e+02	  3.3949307e-04	  5.5114570e-05	  3.0507502e-05	  2.0764543e-04
  2.5933333e+02	  3.3626172e-04	  5.4798539e-05	  3.0085803e-05	  2.0428139e-04
  2.6000000e+02	  3.3080123e-04	  5.4066597e-05	  2.9709787e-05	  2.0175224e-04
  2.6066667e+02	  3.2722311e-04	  5.3321321e-05	  2.9252745e-05	  1.9806091e-04
  2.6133333e+02	  3.2412188e-04	  5.3046266e-05	  2.8821170e-05	  1.9580884e-04
  2.6200000e+02	  3.2034403e-04	  5.2362396e-05	  2.8537701e-05	  1.9325172e-04
  2.6266667e+02	  3.1615564e-04	  5.1475616e-05	  2.8096997e-05	  1.9024587e-04
  2.6333333e+02	  3.1296370e-04	  5.1249622e-05	  2.7762544e-05	  1.8811963e-04
  2.6400000e+02	  3.0862608e-04	  5.0707273e-05	  2.7251442e-05	  1.8606895e-04
  2.6466667e+02	  3.0182288e-04	  4.9907833e-05	  2.6825482e-05	  1.8349562e-04
  2.6533333e+02	  3.0144811e-04	  4.9318137e-05	  2.6565415e-05	  1.8122957e-04
  2.6600000e+02	  2.9700514e-04	  4.8894225e-05	  2.6178356e-05	  1.7806500e-04
  2.6666667e+02	  2.9194457e-04	  4.8207398e-05	  2.5733226e-05	  1.7542099e-04
  2.6733333e+02	  2.8989929e-04	  4.7727857e-05	  2.5431218e-05	  1.7321633e-04
  2.6800000e+02	  2.8394315e-04	  4.7285134e-05	  2.5134924e-05	  1.7198098e-04
  2.6866667e+02	  2.8066634e-04	  4.6805183e-05	  2.4732671e-05	  1.6921869e-04
  2.6933333e+02	  2.8063791e-04	  4.6115281e-05	  2.4415349e-05	  1.6699113e-04
  2.7000000e+02	  2.7472002e-04	  4.5447574e-05	  2.4022628e-05	  1.6491415e-04
  2.7066667e+02	  2.7114830e-04	  4.5047610e-05	  2.3760607e-05	  1.6227879e-04
  2.7133333e+02	  2.6750686e-04	  4.4437638e-05	  2.3340426e-05	  1.6070136e-04
  2.7200000e+02	  2.6564075e-04	  4.4182427e-05	  2.3038818e-05	  1.5820280e-04
  2.7266667e+02	  2.6100459e-04	  4.3485029e-05	  2.2740672e-05	  1.5617913e-04
  2.7333333e+02	  2.5776667e-04	  4.2878187e-05	  2.2424774e-05	  1.5433222e-04
  2.7400000e+02	  2.5551072e-04	  4.2547097e-05	  2.2030158e-05	  1.5144639e-04
  2.7466667e+02	  2.5180269e-04	  4.2125728e-05	  2.1827447e-05	  1.5061112e-04
  2.7533333e+02	  2.4857138e-04	  4.1591965e-05	  2.1508044e-05	  1.4832480e-04
  2.7600000e+02	  2.4422171e-04	  4.1300634e-05	  2.1214633e-05	  1.4613493e-04
  2.7666667e+02	  2.4354372e-04	  4.0475769e-05	  2.0916499e-05	  1.4384034e-04
  2.7733333e+02	  2.3990792e-04	  4.0114124e-05	  2.0580228e-05	  1.4234196e-04
  2.7800000e+02	  2.3704599e-04	  3.9622571e-05	  2.0389528e-05	  1.4026549e-04
  2.7866667e+02	  2.3423257e-04	  3.9208243e-05	  2.0061534e-05	  1.3809952e-04
  2.7933333e+02	  2.2985827e-04	  3.8731649e-05	  1.9737731e-05	  1.3654609e-04
  2.8000000e+02	  2.2856714e-04	  3.8452331e-05	  1.9571410e-05	  1.3430185e-04
  2.8066667e+02	  2.2538736e-04	  3.7914194e-05	  1.9219960e-05	  1.3291818e-04
  2.8133333e+02	  2.2226503e-04	  3.7545591e-05	  1.9027358e-05	  1.3132895e-04
  2.8200000e+02	  2.1979632e-04	  3.7072305e-05	  1.8749093e-05	  1.2945684e-04
  2.8266667e+02	  2.1789567e-04	  3.6491172e-05	  1.8434340e-05	  1.2785533e-04
  2.8333333e+02	  2.1509678e-04	  3.6281360e-05	  1.8264211e-05	  1.2561977e-04
  2.8400000e+02	  2.1144698e-04	  3.5995830e-05	  1.8009863e-05	  1.2452087e-04
  2.8466667e+02	  2.0851109e-04	  3.5331203e-05	  1.7737741e-05	  1.2238618e-04
  2.8533333e+02	  2.0600061e-04	  3.5009204e-05	  1.7473649e-05	  1.2069919e-04
  2.8600000e+02	  2.0500568e-04	  3.4644305e-05	  1.7273146e-05	  1.1946563e-04
  2.8666667e+02	  2.0265447e-04	  3.4305393e-05	  1.6997438e-05	  1.1816567e-04
  2.8733333e+02	  2.0059797e-04	  3.3982550e-05	  1.6799626e-05	  1.1610050e-04
  2.8800000e+02	  1.9700980e-04	  3.3419836e-05	  1.6556346e-05	  1.1502507e-04
  2.8866667e+02	  1.9576542e-04	  3.3142995e-05	  1.6367991e-05	  1.1316795e-04
  2.8933333e+02	  1.9229747e-04	  3.2559544e-05	  1.6118647e-05	  1.1191655e-04
  2.9000000e+02	  1.8917474e-04	  3.2396467e-05	  1.5893135e-05	  1.1042475e-04
  2.9066667e+02	  1.8797347e-04	  3.1933260e-05	  1.5705360e-05	  1.0872666e-04
  2.9133333e+02	  1.8462729e-04	  3.1501611e-05	  1.5513416e-05	  1.0734763e-04
  2.9200000e+02	  1.8376773e-04	  3.1249535e-05	  1.5242506e-05	  1.0619923e-04
  2.9266667e+02	  1.8044048e-04	  3.0994910e-05	  1.5099325e-05	  1.0482113e-04
  2.9333333e+02	  1.7844766e-04	  3.0529460e-05	  1.4901932e-05	  1.0345188e-04
  2.9400000e+02	  1.7776070e-04	  3.0096149e-05	  1.4679875e-05	  1.0187326e-04
  2.9466667e+02	  1.7451786e-04	  2.9796176e-05	  1.4500966e-05	  1.0028730e-04
  2.9533333e+02	  1.7275334e-04	  2.9449760e-05	  1.4299548e-05	  9.9347258e-05
  2.9600000e+02	  1.7123519e-04	  2.9189072e-05	  1.4136052e-05	  9.7900475e-05
  2.9666667e+02	  1.6882564e-04	  2.8809131e-05	  1.3919703e-05	  9.6278746e-05
  2.9733333e+02	  1.6655614e-04	  2.8455040e-05	  1.3703183e-05	  9.5226733e-05
  2.9800000e+02	  1.6375445e-04	  2.8213777e-05	  1.3532190e-05	  9.4098308e-05
  2.9866667e+02	  1.6237549e-04	  2.7817372e-05	  1.3433585e-05	  9.2714156e-05
  2.9933333e+02	  1.6032510e-04	  2.7508087e-05	  1.3182388e-05	  9.1431973e-05
  3.0000000e+02	  1.5820165e-04	  2.7306810e-05	  1.3016714e-05	  9.0362626e-05
  3.0066667e+02	  1.5796903e-04	  2.6911874e-05	  1.2881974e-05	  8.9275791e-05
  3.0133333e+02	  1.5506043e-04	  2.6672629e-05	  1.2679280e-05	  8.7979251e-05
  3.0200000e+02	  1.5305373e-04	  2.6381725e-05	  1.2516219e-05	  8.6921695e-05
  3.0266667e+02	  1.5119206e-04	  2.6013053e-05	  1.2305398e-05	  8.5462975e-05
  3.0333333e+02	  1.4926694e-04	  2.5752391e-05	  1.2193184e-05	  8.4419512e-05
  3.0400000e+02	  1.4755701e-04	  2.5444760e-05	  1.2042949e-05	  8.3776467e-05
  3.0466667e+02	  1.4544261e-04	  2.5153245e-05	  1.1802242e-05	  8.2447469e-05
  3.0533333e+02	  1.4415054e-04	  2.4875450e-05	  1.1684986e-05	  8.1547490e-05
  3.0600000e+02	  1.4255074e-04	  2.4654597e-05	  1.1556459e-05	  8.0157476e-05
  3.0666667e+02	  1.4159744e-04	  2.4265080e-05	  1.1434073e-05	  7.9643766e-05
  3.0733333e+02	  1.3930615e-04	  2.4062096e-05	  1.1244733e-05	  7.8109014e-05
  3.0800000e+02	  1.3817989e-04	  2.3749905e-05	  1.1117101e-05	  7.7173876e-05
  3.0866667e+02	  1.3576456e-04	  2.3499414e-05	  1.0946980e-05	  7.6210775e-05
  3.0933333e+02	  1.3472129e-04	  2.3272270e-05	  1.0826270e-05	  7.5382179e-05
  3.1000000e+02	  1.3308540e-04	  2.2976718e-05	  1.0676140e-05	  7.4487067e-05
  3.1066667e+02	  1.3165627e-04	  2.2635195e-05	  1.0558460e-05	  7.3533890e-05
  3.1133333e+02	  1.2928053e-04	  2.2579227e-05	  1.0383490e-05	  7.2551115e-05
  3.1200000e+02	  1.2778642e-04	  2.2242585e-05	  1.0253827e-05	  7.1436389e-05
  3.1266667e+02	  1.2722145e-04	  2.1981421e-05	  1.0165964e-05	  7.0729293e-05
  3.1333333e+02	  1.2571548e-04	  2.1743771e-05	  9.9937550e-06	  6.9743252e-05
  3.1400000e+02	  1.2400203e-04	  2.1443259e-05	  9.8731955e-06	  6.8660321e-05
  3.1466667e+02	  1.2220955e-04	  2.1204774e-05	  9.7659150e-06	  6.7967606e-05
  3.1533333e+02	  1.2133126e-04	  2.1003080e-05	  9.6254032e-06	  6.6959439e-05
  3.1600000e+02	  1.1890659e-04	  2.0814876e-05	  9.4809794e-06	  6.6196924e-05
  3.1666667e+02	  1.1772246e-04	  2.0499558e-05	  9.3467491e-06	  6.5101956e-05
  3.1733333e+02	  1.1668549e-04	  2.0298467e-05	  9.2461899e-06	  6.4326296e-05
  3.1800000e+02	  1.1596077e-04	  2.0014567e-05	  9.1482739e-06	  6.3850532e-05
  3.1866667e+02	  1.1422049e-04	  1.9853570e-05	  9.0071605e-06	  6.2718248e-05
  3.1933333e+02	  1.1340345e-04	  1.9661704e-05	  8.9039391e-06	  6.2128719e-05
  3.2000000e+02	  1.1141504e-04	  1.9395506e-05	  8.7749961e-06	  6.1016443e-05
  3.2066667e+02	  1.1019750e-04	  1.9253096e-05	  8.6798526e-06	  6.0512980e-05
  3.2133333e+02	  1.0905031e-04	  1.9059498e-05	  8.5539964e-06	  5.9686118e-05
  3.2200000e+02	  1.0811148e-04	  1.8779612e-05	  8.4542331e-06	  5.8931110e-05
  3.2266667e+02	  1.0656031e-04	  1.8622522e-05	  8.3443469e-06	  5.8163842e-05
  3.2333333e+02	  1.0535008e-04	  1.8334455e-05	  8.2360970e-06	  5.7413477e-05
  3.2400000e+02	  1.0425708e-04	  1.8199334e-05	  8.1342855e-06	  5.6495075e-05
  3.2466667e+02	  1.0327295e-04	  1.7875683e-05	  8.0407018e-06	  5.5800126e-05
  3.2533333e+02	  1.0158482e-04	  1.7760967e-05	  7.9125258e-06	  5.4958701e-05
  3.2600000e+02	  1.0073382e-04	  1.7523147e-05	  7.8392944e-06	  5.4437298e-05
  3.2666667e+02	  9.9415030e-05	  1.7254940e-05	  7.6912541e-06	  5.3639109e-05
  3.2733333e+02	  9.8291299e-05	  1.7210860e-05	  7.6037415e-06	  5.2969563e-05
  3.2800000e+02	  9.6997761e-05	  1.6966938e-05	  7.5258419e-06	  5.2162586e-05
  3.2866667e+02	  9.6590075e-05	  1.6825714e-05	  7.4234157e-06	  5.1654189e-05
  3.2933333e+02	  9.5536082e-05	  1.6531790e-05	  7.3425604e-06	  5.0993364e-05
  3.3000000e+02	  9.3609871e-05	  1.6378211e-05	  7.2401148e-06	  5.0383785e-05
  3.3066667e+02	  9.2510596e-05	  1.6266122e-05	  7.1672319e-06	  4.9787715e-05
  3.3133333e+02	  9.1778466e-05	  1.6095202e-05	  7.0805555e-06	  4.9135601e-05
  3.3200000e+02	  9.0389071e-05	  1.5900885e-05	  6.9674620e-06	  4.8321838e-05
  3.3266667e+02	  8.9896940e-05	  1.5764443e-05	  6.8852979e-06	  4.7804879e-05
  3.3333333e+02	  8.8336008e-05	  1.5522002e-05	  6.7904334e-06	  4.7197395e-05
  3.3400000e+02	  8.7818435e-05	  1.5302025e-05	  6.7193746e-06	  4.6576775e-05
  3.3466667e+02	  8.6863300e-05	  1.5152223e-05	  6.6352518e-06	  4.6007336e-05
  3.3533333e+02	  8.5514863e-05	  1.4995065e-05	  6.5487935e-06	  4.5448814e-05
  3.3600000e+02	  8.4223921e-05	  1.4831378e-05	  6.4599010e-06	  4.4839243e-05
  3.3666667e+02	  8.4153213e-05	  1.4659950e-05	  6.3850117e-06	  4.4296656e-05
  3.3733333e+02	  8.2999363e-05	  1.4506387e-05	  6.3113846e-06	  4.3553663e-05
  3.3800000e+02	  8.1900825e-05	  1.4358246e-05	  6.2205658e-06	  4.3289862e-05
  3.3866667e+02	  8.1293780e-05	  1.4296342e-05	  6.1768873e-06	  4.2763089e-05
  3.3933333e+02	  8.0438032e-05	  1.4091955e-05	  6.0741514e-06	  4.2085379e-05
  3.4000000e+02	  7.9243734e-05	  1.3928662e-05	  5.9998536e-06	  4.1514037e-05
  3.4066667e+02	  7.8607242e-05	  1.3747038e-05	  5.9200086e-06	  4.1037742e-05
  3.4133333e+02	  7.7500897e-05	  1.3580860e-05	  5.8679790e-06	  4.0539034e-05
  3.4200000e+02	  7.6938190e-05	  1.3475639e-05	  5.7862147e-06	  4.0109945e-05
  3.4266667e+02	  7.5766282e-05	  1.3300231e-05	  5.7137958e-06	  3.9589946e-05
  3.4333333e+02	  7.4898903e-05	  1.3181989e-05	  5.6389378e-06	  3.9054760e-05
  3.4400000e+02	  7.4181604e-05	  1.3040028e-05	  5.5881315e-06	  3.8503446e-05
  3.4466667e+02	  7.3143049e-05	  1.2890485e-05	  5.4994458e-06	  3.7991832e-05
  3.4533333e+02	  7.2270438e-05	  1.2753868e-05	  5.4426449e-06	  3.7625303e-05
  3.4600000e+02	  7.1482999e-05	  1.2587399e-05	  5.3841475e-06	  3.7001024e-05
  3.4666667e+02	  7.1053736e-05	  1.2475985e-05	  5.3072161e-06	  3.6629472e-05
  3.4733333e+02	  7.0421086e-05	  1.2317021e-05	  5.2480797e-06	  3.6103929e-05
  3.4800000e+02	  6.9595142e-05	  1.2186413e-05	  5.1876057e-06	  3.5709563e-05
  3.4866667e+02	  6.8608881e-05	  1.2076199e-05	  5.1195589e-06	  3.5193387e-05
  3.4933333e+02	  6.8213973e-05	  1.1913033e-05	  5.0597053e-06	  3.4791960e-05
  3.5000000e+02	  6.7060633e-05	  1.1806266e-05	  5.0106532e-06	  3.4468718e-05
  3.5066667e+02	  6.6680468e-05	  1.1701544e-05	  4.9343969e-06	  3.4010865e-05
  3.5133333e+02	  6.5669145e-05	  1.1532810e-05	  4.8688798e-06	  3.3499880e-05
  3.5200000e+02	  6.5156384e-05	  1.1389745e-05	  4.8220486e-06	  3.3071766e-05
  3.5266667e+02	  6.4327890e-05	  1.1308382e-05	  4.7656930e-06	  3.2674838e-05
  3.5333333e+02	  6.3633433e-05	  1.1173359e-05	  4.7128341e-06	  3.2314971e-05
  3.5400000e+02	  6.2748326e-05	  1.1025190e-05	  4.6443438e-06	  3.1821924e-05
  3.5466667e+02	  6.2408259e-05	  1.0932208e-05	  4.5945443e-06	  3.1423081e-05
  3.5533333e+02	  6.1290514e-05	  1.0815508e-05	  4.5392935e-06	  3.0966921e-05
  3.5600000e+02	  6.0882935e-05	  1.0661220e-05	  4.4910762e-06	  3.0661270e-05
  3.5666667e+02	  6.0040436e-05	  1.0564097e-05	  4.4218353e-06	  3.0193348e-05
  3.5733333e+02	  5.9487255e-05	  1.0465636e-05	  4.3712594e-06	  2.9928899e-05
  3.5800000e+02	  5.8850001e-05	  1.0354665e-05	  4.3187025e-06	  2.9533737e-05
  3.5866667e+02	  5.8188761e-05	  1.0234143e-05	  4.2808383e-06	  2.9228541e-05
  3.5933333e+02	  5.7526846e-05	  1.0103872e-05	  4.2164033e-06	  2.8790630e-05
  3.6000000e+02	  5.7151183e-05	  1.0001591e-05	  4.1715782e-06	  2.8374955e-05
  3.6066667e+02	  5.6519643e-05	  9.9392507e-06	  4.1263978e-06	  2.8040673e-05
  3.6133333e+02	  5.5815288e-05	  9.7974454e-06	  4.0789687e-06	  2.7618063e-05
  3.6200000e+02	  5.5339573e-05	  9.6860440e-06	  4.0299121e-06	  2.7352083e-05
  3.6266667e+02	  5.4561839e-05	  9.5978925e-06	  3.9696966e-06	  2.6866253e-05
  3.6333333e+02	  5.4128789e-05	  9.4763166e-06	  3.9285232e-06	  2.6684823e-05
  3.6400000e+02	  5.3588352e-05	  9.3834618e-06	  3.8842205e-06	  2.6320886e-05
  3.6466667e+02	  5.3131083e-05	  9.2660111e-06	  3.8415099e-06	  2.6033229e-05
  3.6533333e+02	  5.2399066e-05	  9.1875170e-06	  3.8003813e-06	  2.5653904e-05
  3.6600000e+02	  5.1854317e-05	  9.0893215e-06	  3.7386594e-06	  2.5276479e-05
  3.6666667e+02	  5.1157620e-05	  8.9659877e-06	  3.7089404e-06	  2.5024462e-05
  3.6733333e+02	  5.0670291e-05	  8.9345747e-06	  3.6770193e-06	  2.4661429e-05
  3.6800000e+02	  5.0370329e-05	  8.7932138e-06	  3.6150935e-06	  2.4355401e-05
  3.6866667e+02	  4.9744452e-05	  8.7000568e-06	  3.5768993e-06	  2.4109343e-05
  3.6933333e+02	  4.8969265e-05	  8.6356453e-06	  3.5450713e-06	  2.3908352e-05
  3.7000000e+02	  4.8775287e-05	  8.5330449e-06	  3.5082691e-06	  2.3608668e-05
  3.7066667e+02	  4.8080013e-05	  8.4490732e-06	  3.4639712e-06	  2.3243386e-05
  3.7133333e+02	  4.7505177e-05	  8.3436510e-06	  3.4252030e-06	  2.2958246e-05
  3.7200000e+02	  4.7035685e-05	  8.2689838e-06	  3.3808074e-06	  2.2567976e-05
  3.7266667e+02	  4.6296837e-05	  8.2116870e-06	  3.3403994e-06	  2.2367376e-05
  3.7333333e+02	  4.6036501e-05	  8.0736999e-06	  3.3118210e-06	  2.2095098e-05
  3.7400000e+02	  4.5681005e-05	  8.0079082e-06	  3.2706496e-06	  2.1839526e-05
  3.7466667e+02	  4.5363033e-05	  7.9272403e-06	  3.2377739e-06	  2.1580541e-05
  3.7533333e+02	  4.4724963e-05	  7.8184114e-06	  3.1949971e-06	  2.1242876e-05
  3.7600000e+02	  4.3975576e-05	  7.7296743e-06	  3.1534939e-06	  2.1059335e-05
  3.7666667e+02	  4.3865633e-05	  7.6912159e-06	  3.1218825e-06	  2.0744544e-05
  3.7733333e+02	  4.3380679e-05	  7.5803741e-06	  3.0893782e-06	  2.0480382e-05
  3.7800000e+02	  4.2779837e-05	  7.5263580e-06	  3.0639475e-06	  2.0218194e-05
  3.7866667e+02	  4.2421494e-05	  7.4190224e-06	  3.0185613e-06	  2.0028770e-05
  3.7933333e+02	  4.1977089e-05	  7.3808611e-06	  2.9972861e-06	  1.9751809e-05
  3.8000000e+02	  4.1716687e-05	  7.2876470e-06	  2.9547617e-06	  1.9450232e-05
  3.8066667e+02	  4.1186183e-05	  7.1972245e-06	  2.9274258e-06	  1.9261240e-05
  3.8133333e+02	  4.0783178e-05	  7.1419800e-06	  2.8818485e-06	  1.9011904e-05
  3.8200000e+02	  4.0182750e-05	  7.0696599e-06	  2.8497967e-06	  1.8812272e-05
  3.8266667e+02	  4.0051121e-05	  6.9934330e-06	  2.8318967e-06	  1.8575004e-05
  3.8333333e+02	  3.9550656e-05	  6.9169285e-06	  2.7937696e-06	  1.8347713e-05
  3.8400000e+02	  3.9133908e-05	  6.8465019e-06	  2.7653338e-06	  1.8122962e-05
  3.8466667e+02	  3.8745621e-05	  6.7861994e-06	  2.7325697e-06	  1.7856854e-05
  3.8533333e+02	  3.8476335e-05	  6.6937056e-06	  2.7063761e-06	  1.7635570e-05
  3.8600000e+02	  3.8162816e-05	  6.6557792e-06	  2.6751835e-06	  1.7441646e-05
  3.8666667e+02	  3.7589086e-05	  6.5744882e-06	  2.6465477e-06	  1.7218761e-05
  3.8733333e+02	  3.7293216e-05	  6.5131649e-06	  2.6198836e-06	  1.6954415e-05
  3.8800000e+02	  3.6934523e-05	  6.4390292e-06	  2.5940011e-06	  1.6807399e-05
  3.8866667e+02	  3.6653238e-05	  6.3763911e-06	  2.5661261e-06	  1.6583448e-05
  3.8933333e+02	  3.6306012e-05	  6.3189061e-06	  2.5365844e-06	  1.6367552e-05
  3.9000000e+02	  3.5866861e-05	  6.2492289e-06	  2.5065082e-06	  1.6182157e-05
  3.9066667e+02	  3.5472140e-05	  6.1758058e-06	  2.4841315e-06	  1.6021400e-05
  3.9133333e+02	  3.5091284e-05	  6.1043162e-06	  2.4550847e-06	  1.5817714e-05
  3.9200000e+02	  3.4827669e-05	  6.0712976e-06	  2.4356365e-06	  1.5613445e-05
  3.9266667e+02	  3.4606843e-05	  5.9936570e-06	  2.4074467e-06	  1.5377249e-05
  3.9333333e+02	  3.4157714e-05	  5.9344532e-06	  2.3843580e-06	  1.5222021e-05
  3.9400000e+02	  3.3670111e-05	  5.8847104e-06	  2.3555338e-06	  1.4986336e-05
  3.9466667e+02	  3.3418274e-05	  5.8243914e-06	  2.3312190e-06	  1.4838186e-05
  3.9533333e+02	  3.3182103e-05	  5.7875643e-06	  2.3077935e-06	  1.4679067e-05
  3.9600000e+02	  3.2852101e-05	  5.7071237e-06	  2.2912829e-06	  1.4490950e-05
  3.9666667e+02	  3.2751514e-05	  5.6666550e-06	  2.2634094e-06	  1.4290951e-05
  3.9733333e+02	  3.2303181e-05	  5.5930560e-06	  2.2361426e-06	  1.4069642e-05
  3.9800000e+02	  3.2001282e-05	  5.5462678e-06	  2.2179231e-06	  1.3970882e-05
  3.9866667e+02	  3.1711950e-05	  5.5025235e-06	  2.1895235e-06	  1.3785257e-05
  3.9933333e+02	  3.1387657e-05	  5.4266026e-06	  2.1695527e-06	  1.3597701e-05
  4.0000000e+02	  3.1166267e-05	  5.3919833e-06	  2.1507702e-06	  1.3482871e-05
  4.0066667e+02	  3.0876117e-05	  5.3275667e-06	  2.1242559e-06	  1.3273459e-05
  4.0133333e+02	  3.0529647e-05	  5.2900026e-06	  2.1061060e-06	  1.3130264e-05
  4.0200000e+02	  3.0140289e-05	  5.2230227e-06	  2.0827879e-06	  1.2957329e-05
  4.0266667e+02	  2.9913452e-05	  5.1704676e-06	  2.0570117e-06	  1.2790115e-05
  4.0333333e+02	  2.9646665e-05	  5.1292656e-06	  2.0425109e-06	  1.2664830e-05
  4.0400000e+02	  2.9479729e-05	  5.0768274e-06	  2.0182539e-06	  1.2500486e-05
  4.0466667e+02	  2.9154966e-05	  5.0256451e-06	  2.0008492e-06	  1.2303759e-05
  4.0533333e+02	  2.8957007e-05	  4.9837860e-06	  1.9830812e-06	  1.2202387e-05
  4.0600000e+02	  2.8642432e-05	  4.9267194e-06	  1.9627460e-06	  1.2061842e-05
  4.0666667e+02	  2.8300396e-05	  4.9049139e-06	  1.9460460e-06	  1.1871932e-05
  4.0733333e+02	  2.8198119e-05	  4.8335632e-06	  1.9263584e-06	  1.1762565e-05
  4.0800000e+02	  2.7933591e-05	  4.8013840e-06	  1.9109230e-06	  1.1625815e-05
  4.0866667e+02	  2.7605915e-05	  4.7544687e-06	  1.8894707e-06	  1.1472172e-05
  4.0933333e+02	  2.7342598e-05	  4.7072317e-06	  1.8701441e-06	  1.1348799e-05
  4.1000000e+02	  2.7117872e-05	  4.6656699e-06	  1.8514423e-06	  1.1188363e-05
  4.1066667e+02	  2.6862295e-05	  4.6278755e-06	  1.8332812e-06	  1.1048723e-05
  4.1133333e+02	  2.6608688e-05	  4.5826761e-06	  1.8195217e-06	  1.0933204e-05
  4.1200000e+02	  2.6504199e-05	  4.5362060e-06	  1.8057639e-06	  1.0795774e-05
  4.1266667e+02	  2.6290109e-05	  4.4960424e-06	  1.7828197e-06	  1.0676889e-05
  4.1333333e+02	  2.6020604e-05	  4.4584557e-06	  1.7669177e-06	  1.0505297e-05
  4.1400000e+02	  2.5853926e-05	  4.4186347e-06	  1.7510161e-06	  1.0403469e-05
  4.1466667e+02	  2.5533046e-05	  4.3753455e-06	  1.7281796e-06	  1.0277255e-05
  4.1533333e+02	  2.5323145e-05	  4.3290295e-06	  1.7134772e-06	  1.0124606e-05
  4.1600000e+02	  2.5190946e-05	  4.2971213e-06	  1.7047470e-06	  1.0030118e-05
  4.1666667e+02	  2.4878317e-05	  4.2459728e-06	  1.6873435e-06	  9.9275846e-06
  4.1733333e+02	  2.4725067e-05	  4.2238528e-06	  1.6754092e-06	  9.8144333e-06
  4.1800000e+02	  2.4639189e-05	  4.1872198e-06	  1.6561642e-06	  9.6684964e-06
  4.1866667e+02	  2.4372795e-05	  4.1436884e-06	  1.6433294e-06	  9.5369392e-06
  4.1933333e+02	  2.4174189e-05	  4.1233359e-06	  1.6250333e-06	  9.4297258e-06
  4.2000000e+02	  2.3911860e-05	  4.0749842e-06	  1.6153459e-06	  9.3102159e-06
  4.2066667e+02	  2.3759776e-05	  4.0235702e-06	  1.6025349e-06	  9.1953946e-06
  4.2133333e+02	  2.3600125e-05	  3.9959754e-06	  1.5854141e-06	  9.0998824e-06
  4.2200000e+02	  2.3406689e-05	  3.9710993e-06	  1.5723298e-06	  8.9793722e-06
  4.2266667e+02	  2.3224023e-05	  3.9274552e-06	  1.5577768e-06	  8.8774007e-06
  4.2333333e+02	  2.3012589e-05	  3.8855705e-06	  1.5409623e-06	  8.7842822e-06
  4.2400000e+02	  2.2882714e-05	  3.8603237e-06	  1.5347406e-06	  8.6719082e-06
  4.2466667e+02	  2.2692034e-05	  3.8443407e-06	  1.5190574e-06	  8.5842996e-06
  4.2533333e+02	  2.2535445e-05	  3.7914069e-06	  1.5049886e-06	  8.4756873e-06
  4.2600000e+02	  2.2373743e-05	  3.7748243e-06	  1.4961448e-06	  8.3449927e-06
  4.2666667e+02	  2.2189729e-05	  3.7268686e-06	  1.4774794e-06	  8.2710346e-06
  4.2733333e+02	  2.2032793e-05	  3.7135026e-06	  1.4655550e-06	  8.1527991e-06
  4.2800000e+02	  2.1885243e-05	  3.6723651e-06	  1.4554067e-06	  8.0516978e-06
  4.2866667e+02	  2.1633179e-05	  3.6448477e-06	  1.4475010e-06	  7.9735730e-06
  4.2933333e+02	  2.1522098e-05	  3.6180970e-06	  1.4335709e-06	  7.8688963e-06
  4.3000000e+02	  2.1426643e-05	  3.5840587e-06	  1.4177505e-06	  7.7789748e-06
  4.3066667e+02	  2.1200798e-05	  3.5520017e-06	  1.4091464e-06	  7.6761194e-06
  4.3133333e+02	  2.1061650e-05	  3.5359675e-06	  1.3983316e-06	  7.5953587e-06
  4.3200000e+02	  2.0966410e-05	  3.5007771e-06	  1.3877072e-06	  7.5150732e-06
  4.3266667e+02	  2.0777256e-05	  3.4777106e-06	  1.3770899e-06	  7.3969943e-06
  4.3333333e+02	  2.0628345e-05	  3.4474641e-06	  1.3624153e-06	  7.3180785e-06
  4.3400000e+02	  2.0494215e-05	  3.4167748e-06	  1.3545738e-06	  7.2171989e-06
  4.3466667e+02	  2.0418588e-05	  3.3811609e-06	  1.3441740e-06	  7.1533105e-06
  4.3533333e+02	  2.0332930e-05	  3.3743142e-06	  1.3360975e-06	  7.0789233e-06
  4.3600000e+02	  2.0099058e-05	  3.3396275e-06	  1.3275678e-06	  6.9866378e-06
  4.3666667e+02	  2.0012860e-05	  3.3054304e-06	  1.3153617e-06	  6.8997191e-06
  4.3733333e+02	  1.9861068e-05	  3.2807476e-06	  1.3034769e-06	  6.8268151e-06
  4.3800000e+02	  1.9773635e-05	  3.2607724e-06	  1.2947838e-06	  6.7406193e-06
  4.3866667e+02	  1.9572884e-05	  3.2429540e-06	  1.2840616e-06	  6.6531699e-06
  4.3933333e+02	  1.9473418e-05	  3.2164506e-06	  1.2747147e-06	  6.5879612e-06
  4.4000000e+02	  1.9313321e-05	  3.1964343e-06	  1.2639901e-06	  6.5018720e-06
  4.4066667e+02	  1.9226541e-05	  3.1629588e-06	  1.2566088e-06	  6.4207196e-06
  4.4133333e+02	  1.9222971e-05	  3.1388541e-06	  1.2487120e-06	  6.3420351e-06
  4.4200000e+02	  1.9023705e-05	  3.1247397e-06	  1.2366742e-06	  6.2887251e-06
  4.4266667e+02	  1.8897543e-05	  3.0944116e-06	  1.2298192e-06	  6.1950011e-06
  4.4333333e+02	  1.8775799e-05	  3.0708480e-06	  1.2209413e-06	  6.1245707e-06
  4.4400000e+02	  1.8701029e-05	  3.0528250e-06	  1.2107622e-06	  6.0715059e-06
  4.4466667e+02	  1.8549680e-05	  3.0320733e-06	  1.2049418e-06	  5.9844904e-06
  4.4533333e+02	  1.8493111e-05	  3.0084571e-06	  1.1950190e-06	  5.9106211e-06
  4.4600000e+02	  1.8410753e-05	  2.9871898e-06	  1.1876946e-06	  5.8369075e-06
  4.4666667e+02	  1.8261785e-05	  2.9738214e-06	  1.1796343e-06	  5.7811301e-06
  4.4733333e+02	  1.8216695e-05	  2.9447646e-06	  1.1686538e-06	  5.7073366e-06
  4.4800000e+02	  1.8069551e-05	  2.9291317e-06	  1.1628089e-06	  5.6459951e-06
  4.4866667e+02	  1.8010448e-05	  2.9129809e-06	  1.1542192e-06	  5.5700751e-06
  4.4933333e+02	  1.7868899e-05	  2.8909272e-06	  1.1465547e-06	  5.5214266e-06
  4.5000000e+02	  1.7851901e-05	  2.8788834e-06	  1.1432895e-06	  5.4479154e-06
  4.5066667e+02	  1.7716213e-05	  2.8511282e-06	  1.1343576e-06	  5.3756451e-06
  4.5133333e+02	  1.7614588e-05	  2.8277073e-06	  1.1243472e-06	  5.3158311e-06
  4.5200000e+02	  1.7525913e-05	  2.8105596e-06	  1.1164004e-06	  5.2550329e-06
  4.5266667e+02	  1.7456392e-05	  2.7959177e-06	  1.1109901e-06	  5.1915408e-06
  4.5333333e+02	  1.7290669e-05	  2.7667806e-06	  1.1021485e-06	  5.1152211e-06
  4.5400000e+02	  1.7263151e-05	  2.7561649e-06	  1.0963996e-06	  5.0802097e-06
  4.5466667e+02	  1.7157480e-05	  2.7443768e-06	  1.0888985e-06	  5.0150260e-06
  4.5533333e+02	  1.7100399e-05	  2.7309826e-06	  1.0829254e-06	  4.9572214e-06
  4.5600000e+02	  1.7000493e-05	  2.7070269e-06	  1.0741761e-06	  4.9063438e-06
  4.5666667e+02	  1.6905579e-05	  2.6915928e-06	  1.0674701e-06	  4.8487758e-06
  4.5733333e+02	  1.6855292e-05	  2.6744370e-06	  1.0609174e-06	  4.7927826e-06
  4.5800000e+02	  1.6774208e-05	  2.6562879e-06	  1.0533013e-06	  4.7301019e-06
  4.5866667e+02	  1.6738537e-05	  2.6373974e-06	  1.0476624e-06	  4.6758920e-06
  4.5933333e+02	  1.6639967e-05	  2.6259362e-06	  1.0413311e-06	  4.6207130e-06
  4.6000000e+02	  1.6564685e-05	  2.6108332e-06	  1.0347076e-06	  4.5704496e-06
  4.6066667e+02	  1.6490519e-05	  2.5899672e-06	  1.0291334e-06	  4.5329852e-06
  4.6133333e+02	  1.6411640e-05	  2.5890907e-06	  1.0212511e-06	  4.4741833e-06
  4.6200000e+02	  1.6304557e-05	  2.5659532e-06	  1.0151708e-06	  4.4224261e-06
  4.6266667e+02	  1.6280828e-05	  2.5472276e-06	  1.0118969e-06	  4.3713154e-06
  4.6333333e+02	  1.6196386e-05	  2.5273681e-06	  1.0031927e-06	  4.3164300e-06
  4.6400000e+02	  1.6145802e-05	  2.5131630e-06	  9.9733335e-07	  4.2648127e-06
  4.6466667e+02	  1.6042672e-05	  2.4945627e-06	  9.9069731e-07	  4.2156943e-06
  4.6533333e+02	  1.6006928e-05	  2.4938114e-06	  9.8526934e-07	  4.1742115e-06
  4.6600000e+02	  1.5925852e-05	  2.4783590e-06	  9.7979163e-07	  4.1256811e-06
  4.6666667e+02	  1.5860402e-05	  2.4608117e-06	  9.7440590e-07	  4.0757034e-06
  4.6733333e+02	  1.5816073e-05	  2.4439598e-06	  9.6726401e-07	  4.0308733e-06
  4.6800000e+02	  1.5725041e-05	  2.4336610e-06	  9.6143098e-07	  3.9956527e-06
  4.6866667e+02	  1.5623189e-05	  2.4131071e-06	  9.5421827e-07	  3.9369929e-06
  4.6933333e+02	  1.5586177e-05	  2.4038125e-06	  9.5004300e-07	  3.8948137e-06
  4.7000000e+02	  1.5481951e-05	  2.3824945e-06	  9.4218427e-07	  3.8518087e-06
  4.7066667e+02	  1.5431274e-05	  2.3666253e-06	  9.3754362e-07	  3.8088507e-06
  4.7133333e+02	  1.5387730e-05	  2.3583861e-06	  9.3360322e-07	  3.7777597e-06
  4.7200000e+02	  1.5325497e-05	  2.3459034e-06	  9.2863743e-07	  3.7297894e-06
  4.7266667e+02	  1.5240699e-05	  2.3293926e-06	  9.1809848e-07	  3.6834400e-06
  4.7333333e+02	  1.5162665e-05	  2.3157273e-06	  9.1645093e-07	  3.6496316e-06
  4.7400000e+02	  1.5134686e-05	  2.3035523e-06	  9.0917456e-07	  3.6117580e-06
  4.7466667e+02	  1.5075615e-05	  2.2869977e-06	  9.0445172e-07	  3.5633185e-06
  4.7533333e+02	  1.5050988e-05	  2.2759801e-06	  8.9794049e-07	  3.5145638e-06
  4.7600000e+02	  1.4940864e-05	  2.2624266e-06	  8.9128520e-07	  3.4856243e-06
  4.7666667e+02	  1.4892750e-05	  2.2557144e-06	  8.8636000e-07	  3.4538081e-06
  4.7733333e+02	  1.4789035e-05	  2.2324223e-06	  8.7969742e-07	  3.4021541e-06
  4.7800000e+02	  1.4735450e-05	  2.2171640e-06	  8.7537756e-07	  3.3665465e-06
  4.7866667e+02	  1.4657075e-05	  2.2098801e-06	  8.6986439e-07	  3.3395656e-06
  4.7933333e+02	  1.4614314e-05	  2.1971400e-06	  8.6429434e-07	  3.3013370e-06
  4.8000000e+02	  1.4536202e-05	  2.1848655e-06	  8.5808656e-07	  3.2587299e-06
  4.8066667e+02	  1.4477294e-05	  2.1653577e-06	  8.5143345e-07	  3.2164991e-06
  4.8133333e+02	  1.4396140e-05	  2.1512965e-06	  8.4454260e-07	  3.1867575e-06
  4.8200000e+02	  1.4358475e-05	  2.1440234e-06	  8.4125241e-07	  3.1550867e-06
  4.8266667e+02	  1.4227222e-05	  2.1248296e-06	  8.3195849e-07	  3.1101805e-06
  4.8333333e+02	  1.4155223e-05	  2.1104754e-06	  8.2660430e-07	  3.0709007e-06
  4.8400000e+02	  1.4062817e-05	  2.0937595e-06	  8.2225122e-07	  3.0495434e-06
  4.8466667e+02	  1.4029729e-05	  2.0916213e-06	  8.1839473e-07	  3.0052350e-06
  4.8533333e+02	  1.3969730e-05	  2.0635688e-06	  8.1043875e-07	  2.9731989e-06
  4.8600000e+02	  1.3834154e-05	  2.0557764e-06	  8.0338641e-07	  2.9450707e-06
  4.8666667e+02	  1.3798790e-05	  2.0452473e-06	  7.9679680e-07	  2.9111863e-06
  4.8733333e+02	  1.3704564e-05	  2.0242989e-06	  7.9028422e-07	  2.8770497e-06
  4.8800000e+02	  1.3628580e-05	  2.0089029e-06	  7.8389519e-07	  2.8499456e-06
  4.8866667e+02	  1.3553277e-05	  1.9982857e-06	  7.7912575e-07	  2.8150694e-06
  4.8933333e+02	  1.3436932e-05	  1.9802115e-06	  7.7079627e-07	  2.7831236e-06
  4.9000000e+02	  1.3364106e-05	  1.9622586e-06	  7.6479019e-07	  2.7540935e-06
  4.9066667e+02	  1.3258423e-05	  1.9583449e-06	  7.5980195e-07	  2.7165003e-06
  4.9133333e+02	  1.3172955e-05	  1.9361605e-06	  7.5412627e-07	  2.6897590e-06
  4.9200000e+02	  1.3116960e-05	  1.9270911e-06	  7.4674069e-07	  2.6589483e-06
  4.9266667e+02	  1.3030769e-05	  1.9074659e-06	  7.4004366e-07	  2.6289262e-06
  4.9333333e+02	  1.2899877e-05	  1.8916565e-06	  7.3207627e-07	  2.6054862e-06
  4.9400000e+02	  1.2813878e-05	  1.8738795e-06	  7.2512423e-07	  2.5687251e-06
  4.9466667e+02	  1.2711812e-05	  1.8585306e-06	  7.1816726e-07	  2.5422796e-06
  4.9533333e+02	  1.2617876e-05	  1.8392661e-06	  7.1160256e-07	  2.5133517e-06
  4.9600000e+02	  1.2502825e-05	  1.8245727e-06	  7.0395057e-07	  2.4856038e-06
  4.9666667e+02	  1.2399723e-05	  1.8108331e-06	  6.9668488e-07	  2.4599716e-06
  4.9733333e+02	  1.2317893e-05	  1.7970046e-06	  6.8936037e-07	  2.4293095e-06
  4.9800000e+02	  1.2188171e-05	  1.7732858e-06	  6.8093179e-07	  2.4012028e-06
  4.9866667e+02	  1.2094448e-05	  1.7517146e-06	  6.7310370e-07	  2.3695758e-06
  4.9933333e+02	  1.1972455e-05	  1.7344229e-06	  6.6636072e-07	  2.3445031e-06
  5.0000000e+02	  1.1869966e-05	  1.7167614e-06	  6.5717419e-07	  2.3184628e-06
  5.0066667e+02	  1.1742392e-05	  1.6963309e-06	  6.5027859e-07	  2.2920261e-06
  5.0133333e+02	  1.1610174e-05	  1.6775471e-06	  6.4271338e-07	  2.2623238e-06
  5.0200000e+02	  1.1447867e-05	  1.6564388e-06	  6.3280970e-07	  2.2362464e-06
  5.0266667e+02	  1.1395709e-05	  1.6385355e-06	  6.2619188e-07	  2.2119170e-06
  5.0333333e+02	  1.1245008e-05	  1.6177411e-06	  6.1779523e-07	  2.1841816e-06
  5.0400000e+02	  1.1080827e-05	  1.5922264e-06	  6.0865941e-07	  2.1542369e-06
  5.0466667e+02	  1.0921374e-05	  1.5773753e-06	  5.9874979e-07	  2.1319310e-06
  5.0533333e+02	  1.0800330e-05	  1.5485641e-06	  5.8941582e-07	  2.1059083e-06
  5.0600000e+02	  1.0645292e-05	  1.5255095e-06	  5.8037450e-07	  2.0844248e-06
  5.0666667e+02	  1.0565583e-05	  1.5052749e-06	  5.7297709e-07	  2.0557364e-06
  5.0733333e+02	  1.0348694e-05	  1.4804715e-06	  5.6165858e-07	  2.0279183e-06
  5.0800000e+02	  1.0202813e-05	  1.4543994e-06	  5.5040803e-07	  2.0043956e-06
  5.0866667e+02	  1.0046118e-05	  1.4326427e-06	  5.4278118e-07	  1.9748904e-06
  5.0933333e+02	  9.9551064e-06	  1.4179094e-06	  5.3643772e-07	  1.9514222e-06
  5.1000000e+02	  9.8673107e-06	  1.3976731e-06	  5.2972360e-07	  1.9283663e-06
  5.1066667e+02	  9.7719933e-06	  1.3888974e-06	  5.2393073e-07	  1.9050502e-06
  5.1133333e+02	  9.7014498e-06	  1.3773082e-06	  5.1895176e-07	  1.8868499e-06
